000002 0.240 472.2 269.4 713.9 523.9
000011 0.304 222.0 252.5 360.5 422.7
000012 0.521 42.6 203.4 222.7 517.1
000012 0.181 548.5 243.9 701.7 519.4
000012 0.131 108.5 235.6 427.2 519.5
000013 0.672 614.6 327.3 721.0 520.4
000013 0.326 82.3 170.6 223.2 316.9
000013 0.198 5.4 139.3 56.8 504.3
000013 0.151 27.6 190.1 121.5 297.8
000013 0.130 604.7 347.6 666.1 448.8
000015 0.570 25.1 136.9 244.1 290.6
000015 0.119 656.1 414.1 730.0 530.0
000020 0.827 263.1 280.1 600.0 530.0
000021 0.896 1.0 280.3 240.5 530.0
000037 0.304 1.0 172.5 128.8 342.0
000037 0.287 434.3 149.9 659.5 270.3
000321 0.100 328.3 53.2 456.2 169.6
000380 0.168 21.5 63.5 209.0 490.6
000387 0.258 540.6 241.6 727.2 522.5
000411 0.264 307.3 194.1 522.8 430.5
000411 0.103 318.0 263.2 399.1 413.2
000412 0.116 651.8 192.7 729.6 335.7
000457 0.124 560.9 80.1 716.1 353.0
000662 0.340 632.7 277.0 724.1 391.5
000662 0.116 579.5 210.8 713.8 438.3
000673 0.213 684.2 148.1 730.0 340.0
000714 0.316 530.5 289.9 721.0 530.0
000765 0.203 572.0 351.8 721.6 524.6
000781 0.489 186.8 99.6 302.5 232.4
000781 0.443 532.5 192.1 720.0 440.7
000786 0.706 484.3 139.6 631.0 315.3
000786 0.307 488.6 187.4 606.8 242.1
000786 0.293 3.0 138.9 146.6 385.5
000786 0.153 492.1 160.3 593.7 210.5
000790 0.806 614.8 106.2 723.0 394.5
000790 0.540 52.9 62.0 225.0 342.0
000792 0.614 408.9 75.7 512.3 221.9
000796 0.377 18.1 45.3 202.1 384.5
000796 0.357 581.3 74.5 715.5 412.5
000807 0.620 2.1 52.0 131.6 525.9
000826 0.108 42.3 181.5 208.0 402.6
000840 0.817 608.2 285.1 728.1 530.0
000840 0.500 186.5 133.2 297.5 238.4
000840 0.153 576.8 145.8 722.6 357.5
000841 0.879 39.5 83.3 247.7 516.0
000842 0.104 640.2 202.8 727.7 491.4
000846 0.555 482.6 229.5 709.1 504.0
000846 0.140 637.5 234.9 723.4 521.8
000851 0.479 52.4 213.3 236.2 525.0
000851 0.183 541.7 181.1 720.7 296.1
000851 0.153 399.1 196.3 482.1 306.2
000854 0.257 380.6 144.7 451.8 286.8
000854 0.180 284.7 159.4 435.2 273.7
000871 0.187 466.0 117.8 682.8 504.6
000878 0.116 632.1 266.6 723.6 369.3
000905 0.472 534.3 274.9 615.6 329.1
000905 0.395 639.2 258.5 729.9 371.2
000905 0.365 522.1 242.2 652.9 396.9
001113 0.298 576.9 141.5 726.9 344.2
001115 0.292 531.6 40.6 718.4 249.8
001186 0.202 311.5 287.7 519.0 530.0
001236 0.110 5.2 285.8 153.1 524.4
001246 0.152 27.5 168.3 249.5 501.7
001322 0.127 179.9 120.2 369.9 420.2
001743 0.160 495.9 111.5 719.7 280.8
001842 0.104 8.5 68.8 126.7 530.0
001848 0.542 500.1 156.3 726.4 512.3
001848 0.143 396.5 184.1 655.7 373.5
001848 0.127 566.4 162.7 725.6 254.0
001849 0.443 611.2 233.4 722.2 387.5
001849 0.227 37.5 193.8 132.6 360.5
001864 0.179 385.6 394.7 486.3 426.5
001894 0.302 250.3 229.9 557.4 427.0
001894 0.168 164.9 243.4 279.3 427.0
001894 0.166 23.3 265.4 244.6 421.0
001923 0.159 278.7 216.7 561.0 426.1
001933 0.337 187.3 267.2 538.9 420.7
001973 0.124 157.1 224.6 477.9 426.9
002008 0.486 175.8 189.3 544.0 425.3
002070 0.726 208.4 295.1 372.5 425.0
002083 0.138 52.5 193.9 316.5 411.8
002119 0.116 85.5 169.7 202.1 308.9
002119 0.108 338.2 196.1 514.6 405.2
002121 0.157 296.4 174.8 473.5 316.9
002136 0.229 333.7 300.6 422.0 427.0
002136 0.203 266.1 200.4 406.6 427.0
002142 0.102 10.1 215.9 113.4 427.0
002179 0.128 452.0 243.0 561.0 427.0
002182 0.105 6.6 86.8 136.2 426.0
002186 0.212 418.5 202.0 561.0 427.0
002222 0.178 444.9 205.2 557.4 421.1
002260 0.165 1.0 88.6 82.3 268.5
002265 0.149 512.9 167.7 561.0 424.6
002277 0.134 365.3 206.0 449.5 274.8
002280 0.533 431.3 254.5 541.0 427.0
002293 0.469 79.7 97.4 242.4 308.9
002297 0.539 436.6 135.4 552.4 271.8
002299 0.930 459.2 31.8 561.0 426.2
002299 0.534 463.3 213.7 561.0 299.1
002299 0.327 20.6 98.1 353.4 427.0
002299 0.220 1.0 231.1 172.1 427.0
002330 0.235 392.5 198.6 554.2 422.8
002354 0.212 137.0 159.3 237.8 300.8
002361 0.550 101.9 213.2 300.2 427.0
002364 0.521 440.3 209.4 561.0 425.7
002368 0.258 495.6 230.1 560.0 365.9
002368 0.112 397.7 198.6 545.9 333.8
002412 0.159 334.4 227.1 417.1 424.4
002464 0.146 1.3 91.1 91.9 278.7
002484 0.146 354.5 50.9 467.2 161.0
002491 0.239 511.2 69.0 560.2 146.5
002602 0.471 394.2 138.7 553.3 293.3
002680 0.184 402.0 314.3 561.0 424.6
002744 0.118 327.0 18.4 437.7 91.4
002774 0.259 485.7 264.7 557.0 427.0
002883 0.222 188.1 56.6 373.1 392.7
003008 0.100 503.1 213.5 591.0 439.9
003058 0.117 545.5 157.8 590.9 248.9
003066 0.107 28.8 93.0 240.3 433.0
003069 0.238 429.6 172.7 591.0 441.0
003071 0.180 8.6 166.5 146.1 441.0
003085 0.126 14.9 262.2 290.8 441.0
003087 0.161 399.6 147.6 585.4 325.6
003130 0.144 383.6 120.9 576.6 426.7
003136 0.109 357.7 245.7 591.0 440.1
003183 0.125 472.1 119.1 589.8 436.3
003227 0.329 409.1 35.1 571.8 254.0
003327 0.149 428.2 275.5 591.0 441.0
003350 0.258 16.6 219.2 207.8 440.9
003350 0.144 328.1 151.5 418.8 411.7
003352 0.213 360.7 269.7 569.7 441.0
003360 0.100 206.8 177.8 565.1 439.4
003428 0.160 272.0 230.0 390.3 439.8
003428 0.109 354.2 83.9 571.8 240.0
003441 0.636 233.4 238.9 365.8 440.6
003502 0.436 517.7 324.8 590.8 417.1
003502 0.134 532.7 338.9 589.7 369.0
003502 0.106 40.9 318.0 311.1 438.7
003511 0.366 423.6 79.6 591.0 436.4
003538 0.355 3.2 225.9 185.3 348.0
003539 0.176 540.4 102.0 587.2 244.1
003539 0.174 351.4 125.3 583.5 432.5
003599 0.297 92.2 167.1 211.9 280.5
003599 0.125 24.7 203.2 204.5 427.0
003607 0.326 528.3 213.5 586.4 394.8
003607 0.281 449.4 243.9 575.7 366.9
003608 0.533 182.5 313.1 497.8 437.9
003611 0.614 337.8 247.9 500.9 438.8
003612 0.562 46.4 145.0 164.3 345.6
003612 0.128 44.2 242.1 159.1 297.1
003612 0.111 7.1 223.0 81.2 407.4
003646 0.104 37.2 267.6 254.0 357.5
003690 0.235 350.6 81.0 567.2 412.3
003690 0.196 374.6 231.7 466.1 419.2
003766 0.500 495.1 208.2 573.1 441.0
003778 0.662 495.8 250.6 588.9 424.6
003778 0.123 493.6 280.4 591.0 329.8
003819 0.192 78.4 66.5 231.8 271.1
003841 0.102 197.2 179.2 277.8 319.9
003903 0.369 277.3 59.7 347.4 171.7
003958 0.352 121.1 162.7 305.9 335.6
004034 0.104 368.3 79.9 538.6 439.3
004101 0.205 285.7 84.2 371.5 350.2
004110 0.294 404.3 225.6 586.8 433.5
004126 0.446 148.2 217.5 456.6 441.0
004126 0.220 314.7 200.8 448.3 320.5
004205 0.145 394.9 99.1 504.8 227.3
004225 0.103 77.9 48.1 283.1 265.0
004265 0.179 286.6 321.2 464.5 441.0
004270 0.609 220.4 265.2 540.0 435.8
004293 0.121 23.1 258.8 162.9 439.2
004323 0.155 369.2 97.4 569.0 400.0
004323 0.151 538.0 231.3 589.4 416.2
004450 0.108 210.8 65.7 425.5 368.0
000001 0.686 1.0 47.5 280.9 530.0
000003 0.291 45.1 210.1 224.8 318.7
000003 0.224 540.7 283.8 716.8 404.5
000003 0.198 3.8 158.7 59.8 329.7
000014 0.791 469.2 303.1 654.9 530.0
000014 0.233 597.0 343.7 658.2 530.0
000016 0.822 1.0 263.9 139.6 456.7
000016 0.509 612.2 255.2 722.6 530.0
000016 0.504 417.7 215.9 550.7 355.7
000017 0.462 628.0 158.3 683.2 273.2
000017 0.366 22.6 227.2 174.3 375.3
000017 0.303 108.2 165.9 653.9 400.7
000017 0.203 1.0 95.8 44.3 255.7
000017 0.149 671.5 200.2 728.7 284.1
000018 0.170 615.5 334.7 726.8 524.6
000018 0.162 41.1 126.4 130.5 206.7
000019 0.140 55.0 253.6 353.0 452.9
000024 0.785 455.5 184.1 683.2 519.9
000024 0.146 51.8 200.3 475.3 529.3
000024 0.118 343.5 198.4 402.2 248.4
000026 0.619 503.5 161.2 580.5 325.0
000026 0.534 14.0 218.9 157.2 346.1
000026 0.381 517.6 194.0 705.1 329.8
000026 0.365 181.8 258.4 516.1 480.8
000030 0.416 68.3 180.1 190.9 300.4
000030 0.157 212.1 271.5 556.5 442.6
000032 0.140 480.1 199.5 715.8 464.4
000035 0.737 62.1 78.2 196.5 311.6
000035 0.350 521.9 236.4 646.1 363.4
000035 0.224 113.8 290.2 507.3 500.3
000036 0.896 563.9 148.5 713.6 487.8
000036 0.200 552.8 328.6 721.3 426.8
000036 0.165 7.0 169.0 184.3 288.2
000039 0.578 1.0 151.5 175.1 400.3
000039 0.265 637.3 211.8 720.6 450.0
000041 0.907 13.1 40.5 192.1 527.9
000042 0.368 145.5 57.1 275.6 233.0
000042 0.195 220.2 106.9 340.6 233.0
000042 0.186 478.5 273.6 713.7 530.0
000042 0.104 44.7 108.6 114.1 215.8
000043 0.527 522.6 178.2 629.1 291.8
000043 0.251 557.5 266.8 589.5 272.2
000043 0.135 553.5 237.9 616.2 292.7
000043 0.115 573.4 197.1 705.9 273.1
000044 0.348 579.7 194.3 680.6 304.5
000044 0.253 1.6 169.1 78.2 336.4
000044 0.216 582.3 205.2 711.7 513.7
000044 0.112 1.3 194.9 47.6 274.6
000046 0.384 8.8 113.3 151.4 367.0
000046 0.371 560.4 161.7 722.1 367.9
000047 0.197 455.1 199.6 552.6 361.8
000047 0.187 482.1 191.9 704.4 360.8
000047 0.147 17.1 84.4 154.8 263.6
000068 0.171 714.0 526.5 719.2 529.9
000300 0.216 173.4 168.5 367.7 387.8
000308 0.184 538.9 111.4 726.8 518.0
000332 0.462 592.9 48.9 696.6 156.9
000339 0.367 509.9 226.0 728.2 527.7
000357 0.115 292.8 106.2 437.8 271.5
000402 0.127 330.8 233.9 648.1 365.1
000471 0.301 363.0 70.4 486.4 379.4
000513 0.149 38.7 149.2 351.7 524.4
000591 0.131 237.6 99.5 378.5 245.7
000654 0.205 159.6 184.0 297.6 270.5
000654 0.121 152.7 167.6 179.9 260.7
000656 0.448 438.5 163.2 548.2 365.3
000656 0.288 580.0 253.4 697.6 404.2
000656 0.243 687.5 248.6 730.0 451.4
000656 0.163 83.4 227.5 311.3 338.2
000672 0.158 257.0 289.6 572.4 523.7
000675 0.204 469.3 240.5 667.4 458.7
000675 0.125 167.5 245.5 494.0 526.5
000676 0.837 141.3 178.9 241.9 339.9
000676 0.623 1.0 92.2 224.9 373.0
000677 0.893 455.0 234.7 663.9 526.1
000678 0.525 120.9 86.7 299.5 280.5
000678 0.204 534.2 245.3 646.6 414.6
000678 0.154 3.6 165.3 119.2 332.3
000680 0.704 4.8 97.5 62.4 257.2
000680 0.161 4.7 203.9 65.3 247.5
000680 0.135 4.0 171.7 66.2 213.1
000681 0.859 117.3 169.0 231.2 298.6
000681 0.792 569.9 223.8 723.9 477.3
000683 0.453 146.2 205.7 248.0 354.4
000683 0.264 13.5 214.9 105.9 352.0
000713 0.123 65.5 222.3 164.7 300.3
000718 0.794 521.0 145.3 709.4 525.3
000718 0.601 93.9 101.9 234.6 219.4
000725 0.403 471.3 201.9 702.9 321.4
000731 0.365 511.9 190.6 717.1 391.9
000731 0.110 177.6 161.7 304.9 240.6
000733 0.663 456.4 176.7 604.1 423.1
000733 0.249 122.1 144.3 200.2 265.4
000733 0.170 440.2 231.3 576.8 307.5
000733 0.156 2.9 169.9 50.5 293.5
000734 0.360 430.2 172.0 702.6 516.5
000735 0.126 1.0 240.9 140.4 410.8
000736 0.119 613.3 116.5 724.6 309.6
000742 0.633 2.2 59.1 68.5 378.2
000742 0.226 372.3 169.1 482.7 267.0
000742 0.225 1.8 251.7 63.3 322.4
000743 0.217 445.6 213.5 516.1 284.6
000744 0.698 476.9 129.8 691.5 465.9
000744 0.163 364.2 176.8 492.7 267.9
000745 0.316 8.1 139.9 120.3 463.7
000768 0.118 353.1 138.4 470.3 221.9
000771 0.668 1.0 2.0 84.9 418.4
000771 0.340 21.5 191.1 182.9 375.9
000771 0.114 1.4 269.2 90.2 363.0
000772 0.651 1.2 134.3 157.4 530.0
000772 0.124 63.8 317.5 69.2 326.0
000774 0.335 513.8 111.5 698.7 248.6
000774 0.272 1.0 174.3 88.6 434.5
000776 0.452 527.6 125.1 711.9 380.3
000777 0.703 333.6 233.3 685.8 525.4
000779 0.694 109.7 31.3 279.9 329.0
000779 0.523 569.2 132.2 718.1 375.7
000780 0.105 539.0 150.8 651.3 211.5
000783 0.583 348.1 242.7 713.4 530.0
000783 0.320 1.2 110.9 173.7 246.3
000784 0.981 616.2 123.7 724.9 385.9
000784 0.279 546.8 206.7 723.4 522.4
000784 0.222 640.6 219.9 644.2 221.2
000789 0.524 11.6 49.7 141.1 272.5
000789 0.122 307.4 365.9 700.8 530.0
000789 0.110 1.0 83.7 108.0 150.7
000791 0.190 12.5 184.7 85.7 395.6
000795 0.644 570.4 93.0 726.4 443.8
000795 0.533 618.9 283.2 730.0 427.5
000797 0.413 616.3 135.9 728.2 346.1
000797 0.274 1.1 60.9 248.1 256.0
000797 0.259 667.4 228.5 730.0 319.0
000798 0.780 353.5 80.4 488.1 239.5
000798 0.112 378.9 184.6 475.8 243.2
000800 0.201 521.7 118.8 647.6 264.8
000800 0.111 524.0 113.8 600.6 190.8
000803 0.103 254.0 108.0 283.8 181.4
000806 0.611 261.3 91.5 387.4 234.5
000806 0.169 178.0 89.7 299.3 239.7
000809 0.593 488.8 169.1 709.4 518.1
000818 0.371 152.8 199.0 309.2 350.0
000843 0.262 3.3 145.7 165.0 305.6
000843 0.111 532.8 286.4 675.4 499.7
000848 0.120 314.4 183.4 413.6 262.0
000853 0.240 363.8 216.0 721.1 515.9
000856 0.250 320.5 334.6 644.7 530.0
000856 0.112 81.3 212.4 627.7 495.5
000856 0.107 21.2 144.8 253.0 517.0
000859 0.272 574.5 235.9 696.8 439.0
000860 0.959 533.7 107.0 694.3 405.9
000860 0.144 663.0 150.5 726.0 273.4
000860 0.144 506.5 136.0 530.5 314.2
000864 0.573 574.1 228.2 717.8 530.0
000864 0.318 440.5 231.2 545.7 346.6
000864 0.208 1.0 445.8 593.4 530.0
000864 0.109 450.9 222.1 672.1 412.5
000869 0.421 567.0 310.8 718.2 527.0
000870 0.367 1.0 201.1 56.3 462.6
000870 0.106 492.2 272.8 602.7 424.6
000877 0.886 1.1 166.4 82.6 410.1
000877 0.211 226.8 197.2 313.4 301.8
000879 0.182 414.7 166.4 537.6 225.0
000880 0.335 1.0 241.1 42.4 352.1
000888 0.116 9.2 274.4 126.0 501.9
000913 0.556 3.7 159.6 98.9 307.8
001130 0.146 269.7 83.6 373.8 308.2
001139 0.227 67.5 52.7 210.8 228.7
001153 0.245 10.9 183.4 110.5 458.6
001155 0.118 483.3 44.4 611.5 169.5
001155 0.106 467.2 101.9 531.4 170.3
001168 0.204 16.1 321.3 187.9 478.6
001168 0.191 35.5 295.3 472.5 488.8
001174 0.118 295.6 214.4 482.0 426.9
001185 0.352 500.3 270.4 730.0 528.0
001193 0.130 637.8 179.1 730.0 483.7
001196 0.120 535.0 376.8 724.1 515.9
001197 0.134 216.7 168.1 546.6 489.2
001247 0.282 317.6 192.5 510.5 505.9
001248 0.186 491.2 235.3 646.6 519.2
001263 0.122 207.4 174.5 649.0 478.2
001267 0.114 260.1 137.5 425.5 432.4
001269 0.109 262.3 143.4 439.8 383.0
001325 0.126 379.3 27.6 523.8 230.9
001482 0.129 307.5 115.2 614.8 496.9
001747 0.101 375.9 44.5 434.0 185.2
001856 0.107 41.8 48.7 301.5 439.8
001872 0.166 209.1 88.7 553.7 421.8
001874 0.173 220.9 221.3 297.0 367.8
001929 0.271 61.3 273.3 156.7 422.9
001929 0.152 34.4 271.1 96.0 395.1
001929 0.112 4.8 209.4 63.3 416.3
001934 0.163 43.7 172.2 460.4 419.4
001934 0.102 499.4 297.3 559.7 395.0
001939 0.183 8.3 240.3 201.8 427.0
001939 0.131 134.2 244.1 257.8 426.7
001940 0.596 368.5 252.3 548.5 420.5
001940 0.350 26.8 210.1 388.8 426.7
001944 0.251 165.2 269.0 460.4 425.1
001945 0.270 68.9 225.5 480.2 427.0
001954 0.117 497.6 118.1 556.4 239.7
001963 0.374 294.1 287.0 407.4 426.9
001970 0.138 37.4 165.0 304.1 373.4
002002 0.194 354.7 182.6 554.8 318.0
002002 0.140 384.7 184.0 478.4 261.2
002006 0.151 130.3 158.5 477.2 392.3
002015 0.104 21.3 155.7 136.7 293.7
002064 0.285 190.5 103.2 364.7 293.6
002064 0.118 212.3 95.8 347.9 177.0
002069 0.439 1.7 311.3 134.5 427.0
002075 0.289 234.1 154.7 371.9 413.4
002089 0.123 116.5 221.8 386.4 427.0
002089 0.120 258.8 351.8 378.5 427.0
002089 0.108 269.4 118.6 450.1 427.0
002120 0.255 2.8 150.3 97.4 343.4
002134 0.195 253.5 116.1 535.3 345.6
002140 0.889 446.3 152.7 557.2 395.3
002143 0.120 276.8 313.9 370.8 418.5
002146 0.274 44.6 11.4 223.8 375.5
002146 0.145 6.7 193.0 79.9 425.8
002181 0.147 514.3 211.2 561.0 427.0
002248 0.173 140.1 9.5 299.6 115.9
002248 0.116 52.4 103.6 395.8 355.3
002249 0.153 2.8 231.1 94.7 427.0
002250 0.229 159.6 159.9 291.8 352.4
002268 0.300 264.6 186.2 440.2 339.0
002271 0.355 74.4 156.9 194.3 423.8
002271 0.164 429.0 181.7 551.4 381.9
002290 0.285 333.8 149.0 512.1 401.8
002294 0.140 453.1 57.0 560.8 316.7
002296 0.221 73.0 112.9 192.1 246.3
002296 0.102 77.0 188.8 184.7 230.5
002305 0.102 248.1 157.0 497.6 414.3
002306 0.162 454.9 174.0 560.1 424.9
002319 0.270 171.9 146.2 363.8 290.9
002326 0.581 349.1 254.6 459.0 419.6
002326 0.263 242.4 280.0 405.2 402.5
002335 0.431 414.1 233.6 537.1 416.3
002335 0.221 412.9 279.8 499.6 351.5
002338 0.346 392.2 193.9 554.7 427.0
002341 0.427 324.2 249.6 473.5 423.5
002343 0.197 413.0 255.3 483.8 303.5
002343 0.165 384.6 206.8 477.8 334.9
002346 0.295 14.6 108.5 132.1 260.1
002347 0.256 351.2 174.6 463.7 310.2
002348 0.194 505.2 112.2 560.5 228.4
002348 0.153 16.5 149.8 169.4 419.4
002350 0.825 36.5 7.2 227.8 313.3
002352 0.529 384.8 168.6 561.0 419.1
002360 0.201 156.8 183.9 279.0 427.0
002360 0.103 161.7 116.7 545.9 420.9
002360 0.101 204.7 233.8 255.1 379.5
002365 0.174 5.2 203.2 97.8 334.6
002366 0.953 120.8 98.1 338.3 427.0
002381 0.119 10.8 56.8 188.5 227.3
002384 0.175 366.1 34.1 550.3 169.3
002424 0.294 263.3 304.9 534.8 426.4
002424 0.123 230.7 263.8 367.0 426.6
002469 0.267 428.0 91.5 558.6 394.6
002471 0.383 109.5 251.1 306.6 424.9
002471 0.148 334.2 206.2 419.8 283.1
002471 0.112 76.7 245.6 172.0 427.0
002473 0.409 354.1 212.4 443.6 319.2
002473 0.241 322.0 165.0 531.2 335.2
002481 0.170 294.5 173.9 472.7 352.8
002485 0.159 4.3 239.9 57.5 393.6
002486 0.238 225.4 185.6 363.7 343.2
002500 0.486 30.3 203.6 229.8 426.0
002500 0.188 12.1 220.5 86.9 423.8
002537 0.296 431.0 187.1 561.0 427.0
002593 0.298 7.5 201.5 113.2 334.6
002593 0.103 468.9 243.2 534.3 333.6
002599 0.821 8.0 116.1 165.0 415.9
002606 0.552 20.9 124.4 257.7 426.2
002606 0.170 3.6 169.0 52.3 427.0
002607 0.582 47.6 136.7 234.7 424.3
002607 0.124 28.1 110.9 129.1 346.8
002610 0.133 537.1 400.0 560.9 426.8
002629 0.137 46.6 146.7 474.5 421.4
002657 0.143 140.9 55.3 426.8 334.1
002666 0.179 492.2 264.5 561.0 427.0
002668 0.156 10.5 242.2 171.4 421.6
002672 0.317 92.8 147.7 275.6 427.0
002673 0.108 268.1 100.6 538.5 233.1
002674 0.557 342.4 147.5 553.1 427.0
002702 0.123 3.9 262.9 96.0 427.0
002738 0.158 474.8 172.2 548.9 277.2
002764 0.145 55.8 212.8 250.4 427.0
002764 0.137 147.3 13.2 230.8 88.8
002765 0.167 388.0 175.8 561.0 377.2
002768 0.137 391.0 147.1 543.8 260.8
002779 0.136 454.6 182.1 560.5 349.9
002985 0.233 278.2 71.8 333.1 185.1
002985 0.202 298.6 234.9 418.9 433.5
003088 0.149 461.3 112.2 591.0 433.3
003188 0.101 262.3 151.8 575.9 432.0
003239 0.189 14.9 131.1 242.0 232.2
003250 0.108 25.7 318.8 214.0 432.0
003261 0.114 464.8 347.8 569.1 440.1
003268 0.323 33.5 163.2 314.1 435.5
003269 0.301 179.2 62.1 449.2 372.8
003275 0.193 12.4 282.1 335.7 441.0
003276 0.452 197.7 1.0 445.3 371.7
003280 0.118 271.0 28.3 375.3 303.5
003333 0.126 193.1 255.6 302.1 441.0
003339 0.115 194.9 79.9 486.3 413.5
003424 0.134 4.8 74.0 98.0 180.1
003426 0.275 6.0 121.4 86.8 304.8
003426 0.118 452.8 34.1 578.9 150.6
003426 0.106 21.9 50.2 242.9 308.4
003427 0.133 401.3 103.2 584.5 424.1
003432 0.213 363.2 287.3 576.8 436.4
003434 0.188 91.6 349.6 203.9 439.6
003434 0.172 341.1 288.2 434.9 440.6
003434 0.119 540.0 217.1 591.0 409.0
003442 0.224 240.4 254.3 489.3 441.0
003450 0.104 270.6 362.3 474.2 440.6
003458 0.223 159.1 154.8 591.0 439.1
003458 0.151 463.3 237.7 589.3 436.7
003458 0.111 564.9 320.9 591.0 440.9
003485 0.199 142.1 81.0 429.3 433.2
003499 0.205 297.0 163.4 473.1 348.0
003499 0.153 362.4 248.9 449.5 347.0
003499 0.103 88.9 166.9 367.0 346.0
003548 0.103 422.7 148.9 590.5 438.3
003573 0.124 551.6 259.3 591.0 437.1
003583 0.432 518.7 297.9 590.0 337.5
003583 0.204 507.3 252.4 588.6 424.6
003587 0.225 412.4 262.2 590.7 436.6
003592 0.248 512.4 191.2 589.4 428.5
003592 0.122 544.9 161.6 588.0 230.7
003609 0.569 33.9 238.4 230.2 440.7
003615 0.477 169.4 69.7 416.7 292.8
003615 0.411 365.8 211.0 538.5 393.3
003616 0.599 537.6 222.4 591.0 440.0
003616 0.104 62.2 312.6 308.0 414.0
003619 0.121 49.6 191.2 142.7 385.1
003740 0.269 111.7 150.9 234.9 441.0
003759 0.193 4.1 196.3 100.5 364.9
003760 0.120 46.3 157.3 174.3 441.0
003767 0.743 321.9 181.5 422.6 361.2
003767 0.205 309.6 143.9 356.6 387.7
003767 0.100 241.2 182.1 308.7 364.0
003768 0.179 6.1 246.6 58.7 399.5
003768 0.145 187.5 235.8 258.3 384.7
003772 0.161 105.0 289.8 312.5 441.0
003772 0.160 233.5 226.5 568.0 441.0
003831 0.192 5.1 144.5 81.0 436.8
003832 0.218 346.8 104.0 588.2 413.8
003930 0.186 458.7 152.1 587.5 324.8
003940 0.165 10.7 220.5 154.6 376.2
003945 0.691 507.3 207.0 586.5 316.1
003976 0.157 264.2 154.1 489.1 385.1
004003 0.107 61.2 74.7 303.2 431.3
004036 0.196 40.8 275.2 312.8 438.2
004036 0.110 10.7 252.2 145.0 418.4
004128 0.132 361.5 179.8 484.8 412.0
004129 0.151 138.8 106.1 282.3 276.9
004137 0.173 79.7 29.9 545.4 160.6
004159 0.107 137.9 229.9 365.0 438.6
004161 0.517 424.3 138.7 588.4 432.1
004206 0.346 437.8 34.3 566.6 424.2
004229 0.230 351.0 190.4 570.3 359.5
004272 0.272 290.1 232.1 527.1 440.9
004277 0.273 10.0 194.2 108.0 430.2
004324 0.126 339.2 165.7 414.1 379.4
004325 0.117 46.5 309.4 568.5 441.0
004330 0.146 147.1 74.1 243.8 162.4
004361 0.136 432.5 76.8 587.6 433.8
000009 0.799 408.6 266.2 691.6 519.9
000009 0.458 617.9 299.5 711.8 508.2
000027 0.331 30.5 181.5 231.0 338.0
000028 0.451 558.5 196.5 706.2 413.9
000029 0.187 507.0 119.3 604.6 211.4
000031 0.750 523.4 193.6 712.6 517.2
000031 0.206 11.1 139.7 107.3 299.3
000031 0.167 572.0 383.0 730.0 516.8
000034 0.610 177.5 64.8 292.6 256.2
000034 0.513 552.9 121.1 714.8 390.2
000034 0.457 7.2 46.1 171.2 287.6
000034 0.332 73.4 72.1 618.2 330.7
000038 0.447 42.1 200.0 194.1 508.8
000038 0.148 514.7 193.9 700.9 313.9
000040 0.975 11.0 62.7 190.1 530.0
000060 0.451 149.6 229.5 495.9 481.1
000060 0.257 509.6 232.6 724.3 429.0
000060 0.175 155.0 303.9 288.2 481.2
000075 0.136 310.1 216.3 510.8 440.4
000120 0.238 183.0 218.5 271.9 297.5
000265 0.272 456.8 91.4 584.7 214.7
000312 0.152 295.5 39.9 618.8 419.9
000312 0.106 310.0 160.8 414.1 224.0
000312 0.104 428.0 34.5 625.1 185.4
000464 0.316 75.4 116.3 387.1 422.9
000490 0.173 319.6 181.4 524.6 476.0
000528 0.145 511.0 175.4 718.8 518.9
000657 0.486 6.2 296.9 144.3 530.0
000657 0.439 457.5 371.0 728.6 530.0
000657 0.264 447.7 424.1 542.2 530.0
000660 0.345 365.2 236.7 431.6 436.2
000660 0.129 332.5 321.0 398.6 462.9
000664 0.254 636.9 287.2 730.0 392.0
000671 0.168 446.6 178.3 573.3 417.3
000679 0.972 6.3 129.1 163.5 383.8
000679 0.287 509.0 232.9 595.5 316.9
000679 0.271 509.0 210.0 684.7 349.7
000682 0.136 4.4 157.2 45.6 286.8
000684 0.400 152.5 169.4 242.1 318.1
000684 0.256 12.6 179.4 128.6 394.4
000715 0.356 501.5 146.7 716.4 516.7
000721 0.507 2.6 336.8 148.5 530.0
000721 0.107 680.3 220.2 728.0 406.3
000728 0.730 1.0 35.3 111.6 271.6
000728 0.487 506.9 158.8 714.1 530.0
000732 0.322 415.4 124.0 637.2 297.0
000732 0.203 623.6 221.6 724.9 431.3
000737 0.278 354.8 221.8 674.9 497.5
000737 0.148 622.8 227.7 727.0 486.4
000737 0.104 432.1 222.7 535.0 333.1
000740 0.881 491.1 124.6 725.0 530.0
000740 0.302 525.7 190.1 669.0 219.8
000741 0.599 379.1 181.2 561.9 373.6
000741 0.438 57.7 200.4 467.3 502.9
000741 0.304 98.9 301.9 290.2 530.0
000747 0.438 10.4 101.7 131.5 305.3
000747 0.421 352.6 240.2 446.7 351.6
000747 0.176 475.3 255.0 730.0 530.0
000749 0.668 536.2 199.6 724.6 450.4
000750 0.575 472.3 117.0 720.9 527.9
000758 0.204 505.5 214.8 655.6 317.4
000760 0.238 8.0 141.8 109.3 528.0
000769 0.351 508.8 293.6 696.2 406.6
000769 0.101 559.0 169.6 710.3 522.4
000770 0.456 417.7 228.3 618.6 488.7
000770 0.198 579.0 39.0 728.9 230.6
000775 0.275 10.4 59.4 150.9 154.3
000787 0.260 525.1 186.1 722.0 445.1
000787 0.152 535.8 340.5 644.0 426.8
000794 0.409 410.8 103.7 578.9 223.7
000794 0.206 1.1 155.4 102.4 334.6
000847 0.311 526.8 174.8 723.4 520.8
000847 0.284 430.1 269.5 541.3 377.2
000849 0.736 552.7 214.5 723.8 520.8
000849 0.434 455.5 217.0 557.6 388.1
000858 0.737 324.6 155.4 434.9 282.2
000858 0.670 6.7 236.5 124.3 439.1
000867 0.493 511.8 166.5 711.5 459.9
000867 0.416 133.4 189.1 248.6 310.0
000867 0.179 495.4 234.6 609.3 288.7
000872 0.308 572.4 200.2 621.3 352.4
000908 0.566 145.2 176.1 315.2 270.7
000908 0.442 454.9 228.2 723.4 530.0
000908 0.196 323.4 212.9 504.2 352.9
000908 0.170 77.6 202.0 426.4 457.8
001114 0.221 506.2 146.8 712.1 378.4
001114 0.102 499.8 172.2 538.8 354.2
001140 0.160 487.4 165.6 717.6 398.0
001140 0.112 615.6 279.9 718.3 396.4
001180 0.101 65.9 291.5 293.8 527.0
001188 0.142 594.9 143.7 725.2 384.0
001188 0.104 375.9 146.6 661.7 512.6
001205 0.150 66.0 211.8 296.7 514.4
001233 0.104 184.7 284.1 346.5 490.1
001249 0.112 366.3 228.4 529.9 525.4
001324 0.107 555.8 34.7 730.0 298.1
001741 0.123 516.3 68.5 730.0 530.0
001876 0.171 246.8 286.4 442.6 426.0
001888 0.133 3.2 272.4 82.2 425.7
001893 0.194 22.8 183.7 365.1 425.6
001896 0.429 14.6 264.5 226.8 427.0
001896 0.404 174.4 255.8 277.5 421.1
001897 0.586 360.9 245.2 558.3 425.4
001897 0.134 511.4 303.9 558.2 321.8
001898 0.204 346.5 272.7 543.3 427.0
001925 0.108 405.0 290.6 550.9 406.0
001965 0.177 474.1 145.5 560.2 403.2
001984 0.172 428.7 104.9 506.3 160.3
001986 0.101 11.5 70.5 164.9 395.5
002005 0.128 447.2 201.0 561.0 427.0
002065 0.583 249.2 155.2 368.4 411.7
002065 0.198 254.7 194.1 371.6 265.3
002065 0.130 321.5 159.1 374.6 328.4
002065 0.106 42.1 185.8 346.4 335.2
002071 0.562 7.4 111.6 158.7 360.3
002074 0.225 352.6 118.8 558.6 427.0
002095 0.144 271.9 193.1 394.0 354.1
002139 0.321 475.2 222.4 561.0 313.3
002155 0.160 393.9 244.5 560.0 427.0
002155 0.108 7.9 138.9 159.9 426.8
002165 0.189 405.9 114.8 561.0 427.0
002169 0.781 57.2 249.7 502.4 426.6
002169 0.431 27.9 275.1 149.1 427.0
002169 0.235 353.5 253.4 508.0 387.0
002169 0.187 414.0 355.3 456.1 405.6
002196 0.165 440.4 218.8 560.5 427.0
002228 0.151 6.3 47.2 125.7 194.9
002229 0.149 296.1 156.9 449.0 335.8
002254 0.151 263.3 217.9 561.0 422.6
002276 0.317 28.2 241.1 252.7 424.4
002284 0.404 318.7 96.0 533.5 328.3
002284 0.181 340.5 141.8 510.0 206.2
002285 0.306 97.9 13.9 188.8 101.4
002318 0.336 396.0 126.0 497.0 423.0
002333 0.323 97.4 156.0 285.4 422.5
002337 0.678 323.1 183.7 428.9 296.8
002337 0.453 169.5 131.3 450.4 304.7
002349 0.348 388.5 128.5 539.1 278.4
002355 0.323 355.8 146.4 481.2 427.0
002355 0.153 373.7 157.1 450.3 261.0
002355 0.140 60.5 169.4 446.7 422.6
002356 0.156 76.1 132.1 167.7 326.9
002373 0.105 111.5 101.7 318.5 411.3
002379 0.284 321.7 111.9 444.9 279.3
002379 0.102 138.1 132.3 415.4 276.7
002387 0.147 132.4 43.7 254.5 144.6
002456 0.124 381.2 88.8 550.0 415.5
002474 0.232 411.1 158.8 502.7 261.1
002499 0.257 462.2 146.8 557.6 311.0
002502 0.130 163.7 119.1 390.9 316.4
002533 0.103 454.5 263.7 561.0 427.0
002598 0.399 26.4 35.3 234.2 230.1
002600 0.105 8.2 34.8 133.2 204.6
002628 0.153 263.0 119.8 544.5 421.5
002841 0.146 119.7 213.0 239.0 420.7
003047 0.100 17.8 89.1 227.7 437.1
003274 0.189 104.8 111.3 234.6 255.1
003328 0.338 309.9 153.1 466.0 424.2
003329 0.147 107.0 247.8 275.7 441.0
003335 0.138 520.9 250.0 591.0 441.0
003358 0.283 364.2 314.9 452.2 441.0
003358 0.175 484.1 147.2 591.0 433.4
003365 0.177 38.2 126.2 314.8 435.1
003369 0.447 458.3 165.8 589.3 441.0
003423 0.283 29.1 241.6 502.9 441.0
003429 0.150 409.9 237.7 584.6 434.5
003429 0.137 236.9 200.0 403.7 437.1
003435 0.376 126.6 211.2 371.2 436.2
003496 0.205 567.8 314.9 591.0 440.8
003498 0.235 507.0 175.5 591.0 331.8
003504 0.166 472.3 216.8 584.4 437.9
003546 0.105 6.1 142.9 117.7 317.3
003550 0.250 70.8 198.7 194.5 208.6
003672 0.246 523.1 132.3 591.0 433.8
003672 0.123 429.7 127.9 556.0 400.7
003672 0.111 15.0 165.1 228.9 437.6
003673 0.166 460.9 134.6 590.1 439.5
003746 0.132 454.6 309.4 590.7 438.9
003757 0.133 256.8 107.5 293.9 301.8
003757 0.125 262.3 133.8 351.5 366.2
003773 0.161 40.8 163.6 253.6 435.8
003776 0.164 23.4 315.6 277.0 441.0
003777 0.186 381.5 199.3 591.0 441.0
003817 0.888 345.9 223.3 580.9 427.0
003855 0.100 308.5 134.5 418.8 286.5
003955 0.415 383.6 284.5 591.0 441.0
004035 0.317 207.0 111.3 409.1 363.4
004140 0.195 141.1 199.2 383.2 399.6
004144 0.324 44.1 230.4 452.9 433.0
004144 0.316 5.9 286.9 134.6 396.5
004147 0.306 330.5 84.0 460.8 262.4
004207 0.527 436.8 296.1 529.0 441.0
004207 0.165 413.3 179.7 591.0 441.0
004210 0.256 221.2 18.0 569.3 299.3
004264 0.119 517.7 165.4 591.0 374.5
004264 0.108 364.8 131.1 524.3 365.4
004554 0.111 451.8 295.7 681.0 521.2
004726 0.134 362.7 34.5 680.9 327.1
000005 0.130 633.3 246.0 726.1 386.4
000005 0.116 632.7 344.6 727.3 390.7
000007 0.570 63.6 186.6 340.6 406.5
000008 0.558 278.8 209.8 430.1 310.1
000008 0.315 59.1 249.8 320.2 344.3
000008 0.144 111.1 252.0 651.5 478.5
000008 0.127 606.0 384.2 726.7 530.0
000098 0.258 71.1 261.1 493.7 525.6
000098 0.258 541.7 327.8 727.5 530.0
000144 0.130 637.2 207.6 730.0 523.1
000267 0.162 632.8 98.7 709.7 249.3
000333 0.504 448.5 79.8 639.4 367.2
000333 0.216 54.0 70.3 273.1 440.1
000344 0.162 460.2 77.6 566.9 323.1
000371 0.122 294.7 87.1 582.0 443.9
000384 0.292 144.0 131.7 295.0 431.0
000384 0.227 202.1 53.4 482.3 506.5
000417 0.354 583.9 402.9 730.0 530.0
000511 0.107 270.8 91.1 479.1 407.2
000515 0.150 527.1 123.1 643.5 211.4
000521 0.142 266.9 197.4 457.0 431.6
000523 0.112 215.5 61.9 460.5 431.1
000717 0.472 4.7 218.8 107.5 384.3
000717 0.140 401.3 195.5 490.8 289.8
000844 0.210 51.2 114.7 278.2 462.8
000844 0.205 666.2 269.6 730.0 398.1
000844 0.137 35.1 211.3 110.2 370.5
000850 0.320 405.7 150.6 526.7 311.1
000850 0.233 392.6 124.9 677.1 520.5
000850 0.165 399.0 216.4 492.3 278.2
000855 0.473 551.1 251.9 722.0 518.6
000857 0.928 586.5 248.1 730.0 530.0
000865 0.364 99.9 210.7 226.0 306.2
000865 0.136 15.5 231.7 173.2 332.7
000868 0.642 513.3 213.8 714.9 462.3
000881 0.784 643.6 237.0 730.0 515.3
000883 0.141 1.0 326.2 102.9 457.7
001028 0.141 38.7 298.9 238.9 528.6
001592 0.101 362.7 123.1 517.5 242.5
001738 0.109 291.1 119.5 424.2 480.8
001910 0.108 428.5 276.8 534.0 424.8
001922 0.124 354.9 264.3 462.9 388.4
001922 0.110 39.1 233.5 389.9 424.6
001950 0.108 303.7 144.0 428.9 427.0
002045 0.201 507.4 178.9 560.2 374.6
002045 0.112 510.8 193.2 559.3 256.3
002060 0.147 407.1 154.5 554.8 324.8
002085 0.141 174.0 185.7 444.2 316.1
002085 0.122 12.8 81.9 205.7 422.5
002090 0.324 370.3 189.5 561.0 406.7
002131 0.113 525.0 221.7 561.0 427.0
002135 0.110 3.8 75.5 93.1 301.5
002163 0.132 419.2 253.2 561.0 426.9
002166 0.269 251.3 256.9 386.7 427.0
002177 0.226 277.2 151.6 546.8 427.0
002202 0.122 296.4 151.2 416.6 427.0
002202 0.108 1.0 186.4 114.2 427.0
002205 0.131 32.6 158.4 207.7 346.6
002215 0.171 16.8 169.4 179.2 427.0
002225 0.310 396.9 113.7 531.6 298.2
002230 0.157 1.0 255.4 297.1 427.0
002231 0.175 206.8 173.3 541.0 427.0
002245 0.192 511.2 186.4 561.0 286.4
002245 0.117 8.7 168.1 169.1 412.9
002247 0.100 275.1 168.4 362.1 314.2
002258 0.407 53.9 193.6 190.9 331.3
002267 0.552 236.1 67.2 501.1 412.8
002273 0.114 456.7 255.7 561.0 425.6
002342 0.327 21.0 160.6 214.6 425.6
002342 0.214 140.9 235.4 543.3 421.0
002342 0.173 85.6 299.8 244.7 425.6
002454 0.236 260.3 185.2 541.0 392.9
002478 0.183 56.6 198.7 141.3 276.9
002562 0.131 482.2 317.7 561.0 423.7
002595 0.192 146.8 179.8 511.6 418.6
002596 0.434 179.3 218.8 433.1 425.8
002612 0.144 17.8 34.7 213.0 377.6
002621 0.384 180.1 40.2 400.8 427.0
002626 0.800 7.4 200.4 82.8 389.1
002671 0.356 473.5 136.6 559.1 414.4
002675 0.399 115.0 235.4 408.0 426.3
002688 0.225 14.2 203.9 187.7 427.0
002692 0.338 18.0 203.8 279.2 427.0
002696 0.188 142.8 280.4 322.8 388.1
002700 0.285 522.8 178.7 560.9 406.3
002700 0.114 20.2 76.0 294.4 424.9
002708 0.131 3.0 194.3 47.7 420.1
002754 0.398 12.8 187.5 246.5 427.0
002759 0.130 23.7 93.8 226.7 427.0
002766 0.195 383.9 304.1 561.0 410.4
002773 0.236 4.6 4.1 125.2 57.6
002773 0.131 7.2 22.9 125.3 153.0
002773 0.118 15.5 29.2 72.7 61.1
002783 0.365 436.1 146.6 558.9 420.9
002806 0.123 328.9 208.1 453.0 439.3
002843 0.764 136.5 182.5 437.5 441.0
003015 0.113 540.5 33.5 591.0 140.0
003043 0.248 542.0 251.8 587.4 301.6
003043 0.202 547.4 260.9 560.2 271.8
003043 0.156 491.1 239.4 587.9 327.0
003043 0.133 544.6 245.7 559.3 269.6
003079 0.133 419.1 84.7 587.3 432.8
003203 0.134 490.7 185.3 591.0 441.0
003204 0.177 221.4 116.2 418.9 441.0
003251 0.208 510.4 328.1 591.0 438.6
003272 0.316 118.5 286.2 573.9 438.0
003295 0.142 132.7 162.3 400.6 441.0
003461 0.456 144.4 257.1 421.5 440.3
003512 0.329 331.9 276.6 512.2 438.4
003512 0.297 164.0 271.6 429.6 439.8
003529 0.135 391.6 218.8 539.4 431.3
003540 0.110 318.0 44.7 509.7 200.1
003544 0.189 188.5 129.4 499.4 439.2
003555 0.118 82.9 160.1 431.0 435.2
003602 0.117 170.7 170.5 562.0 440.7
003649 0.264 540.0 241.7 590.1 312.8
003802 0.191 217.6 282.4 395.7 407.4
003803 0.299 412.3 129.6 590.7 441.0
003809 0.150 452.6 267.9 576.7 441.0
003818 0.934 164.6 144.7 562.3 438.8
003820 0.122 121.6 84.0 228.7 228.9
003821 0.116 393.8 73.4 591.0 332.1
003883 0.214 2.8 169.7 100.2 441.0
003883 0.164 476.2 234.2 591.0 423.8
003944 0.103 479.7 257.2 585.0 351.7
004011 0.516 11.3 165.0 249.2 441.0
004012 0.104 8.2 91.6 77.7 437.0
004018 0.307 462.8 225.5 588.3 323.6
004030 0.804 220.8 112.2 569.6 426.0
004097 0.137 23.6 120.2 167.5 424.2
004150 0.317 397.4 276.8 591.0 441.0
004157 0.162 86.9 345.2 268.6 441.0
004180 0.138 36.6 290.0 505.5 441.0
004185 0.109 10.6 144.1 174.3 367.3
004224 0.278 438.0 148.2 591.0 431.4
004224 0.257 452.3 121.1 591.0 203.7
004226 0.142 509.5 260.9 591.0 441.0
004263 0.107 178.7 115.1 551.7 426.2
004296 0.168 120.3 225.5 216.6 436.6
004297 0.286 230.3 309.0 381.8 441.0
004335 0.128 504.7 191.2 589.6 360.9
004358 0.174 182.8 86.5 347.8 428.4
004639 0.110 39.5 218.0 388.8 531.0
