bed 230 311 711 519 0.60053 0.298827 BG
bed 130 251 347 527 0.163698 0.252356 sofa_chair
chair 128 326 397 512 0.10938 0.576483 sofa_chair
sofa 83 231 456 505 0.741023 0.202648 sofa_chair
table 279 344 609 529 0.208902 0.343507 drawer
picture 373 139 493 285 0.633477 0.189087 BG
picture 651 267 729 414 0.616038 0.220013 BG
picture 372 229 480 275 0.319587 0.650294 BG
picture 548 310 606 345 0.280242 0.699192 BG
picture 415 249 453 267 0.274126 0.674800 BG
picture 528 237 608 354 0.27106 0.574423 BG
picture 428 261 445 273 0.253123 0.398886 BG
picture 449 123 513 274 0.250499 0.583472 BG
picture 563 328 599 337 0.201917 0.747870 BG
picture 382 139 415 186 0.175772 0.695699 BG
picture 569 312 605 322 0.164509 0.827221 BG
picture 536 327 550 341 0.16232 0.772834 BG
picture 605 7 611 21 0.162081 0.384761 BG
picture 435 10 717 260 0.148768 0.624653 BG
picture 3 155 58 242 0.137182 0.526960 BG
picture 475 213 496 273 0.132922 0.641935 BG
picture 440 264 448 273 0.125953 0.766060 BG
picture 529 324 536 333 0.110942 0.832317 BG
picture 445 4 577 112 0.108272 0.282226 BG
counter 0 339 140 458 0.13149 0.219619 BG
pillow 282 297 301 312 0.567965 0.430709 BG
pillow 141 280 332 440 0.355601 0.488976 BG
pillow 285 310 288 312 0.264279 0.734981 BG
pillow 272 307 301 321 0.221528 0.778096 BG
pillow 312 276 387 330 0.17182 0.752178 BG
pillow 267 293 327 340 0.142385 0.840628 BG
pillow 271 316 273 318 0.136161 0.857335 BG
pillow 293 285 330 320 0.128084 0.863279 BG
pillow 299 304 303 308 0.116473 0.883447 BG
pillow 244 166 367 323 0.112991 0.843824 BG
pillow 365 280 391 330 0.112037 0.724438 BG
pillow 411 319 478 378 0.106559 0.828813 BG
pillow 146 277 256 330 0.104021 0.873373 BG
pillow 287 318 298 323 0.100138 0.899759 BG
mirror 369 3 575 284 0.134203 0.541470 BG
mirror 436 0 577 115 0.110329 0.282226 BG
clothes 181 402 249 474 0.233393 0.647579 BG
clothes 177 333 320 492 0.221895 0.543767 BG
clothes 200 435 206 447 0.148167 0.771458 BG
clothes 193 444 199 446 0.133297 0.808971 BG
clothes 201 418 240 453 0.117273 0.771217 BG
clothes 173 407 206 462 0.113253 0.790714 BG
clothes 115 403 278 523 0.111943 0.467687 BG
clothes 211 345 275 448 0.10335 0.829931 BG
fridge 357 53 532 291 0.166976 0.357489 BG
paper 246 508 261 520 0.224204 0.371480 BG
paper 77 474 113 494 0.214966 0.233615 BG
paper 247 506 254 512 0.198291 0.519768 BG
paper 99 491 101 492 0.196243 0.293602 BG
paper 655 446 729 529 0.190254 0.306024 BG
paper 16 445 22 450 0.177159 0.063845 BG
paper 257 508 272 515 0.14825 0.408464 BG
paper 236 500 253 513 0.145376 0.681292 BG
paper 564 65 565 71 0.139753 0.613438 BG
paper 3 432 121 521 0.139647 0.437615 BG
paper 6 343 127 450 0.138875 0.219619 BG
paper 3 481 83 519 0.134525 0.521533 BG
paper 232 487 316 529 0.134513 0.458952 BG
paper 568 47 570 54 0.133557 0.708265 BG
paper 86 511 102 518 0.133307 0.281027 BG
paper 448 503 631 529 0.130553 0.604834 BG
paper 560 222 564 227 0.129444 0.715987 BG
paper 547 56 550 60 0.124592 0.749711 BG
paper 236 500 282 521 0.122039 0.652055 BG
paper 196 481 254 529 0.11819 0.442509 BG
paper 29 499 116 520 0.114559 0.423922 BG
paper 107 485 114 494 0.11452 0.625044 BG
paper 277 514 282 518 0.113454 0.359415 BG
paper 702 441 724 459 0.112753 0.444354 BG
paper 532 29 556 63 0.110788 0.660619 BG
paper 703 442 710 447 0.110681 0.556415 BG
paper 620 513 628 518 0.110326 0.796615 BG
paper 94 499 119 506 0.109637 0.444962 BG
paper 264 519 284 525 0.108759 0.413706 BG
paper 82 517 115 523 0.108252 0.246407 BG
paper 643 521 656 527 0.102416 0.608697 BG
paper 95 452 118 460 0.102115 0.181741 BG
paper 606 6 611 20 0.100108 0.384761 BG
towel 109 424 246 529 0.281965 0.366009 BG
towel 147 485 197 529 0.200249 0.373936 BG
box 425 480 432 484 0.234592 0.690242 BG
box 99 491 102 492 0.212686 0.293602 BG
box 431 480 465 491 0.186141 0.729723 BG
box 420 484 432 504 0.171568 0.771781 BG
box 652 442 729 529 0.169519 0.306024 BG
box 607 228 721 462 0.163315 0.627007 BG
box 572 372 647 425 0.136702 0.820810 BG
box 148 483 198 529 0.134595 0.373936 BG
box 1 157 60 241 0.133905 0.526960 BG
box 247 505 253 512 0.129875 0.519768 BG
box 77 473 115 494 0.122258 0.233615 BG
box 250 488 309 528 0.113648 0.260487 BG
box 416 478 475 527 0.110996 0.744034 BG
box 538 33 542 39 0.108534 0.738621 BG
box 313 359 423 521 0.108439 0.408463 BG
box 94 498 120 506 0.108297 0.444962 BG
box 81 516 114 523 0.106903 0.246407 BG
box 16 445 23 449 0.106897 0.063845 BG
box 245 507 261 520 0.106672 0.371480 BG
box 95 453 119 460 0.105028 0.181741 BG
box 27 497 117 520 0.101929 0.423922 BG
lamp 439 60 714 213 0.293746 0.611800 BG
lamp 400 55 449 121 0.272627 0.516657 BG
lamp 447 9 575 117 0.263787 0.282226 BG
lamp 388 58 472 189 0.176709 0.750017 BG
lamp 438 118 483 145 0.125788 0.775152 BG
bag 147 485 198 528 0.199493 0.373936 BG
bag 108 448 250 528 0.172541 0.410301 BG
garbage_bin 74 473 116 495 0.208705 0.233615 BG
garbage_bin 91 499 120 506 0.122854 0.444962 BG
garbage_bin 98 491 102 492 0.117989 0.293602 BG
garbage_bin 15 445 23 450 0.112809 0.063845 BG
