chair 595 132 719 301 0.962161 0.035007 chair
chair 467 131 597 281 0.844794 0.154663 chair
chair 222 182 434 493 0.791165 0.189340 chair
chair 13 284 232 525 0.69466 0.223136 BG
chair 382 120 472 251 0.600744 0.393221 chair
chair 20 399 176 482 0.533501 0.460176 BG
chair 263 161 417 312 0.51934 0.441513 chair
chair 153 121 324 215 0.471775 0.517092 BG
chair 12 98 149 183 0.469558 0.461800 BG
chair 484 138 538 211 0.242645 0.753235 BG
chair 591 164 616 187 0.239707 0.755180 BG
chair 17 89 77 154 0.21449 0.776977 BG
chair 317 159 434 230 0.213845 0.783797 BG
chair 597 171 601 182 0.201026 0.789990 BG
chair 149 158 154 170 0.193989 0.794553 BG
chair 572 144 604 197 0.188195 0.794803 BG
chair 479 144 516 167 0.166065 0.828369 BG
chair 391 157 411 187 0.159539 0.838462 BG
chair 392 158 404 171 0.143004 0.855329 BG
chair 465 124 476 218 0.132184 0.751860 BG
chair 586 147 606 171 0.13042 0.851230 BG
chair 158 105 219 140 0.123955 0.821247 BG
chair 704 184 712 202 0.11857 0.869333 BG
chair 594 150 625 221 0.117858 0.855121 BG
chair 273 128 511 201 0.113067 0.847120 BG
chair 689 169 721 234 0.110222 0.872705 BG
chair 132 107 148 171 0.110094 0.885363 BG
chair 593 185 595 188 0.108967 0.889191 BG
chair 470 160 481 175 0.108551 0.821181 BG
chair 570 155 584 198 0.105302 0.892811 BG
table 0 135 397 521 0.966127 0.004759 chair&&table
table 168 111 482 305 0.334442 0.564300 BG
table 278 91 484 199 0.116455 0.829791 BG
bookshelf 601 64 638 154 0.123446 0.547281 BG
bookshelf 601 125 615 140 0.104313 0.548076 BG
picture 504 1 521 13 0.473382 0.361312 BG
picture 477 1 595 15 0.442195 0.441165 BG
picture 144 1 195 82 0.371355 0.410402 BG
picture 503 7 574 115 0.351059 0.344337 BG
picture 288 5 422 119 0.217277 0.584518 BG
picture 178 0 202 78 0.20379 0.657664 BG
picture 474 3 592 44 0.18964 0.665401 BG
picture 188 0 206 5 0.169835 0.689657 BG
picture 627 7 657 60 0.16673 0.773587 BG
picture 471 1 509 12 0.161763 0.717566 BG
picture 567 11 621 124 0.148913 0.696830 BG
picture 294 88 449 126 0.112361 0.449539 BG
picture 155 34 164 47 0.104921 0.708640 BG
picture 188 31 202 45 0.102039 0.721338 BG
counter 272 96 486 138 0.138185 0.722149 BG
pillow 287 68 424 96 0.213919 0.589356 sofa
pillow 308 86 427 113 0.123048 0.622166 BG
pillow 339 85 380 99 0.113001 0.613246 BG
mirror 457 0 593 108 0.253911 0.475129 BG
mirror 502 27 554 145 0.103378 0.627585 BG
clothes 341 85 380 99 0.131261 0.613246 BG
clothes 335 67 360 96 0.119013 0.665612 BG
paper 193 90 195 96 0.224704 0.331738 BG
paper 143 0 181 80 0.174077 0.373799 BG
paper 412 515 418 521 0.158304 0.335866 BG
paper 194 78 209 96 0.134163 0.584502 BG
paper 713 413 729 529 0.133352 0.296177 BG
paper 415 110 421 115 0.119603 0.878979 BG
paper 560 18 612 113 0.113668 0.265276 BG
paper 402 102 443 117 0.108528 0.867819 BG
paper 154 74 194 89 0.10849 0.424258 BG
box 175 86 195 99 0.4132 0.442568 BG
box 152 73 194 89 0.363729 0.424258 BG
box 561 22 610 132 0.31555 0.233165 BG
box 155 85 218 110 0.304624 0.553872 BG
box 193 89 196 96 0.226581 0.331738 BG
box 463 80 499 95 0.208461 0.624336 BG
box 495 82 498 82 0.190925 0.626227 BG
box 312 38 336 78 0.188744 0.709388 paper
box 412 515 419 521 0.157289 0.335866 BG
box 448 82 474 103 0.153629 0.617707 BG
box 483 80 494 84 0.138709 0.723790 BG
box 152 7 197 105 0.137571 0.610430 BG
box 475 92 483 97 0.120456 0.721027 BG
box 181 60 182 74 0.118914 0.704002 BG
box 143 511 177 529 0.111892 0.340011 BG
box 486 97 493 107 0.103718 0.787813 BG
person 595 142 601 148 0.104217 0.756218 BG
garbage_bin 646 261 728 523 0.201298 0.392846 BG
garbage_bin 712 407 729 528 0.127819 0.296177 BG
