cabinet 67 221 246 422 0.137015 0.424933 BG
chair 174 228 341 518 0.97608 0.021903 chair
table 353 189 574 489 0.182167 0.724666 BG
picture 281 6 480 189 0.99448 0.004167 BG
picture 293 154 441 188 0.28379 0.711655 BG
picture 302 125 410 168 0.216802 0.781549 BG
picture 308 79 315 94 0.21535 0.777354 BG
picture 470 4 541 82 0.14866 0.115084 BG
picture 309 77 320 107 0.135419 0.860382 BG
picture 417 19 454 71 0.129303 0.587361 BG
picture 306 140 368 160 0.124231 0.875669 BG
picture 418 1 465 5 0.121936 0.708724 BG
counter 0 327 64 366 0.111284 0.782008 BG
desk 267 198 629 500 0.836755 0.140920 desk
desk 81 204 350 494 0.755598 0.152609 chair
tv 103 129 243 256 0.93403 0.063345 tv
tv 131 187 226 237 0.216242 0.783008 BG
tv 425 10 464 86 0.162992 0.608522 BG
tv 423 7 467 23 0.123106 0.736536 BG
paper 633 489 636 491 0.256234 0.309464 BG
paper 339 511 347 513 0.219315 0.587808 BG
paper 488 288 496 291 0.16223 0.585536 BG
paper 709 478 729 492 0.145958 0.125862 BG
paper 515 96 518 99 0.144306 0.119932 BG
paper 401 108 402 116 0.119709 0.398947 BG
paper 722 488 724 491 0.112003 0.302214 BG
paper 495 272 531 293 0.108123 0.558538 BG
paper 480 288 529 307 0.107553 0.774421 BG
paper 498 273 505 282 0.103234 0.586884 BG
paper 697 413 729 422 0.100731 0.224381 BG
paper 625 1 656 3 0.100211 0.425585 BG
box 633 488 637 491 0.194354 0.309464 BG
box 401 107 401 116 0.183064 0.398947 BG
box 235 229 237 230 0.173031 0.566897 BG
box 515 97 518 99 0.117778 0.119932 BG
box 230 204 256 231 0.114433 0.738477 BG
night_stand 356 265 587 469 0.781142 0.105958 BG
night_stand 67 236 248 400 0.601792 0.298846 BG
lamp 405 91 488 192 0.985274 0.012789 lamp
lamp 365 143 525 295 0.338263 0.615648 BG
lamp 390 122 394 127 0.300646 0.464965 BG
lamp 486 97 521 135 0.260986 0.631163 BG
lamp 616 240 618 242 0.257452 0.719933 BG
lamp 496 95 520 106 0.201522 0.409097 BG
lamp 465 50 478 84 0.151106 0.693033 BG
lamp 485 138 488 150 0.142781 0.848560 BG
lamp 311 86 484 240 0.139666 0.768885 BG
lamp 244 199 285 225 0.131947 0.593021 BG
lamp 475 150 477 151 0.130262 0.867253 BG
lamp 471 0 540 86 0.116431 0.115084 BG
lamp 396 145 405 165 0.114298 0.872298 BG
lamp 365 220 494 271 0.107892 0.738467 BG
garbage_bin 333 320 345 335 0.237325 0.595744 BG
garbage_bin 602 271 607 277 0.218642 0.728372 BG
garbage_bin 234 204 239 207 0.208914 0.569059 BG
garbage_bin 603 279 608 287 0.167641 0.802528 BG
garbage_bin 515 97 518 100 0.165426 0.119932 BG
garbage_bin 708 477 729 493 0.160826 0.125862 BG
garbage_bin 401 107 402 117 0.11007 0.398947 BG
