cabinet 553 12 683 223 0.224794 0.399987 BG
sofa 216 147 304 164 0.159389 0.609042 BG
table 15 223 194 468 0.498645 0.306468 recycle_bin
table 0 197 369 340 0.185448 0.679253 BG
table 0 341 52 469 0.119203 0.679842 BG
door 566 2 672 231 0.118448 0.399987 BG
picture 696 15 729 106 0.629257 0.322330 BG
picture 481 3 554 59 0.336908 0.612635 BG
picture 390 75 401 90 0.32883 0.563099 BG
picture 399 64 413 76 0.297071 0.551607 BG
picture 715 97 729 99 0.265445 0.551002 BG
picture 516 1 555 32 0.263156 0.673395 BG
picture 473 59 503 110 0.24706 0.544494 BG
picture 472 75 490 101 0.201531 0.650378 BG
picture 487 57 513 81 0.196159 0.600224 BG
picture 484 6 510 33 0.188194 0.794592 BG
picture 698 99 700 100 0.181303 0.796243 BG
picture 657 10 728 231 0.164247 0.651177 BG
picture 479 1 518 11 0.157265 0.819862 BG
picture 471 5 551 177 0.155271 0.721972 BG
picture 472 76 475 88 0.148703 0.724136 BG
picture 313 4 323 11 0.146987 0.575734 BG
picture 515 28 528 36 0.140426 0.575233 BG
picture 484 75 487 84 0.139942 0.754571 BG
picture 700 96 715 98 0.138003 0.839796 BG
picture 700 97 704 97 0.136655 0.848338 BG
picture 464 73 473 100 0.132825 0.654120 BG
picture 496 61 504 80 0.132152 0.624803 BG
picture 396 79 400 89 0.127065 0.718388 BG
picture 476 59 486 80 0.125969 0.757735 BG
picture 410 1 423 7 0.122978 0.760507 BG
picture 476 31 524 83 0.122901 0.651214 BG
picture 566 0 676 179 0.116588 0.412956 BG
picture 509 32 524 55 0.115459 0.683811 BG
picture 513 32 520 37 0.11056 0.712128 BG
picture 665 1 668 3 0.106085 0.812950 BG
picture 373 7 403 97 0.104891 0.707309 BG
picture 523 60 527 65 0.101727 0.537906 BG
picture 509 1 516 12 0.10094 0.867929 BG
picture 503 65 513 82 0.100258 0.663069 BG
counter 212 147 248 164 0.132509 0.585982 BG
mirror 551 0 685 220 0.186366 0.412956 BG
fridge 467 20 543 188 0.116439 0.634100 BG
tv 191 22 300 71 0.267076 0.672121 BG
paper 325 487 332 495 0.227987 0.157645 BG
paper 520 40 522 45 0.214842 0.473886 BG
paper 317 482 320 483 0.206541 0.281565 BG
paper 524 59 527 65 0.194828 0.537906 BG
paper 334 456 338 462 0.176962 0.066242 BG
paper 310 475 320 489 0.174595 0.422692 BG
paper 325 459 344 494 0.173672 0.070621 BG
paper 316 460 329 481 0.172925 0.127585 BG
paper 211 458 223 463 0.1688 0.450008 BG
paper 510 36 522 46 0.156999 0.606054 BG
paper 507 45 531 76 0.155133 0.597963 paper
paper 48 212 74 223 0.153204 0.762596 BG
paper 511 45 521 54 0.145221 0.602165 BG
paper 497 61 503 79 0.141611 0.624803 BG
paper 503 65 513 81 0.141082 0.663069 BG
paper 502 67 504 74 0.138699 0.674826 BG
paper 497 40 506 67 0.135067 0.642163 BG
paper 289 504 296 510 0.134669 0.782217 BG
paper 488 51 495 58 0.134165 0.653107 BG
paper 498 57 501 63 0.130084 0.663586 BG
paper 488 58 513 100 0.120369 0.634581 BG
paper 516 28 527 36 0.119099 0.575233 BG
paper 507 78 511 81 0.1054 0.745517 BG
paper 300 21 322 44 0.104092 0.620781 BG
paper 538 279 721 526 0.102092 0.184380 BG
box 282 216 319 282 0.612281 0.317889 BG
box 3 378 32 477 0.448389 0.344088 BG
box 282 267 284 271 0.33754 0.582414 BG
box 293 81 304 112 0.155658 0.788983 BG
box 481 33 493 59 0.144958 0.791662 paper
box 297 64 303 79 0.13623 0.784494 BG
box 486 32 523 66 0.124854 0.671020 BG
box 492 31 500 51 0.123066 0.810560 BG
box 473 96 485 109 0.115651 0.499170 BG
box 300 25 326 111 0.114345 0.838589 BG
box 468 98 532 169 0.112245 0.738349 BG
box 519 40 523 44 0.103497 0.473886 BG
box 500 31 510 53 0.101582 0.771418 BG
box 509 36 523 46 0.100479 0.606054 BG
whiteboard 22 0 257 210 0.294996 0.388620 BG
garbage_bin 43 183 252 362 0.817662 0.110587 garbage_bin
garbage_bin 202 219 229 366 0.723949 0.248538 BG
garbage_bin 192 159 279 359 0.722141 0.197860 recycle_bin
garbage_bin 162 202 216 361 0.461371 0.514009 BG
garbage_bin 259 168 288 317 0.246696 0.738309 BG
garbage_bin 206 317 207 322 0.226507 0.679648 BG
garbage_bin 26 218 147 488 0.225483 0.513565 recycle_bin
garbage_bin 123 183 335 283 0.210104 0.750662 bench
garbage_bin 47 341 50 342 0.210072 0.729906 BG
garbage_bin 49 321 60 334 0.198369 0.657601 BG
garbage_bin 59 336 77 345 0.191125 0.551856 BG
garbage_bin 51 332 60 343 0.184255 0.599179 BG
garbage_bin 115 221 168 408 0.177643 0.792093 BG
garbage_bin 21 18 205 266 0.161224 0.388105 BG
garbage_bin 7 256 54 494 0.160992 0.719639 BG
garbage_bin 325 458 345 494 0.13215 0.070621 BG
garbage_bin 324 486 333 495 0.124182 0.157645 BG
garbage_bin 559 107 569 121 0.104817 0.568209 BG
