chair 359 121 596 480 0.998187 0.001640 chair
chair 0 168 138 423 0.937523 0.046115 chair
chair 172 106 284 191 0.42071 0.565365 BG
chair 283 142 293 165 0.309465 0.676677 BG
chair 266 138 284 153 0.252079 0.735395 BG
chair 269 155 285 168 0.177902 0.799852 BG
chair 260 121 289 170 0.166135 0.824394 BG
chair 281 155 285 165 0.160804 0.791606 BG
chair 295 113 364 166 0.147374 0.800530 BG
chair 223 157 261 180 0.144969 0.852319 BG
chair 292 125 299 164 0.139917 0.770231 BG
chair 374 95 410 125 0.124099 0.836370 BG
chair 341 87 416 153 0.112568 0.858755 BG
table 22 155 514 456 0.84793 0.056313 table&&floor
table 107 215 297 443 0.161974 0.830025 BG
door 434 2 576 116 0.252126 0.520868 BG
door 511 0 538 114 0.162741 0.573794 BG
door 476 1 518 103 0.14308 0.639027 BG
door 565 3 589 118 0.115351 0.653338 BG
door 466 1 482 106 0.111015 0.658473 BG
door 415 2 480 104 0.101542 0.767998 BG
picture 298 3 378 60 0.791766 0.171505 BG
picture 304 61 374 70 0.387445 0.527099 BG
picture 530 2 580 118 0.33624 0.380355 BG
picture 236 0 251 5 0.289081 0.376916 BG
picture 183 2 259 119 0.274824 0.522787 BG
picture 118 83 123 88 0.167195 0.735773 BG
picture 210 0 252 18 0.147556 0.653012 BG
picture 298 44 311 67 0.137903 0.861623 BG
picture 119 71 127 84 0.125165 0.747084 BG
picture 224 0 236 4 0.124533 0.694723 BG
picture 298 38 301 41 0.122926 0.867341 BG
picture 9 5 261 176 0.120741 0.630223 BG
picture 240 50 248 63 0.114762 0.597061 BG
picture 401 3 405 15 0.11349 0.804172 BG
counter 688 150 725 159 0.110444 0.538057 BG
desk 18 145 507 479 0.369395 0.153915 table&&floor
mirror 449 2 588 142 0.133436 0.510920 BG
paper 283 184 315 200 0.298698 0.615576 BG
paper 452 74 457 86 0.180771 0.455298 BG
paper 30 171 53 187 0.171695 0.653459 BG
paper 400 81 403 89 0.166181 0.405202 BG
paper 394 88 401 90 0.164706 0.480447 BG
paper 403 79 413 100 0.154399 0.435711 BG
paper 0 132 9 147 0.139255 0.549815 BG
paper 237 0 251 5 0.136787 0.376916 BG
paper 0 123 3 131 0.135012 0.539874 BG
paper 245 77 248 81 0.119183 0.538538 BG
paper 297 14 300 30 0.114944 0.643212 BG
paper 235 50 257 82 0.113172 0.619789 BG
paper 693 196 729 205 0.113008 0.664090 BG
paper 51 150 115 178 0.112599 0.630315 BG
paper 239 70 256 81 0.10424 0.655536 BG
paper 401 68 402 82 0.10361 0.439737 BG
paper 237 87 250 96 0.102652 0.547805 BG
box 170 16 264 115 0.273127 0.543525 BG
box 322 133 357 142 0.202914 0.727536 BG
box 49 140 123 179 0.197798 0.682670 BG
box 452 74 458 86 0.19328 0.455298 BG
box 0 154 5 167 0.189718 0.635886 BG
box 61 145 110 158 0.176239 0.806495 BG
box 241 82 244 85 0.165292 0.581499 BG
box 236 87 240 95 0.164918 0.609763 BG
box 1 132 8 153 0.164357 0.514577 BG
box 2 15 206 187 0.16221 0.475282 BG
box 159 1 208 35 0.155934 0.793018 BG
box 432 69 458 101 0.154822 0.600113 BG
box 237 86 250 96 0.153732 0.547805 BG
box 403 79 413 100 0.142602 0.435711 BG
box 244 77 249 81 0.140067 0.538538 BG
box 330 120 348 133 0.133165 0.817866 BG
box 1 123 2 131 0.132725 0.539874 BG
box 400 81 403 89 0.124224 0.405202 BG
box 1 132 18 179 0.11068 0.592833 BG
box 401 68 402 82 0.106852 0.439737 BG
box 234 56 259 102 0.104175 0.655324 BG
whiteboard 619 2 724 77 0.963349 0.010020 whiteboard
bag 183 147 187 156 0.15214 0.442275 BG
