chair 136 197 320 478 0.929869 0.064390 chair
chair 350 204 527 474 0.67828 0.320337 chair&&chair
chair 602 157 687 315 0.424397 0.469742 sofa
chair 628 153 723 201 0.391133 0.552258 BG
chair 642 152 688 166 0.322356 0.634190 BG
chair 485 134 617 312 0.274906 0.699616 sofa
chair 620 158 637 216 0.195879 0.801860 BG
chair 621 159 720 528 0.171131 0.523588 BG
chair 639 162 645 165 0.163555 0.815744 BG
chair 673 136 728 164 0.153247 0.556094 BG
chair 540 0 606 46 0.141392 0.817347 BG
chair 133 164 267 270 0.139021 0.779156 BG
chair 660 160 666 162 0.135372 0.802966 BG
chair 521 157 681 516 0.12668 0.865238 BG
chair 645 150 664 156 0.123585 0.846567 BG
chair 579 151 632 301 0.108913 0.715268 BG
sofa 625 137 724 352 0.744949 0.116622 sofa
sofa 676 102 729 163 0.448255 0.398010 BG
table 147 185 522 501 0.974018 0.007360 table
table 1 171 201 309 0.456506 0.447720 piano_bench
picture 73 0 228 51 0.989473 0.010481 wall_painting&&picture
picture 202 2 214 29 0.743503 0.215924 BG
picture 211 3 214 28 0.69833 0.199363 BG
picture 82 1 91 24 0.600724 0.243709 BG
picture 203 1 210 3 0.353522 0.371894 BG
picture 653 1 729 5 0.259546 0.316556 BG
picture 470 0 489 28 0.201227 0.672301 BG
picture 481 0 488 11 0.198606 0.697406 BG
counter 675 366 682 370 0.11228 0.699881 BG
desk 0 153 135 301 0.34703 0.316621 BG
mirror 468 2 489 29 0.113094 0.672301 BG
paper 627 368 634 377 0.191386 0.416512 BG
paper 203 0 210 3 0.182576 0.371894 BG
paper 137 383 138 387 0.179688 0.063420 BG
paper 724 169 729 172 0.172501 0.174165 BG
paper 545 447 553 453 0.163701 0.335230 BG
paper 706 170 729 174 0.110891 0.239539 BG
paper 223 306 252 316 0.104858 0.798294 BG
paper 706 155 729 163 0.103129 0.383151 BG
box 689 158 728 171 0.140082 0.371863 BG
box 724 168 729 171 0.127822 0.174165 BG
box 545 446 553 453 0.121924 0.335230 BG
box 565 0 612 4 0.11568 0.687180 BG
box 626 368 634 377 0.110916 0.416512 BG
box 237 118 264 135 0.103347 0.790630 BG
box 706 154 729 163 0.101158 0.383151 BG
whiteboard 498 5 717 157 0.448782 0.414294 BG
lamp 655 1 728 5 0.225986 0.316556 BG
garbage_bin 135 383 139 388 0.180015 0.252316 BG
garbage_bin 590 196 627 297 0.167953 0.674371 BG
garbage_bin 545 272 555 284 0.15701 0.768717 BG
garbage_bin 705 170 729 175 0.133791 0.239539 BG
garbage_bin 544 446 553 454 0.131974 0.335230 BG
garbage_bin 723 169 729 172 0.128882 0.174165 BG
garbage_bin 537 270 544 280 0.127144 0.832197 BG
