cabinet 0 0 105 75 0.261607 0.485186 BG
chair 104 197 338 520 0.988082 0.011535 chair
chair 370 189 502 335 0.716041 0.207369 chair
chair 539 163 690 294 0.649794 0.159522 BG
chair 244 158 329 418 0.43583 0.557136 BG
chair 643 184 700 259 0.410628 0.574853 BG
chair 304 172 355 354 0.351113 0.481467 BG
chair 433 171 516 283 0.249343 0.732211 BG
chair 538 184 594 240 0.229921 0.754360 BG
chair 223 193 223 199 0.190021 0.732533 BG
chair 596 154 689 185 0.170205 0.815654 BG
chair 221 183 272 198 0.164711 0.721568 BG
chair 602 168 616 173 0.147124 0.844576 BG
chair 556 187 591 196 0.146794 0.848861 BG
chair 505 165 587 286 0.136782 0.558736 BG
chair 46 183 374 310 0.119062 0.856887 BG
chair 200 505 235 528 0.114583 0.606879 BG
chair 187 180 327 271 0.112997 0.875971 BG
chair 262 521 271 529 0.112645 0.200520 BG
chair 540 171 588 181 0.11254 0.799516 BG
chair 62 96 190 194 0.103732 0.828169 monitor
chair 300 88 396 291 0.101842 0.852983 BG
table 328 155 519 288 0.7553 0.173307 BG
table 489 140 678 307 0.497313 0.233978 BG
table 0 186 292 399 0.45269 0.454735 table
table 306 166 406 340 0.173968 0.538356 BG
table 545 146 661 184 0.158223 0.732995 BG
table 471 150 602 217 0.124075 0.788209 BG
table 261 521 270 524 0.106855 0.359752 BG
door 2 0 122 72 0.182243 0.371726 BG
bookshelf 639 59 697 102 0.15586 0.264898 BG
picture 623 119 637 132 0.137584 0.583115 BG
picture 673 34 726 64 0.134466 0.587100 BG
blinds 9 3 138 93 0.188233 0.428043 BG
desk 286 156 632 332 0.67589 0.103268 BG
desk 495 148 664 293 0.303175 0.324702 BG
desk 0 203 292 464 0.197493 0.134725 table
paper 651 33 674 38 0.539262 0.442237 BG
paper 647 36 679 46 0.537383 0.410677 BG
paper 647 34 707 59 0.484847 0.441585 BG
paper 672 33 687 42 0.270706 0.664383 BG
paper 640 38 696 100 0.25347 0.309159 BG
paper 506 152 565 171 0.192187 0.721918 BG
paper 107 201 120 207 0.185155 0.809425 BG
paper 624 119 637 132 0.183331 0.583115 BG
paper 528 151 551 162 0.181667 0.720845 BG
paper 262 521 268 524 0.16155 0.359752 BG
paper 598 117 610 134 0.15924 0.608357 BG
paper 510 166 536 173 0.156374 0.773702 BG
paper 492 169 534 181 0.116001 0.823280 BG
paper 262 512 268 520 0.115277 0.552393 BG
paper 583 135 605 146 0.111192 0.810329 BG
paper 637 118 642 126 0.107702 0.706201 BG
paper 255 510 264 519 0.105738 0.601139 BG
paper 97 195 120 203 0.102277 0.873806 BG
box 639 41 695 149 0.388051 0.481101 BG
box 642 62 643 64 0.244553 0.449222 BG
box 263 521 271 529 0.109417 0.200520 BG
box 623 115 653 131 0.1093 0.588128 BG
box 671 33 705 60 0.102727 0.404377 BG
whiteboard 330 1 510 95 0.356799 0.394888 BG
lamp 704 31 728 64 0.103495 0.440748 BG
