cabinet 551 14 711 182 0.472052 0.367451 file_cabinet
chair 41 152 218 495 0.856342 0.119033 sofa_chair
chair 4 282 88 511 0.625985 0.327248 BG
chair 292 166 473 474 0.482362 0.486615 endtable
chair 0 398 43 488 0.32674 0.556515 BG
chair 278 209 280 224 0.312956 0.634612 BG
chair 280 192 309 210 0.174152 0.766534 BG
chair 658 275 729 524 0.164999 0.351297 sofa
chair 192 201 200 214 0.158791 0.817602 BG
chair 672 288 699 305 0.137969 0.744380 BG
chair 187 195 213 216 0.133033 0.837500 BG
chair 234 229 299 265 0.12815 0.834056 BG
chair 707 288 720 292 0.125458 0.679869 BG
chair 198 196 205 213 0.123628 0.813195 BG
chair 695 295 700 304 0.118566 0.852660 BG
chair 663 296 690 325 0.112046 0.870730 BG
chair 283 229 303 255 0.111034 0.747698 BG
chair 688 302 694 312 0.102682 0.862858 BG
chair 258 258 309 319 0.101728 0.859035 BG
sofa 249 161 705 336 0.997795 0.002133 sofa
sofa 38 158 216 432 0.412992 0.259305 sofa_chair
sofa 291 163 507 265 0.229996 0.757715 BG
table 0 396 86 528 0.64273 0.161523 floor
table 243 248 479 495 0.515504 0.248128 endtable
table 45 311 232 520 0.230149 0.666449 BG
door 566 4 710 159 0.100726 0.585369 file_cabinet
bookshelf 432 8 583 176 0.92999 0.069828 bookshelf
bookshelf 522 0 566 184 0.573237 0.425637 BG
bookshelf 443 86 542 157 0.432067 0.528632 BG
bookshelf 435 0 571 35 0.277071 0.722297 BG
bookshelf 453 131 525 143 0.268822 0.684100 BG
bookshelf 509 88 556 158 0.228245 0.723348 BG
bookshelf 445 131 474 154 0.21972 0.680105 BG
bookshelf 442 0 500 88 0.199081 0.796175 BG
bookshelf 517 0 670 160 0.181265 0.734556 BG
bookshelf 446 15 475 26 0.153603 0.818743 BG
bookshelf 453 0 473 22 0.120123 0.858953 BG
bookshelf 443 21 468 75 0.118623 0.872035 BG
bookshelf 445 132 453 154 0.110788 0.599153 BG
bookshelf 441 0 449 85 0.1008 0.887716 BG
picture 86 8 228 127 0.501125 0.246124 BG
picture 195 82 228 109 0.374082 0.578476 BG
picture 318 39 334 67 0.321302 0.489176 BG
picture 96 78 119 115 0.276988 0.256752 BG
picture 218 98 224 101 0.173794 0.796736 BG
picture 136 67 143 74 0.172789 0.576401 BG
picture 109 101 121 115 0.170393 0.664811 BG
picture 196 105 228 109 0.158741 0.807630 BG
picture 588 2 650 40 0.153738 0.823989 BG
picture 219 82 228 104 0.1461 0.805968 BG
picture 632 0 701 44 0.133134 0.619417 picture
picture 131 46 147 62 0.132179 0.616461 BG
picture 4 92 13 106 0.125859 0.184324 BG
picture 429 1 441 6 0.110612 0.690921 BG
picture 414 7 439 61 0.102801 0.853851 BG
counter 638 47 666 53 0.110713 0.787725 BG
dresser 592 48 696 156 0.462028 0.183162 file_cabinet
pillow 572 174 643 263 0.51651 0.475847 BG
pillow 479 161 639 228 0.159827 0.820766 BG
paper 302 282 353 303 0.751425 0.233177 BG
paper 304 293 307 298 0.647556 0.338900 BG
paper 319 277 321 282 0.585515 0.396243 BG
paper 105 83 119 101 0.419607 0.261609 BG
paper 1 80 10 92 0.324148 0.206870 BG
paper 90 47 120 116 0.314862 0.288982 BG
paper 99 62 112 81 0.308342 0.539701 BG
paper 293 264 367 322 0.307546 0.663952 BG
paper 111 42 198 117 0.271746 0.366832 BG
paper 277 0 300 19 0.269634 0.572615 BG
paper 144 44 156 64 0.245648 0.542916 BG
paper 5 91 13 105 0.224825 0.184324 BG
paper 302 6 308 17 0.198565 0.644541 BG
paper 137 67 142 74 0.174645 0.576401 BG
paper 132 46 146 61 0.171379 0.616461 BG
paper 645 156 687 160 0.162648 0.243543 BG
paper 367 95 374 119 0.14994 0.516874 BG
paper 160 40 179 60 0.143805 0.749605 BG
paper 123 393 127 394 0.134828 0.471086 BG
paper 267 262 457 357 0.129477 0.773490 BG
paper 134 111 156 114 0.120052 0.730079 BG
paper 428 0 441 6 0.118973 0.690921 BG
paper 139 386 149 389 0.109888 0.637500 BG
paper 109 101 121 115 0.104507 0.664811 BG
paper 308 275 321 288 0.102674 0.875378 BG
paper 313 270 315 273 0.100691 0.808982 BG
box 645 156 688 160 0.22939 0.243543 BG
box 657 254 672 305 0.157724 0.784034 BG
box 366 95 375 119 0.156922 0.516874 BG
box 370 133 386 145 0.155198 0.441432 BG
box 537 128 554 136 0.139536 0.703696 BG
box 5 92 13 105 0.128208 0.184324 BG
box 89 49 122 111 0.127786 0.393622 BG
box 276 1 301 19 0.126948 0.572615 BG
box 1 81 10 91 0.120344 0.206870 BG
box 662 281 667 297 0.110694 0.848093 BG
box 1 209 44 253 0.10751 0.879581 floor
box 123 392 126 394 0.106583 0.471086 BG
box 679 104 729 188 0.10507 0.305839 BG
box 143 44 158 64 0.103682 0.542916 BG
box 1 208 26 222 0.103033 0.883238 BG
whiteboard 30 5 270 204 0.331263 0.629216 BG
whiteboard 310 22 389 183 0.197033 0.469970 BG
whiteboard 5 91 13 107 0.130709 0.184324 BG
person 640 1 702 48 0.186283 0.619417 picture
person 697 1 701 14 0.104117 0.764905 BG
garbage_bin 692 104 729 183 0.51658 0.338335 BG
garbage_bin 692 162 729 186 0.275208 0.228620 BG
garbage_bin 663 267 729 521 0.176871 0.355315 sofa
garbage_bin 660 101 726 308 0.169563 0.561480 BG
garbage_bin 596 122 610 124 0.158181 0.537017 BG
garbage_bin 644 157 689 188 0.1413 0.545099 BG
garbage_bin 638 168 693 307 0.12733 0.768605 BG
garbage_bin 590 120 670 124 0.121371 0.689171 BG
