chair 445 205 584 383 0.961397 0.036382 chair
chair 214 217 385 474 0.851485 0.142297 chair
chair 111 120 264 249 0.634727 0.302984 BG
chair 4 159 139 275 0.385445 0.586820 BG
chair 205 138 260 194 0.283947 0.690385 BG
chair 442 226 496 356 0.244523 0.739148 BG
chair 1 190 137 223 0.214924 0.728494 BG
chair 0 370 161 529 0.172603 0.526249 BG
chair 418 103 704 344 0.13737 0.761482 BG
chair 340 162 445 230 0.119575 0.744126 BG
chair 148 164 251 205 0.103332 0.893897 BG
sofa 713 270 729 363 0.155672 0.244127 BG
sofa 564 253 729 529 0.110283 0.533639 BG
sofa 721 270 729 316 0.10465 0.303672 BG
table 52 230 373 510 0.933721 0.012693 table&&chair
table 156 184 479 353 0.689613 0.268625 table
table 387 182 471 319 0.628063 0.343596 BG
table 334 127 453 263 0.259493 0.706824 BG
table 0 355 209 529 0.220329 0.668801 BG
table 114 130 279 260 0.2024 0.346821 BG
table 19 283 34 291 0.102652 0.734391 BG
table 556 185 707 526 0.10098 0.643719 BG
bookshelf 485 24 573 221 0.902705 0.094597 BG
bookshelf 497 38 525 106 0.280824 0.702767 BG
bookshelf 488 83 534 168 0.280221 0.610907 BG
bookshelf 477 54 693 274 0.267777 0.621817 BG
bookshelf 509 47 513 49 0.134339 0.815045 BG
picture 477 3 500 35 0.265921 0.687500 BG
picture 425 1 463 18 0.207069 0.620730 BG
picture 392 1 453 31 0.135164 0.573545 ceiling
picture 727 85 729 92 0.104676 0.656795 BG
picture 457 17 461 20 0.103336 0.765586 BG
counter 11 205 238 478 0.280242 0.468451 BG
desk 26 225 409 455 0.204741 0.339526 table&&chair
mirror 281 4 459 195 0.223169 0.560750 BG
mirror 547 5 722 271 0.185921 0.646376 BG
mirror 662 8 729 197 0.100214 0.646195 BG
paper 381 5 428 28 0.178582 0.472154 BG
paper 367 228 377 232 0.176362 0.816102 BG
paper 204 510 219 517 0.167239 0.287222 BG
paper 201 230 204 232 0.141742 0.512617 BG
paper 368 216 429 239 0.137133 0.831694 BG
paper 0 252 49 299 0.126244 0.476065 BG
paper 141 479 224 529 0.120274 0.607004 BG
paper 1 61 14 165 0.10353 0.340751 BG
box 27 211 32 214 0.384831 0.546342 BG
box 0 208 5 211 0.367404 0.550832 BG
box 18 205 22 208 0.326452 0.607450 BG
box 6 207 8 211 0.294847 0.651026 BG
box 1 103 8 164 0.260508 0.263684 BG
box 13 209 16 214 0.241808 0.707805 BG
box 1 181 14 220 0.238362 0.650664 BG
box 1 208 13 220 0.223339 0.597817 BG
box 1 59 15 163 0.17672 0.340751 BG
box 12 192 22 214 0.156468 0.809290 BG
box 2 11 41 165 0.145361 0.469042 BG
box 0 181 56 220 0.121941 0.774243 BG
box 502 86 512 91 0.106456 0.782484 BG
box 5 185 18 195 0.10384 0.831306 BG
person 708 311 719 337 0.319861 0.531508 BG
person 660 120 727 267 0.22846 0.511526 BG
person 714 263 729 367 0.193564 0.244127 BG
person 547 20 588 33 0.143351 0.761737 BG
person 673 192 700 249 0.142096 0.776537 BG
person 699 208 703 215 0.130991 0.776626 BG
person 722 267 729 317 0.102745 0.303672 BG
lamp 669 12 726 46 0.428933 0.510763 ceiling
lamp 175 250 199 290 0.217086 0.503178 BG
lamp 701 122 728 267 0.148323 0.323825 BG
lamp 670 14 725 182 0.124405 0.591572 BG
lamp 533 8 540 17 0.121847 0.760232 BG
lamp 718 82 729 134 0.102722 0.543729 BG
garbage_bin 704 250 729 269 0.123419 0.245995 BG
garbage_bin 0 61 15 168 0.112622 0.340751 BG
garbage_bin 392 215 447 308 0.105617 0.728999 BG
