cabinet 73 87 323 204 0.131744 0.678843 BG
chair 248 173 448 453 0.883222 0.113688 chair
chair 99 518 103 522 0.24648 0.454010 BG
chair 359 252 470 341 0.124153 0.873281 BG
sofa 550 188 721 457 0.160381 0.673649 BG
table 229 144 545 428 0.118973 0.114110 desk&&chair
counter 6 112 276 374 0.160689 0.716706 BG
blinds 0 303 45 373 0.120467 0.689052 BG
blinds 0 313 27 330 0.117511 0.718752 BG
paper 1 88 41 100 0.669281 0.244758 BG
paper 38 161 63 178 0.567199 0.378373 BG
paper 2 0 127 133 0.53667 0.320823 BG
paper 56 71 118 85 0.500612 0.278420 BG
paper 75 78 111 84 0.484811 0.295767 BG
paper 53 55 117 69 0.437191 0.366096 BG
paper 0 0 126 30 0.436754 0.395438 BG
paper 54 66 99 76 0.427978 0.401276 BG
paper 3 135 70 209 0.379587 0.313620 BG
paper 151 111 158 116 0.373312 0.275582 BG
paper 142 105 145 111 0.371754 0.213343 BG
paper 122 113 126 115 0.363581 0.183805 BG
paper 56 163 61 168 0.344564 0.620553 BG
paper 139 87 152 105 0.33833 0.335520 BG
paper 115 110 128 116 0.328412 0.346857 BG
paper 8 127 35 137 0.316094 0.528776 BG
paper 5 35 103 296 0.315127 0.422912 BG
paper 128 21 131 25 0.311848 0.613854 BG
paper 60 84 122 107 0.297239 0.413680 BG
paper 113 169 138 176 0.289594 0.542963 BG
paper 126 5 141 23 0.288097 0.662790 BG
paper 136 63 175 105 0.28056 0.545330 BG
paper 99 176 118 182 0.271904 0.581886 BG
paper 127 20 130 22 0.265163 0.715586 BG
paper 129 108 144 120 0.260247 0.236350 BG
paper 38 0 197 66 0.255501 0.595204 BG
paper 47 26 180 198 0.251848 0.521053 BG
paper 151 118 160 130 0.248681 0.226997 BG
paper 125 0 199 23 0.24753 0.665042 BG
paper 149 135 149 141 0.238285 0.194735 BG
paper 69 109 165 269 0.231283 0.480945 BG
paper 137 70 139 76 0.227995 0.521522 BG
paper 124 0 169 66 0.215052 0.689000 BG
paper 88 186 149 236 0.202875 0.474313 BG
paper 49 51 54 67 0.201752 0.564885 BG
paper 130 28 135 59 0.192782 0.590550 BG
paper 183 146 187 156 0.178781 0.597163 BG
paper 131 22 181 142 0.174158 0.693792 BG
paper 123 0 131 7 0.164924 0.771112 BG
paper 9 218 38 232 0.163849 0.720622 BG
paper 145 101 181 164 0.159107 0.560661 BG
paper 185 156 187 163 0.152076 0.639312 BG
paper 75 101 98 107 0.147115 0.585213 BG
paper 33 297 46 304 0.147013 0.676832 BG
paper 207 17 213 19 0.14498 0.841471 BG
paper 150 144 168 164 0.136959 0.324675 BG
paper 1 232 25 313 0.132268 0.360649 BG
paper 668 396 711 418 0.12952 0.387085 BG
paper 129 258 140 266 0.124649 0.809388 BG
paper 161 1 209 136 0.123465 0.791479 BG
paper 199 232 202 234 0.120035 0.770853 BG
paper 150 136 186 179 0.118146 0.627631 BG
paper 101 111 117 118 0.117008 0.788149 BG
paper 589 386 596 397 0.115334 0.648011 BG
paper 25 301 32 305 0.113032 0.642260 BG
paper 26 305 31 309 0.109926 0.628446 BG
paper 132 0 278 66 0.105943 0.850664 BG
paper 172 57 205 100 0.104667 0.834041 BG
paper 53 26 72 27 0.101778 0.618259 BG
paper 570 392 579 398 0.101028 0.555543 BG
box 66 109 140 195 0.426504 0.282732 BG
box 149 135 150 141 0.22965 0.194735 BG
box 74 101 99 108 0.225756 0.585213 BG
box 57 84 125 108 0.204591 0.413680 BG
box 1 200 111 304 0.170421 0.518516 BG
box 123 112 127 115 0.139744 0.183805 BG
box 130 108 145 120 0.138377 0.236350 BG
box 0 135 72 214 0.131527 0.313620 BG
box 150 144 169 164 0.131467 0.324675 BG
box 143 105 145 111 0.12244 0.213343 BG
box 0 227 6 233 0.116799 0.638111 BG
box 375 372 378 378 0.115153 0.526991 BG
box 97 110 130 119 0.114472 0.353216 BG
box 86 184 153 237 0.111243 0.474313 BG
box 151 118 161 130 0.111106 0.226997 BG
box 73 78 113 85 0.107885 0.295767 BG
box 47 23 174 200 0.102882 0.495601 BG
box 151 111 158 116 0.101435 0.275582 BG
box 379 362 387 366 0.101023 0.539132 BG
garbage_bin 327 102 334 129 0.337248 0.608661 BG
garbage_bin 700 449 729 460 0.114646 0.107422 BG
garbage_bin 570 391 579 398 0.108226 0.555543 BG
garbage_bin 148 136 150 141 0.100923 0.194735 BG
