cabinet 77 45 291 444 0.397568 0.321127 file_cabinet
picture 335 2 364 69 0.652227 0.253854 BG
picture 345 0 411 63 0.341068 0.571521 BG
picture 380 15 398 48 0.185371 0.707128 BG
picture 373 16 380 25 0.142852 0.690373 BG
picture 699 131 729 216 0.126108 0.655846 garbage_bin
picture 373 46 377 52 0.11944 0.806247 BG
picture 112 1 257 64 0.114372 0.444023 curtain
picture 718 191 729 219 0.1138 0.529992 BG
picture 710 146 722 172 0.112145 0.587059 BG
blinds 95 2 346 68 0.524481 0.374970 curtain
blinds 279 1 336 68 0.491915 0.496705 BG
blinds 264 0 287 70 0.190914 0.803758 BG
blinds 295 20 299 38 0.153319 0.837667 BG
blinds 255 2 474 72 0.106062 0.864724 BG
dresser 527 123 643 211 0.149753 0.592061 BG
fridge 7 27 116 508 0.207336 0.292580 BG
fridge 434 0 523 331 0.204394 0.492523 file_cabinet
fridge 67 6 246 508 0.167099 0.646108 BG
paper 701 184 729 191 0.232674 0.525017 BG
paper 95 26 103 40 0.232583 0.531272 BG
paper 103 29 105 37 0.22045 0.609445 BG
paper 696 185 729 227 0.165089 0.484610 garbage_bin
paper 722 228 729 232 0.148463 0.192849 BG
paper 103 29 109 58 0.11678 0.696718 BG
paper 712 66 729 145 0.110056 0.287954 BG
paper 695 226 729 234 0.104891 0.452116 BG
paper 718 192 729 219 0.10398 0.529992 BG
paper 373 16 380 25 0.103224 0.690373 BG
box 125 55 126 61 0.574127 0.397722 BG
box 597 187 607 192 0.512018 0.425777 BG
box 125 48 130 54 0.484438 0.457223 BG
box 568 185 626 216 0.371333 0.572713 BG
box 126 57 134 64 0.321765 0.622642 BG
box 674 188 729 232 0.296067 0.478295 BG
box 397 66 407 69 0.278537 0.478718 BG
box 384 46 409 69 0.272037 0.510935 BG
box 566 154 591 212 0.239351 0.705474 BG
box 567 155 574 189 0.222933 0.746874 BG
box 688 204 698 211 0.219435 0.649379 BG
box 366 64 372 68 0.205533 0.732116 BG
box 673 211 675 214 0.182605 0.705553 BG
box 673 203 698 228 0.178871 0.687975 BG
box 95 26 104 40 0.173476 0.531272 BG
box 701 184 729 191 0.168737 0.525017 BG
box 717 190 729 219 0.145881 0.529992 BG
box 103 29 110 58 0.143599 0.696718 BG
box 698 189 722 215 0.142269 0.715379 BG
box 673 215 678 227 0.139941 0.772923 BG
box 75 3 124 65 0.139668 0.630506 BG
box 524 156 621 214 0.139582 0.803959 BG
box 130 46 150 60 0.132617 0.832361 BG
box 367 68 388 86 0.127829 0.841409 BG
box 673 203 676 214 0.127602 0.710492 BG
box 363 56 374 65 0.123691 0.769495 BG
box 103 28 106 38 0.118279 0.609445 BG
box 716 104 729 130 0.11728 0.391187 BG
box 463 54 465 58 0.116364 0.744572 BG
box 492 43 496 62 0.11626 0.637070 BG
box 439 234 510 277 0.112538 0.800700 BG
box 722 227 729 231 0.111419 0.192849 BG
box 110 3 126 65 0.111289 0.731571 BG
whiteboard 10 6 98 189 0.229666 0.567043 BG
whiteboard 1 144 103 479 0.185023 0.089365 BG
toilet 398 70 509 322 0.138559 0.592171 file_cabinet
lamp 141 4 218 54 0.608075 0.281251 BG
lamp 437 0 481 73 0.388425 0.568252 BG
lamp 456 15 465 64 0.379009 0.532072 BG
lamp 456 16 459 47 0.366792 0.567367 BG
lamp 479 22 493 32 0.320374 0.580536 BG
lamp 122 1 152 53 0.151337 0.815083 BG
lamp 457 0 524 78 0.147163 0.806760 BG
lamp 457 37 461 64 0.117404 0.797146 BG
garbage_bin 436 191 515 271 0.239282 0.610104 BG
garbage_bin 110 187 377 474 0.228277 0.574804 file_cabinet
garbage_bin 638 101 646 118 0.22186 0.638721 BG
garbage_bin 401 107 512 314 0.19743 0.510948 file_cabinet
garbage_bin 641 115 648 132 0.122229 0.763157 BG
garbage_bin 711 227 729 234 0.102879 0.388234 BG
