cabinet 12 206 249 480 0.306206 0.439651 BG
chair 381 141 500 256 0.946415 0.049676 chair
chair 245 110 384 238 0.701061 0.263133 BG
chair 279 92 349 125 0.286323 0.647948 BG
chair 384 171 435 244 0.229967 0.766403 BG
chair 470 208 483 244 0.18492 0.784521 BG
chair 403 112 433 220 0.165325 0.799332 BG
chair 292 135 296 146 0.163778 0.792268 BG
chair 279 93 294 121 0.15025 0.766570 BG
chair 426 199 489 249 0.134824 0.832445 BG
chair 479 201 495 248 0.10468 0.856014 BG
table 218 220 479 485 0.941186 0.031919 BG
table 0 160 280 520 0.745571 0.042586 BG
table 406 190 554 243 0.202263 0.588559 BG
table 423 201 713 511 0.135407 0.647848 floor
table 270 73 401 222 0.125526 0.454458 BG
door 428 2 545 127 0.30594 0.493384 BG
door 407 1 440 110 0.258859 0.520051 BG
door 310 4 676 137 0.168159 0.638058 BG
bookshelf 552 17 720 287 0.12485 0.606190 BG
picture 322 2 369 65 0.462259 0.387613 BG
picture 208 37 252 82 0.299757 0.354229 BG
picture 234 2 251 39 0.267022 0.503092 BG
picture 334 36 367 61 0.149471 0.592142 BG
picture 216 1 235 38 0.106893 0.701474 BG
counter 0 362 345 524 0.118754 0.545006 BG
blinds 0 3 53 127 0.10493 0.847278 BG
desk 0 182 328 482 0.684691 0.107939 BG
desk 182 161 475 503 0.212144 0.038280 table
desk 432 183 701 489 0.173045 0.766711 floor
pillow 102 21 186 103 0.142279 0.294557 BG
pillow 342 505 377 522 0.132988 0.130335 BG
mirror 404 3 441 120 0.125339 0.520051 BG
clothes 104 27 189 104 0.327426 0.294557 BG
clothes 310 429 483 529 0.311506 0.250298 garbage_bin
clothes 346 508 373 522 0.2909 0.147240 BG
clothes 314 491 348 529 0.118827 0.481569 BG
clothes 146 49 153 56 0.118434 0.814615 BG
clothes 452 475 484 527 0.102118 0.565268 BG
paper 335 23 357 37 0.678537 0.252864 BG
paper 323 33 335 51 0.579664 0.297583 BG
paper 322 26 368 61 0.456679 0.296903 BG
paper 327 23 330 26 0.440054 0.540948 BG
paper 699 450 729 529 0.261636 0.141560 BG
paper 109 92 119 95 0.252805 0.502339 BG
paper 93 54 113 68 0.250496 0.649889 BG
paper 323 0 341 53 0.240806 0.508643 BG
paper 322 51 335 60 0.211632 0.442777 BG
paper 538 161 540 167 0.211551 0.462444 BG
paper 705 483 716 529 0.206844 0.163018 BG
paper 500 206 556 240 0.157483 0.809644 BG
paper 94 92 132 129 0.152234 0.617652 BG
paper 105 56 132 71 0.144772 0.752482 BG
paper 561 226 650 256 0.123602 0.526221 BG
paper 98 93 211 133 0.1152 0.532725 BG
paper 507 200 527 208 0.113118 0.835048 BG
paper 87 110 98 132 0.109159 0.563883 BG
paper 151 157 157 174 0.106419 0.714357 BG
paper 165 135 169 136 0.106062 0.764223 BG
paper 88 69 133 92 0.104799 0.789150 BG
paper 514 193 517 193 0.104142 0.787812 BG
paper 561 235 565 236 0.100535 0.784706 BG
paper 508 191 515 199 0.100076 0.833309 BG
box 516 136 532 198 0.593226 0.287554 BG
box 561 216 668 260 0.377368 0.515579 BG
box 526 177 526 181 0.358762 0.517358 BG
box 519 137 568 185 0.33801 0.590173 BG
box 537 160 541 168 0.315601 0.462444 BG
box 95 92 215 137 0.276385 0.484350 BG
box 519 143 677 238 0.229157 0.681763 BG
box 516 184 525 200 0.223541 0.592831 BG
box 87 110 99 132 0.215946 0.563883 BG
box 206 37 254 80 0.205037 0.354229 BG
box 698 445 729 528 0.169439 0.141560 BG
box 152 99 204 124 0.162979 0.750672 BG
box 225 93 248 95 0.159327 0.539523 BG
box 82 98 132 138 0.157434 0.629559 BG
box 223 228 235 267 0.155997 0.697651 BG
box 255 97 259 101 0.14895 0.508282 BG
box 705 479 717 528 0.144504 0.163018 BG
box 193 118 207 120 0.135376 0.710968 BG
box 322 51 335 60 0.132979 0.442777 BG
box 488 199 564 282 0.127686 0.730116 BG
box 295 525 298 529 0.119683 0.408137 BG
box 91 128 131 138 0.117364 0.668176 BG
box 129 131 141 134 0.113334 0.748268 BG
box 229 87 259 95 0.111978 0.710420 BG
box 561 239 652 291 0.110305 0.819990 storage_box
box 131 127 152 132 0.109527 0.766788 BG
box 35 183 43 191 0.108353 0.833901 BG
box 81 83 101 132 0.101356 0.645557 BG
box 157 130 164 136 0.10087 0.750371 BG
whiteboard 419 8 518 187 0.377381 0.529055 BG
whiteboard 443 8 664 206 0.166163 0.755974 BG
whiteboard 405 5 438 197 0.109566 0.718927 BG
bag 312 461 489 529 0.504338 0.142733 garbage_bin
bag 343 499 388 523 0.405917 0.185530 BG
bag 313 493 349 529 0.306244 0.481569 BG
bag 453 481 483 529 0.274345 0.565268 BG
garbage_bin 208 454 324 529 0.657495 0.330427 BG
garbage_bin 207 475 224 509 0.645941 0.348790 BG
garbage_bin 220 467 257 492 0.59454 0.405026 BG
garbage_bin 21 375 325 529 0.211495 0.521435 floor
garbage_bin 334 440 336 447 0.171392 0.815735 BG
garbage_bin 295 526 299 529 0.116969 0.408137 BG
garbage_bin 344 458 345 461 0.114069 0.862517 BG
garbage_bin 702 460 729 529 0.112078 0.108574 BG
