cabinet 204 103 442 249 0.260777 0.563211 BG
bed 0 142 401 529 0.991943 0.006524 bed
sofa 363 347 678 529 0.136649 0.549692 floor
table 0 409 204 529 0.489089 0.280221 BG
picture 233 20 405 97 0.967738 0.029634 picture
picture 97 23 140 88 0.920016 0.069811 picture
picture 133 25 139 75 0.594649 0.341773 BG
picture 388 33 406 96 0.498489 0.367207 BG
picture 105 31 129 55 0.45552 0.517682 BG
picture 713 176 729 217 0.31459 0.345516 BG
picture 107 58 130 79 0.295165 0.684714 BG
picture 5 6 43 99 0.258214 0.392569 BG
picture 717 165 729 177 0.239172 0.341376 BG
picture 690 160 716 205 0.208733 0.519726 BG
picture 104 79 130 85 0.165822 0.802303 BG
picture 400 69 415 92 0.151087 0.713206 BG
picture 100 26 169 144 0.136336 0.637358 BG
picture 392 72 401 95 0.132231 0.723418 BG
picture 403 70 410 75 0.127341 0.663588 BG
picture 97 24 101 73 0.111528 0.870279 BG
picture 103 86 104 86 0.109173 0.872107 BG
dresser 4 97 62 257 0.703843 0.207386 dresser
dresser 4 203 65 247 0.161232 0.649687 BG
dresser 4 171 66 213 0.13512 0.803442 BG
dresser 637 193 729 529 0.114928 0.276745 BG
clothes 652 518 660 529 0.184747 0.442552 BG
clothes 651 489 675 527 0.136752 0.354264 BG
clothes 651 503 660 518 0.123007 0.632726 BG
paper 465 295 494 316 0.788249 0.165812 BG
paper 464 304 472 311 0.787532 0.196894 BG
paper 480 291 484 293 0.736179 0.216808 BG
paper 463 323 491 332 0.620548 0.313725 BG
paper 463 299 515 338 0.613191 0.283960 BG
paper 197 126 220 154 0.568982 0.407209 BG
paper 199 116 249 173 0.518606 0.395960 BG
paper 467 285 494 293 0.478572 0.411252 BG
paper 434 282 494 329 0.43856 0.364615 BG
paper 202 114 245 129 0.274128 0.668603 BG
paper 482 331 491 336 0.260304 0.608299 BG
paper 198 122 207 128 0.259843 0.720335 BG
paper 247 127 249 132 0.235298 0.645517 BG
paper 483 281 487 288 0.205847 0.605444 BG
paper 717 164 729 176 0.17041 0.341376 BG
paper 470 283 482 287 0.155425 0.750634 BG
paper 718 504 729 512 0.147264 0.388031 BG
paper 148 496 215 529 0.138029 0.312958 BG
paper 713 175 729 216 0.121563 0.345516 BG
paper 695 506 701 517 0.11022 0.496158 BG
paper 6 369 17 374 0.109173 0.746086 BG
towel 650 435 726 529 0.464041 0.109090 BG
towel 658 496 672 529 0.389699 0.385287 BG
towel 672 496 680 502 0.17304 0.747775 BG
towel 689 489 691 496 0.142617 0.599016 BG
towel 652 505 659 519 0.115743 0.632726 BG
box 427 284 514 379 0.785715 0.140283 BG
box 258 440 268 479 0.735884 0.260773 BG
box 432 342 439 349 0.690019 0.307461 BG
box 266 437 272 446 0.442315 0.552834 BG
box 424 247 540 312 0.422398 0.561158 BG
box 463 233 700 383 0.39331 0.500744 shelves
box 174 405 304 529 0.36766 0.607070 BG
box 445 233 447 238 0.3219 0.671803 BG
box 211 410 228 420 0.28701 0.624318 BG
box 270 429 286 439 0.278687 0.693780 BG
box 438 357 480 373 0.276516 0.672017 BG
box 427 335 443 366 0.275441 0.714879 BG
box 432 289 470 331 0.234291 0.564072 BG
box 655 248 711 365 0.210595 0.663200 BG
box 247 405 250 407 0.187958 0.707278 BG
box 442 233 535 261 0.187215 0.782099 BG
box 482 280 487 288 0.186151 0.605444 BG
box 200 107 203 109 0.181051 0.730754 BG
box 719 215 725 222 0.169061 0.407857 BG
box 445 208 454 236 0.160848 0.812334 BG
box 713 229 721 230 0.160206 0.490385 BG
box 147 494 215 528 0.149378 0.312958 BG
box 689 176 717 206 0.138882 0.669209 BG
box 724 196 729 223 0.136126 0.468484 BG
box 414 309 432 354 0.132003 0.855921 BG
box 95 190 102 192 0.120455 0.878145 BG
box 451 326 459 329 0.11972 0.851132 BG
box 249 402 255 405 0.117438 0.779783 BG
box 442 245 480 260 0.109011 0.884778 BG
box 678 202 705 218 0.108144 0.767530 BG
box 465 285 495 293 0.106957 0.411252 BG
box 712 176 729 215 0.1054 0.345516 BG
box 450 165 561 352 0.100699 0.847332 BG
box 470 252 532 269 0.100583 0.894241 BG
night_stand 422 231 537 392 0.103377 0.145516 night_stand
sink 622 313 729 529 0.128503 0.370983 BG
lamp 102 64 182 194 0.859931 0.135277 lamp
lamp 136 75 174 128 0.572793 0.389357 BG
lamp 140 117 159 157 0.244729 0.754949 BG
lamp 134 116 145 162 0.176384 0.823497 BG
lamp 135 111 141 124 0.158631 0.841295 BG
lamp 116 85 134 124 0.155083 0.844399 BG
lamp 155 122 180 177 0.142434 0.842781 BG
lamp 143 126 159 137 0.141663 0.857748 BG
lamp 134 75 148 106 0.114269 0.849032 BG
lamp 157 77 164 97 0.112667 0.803562 BG
lamp 148 94 152 105 0.103452 0.888766 BG
bag 650 431 728 527 0.215489 0.109090 BG
bag 651 491 673 528 0.131075 0.354264 BG
bag 652 519 659 529 0.119518 0.442552 BG
bag 652 504 659 519 0.111359 0.632726 BG
garbage_bin 406 260 408 262 0.340133 0.593090 BG
garbage_bin 656 303 702 367 0.295221 0.601772 BG
garbage_bin 452 168 461 181 0.254688 0.650184 BG
garbage_bin 448 143 469 207 0.17097 0.708589 BG
garbage_bin 641 235 728 518 0.149791 0.283866 BG
