cabinet 570 80 727 291 0.475045 0.271967 BG
bed 29 171 270 529 0.331919 0.136645 BG
bed 8 149 132 182 0.135003 0.649039 BG
bed 17 122 207 217 0.133588 0.801818 BG
bed 153 168 649 529 0.108364 0.234718 clock
bed 404 104 669 376 0.10774 0.664519 sofa
sofa 0 164 674 529 0.954922 0.029596 clock
sofa 12 175 316 377 0.367211 0.394661 BG
sofa 0 299 149 529 0.25824 0.692687 BG
door 425 121 445 208 0.127949 0.634283 BG
bookshelf 601 56 729 217 0.162939 0.582510 BG
bookshelf 615 94 719 136 0.155303 0.734584 BG
bookshelf 0 9 153 114 0.119198 0.861229 BG
picture 430 14 573 262 0.825459 0.154106 sign
picture 356 1 381 19 0.440692 0.395609 BG
picture 313 1 393 28 0.416402 0.281454 BG
picture 467 32 484 75 0.320877 0.662056 BG
picture 451 176 462 187 0.311716 0.662625 BG
picture 467 1 634 9 0.29511 0.595898 BG
picture 324 1 354 18 0.256396 0.408344 BG
picture 467 71 473 80 0.218434 0.658617 BG
picture 470 185 482 192 0.198658 0.764268 BG
picture 575 76 599 91 0.188406 0.611385 BG
picture 463 79 473 91 0.184748 0.693845 BG
picture 714 161 729 178 0.183272 0.505624 BG
picture 685 155 698 182 0.180985 0.487405 BG
picture 601 127 650 202 0.158356 0.723105 BG
picture 361 157 417 179 0.156658 0.774491 BG
picture 486 179 512 199 0.154084 0.685180 BG
picture 326 1 329 11 0.151633 0.236040 BG
picture 605 107 728 200 0.140891 0.466092 BG
picture 715 112 729 163 0.139257 0.429796 BG
picture 381 1 394 23 0.127567 0.618496 BG
picture 697 164 715 177 0.121187 0.719130 BG
picture 604 136 616 182 0.117007 0.833872 BG
picture 629 3 729 96 0.115397 0.756172 ceiling
picture 541 77 599 108 0.114432 0.769490 BG
picture 598 196 680 213 0.108786 0.729477 BG
picture 423 0 428 3 0.107635 0.450501 BG
picture 723 89 729 107 0.106539 0.447990 BG
picture 723 162 729 165 0.106417 0.613925 BG
picture 724 219 729 223 0.102322 0.126596 BG
pillow 330 256 493 503 0.89387 0.100805 pillow
pillow 10 194 164 313 0.846782 0.144424 pillow
pillow 184 183 350 444 0.830478 0.142841 BG
pillow 0 230 45 297 0.788617 0.209514 pillow
pillow 207 338 315 424 0.771016 0.208707 BG
pillow 341 280 406 353 0.731798 0.266180 BG
pillow 301 280 408 446 0.619081 0.315488 BG
pillow 104 202 602 518 0.553694 0.125874 clock
pillow 116 161 202 308 0.530399 0.463314 BG
pillow 369 286 393 332 0.438398 0.561343 BG
pillow 147 202 176 247 0.37207 0.619471 BG
pillow 31 304 311 452 0.351809 0.629266 BG
pillow 105 251 167 316 0.345909 0.648700 BG
pillow 27 238 46 286 0.333858 0.660661 BG
pillow 6 156 129 243 0.282076 0.554974 pillow
pillow 167 184 227 314 0.268045 0.685017 BG
pillow 379 293 387 309 0.243629 0.755889 BG
pillow 6 152 124 177 0.243578 0.394303 BG
pillow 85 153 200 202 0.238001 0.679172 BG
pillow 258 372 305 419 0.203908 0.793983 BG
pillow 203 362 247 424 0.164683 0.833226 BG
pillow 371 303 382 327 0.121754 0.878168 BG
pillow 205 179 227 211 0.113138 0.842097 BG
pillow 3 160 58 175 0.111707 0.496881 BG
pillow 365 411 441 505 0.104482 0.893950 BG
pillow 277 304 378 372 0.103275 0.714125 BG
mirror 714 109 729 165 0.101679 0.429796 BG
clothes 5 154 85 176 0.163615 0.498079 BG
clothes 56 154 83 165 0.139214 0.654286 BG
clothes 62 150 124 178 0.138063 0.497479 BG
clothes 302 299 355 445 0.118218 0.661274 BG
clothes 301 310 305 316 0.109378 0.772068 BG
fridge 589 98 729 219 0.113191 0.414640 BG
paper 362 133 369 138 0.423933 0.473686 BG
paper 371 131 383 139 0.421638 0.448987 BG
paper 423 0 428 3 0.405639 0.450501 BG
paper 332 118 378 136 0.241791 0.614556 BG
paper 340 86 381 122 0.214325 0.628491 BG
paper 686 155 697 181 0.168778 0.487405 BG
paper 720 224 729 246 0.157908 0.175591 BG
paper 2 96 21 117 0.147542 0.720752 BG
paper 724 219 729 223 0.144803 0.126596 BG
paper 1 479 32 529 0.142159 0.387862 BG
paper 576 75 599 91 0.134882 0.611385 BG
paper 381 0 394 22 0.120403 0.618496 BG
paper 488 54 493 80 0.116595 0.590968 BG
paper 396 35 397 37 0.106246 0.730382 BG
paper 700 247 729 270 0.105885 0.546288 BG
paper 524 186 565 207 0.105691 0.722798 BG
paper 327 1 330 11 0.105085 0.236040 BG
paper 503 52 511 87 0.104876 0.517107 BG
paper 486 179 511 198 0.104169 0.685180 BG
box 326 1 329 11 0.341975 0.236040 BG
box 123 78 124 84 0.285757 0.558857 BG
box 312 1 326 17 0.245417 0.459747 BG
box 115 62 128 84 0.241393 0.718542 BG
box 724 219 729 222 0.227347 0.103667 BG
box 103 68 128 104 0.216898 0.728892 BG
box 720 222 729 245 0.194754 0.175591 BG
box 86 68 118 87 0.18748 0.777000 BG
box 325 0 354 18 0.169465 0.408344 BG
box 51 113 81 125 0.158831 0.609961 BG
box 143 29 147 43 0.15051 0.654640 BG
box 708 239 723 246 0.138223 0.630911 BG
box 314 1 393 27 0.121817 0.281454 BG
box 178 71 181 73 0.119138 0.729261 BG
box 677 219 729 245 0.114174 0.599409 BG
box 171 68 178 81 0.113477 0.655140 BG
box 93 78 111 100 0.111177 0.777878 BG
box 61 146 99 155 0.110218 0.664902 BG
box 338 84 380 122 0.109503 0.628491 BG
box 1 476 34 529 0.102704 0.387862 BG
person 54 67 79 116 0.153621 0.735386 BG
person 74 84 78 94 0.120133 0.800129 BG
person 23 114 35 118 0.118199 0.633890 BG
bag 296 307 322 321 0.173687 0.739788 BG
bag 296 304 340 346 0.172334 0.715221 BG
bag 214 362 252 393 0.165054 0.823886 BG
bag 201 343 338 439 0.13319 0.346166 BG
bag 312 328 319 348 0.109573 0.805512 BG
bag 320 293 348 318 0.101759 0.843670 BG
