cabinet 3 45 72 224 0.500558 0.383722 BG
cabinet 54 194 392 337 0.108466 0.638309 desk
cabinet 459 119 625 491 0.107745 0.529907 BG
chair 492 210 662 527 0.473533 0.308809 shelf
chair 396 150 462 221 0.405597 0.516617 BG
chair 151 269 389 374 0.322626 0.624998 BG
chair 433 140 457 189 0.293439 0.580590 BG
chair 454 145 467 189 0.243052 0.616593 BG
chair 240 138 298 187 0.214387 0.767454 BG
chair 542 205 632 249 0.188253 0.807417 BG
chair 348 133 457 343 0.184158 0.714140 BG
chair 274 128 315 171 0.162594 0.683905 BG
chair 400 195 454 283 0.132078 0.587095 BG
chair 282 128 302 144 0.117569 0.638467 pillow
chair 185 159 237 183 0.106778 0.801693 BG
sofa 395 141 466 206 0.10045 0.632913 BG
table 219 198 476 360 0.791628 0.170310 BG
table 392 203 461 305 0.357695 0.551740 BG
table 524 184 724 529 0.302028 0.191518 shelf&&cabinet
table 139 256 358 376 0.215079 0.550052 BG
table 320 236 601 512 0.21133 0.555444 BG
table 412 193 622 309 0.106147 0.817546 BG
bookshelf 334 75 393 150 0.142605 0.736546 BG
picture 500 0 550 11 0.375058 0.381181 BG
picture 522 5 530 26 0.310559 0.472405 BG
picture 409 88 439 104 0.274683 0.661122 BG
picture 437 85 456 101 0.227784 0.741315 BG
desk 104 185 285 366 0.504166 0.313584 desk
desk 463 184 701 520 0.359228 0.148904 shelf
desk 94 179 578 414 0.134952 0.691887 desk
mirror 618 0 729 314 0.10032 0.668509 BG
paper 205 258 244 298 0.510374 0.327793 BG
paper 198 268 207 274 0.467034 0.494288 BG
paper 212 255 229 264 0.465306 0.493070 BG
paper 212 275 214 282 0.458304 0.520491 BG
paper 207 257 212 263 0.450124 0.523949 BG
paper 205 266 211 272 0.42545 0.564564 BG
paper 204 257 214 274 0.423013 0.506698 BG
paper 212 235 243 263 0.375994 0.442774 BG
paper 243 252 245 255 0.202669 0.559540 BG
paper 121 259 124 262 0.200116 0.670909 BG
box 210 233 241 240 0.3862 0.542150 BG
box 211 238 243 262 0.266339 0.529983 BG
box 204 231 245 300 0.182292 0.327949 BG
box 1 187 8 188 0.16197 0.538038 BG
box 73 205 103 214 0.147056 0.761313 BG
box 242 251 245 256 0.124057 0.559540 BG
box 69 186 74 195 0.121731 0.712805 BG
box 90 186 91 189 0.121673 0.634595 BG
box 529 107 546 128 0.109177 0.536244 BG
box 535 106 540 107 0.103026 0.569824 BG
night_stand 100 206 248 355 0.475969 0.207771 BG
night_stand 161 233 242 283 0.178668 0.636576 BG
night_stand 1 61 33 163 0.104627 0.576875 BG
lamp 95 53 182 136 0.644345 0.209951 BG
lamp 254 107 269 110 0.225818 0.673026 BG
lamp 253 93 267 108 0.225569 0.671935 BG
lamp 81 79 96 103 0.223203 0.671873 BG
lamp 63 79 120 132 0.131709 0.787826 BG
lamp 77 79 94 83 0.120833 0.677357 BG
lamp 229 85 260 95 0.104359 0.818407 BG
bag 309 147 354 186 0.283007 0.481140 BG
garbage_bin 710 87 729 179 0.1405 0.230581 BG
garbage_bin 232 251 339 334 0.138977 0.536430 BG
garbage_bin 691 90 729 274 0.133354 0.233025 BG
