cabinet 5 225 168 488 0.219274 0.470217 BG
cabinet 181 90 559 308 0.136637 0.527959 BG
chair 155 274 359 529 0.669275 0.194726 bench
chair 195 517 199 524 0.260589 0.525014 BG
chair 578 337 723 475 0.256639 0.562706 BG
chair 529 166 729 529 0.173066 0.505544 BG
chair 156 445 160 452 0.118934 0.841107 BG
chair 189 517 199 529 0.111841 0.387297 BG
sofa 86 268 421 517 0.183248 0.736590 bench&&floor
table 560 388 713 529 0.251692 0.440570 BG
table 12 278 161 506 0.150923 0.621269 BG
bookshelf 600 10 715 402 0.50416 0.480051 BG
bookshelf 600 36 701 165 0.3342 0.646893 BG
bookshelf 594 160 668 344 0.180572 0.806467 BG
bookshelf 74 13 624 354 0.129527 0.786055 BG
bookshelf 593 118 697 208 0.119566 0.866599 BG
picture 75 0 121 31 0.263818 0.584768 BG
picture 117 1 158 45 0.250378 0.372186 lamp
picture 143 1 159 9 0.194731 0.581719 BG
counter 0 277 258 332 0.220887 0.771692 BG
counter 0 283 135 311 0.140748 0.853681 BG
pillow 157 316 297 405 0.369206 0.568763 BG
paper 577 505 580 512 0.164749 0.465508 BG
paper 530 174 557 211 0.163616 0.661963 BG
paper 571 508 604 526 0.136142 0.581185 BG
paper 571 508 579 515 0.101907 0.447545 BG
towel 648 270 729 366 0.115041 0.687943 BG
box 190 473 220 517 0.412247 0.462211 BG
box 264 342 301 382 0.342973 0.517812 BG
box 193 474 213 481 0.238281 0.692376 BG
box 572 507 578 515 0.235292 0.447545 BG
box 577 504 579 512 0.227837 0.465508 BG
box 315 363 324 371 0.219748 0.715277 BG
box 115 3 157 45 0.209149 0.372186 lamp
box 568 507 602 529 0.194416 0.346420 BG
box 458 1 468 14 0.193717 0.707766 BG
box 282 333 291 342 0.176429 0.810482 BG
box 568 525 579 529 0.163234 0.441180 BG
box 138 14 153 27 0.160713 0.611811 BG
box 529 174 557 213 0.151408 0.661963 BG
box 479 518 484 529 0.115535 0.361075 BG
box 236 98 237 104 0.104408 0.616755 BG
night_stand 197 114 536 314 0.133727 0.527959 BG
lamp 266 4 349 93 0.895902 0.083721 lamp
lamp 9 37 159 138 0.773233 0.210716 BG
lamp 186 101 233 148 0.713336 0.241696 BG
lamp 95 186 168 285 0.563757 0.409768 lamp
lamp 246 1 548 253 0.562117 0.384136 BG
lamp 197 0 358 186 0.556312 0.423773 BG
lamp 4 89 73 116 0.530675 0.463106 BG
lamp 10 208 144 284 0.426689 0.565986 BG
lamp 92 222 149 261 0.412515 0.577225 BG
lamp 339 65 373 99 0.350183 0.502828 BG
lamp 6 36 65 97 0.291503 0.671982 BG
lamp 238 3 288 97 0.268277 0.686853 BG
lamp 61 44 103 136 0.249351 0.718638 BG
lamp 2 225 66 258 0.232128 0.705745 BG
lamp 34 13 226 277 0.185068 0.810607 BG
lamp 93 252 148 284 0.17097 0.813984 BG
lamp 286 92 485 157 0.156098 0.789940 BG
lamp 372 15 599 143 0.149686 0.648690 BG
lamp 11 245 64 281 0.146959 0.835802 BG
lamp 103 49 162 113 0.140704 0.782893 BG
lamp 74 94 128 141 0.123969 0.846670 BG
lamp 203 127 260 155 0.117702 0.856841 BG
lamp 47 255 66 280 0.111421 0.874823 BG
lamp 117 258 150 269 0.109394 0.885497 BG
garbage_bin 556 454 580 526 0.346015 0.314144 BG
garbage_bin 570 494 578 514 0.135216 0.553982 BG
garbage_bin 288 109 506 316 0.12318 0.597173 night_stand
garbage_bin 372 91 610 527 0.104098 0.833086 light
