bed 6 311 426 515 0.946923 0.033398 bed
bed 441 266 696 526 0.907278 0.070852 bed
bed 97 335 326 355 0.126785 0.756330 BG
chair 389 340 522 519 0.19885 0.425729 night_stand
chair 572 270 729 529 0.172345 0.609018 bed
chair 314 348 379 391 0.145356 0.821452 BG
sofa 0 336 464 520 0.731439 0.024425 bed
sofa 489 210 717 529 0.491421 0.093773 bed
table 342 274 513 507 0.130276 0.685249 night_stand
door 346 272 364 322 0.242377 0.493380 BG
picture 421 301 455 327 0.237394 0.546987 BG
picture 390 284 475 335 0.23361 0.411213 BG
picture 408 291 454 305 0.229888 0.530875 BG
picture 408 283 454 295 0.119504 0.527971 BG
desk 363 319 515 520 0.190147 0.282034 night_stand
pillow 507 258 707 372 0.946847 0.050238 BG
pillow 112 334 316 418 0.45957 0.484378 BG
pillow 506 350 657 515 0.285037 0.440551 BG
pillow 550 238 703 270 0.260716 0.706180 BG
pillow 74 374 100 392 0.124476 0.844946 BG
pillow 92 369 96 375 0.120493 0.793135 BG
pillow 100 360 107 365 0.100612 0.785778 BG
clothes 719 238 729 248 0.153955 0.203545 BG
clothes 720 234 729 239 0.139 0.285499 BG
clothes 718 248 729 256 0.137911 0.198767 BG
clothes 707 222 729 259 0.118782 0.436072 BG
clothes 695 239 715 251 0.101167 0.540608 BG
paper 49 410 71 425 0.511521 0.447792 BG
paper 389 334 431 369 0.492575 0.471763 BG
paper 393 305 426 321 0.456401 0.402195 BG
paper 394 302 456 335 0.277711 0.423356 BG
paper 411 283 454 295 0.251051 0.527971 BG
paper 385 310 483 397 0.212061 0.610613 BG
paper 49 390 83 426 0.208829 0.713239 BG
paper 433 289 438 293 0.162664 0.690514 BG
paper 528 496 550 500 0.157872 0.692170 BG
paper 369 319 390 348 0.157785 0.804937 BG
paper 411 291 455 305 0.157577 0.530875 BG
paper 531 497 575 524 0.139458 0.583189 BG
paper 527 488 543 498 0.124498 0.754252 BG
paper 410 341 457 380 0.123831 0.728451 BG
paper 46 426 315 458 0.120271 0.804381 BG
paper 403 365 408 367 0.119719 0.840872 BG
paper 571 515 590 525 0.116943 0.519136 BG
paper 721 521 729 525 0.114441 0.147727 BG
paper 668 513 670 514 0.112616 0.355109 BG
paper 302 272 303 273 0.112166 0.453489 BG
paper 409 363 423 367 0.112101 0.826971 BG
paper 441 379 454 383 0.109745 0.773860 BG
paper 410 363 485 386 0.108374 0.766973 BG
paper 451 10 467 20 0.105482 0.682653 BG
paper 646 496 655 508 0.102363 0.647551 BG
paper 656 514 658 515 0.10221 0.461821 BG
box 305 335 315 335 0.176256 0.572372 BG
box 668 512 671 514 0.17434 0.355109 BG
box 391 303 477 382 0.170714 0.412584 BG
box 647 495 655 508 0.1288 0.647551 BG
box 656 513 658 515 0.128789 0.461821 BG
box 398 498 492 525 0.128759 0.672859 BG
box 391 301 456 334 0.126854 0.423356 BG
box 455 353 497 376 0.126186 0.623117 BG
box 660 512 662 516 0.118269 0.468348 BG
box 416 504 420 507 0.110458 0.611783 BG
box 652 511 672 523 0.107977 0.434695 BG
box 458 363 488 367 0.105672 0.662342 BG
box 400 508 409 520 0.10476 0.536640 BG
box 400 514 416 525 0.104503 0.517897 BG
whiteboard 475 4 726 197 0.552259 0.108576 BG
person 718 248 729 256 0.299702 0.198767 BG
person 698 230 729 308 0.230263 0.371735 BG
person 719 238 729 248 0.226506 0.203545 BG
person 700 238 718 256 0.171718 0.574176 BG
person 720 234 729 239 0.162652 0.285499 BG
person 707 223 729 259 0.135081 0.436072 BG
person 668 235 716 252 0.116209 0.524703 BG
night_stand 367 356 531 521 0.425605 0.412043 night_stand
lamp 340 168 431 258 0.839876 0.149660 lamp
lamp 356 160 524 385 0.700024 0.297421 BG
lamp 338 202 409 224 0.533562 0.466094 BG
lamp 435 207 446 229 0.445082 0.496210 BG
lamp 457 162 461 167 0.350474 0.580006 BG
lamp 446 217 463 230 0.324227 0.674791 BG
lamp 394 30 535 223 0.322907 0.652705 BG
lamp 341 201 356 206 0.264572 0.733339 BG
lamp 447 152 456 173 0.253832 0.686513 BG
lamp 436 207 486 231 0.231519 0.767803 BG
lamp 379 207 444 229 0.2315 0.765659 BG
lamp 347 130 452 207 0.218366 0.763208 BG
lamp 439 205 506 356 0.206004 0.778217 BG
lamp 462 161 468 165 0.173885 0.648482 BG
lamp 376 207 482 258 0.166178 0.833017 BG
lamp 390 122 403 134 0.156129 0.819846 BG
lamp 504 152 511 164 0.15114 0.708557 BG
lamp 328 143 347 153 0.150687 0.838952 BG
lamp 405 121 412 124 0.133865 0.833260 BG
lamp 407 131 418 143 0.131814 0.825025 BG
lamp 393 95 411 123 0.130067 0.768654 BG
lamp 413 120 418 131 0.129821 0.807352 BG
lamp 457 224 462 230 0.128153 0.859779 BG
lamp 41 347 45 365 0.120418 0.500364 BG
lamp 474 98 476 99 0.115292 0.532615 BG
lamp 388 130 411 144 0.11163 0.876658 BG
bag 719 239 729 247 0.236655 0.203545 BG
bag 720 235 729 238 0.227386 0.285499 BG
bag 717 249 729 255 0.215621 0.198767 BG
bag 701 239 729 256 0.199919 0.413031 BG
bag 696 235 729 301 0.1793 0.371735 BG
bag 694 240 715 250 0.105867 0.540608 BG
garbage_bin 501 398 505 422 0.118419 0.839689 BG
garbage_bin 720 521 729 525 0.105328 0.147727 BG
