bed 477 461 729 529 0.231394 0.390170 BG
chair 617 331 722 494 0.600481 0.147916 BG
chair 3 209 44 216 0.327289 0.423480 BG
chair 16 232 64 254 0.198712 0.734670 BG
chair 484 423 714 529 0.195406 0.413340 BG
chair 4 208 73 228 0.127614 0.797983 BG
chair 193 303 313 503 0.115622 0.855350 BG
sofa 33 206 612 458 0.977356 0.022059 sofa
sofa 27 205 199 398 0.613908 0.359178 BG
sofa 633 292 726 486 0.559289 0.206871 BG
sofa 1 193 35 210 0.51439 0.332526 BG
sofa 20 201 108 328 0.429072 0.501783 BG
sofa 638 340 729 382 0.395573 0.393672 BG
sofa 4 193 6 195 0.230518 0.601111 BG
sofa 62 234 202 306 0.214082 0.527978 BG
sofa 3 209 43 216 0.197375 0.423480 BG
sofa 0 180 62 208 0.150304 0.746638 BG
sofa 0 68 37 98 0.113132 0.796938 BG
sofa 235 283 414 369 0.105711 0.886181 BG
table 0 312 243 520 0.97231 0.009910 BG
table 471 298 517 421 0.165443 0.771961 BG
picture 303 87 447 198 0.787676 0.201330 picture
picture 328 184 440 202 0.312875 0.606023 BG
picture 2 114 49 171 0.235745 0.627722 BG
picture 679 292 711 328 0.224777 0.528191 BG
picture 38 88 210 225 0.185987 0.762350 BG
picture 672 295 691 311 0.185043 0.733011 BG
picture 309 177 432 190 0.152876 0.809520 BG
picture 654 303 701 331 0.148688 0.638915 BG
picture 97 190 115 235 0.128492 0.303679 BG
picture 17 138 26 168 0.126826 0.776556 BG
picture 617 239 708 326 0.125873 0.655178 BG
picture 727 183 729 184 0.105187 0.182092 BG
picture 510 15 633 156 0.100665 0.475195 BG
picture 398 151 418 179 0.100069 0.856449 BG
counter 0 307 181 395 0.117239 0.847485 BG
counter 99 236 112 241 0.113855 0.434531 BG
desk 491 310 646 410 0.219589 0.609718 endtable
pillow 364 233 443 322 0.968033 0.031967 BG
pillow 230 217 292 280 0.966438 0.033562 BG
pillow 189 218 473 302 0.85443 0.145562 pillow
pillow 410 224 488 322 0.804187 0.192105 BG
pillow 419 252 442 279 0.74019 0.259267 BG
pillow 444 233 509 278 0.643767 0.339993 BG
pillow 2 43 34 94 0.454441 0.426669 BG
pillow 29 238 195 298 0.411107 0.483810 BG
pillow 194 225 234 277 0.355717 0.644282 BG
pillow 378 254 404 292 0.31687 0.679585 BG
pillow 118 229 299 298 0.289356 0.709486 BG
pillow 231 222 267 249 0.263799 0.735403 BG
pillow 209 241 269 288 0.235554 0.764446 BG
pillow 231 237 262 261 0.188078 0.811421 BG
pillow 79 251 165 346 0.16599 0.527664 BG
pillow 332 226 569 335 0.145187 0.853543 BG
pillow 265 225 297 244 0.142432 0.854212 BG
pillow 122 260 131 287 0.119903 0.718480 BG
pillow 39 462 158 528 0.118703 0.384827 BG
pillow 119 238 158 299 0.113678 0.792711 BG
pillow 93 255 105 262 0.100453 0.778012 BG
clothes 0 411 47 528 0.130149 0.298928 BG
paper 590 361 603 367 0.367848 0.499342 BG
paper 159 344 204 374 0.318193 0.632269 BG
paper 144 369 149 375 0.277553 0.688916 BG
paper 581 360 607 397 0.266908 0.594120 BG
paper 144 349 160 375 0.222887 0.712346 BG
paper 126 323 227 413 0.219702 0.718905 BG
paper 51 181 56 184 0.208756 0.261088 BG
paper 148 363 150 367 0.188114 0.781879 BG
paper 688 297 729 340 0.175899 0.288713 BG
paper 160 460 179 471 0.161043 0.715767 BG
paper 40 454 163 529 0.160188 0.384497 BG
paper 727 183 729 183 0.143607 0.182092 BG
paper 59 182 74 196 0.122427 0.517276 BG
paper 140 197 149 217 0.118779 0.436646 BG
paper 147 512 172 529 0.11398 0.256762 BG
paper 150 192 160 225 0.111227 0.423625 BG
paper 724 242 729 249 0.110894 0.256297 BG
box 51 181 56 183 0.219902 0.261088 BG
box 77 280 79 285 0.216822 0.692352 BG
box 48 178 51 179 0.159635 0.399637 BG
box 589 358 609 368 0.139058 0.798100 BG
box 35 444 162 529 0.131177 0.384497 BG
box 204 522 209 529 0.13005 0.616182 BG
box 580 357 608 400 0.128535 0.594120 BG
box 146 440 179 528 0.125689 0.742968 BG
box 159 459 179 472 0.111244 0.715767 BG
box 98 190 129 245 0.110802 0.369048 BG
box 679 291 712 325 0.102951 0.528191 BG
whiteboard 502 17 629 181 0.111394 0.475195 BG
night_stand 497 300 613 466 0.509136 0.307112 endtable
toilet 0 376 47 529 0.105071 0.298928 BG
lamp 543 182 613 302 0.966845 0.027105 lamp
lamp 504 232 584 259 0.509842 0.487608 BG
lamp 566 238 586 248 0.293091 0.694795 BG
lamp 478 228 577 307 0.210988 0.741982 BG
lamp 533 71 697 319 0.175308 0.806925 BG
garbage_bin 2 404 39 454 0.655808 0.266703 BG
garbage_bin 0 396 159 527 0.209544 0.358638 BG
garbage_bin 480 422 483 426 0.125369 0.777853 BG
garbage_bin 724 198 729 210 0.115108 0.333306 BG
