chair 76 359 346 519 0.79717 0.190315 chair
chair 114 281 191 341 0.189482 0.779318 BG
chair 322 1 332 8 0.136246 0.645601 BG
chair 492 433 563 491 0.126186 0.755934 BG
sofa 592 2 716 28 0.284692 0.341839 BG
sofa 2 263 105 515 0.20025 0.600054 BG
sofa 659 6 689 16 0.172021 0.185046 BG
sofa 653 7 727 44 0.148863 0.302474 BG
sofa 40 263 227 512 0.101377 0.717337 BG
sofa 0 275 57 402 0.101132 0.570635 BG
table 71 271 676 510 0.97477 0.018776 table
table 436 321 700 504 0.269795 0.679524 BG
bookshelf 575 27 721 276 0.478944 0.497701 BG
picture 140 225 184 264 0.682112 0.242262 BG
picture 395 1 416 5 0.208625 0.676205 BG
picture 384 205 419 241 0.130882 0.424623 BG
picture 132 225 228 294 0.125182 0.712793 BG
picture 717 416 729 433 0.116544 0.302002 BG
counter 166 292 709 413 0.231848 0.721986 BG
desk 95 252 729 507 0.419666 0.376195 table
desk 542 89 729 310 0.190955 0.597032 BG
pillow 0 387 82 492 0.571719 0.261554 BG
pillow 577 223 707 334 0.47287 0.413663 BG
pillow 635 273 704 335 0.425961 0.559660 BG
pillow 653 309 660 320 0.295805 0.701422 BG
pillow 29 440 57 485 0.253163 0.734607 BG
pillow 2 392 76 424 0.228884 0.412580 BG
pillow 644 317 705 335 0.186232 0.811218 BG
pillow 0 432 47 476 0.176337 0.781572 BG
pillow 4 288 53 396 0.167143 0.570635 BG
pillow 2 362 34 398 0.156507 0.754685 BG
pillow 654 321 668 325 0.141262 0.858408 BG
pillow 644 305 726 359 0.140248 0.712592 BG
pillow 1 397 5 407 0.138613 0.317568 BG
pillow 671 304 695 325 0.132246 0.866097 BG
pillow 658 330 679 343 0.127233 0.871852 BG
clothes 510 8 614 107 0.299958 0.491262 BG
clothes 2 305 39 348 0.207316 0.695763 BG
clothes 282 6 343 114 0.181966 0.629564 BG
clothes 502 4 538 104 0.131977 0.687338 BG
clothes 10 281 117 366 0.1201 0.745629 BG
clothes 106 362 175 407 0.116143 0.744961 BG
clothes 2 391 82 487 0.104759 0.278555 BG
paper 342 67 397 89 0.793208 0.162152 BG
paper 341 85 387 88 0.749197 0.235897 BG
paper 663 432 729 516 0.722403 0.123950 BG
paper 313 165 341 182 0.619873 0.344645 BG
paper 713 489 729 499 0.562657 0.268562 BG
paper 280 166 352 204 0.550725 0.264756 BG
paper 321 41 410 106 0.52949 0.286086 BG
paper 673 435 680 441 0.497061 0.472034 BG
paper 672 495 689 514 0.433827 0.325684 BG
paper 686 431 709 453 0.424318 0.519845 BG
paper 328 269 381 321 0.387979 0.274027 BG
paper 342 80 417 103 0.366019 0.514487 BG
paper 336 50 350 87 0.360587 0.624977 BG
paper 727 447 729 455 0.306104 0.122374 BG
paper 678 76 729 89 0.300468 0.420218 BG
paper 332 268 486 363 0.295341 0.617563 BG
paper 346 296 363 307 0.288207 0.638876 BG
paper 346 301 353 310 0.275289 0.617862 BG
paper 358 274 371 295 0.266893 0.394260 BG
paper 352 44 413 70 0.257788 0.563128 BG
paper 588 40 729 107 0.249951 0.414503 BG
paper 358 275 394 309 0.243798 0.452742 BG
paper 701 240 706 242 0.2227 0.345995 BG
paper 591 70 729 89 0.216358 0.604427 BG
paper 273 251 368 302 0.213692 0.673553 BG
paper 276 158 307 189 0.207155 0.748872 BG
paper 347 65 503 105 0.202737 0.479786 BG
paper 558 336 595 352 0.185966 0.535613 BG
paper 706 505 729 520 0.177579 0.250088 BG
paper 258 270 405 380 0.176093 0.785753 BG
paper 227 45 244 71 0.173969 0.816746 BG
paper 383 207 418 241 0.173945 0.424623 BG
paper 337 305 380 319 0.171989 0.822809 BG
paper 671 88 729 96 0.166313 0.640909 BG
paper 597 48 687 62 0.156838 0.624008 BG
paper 1 397 5 407 0.156314 0.317568 BG
paper 232 9 411 138 0.156079 0.705608 BG
paper 364 301 379 309 0.153036 0.786880 BG
paper 594 60 729 77 0.140143 0.689903 BG
paper 287 70 556 140 0.135212 0.687728 BG
paper 391 221 405 241 0.133542 0.656658 BG
paper 346 39 486 79 0.133264 0.617710 BG
paper 531 322 602 356 0.126882 0.628653 BG
paper 220 0 244 26 0.119134 0.804300 BG
paper 666 385 729 454 0.111702 0.667129 BG
paper 195 222 223 254 0.108623 0.540315 BG
paper 708 47 729 66 0.10576 0.370833 BG
paper 685 16 729 66 0.101705 0.508692 BG
paper 718 47 726 51 0.101555 0.430482 BG
paper 317 297 347 316 0.100059 0.727844 BG
towel 526 1 579 109 0.179714 0.367122 BG
towel 289 16 335 100 0.105154 0.616233 BG
box 390 36 407 46 0.511889 0.414736 BG
box 343 59 512 112 0.406322 0.351419 BG
box 195 222 222 254 0.290063 0.540315 BG
box 701 239 707 242 0.218702 0.345995 BG
box 339 42 419 91 0.214925 0.389518 BG
box 587 38 729 109 0.20393 0.414503 BG
box 665 379 728 434 0.176029 0.469318 BG
box 587 75 729 96 0.175698 0.527789 BG
box 286 11 511 146 0.160026 0.757702 BG
box 654 204 703 235 0.157392 0.561578 BG
box 672 493 690 513 0.156277 0.325684 BG
box 132 227 203 282 0.152256 0.219930 BG
box 277 164 355 205 0.150443 0.264756 BG
box 185 225 205 272 0.137661 0.743718 BG
box 519 500 589 516 0.137446 0.604610 BG
box 662 400 729 520 0.132145 0.254334 BG
box 571 514 573 516 0.131694 0.736472 BG
box 384 206 417 240 0.127594 0.424623 BG
box 677 75 729 89 0.118229 0.420218 BG
box 664 481 729 515 0.112496 0.307095 BG
box 671 87 729 95 0.108782 0.640909 BG
box 667 377 716 398 0.10873 0.810767 BG
box 707 381 729 417 0.101986 0.562266 BG
whiteboard 9 8 250 288 0.276961 0.686550 BG
person 614 0 725 32 0.199819 0.341839 BG
person 479 279 492 289 0.175365 0.672569 BG
lamp 727 447 729 455 0.103587 0.122374 BG
bag 234 68 289 116 0.18833 0.725099 BG
bag 328 266 367 297 0.149092 0.311448 BG
bag 107 363 171 401 0.121821 0.744961 BG
bag 358 274 371 294 0.118121 0.394260 BG
garbage_bin 75 289 80 294 0.452636 0.514857 BG
garbage_bin 81 279 103 296 0.192243 0.761288 BG
garbage_bin 82 280 115 355 0.173005 0.678528 BG
