chair 527 126 636 257 0.942044 0.057535 chair
chair 595 127 630 237 0.606399 0.389096 BG
chair 40 231 328 489 0.533301 0.447809 sofa
chair 600 165 615 197 0.11304 0.884601 BG
sofa 32 175 403 479 0.943533 0.043789 sofa
door 456 6 631 196 0.10069 0.810869 BG
bookshelf 30 0 272 423 0.217068 0.604222 BG
bookshelf 474 4 568 186 0.120137 0.681099 BG
picture 294 89 330 152 0.44858 0.492395 BG
picture 336 1 349 40 0.356712 0.521217 BG
picture 227 92 257 109 0.202997 0.712990 BG
picture 0 0 16 20 0.158664 0.807046 BG
picture 132 0 251 98 0.1578 0.612285 BG
picture 222 96 261 127 0.151059 0.765718 BG
picture 252 93 255 105 0.138919 0.738276 BG
picture 578 1 592 35 0.134467 0.722216 BG
picture 684 1 701 44 0.129015 0.749968 BG
picture 220 41 227 52 0.127547 0.688148 BG
picture 216 56 218 61 0.118948 0.779393 BG
picture 582 2 601 78 0.114012 0.769590 BG
picture 543 1 568 51 0.108509 0.636747 BG
picture 46 1 46 8 0.106425 0.496848 BG
picture 24 0 35 14 0.106352 0.788241 BG
picture 563 1 582 50 0.104388 0.775588 BG
paper 414 59 442 81 0.124082 0.261518 BG
paper 96 93 101 110 0.111928 0.834921 BG
lamp 46 0 46 8 0.110578 0.496848 BG
