chair 410 125 682 356 0.643287 0.080602 table
chair 209 50 398 329 0.416872 0.545097 BG
chair 658 115 729 344 0.352165 0.515758 sofa
chair 378 149 434 321 0.152823 0.844190 BG
chair 692 138 729 175 0.104 0.856271 BG
sofa 24 74 436 354 0.994881 0.004424 sofa
sofa 678 382 712 389 0.169462 0.406841 BG
sofa 11 525 696 529 0.105979 0.205906 BG
table 428 150 661 343 0.526451 0.252458 table
pillow 168 175 186 180 0.182429 0.802871 BG
pillow 133 167 156 178 0.169611 0.810727 BG
pillow 301 166 316 170 0.145572 0.807647 BG
paper 704 383 711 386 0.179213 0.253087 BG
paper 726 387 729 388 0.138222 0.195435 BG
paper 719 481 727 487 0.128035 0.421475 BG
paper 719 282 729 287 0.11906 0.417357 BG
box 703 382 710 387 0.215177 0.253087 BG
garbage_bin 418 473 425 481 0.11521 0.595312 BG
