chair 344 176 592 472 0.927478 0.069727 chair
chair 450 152 654 364 0.779902 0.212515 chair
chair 152 208 374 502 0.770581 0.224829 chair
chair 19 118 123 265 0.622454 0.132558 chair&&chair
chair 628 83 725 219 0.388239 0.551713 chair
chair 133 88 280 190 0.344948 0.632023 BG
chair 519 35 539 81 0.23322 0.737254 BG
chair 594 110 607 125 0.213919 0.767314 BG
chair 211 85 284 148 0.202801 0.774729 chair
chair 286 97 382 144 0.183262 0.790835 BG
chair 519 23 554 30 0.17706 0.805632 BG
chair 292 115 319 134 0.159674 0.820660 BG
chair 273 83 295 153 0.154579 0.836996 BG
chair 318 53 565 146 0.154438 0.654355 table
chair 390 100 391 103 0.14538 0.840295 BG
chair 59 169 100 259 0.140633 0.841256 BG
chair 565 145 642 318 0.136552 0.828931 BG
chair 272 76 278 85 0.12918 0.822064 BG
chair 121 110 139 189 0.127675 0.839797 BG
chair 372 104 376 114 0.125834 0.836928 BG
chair 367 104 382 127 0.124848 0.847078 BG
chair 522 28 576 110 0.124148 0.838639 BG
chair 351 52 449 115 0.122784 0.767347 chair
chair 393 70 410 101 0.120373 0.843766 BG
chair 278 100 283 137 0.116418 0.880645 BG
chair 245 68 309 104 0.113418 0.865167 BG
chair 525 61 533 67 0.109358 0.855060 BG
chair 369 95 390 110 0.108597 0.853626 BG
sofa 2 525 693 529 0.107799 0.213864 BG
sofa 5 512 675 529 0.101582 0.309206 BG
table 119 116 635 490 0.966239 0.009237 table
table 529 88 716 222 0.741427 0.166722 table
table 9 117 188 233 0.434577 0.305487 chair
table 312 57 562 143 0.194005 0.718222 table
bookshelf 4 0 218 135 0.794466 0.202050 BG
bookshelf 0 86 8 90 0.241749 0.719325 BG
bookshelf 9 71 147 122 0.235909 0.719506 BG
bookshelf 144 0 404 72 0.217385 0.718090 BG
bookshelf 0 80 45 92 0.125844 0.855454 BG
bookshelf 0 71 99 94 0.120777 0.861291 BG
bookshelf 295 0 448 42 0.111863 0.731643 BG
bookshelf 1 2 78 77 0.105883 0.893078 BG
bookshelf 77 74 98 99 0.104862 0.810639 BG
picture 658 1 729 10 0.118488 0.456740 BG
desk 121 126 637 406 0.254176 0.512168 table
desk 38 115 302 274 0.188816 0.512431 table
pillow 602 84 686 154 0.136837 0.743779 BG
pillow 561 154 648 261 0.122119 0.777789 BG
paper 317 508 318 509 0.13684 0.417407 BG
paper 704 39 723 54 0.129234 0.856512 BG
paper 415 1 450 38 0.126627 0.642607 BG
paper 465 19 469 33 0.11926 0.641627 BG
paper 535 0 580 11 0.11515 0.574316 BG
paper 343 508 343 509 0.108882 0.446434 BG
paper 320 512 345 525 0.100752 0.565789 BG
box 317 507 319 509 0.25742 0.417407 BG
box 343 507 344 509 0.252302 0.446434 BG
box 660 7 729 11 0.156114 0.358677 BG
box 472 0 539 15 0.134776 0.654881 BG
box 467 3 470 17 0.134523 0.749394 BG
box 319 511 345 525 0.123897 0.565789 BG
box 520 1 648 14 0.121423 0.546870 BG
box 416 2 451 36 0.103998 0.642607 BG
box 325 515 334 518 0.102449 0.508834 BG
