bed 4 168 551 529 0.997167 0.002043 bed
bed 373 157 518 310 0.401977 0.540306 crib
chair 70 141 90 164 0.18626 0.794462 BG
chair 0 519 3 526 0.130462 0.770558 BG
chair 405 232 412 248 0.107175 0.836103 BG
chair 398 228 400 234 0.102729 0.889352 BG
table 0 507 34 526 0.146556 0.717237 BG
table 0 525 679 529 0.117737 0.285839 BG
table 9 511 677 529 0.112395 0.427934 BG
door 201 7 249 101 0.117996 0.553988 BG
bookshelf 569 0 729 103 0.244302 0.697291 shelf&&bookshelf
picture 320 0 370 65 0.924646 0.067027 BG
picture 321 0 328 63 0.728302 0.211130 BG
picture 278 4 330 81 0.697719 0.284999 BG
picture 286 8 317 45 0.687066 0.243706 BG
picture 1 2 34 37 0.438206 0.433449 BG
picture 279 34 317 49 0.342726 0.549764 BG
picture 654 134 728 183 0.278924 0.592836 BG
picture 0 6 46 165 0.277912 0.392479 BG
picture 279 34 286 47 0.259437 0.588467 BG
picture 57 1 80 8 0.129792 0.297532 BG
picture 31 18 38 29 0.104027 0.807315 BG
picture 278 57 315 81 0.102528 0.807214 BG
blinds 487 442 729 529 0.295429 0.686912 BG
blinds 530 469 630 529 0.148105 0.841096 BG
blinds 617 469 709 523 0.100294 0.881721 BG
desk 566 31 729 112 0.126739 0.622779 shelf&&bookshelf
dresser 487 165 717 397 0.160306 0.675767 dresser
dresser 615 279 718 396 0.112304 0.730959 BG
pillow 136 255 240 298 0.77952 0.219270 BG
pillow 223 156 334 238 0.779114 0.200101 pillow
pillow 140 195 291 308 0.742747 0.256279 pillow
pillow 150 257 181 282 0.602847 0.395777 BG
pillow 239 201 461 376 0.592636 0.404688 BG
pillow 362 310 439 386 0.346023 0.643505 BG
pillow 169 192 259 244 0.301054 0.678119 BG
pillow 238 176 281 218 0.296436 0.699417 BG
pillow 18 150 322 281 0.277535 0.717574 pillow
pillow 220 296 227 302 0.214288 0.767657 BG
pillow 216 230 221 232 0.185853 0.797592 BG
pillow 173 280 182 284 0.183812 0.815876 BG
pillow 354 327 370 367 0.153341 0.846561 BG
pillow 242 173 251 178 0.150535 0.841112 BG
pillow 227 293 245 309 0.150345 0.837055 BG
pillow 204 219 211 233 0.148129 0.832098 BG
pillow 266 201 268 205 0.133405 0.863514 BG
pillow 346 248 516 406 0.128977 0.859246 BG
pillow 261 196 288 230 0.119128 0.875565 BG
pillow 381 339 416 398 0.117341 0.882172 BG
pillow 408 323 457 407 0.105476 0.740521 BG
fridge 265 21 273 36 0.323081 0.484637 BG
paper 15 180 22 184 0.649552 0.304906 BG
paper 8 166 28 184 0.471791 0.449122 BG
paper 10 183 28 194 0.449117 0.532039 BG
paper 58 0 80 8 0.328782 0.297532 BG
paper 693 41 729 66 0.295666 0.242848 BG
paper 387 168 414 182 0.256122 0.661448 BG
paper 2 420 27 479 0.233101 0.111539 BG
paper 2 257 32 273 0.204223 0.711162 BG
paper 2 35 47 183 0.186872 0.150129 BG
paper 1 257 12 267 0.173294 0.759013 BG
paper 32 18 59 94 0.165901 0.524941 BG
paper 2 470 41 512 0.163447 0.511891 BG
paper 575 168 603 177 0.129959 0.831178 BG
paper 503 290 528 302 0.123886 0.831667 BG
paper 35 0 106 88 0.12318 0.174361 BG
paper 488 208 497 215 0.116917 0.741923 BG
paper 703 517 712 523 0.110632 0.532330 BG
paper 1 1 16 36 0.105199 0.375603 BG
box 0 36 47 157 0.332373 0.195188 BG
box 1 419 29 478 0.306046 0.111539 BG
box 1 465 45 512 0.237273 0.511891 BG
box 22 117 38 155 0.200748 0.558299 BG
box 693 39 729 66 0.15034 0.242848 BG
box 1 2 16 37 0.143419 0.375603 BG
box 37 42 60 94 0.142803 0.501440 BG
box 8 114 46 182 0.12312 0.543741 BG
whiteboard 10 3 153 125 0.904152 0.066432 BG
whiteboard 34 18 92 103 0.423022 0.333756 BG
whiteboard 219 4 255 122 0.231561 0.413374 BG
whiteboard 61 4 307 130 0.191712 0.720249 BG
person 714 189 722 198 0.117625 0.472276 BG
person 716 165 729 200 0.114877 0.432608 BG
night_stand 505 153 720 401 0.241132 0.585951 dresser
night_stand 615 281 718 393 0.116939 0.730959 BG
lamp 149 1 201 101 0.308601 0.329116 BG
lamp 166 41 190 60 0.103811 0.708434 BG
