cabinet 463 98 720 214 0.128629 0.587035 BG
cabinet 398 3 466 234 0.113191 0.610980 BG
bed 58 192 646 518 0.996458 0.002802 bed
bed 43 129 225 526 0.121558 0.862385 BG
chair 705 255 729 342 0.12219 0.488605 BG
table 121 337 674 526 0.159515 0.803215 BG
door 481 4 656 108 0.183251 0.448181 BG
door 401 1 462 229 0.144341 0.610980 BG
door 426 3 602 225 0.118425 0.712445 armoire
picture 612 114 707 177 0.727791 0.149423 BG
picture 23 6 108 90 0.494839 0.243685 BG
picture 651 129 677 168 0.443535 0.539224 BG
picture 636 4 665 88 0.306378 0.508555 curtain
picture 662 131 676 144 0.224529 0.740851 BG
picture 96 8 130 118 0.196694 0.642927 BG
picture 642 37 646 45 0.188645 0.597389 BG
picture 653 42 667 74 0.156316 0.733157 BG
picture 482 7 531 17 0.143675 0.545830 BG
picture 474 21 506 94 0.136591 0.314862 BG
picture 62 8 400 122 0.134352 0.531448 curtain
picture 605 1 649 10 0.122953 0.702318 BG
picture 99 97 104 99 0.120764 0.873449 BG
picture 643 1 648 7 0.116211 0.766074 BG
picture 692 126 707 153 0.116112 0.762270 BG
picture 720 322 729 331 0.110709 0.240046 BG
picture 237 1 249 13 0.108655 0.282212 BG
picture 293 3 369 117 0.101689 0.314928 BG
picture 117 4 206 129 0.100839 0.601662 BG
pillow 289 140 398 238 0.674896 0.312307 pillow
pillow 237 200 278 214 0.536842 0.442937 BG
pillow 356 258 383 279 0.434126 0.560817 BG
pillow 170 156 415 342 0.433189 0.557448 BG
pillow 255 187 261 191 0.42898 0.563843 BG
pillow 259 186 264 195 0.399673 0.589844 BG
pillow 406 218 627 351 0.392351 0.572285 BG
pillow 38 176 275 331 0.339493 0.646011 pillow
pillow 437 226 455 247 0.302916 0.602577 BG
pillow 588 328 640 383 0.300224 0.698404 BG
pillow 257 177 270 184 0.289407 0.693128 BG
pillow 252 190 263 201 0.263113 0.720763 BG
pillow 177 175 267 221 0.262042 0.730096 BG
pillow 347 274 352 277 0.260573 0.739247 BG
pillow 257 180 303 233 0.25329 0.676850 BG
pillow 209 278 214 283 0.250176 0.740671 BG
pillow 354 380 498 483 0.247479 0.543985 BG
pillow 278 155 337 215 0.215438 0.763100 pillow
pillow 427 240 434 257 0.195376 0.789819 BG
pillow 341 274 356 282 0.178676 0.821198 BG
pillow 341 240 420 293 0.176123 0.815064 BG
pillow 72 164 281 233 0.172376 0.820837 BG
pillow 214 251 231 278 0.145576 0.850853 BG
pillow 287 166 321 190 0.144199 0.843339 BG
pillow 263 294 282 305 0.140099 0.847354 BG
pillow 162 301 186 311 0.134609 0.833433 BG
pillow 364 286 381 292 0.132656 0.866213 BG
pillow 258 159 282 188 0.131773 0.845544 BG
pillow 379 296 384 300 0.129054 0.865096 BG
pillow 213 275 222 281 0.121844 0.875297 BG
pillow 366 353 450 392 0.112411 0.877352 BG
pillow 616 367 624 370 0.110098 0.889554 BG
pillow 155 286 217 329 0.108261 0.868130 BG
pillow 210 287 214 295 0.107204 0.875226 BG
pillow 316 174 332 196 0.102329 0.892695 BG
mirror 600 5 665 91 0.117422 0.739682 BG
fridge 648 186 674 253 0.256799 0.612167 BG
fridge 571 96 706 297 0.203505 0.636825 BG
paper 475 19 504 89 0.383761 0.314862 BG
paper 480 26 486 30 0.308528 0.634121 BG
paper 481 6 530 17 0.240441 0.545830 BG
paper 253 470 317 525 0.212141 0.564056 BG
paper 253 504 254 507 0.197697 0.310951 BG
paper 532 509 534 513 0.163779 0.292912 BG
paper 332 489 382 525 0.147193 0.433724 BG
paper 22 140 49 188 0.146803 0.740979 BG
paper 726 232 729 232 0.13513 0.478465 BG
paper 720 516 729 525 0.131897 0.201749 BG
paper 265 7 277 38 0.125428 0.239546 BG
paper 61 149 62 154 0.120437 0.779202 BG
paper 32 147 72 206 0.116259 0.683713 BG
paper 237 0 249 13 0.115651 0.282212 BG
paper 48 29 92 39 0.115399 0.387978 BG
paper 44 148 59 160 0.115243 0.766686 BG
paper 259 523 260 526 0.112155 0.493062 BG
paper 68 29 80 38 0.105266 0.533333 BG
paper 81 30 91 39 0.101737 0.575991 BG
towel 265 63 276 81 0.16201 0.386971 BG
towel 265 8 276 38 0.126889 0.239546 BG
towel 148 49 156 57 0.116713 0.415161 BG
towel 153 43 165 54 0.109633 0.347668 BG
box 85 392 110 413 0.628537 0.354885 BG
box 63 339 144 528 0.462593 0.421863 BG
box 119 387 122 389 0.404845 0.554346 BG
box 80 399 87 423 0.396102 0.575090 BG
box 48 29 92 39 0.368371 0.387978 BG
box 358 486 382 512 0.31604 0.395829 BG
box 67 328 339 523 0.306183 0.551355 diary
box 67 28 80 38 0.198821 0.533333 BG
box 83 343 142 416 0.188671 0.766735 BG
box 20 130 87 205 0.150523 0.468168 BG
box 253 503 254 507 0.147702 0.310951 BG
box 183 449 199 462 0.143616 0.541265 BG
box 123 386 127 389 0.135513 0.807669 BG
box 152 440 201 472 0.134742 0.652928 BG
box 94 401 166 430 0.131426 0.796915 BG
box 41 27 52 37 0.130875 0.729518 BG
box 81 30 92 38 0.127624 0.575991 BG
box 20 7 111 92 0.12244 0.243685 BG
box 532 508 534 513 0.121415 0.292912 BG
box 253 464 319 524 0.111444 0.564056 BG
box 720 300 729 323 0.107185 0.490430 BG
box 88 336 91 339 0.102463 0.809324 BG
box 611 106 722 180 0.101763 0.330284 BG
whiteboard 474 6 637 119 0.43276 0.260858 BG
whiteboard 97 0 384 138 0.348402 0.365811 curtain
whiteboard 286 1 372 127 0.165312 0.314928 BG
sink 703 169 729 183 0.126548 0.798281 BG
garbage_bin 714 356 729 365 0.118457 0.428908 BG
