chair 639 214 729 497 0.864545 0.134680 chair&&table
chair 250 137 366 329 0.717209 0.182176 chair
chair 368 109 438 257 0.69312 0.185505 chair
chair 427 94 464 208 0.68462 0.282000 BG
chair 447 76 530 156 0.671696 0.236664 BG
chair 114 177 287 425 0.612594 0.329281 chair
chair 585 51 645 150 0.534167 0.403602 BG
chair 646 150 723 281 0.406882 0.585527 BG
chair 623 58 680 149 0.363729 0.603973 BG
chair 391 35 457 103 0.272625 0.566951 cpu
chair 456 103 460 108 0.270669 0.719993 BG
chair 444 103 460 116 0.253933 0.729218 BG
chair 652 122 671 140 0.201585 0.793291 BG
chair 686 503 690 513 0.174243 0.587330 BG
chair 384 77 505 192 0.119205 0.432016 BG
chair 622 119 674 143 0.114334 0.882970 BG
chair 637 66 641 71 0.110896 0.805966 BG
chair 699 115 729 316 0.101894 0.859516 BG
table 13 193 215 438 0.790417 0.140539 chair
table 0 82 424 401 0.563784 0.265742 table
table 537 62 620 130 0.129605 0.688178 BG
table 351 87 512 194 0.12672 0.377571 BG
picture 676 40 728 98 0.177161 0.675451 BG
picture 715 43 729 92 0.164042 0.486179 BG
picture 467 2 519 26 0.141849 0.531612 BG
picture 688 71 691 73 0.13613 0.787525 BG
picture 490 33 502 46 0.133362 0.654279 BG
picture 511 1 515 13 0.126912 0.617273 BG
picture 501 32 502 33 0.12676 0.694751 BG
picture 514 2 521 19 0.12054 0.698345 BG
picture 330 2 407 39 0.115439 0.362919 BG
desk 0 126 389 425 0.949088 0.003522 table
desk 304 103 463 256 0.789101 0.096660 BG
desk 426 39 533 170 0.442639 0.443110 BG
desk 546 59 619 131 0.166771 0.587822 BG
desk 429 101 490 183 0.156021 0.220496 BG
tv 25 12 226 205 0.144287 0.686566 cpu
paper 338 1 398 36 0.221766 0.372771 BG
paper 62 205 66 208 0.170227 0.814933 BG
paper 379 102 421 117 0.165622 0.832318 BG
paper 378 10 395 22 0.147671 0.424039 BG
paper 36 202 67 210 0.141452 0.852468 BG
paper 202 26 211 28 0.128704 0.652488 BG
paper 378 101 397 111 0.120732 0.878358 BG
paper 189 208 190 212 0.119001 0.697448 BG
paper 717 52 729 92 0.117598 0.490747 BG
paper 715 249 723 263 0.115869 0.500082 BG
paper 402 1 408 35 0.115544 0.599346 BG
paper 324 2 333 40 0.104801 0.644706 BG
box 0 320 121 435 0.876936 0.099508 cartoon
box 0 368 51 396 0.60691 0.336761 BG
box 2 382 69 431 0.558952 0.390185 BG
box 301 121 328 160 0.438859 0.403159 BG
box 349 106 360 112 0.38838 0.582538 BG
box 147 165 199 231 0.369261 0.365787 BG
box 322 122 327 144 0.340158 0.522685 BG
box 152 202 193 224 0.322541 0.538264 BG
box 301 137 307 160 0.265692 0.645678 BG
box 151 226 156 230 0.253788 0.568729 BG
box 309 155 314 159 0.253251 0.610228 BG
box 309 150 322 159 0.238273 0.578487 BG
box 517 115 528 122 0.229104 0.752922 BG
box 189 175 197 201 0.225477 0.505122 BG
box 163 218 177 226 0.214457 0.697763 BG
box 170 166 198 197 0.212113 0.588216 BG
box 303 52 336 160 0.21121 0.546920 BG
box 378 10 395 21 0.210446 0.424039 BG
box 709 120 729 123 0.194214 0.640168 BG
box 334 52 373 148 0.18396 0.764093 printer
box 406 1 409 7 0.176258 0.504853 BG
box 327 52 336 146 0.151049 0.742898 BG
box 189 183 192 187 0.144807 0.642445 BG
box 321 3 405 39 0.12668 0.362919 BG
box 402 2 408 35 0.122728 0.599346 BG
box 137 224 160 230 0.119637 0.704463 BG
box 202 25 212 28 0.116028 0.652488 BG
box 469 63 478 71 0.101717 0.694269 BG
person 532 42 542 61 0.202499 0.503258 BG
person 522 27 529 35 0.175057 0.703838 BG
person 665 96 696 122 0.162812 0.801587 BG
person 683 91 704 110 0.156349 0.785061 BG
person 519 37 527 47 0.150635 0.635311 BG
person 518 31 532 66 0.130722 0.685916 BG
person 648 75 723 133 0.120727 0.798224 BG
person 533 29 555 60 0.108387 0.727301 BG
person 665 97 683 104 0.100785 0.725395 BG
lamp 534 2 674 35 0.315987 0.509472 BG
lamp 467 14 519 29 0.197177 0.589224 BG
lamp 511 1 515 15 0.195054 0.617273 BG
lamp 521 20 522 22 0.189798 0.663492 BG
lamp 514 1 521 22 0.128214 0.698345 BG
lamp 486 15 508 24 0.125808 0.722737 BG
lamp 492 1 520 22 0.115726 0.714104 BG
