chair 321 224 503 487 0.991134 0.007702 desk&&chair
chair 187 179 343 394 0.78996 0.037235 chair&&desk
chair 9 131 102 253 0.472864 0.487183 BG
chair 482 159 555 214 0.317196 0.446072 BG
chair 463 187 580 245 0.29211 0.677793 BG
chair 518 74 537 116 0.264542 0.716170 BG
chair 464 166 468 187 0.207931 0.772895 BG
chair 490 160 495 180 0.207767 0.414292 BG
chair 446 174 480 216 0.205499 0.776483 BG
chair 398 131 465 212 0.203216 0.770426 chair
chair 548 65 620 117 0.187642 0.752026 BG
chair 466 154 468 162 0.160991 0.816224 BG
chair 489 158 489 178 0.160579 0.641583 BG
chair 447 191 473 202 0.15811 0.834720 BG
chair 559 204 569 217 0.151714 0.846029 BG
chair 472 191 479 198 0.139548 0.855059 BG
chair 488 178 495 185 0.126064 0.677492 BG
chair 445 199 470 215 0.122148 0.871667 BG
chair 8 213 145 373 0.119462 0.436846 desk&&chair
chair 468 149 488 179 0.118161 0.613788 BG
chair 685 151 723 197 0.117608 0.860752 BG
chair 470 204 498 221 0.111108 0.866916 BG
chair 584 330 593 349 0.110038 0.877248 BG
chair 253 194 311 275 0.101785 0.888225 BG
table 85 134 604 458 0.892529 0.040133 floor
table 478 150 701 262 0.754542 0.198521 desk
table 245 163 366 385 0.638701 0.138194 desk
table 6 185 198 370 0.638461 0.075928 desk
table 2 326 273 526 0.619859 0.282345 desk
table 252 115 530 254 0.338553 0.629469 BG
table 336 75 507 137 0.294477 0.542941 desk
table 492 152 665 184 0.247229 0.612212 BG
table 490 159 495 179 0.203095 0.414292 BG
table 465 148 488 177 0.176812 0.613788 BG
table 484 155 553 204 0.146424 0.449067 BG
table 415 176 573 489 0.123641 0.771147 BG
table 489 157 489 177 0.12308 0.641583 BG
picture 436 22 499 59 0.126156 0.687977 BG
picture 721 153 729 187 0.117525 0.476177 BG
blinds 1 1 261 98 0.618682 0.333391 blinds
blinds 260 2 443 64 0.459258 0.515386 blinds
blinds 349 0 385 56 0.336969 0.494890 BG
blinds 252 1 317 72 0.174139 0.792218 BG
desk 61 138 447 392 0.789959 0.092723 BG
desk 235 195 601 439 0.435038 0.040005 desk
desk 0 188 203 368 0.260237 0.075928 desk
desk 485 156 553 206 0.179761 0.449067 BG
desk 484 78 691 314 0.163644 0.194201 desk
desk 477 152 699 211 0.14822 0.415911 BG
desk 490 160 496 179 0.113577 0.414292 BG
desk 336 73 504 140 0.102051 0.542941 desk
paper 285 512 289 522 0.204549 0.481016 BG
paper 641 487 644 494 0.169812 0.654822 BG
paper 293 519 300 525 0.157793 0.499131 BG
paper 636 504 638 511 0.156677 0.671623 BG
paper 693 309 729 328 0.146443 0.687436 BG
paper 632 514 635 524 0.135267 0.675593 BG
paper 638 497 640 501 0.132494 0.737076 BG
paper 643 488 644 490 0.125329 0.704991 BG
paper 726 292 729 313 0.124201 0.593033 BG
paper 632 522 633 525 0.114641 0.672718 BG
paper 723 175 723 179 0.10323 0.389115 BG
box 194 313 202 318 0.377186 0.571147 BG
box 383 55 385 68 0.203256 0.771890 BG
box 370 67 383 71 0.180819 0.813170 BG
box 364 59 384 72 0.166525 0.804389 BG
box 382 69 386 72 0.162878 0.831881 BG
box 363 59 369 71 0.160954 0.804861 BG
box 258 52 262 62 0.144561 0.543109 BG
box 370 51 425 73 0.124563 0.807998 BG
box 726 292 729 313 0.102664 0.593033 BG
whiteboard 570 1 719 68 0.965998 0.025197 whiteboard
whiteboard 671 131 724 141 0.235274 0.536549 BG
whiteboard 353 3 427 73 0.160886 0.539522 BG
garbage_bin 597 247 604 255 0.326728 0.474633 BG
garbage_bin 592 247 604 265 0.256121 0.619088 BG
