cabinet 96 27 552 497 0.227027 0.343027 desk
chair 176 0 375 97 0.519493 0.433706 chair
chair 633 0 729 212 0.218245 0.510986 BG
chair 331 0 519 104 0.152164 0.688510 chair
sofa 723 361 729 383 0.20412 0.263306 BG
sofa 5 525 663 529 0.104776 0.192421 BG
table 86 50 603 494 0.332432 0.353878 desk
counter 3 158 217 520 0.137064 0.480839 BG
desk 33 67 632 480 0.442922 0.290537 desk
clothes 715 0 729 3 0.250622 0.216690 BG
clothes 630 0 647 27 0.231859 0.602999 floor
clothes 639 0 668 33 0.196818 0.479530 BG
clothes 629 0 694 121 0.176321 0.671706 BG
clothes 614 0 646 51 0.123588 0.717247 BG
clothes 637 30 656 43 0.102194 0.832272 BG
clothes 647 40 650 44 0.10097 0.739205 BG
fridge 7 147 165 529 0.111121 0.585129 BG
paper 628 435 635 441 0.153892 0.063663 BG
paper 628 429 634 434 0.149955 0.066638 BG
paper 693 438 729 529 0.137146 0.642173 BG
paper 269 364 426 392 0.116439 0.751193 BG
paper 694 492 700 520 0.112657 0.602453 BG
paper 295 515 302 525 0.102497 0.454153 BG
box 510 84 516 90 0.135565 0.859396 BG
person 700 0 728 65 0.611087 0.272714 BG
person 709 10 728 33 0.582502 0.286154 BG
person 717 1 729 14 0.551683 0.257719 BG
person 690 0 728 16 0.401987 0.480523 BG
person 675 0 727 114 0.394692 0.431193 BG
person 720 99 725 123 0.310041 0.585401 BG
person 615 0 669 48 0.301527 0.500712 BG
person 723 99 729 107 0.288124 0.567469 BG
person 715 0 729 3 0.284454 0.216690 BG
person 720 114 723 122 0.26714 0.610251 BG
person 643 0 713 34 0.250815 0.620011 BG
person 720 80 729 108 0.240694 0.617578 BG
person 644 0 724 238 0.180861 0.511590 BG
person 713 76 729 149 0.177305 0.616347 BG
person 713 3 716 5 0.164351 0.706330 BG
person 696 77 724 98 0.12443 0.791797 BG
person 671 75 728 168 0.101977 0.563675 BG
bag 685 54 728 152 0.15778 0.560663 BG
bag 715 1 729 2 0.133205 0.216690 BG
bag 670 105 712 155 0.118637 0.681240 BG
bag 708 107 729 143 0.106201 0.669398 BG
bag 701 131 713 144 0.103165 0.732946 BG
bag 625 2 670 32 0.102456 0.440918 BG
garbage_bin 627 429 635 434 0.164355 0.066638 BG
garbage_bin 627 435 636 441 0.156153 0.063663 BG
garbage_bin 256 379 265 381 0.142713 0.468995 BG
garbage_bin 570 153 575 165 0.126033 0.756380 BG
