cabinet 3 2 150 249 0.14762 0.220363 BG
chair 594 117 729 288 0.617648 0.066857 desk&&chair
chair 242 121 346 447 0.350304 0.554836 chair
chair 404 138 578 354 0.330853 0.257592 desk&&chair
chair 294 139 356 232 0.1622 0.773686 BG
chair 478 108 611 230 0.138485 0.834233 BG
chair 514 128 588 189 0.132042 0.842183 BG
chair 324 117 477 321 0.118925 0.852964 desk
table 374 351 729 526 0.970661 0.014266 BG
table 237 82 599 406 0.9511 0.043115 BG
table 146 115 329 482 0.887024 0.059955 desk
table 468 77 708 314 0.816773 0.121299 desk
table 68 468 693 529 0.44172 0.324320 BG
table 564 124 720 237 0.355442 0.435154 desk
table 385 384 472 515 0.245509 0.637280 BG
table 165 263 623 508 0.166593 0.831038 BG
table 609 143 720 179 0.117717 0.738168 BG
door 1 0 137 232 0.197471 0.220363 BG
picture 32 1 69 5 0.138044 0.567339 BG
picture 723 166 729 168 0.112194 0.363450 BG
counter 2 490 723 529 0.113433 0.261101 BG
desk 320 80 613 372 0.179572 0.220959 desk
desk 567 120 724 286 0.130762 0.080891 desk&&chair
paper 113 505 118 510 0.296072 0.253547 BG
paper 110 500 123 511 0.291979 0.256059 BG
paper 125 487 139 499 0.289249 0.297612 BG
paper 440 502 442 505 0.172548 0.255292 BG
paper 443 502 452 511 0.171179 0.300724 BG
paper 100 36 105 43 0.140412 0.602611 BG
paper 345 412 359 416 0.135946 0.762550 BG
paper 100 24 111 42 0.126483 0.644424 BG
paper 339 412 344 418 0.123362 0.713475 BG
paper 443 502 464 525 0.122379 0.579981 BG
paper 33 0 67 5 0.116429 0.567339 BG
paper 199 37 215 54 0.113891 0.743574 BG
paper 704 97 729 108 0.105904 0.267643 BG
paper 703 423 714 433 0.100804 0.545633 BG
box 440 501 443 506 0.235049 0.255292 BG
box 443 501 453 512 0.220391 0.300724 BG
box 126 487 140 499 0.166675 0.297612 BG
box 111 500 124 511 0.124402 0.256059 BG
box 113 504 119 510 0.122694 0.253547 BG
box 377 125 383 132 0.109385 0.739204 BG
box 368 117 378 128 0.102644 0.804252 BG
whiteboard 3 1 137 254 0.253875 0.220363 BG
lamp 703 168 728 192 0.113475 0.584955 BG
