chair 17 369 194 520 0.898328 0.080384 chair
chair 633 342 721 518 0.352904 0.312455 BG
chair 492 171 560 289 0.211552 0.635211 desk
chair 4 451 31 467 0.194223 0.711838 BG
chair 643 316 727 349 0.178368 0.642206 BG
chair 1 443 62 489 0.164216 0.821836 BG
chair 550 256 676 434 0.133709 0.813349 desk&&chair
chair 318 225 371 320 0.110083 0.860647 BG
table 0 331 305 518 0.983227 0.010003 desk&&chair
table 558 250 723 358 0.968288 0.029141 BG
table 622 328 726 524 0.925803 0.017350 BG
table 503 180 702 301 0.612363 0.352958 BG
table 526 243 717 281 0.496596 0.489364 BG
table 559 273 722 289 0.40392 0.582038 BG
table 636 410 727 462 0.218759 0.718500 BG
table 489 175 575 273 0.202089 0.599391 desk&&chair
table 45 239 371 336 0.154511 0.832992 BG
table 638 322 729 350 0.126705 0.642206 BG
picture 169 10 504 131 0.201539 0.681205 BG
picture 2 1 48 8 0.117846 0.572292 BG
paper 343 451 344 456 0.203953 0.403170 BG
paper 180 506 185 511 0.194955 0.305078 BG
paper 629 508 630 512 0.173685 0.323031 BG
paper 712 208 729 214 0.160776 0.275686 BG
paper 341 451 344 467 0.160758 0.490766 BG
paper 696 449 729 523 0.147628 0.474712 BG
paper 667 214 667 217 0.126133 0.825442 BG
paper 631 503 662 524 0.123319 0.471127 BG
paper 661 174 673 178 0.118491 0.832855 BG
paper 38 198 52 199 0.115796 0.786359 BG
paper 665 208 727 217 0.112788 0.681348 BG
paper 674 179 727 192 0.112047 0.600558 BG
paper 33 193 65 197 0.109902 0.711899 BG
paper 724 174 729 176 0.107195 0.412117 BG
paper 179 512 185 524 0.104008 0.548931 BG
paper 651 175 674 182 0.10374 0.824682 BG
paper 716 303 717 303 0.101951 0.556248 BG
paper 666 168 682 173 0.100691 0.826137 BG
box 629 507 631 512 0.250996 0.323031 BG
box 179 505 185 511 0.197972 0.305078 BG
box 344 451 345 455 0.151402 0.403170 BG
box 716 299 729 317 0.146837 0.427045 BG
box 342 451 345 466 0.133993 0.490766 BG
box 716 302 717 303 0.124948 0.556248 BG
box 631 501 662 524 0.117452 0.471127 BG
box 701 280 718 317 0.108918 0.734328 BG
box 178 510 185 524 0.104165 0.548931 BG
box 722 142 729 175 0.100019 0.302824 BG
whiteboard 34 5 358 218 0.790998 0.194748 BG
whiteboard 498 8 718 236 0.204881 0.762217 BG
whiteboard 165 9 639 195 0.114585 0.874740 BG
person 624 111 726 182 0.842211 0.151468 person
person 627 131 667 169 0.519425 0.479402 BG
person 622 156 681 176 0.408922 0.583896 BG
person 659 119 691 174 0.404863 0.595060 BG
person 673 136 725 172 0.360978 0.618264 BG
person 661 157 684 169 0.266158 0.733220 BG
person 642 155 655 166 0.223716 0.760790 BG
person 682 137 694 147 0.140893 0.859077 BG
lamp 698 441 728 448 0.208637 0.606116 BG
lamp 535 183 542 187 0.138086 0.664481 BG
garbage_bin 710 447 729 525 0.107882 0.277407 BG
