chair 198 190 420 403 0.728896 0.227041 table&&chair
chair 610 333 713 529 0.726937 0.251841 BG
chair 415 66 598 294 0.656581 0.271666 table&&chair
chair 79 134 206 350 0.636355 0.324605 table&&chair
chair 376 189 477 344 0.597035 0.357787 BG
chair 346 0 432 62 0.241207 0.660982 BG
chair 415 159 540 242 0.190989 0.802681 BG
chair 518 59 603 174 0.18074 0.791682 BG
chair 559 66 607 126 0.175998 0.799452 BG
chair 275 60 336 82 0.137785 0.763657 BG
chair 94 181 276 269 0.137208 0.825429 BG
chair 315 118 370 177 0.136371 0.842570 BG
chair 357 32 501 145 0.132519 0.717856 table
chair 53 126 134 161 0.131469 0.765011 BG
chair 439 86 484 114 0.126784 0.834999 BG
chair 486 13 575 85 0.114338 0.812557 BG
chair 358 200 402 393 0.113967 0.853902 BG
chair 281 220 395 336 0.105685 0.877937 BG
table 99 128 456 491 0.799228 0.189033 table
table 308 83 569 343 0.450291 0.217565 table
table 638 25 724 189 0.230239 0.711847 BG
table 4 426 663 529 0.223184 0.702883 BG
table 17 157 168 510 0.219831 0.750715 floor
table 45 112 293 342 0.19847 0.721008 table
table 20 477 317 529 0.162366 0.577409 BG
table 237 193 469 360 0.156671 0.638625 BG
table 386 226 474 365 0.101894 0.704366 BG
desk 107 147 469 396 0.402485 0.372681 BG
desk 344 76 573 352 0.278894 0.289929 BG
paper 520 64 526 69 0.311077 0.440712 BG
paper 223 491 321 529 0.191624 0.373682 BG
paper 308 503 313 508 0.149719 0.717934 BG
paper 290 504 313 522 0.149277 0.572935 BG
paper 304 63 309 70 0.14357 0.601562 BG
paper 249 507 282 525 0.136226 0.530654 BG
paper 496 64 521 83 0.118793 0.744671 BG
paper 209 511 214 518 0.112114 0.662989 BG
paper 284 522 288 525 0.105045 0.550908 BG
paper 704 337 707 344 0.101065 0.592886 BG
paper 73 139 75 140 0.10079 0.747792 BG
box 91 50 108 82 0.201956 0.617699 BG
box 704 337 707 344 0.125781 0.592886 BG
lamp 414 473 421 483 0.150249 0.788266 BG
