cabinet 5 203 147 420 0.239891 0.537094 BG
cabinet 1 25 247 346 0.174035 0.529765 air_conditioner
cabinet 564 149 720 381 0.118775 0.639722 desk
chair 8 274 144 441 0.279443 0.649983 BG
chair 692 33 729 99 0.16129 0.266027 BG
sofa 589 92 722 389 0.210748 0.625923 BG
sofa 146 236 365 496 0.113933 0.658881 BG
table 311 113 543 202 0.198227 0.690818 BG
bookshelf 383 0 583 139 0.118692 0.656930 BG
picture 410 274 461 350 0.678941 0.271561 BG
picture 117 24 159 41 0.436741 0.379264 BG
picture 398 194 452 242 0.369875 0.488152 BG
picture 73 487 79 500 0.263604 0.440084 BG
picture 426 208 432 221 0.254025 0.698632 BG
picture 431 297 459 330 0.177375 0.789509 BG
picture 222 1 394 102 0.176053 0.383987 BG
picture 410 211 431 240 0.167515 0.755697 BG
picture 448 146 461 170 0.167007 0.579736 BG
picture 425 208 448 231 0.162687 0.785396 BG
picture 371 185 514 380 0.15545 0.608617 BG
picture 455 136 474 169 0.155365 0.611468 BG
picture 401 208 417 232 0.147665 0.737207 BG
picture 121 36 141 43 0.142001 0.764020 BG
picture 239 459 331 501 0.135648 0.533746 BG
picture 664 1 688 6 0.120964 0.699012 BG
picture 435 255 441 270 0.120474 0.624249 BG
picture 444 134 451 173 0.116395 0.555333 BG
picture 421 301 436 327 0.114743 0.849650 BG
picture 594 1 695 19 0.11429 0.702978 BG
blinds 204 5 392 221 0.213251 0.640631 BG
mirror 191 0 405 109 0.210264 0.394381 BG
fridge 295 97 523 381 0.196555 0.630446 podium
fridge 65 6 394 380 0.137489 0.668756 BG
tv 317 26 382 71 0.144805 0.589649 BG
paper 525 0 567 5 0.484854 0.427566 BG
paper 331 43 341 46 0.313773 0.580290 BG
paper 321 33 341 47 0.257183 0.647556 BG
paper 49 475 98 525 0.235551 0.390143 BG
paper 445 134 451 151 0.232835 0.619876 BG
paper 244 459 307 499 0.208571 0.505572 BG
paper 64 474 82 508 0.203318 0.345375 BG
paper 361 498 366 508 0.178856 0.458740 BG
paper 445 125 483 172 0.158699 0.606087 BG
paper 49 43 50 45 0.153931 0.172021 BG
paper 459 145 474 154 0.15325 0.666015 BG
paper 449 146 461 169 0.149528 0.579736 BG
paper 344 487 353 495 0.145663 0.604410 BG
paper 297 0 374 74 0.143226 0.610555 BG
paper 121 23 159 40 0.141051 0.379264 BG
paper 149 32 159 37 0.139386 0.749571 BG
paper 73 471 101 505 0.13531 0.334569 BG
paper 337 481 343 488 0.133829 0.661078 BG
paper 73 487 79 500 0.133754 0.440084 BG
paper 303 456 311 464 0.12743 0.702769 BG
paper 444 150 450 171 0.126754 0.707308 BG
paper 276 455 331 488 0.119404 0.659535 BG
paper 307 191 311 203 0.115864 0.357066 BG
paper 296 225 302 235 0.111246 0.800453 BG
paper 163 8 173 16 0.109763 0.813295 BG
paper 352 31 369 42 0.108439 0.770240 BG
paper 278 227 292 237 0.106228 0.820276 BG
paper 436 255 441 270 0.105103 0.624249 BG
paper 157 14 179 34 0.101154 0.805648 BG
paper 351 491 354 495 0.100141 0.709037 BG
box 77 462 116 496 0.483018 0.340955 BG
box 307 190 312 203 0.411788 0.357066 BG
box 47 458 118 524 0.29843 0.379116 BG
box 46 35 333 278 0.26708 0.474505 air_conditioner
box 216 97 321 119 0.250344 0.633724 BG
box 63 472 83 508 0.215072 0.345375 BG
box 316 102 538 353 0.214121 0.638311 podium
box 215 82 413 132 0.198404 0.629042 BG
box 1 367 7 373 0.191625 0.492242 BG
box 214 100 332 232 0.190949 0.535753 BG
box 104 260 178 322 0.189943 0.503971 BG
box 296 182 306 216 0.163675 0.676593 BG
box 301 161 315 215 0.159947 0.519022 BG
box 159 270 164 276 0.157156 0.782632 BG
box 238 453 335 498 0.155359 0.572184 BG
box 307 135 425 216 0.146778 0.646149 BG
box 155 269 172 292 0.14667 0.768093 BG
box 1 359 14 406 0.1456 0.543986 BG
box 344 487 354 495 0.131038 0.604410 BG
box 283 456 311 469 0.127934 0.748708 BG
box 81 283 129 352 0.126715 0.756770 BG
box 360 496 366 508 0.117243 0.458740 BG
box 351 491 354 495 0.109059 0.709037 BG
box 397 194 456 281 0.105994 0.589498 BG
box 133 263 154 275 0.105262 0.685881 BG
box 303 456 311 464 0.103155 0.702769 BG
box 224 108 321 138 0.101816 0.849381 BG
box 443 125 486 172 0.101198 0.606087 BG
box 4 401 71 488 0.100963 0.825836 BG
box 158 275 163 279 0.100913 0.820153 BG
box 663 1 688 6 0.10065 0.699012 BG
box 105 262 155 287 0.100293 0.737533 BG
whiteboard 203 0 295 101 0.151427 0.376397 BG
person 694 29 729 107 0.13918 0.279053 BG
person 695 87 729 106 0.132973 0.595406 BG
person 693 79 722 94 0.117394 0.647964 BG
bag 692 34 728 93 0.176096 0.266027 BG
garbage_bin 107 285 120 305 0.229004 0.577867 BG
garbage_bin 103 258 162 322 0.166098 0.499317 BG
