chair 565 0 693 89 0.955195 0.041020 chair
chair 196 95 452 418 0.930565 0.035854 chair
chair 9 93 149 384 0.814087 0.176414 chair&&chair
chair 274 92 405 257 0.617415 0.380501 chair
chair 72 33 138 82 0.389404 0.555530 BG
chair 73 40 81 46 0.383517 0.590388 BG
chair 99 58 110 80 0.378089 0.598696 BG
chair 54 36 81 48 0.374101 0.584899 BG
chair 67 31 84 36 0.359029 0.569534 BG
chair 429 16 564 111 0.325134 0.602742 BG
chair 307 59 532 316 0.322567 0.373089 BG
chair 286 10 362 61 0.322418 0.589448 BG
chair 82 35 84 36 0.30956 0.631847 BG
chair 92 29 127 36 0.300246 0.657551 BG
chair 63 20 128 37 0.29934 0.663890 BG
chair 72 10 148 55 0.295407 0.638474 BG
chair 35 34 140 208 0.291492 0.631208 BG
chair 378 69 406 110 0.28764 0.697963 BG
chair 71 35 112 53 0.27277 0.711129 BG
chair 110 31 135 44 0.230954 0.703246 BG
chair 2 233 101 348 0.220046 0.775290 BG
chair 3 12 133 98 0.208996 0.678410 BG
chair 97 41 216 161 0.199417 0.784968 BG
chair 266 14 398 114 0.183714 0.742082 BG
chair 71 71 133 101 0.166003 0.783660 BG
chair 56 10 239 84 0.160928 0.759510 BG
chair 363 64 374 111 0.158359 0.826239 BG
chair 141 51 196 74 0.148361 0.768114 BG
chair 68 23 78 27 0.145783 0.808864 BG
chair 88 50 103 58 0.144277 0.835384 BG
chair 349 46 401 96 0.118741 0.870088 BG
chair 110 44 119 52 0.117038 0.870951 BG
chair 71 396 163 521 0.116793 0.849653 BG
chair 376 0 440 131 0.114749 0.692842 BG
chair 114 412 166 482 0.110353 0.864828 BG
chair 228 23 269 66 0.102256 0.877766 BG
chair 348 69 366 101 0.101601 0.891173 BG
chair 22 37 404 285 0.10135 0.718311 BG
sofa 530 102 729 509 0.260264 0.428109 BG
table 399 86 648 487 0.986514 0.008751 BG
table 49 140 247 405 0.803464 0.160628 table
table 0 369 151 521 0.763095 0.068413 BG
table 107 89 538 434 0.622683 0.291034 BG
table 338 70 550 312 0.334855 0.340457 BG
table 2 25 137 190 0.177322 0.454427 BG
table 380 13 612 88 0.154338 0.705875 BG
table 363 195 515 412 0.145254 0.847220 BG
table 441 58 563 122 0.114515 0.684598 BG
table 393 227 459 358 0.111839 0.868192 BG
picture 291 1 305 5 0.111922 0.535526 BG
desk 57 94 358 417 0.58813 0.062187 table
desk 308 73 652 463 0.229827 0.124276 BG
paper 291 0 305 5 0.153533 0.535526 BG
paper 715 84 729 125 0.121691 0.591377 BG
paper 9 490 350 529 0.120622 0.314191 BG
paper 79 502 102 524 0.114136 0.655902 BG
box 0 52 62 118 0.36092 0.561379 BG
box 2 100 54 191 0.342936 0.479311 BG
box 148 37 150 38 0.307764 0.615318 BG
box 172 27 183 31 0.277749 0.639121 BG
box 137 9 210 63 0.249644 0.663265 BG
box 168 21 169 24 0.218479 0.696590 BG
box 184 29 202 31 0.190586 0.759084 BG
box 34 119 47 138 0.168088 0.766517 BG
box 28 15 32 21 0.160231 0.797048 BG
box 141 19 146 21 0.159219 0.723902 BG
box 128 15 150 41 0.152231 0.723505 BG
box 1 239 15 259 0.142149 0.738542 BG
box 520 33 534 46 0.130399 0.765977 BG
box 167 29 198 55 0.117781 0.818541 BG
box 39 130 47 138 0.104897 0.833829 BG
box 185 23 236 32 0.1016 0.847899 BG
