chair 576 94 729 331 0.904474 0.042564 chair&&desk
chair 140 93 348 407 0.877016 0.113455 chair
chair 367 23 453 125 0.809888 0.150497 chair
chair 451 39 575 185 0.728724 0.174124 desk&&chair
chair 221 182 581 470 0.628167 0.146067 desk&&chair
chair 416 40 446 123 0.468813 0.494727 BG
chair 308 6 511 164 0.465677 0.451160 desk&&chair
chair 59 66 270 214 0.395531 0.518720 desk&&chair
chair 344 19 370 118 0.389296 0.599488 BG
chair 179 0 298 49 0.299501 0.677555 BG
chair 404 29 423 125 0.224911 0.747488 BG
chair 425 42 510 125 0.207304 0.408082 BG
chair 309 0 362 108 0.178528 0.817384 BG
chair 660 124 719 251 0.171048 0.781689 BG
chair 39 33 165 170 0.148411 0.824367 BG
chair 241 0 274 48 0.145581 0.832846 BG
chair 453 52 516 77 0.142109 0.725792 BG
chair 12 136 122 393 0.121214 0.648487 BG
chair 686 121 724 190 0.10479 0.869725 BG
chair 332 38 600 355 0.100496 0.813800 BG
table 296 118 605 494 0.9321 0.009580 desk&&chair
table 453 40 690 203 0.726933 0.254767 desk&&chair
table 128 40 435 429 0.714614 0.140778 desk&&chair
table 570 57 728 358 0.361622 0.039105 chair&&desk
table 424 38 526 127 0.344508 0.408082 BG
table 332 16 631 135 0.258272 0.631643 BG
table 19 3 127 302 0.192693 0.715933 BG
table 96 19 269 264 0.147368 0.531239 desk&&chair&&chair
table 172 92 360 267 0.142864 0.633141 BG
table 20 3 119 36 0.126321 0.759294 BG
table 2 178 121 505 0.11407 0.608002 BG
desk 104 87 615 454 0.154691 0.125720 floor
desk 581 61 714 282 0.12306 0.343620 chair&&desk
desk 21 13 123 173 0.117537 0.698862 BG
paper 37 227 39 228 0.242798 0.608316 BG
paper 588 311 589 314 0.17997 0.446402 BG
paper 666 327 729 353 0.171716 0.522536 BG
paper 591 313 607 319 0.16122 0.538271 BG
paper 703 180 709 183 0.137216 0.686429 BG
box 702 220 712 229 0.235958 0.617247 BG
box 674 253 729 345 0.128169 0.528692 BG
lamp 635 3 725 74 0.186102 0.515872 BG
