chair 164 372 351 520 0.761953 0.149207 table&&chair
chair 10 391 216 501 0.138212 0.276326 table
chair 64 305 118 323 0.131626 0.760353 BG
table 13 367 324 519 0.956136 0.016387 BG
table 0 524 684 529 0.202988 0.258385 BG
table 15 509 688 529 0.165862 0.422130 BG
table 4 342 107 433 0.13831 0.787611 chair
table 0 468 440 529 0.132823 0.787430 BG
table 109 329 204 350 0.12952 0.780910 BG
table 1 526 210 529 0.113631 0.206140 BG
table 103 331 205 405 0.107138 0.817373 chair
table 719 516 723 523 0.100226 0.418899 BG
door 664 16 725 395 0.165217 0.552321 BG
door 560 290 571 339 0.149268 0.504100 BG
door 560 305 562 327 0.113998 0.698316 BG
door 532 369 540 385 0.103129 0.624285 BG
picture 84 4 154 79 0.515781 0.252942 BG
picture 372 113 417 240 0.473006 0.113264 BG
picture 417 189 446 208 0.353517 0.338558 BG
picture 83 5 104 77 0.292024 0.377071 BG
picture 693 7 729 88 0.288161 0.615923 BG
picture 129 2 152 62 0.246167 0.495317 BG
picture 385 107 449 184 0.223422 0.208261 picture
picture 683 11 729 218 0.200028 0.658522 BG
picture 439 198 445 204 0.199373 0.691371 BG
picture 433 202 439 209 0.191923 0.638534 BG
picture 697 1 723 5 0.176555 0.796159 BG
picture 393 174 417 230 0.172908 0.443603 BG
picture 694 1 729 16 0.131997 0.805810 BG
picture 168 1 170 18 0.116316 0.525605 BG
picture 649 251 729 426 0.105966 0.482210 BG
counter 64 388 76 394 0.118965 0.508714 BG
counter 491 507 726 529 0.100433 0.298848 BG
blinds 2 137 31 253 0.146679 0.356014 BG
mirror 559 288 571 342 0.236293 0.504100 BG
mirror 82 3 103 79 0.19061 0.377071 BG
mirror 498 0 560 484 0.112764 0.757572 BG
fridge 634 19 729 528 0.103081 0.750238 BG
paper 417 166 424 170 0.506449 0.362206 BG
paper 387 105 448 177 0.469869 0.208261 picture
paper 395 142 398 150 0.437325 0.510781 BG
paper 418 170 445 189 0.429961 0.333656 BG
paper 398 133 426 152 0.420487 0.488027 BG
paper 390 122 403 140 0.39249 0.572731 BG
paper 400 183 408 204 0.328871 0.574040 BG
paper 370 114 417 237 0.302165 0.113264 BG
paper 391 182 410 222 0.276241 0.479025 BG
paper 418 189 445 207 0.210635 0.338558 BG
paper 545 488 552 497 0.195748 0.456457 BG
paper 547 498 553 511 0.172477 0.385002 BG
paper 694 288 729 307 0.144691 0.311852 BG
paper 525 513 526 516 0.137322 0.575320 BG
paper 658 515 670 524 0.130276 0.460316 BG
paper 720 516 723 524 0.129257 0.418899 BG
paper 319 502 324 507 0.124241 0.592577 BG
paper 723 466 729 526 0.118983 0.241435 BG
paper 167 0 170 17 0.117057 0.525605 BG
paper 515 517 516 519 0.115677 0.509920 BG
paper 553 502 555 515 0.114685 0.539784 BG
paper 699 243 729 250 0.108867 0.489420 BG
paper 419 141 425 142 0.107695 0.845623 BG
paper 631 512 670 524 0.104806 0.479659 BG
box 640 491 641 496 0.278093 0.647265 BG
box 1 282 6 287 0.247578 0.507779 BG
box 547 498 554 511 0.202644 0.385002 BG
box 545 488 553 497 0.191056 0.456457 BG
box 92 264 102 268 0.158966 0.671374 BG
box 192 354 195 365 0.154696 0.732491 BG
box 74 264 101 280 0.152732 0.684415 BG
box 111 305 120 310 0.150204 0.698028 BG
box 65 385 83 393 0.140662 0.552689 BG
box 657 514 670 523 0.138291 0.460316 BG
box 631 511 670 524 0.137616 0.479659 BG
box 525 512 527 516 0.123649 0.575320 BG
box 641 507 647 511 0.12221 0.688823 BG
box 693 287 729 307 0.111363 0.311852 BG
box 319 501 324 507 0.109084 0.592577 BG
box 635 508 638 512 0.104491 0.745562 BG
garbage_bin 174 346 186 350 0.304017 0.636068 BG
garbage_bin 175 333 206 367 0.253207 0.645456 BG
garbage_bin 341 390 357 416 0.168843 0.823560 BG
garbage_bin 317 410 321 416 0.1682 0.806423 BG
garbage_bin 190 345 195 352 0.145497 0.822863 BG
