chair 405 203 646 527 0.625334 0.334309 floor
chair 317 50 584 355 0.34022 0.442792 desk
chair 594 61 713 510 0.312965 0.635090 BG
chair 485 168 628 376 0.294871 0.664761 BG
chair 274 245 517 506 0.276171 0.380243 chair
chair 483 141 716 223 0.259594 0.657228 BG
chair 518 0 650 180 0.241111 0.699824 chair
chair 266 48 408 111 0.224816 0.772815 BG
chair 393 229 510 358 0.224015 0.736940 BG
chair 395 280 441 310 0.174008 0.818067 BG
chair 268 73 333 105 0.141592 0.844148 BG
chair 602 156 642 211 0.122898 0.834411 BG
chair 143 37 444 140 0.110947 0.878671 BG
chair 458 255 584 434 0.107533 0.885227 BG
chair 453 56 590 215 0.101861 0.836957 desk
chair 397 377 493 529 0.101036 0.881716 BG
table 50 40 598 371 0.814118 0.090121 desk
table 206 278 571 519 0.266013 0.660361 chair
table 386 182 640 405 0.159331 0.494730 chair
table 297 93 522 323 0.149493 0.607666 desk
picture 658 4 663 15 0.106819 0.444568 BG
picture 5 3 78 21 0.102785 0.507778 BG
counter 0 454 689 529 0.103077 0.669398 BG
desk 86 71 547 477 0.499677 0.111153 desk
desk 262 295 512 529 0.234531 0.384957 chair
desk 383 207 648 508 0.116275 0.534514 BG
paper 588 362 591 367 0.187092 0.463490 BG
paper 721 87 723 88 0.186797 0.194738 BG
paper 725 85 729 91 0.16942 0.107421 BG
paper 502 482 504 487 0.153969 0.429140 BG
paper 558 46 561 48 0.144675 0.664502 BG
paper 568 387 574 392 0.134448 0.502431 BG
paper 511 10 650 64 0.127103 0.760761 BG
paper 179 519 181 522 0.123806 0.418885 BG
paper 493 490 496 495 0.123475 0.655723 BG
paper 649 317 681 473 0.123263 0.313058 BG
paper 720 283 721 289 0.123248 0.648392 BG
paper 660 384 672 440 0.118392 0.220397 BG
paper 578 353 598 382 0.116274 0.703402 BG
paper 232 29 265 45 0.115261 0.419164 BG
paper 485 501 488 503 0.114311 0.703710 BG
paper 505 455 524 484 0.107638 0.606046 BG
paper 649 449 657 473 0.104018 0.547960 BG
paper 588 353 598 368 0.102727 0.744834 BG
towel 660 385 672 440 0.111524 0.220397 BG
box 693 67 703 85 0.410365 0.426282 BG
box 646 55 707 84 0.256127 0.714401 BG
box 646 2 729 66 0.235976 0.445587 BG
box 483 324 515 355 0.193129 0.784342 BG
box 721 87 724 89 0.176349 0.194738 BG
box 725 85 729 91 0.171863 0.107421 BG
box 234 1 294 19 0.134567 0.726895 BG
box 588 362 592 367 0.108081 0.463490 BG
box 594 2 662 27 0.106617 0.662795 BG
lamp 726 0 729 6 0.120342 0.653342 BG
garbage_bin 652 43 654 49 0.119432 0.801035 BG
garbage_bin 645 34 658 42 0.105731 0.622285 BG
garbage_bin 624 34 658 65 0.100675 0.840945 BG
