chair 291 208 710 522 0.731278 0.220402 chair
chair 288 1 295 10 0.258593 0.466940 BG
chair 4 261 256 524 0.226312 0.422005 BG
chair 401 293 575 509 0.209715 0.761981 BG
chair 236 2 339 20 0.197351 0.481018 BG
chair 306 78 366 97 0.190912 0.742699 BG
chair 339 105 341 115 0.161583 0.788799 BG
chair 459 402 580 488 0.155214 0.735466 BG
chair 224 139 227 145 0.151323 0.819384 BG
chair 218 145 228 150 0.132756 0.835026 BG
chair 339 105 349 128 0.130381 0.834431 BG
chair 403 86 407 94 0.122651 0.741827 BG
chair 289 1 340 10 0.110648 0.371170 BG
chair 322 106 336 111 0.110058 0.817497 BG
chair 6 13 95 189 0.107306 0.810507 BG
chair 420 523 423 525 0.103689 0.376667 BG
sofa 285 1 337 9 0.10737 0.371170 BG
table 88 77 524 526 0.951653 0.033028 desk&&floor
table 49 0 212 517 0.821963 0.112524 BG
table 57 19 419 215 0.712759 0.242130 desk
table 46 448 649 529 0.342562 0.615273 BG
table 420 523 423 525 0.28775 0.376667 BG
table 419 516 436 525 0.282131 0.410813 BG
table 414 517 417 519 0.223155 0.555209 BG
table 389 231 700 527 0.200981 0.551742 chair
table 5 510 696 529 0.169166 0.201262 BG
table 0 524 678 529 0.127944 0.127276 BG
table 259 64 393 112 0.101635 0.756358 BG
table 485 410 570 483 0.100555 0.771646 BG
counter 228 108 246 115 0.124452 0.814034 BG
counter 8 510 725 529 0.122782 0.201262 BG
counter 207 112 231 119 0.112586 0.809578 BG
counter 0 524 726 529 0.102415 0.127276 BG
desk 79 92 597 423 0.351899 0.267273 desk
desk 38 26 412 160 0.116011 0.416408 desk
clothes 20 0 76 31 0.196705 0.417744 BG
clothes 25 1 41 16 0.150325 0.772638 BG
paper 113 0 119 24 0.437226 0.080470 BG
paper 69 0 124 43 0.350615 0.158809 BG
paper 726 524 729 528 0.154465 0.226998 BG
paper 422 509 461 525 0.111722 0.701695 BG
box 391 507 397 513 0.256654 0.689532 BG
box 409 502 422 514 0.216639 0.725942 BG
box 69 0 127 44 0.211109 0.158809 BG
box 112 0 120 23 0.202691 0.080470 BG
box 407 507 410 509 0.179306 0.782573 BG
box 692 325 704 333 0.154146 0.705479 BG
box 221 508 224 513 0.153702 0.367987 BG
box 681 329 689 341 0.136063 0.813214 BG
box 686 325 694 336 0.124141 0.807859 BG
box 462 313 475 326 0.102977 0.798512 BG
lamp 2 0 76 34 0.279796 0.349196 BG
lamp 28 84 31 89 0.256583 0.691658 BG
lamp 5 0 79 133 0.170872 0.616753 BG
lamp 6 1 228 45 0.15043 0.436753 BG
bag 18 3 80 43 0.121432 0.321205 BG
garbage_bin 400 50 418 87 0.34004 0.631929 BG
garbage_bin 391 74 394 84 0.182361 0.763213 BG
