cabinet 5 16 146 347 0.105106 0.608413 BG
chair 373 158 552 387 0.986204 0.013692 chair
chair 168 182 391 444 0.93889 0.020970 chair
chair 150 123 255 391 0.503613 0.489795 chair
chair 288 200 367 420 0.278906 0.719552 BG
chair 398 174 521 252 0.179899 0.816979 BG
chair 193 134 257 195 0.140248 0.827649 BG
chair 182 99 256 123 0.111296 0.833071 BG
sofa 0 310 287 523 0.140457 0.573906 BG
sofa 524 252 729 517 0.131413 0.559258 BG
table 186 141 475 435 0.947742 0.025878 chair&&table
door 444 1 466 111 0.155438 0.672601 BG
bookshelf 539 16 652 78 0.504714 0.409273 BG
bookshelf 484 4 697 117 0.308731 0.609918 BG
bookshelf 498 27 516 60 0.244304 0.652922 BG
bookshelf 483 25 533 75 0.206092 0.610018 BG
bookshelf 487 25 536 30 0.140366 0.678157 BG
bookshelf 553 25 562 60 0.134478 0.617086 BG
bookshelf 552 24 591 62 0.116995 0.746548 BG
picture 652 6 703 105 0.358594 0.529237 BG
picture 4 31 79 145 0.316398 0.190194 BG
picture 485 1 487 5 0.24635 0.609201 BG
picture 69 68 96 133 0.239907 0.661925 BG
picture 669 225 673 230 0.202422 0.762691 BG
picture 664 2 703 45 0.19519 0.668011 BG
picture 664 189 681 234 0.147748 0.803168 BG
picture 665 1 681 30 0.14463 0.714968 BG
picture 74 110 79 120 0.106667 0.879358 BG
picture 5 152 125 306 0.101782 0.411356 BG
counter 0 50 151 373 0.106072 0.680207 BG
mirror 0 0 82 177 0.252648 0.150675 BG
tv 3 159 121 309 0.104615 0.411356 BG
paper 1 450 17 472 0.22953 0.083204 BG
paper 6 467 8 471 0.137837 0.075733 BG
paper 492 142 497 158 0.133987 0.703125 BG
paper 357 36 384 55 0.106086 0.585682 BG
box 549 1 563 5 0.152701 0.482709 BG
box 1 451 18 471 0.150902 0.083204 BG
box 6 468 9 470 0.130318 0.075733 BG
box 553 30 562 56 0.116932 0.617086 BG
box 356 36 384 55 0.108413 0.585682 BG
box 637 260 726 522 0.105281 0.183800 BG
whiteboard 0 77 22 86 0.745274 0.035808 BG
whiteboard 550 0 562 6 0.126165 0.482709 BG
whiteboard 103 23 243 139 0.12292 0.810224 BG
whiteboard 558 1 628 12 0.117592 0.575876 BG
whiteboard 5 31 79 171 0.113082 0.265812 BG
