chair 231 113 476 487 0.963553 0.034558 chair
chair 189 123 316 413 0.134245 0.861704 BG
sofa 696 3 718 43 0.169198 0.382040 BG
picture 466 1 516 67 0.869982 0.075913 BG
picture 573 4 650 81 0.817342 0.098233 BG
picture 499 1 524 63 0.729976 0.216150 BG
picture 581 43 626 72 0.493781 0.380752 BG
picture 466 47 506 62 0.247839 0.626556 BG
picture 455 6 580 101 0.209914 0.665852 BG
picture 486 47 499 57 0.137437 0.788299 BG
picture 3 452 50 529 0.124733 0.182318 BG
picture 520 20 522 26 0.123333 0.711301 BG
picture 34 15 39 22 0.107147 0.391829 BG
picture 452 5 492 172 0.103307 0.688568 BG
counter 1 22 419 529 0.223659 0.641534 BG
fridge 445 17 705 191 0.162058 0.725711 vending_machine
fridge 445 0 493 188 0.12858 0.688568 BG
tv 610 0 647 2 0.273661 0.615634 BG
tv 137 524 144 529 0.153388 0.413844 BG
tv 136 518 150 529 0.113076 0.408931 BG
paper 153 354 158 368 0.25408 0.257084 BG
paper 131 291 133 298 0.243957 0.162886 BG
paper 166 392 170 402 0.224876 0.458298 BG
paper 35 505 39 508 0.178136 0.334215 BG
paper 34 15 39 22 0.171755 0.391829 BG
paper 23 489 29 493 0.162103 0.313915 BG
paper 28 496 36 505 0.159209 0.420489 BG
paper 41 515 49 522 0.154692 0.373009 BG
paper 156 506 160 512 0.151694 0.688985 BG
paper 586 4 646 63 0.148784 0.349085 BG
paper 385 248 399 256 0.141995 0.796433 BG
paper 2 451 53 529 0.134208 0.197704 BG
paper 134 162 152 171 0.132867 0.303629 BG
paper 152 503 165 516 0.131274 0.609824 BG
paper 359 224 411 256 0.129723 0.803652 BG
paper 43 40 45 42 0.124859 0.510453 BG
paper 152 510 159 516 0.12484 0.744587 BG
paper 229 340 233 345 0.124673 0.448837 BG
paper 39 30 42 37 0.12164 0.491624 BG
paper 399 221 432 260 0.120173 0.787673 BG
paper 104 217 107 222 0.119703 0.468693 BG
paper 479 81 500 93 0.117044 0.770828 BG
paper 562 123 571 140 0.112048 0.527585 BG
paper 227 319 235 338 0.109209 0.551867 BG
paper 1 453 14 471 0.106994 0.276532 BG
paper 88 170 91 179 0.102482 0.552633 BG
towel 39 27 42 29 0.133256 0.522772 BG
towel 40 30 42 36 0.123121 0.491624 BG
towel 105 217 107 222 0.120778 0.468693 BG
towel 132 291 134 298 0.12057 0.162886 BG
towel 229 340 232 346 0.107463 0.448837 BG
box 418 381 439 397 0.310927 0.640583 BG
box 621 157 642 178 0.175425 0.746527 BG
box 540 40 549 47 0.150745 0.690717 BG
box 23 489 30 493 0.150498 0.313915 BG
box 35 504 40 508 0.145098 0.334215 BG
box 28 496 37 505 0.122768 0.420489 BG
box 666 95 729 162 0.111896 0.173005 BG
box 566 146 572 154 0.105175 0.560927 BG
box 40 515 48 518 0.103858 0.308725 BG
garbage_bin 683 60 729 150 0.1533 0.218943 BG
garbage_bin 619 105 654 177 0.142588 0.817998 BG
garbage_bin 549 97 632 150 0.142419 0.771079 BG
garbage_bin 566 145 573 154 0.134852 0.560927 BG
garbage_bin 659 133 669 154 0.116278 0.730520 BG
garbage_bin 568 122 579 149 0.113851 0.577457 BG
garbage_bin 134 161 152 171 0.109873 0.303629 BG
