cabinet 408 67 560 144 0.259215 0.647696 BG
cabinet 0 83 69 204 0.176017 0.529074 BG
cabinet 524 79 560 186 0.149285 0.650253 BG
cabinet 499 72 555 289 0.144699 0.622244 BG
cabinet 487 79 555 126 0.127704 0.833911 BG
chair 60 228 143 357 0.319284 0.618748 speaker
chair 1 73 70 300 0.293765 0.389456 door
chair 150 203 236 245 0.194619 0.728323 BG
chair 65 219 117 234 0.167597 0.732626 BG
chair 239 198 397 325 0.122832 0.679367 computer
chair 309 205 396 228 0.111721 0.878974 BG
sofa 1 0 74 21 0.14133 0.580872 BG
sofa 56 226 142 377 0.117132 0.438776 speaker
table 408 333 554 420 0.105458 0.429291 BG
door 153 1 192 226 0.246869 0.579866 BG
door 529 74 557 348 0.110925 0.626346 BG
door 258 61 264 169 0.104995 0.714580 BG
picture 77 177 83 212 0.414015 0.438007 BG
picture 169 192 192 219 0.354905 0.371158 BG
picture 72 155 148 220 0.338371 0.613839 BG
picture 154 151 193 224 0.312967 0.433273 BG
picture 98 166 120 202 0.278495 0.656508 BG
picture 181 198 188 205 0.234869 0.482785 BG
picture 72 184 76 191 0.154286 0.456608 BG
picture 72 170 83 189 0.148971 0.505858 BG
picture 298 68 415 194 0.122643 0.809793 BG
picture 354 101 408 148 0.119524 0.492314 BG
picture 389 298 425 331 0.119062 0.808288 BG
picture 168 155 193 184 0.117636 0.594357 BG
picture 264 1 423 15 0.102815 0.395053 BG
picture 354 114 355 119 0.101372 0.629472 BG
desk 90 320 509 425 0.646684 0.285522 desk
pillow 1 325 10 328 0.125344 0.696445 BG
fridge 170 63 318 381 0.112607 0.823437 BG
tv 243 199 406 339 0.425306 0.414881 computer
paper 424 366 508 403 0.4524 0.258554 paper
paper 508 406 510 414 0.23083 0.454904 BG
paper 464 401 507 426 0.218448 0.278475 BG
paper 530 376 536 383 0.212171 0.125668 BG
paper 431 346 560 426 0.194337 0.429291 BG
paper 182 198 188 205 0.185315 0.482785 BG
paper 420 292 424 301 0.178801 0.531177 BG
paper 25 392 30 396 0.178147 0.567724 BG
paper 428 398 472 426 0.17646 0.173127 BG
paper 503 378 560 426 0.174986 0.357368 BG
paper 72 183 76 191 0.172948 0.456608 BG
paper 520 138 551 192 0.172519 0.184423 BG
paper 497 411 518 426 0.16934 0.176032 BG
paper 7 392 30 403 0.168805 0.623467 BG
paper 364 334 438 378 0.158143 0.779083 BG
paper 531 370 560 388 0.153814 0.335406 BG
paper 169 155 192 183 0.153799 0.594357 BG
paper 177 161 187 175 0.138391 0.651344 BG
paper 72 169 83 189 0.135557 0.505858 BG
paper 155 150 193 220 0.132824 0.433273 BG
paper 501 418 510 422 0.131299 0.433195 BG
paper 170 192 192 218 0.12892 0.371158 BG
paper 159 329 170 353 0.123261 0.743364 BG
paper 169 160 178 176 0.122098 0.741057 BG
paper 548 289 560 343 0.120713 0.388818 BG
paper 504 370 505 376 0.120257 0.794620 BG
paper 0 376 37 407 0.116464 0.738713 BG
paper 468 419 473 426 0.115316 0.286556 BG
paper 125 333 191 425 0.112242 0.542964 BG
paper 426 304 430 312 0.109225 0.654267 BG
paper 0 382 7 386 0.107685 0.790860 BG
paper 411 338 415 349 0.10675 0.880961 BG
paper 407 355 411 358 0.104023 0.873097 BG
paper 543 175 552 191 0.103363 0.530651 BG
paper 488 420 499 426 0.102578 0.211403 BG
paper 417 299 424 331 0.101995 0.637791 BG
paper 354 143 356 144 0.100323 0.732042 BG
towel 208 64 213 79 0.255755 0.415166 BG
towel 208 54 243 128 0.11939 0.599248 BG
box 427 396 467 426 0.404084 0.193805 BG
box 418 356 508 426 0.341196 0.175223 BG
box 530 376 537 383 0.200014 0.125668 BG
box 288 179 292 195 0.195105 0.649561 BG
box 362 334 366 345 0.186831 0.633137 BG
box 258 145 292 200 0.183554 0.646602 BG
box 419 292 425 301 0.176616 0.531177 BG
box 467 418 472 426 0.159187 0.286556 BG
box 417 298 425 329 0.156211 0.637791 BG
box 369 302 391 320 0.147274 0.706857 BG
box 424 319 424 321 0.14563 0.671749 BG
box 463 398 506 426 0.144851 0.278475 BG
box 487 419 498 426 0.143944 0.211403 BG
box 497 410 518 426 0.136913 0.176032 BG
box 426 304 431 312 0.135532 0.654267 BG
box 25 392 31 396 0.125769 0.567724 BG
box 502 363 558 426 0.122096 0.374440 BG
box 504 332 530 393 0.114638 0.429631 BG
box 290 146 351 203 0.114271 0.611818 BG
box 155 338 170 364 0.112632 0.757728 BG
box 508 405 510 414 0.109967 0.454904 BG
box 19 283 31 294 0.106079 0.762991 BG
box 153 328 188 366 0.105903 0.768894 BG
box 1 302 15 307 0.104005 0.375040 BG
garbage_bin 241 314 253 323 0.386451 0.477477 BG
garbage_bin 251 319 253 324 0.335815 0.519697 BG
garbage_bin 64 236 123 379 0.282109 0.459135 speaker
garbage_bin 251 327 253 332 0.203532 0.689354 BG
garbage_bin 529 376 537 383 0.178252 0.125668 BG
garbage_bin 504 329 530 393 0.164279 0.429631 BG
garbage_bin 89 301 126 372 0.150537 0.680698 BG
garbage_bin 113 325 126 372 0.126593 0.739105 BG
garbage_bin 25 198 57 275 0.126047 0.743623 BG
garbage_bin 251 203 326 316 0.117123 0.660755 BG
garbage_bin 54 224 72 238 0.113799 0.773928 BG
garbage_bin 511 208 545 254 0.109493 0.343088 BG
