cabinet 445 215 494 322 0.108088 0.270391 BG
bed 31 210 199 422 0.467365 0.335026 organizer&&shelves
chair 14 266 198 423 0.209786 0.479852 organizer&&shelves
chair 4 277 62 426 0.199905 0.756751 BG
chair 19 416 41 426 0.105761 0.459693 BG
table 103 239 417 390 0.326537 0.607832 desk
picture 186 2 298 135 0.992997 0.004983 diploma&&picture
picture 3 1 79 135 0.946458 0.036694 picture
picture 322 53 354 141 0.808836 0.170144 diploma&&picture
picture 552 135 560 210 0.734242 0.243378 picture
picture 266 25 297 139 0.685021 0.294383 BG
picture 77 6 84 143 0.666681 0.302189 BG
picture 183 4 192 136 0.649784 0.344543 BG
picture 121 239 154 274 0.368676 0.349231 BG
picture 70 104 84 141 0.336655 0.653801 BG
picture 85 76 93 113 0.278003 0.585976 BG
picture 287 37 297 137 0.202492 0.767583 BG
picture 451 140 510 191 0.200828 0.545184 BG
picture 191 123 294 141 0.18184 0.795531 BG
picture 204 255 210 261 0.158618 0.543241 BG
picture 187 252 204 262 0.148809 0.509083 BG
picture 212 4 237 19 0.117212 0.650498 BG
picture 268 29 295 40 0.115665 0.713006 BG
picture 496 245 516 278 0.112351 0.575143 BG
picture 453 144 512 316 0.105772 0.422917 BG
picture 207 253 231 267 0.104058 0.615017 BG
picture 3 126 84 143 0.100732 0.875151 BG
desk 14 231 492 408 0.833208 0.126235 desk
desk 293 279 468 426 0.128856 0.702300 BG
fridge 447 87 544 414 0.117795 0.814532 BG
paper 57 275 173 306 0.371006 0.593725 BG
paper 333 308 366 321 0.368003 0.544884 BG
paper 113 238 154 274 0.310628 0.261930 BG
paper 113 239 143 250 0.279702 0.653209 BG
paper 1 20 12 25 0.243836 0.175878 BG
paper 332 314 374 340 0.224154 0.722421 BG
paper 56 304 109 315 0.222068 0.697544 BG
paper 505 253 515 266 0.206448 0.549175 BG
paper 142 243 153 246 0.205518 0.684608 BG
paper 135 240 143 245 0.173282 0.740051 BG
paper 188 252 204 262 0.164687 0.509083 BG
paper 333 321 360 326 0.162143 0.804909 BG
paper 205 255 210 261 0.155266 0.543241 BG
paper 208 253 231 267 0.147361 0.615017 BG
paper 217 252 226 260 0.122587 0.709171 BG
paper 187 247 248 263 0.117502 0.602617 BG
paper 496 244 516 278 0.11499 0.575143 BG
paper 495 262 498 266 0.112345 0.706200 BG
paper 3 0 48 104 0.111315 0.110762 BG
paper 357 334 359 334 0.104383 0.865106 BG
paper 471 330 559 426 0.10363 0.472143 floor
paper 449 0 527 36 0.102614 0.662490 BG
paper 118 269 175 283 0.101571 0.812918 BG
box 171 236 192 276 0.485542 0.402614 BG
box 105 222 208 274 0.327294 0.515447 organizer&&box
box 51 323 55 326 0.205799 0.756776 BG
box 504 266 513 278 0.169926 0.602450 BG
box 182 246 249 263 0.168603 0.602617 BG
box 186 252 204 262 0.149423 0.509083 BG
box 117 248 171 284 0.148557 0.549191 BG
box 118 268 138 277 0.133547 0.735050 BG
box 504 253 516 266 0.130123 0.549175 BG
box 319 320 325 329 0.123919 0.820250 BG
box 204 255 210 261 0.113286 0.543241 BG
box 183 259 207 270 0.110945 0.814095 BG
box 48 334 52 338 0.104877 0.882749 BG
box 206 252 231 267 0.104289 0.615017 BG
box 389 265 405 298 0.102067 0.786323 BG
box 170 222 257 284 0.101913 0.855089 box
box 396 269 405 283 0.100778 0.720880 BG
whiteboard 0 20 12 25 0.332052 0.175878 BG
whiteboard 0 2 50 107 0.217013 0.110762 BG
lamp 451 1 560 61 0.103877 0.540852 ceiling
lamp 452 153 512 329 0.102027 0.309763 BG
garbage_bin 471 285 494 325 0.538484 0.226816 BG
garbage_bin 472 246 512 333 0.470227 0.355680 BG
garbage_bin 450 213 496 321 0.307951 0.177318 BG
garbage_bin 460 309 471 319 0.232302 0.549498 BG
garbage_bin 450 321 459 331 0.21458 0.764855 BG
garbage_bin 465 326 472 334 0.14986 0.809011 BG
garbage_bin 416 297 471 416 0.142556 0.763619 BG
garbage_bin 466 323 560 426 0.129215 0.472143 floor
