chair 117 96 359 488 0.22002 0.778429 BG
table 7 235 159 508 0.12186 0.755692 BG
table 38 131 314 495 0.10514 0.879764 bulletin_board
bookshelf 248 0 407 185 0.338558 0.628510 BG
picture 655 157 701 219 0.636284 0.166969 BG
picture 88 0 208 336 0.115541 0.748055 BG
picture 134 165 224 351 0.112805 0.745646 BG
picture 670 183 677 191 0.101356 0.792588 BG
desk 266 155 726 509 0.212417 0.752116 BG
tv 577 520 586 526 0.100303 0.584680 BG
paper 2 404 73 485 0.936086 0.038332 BG
paper 1 371 22 387 0.889465 0.073179 BG
paper 306 174 409 217 0.884015 0.112840 BG
paper 1 447 36 484 0.733786 0.191445 BG
paper 338 179 348 183 0.619588 0.376473 BG
paper 2 434 113 529 0.563774 0.056884 BG
paper 323 179 349 186 0.480381 0.513412 BG
paper 2 323 68 427 0.442542 0.362811 BG
paper 358 173 373 178 0.343516 0.650716 BG
paper 402 177 411 218 0.303271 0.525962 BG
paper 41 422 46 426 0.282026 0.714936 BG
paper 388 218 395 227 0.279089 0.677509 BG
paper 323 183 333 186 0.275778 0.699790 BG
paper 337 196 340 196 0.267713 0.681041 BG
paper 334 173 375 180 0.222238 0.766904 BG
paper 31 491 112 529 0.218833 0.162537 BG
paper 402 208 410 218 0.195649 0.710860 BG
paper 654 156 703 217 0.132593 0.166969 BG
paper 407 171 411 178 0.131315 0.504615 BG
paper 304 168 377 186 0.129529 0.852571 BG
paper 114 520 117 522 0.122229 0.487872 BG
paper 404 208 410 212 0.108768 0.668272 BG
paper 282 167 404 291 0.1064 0.850652 BG
paper 315 468 329 484 0.103587 0.744936 BG
paper 311 448 321 468 0.100213 0.709242 BG
box 29 487 115 529 0.355047 0.162537 BG
box 1 398 115 529 0.272713 0.036585 BG
box 5 312 38 329 0.267889 0.703134 BG
box 270 516 289 529 0.202481 0.424647 BG
box 1 313 68 434 0.180798 0.362811 BG
box 272 141 301 166 0.175971 0.780408 BG
box 10 321 36 359 0.165806 0.766757 BG
box 116 525 117 529 0.152802 0.262985 BG
box 244 240 269 261 0.139772 0.663613 BG
box 242 223 282 257 0.119113 0.756162 BG
box 287 236 291 242 0.10816 0.777658 BG
box 271 256 275 258 0.107004 0.761924 BG
box 113 519 117 522 0.106087 0.487872 BG
box 272 123 323 183 0.105264 0.874167 BG
box 278 235 289 249 0.100412 0.792086 BG
whiteboard 7 0 182 322 0.504903 0.111980 BG
