cabinet 76 248 235 425 0.24131 0.377414 BG
cabinet 0 77 109 405 0.125913 0.350929 BG
chair 422 198 558 378 0.940699 0.049139 chair
chair 355 216 435 308 0.576522 0.422209 BG
chair 292 420 296 421 0.212908 0.356072 BG
chair 410 199 441 314 0.189463 0.809998 BG
chair 551 211 560 232 0.145219 0.729024 BG
chair 297 214 408 339 0.136936 0.585512 BG
chair 524 220 560 284 0.128625 0.844476 BG
chair 240 406 295 426 0.110868 0.570932 BG
sofa 167 197 507 400 0.4273 0.445413 BG
sofa 425 209 560 394 0.21413 0.589536 chair
table 108 296 549 418 0.418055 0.410556 desk
table 425 343 554 413 0.268953 0.427188 BG
table 318 223 419 318 0.247954 0.467047 BG
table 161 385 293 425 0.10362 0.537512 BG
door 4 8 85 375 0.208433 0.503458 BG
door 75 252 81 254 0.135999 0.517887 BG
picture 485 4 560 120 0.908527 0.080429 painting&&picture
picture 0 0 78 59 0.884898 0.083656 picture
picture 53 1 73 58 0.881026 0.110100 BG
picture 534 5 560 92 0.385805 0.555162 BG
picture 511 2 560 31 0.373096 0.518561 BG
picture 548 5 560 31 0.270385 0.559690 BG
picture 507 77 560 111 0.251376 0.682748 BG
picture 52 0 57 41 0.23971 0.750778 BG
picture 495 4 527 55 0.221257 0.643451 BG
picture 129 167 187 239 0.159814 0.373576 computer
picture 543 80 560 94 0.14136 0.746735 BG
picture 539 78 548 84 0.140269 0.764180 BG
picture 486 85 492 107 0.12607 0.873759 BG
picture 543 88 550 93 0.120666 0.824019 BG
picture 542 1 560 15 0.100881 0.582965 BG
desk 60 250 496 419 0.651645 0.202527 desk
fridge 12 55 116 426 0.338094 0.350929 BG
fridge 130 162 231 262 0.102016 0.594532 BG
tv 112 172 192 267 0.37028 0.329892 computer
tv 0 0 57 12 0.305648 0.600062 BG
tv 452 423 461 426 0.203983 0.468864 BG
tv 455 407 500 426 0.103697 0.623145 BG
tv 330 424 335 426 0.102105 0.633462 BG
tv 319 421 330 426 0.100645 0.567721 BG
paper 327 211 369 230 0.82425 0.152796 BG
paper 293 206 374 248 0.658957 0.248714 BG
paper 315 210 327 222 0.444976 0.545293 BG
paper 326 194 350 206 0.318181 0.517804 BG
paper 313 259 344 266 0.307269 0.590156 BG
paper 262 315 369 361 0.305228 0.491394 paper
paper 234 311 312 349 0.295125 0.669805 BG
paper 317 203 324 208 0.276563 0.701503 BG
paper 277 409 282 413 0.229333 0.454176 BG
paper 302 246 355 268 0.22367 0.613443 BG
paper 291 213 375 323 0.204563 0.628042 container
paper 317 405 318 406 0.193595 0.621597 BG
paper 295 250 317 268 0.176235 0.761954 BG
paper 45 350 47 352 0.176144 0.083359 BG
paper 350 391 394 426 0.175662 0.535996 BG
paper 378 413 384 421 0.172573 0.685211 BG
paper 289 408 304 422 0.166927 0.510342 BG
paper 32 352 47 367 0.158886 0.093882 BG
paper 446 387 480 423 0.151237 0.361219 BG
paper 538 384 560 415 0.149232 0.398414 BG
paper 242 252 295 269 0.147412 0.810013 BG
paper 546 380 560 398 0.146871 0.453236 BG
paper 45 351 64 366 0.141035 0.168976 BG
paper 233 252 367 393 0.13486 0.610896 BG
paper 499 382 560 426 0.129609 0.536401 BG
paper 308 394 330 426 0.125474 0.759806 BG
paper 219 174 225 180 0.119693 0.609935 BG
paper 315 236 338 250 0.118548 0.695418 BG
paper 375 414 393 426 0.117855 0.575565 BG
paper 176 392 256 426 0.112794 0.610639 paper
paper 428 340 433 343 0.111949 0.663713 BG
paper 351 320 367 330 0.111206 0.666396 BG
paper 453 400 516 426 0.10801 0.496856 BG
paper 556 80 560 87 0.107629 0.698273 BG
paper 137 399 194 426 0.10361 0.676774 BG
paper 222 162 246 183 0.103604 0.321559 BG
paper 293 421 296 421 0.103366 0.356072 BG
paper 177 399 185 410 0.101802 0.835645 BG
box 321 378 373 401 0.907815 0.091859 BG
box 291 353 527 416 0.907098 0.091727 books
box 216 299 437 404 0.785399 0.193826 BG
box 303 371 344 413 0.759852 0.239538 BG
box 327 387 345 411 0.749915 0.249197 BG
box 399 334 473 399 0.730536 0.257675 BG
box 344 372 357 386 0.723638 0.275545 BG
box 422 364 507 412 0.70186 0.284519 BG
box 299 358 355 385 0.696459 0.299400 BG
box 353 384 487 426 0.64625 0.256128 BG
box 338 339 437 401 0.609107 0.383570 BG
box 383 334 424 356 0.472635 0.512988 BG
box 350 365 407 415 0.464499 0.514047 BG
box 422 367 456 391 0.457422 0.518555 BG
box 445 385 480 426 0.45638 0.361219 BG
box 404 352 414 356 0.448085 0.532022 BG
box 392 346 398 350 0.426243 0.563894 BG
box 407 381 432 398 0.401908 0.593368 BG
box 352 270 472 423 0.390478 0.586463 BG
box 369 335 386 345 0.346555 0.631736 BG
box 470 399 498 416 0.294687 0.682261 BG
box 442 349 493 385 0.291294 0.649955 BG
box 379 378 433 408 0.282589 0.708573 BG
box 362 364 376 376 0.26603 0.676655 BG
box 451 377 557 426 0.238695 0.394900 BG
box 382 369 397 379 0.225417 0.699822 BG
box 312 380 325 399 0.200182 0.796736 BG
box 337 395 357 404 0.194036 0.785592 BG
box 371 369 380 374 0.192677 0.741769 BG
box 317 358 347 369 0.166081 0.807010 BG
box 407 377 416 385 0.142892 0.833368 BG
box 257 350 327 398 0.138202 0.843862 BG
box 130 262 131 264 0.13805 0.702831 BG
box 400 316 449 357 0.133662 0.761385 BG
box 295 388 323 406 0.12722 0.843542 BG
box 342 335 380 349 0.119334 0.845115 BG
box 411 381 416 386 0.118707 0.868699 BG
box 129 169 189 237 0.115135 0.373576 BG
box 140 225 358 420 0.112241 0.471972 BG
box 277 408 283 413 0.107574 0.454176 BG
box 425 356 448 367 0.10549 0.667953 BG
box 349 399 396 426 0.104426 0.600351 BG
box 517 416 519 426 0.103254 0.378590 BG
whiteboard 362 10 543 232 0.107098 0.868661 BG
night_stand 95 257 376 426 0.198211 0.273917 desk
lamp 193 164 276 208 0.667638 0.181220 BG
lamp 222 163 245 184 0.547435 0.321559 BG
lamp 219 163 234 174 0.276658 0.576758 BG
lamp 204 160 336 256 0.221156 0.620360 BG
lamp 219 175 225 180 0.21349 0.609935 BG
bag 90 384 161 426 0.125794 0.280265 BG
garbage_bin 0 351 88 425 0.303611 0.285396 BG
garbage_bin 90 381 163 425 0.137238 0.280265 BG
garbage_bin 167 216 185 245 0.121344 0.707360 BG
garbage_bin 177 243 193 255 0.11607 0.835305 BG
garbage_bin 187 248 190 252 0.116067 0.855911 BG
garbage_bin 31 353 48 367 0.108229 0.093882 BG
garbage_bin 222 181 272 209 0.101828 0.607283 BG
garbage_bin 44 351 48 352 0.100114 0.083359 BG
