bed 289 403 432 426 0.150255 0.397691 BG
chair 300 292 496 426 0.694309 0.253182 sofa_chair
chair 311 200 542 343 0.618348 0.315077 sofa_chair
chair 307 184 379 360 0.337526 0.643064 BG
chair 363 300 406 329 0.219447 0.768551 BG
chair 362 209 448 312 0.21561 0.751996 BG
chair 471 242 513 273 0.211212 0.639644 BG
chair 0 112 50 198 0.117536 0.380121 pillow
sofa 0 141 197 426 0.981233 0.013782 sofa
sofa 298 205 534 423 0.462172 0.249275 sofa_chair
sofa 396 317 560 426 0.449416 0.382233 sofa_chair
sofa 0 300 131 426 0.307788 0.616903 BG
sofa 347 133 461 230 0.148889 0.763142 BG
table 245 207 329 280 0.155625 0.694672 BG
table 310 285 550 423 0.135581 0.093399 sofa_chair&&endtable
door 301 6 362 112 0.499809 0.250269 blinds
door 193 5 236 307 0.255179 0.554526 BG
door 434 7 495 200 0.169041 0.676920 BG
door 477 6 527 214 0.136352 0.577086 door
door 213 5 291 300 0.111219 0.828267 door
bookshelf 25 15 253 267 0.92051 0.073209 bookshelf
bookshelf 139 2 183 47 0.336274 0.659044 BG
bookshelf 144 7 207 316 0.255852 0.736171 BG
bookshelf 109 140 192 228 0.205875 0.770012 BG
bookshelf 129 0 188 131 0.19475 0.804064 BG
bookshelf 42 0 160 138 0.163288 0.834209 BG
bookshelf 132 173 182 195 0.134287 0.838962 BG
picture 382 44 415 83 0.79373 0.127805 picture
picture 307 9 362 119 0.18367 0.205446 blinds
picture 304 110 355 132 0.16026 0.596309 BG
picture 177 1 186 8 0.159029 0.768892 BG
picture 169 1 176 11 0.155807 0.786940 BG
picture 362 17 428 126 0.103069 0.828564 BG
desk 309 273 549 419 0.224035 0.078474 sofa_chair&&endtable
desk 251 184 343 285 0.139921 0.723186 BG
pillow 42 170 160 268 0.815601 0.182266 pillow
pillow 6 174 69 275 0.626252 0.373292 BG
pillow 354 162 437 199 0.442698 0.372571 bed
pillow 1 116 35 189 0.329616 0.179941 pillow
pillow 10 253 189 353 0.300781 0.666316 BG
pillow 412 215 431 244 0.246779 0.751651 BG
pillow 488 272 517 297 0.183644 0.587215 BG
pillow 324 415 415 426 0.173694 0.575794 pillow
pillow 495 270 512 279 0.163738 0.755756 BG
pillow 355 144 478 243 0.138941 0.730563 BG
pillow 483 262 496 272 0.136596 0.829894 BG
pillow 413 199 452 293 0.135274 0.854668 BG
pillow 489 267 494 272 0.124643 0.863663 BG
pillow 398 261 552 426 0.118859 0.473755 endtable
pillow 500 268 507 270 0.10772 0.818739 BG
pillow 450 264 538 301 0.100309 0.607837 BG
pillow 397 208 503 325 0.100108 0.834615 BG
mirror 472 10 527 225 0.144975 0.577086 door
clothes 357 150 450 201 0.312626 0.329058 bed
clothes 483 271 539 296 0.108313 0.702288 BG
clothes 370 139 451 170 0.102808 0.818706 BG
paper 402 290 481 330 0.880993 0.098903 BG
paper 479 314 534 346 0.311692 0.572052 BG
paper 375 268 547 347 0.306639 0.619226 BG
paper 415 288 448 296 0.247085 0.728037 BG
paper 488 305 545 324 0.215664 0.537627 BG
paper 290 225 320 264 0.214011 0.739598 BG
paper 424 138 430 141 0.20237 0.691470 BG
paper 490 311 511 318 0.186219 0.793592 BG
paper 526 315 541 321 0.183867 0.640329 BG
paper 408 288 411 293 0.178382 0.801461 BG
paper 424 138 443 144 0.177516 0.653789 BG
paper 444 161 455 189 0.177285 0.374967 BG
paper 214 265 220 281 0.146435 0.532306 BG
paper 479 304 524 314 0.137515 0.840906 BG
paper 107 384 153 426 0.129956 0.622197 BG
paper 431 136 459 189 0.127563 0.528088 BG
paper 497 278 516 296 0.126389 0.710373 BG
paper 89 396 131 426 0.124263 0.648177 BG
paper 296 188 319 224 0.121322 0.875059 BG
paper 528 322 549 346 0.118638 0.349611 BG
paper 308 185 312 193 0.113911 0.884125 BG
paper 451 263 490 304 0.113794 0.817660 BG
paper 396 141 428 147 0.113604 0.775619 BG
paper 521 309 546 336 0.109103 0.469352 BG
paper 446 162 448 166 0.106277 0.572271 BG
box 528 326 546 337 0.485946 0.363167 BG
box 139 189 176 224 0.379457 0.454829 BG
box 520 308 546 337 0.369724 0.469352 BG
box 536 336 549 347 0.353236 0.365892 BG
box 470 296 545 347 0.247907 0.529760 BG
box 371 289 385 301 0.247089 0.704798 BG
box 444 160 456 188 0.245134 0.374967 BG
box 213 265 221 280 0.234958 0.532306 BG
box 431 134 460 187 0.188378 0.528088 BG
box 138 188 147 224 0.182008 0.761336 BG
box 446 162 449 165 0.136628 0.572271 BG
box 159 222 187 230 0.133827 0.698638 BG
box 360 199 390 208 0.128835 0.826964 BG
box 148 212 184 225 0.128074 0.782199 BG
box 443 264 547 327 0.120938 0.640695 BG
night_stand 136 182 175 227 0.117338 0.546448 BG
lamp 179 190 189 222 0.252315 0.515799 BG
lamp 190 200 190 207 0.179357 0.532077 BG
bag 1 110 34 183 0.21128 0.179941 BG
bag 477 267 544 324 0.141528 0.439969 BG
garbage_bin 276 263 319 288 0.211867 0.636970 BG
garbage_bin 160 235 208 317 0.107833 0.753170 BG
