cabinet 353 169 545 337 0.671032 0.165254 BG
cabinet 18 16 180 311 0.166602 0.596787 BG
cabinet 119 2 553 89 0.146388 0.400914 kitchen_cabinet
cabinet 180 144 408 292 0.112448 0.832365 BG
cabinet 491 189 560 351 0.101468 0.508695 BG
chair 164 239 370 371 0.647663 0.350316 chair
chair 0 268 50 319 0.429484 0.566761 BG
chair 0 289 14 297 0.185801 0.810112 BG
chair 68 38 238 310 0.173084 0.579418 BG
chair 0 274 19 294 0.154326 0.843360 BG
chair 187 171 277 339 0.144362 0.848792 BG
chair 0 257 484 415 0.133692 0.181410 table
sofa 472 343 489 358 0.167191 0.326982 BG
sofa 476 348 479 349 0.158196 0.309531 BG
sofa 478 343 482 347 0.135074 0.418432 BG
table 0 278 284 426 0.985933 0.009119 table
table 39 194 521 413 0.556139 0.220291 BG
table 316 183 557 354 0.179551 0.655005 BG
table 81 401 86 406 0.148123 0.530755 BG
table 76 390 106 408 0.142199 0.524684 BG
table 60 400 88 415 0.140648 0.322905 BG
table 42 353 166 418 0.13788 0.634216 BG
table 86 401 96 413 0.123597 0.558659 BG
door 133 0 429 85 0.119769 0.448861 kitchen_cabinet
door 531 0 559 83 0.112017 0.243396 BG
door 209 0 242 84 0.109035 0.378854 BG
picture 557 220 560 223 0.143331 0.441452 BG
picture 518 52 529 80 0.1296 0.674175 BG
picture 529 1 560 78 0.119531 0.247873 BG
picture 529 56 539 80 0.11779 0.729584 BG
counter 211 165 560 204 0.832899 0.154016 counter
counter 425 183 558 206 0.49714 0.495919 BG
counter 476 348 480 349 0.195155 0.309531 BG
counter 336 154 551 339 0.1753 0.418119 BG
counter 245 164 376 182 0.15153 0.814753 BG
counter 486 349 494 356 0.131054 0.477408 BG
counter 472 343 490 357 0.120306 0.326982 BG
counter 261 162 275 166 0.1033 0.864648 BG
counter 261 165 285 173 0.102337 0.872580 BG
fridge 60 14 195 323 0.201691 0.338121 BG
paper 47 417 54 423 0.226596 0.328012 BG
paper 535 363 544 369 0.212859 0.312836 BG
paper 528 360 543 379 0.207944 0.202462 BG
paper 548 359 560 367 0.193551 0.322847 BG
paper 238 84 247 89 0.187796 0.631046 BG
paper 59 414 62 417 0.172789 0.307352 BG
paper 310 34 311 38 0.171166 0.111900 BG
paper 437 323 445 324 0.170892 0.245842 BG
paper 557 221 560 223 0.164432 0.441452 BG
paper 68 408 71 413 0.161306 0.350277 BG
paper 63 413 64 415 0.157848 0.262790 BG
paper 38 64 40 80 0.155082 0.159400 BG
paper 39 82 42 100 0.155067 0.161795 BG
paper 58 404 78 418 0.154115 0.269372 BG
paper 423 319 437 333 0.151454 0.256456 BG
paper 544 347 560 363 0.149749 0.438240 BG
paper 542 175 560 180 0.148406 0.481450 BG
paper 439 326 460 346 0.140259 0.279402 BG
paper 74 406 77 409 0.139821 0.274783 BG
paper 40 421 54 426 0.139514 0.120176 BG
paper 542 178 544 180 0.136644 0.376243 BG
paper 245 63 253 83 0.124859 0.678345 BG
paper 413 314 422 318 0.121849 0.257542 BG
paper 444 326 452 333 0.118899 0.310239 BG
paper 85 406 92 412 0.118561 0.446915 BG
paper 383 306 393 313 0.115181 0.300590 BG
paper 238 84 285 89 0.114654 0.780177 BG
paper 58 392 103 417 0.112602 0.338310 BG
paper 251 63 252 73 0.111811 0.616909 BG
paper 424 318 430 320 0.105781 0.337522 BG
paper 460 330 463 334 0.101108 0.393629 BG
box 181 114 183 125 0.292309 0.681081 BG
box 541 178 545 180 0.279632 0.376243 BG
box 177 285 181 288 0.21254 0.718939 BG
box 168 125 180 127 0.181951 0.798575 BG
box 534 362 544 369 0.175489 0.312836 BG
box 542 174 560 180 0.172124 0.481450 BG
box 529 121 553 173 0.154378 0.284001 BG
box 528 358 543 378 0.150148 0.202462 BG
box 175 285 192 298 0.146668 0.823996 BG
box 186 295 191 299 0.143542 0.843212 BG
box 59 414 63 417 0.142175 0.307352 BG
box 64 412 65 415 0.141985 0.262790 BG
box 59 404 79 418 0.136863 0.269372 BG
box 47 417 55 423 0.126562 0.328012 BG
box 184 125 225 148 0.12104 0.826771 BG
box 40 421 55 426 0.11705 0.120176 BG
box 58 31 176 226 0.115215 0.457648 BG
box 498 153 528 172 0.107147 0.662215 BG
box 127 2 160 23 0.106307 0.530572 BG
box 551 121 560 172 0.104614 0.358341 BG
box 202 148 208 150 0.100654 0.834560 BG
whiteboard 368 1 560 86 0.61286 0.114958 BG
whiteboard 243 1 451 83 0.451219 0.184447 BG
whiteboard 212 0 290 90 0.309812 0.321147 BG
whiteboard 530 3 560 86 0.259507 0.243396 BG
whiteboard 378 59 382 63 0.22078 0.601739 BG
whiteboard 72 3 560 127 0.196479 0.472716 kitchen_cabinet
sink 382 147 539 197 0.360767 0.597304 BG
sink 257 113 511 196 0.330728 0.642191 BG
sink 436 158 485 187 0.213101 0.777294 BG
sink 466 151 499 175 0.20644 0.780007 BG
sink 480 159 485 171 0.1635 0.782748 BG
lamp 529 124 560 179 0.408138 0.222927 BG
lamp 551 124 560 172 0.310036 0.358341 BG
lamp 491 111 550 173 0.15024 0.640252 BG
garbage_bin 423 318 437 334 0.220885 0.256456 BG
garbage_bin 437 322 445 325 0.217669 0.245842 BG
garbage_bin 412 314 422 318 0.187805 0.257542 BG
garbage_bin 443 326 452 333 0.183635 0.310239 BG
garbage_bin 438 325 460 346 0.174857 0.279402 BG
garbage_bin 383 305 393 313 0.169899 0.300590 BG
garbage_bin 424 317 430 320 0.155562 0.337522 BG
garbage_bin 460 330 463 334 0.150051 0.393629 BG
garbage_bin 79 124 187 294 0.145735 0.488348 BG
garbage_bin 63 413 65 415 0.132367 0.262790 BG
garbage_bin 63 405 79 415 0.126207 0.226169 BG
garbage_bin 59 415 63 417 0.115615 0.307352 BG
garbage_bin 463 334 479 348 0.108944 0.375053 BG
garbage_bin 527 358 543 379 0.10833 0.202462 BG
garbage_bin 88 205 94 213 0.104776 0.776292 BG
garbage_bin 433 318 440 323 0.102197 0.488848 BG
