cabinet 19 32 201 150 0.472506 0.222513 BG
chair 168 220 288 407 0.986659 0.013147 chair
chair 165 108 225 242 0.3891 0.572380 chair
sofa 203 65 527 321 0.868645 0.121364 futon
sofa 411 142 553 331 0.557996 0.317110 BG
table 206 158 442 290 0.374578 0.494155 BG
table 165 84 275 250 0.212956 0.475630 BG
table 19 140 167 220 0.206706 0.663502 BG
table 219 248 519 414 0.110442 0.846633 BG
picture 35 4 41 22 0.257686 0.531103 BG
picture 34 2 57 33 0.176818 0.652553 BG
picture 0 198 18 221 0.171587 0.714842 clothes
picture 0 174 35 200 0.163168 0.665466 BG
picture 4 202 18 210 0.148 0.775917 BG
picture 8 195 18 203 0.129162 0.792008 BG
picture 136 1 139 5 0.126186 0.726580 BG
picture 82 1 88 6 0.11302 0.862716 BG
picture 51 2 74 32 0.107388 0.826020 picture
picture 3 2 97 48 0.103816 0.575804 BG
counter 95 30 116 41 0.564169 0.421728 BG
counter 59 30 129 44 0.408613 0.580538 BG
counter 90 19 158 41 0.254595 0.713778 BG
counter 80 31 100 42 0.235048 0.749561 BG
counter 2 39 189 153 0.205252 0.240301 BG
counter 51 42 65 45 0.158384 0.807222 BG
counter 130 34 178 46 0.152198 0.812881 BG
counter 65 42 72 44 0.138299 0.840233 BG
desk 164 95 283 237 0.124951 0.484233 BG
pillow 85 385 145 426 0.179038 0.361338 clothes
pillow 502 191 538 205 0.161628 0.734838 BG
pillow 397 119 424 178 0.155933 0.818476 BG
pillow 494 188 496 191 0.100371 0.601982 BG
clothes 87 383 145 426 0.288585 0.361338 clothes
paper 2 0 40 35 0.719068 0.140738 picture
paper 1 35 5 38 0.562904 0.404735 BG
paper 214 154 226 167 0.505646 0.492502 BG
paper 214 158 217 164 0.502982 0.494157 BG
paper 212 165 215 167 0.398034 0.592952 BG
paper 2 24 39 47 0.394674 0.399082 BG
paper 210 105 234 158 0.350186 0.618332 BG
paper 336 187 367 199 0.322656 0.588691 BG
paper 17 24 40 35 0.278334 0.414259 BG
paper 383 358 397 365 0.275129 0.657510 BG
paper 336 192 352 197 0.256964 0.602545 BG
paper 297 187 368 207 0.249623 0.543148 BG
paper 215 92 232 99 0.225309 0.513609 BG
paper 213 155 254 178 0.213915 0.760085 BG
paper 4 1 94 49 0.198366 0.575804 BG
paper 331 196 362 206 0.194999 0.645539 BG
paper 189 111 218 118 0.190733 0.794654 BG
paper 37 211 80 221 0.181148 0.687064 BG
paper 36 8 41 21 0.167275 0.604935 BG
paper 526 366 534 379 0.164996 0.831590 BG
paper 190 103 250 177 0.163596 0.809912 BG
paper 48 210 54 213 0.160322 0.632292 BG
paper 404 353 414 369 0.15797 0.745996 BG
paper 541 204 545 205 0.153658 0.311125 BG
paper 383 358 407 376 0.15351 0.761217 BG
paper 352 193 365 198 0.150979 0.805010 BG
paper 176 54 194 116 0.150262 0.503838 BG
paper 388 364 396 371 0.135996 0.805454 BG
paper 397 357 403 358 0.133283 0.687474 BG
paper 334 168 368 187 0.129033 0.692808 BG
paper 34 0 56 34 0.107763 0.652553 BG
paper 333 187 344 199 0.101753 0.697410 BG
paper 311 165 335 204 0.100004 0.573968 BG
box 16 23 41 36 0.301856 0.414259 BG
box 0 12 41 49 0.234016 0.237792 BG
box 214 92 232 100 0.2184 0.513609 BG
box 192 84 193 89 0.189642 0.425119 BG
box 2 73 45 156 0.16977 0.672151 BG
box 193 76 194 81 0.164101 0.412238 BG
box 36 8 41 20 0.15355 0.604935 BG
box 176 50 206 116 0.133588 0.435725 BG
whiteboard 23 3 215 181 0.15001 0.692738 BG
person 161 1 168 19 0.149679 0.774222 BG
person 138 1 169 32 0.148996 0.780914 picture
person 547 304 551 309 0.131688 0.718724 BG
person 552 303 560 335 0.106487 0.654026 BG
garbage_bin 193 76 194 82 0.129747 0.412238 BG
