cabinet 2 29 179 307 0.551915 0.152597 BG
cabinet 320 83 560 426 0.38359 0.335894 kitchen_counter
cabinet 446 228 560 426 0.159448 0.669543 BG
chair 478 101 507 130 0.333914 0.575900 BG
chair 490 104 500 119 0.157733 0.813683 BG
chair 478 66 515 120 0.141233 0.704918 BG
chair 481 90 499 104 0.134848 0.811294 BG
chair 478 102 492 118 0.11373 0.799090 BG
table 139 76 223 231 0.152707 0.642958 BG
door 4 1 138 308 0.196618 0.179431 BG
door 291 0 342 281 0.14925 0.595805 BG
door 288 100 291 120 0.102841 0.520787 BG
bookshelf 117 52 154 73 0.125172 0.820758 BG
bookshelf 110 53 235 97 0.123854 0.860906 BG
bookshelf 117 19 183 177 0.121443 0.785839 BG
picture 4 4 89 50 0.689592 0.088144 BG
picture 330 7 550 95 0.254692 0.601258 BG
picture 411 2 530 34 0.251184 0.390260 BG
picture 110 2 116 28 0.215009 0.502713 BG
picture 110 1 113 8 0.205361 0.552096 BG
picture 464 3 498 48 0.162608 0.324088 BG
picture 496 1 534 16 0.16095 0.202707 BG
picture 416 1 453 18 0.156617 0.597374 BG
picture 449 1 482 31 0.130642 0.364912 BG
picture 529 1 540 15 0.128176 0.174090 BG
picture 6 37 85 51 0.120542 0.764053 BG
picture 381 25 429 108 0.115986 0.783755 BG
picture 249 2 265 48 0.104348 0.758424 BG
counter 337 87 555 237 0.992792 0.006261 BG
counter 393 118 553 176 0.724824 0.254627 BG
counter 494 108 558 210 0.200652 0.722255 BG
counter 431 156 560 376 0.163592 0.487060 BG
counter 362 93 483 142 0.133009 0.744206 BG
desk 107 85 306 250 0.237475 0.489937 BG
dresser 370 189 560 406 0.323992 0.548785 kitchen_counter
clothes 205 154 281 252 0.529653 0.334512 BG
clothes 205 0 215 27 0.429705 0.325685 BG
clothes 204 104 230 211 0.36374 0.549261 BG
clothes 222 159 258 215 0.289837 0.647545 BG
clothes 182 3 216 61 0.282697 0.419406 curtain
clothes 190 14 287 225 0.259522 0.620151 person
paper 85 263 113 289 0.375072 0.330183 BG
paper 64 266 88 292 0.295193 0.300120 BG
paper 86 272 92 288 0.267431 0.430566 BG
paper 476 34 476 37 0.205082 0.426105 BG
paper 119 261 121 268 0.196181 0.433659 BG
paper 468 26 468 29 0.186704 0.499567 BG
paper 463 1 478 51 0.161997 0.317253 BG
paper 2 0 88 49 0.159451 0.088144 BG
paper 185 67 210 80 0.151834 0.649644 BG
paper 416 0 480 32 0.114273 0.361191 BG
paper 410 112 474 131 0.11254 0.838485 plate
paper 197 69 209 71 0.111587 0.669282 BG
paper 553 230 560 241 0.110451 0.428181 BG
paper 209 67 214 70 0.110158 0.603681 BG
paper 472 1 482 17 0.10694 0.290369 BG
paper 463 0 534 35 0.105869 0.355049 BG
paper 517 41 525 44 0.104844 0.632884 BG
box 59 260 116 299 0.497841 0.129008 filter
box 119 260 121 268 0.362339 0.433659 BG
box 379 17 492 83 0.292816 0.426401 choppingboard
box 86 272 92 289 0.216953 0.430566 BG
box 415 23 469 63 0.210879 0.496244 bag
box 529 1 539 15 0.169905 0.174090 BG
box 496 1 533 16 0.133464 0.202707 BG
box 471 1 482 17 0.129814 0.290369 BG
box 111 257 121 292 0.12469 0.799444 BG
box 147 268 152 275 0.119261 0.816452 BG
box 476 34 476 36 0.11919 0.426105 BG
box 462 2 482 30 0.117519 0.354027 BG
box 463 417 471 426 0.117136 0.259295 BG
box 414 1 477 32 0.112007 0.361191 BG
box 477 3 498 35 0.109876 0.354973 BG
box 445 29 475 88 0.10823 0.757537 BG
person 208 36 289 305 0.572227 0.165082 person
person 205 69 249 232 0.305326 0.544834 BG
person 223 56 267 133 0.240864 0.716195 BG
person 511 54 556 82 0.191016 0.618073 BG
person 552 54 560 77 0.181671 0.598014 BG
person 471 41 554 101 0.163811 0.680010 BG
person 545 68 560 76 0.161352 0.642911 BG
person 220 97 252 134 0.131653 0.867272 BG
person 223 66 248 85 0.116646 0.808469 BG
person 491 42 528 80 0.105839 0.692566 BG
sink 447 61 534 210 0.149446 0.535186 BG
lamp 477 0 530 46 0.139538 0.343969 BG
bag 201 102 291 287 0.147133 0.251647 person
bag 205 3 214 27 0.129297 0.325685 BG
