chair 90 182 189 340 0.307999 0.650267 BG
chair 5 199 113 374 0.143973 0.501522 BG
sofa 24 185 219 347 0.20277 0.563646 BG
door 236 1 271 115 0.228097 0.542328 BG
door 174 7 221 268 0.188188 0.757328 BG
door 202 7 308 241 0.145888 0.820480 shelves
door 366 0 527 426 0.125016 0.424474 door
door 257 3 319 112 0.112764 0.759603 BG
door 199 3 240 119 0.109328 0.772405 BG
door 108 5 244 314 0.109086 0.787774 BG
picture 531 234 560 381 0.310923 0.226206 BG
picture 270 201 343 301 0.236067 0.562657 BG
picture 313 1 315 8 0.190535 0.561114 BG
picture 382 211 426 232 0.162336 0.436695 BG
picture 459 143 505 157 0.147187 0.553458 BG
picture 262 1 296 26 0.139564 0.487329 BG
picture 556 140 560 142 0.130693 0.247168 BG
picture 531 353 542 364 0.127876 0.799782 BG
picture 305 259 332 283 0.109947 0.864219 BG
picture 272 1 296 7 0.108727 0.386877 BG
counter 0 260 381 426 0.163463 0.728861 bathroomvanity&&counter
mirror 529 230 560 398 0.140299 0.226206 BG
clothes 231 271 256 287 0.15899 0.650911 BG
clothes 236 261 254 267 0.110121 0.693559 BG
fridge 525 238 560 426 0.332144 0.482294 BG
fridge 346 35 555 426 0.130474 0.424474 door
tv 0 215 115 339 0.267129 0.322722 BG
tv 270 1 295 7 0.166322 0.386877 BG
paper 179 266 196 291 0.58821 0.234982 BG
paper 178 258 225 297 0.383449 0.370892 BG
paper 330 410 339 416 0.253431 0.396096 BG
paper 33 15 35 18 0.246874 0.128718 BG
paper 241 258 255 262 0.182931 0.534140 BG
paper 330 406 331 407 0.162002 0.340316 BG
paper 281 395 287 398 0.161804 0.294483 BG
paper 380 256 381 259 0.161772 0.477856 BG
paper 527 383 560 426 0.151046 0.197271 floor
paper 556 139 560 142 0.138055 0.247168 BG
paper 334 410 340 426 0.131507 0.144808 BG
paper 230 254 234 265 0.131397 0.786930 BG
paper 188 397 237 426 0.124192 0.612384 BG
paper 219 261 244 283 0.111511 0.699094 BG
paper 191 413 213 426 0.111097 0.424902 BG
paper 355 408 435 426 0.110366 0.206035 BG
paper 149 305 150 310 0.109532 0.637002 BG
paper 324 401 329 407 0.107821 0.746794 BG
paper 245 367 340 426 0.102125 0.570263 BG
paper 460 144 504 157 0.101442 0.553458 BG
paper 227 404 260 426 0.100663 0.428637 BG
box 527 379 559 425 0.200044 0.197271 floor
box 281 395 286 398 0.178601 0.294483 BG
box 172 256 268 299 0.133688 0.219567 BG
box 330 405 330 407 0.129171 0.340316 BG
box 246 257 251 261 0.119336 0.521043 BG
box 32 15 36 18 0.109183 0.128718 BG
box 50 419 55 426 0.103936 0.408413 BG
box 1 215 105 338 0.102913 0.298012 BG
whiteboard 14 8 184 321 0.110041 0.859133 BG
toilet 352 73 550 389 0.220369 0.477879 door
lamp 386 154 417 161 0.377391 0.459429 BG
lamp 556 233 560 242 0.182785 0.708174 BG
lamp 382 209 427 233 0.173195 0.436695 BG
lamp 391 146 413 155 0.125298 0.714305 BG
bag 172 257 261 297 0.250615 0.311659 BG
bag 219 261 255 281 0.146694 0.507414 BG
bag 102 192 249 295 0.137901 0.290462 BG
garbage_bin 245 258 251 262 0.175928 0.521043 BG
garbage_bin 254 207 274 272 0.149309 0.679597 BG
garbage_bin 329 405 330 407 0.119589 0.340316 BG
garbage_bin 254 271 265 274 0.115832 0.825429 BG
garbage_bin 247 267 253 270 0.115028 0.737157 BG
garbage_bin 508 191 524 196 0.106204 0.596445 BG
garbage_bin 525 381 560 426 0.104244 0.197271 floor
garbage_bin 32 15 36 18 0.100285 0.128718 BG
garbage_bin 255 257 270 273 0.100235 0.834946 BG
