chair 401 331 550 426 0.234638 0.608082 BG
table 356 350 543 426 0.210874 0.517827 BG
table 152 238 560 426 0.168888 0.771853 BG
door 0 1 18 111 0.241699 0.532625 BG
picture 261 62 280 107 0.330051 0.255095 BG
picture 53 1 65 19 0.138345 0.446831 BG
picture 106 1 141 51 0.117769 0.634976 BG
mirror 434 0 558 200 0.456557 0.449484 BG
mirror 324 12 456 171 0.111337 0.872802 BG
paper 262 61 279 105 0.331639 0.255095 BG
paper 499 96 507 99 0.214805 0.244978 BG
paper 0 347 143 425 0.211061 0.276974 floor
paper 17 338 28 343 0.195459 0.054365 BG
paper 258 416 264 417 0.16177 0.487758 BG
paper 208 415 223 424 0.133036 0.306588 BG
paper 544 383 553 385 0.130389 0.436076 BG
paper 211 418 212 421 0.130021 0.304352 BG
paper 549 106 560 111 0.128656 0.472742 BG
paper 523 62 531 70 0.12697 0.581087 BG
paper 411 415 447 426 0.116192 0.195844 BG
paper 129 412 134 415 0.115071 0.319884 BG
paper 380 393 466 426 0.101989 0.564455 BG
towel 12 158 39 195 0.233184 0.571435 BG
towel 309 337 362 426 0.226471 0.695481 towel
towel 0 175 6 192 0.132049 0.594396 BG
box 410 414 446 426 0.149376 0.195844 BG
box 433 105 462 117 0.139884 0.511259 BG
box 17 338 29 343 0.123245 0.054365 BG
box 2 300 5 304 0.111994 0.328710 BG
box 377 390 466 426 0.108699 0.564455 BG
person 457 170 467 184 0.176444 0.793387 BG
person 445 156 466 181 0.127292 0.747501 BG
sink 271 132 536 414 0.634496 0.301674 sink
sink 495 175 560 252 0.119816 0.876789 BG
garbage_bin 556 353 560 358 0.208453 0.468016 BG
garbage_bin 526 390 538 395 0.184568 0.625702 BG
garbage_bin 548 364 560 383 0.180055 0.542669 BG
garbage_bin 16 338 29 344 0.163062 0.054365 BG
garbage_bin 0 343 148 426 0.136498 0.276974 floor
garbage_bin 499 95 507 100 0.124327 0.244978 BG
