cabinet 236 125 542 357 0.571994 0.388806 bathroomvanity
chair 467 33 486 110 0.179915 0.740268 BG
chair 457 36 473 111 0.149678 0.795158 BG
table 0 234 172 421 0.337131 0.082150 bathtub
door 26 10 192 239 0.243549 0.722671 BG
door 4 2 39 239 0.239818 0.481340 BG
door 220 4 252 149 0.198168 0.746287 BG
door 241 4 294 126 0.14825 0.710997 BG
door 214 6 297 314 0.124995 0.707465 BG
picture 511 119 558 171 0.514451 0.362763 BG
picture 532 122 560 144 0.394029 0.489309 BG
picture 306 6 364 71 0.288564 0.631870 BG
picture 551 124 560 156 0.274868 0.514767 BG
picture 545 131 555 145 0.256611 0.574307 BG
picture 530 137 543 163 0.249403 0.690293 BG
picture 489 34 560 184 0.233569 0.586112 BG
picture 75 77 89 95 0.220214 0.503694 BG
picture 529 18 543 27 0.220137 0.750228 BG
picture 496 11 559 56 0.200625 0.777022 BG
picture 540 134 547 147 0.198329 0.684560 BG
picture 192 2 200 33 0.195845 0.687354 BG
picture 542 144 557 159 0.193267 0.657576 BG
picture 330 18 355 61 0.182985 0.775159 BG
picture 348 7 405 104 0.182841 0.465683 BG
picture 158 1 201 33 0.180982 0.601211 BG
picture 530 112 551 123 0.179547 0.658453 BG
picture 538 41 560 179 0.154722 0.731809 BG
picture 534 160 543 163 0.139507 0.824527 BG
picture 507 120 538 145 0.137632 0.800947 BG
picture 321 17 333 57 0.134026 0.841491 BG
picture 531 128 540 136 0.132139 0.809165 BG
picture 536 114 542 117 0.127497 0.525345 BG
picture 369 1 373 3 0.108101 0.521614 BG
counter 222 145 557 187 0.931992 0.066557 counter
counter 239 138 411 170 0.812806 0.178429 BG
counter 318 138 370 174 0.556366 0.341575 BG
counter 301 149 339 160 0.528635 0.397313 BG
counter 357 155 466 177 0.438763 0.542002 BG
counter 235 122 560 336 0.433864 0.459178 bathroomvanity
counter 375 106 421 124 0.268663 0.598616 BG
counter 408 158 441 174 0.266317 0.696388 BG
counter 441 159 514 181 0.242974 0.744251 BG
counter 379 128 560 173 0.231366 0.582218 BG
counter 435 156 447 173 0.209262 0.733184 BG
counter 338 111 416 131 0.199351 0.572652 BG
counter 445 159 464 175 0.193019 0.776658 BG
counter 320 159 330 164 0.177301 0.768653 BG
counter 370 111 382 120 0.157841 0.721008 BG
counter 403 103 419 112 0.136913 0.707337 BG
counter 0 199 217 421 0.133452 0.237060 bathtub
counter 359 119 402 129 0.131609 0.757737 BG
counter 185 277 553 382 0.130478 0.843311 BG
counter 387 104 404 109 0.126539 0.705971 BG
counter 378 164 401 174 0.117362 0.868128 BG
counter 438 176 516 186 0.114003 0.870288 BG
dresser 253 116 535 345 0.19508 0.433920 bathroomvanity
mirror 268 12 436 132 0.261832 0.694474 BG
mirror 283 16 321 123 0.180788 0.588441 BG
mirror 363 11 409 127 0.124799 0.706927 BG
mirror 346 6 382 115 0.117788 0.498826 BG
tv 191 1 195 4 0.503966 0.459284 BG
tv 153 1 195 17 0.159586 0.663034 BG
paper 543 108 545 110 0.198518 0.412174 BG
paper 543 157 558 168 0.176901 0.623820 BG
paper 555 145 560 180 0.1679 0.529368 BG
paper 541 127 560 181 0.161656 0.464920 BG
paper 335 302 357 312 0.148242 0.439203 BG
paper 458 103 460 105 0.144825 0.560309 BG
paper 479 103 549 166 0.130806 0.431536 BG
paper 175 398 180 408 0.124435 0.582262 BG
paper 443 100 446 103 0.123124 0.508093 BG
paper 447 111 468 119 0.121668 0.801451 BG
paper 167 412 179 426 0.121047 0.173406 BG
paper 413 33 417 37 0.118942 0.862804 BG
paper 536 114 543 117 0.118061 0.525345 BG
paper 459 106 467 110 0.116745 0.774014 BG
paper 551 125 560 156 0.116537 0.514767 BG
paper 379 315 381 318 0.11438 0.509708 BG
paper 76 76 89 94 0.108231 0.503694 BG
box 458 95 555 166 0.404653 0.285136 BG
box 525 108 546 114 0.281109 0.564160 BG
box 515 98 546 107 0.26298 0.682222 BG
box 510 104 541 110 0.232111 0.712515 BG
box 505 56 542 99 0.226291 0.633983 BG
box 543 109 545 110 0.186665 0.412174 BG
box 535 114 543 116 0.170315 0.525345 BG
box 530 89 543 98 0.164148 0.718162 BG
box 166 411 179 426 0.148398 0.173406 BG
box 520 92 530 97 0.13476 0.826070 BG
box 477 127 515 163 0.123081 0.730389 BG
box 450 118 537 141 0.114989 0.745231 BG
box 507 98 550 122 0.102516 0.834047 BG
box 335 302 357 312 0.102104 0.439203 BG
toilet 0 250 170 424 0.115507 0.211710 bathtub
toilet 549 42 560 61 0.107639 0.617007 BG
sink 359 133 473 168 0.800198 0.157651 sink
sink 345 104 412 167 0.621631 0.343137 BG
sink 397 112 426 161 0.492394 0.504725 BG
sink 358 137 402 162 0.436699 0.549841 BG
sink 373 102 533 179 0.341742 0.359159 BG
sink 274 121 394 162 0.247998 0.552835 BG
sink 396 130 408 159 0.204769 0.793966 BG
sink 367 118 419 142 0.184018 0.796390 BG
sink 359 147 380 161 0.164158 0.791979 BG
sink 400 117 456 138 0.156508 0.813323 BG
sink 363 140 385 150 0.149916 0.842132 BG
sink 351 129 380 154 0.143666 0.816247 BG
sink 327 129 361 169 0.142015 0.326854 BG
sink 363 133 379 145 0.124657 0.843666 BG
sink 365 126 389 134 0.119012 0.844072 BG
sink 416 127 422 133 0.110081 0.876856 BG
sink 378 108 400 133 0.108528 0.848728 BG
sink 3 228 159 352 0.106376 0.164420 bathtub
lamp 442 1 479 8 0.404361 0.575878 BG
bathtub 10 257 179 425 0.119193 0.211710 bathtub
garbage_bin 139 238 159 251 0.213064 0.737106 BG
garbage_bin 132 237 145 247 0.166156 0.784268 BG
garbage_bin 135 244 142 248 0.159443 0.799087 BG
