bed 210 103 560 365 0.989475 0.009798 bed
bed 390 137 555 298 0.245733 0.696140 BG
sofa 351 359 369 369 0.110054 0.500541 BG
table 466 77 560 148 0.134478 0.826900 pillow
door 0 8 51 260 0.178038 0.730709 box
bookshelf 50 13 185 312 0.890217 0.109022 bookshelf
bookshelf 80 22 181 140 0.387574 0.601799 BG
bookshelf 48 18 105 223 0.287766 0.629928 BG
bookshelf 45 23 88 51 0.161238 0.649396 BG
bookshelf 41 15 172 54 0.154566 0.771258 BG
bookshelf 153 101 168 106 0.135398 0.820554 BG
bookshelf 162 75 169 107 0.113328 0.816037 BG
picture 121 2 173 26 0.489857 0.430846 BG
picture 132 1 344 25 0.333557 0.502078 BG
picture 393 65 399 101 0.291806 0.637579 BG
picture 161 2 171 26 0.284811 0.513303 BG
picture 0 121 30 181 0.283279 0.618793 BG
picture 155 5 160 26 0.267707 0.547020 BG
picture 175 0 344 3 0.25894 0.213086 BG
picture 394 6 406 104 0.238458 0.352545 BG
picture 94 158 101 175 0.195342 0.737191 BG
picture 95 154 119 183 0.141551 0.778849 BG
picture 107 1 121 21 0.122693 0.652608 BG
picture 0 122 15 155 0.119022 0.744911 BG
picture 63 1 145 23 0.112862 0.662292 BG
picture 57 79 78 91 0.106333 0.546320 BG
blinds 178 4 397 119 0.886767 0.089455 blinds
blinds 169 41 184 116 0.15142 0.481253 BG
blinds 169 50 176 76 0.112184 0.614227 BG
pillow 493 250 546 291 0.420018 0.558215 BG
pillow 507 287 543 306 0.168348 0.827777 BG
pillow 3 362 164 426 0.145626 0.211184 paper
pillow 481 151 495 158 0.137841 0.827248 BG
pillow 502 184 539 231 0.125875 0.845445 BG
pillow 481 149 521 158 0.11803 0.833403 BG
pillow 452 136 521 157 0.101574 0.864730 pillow
mirror 393 7 406 119 0.328913 0.352545 BG
clothes 8 385 95 426 0.237908 0.144574 BG
clothes 222 159 357 365 0.208176 0.739512 BG
clothes 392 256 415 302 0.135081 0.750024 BG
clothes 255 237 310 355 0.121179 0.856242 BG
fridge 2 178 41 426 0.155918 0.663312 BG
tv 159 1 340 3 0.293902 0.213086 BG
tv 404 1 407 15 0.227484 0.619812 BG
paper 129 378 138 383 0.281452 0.640078 BG
paper 96 247 101 253 0.175763 0.525321 BG
paper 65 350 156 426 0.164238 0.454876 BG
paper 121 359 135 366 0.156618 0.531990 BG
paper 56 96 71 130 0.152551 0.616114 BG
paper 62 106 64 109 0.150434 0.605525 BG
paper 56 96 65 110 0.150276 0.569997 BG
paper 80 246 133 278 0.136634 0.578292 BG
paper 57 79 93 109 0.11941 0.606437 BG
paper 12 406 15 412 0.116653 0.610535 BG
paper 393 64 396 91 0.116308 0.626364 BG
paper 14 400 14 405 0.11391 0.546640 BG
paper 78 244 99 257 0.11213 0.701987 BG
paper 127 251 141 268 0.111507 0.772971 BG
paper 14 397 14 398 0.110374 0.609243 BG
paper 117 245 126 268 0.109981 0.754339 BG
paper 57 79 78 91 0.107969 0.546320 BG
paper 547 76 552 80 0.107122 0.200355 BG
paper 112 253 118 262 0.106291 0.781797 BG
paper 1 123 14 140 0.103408 0.519013 BG
paper 162 25 165 25 0.101052 0.530137 BG
towel 57 382 139 426 0.429261 0.355468 BG
towel 0 387 96 426 0.15379 0.144574 BG
towel 113 411 138 426 0.112149 0.573927 BG
box 56 325 116 375 0.744414 0.207315 door
box 71 27 82 44 0.355417 0.457384 BG
box 102 347 116 368 0.347224 0.607953 BG
box 181 213 189 264 0.316124 0.629144 BG
box 182 242 186 251 0.239343 0.633564 BG
box 50 271 57 282 0.228589 0.649485 BG
box 79 243 138 277 0.221445 0.578292 BG
box 102 347 110 355 0.211602 0.740160 BG
box 21 314 153 405 0.210403 0.570034 BG
box 80 259 89 270 0.191326 0.648458 BG
box 121 358 135 366 0.183182 0.531990 BG
box 14 397 15 398 0.179902 0.609243 BG
box 96 361 115 370 0.17988 0.730061 BG
box 97 350 102 353 0.162628 0.784883 BG
box 58 345 64 350 0.154968 0.831347 BG
box 14 400 15 405 0.154034 0.546640 BG
box 94 353 99 357 0.148956 0.801786 BG
box 66 331 100 350 0.145874 0.700254 BG
box 96 247 101 253 0.142461 0.525321 BG
box 73 346 158 391 0.141589 0.536434 BG
box 162 25 166 25 0.139184 0.530137 BG
box 76 195 117 302 0.124311 0.683446 BG
box 78 27 86 41 0.120697 0.706296 BG
box 47 375 74 387 0.113581 0.823981 BG
box 547 75 552 79 0.112825 0.200355 BG
box 157 240 185 267 0.111487 0.792958 BG
box 77 243 101 257 0.111142 0.701987 BG
box 175 424 178 426 0.104319 0.692474 BG
box 154 25 165 34 0.102095 0.589178 BG
person 532 143 560 182 0.453339 0.354892 BG
person 67 0 112 20 0.27655 0.461476 BG
person 88 2 96 18 0.227769 0.662673 BG
person 9 374 73 426 0.182493 0.115782 BG
person 537 144 560 157 0.179078 0.669962 BG
person 90 0 112 4 0.148229 0.716693 BG
bag 26 387 65 426 0.480025 0.094416 BG
bag 45 402 56 423 0.328882 0.455247 BG
bag 123 416 126 426 0.19737 0.566302 BG
bag 114 416 126 426 0.159678 0.623564 BG
bag 3 361 172 426 0.104808 0.161701 paper
bag 556 177 560 181 0.100392 0.407689 BG
garbage_bin 62 316 102 345 0.405442 0.481102 BG
garbage_bin 57 286 110 377 0.136257 0.186998 BG
