cabinet 69 20 453 385 0.903539 0.084299 BG
cabinet 0 29 42 231 0.231235 0.230969 BG
cabinet 19 61 204 367 0.172624 0.774824 BG
cabinet 137 37 246 387 0.1602 0.781869 BG
bed 2 257 101 425 0.475578 0.282883 BG
bed 339 359 481 424 0.428999 0.209044 BG
chair 0 289 167 426 0.229272 0.426591 bed
chair 345 336 475 421 0.1305 0.233362 BG
chair 79 254 94 303 0.103232 0.883658 BG
chair 411 338 430 348 0.103007 0.701405 BG
sofa 0 1 293 14 0.109774 0.734093 BG
sofa 144 1 255 9 0.102832 0.458866 BG
door 2 47 40 215 0.255966 0.194819 BG
door 194 8 239 371 0.250765 0.494188 door
bookshelf 247 34 466 255 0.826831 0.172427 bookshelf
bookshelf 383 49 445 243 0.562681 0.434992 BG
picture 261 7 451 95 0.235141 0.753932 BG
picture 388 47 448 86 0.230881 0.759595 BG
picture 471 1 486 14 0.2043 0.586271 BG
picture 166 1 259 9 0.177849 0.494907 BG
picture 496 4 499 22 0.148698 0.733983 BG
picture 461 1 466 6 0.135393 0.565049 BG
picture 282 47 325 90 0.124815 0.793292 BG
picture 320 29 383 108 0.119265 0.676534 BG
picture 164 1 304 34 0.104963 0.699054 BG
blinds 454 2 486 96 0.323774 0.575415 BG
desk 219 269 373 390 0.441924 0.207681 BG
desk 3 277 86 314 0.151186 0.727291 books
dresser 350 254 458 418 0.692917 0.026759 BG
dresser 242 279 405 402 0.262981 0.146394 desk
dresser 340 322 406 396 0.126702 0.536583 BG
pillow 3 311 93 359 0.685188 0.282509 BG
pillow 405 370 467 406 0.589708 0.269600 BG
pillow 337 370 461 425 0.172575 0.462659 BG
pillow 40 350 78 368 0.126634 0.853106 BG
pillow 63 358 78 368 0.113607 0.745167 BG
pillow 2 311 145 422 0.110303 0.515710 bed
clothes 8 340 173 422 0.227308 0.505498 bed
clothes 86 68 130 143 0.183131 0.680640 BG
clothes 459 378 476 423 0.15102 0.715838 BG
clothes 95 315 166 393 0.12511 0.799027 BG
clothes 6 298 116 389 0.116733 0.506986 BG
clothes 453 401 463 420 0.111554 0.856999 BG
tv 236 183 353 259 0.852459 0.133640 BG
tv 265 223 324 241 0.653329 0.344202 BG
tv 3 43 44 282 0.152209 0.405357 BG
tv 258 227 263 234 0.113241 0.883231 BG
tv 253 207 288 251 0.10051 0.898350 BG
paper 370 402 372 404 0.239827 0.697926 BG
paper 368 388 378 404 0.209935 0.697019 BG
paper 439 226 446 248 0.201237 0.397954 BG
paper 167 383 223 426 0.136973 0.590392 BG
paper 320 31 381 107 0.135054 0.676534 BG
paper 523 414 525 415 0.128536 0.662139 BG
paper 555 352 560 426 0.118206 0.439677 BG
paper 39 298 47 299 0.111169 0.880106 BG
paper 315 38 333 101 0.105552 0.825561 BG
towel 454 265 475 316 0.191322 0.664707 BG
box 279 311 335 401 0.464963 0.432187 garbage_bin
box 1 205 48 283 0.437841 0.280681 BG
box 274 320 332 341 0.343492 0.463861 BG
box 28 224 48 272 0.246482 0.678618 BG
box 440 225 447 248 0.201835 0.397954 BG
box 350 330 354 339 0.20098 0.635110 BG
box 35 170 61 286 0.190466 0.702229 BG
box 301 345 314 352 0.147852 0.791485 BG
box 459 341 460 343 0.138548 0.587876 BG
box 455 345 460 355 0.118835 0.709764 BG
box 300 325 457 397 0.111356 0.646706 BG
box 163 379 222 424 0.104804 0.532874 BG
box 273 320 292 337 0.102795 0.809475 BG
night_stand 245 245 463 375 0.944949 0.033323 desk
night_stand 347 284 443 363 0.4096 0.404935 BG
night_stand 411 265 452 352 0.24701 0.675050 BG
night_stand 252 292 353 384 0.208251 0.290689 BG
night_stand 261 154 349 257 0.196602 0.253954 television
night_stand 338 326 405 395 0.171034 0.536583 BG
bag 87 72 125 141 0.10925 0.680640 BG
garbage_bin 32 205 35 209 0.127015 0.723278 BG
garbage_bin 336 337 340 358 0.112323 0.741465 BG
garbage_bin 554 354 560 426 0.102207 0.439677 BG
