bed 68 183 540 418 0.997817 0.000876 bed
bed 4 182 132 426 0.323048 0.287289 BG
bed 298 291 560 424 0.240685 0.680045 BG
chair 80 207 93 212 0.149761 0.813962 BG
door 482 5 504 314 0.278411 0.626618 BG
door 429 8 500 300 0.273073 0.676085 BG
door 406 4 425 266 0.262211 0.697514 BG
door 302 2 324 68 0.16039 0.606992 BG
door 347 1 409 107 0.14658 0.704982 BG
picture 360 140 408 186 0.904967 0.082312 BG
picture 517 189 560 295 0.757392 0.051417 BG
picture 351 128 379 184 0.681636 0.285715 BG
picture 390 167 407 185 0.29245 0.656659 BG
picture 456 176 465 197 0.270294 0.471363 BG
picture 516 286 533 292 0.22596 0.730125 BG
picture 517 292 541 296 0.194043 0.721521 BG
picture 394 175 399 180 0.190349 0.707745 BG
picture 363 162 370 179 0.189027 0.767049 BG
picture 320 1 338 15 0.158713 0.367039 BG
picture 402 171 404 175 0.154106 0.752184 BG
picture 389 182 405 189 0.148166 0.800620 BG
picture 400 178 405 182 0.146942 0.773260 BG
picture 533 161 536 161 0.135268 0.854753 BG
picture 528 7 560 165 0.131422 0.830263 BG
picture 400 175 407 180 0.128503 0.791076 BG
picture 290 97 346 191 0.126507 0.407640 BG
picture 352 14 409 168 0.102839 0.818749 BG
picture 358 140 378 146 0.101728 0.883738 BG
picture 363 177 378 188 0.101128 0.856578 BG
pillow 431 280 542 394 0.506511 0.349417 BG
pillow 3 219 54 261 0.271902 0.630302 BG
pillow 1 278 10 284 0.240204 0.559956 BG
pillow 459 342 528 376 0.174884 0.802534 BG
pillow 1 192 18 196 0.14955 0.426466 BG
pillow 292 322 297 326 0.126022 0.862563 BG
pillow 498 372 500 378 0.124964 0.874217 BG
pillow 128 229 224 345 0.12349 0.868590 BG
pillow 365 230 381 250 0.121173 0.856138 BG
pillow 287 315 313 325 0.118149 0.873521 BG
pillow 290 343 363 426 0.103511 0.738334 BG
pillow 284 338 285 341 0.103346 0.885341 BG
pillow 136 327 312 425 0.101232 0.700443 BG
pillow 482 366 509 385 0.100433 0.891863 BG
mirror 494 168 559 334 0.164705 0.190984 BG
mirror 285 95 350 208 0.14086 0.407640 BG
clothes 108 206 115 209 0.169031 0.718603 BG
tv 242 132 257 143 0.231334 0.759325 BG
tv 253 133 260 146 0.150535 0.814853 BG
tv 247 130 254 135 0.14031 0.855466 BG
paper 448 383 502 426 0.187483 0.410716 BG
paper 254 24 254 31 0.17758 0.222623 BG
paper 1 390 35 426 0.177145 0.198985 BG
paper 276 401 288 426 0.170477 0.317651 BG
paper 495 415 503 426 0.164346 0.294655 BG
paper 526 393 537 426 0.159354 0.289436 BG
paper 219 25 255 66 0.147865 0.150564 BG
paper 448 413 455 426 0.138612 0.280783 BG
paper 11 141 17 143 0.130952 0.669881 BG
paper 238 1 276 31 0.126273 0.259603 BG
paper 508 388 527 426 0.117619 0.452063 BG
paper 546 194 560 210 0.11513 0.449697 BG
paper 1 384 8 391 0.100398 0.434138 BG
box 546 194 560 210 0.173699 0.449697 BG
box 1 388 35 426 0.168685 0.198985 BG
box 525 389 537 426 0.153916 0.289436 BG
box 139 409 141 418 0.150115 0.569080 BG
box 494 414 502 426 0.137132 0.294655 BG
box 238 2 276 31 0.124134 0.259603 BG
box 508 383 527 426 0.120494 0.452063 BG
box 81 415 94 426 0.118015 0.277286 BG
box 289 185 298 188 0.115547 0.720766 BG
box 447 413 455 426 0.112283 0.280783 BG
box 275 400 288 426 0.108376 0.317651 BG
whiteboard 17 2 327 149 0.35415 0.567655 BG
lamp 290 93 334 110 0.450676 0.496987 BG
lamp 291 93 347 202 0.192832 0.407640 BG
lamp 302 105 318 128 0.161272 0.789577 BG
garbage_bin 254 24 255 31 0.174741 0.222623 BG
garbage_bin 139 409 142 419 0.119937 0.569080 BG
garbage_bin 220 25 256 68 0.106793 0.150564 BG
garbage_bin 110 402 130 426 0.103592 0.529899 BG
