bed 1 120 141 420 0.328267 0.596648 chair
bed 142 79 435 407 0.142348 0.365492 chair
chair 172 133 445 426 0.974968 0.022209 chair
chair 131 83 248 193 0.644458 0.339107 BG
chair 366 95 482 395 0.46445 0.530605 chair
chair 5 100 148 190 0.44775 0.480112 chair
chair 223 92 245 161 0.349171 0.639880 BG
chair 96 169 164 415 0.218044 0.766569 BG
chair 143 99 333 290 0.167831 0.816514 chair
chair 178 102 189 103 0.119787 0.855198 BG
chair 341 80 425 214 0.11895 0.874182 BG
chair 184 96 285 159 0.101312 0.822902 BG
sofa 531 166 560 245 0.106572 0.304257 BG
table 119 144 415 426 0.159585 0.144963 table&&chair
door 535 5 558 207 0.18253 0.523027 BG
door 546 3 559 114 0.121751 0.692736 BG
bookshelf 110 0 180 116 0.324236 0.631293 BG
bookshelf 120 1 184 22 0.249308 0.659180 BG
bookshelf 108 0 293 37 0.214544 0.776028 BG
bookshelf 145 0 155 22 0.208705 0.731577 BG
picture 374 44 425 71 0.52931 0.468089 BG
picture 405 48 409 52 0.298882 0.692872 BG
picture 398 70 414 100 0.261405 0.710365 BG
picture 235 1 262 17 0.204597 0.652673 BG
picture 225 1 234 16 0.18345 0.672927 BG
picture 410 62 415 68 0.180299 0.816095 BG
picture 198 1 236 18 0.155184 0.700889 BG
picture 408 53 423 70 0.153817 0.833826 BG
picture 397 45 405 49 0.13142 0.861670 BG
picture 409 49 416 50 0.115938 0.781613 BG
picture 413 73 424 106 0.114675 0.624012 BG
desk 65 143 427 415 0.148349 0.546574 table&&chair
pillow 167 217 214 252 0.219832 0.730826 BG
pillow 192 232 208 245 0.121215 0.847313 BG
pillow 0 262 66 321 0.115717 0.687340 BG
mirror 315 8 398 115 0.195238 0.741166 BG
tv 207 415 356 426 0.153082 0.554127 BG
paper 541 385 543 394 0.436047 0.280412 BG
paper 541 386 560 398 0.297511 0.347808 BG
paper 553 294 555 296 0.219898 0.280804 BG
paper 256 193 272 219 0.169731 0.532370 BG
paper 222 207 235 216 0.115563 0.641439 BG
paper 101 261 133 277 0.110629 0.609130 BG
paper 103 247 133 268 0.105499 0.641324 BG
paper 237 197 258 225 0.105039 0.765949 BG
paper 216 214 224 216 0.104812 0.522418 BG
box 439 273 476 284 0.789057 0.200369 BG
box 427 356 455 366 0.557133 0.429118 BG
box 431 271 555 387 0.498497 0.478081 BG
box 430 272 442 276 0.469486 0.498165 BG
box 99 261 150 278 0.340403 0.553222 BG
box 466 367 494 380 0.240231 0.752107 BG
box 101 247 134 269 0.207038 0.641324 BG
box 102 274 142 287 0.174369 0.746164 BG
box 121 261 134 272 0.171899 0.743062 BG
box 215 213 224 216 0.163068 0.522418 BG
box 219 209 220 213 0.160567 0.528094 BG
box 384 414 396 426 0.157635 0.276105 BG
box 541 385 543 394 0.153701 0.280412 BG
box 150 416 162 426 0.129319 0.264686 BG
box 541 385 559 398 0.128787 0.347808 BG
box 256 190 272 220 0.122523 0.528785 BG
box 280 198 299 206 0.120857 0.814904 BG
box 422 352 427 354 0.11362 0.861039 BG
box 423 350 439 363 0.102244 0.884960 BG
garbage_bin 533 170 560 207 0.119499 0.219396 BG
garbage_bin 537 65 560 178 0.115778 0.397859 BG
