cabinet 8 113 101 278 0.258596 0.298447 BG
chair 176 107 226 182 0.576374 0.408102 chair
chair 52 212 320 426 0.310922 0.406839 coffee_table
chair 219 109 227 159 0.212398 0.778582 BG
chair 226 135 232 146 0.194241 0.783736 BG
chair 228 130 231 138 0.161188 0.833034 BG
chair 226 118 240 148 0.149519 0.819226 BG
chair 204 104 223 155 0.144115 0.850143 BG
chair 209 417 214 426 0.139797 0.753927 BG
chair 314 143 314 146 0.125979 0.858645 BG
chair 225 123 339 149 0.108329 0.761063 piano
chair 205 399 250 426 0.103225 0.696064 BG
sofa 127 140 560 406 0.968529 0.025841 sofa
sofa 449 118 560 396 0.948751 0.044014 BG
sofa 195 138 410 275 0.672021 0.307157 BG
sofa 503 141 560 256 0.28677 0.409804 BG
table 516 126 560 167 0.198593 0.292223 BG
table 215 113 396 151 0.176423 0.648486 piano
table 34 178 331 426 0.144616 0.478952 coffee_table
table 0 354 53 426 0.137721 0.646141 BG
bookshelf 78 13 104 190 0.331509 0.604525 BG
picture 1 14 65 94 0.909933 0.075385 picture
picture 510 35 560 129 0.843664 0.144458 BG
picture 11 16 25 90 0.655069 0.338283 BG
picture 506 64 536 109 0.528304 0.458770 BG
picture 1 11 14 89 0.497998 0.491020 picture
picture 528 46 541 72 0.421328 0.541005 BG
picture 455 47 532 115 0.349624 0.495064 BG
picture 530 37 553 81 0.31995 0.603379 BG
picture 526 46 531 53 0.296724 0.656445 BG
picture 319 96 335 111 0.267995 0.452190 BG
picture 529 49 531 53 0.24275 0.715087 BG
picture 526 65 560 91 0.238055 0.721397 BG
picture 305 96 342 130 0.23256 0.539867 BG
picture 0 48 6 75 0.22669 0.730063 BG
picture 506 88 516 96 0.22169 0.721096 BG
picture 242 94 268 117 0.21193 0.392764 picture
picture 448 2 515 17 0.194218 0.571463 BG
picture 246 89 271 102 0.186281 0.458886 BG
picture 452 114 495 132 0.179574 0.648852 BG
picture 535 2 560 63 0.167701 0.755924 BG
picture 527 83 556 108 0.159161 0.828484 BG
picture 509 4 538 80 0.142321 0.800681 BG
picture 527 66 535 83 0.135427 0.842281 BG
picture 528 66 532 70 0.134135 0.838377 BG
picture 324 96 338 98 0.133818 0.696452 BG
picture 534 58 541 67 0.133286 0.794010 BG
picture 90 384 95 385 0.125132 0.213204 BG
picture 539 54 549 60 0.124187 0.779774 BG
picture 245 95 324 129 0.121971 0.585563 BG
picture 511 105 559 119 0.121133 0.864846 BG
picture 514 78 529 96 0.119291 0.868273 BG
picture 435 15 499 142 0.118809 0.696180 BG
picture 544 50 551 56 0.107268 0.828753 BG
picture 52 27 63 83 0.104766 0.838384 BG
picture 528 78 541 85 0.100025 0.880577 BG
counter 17 153 321 418 0.221926 0.525838 sofa
desk 15 179 329 426 0.1548 0.478952 coffee_table
desk 516 124 560 165 0.102615 0.292223 BG
pillow 402 152 476 212 0.641654 0.357175 pillow
pillow 231 138 291 184 0.527227 0.463327 BG
pillow 510 171 556 239 0.476088 0.448621 BG
pillow 410 171 431 203 0.401829 0.596435 BG
pillow 383 150 430 203 0.392433 0.606269 pillow
pillow 232 120 386 188 0.30395 0.638059 BG
pillow 441 156 529 216 0.301758 0.687931 BG
pillow 316 146 402 188 0.249367 0.740612 BG
pillow 422 183 430 201 0.245146 0.749790 BG
pillow 542 222 560 242 0.224565 0.730792 BG
pillow 468 220 555 311 0.169441 0.615936 BG
pillow 529 226 537 231 0.164521 0.833367 BG
pillow 395 153 398 166 0.147961 0.849774 BG
pillow 523 223 526 226 0.134523 0.863777 BG
pillow 400 167 414 199 0.129154 0.869252 BG
pillow 312 146 513 225 0.119418 0.875461 BG
pillow 89 383 94 384 0.115638 0.213204 BG
pillow 382 187 422 210 0.10223 0.881581 BG
mirror 443 79 449 97 0.373542 0.422552 BG
mirror 453 13 510 121 0.365685 0.495909 BG
mirror 429 9 473 162 0.211136 0.676371 BG
mirror 430 70 450 148 0.173018 0.623965 BG
mirror 445 79 449 86 0.10584 0.627343 BG
mirror 453 91 469 114 0.10322 0.841997 BG
paper 62 383 107 426 0.209358 0.206080 BG
paper 260 104 302 125 0.191016 0.559599 BG
paper 419 409 472 426 0.169755 0.370284 BG
paper 248 94 268 110 0.167459 0.508622 picture
paper 558 144 560 159 0.166832 0.364940 BG
paper 182 256 207 264 0.157817 0.781013 BG
paper 556 79 560 88 0.155274 0.323274 BG
paper 558 63 560 79 0.138791 0.383174 BG
paper 90 384 95 385 0.137879 0.213204 BG
paper 283 407 285 410 0.131225 0.704868 BG
paper 219 282 268 302 0.124169 0.587457 box
paper 236 399 440 426 0.123985 0.472988 BG
paper 177 258 183 268 0.120903 0.823369 BG
paper 272 94 276 96 0.116776 0.627399 BG
paper 344 144 355 149 0.116636 0.670442 BG
paper 242 108 268 116 0.113811 0.812992 BG
paper 545 131 560 162 0.10304 0.294552 BG
box 242 94 302 125 0.364162 0.414157 BG
box 61 380 108 425 0.229467 0.206080 BG
box 246 89 271 101 0.198558 0.458886 BG
box 164 229 177 236 0.189277 0.779631 BG
box 72 396 97 420 0.185264 0.486296 BG
box 420 408 469 426 0.168729 0.370284 BG
box 271 93 276 95 0.150835 0.627399 BG
box 409 123 419 141 0.13655 0.496215 BG
box 545 128 559 162 0.131527 0.294552 BG
box 0 407 37 426 0.119646 0.445973 BG
box 324 97 343 127 0.116577 0.633381 BG
box 523 129 543 161 0.112056 0.467332 BG
box 303 106 325 127 0.107535 0.669390 BG
box 272 90 342 129 0.10408 0.735541 BG
person 475 131 494 145 0.253737 0.622963 BG
person 479 135 487 142 0.230506 0.662322 BG
person 460 122 493 159 0.225308 0.660180 BG
bag 98 229 101 230 0.135932 0.677675 BG
garbage_bin 85 174 106 232 0.197153 0.314805 BG
garbage_bin 83 109 105 177 0.132401 0.683912 BG
