chair 186 44 243 105 0.312312 0.559499 BG
chair 242 53 449 405 0.1884 0.803130 BG
chair 185 18 305 128 0.161629 0.674562 BG
chair 306 40 360 104 0.14814 0.762894 BG
counter 40 26 346 409 0.480052 0.399537 table&&chair
desk 143 30 308 114 0.219703 0.617886 BG
paper 228 284 242 291 0.241629 0.324344 BG
paper 364 13 367 23 0.216707 0.227398 BG
paper 350 0 369 48 0.206713 0.118621 BG
paper 26 1 97 60 0.188598 0.558825 BG
paper 10 0 72 11 0.164581 0.580633 BG
paper 224 371 235 379 0.130327 0.227273 BG
paper 173 408 221 426 0.129593 0.190200 BG
paper 354 65 355 69 0.123843 0.371673 BG
paper 367 4 370 9 0.121131 0.265304 BG
towel 351 0 370 46 0.150986 0.118621 BG
towel 367 4 370 8 0.146121 0.265304 BG
towel 364 13 368 22 0.125144 0.227398 BG
box 332 416 338 426 0.189239 0.229593 BG
box 364 13 368 22 0.166796 0.227398 BG
box 259 398 275 426 0.1547 0.614090 BG
box 354 65 356 69 0.150215 0.371673 BG
box 173 407 220 426 0.149021 0.190200 BG
box 220 416 228 426 0.142568 0.258399 BG
box 350 3 371 48 0.119642 0.118621 BG
box 228 283 241 291 0.109828 0.324344 BG
whiteboard 235 1 357 84 0.199752 0.612006 BG
whiteboard 324 0 549 125 0.106488 0.828771 BG
toilet 125 0 352 426 0.118035 0.358468 table&&chair
sink 100 17 343 410 0.241797 0.358468 table&&chair
bag 367 5 370 8 0.152881 0.265304 BG
bag 15 0 87 60 0.13122 0.492139 BG
garbage_bin 87 263 93 269 0.504683 0.493389 BG
garbage_bin 95 0 156 80 0.42507 0.535800 BG
garbage_bin 1 132 120 331 0.404411 0.471684 BG
garbage_bin 201 353 265 423 0.364868 0.320323 BG
garbage_bin 85 261 93 292 0.345387 0.651650 BG
garbage_bin 79 262 86 273 0.289742 0.706656 BG
garbage_bin 238 388 251 399 0.197915 0.652628 BG
garbage_bin 98 0 152 21 0.159031 0.819513 BG
garbage_bin 223 372 236 380 0.152078 0.227273 BG
garbage_bin 229 278 280 378 0.112482 0.587350 BG
garbage_bin 23 225 94 310 0.111593 0.849548 BG
