cabinet 0 240 95 426 0.109825 0.067338 cabinet
chair 311 209 471 362 0.76416 0.214319 chair
chair 459 225 554 418 0.748093 0.166135 BG
chair 425 204 499 409 0.310687 0.642697 BG
chair 264 170 371 227 0.17834 0.747066 monitor
chair 104 310 169 388 0.126627 0.663099 BG
chair 130 306 299 421 0.11221 0.308662 BG
sofa 121 289 423 426 0.233876 0.431965 BG
sofa 133 307 224 420 0.188791 0.497941 BG
table 195 225 435 417 0.618737 0.058535 desk
table 480 240 556 416 0.143 0.611391 BG
door 1 48 24 294 0.29603 0.277439 BG
door 16 223 20 236 0.147924 0.276948 BG
blinds 222 27 508 225 0.976919 0.022904 BG
blinds 26 9 251 257 0.950893 0.045175 BG
blinds 189 32 258 230 0.937114 0.061383 BG
blinds 424 13 551 247 0.920529 0.070514 blinds
blinds 8 6 83 285 0.913913 0.055517 BG
blinds 406 20 455 238 0.780568 0.206749 BG
blinds 14 0 30 127 0.557643 0.379354 BG
blinds 444 174 447 188 0.441042 0.515896 BG
blinds 14 1 97 8 0.394216 0.528084 BG
blinds 2 43 30 284 0.321335 0.373870 BG
blinds 15 2 43 12 0.201385 0.759421 BG
blinds 413 24 426 190 0.198548 0.733197 BG
blinds 34 2 61 9 0.195587 0.748533 BG
blinds 18 74 21 86 0.180449 0.765276 BG
blinds 15 2 30 6 0.167283 0.797358 BG
blinds 372 18 410 22 0.15211 0.704738 BG
blinds 28 141 105 256 0.149841 0.778290 BG
blinds 468 221 556 230 0.148712 0.783193 BG
blinds 95 217 183 246 0.140055 0.627114 BG
blinds 423 24 434 200 0.137284 0.822743 BG
blinds 151 12 196 229 0.130915 0.806098 BG
blinds 28 3 41 7 0.127329 0.844424 BG
blinds 50 3 53 4 0.119886 0.675140 BG
blinds 299 24 415 75 0.109341 0.638174 BG
desk 186 220 464 404 0.957068 0.011024 desk
dresser 3 259 95 426 0.130581 0.043268 cabinet
pillow 169 347 224 411 0.239049 0.182765 BG
pillow 183 369 201 376 0.102259 0.851203 BG
clothes 164 340 285 426 0.376701 0.136429 BG
clothes 170 364 227 408 0.119962 0.468930 BG
tv 163 416 170 419 0.351325 0.510075 BG
tv 153 415 183 426 0.32262 0.267239 BG
paper 558 224 560 224 0.242269 0.385489 BG
paper 209 46 213 57 0.191206 0.764620 BG
paper 492 283 505 290 0.173214 0.652624 BG
paper 264 248 266 252 0.155496 0.750608 BG
paper 209 37 221 82 0.153946 0.771945 BG
paper 209 57 214 69 0.147725 0.742399 BG
paper 212 40 213 44 0.145726 0.833373 BG
paper 92 215 94 217 0.138982 0.755397 BG
paper 266 224 301 234 0.137836 0.744894 BG
paper 246 243 261 252 0.131381 0.604041 BG
paper 259 232 269 239 0.125689 0.711055 BG
paper 270 235 345 245 0.114245 0.876718 BG
paper 96 197 100 202 0.109716 0.846290 BG
paper 238 229 260 248 0.103927 0.539817 BG
box 1 266 26 283 0.167722 0.545708 BG
box 184 215 199 237 0.163825 0.721710 BG
box 529 364 556 376 0.124713 0.395306 BG
box 180 239 184 242 0.122806 0.786478 BG
lamp 96 256 189 339 0.364778 0.438798 BG
lamp 523 225 532 228 0.186441 0.795623 BG
lamp 518 225 536 231 0.158294 0.827494 BG
lamp 517 245 560 353 0.149347 0.740670 BG
lamp 58 244 118 312 0.100936 0.800211 BG
bag 170 345 224 406 0.355795 0.182765 BG
bag 142 344 282 426 0.293491 0.166668 BG
garbage_bin 4 287 94 418 0.157806 0.088722 cabinet
garbage_bin 210 303 224 315 0.131104 0.676271 BG
