cabinet 18 28 196 319 0.203025 0.536041 BG
chair 465 226 590 440 0.972931 0.011980 chair
chair 328 134 419 281 0.944109 0.055690 chair
chair 426 125 510 266 0.88605 0.113562 chair
chair 521 121 583 249 0.865349 0.131070 chair
chair 406 236 503 332 0.558329 0.427748 BG
chair 428 149 567 199 0.4431 0.551552 BG
chair 429 127 519 170 0.301977 0.697548 BG
chair 522 142 590 156 0.288554 0.690368 BG
chair 453 132 561 342 0.282584 0.691900 BG
chair 491 206 529 250 0.249632 0.679186 BG
chair 443 245 489 264 0.241515 0.746472 BG
chair 511 124 525 180 0.211912 0.787657 BG
chair 500 235 507 240 0.21103 0.716521 BG
chair 449 233 514 249 0.207913 0.715318 BG
chair 397 238 489 271 0.205438 0.769507 BG
chair 497 222 530 237 0.197476 0.653778 BG
chair 497 224 504 236 0.183462 0.701543 BG
chair 508 233 513 238 0.170267 0.759273 BG
chair 335 200 496 260 0.148998 0.734749 BG
chair 455 241 489 247 0.144287 0.825079 BG
chair 489 428 508 440 0.135455 0.540574 BG
chair 481 154 510 186 0.134988 0.863764 BG
chair 398 128 415 181 0.132484 0.867179 BG
chair 330 230 436 270 0.122282 0.803081 BG
chair 403 271 409 283 0.11398 0.880907 BG
chair 342 237 397 253 0.104851 0.883704 BG
sofa 582 188 590 202 0.205722 0.533240 BG
sofa 317 348 319 352 0.120268 0.235434 BG
sofa 524 185 586 211 0.114868 0.725548 BG
table 335 178 557 321 0.617483 0.274988 BG
table 297 242 495 271 0.130544 0.766610 BG
table 174 224 469 326 0.100004 0.838933 BG
picture 200 55 234 69 0.16554 0.781963 BG
picture 96 1 112 8 0.122947 0.404068 BG
picture 80 160 96 175 0.100365 0.157209 BG
counter 316 347 319 352 0.114509 0.235434 BG
pillow 367 315 431 387 0.217088 0.187518 BG
pillow 424 305 429 310 0.192906 0.803958 BG
pillow 398 313 417 354 0.166669 0.793755 BG
pillow 402 330 413 349 0.153232 0.765313 BG
pillow 420 307 424 314 0.116644 0.877213 BG
pillow 417 303 430 315 0.109435 0.886437 BG
clothes 368 315 433 388 0.101758 0.187518 BG
paper 205 419 206 421 0.264511 0.334026 BG
paper 270 365 310 422 0.225781 0.219229 BG
paper 75 125 84 127 0.203478 0.104334 BG
paper 383 384 411 416 0.202321 0.201989 BG
paper 401 368 414 384 0.191699 0.091507 BG
paper 333 405 337 414 0.186625 0.346894 BG
paper 268 384 285 410 0.185069 0.310560 BG
paper 80 160 95 174 0.184508 0.157209 BG
paper 160 399 179 431 0.175895 0.376799 BG
paper 203 416 245 440 0.169067 0.301705 BG
paper 204 397 224 425 0.16883 0.358477 BG
paper 192 405 195 430 0.168702 0.399742 BG
paper 192 414 204 440 0.167676 0.299392 BG
paper 226 416 237 430 0.16063 0.429187 BG
paper 257 395 302 440 0.160317 0.185695 BG
paper 94 109 145 176 0.159392 0.443770 BG
paper 452 430 455 440 0.148691 0.207161 BG
paper 272 352 280 365 0.143737 0.238023 BG
paper 288 355 337 440 0.142015 0.214704 BG
paper 204 423 227 434 0.139885 0.439939 BG
paper 79 333 161 440 0.134487 0.566453 BG
paper 161 427 167 440 0.130712 0.242374 BG
paper 80 385 110 432 0.125423 0.410846 BG
paper 355 353 387 404 0.124263 0.328540 BG
paper 11 344 84 440 0.122858 0.458921 BG
paper 111 349 127 397 0.118154 0.379599 BG
paper 317 348 318 352 0.116761 0.235434 BG
paper 208 368 235 395 0.116673 0.325765 BG
paper 344 384 350 399 0.113573 0.349645 BG
paper 263 384 268 397 0.112212 0.305081 BG
paper 17 374 65 416 0.110203 0.594098 BG
paper 576 232 590 240 0.109143 0.561909 BG
paper 80 368 102 384 0.104797 0.401437 BG
paper 437 397 452 440 0.102593 0.621721 BG
paper 305 325 357 397 0.101737 0.422628 BG
box 5 266 7 270 0.49989 0.365705 BG
box 5 256 13 265 0.386715 0.298988 BG
box 1 256 14 294 0.261522 0.539309 BG
box 1 255 4 271 0.239984 0.298524 BG
box 205 419 207 421 0.210944 0.334026 BG
box 451 430 456 440 0.179723 0.207161 BG
box 80 160 96 174 0.114798 0.157209 BG
box 75 124 85 126 0.111029 0.104334 BG
box 575 231 590 240 0.110568 0.561909 BG
box 96 0 112 8 0.10773 0.404068 BG
box 191 412 203 440 0.107232 0.299392 BG
box 202 414 244 440 0.102087 0.301705 BG
garbage_bin 383 383 412 416 0.250308 0.201989 BG
garbage_bin 269 361 311 423 0.213633 0.219229 BG
garbage_bin 268 383 286 410 0.200561 0.310560 BG
garbage_bin 401 367 415 384 0.177784 0.091507 BG
garbage_bin 333 404 338 414 0.176436 0.346894 BG
garbage_bin 22 333 80 360 0.174566 0.446954 BG
garbage_bin 111 346 127 397 0.17051 0.379599 BG
garbage_bin 208 366 235 395 0.163068 0.325765 BG
garbage_bin 355 349 387 404 0.159342 0.328540 BG
garbage_bin 263 383 268 397 0.1553 0.305081 BG
garbage_bin 344 383 350 399 0.153552 0.349645 BG
garbage_bin 287 350 336 440 0.151417 0.214704 BG
garbage_bin 208 391 222 397 0.143503 0.370290 BG
garbage_bin 203 391 224 425 0.143123 0.378328 BG
garbage_bin 201 383 208 399 0.138082 0.395473 BG
garbage_bin 80 367 102 384 0.134975 0.401437 BG
garbage_bin 20 342 40 360 0.130566 0.459749 BG
garbage_bin 205 398 207 400 0.123745 0.471874 BG
garbage_bin 15 371 66 417 0.118836 0.594098 BG
garbage_bin 256 393 302 440 0.11626 0.185695 BG
garbage_bin 216 387 223 393 0.11356 0.222622 BG
garbage_bin 272 352 280 365 0.110394 0.238023 BG
garbage_bin 79 383 110 432 0.110176 0.410846 BG
garbage_bin 79 387 83 401 0.109416 0.539424 BG
garbage_bin 191 404 195 431 0.104689 0.399742 BG
garbage_bin 159 398 179 432 0.103251 0.376799 BG
garbage_bin 190 399 203 440 0.102257 0.251824 BG
