chair 383 240 541 422 0.690961 0.098470 bag
sofa 5 33 292 426 0.484144 0.325678 BG
sofa 0 0 283 147 0.180238 0.220661 BG
sofa 388 289 559 424 0.139199 0.383500 bag
sofa 357 108 366 144 0.11384 0.673595 BG
table 332 240 548 411 0.14641 0.603868 bag
table 445 93 559 348 0.142542 0.705777 books
picture 137 2 162 52 0.234712 0.404252 BG
picture 539 280 548 287 0.150484 0.747416 BG
picture 508 222 548 280 0.122636 0.753214 BG
picture 413 208 429 213 0.120914 0.805040 BG
picture 453 3 469 108 0.114567 0.845818 BG
picture 68 4 141 135 0.1127 0.587617 BG
picture 541 136 560 291 0.111283 0.593140 BG
picture 530 1 537 12 0.101258 0.337472 BG
pillow 2 336 32 354 0.168315 0.525605 BG
clothes 394 247 548 363 0.144753 0.427778 bag
tv 529 1 537 12 0.267263 0.337472 BG
tv 9 6 223 220 0.219067 0.281054 BG
paper 172 384 188 399 0.217351 0.367467 BG
paper 68 90 72 94 0.181271 0.621406 BG
paper 77 396 79 399 0.16433 0.627952 BG
paper 555 347 560 364 0.156002 0.385573 BG
paper 512 374 560 426 0.147128 0.416347 BG
paper 396 216 433 255 0.144567 0.379801 BG
paper 64 89 79 111 0.141709 0.627572 BG
paper 74 87 80 88 0.130777 0.677362 BG
paper 1 111 16 119 0.123246 0.661586 BG
paper 543 157 560 284 0.117204 0.561305 BG
paper 548 280 560 290 0.107795 0.472352 BG
paper 552 366 560 372 0.107504 0.585303 BG
paper 433 408 513 426 0.100877 0.674532 BG
towel 346 1 351 46 0.222208 0.470190 BG
towel 351 43 351 47 0.17349 0.536368 BG
towel 352 52 358 81 0.10415 0.606625 BG
towel 135 0 278 125 0.102024 0.465873 BG
box 395 215 432 255 0.236348 0.379801 BG
box 234 306 239 316 0.203114 0.629884 BG
box 511 361 559 426 0.147207 0.468274 floor
box 520 375 528 383 0.131674 0.790746 BG
box 76 396 79 399 0.112005 0.627952 BG
box 487 1 537 19 0.110384 0.442797 BG
box 554 345 560 364 0.103358 0.385573 BG
bag 407 399 448 426 0.161698 0.607570 BG
bag 393 295 544 425 0.132806 0.460138 bag
garbage_bin 557 133 560 134 0.512453 0.221183 BG
garbage_bin 399 288 405 294 0.416401 0.566722 BG
garbage_bin 401 289 415 303 0.35047 0.618175 BG
garbage_bin 397 274 412 291 0.273597 0.717717 BG
garbage_bin 402 238 530 420 0.191505 0.247267 bag
garbage_bin 400 413 409 426 0.172353 0.382694 BG
garbage_bin 172 383 188 399 0.154898 0.367467 BG
garbage_bin 413 281 415 291 0.125648 0.870876 BG
garbage_bin 345 192 415 370 0.11792 0.709649 BG
garbage_bin 545 364 546 369 0.10996 0.629662 BG
