cabinet 13 192 187 434 0.260283 0.331232 floor
chair 166 245 338 438 0.972979 0.025628 chair
chair 396 224 552 390 0.577947 0.386670 chair
chair 238 203 358 362 0.227875 0.765247 BG
chair 305 172 340 187 0.142271 0.845349 BG
chair 526 240 584 304 0.118977 0.723574 BG
chair 233 238 505 432 0.1124 0.705378 floor
sofa 151 211 303 270 0.129874 0.659826 BG
table 290 184 558 339 0.764713 0.171860 table
table 464 185 571 393 0.496996 0.345041 BG
table 27 232 162 435 0.300546 0.439578 floor
table 243 390 569 440 0.221272 0.531185 table
door 540 0 587 183 0.157967 0.506086 BG
picture 3 149 45 210 0.529686 0.375472 BG
picture 132 147 151 171 0.244424 0.440897 BG
picture 5 4 101 223 0.22984 0.701401 BG
picture 127 123 160 172 0.197334 0.741586 BG
picture 3 166 15 205 0.191822 0.752819 BG
picture 144 155 156 164 0.185706 0.443863 BG
picture 3 0 101 57 0.163521 0.600141 BG
picture 144 135 152 148 0.133087 0.831047 BG
picture 157 150 160 167 0.127421 0.432915 BG
picture 148 146 160 167 0.127421 0.432915 BG
picture 112 0 134 44 0.107069 0.709777 BG
picture 137 146 190 179 0.106626 0.616521 BG
counter 8 217 181 428 0.182541 0.408881 floor
desk 30 206 188 424 0.250438 0.426742 floor
desk 285 181 562 304 0.242416 0.671263 table
clothes 260 212 274 219 0.129701 0.849463 BG
paper 525 178 589 232 0.688986 0.119137 papers
paper 467 215 520 233 0.481187 0.487583 BG
paper 482 225 485 225 0.465116 0.519887 BG
paper 470 203 585 246 0.403201 0.478231 books
paper 474 209 499 217 0.392873 0.600743 BG
paper 493 211 534 228 0.344446 0.593379 BG
paper 525 184 537 195 0.342318 0.621543 BG
paper 225 0 233 20 0.288055 0.516546 BG
paper 367 38 381 52 0.278553 0.525780 BG
paper 437 0 484 51 0.232574 0.720369 BG
paper 406 184 465 199 0.229701 0.753783 paper
paper 91 29 98 39 0.223607 0.194389 BG
paper 569 177 590 196 0.216386 0.620995 BG
paper 206 0 234 28 0.200371 0.642431 BG
paper 2 265 31 278 0.199623 0.420816 BG
paper 6 68 16 84 0.189373 0.237589 BG
paper 169 228 174 237 0.188992 0.615877 BG
paper 171 228 181 248 0.186739 0.528936 BG
paper 588 197 590 200 0.179643 0.219134 BG
paper 410 137 415 144 0.158859 0.721494 BG
paper 290 91 303 96 0.158071 0.795765 BG
paper 330 42 339 46 0.151205 0.576873 BG
paper 160 228 174 246 0.146843 0.567817 BG
paper 21 95 23 99 0.140933 0.436861 BG
paper 133 31 150 38 0.138725 0.559726 BG
paper 189 147 195 151 0.123913 0.543047 BG
paper 132 179 155 213 0.122532 0.710580 BG
paper 318 134 335 140 0.119058 0.757253 BG
paper 148 147 159 167 0.117701 0.432915 BG
paper 157 151 159 167 0.117701 0.432915 BG
paper 128 171 148 191 0.113048 0.601826 BG
paper 158 164 158 167 0.112109 0.403641 BG
paper 112 0 133 42 0.110627 0.709777 BG
paper 132 148 142 171 0.107931 0.347913 BG
paper 136 147 187 179 0.107059 0.616521 BG
paper 182 137 188 153 0.105997 0.690134 BG
paper 225 123 228 130 0.102635 0.775283 BG
paper 466 227 524 247 0.101247 0.842309 BG
towel 508 0 548 160 0.109286 0.681020 BG
box 587 196 590 200 0.229467 0.219134 BG
box 524 177 588 261 0.178101 0.105319 BG
box 160 227 174 246 0.168051 0.567817 BG
box 171 227 181 249 0.146399 0.528936 BG
box 133 31 151 38 0.133291 0.559726 BG
box 588 296 590 302 0.120454 0.134086 BG
box 576 296 584 299 0.120331 0.202962 BG
box 169 227 175 237 0.11812 0.615877 BG
box 91 30 99 39 0.10923 0.194389 BG
lamp 34 160 87 270 0.23305 0.734853 vase
lamp 45 133 161 280 0.16361 0.823119 BG
garbage_bin 493 110 513 142 0.101029 0.866426 BG
