chair 297 424 302 432 0.107573 0.335498 BG
sofa 384 0 395 5 0.177221 0.330817 BG
sofa 397 0 415 12 0.158737 0.386790 BG
sofa 519 0 587 54 0.152145 0.422389 BG
sofa 394 0 399 10 0.135443 0.440987 BG
sofa 398 0 448 17 0.117029 0.309045 BG
table 387 171 587 371 0.314617 0.486316 BG
table 206 66 558 440 0.151292 0.704117 BG
picture 380 1 385 7 0.278486 0.260593 BG
picture 385 1 396 6 0.128152 0.330817 BG
picture 400 1 450 16 0.120218 0.309045 BG
picture 72 336 76 343 0.105801 0.094163 BG
blinds 402 168 430 171 0.26192 0.543619 BG
blinds 406 112 590 183 0.186062 0.743620 BG
blinds 403 167 499 172 0.176881 0.695046 BG
blinds 405 149 420 153 0.15644 0.713429 BG
blinds 404 155 559 172 0.149135 0.684597 BG
blinds 404 149 519 160 0.137584 0.795196 BG
blinds 431 168 440 171 0.135788 0.697728 BG
blinds 409 162 416 165 0.104992 0.787777 BG
desk 368 152 582 412 0.870105 0.060315 BG
clothes 294 425 300 428 0.109197 0.460858 BG
paper 561 78 575 96 0.258208 0.539392 BG
paper 567 79 572 84 0.248222 0.533435 BG
paper 72 336 75 343 0.213981 0.094163 BG
paper 575 85 590 111 0.19968 0.371596 BG
paper 542 70 575 109 0.159846 0.696013 BG
paper 437 425 443 426 0.151505 0.455177 BG
paper 567 111 573 122 0.1409 0.641254 BG
paper 276 426 283 430 0.13697 0.387118 BG
paper 562 118 567 119 0.129927 0.699311 BG
paper 431 426 444 431 0.125676 0.450140 BG
paper 43 428 57 431 0.113428 0.514860 BG
paper 34 416 46 431 0.112842 0.456567 BG
paper 574 60 590 97 0.112531 0.422890 BG
paper 483 397 590 440 0.1115 0.577027 BG
paper 563 161 572 166 0.107142 0.426278 BG
paper 361 161 364 174 0.101947 0.646851 BG
paper 586 125 590 128 0.101399 0.224293 BG
box 575 84 590 111 0.205791 0.371596 BG
box 436 425 443 426 0.176434 0.455177 BG
box 149 438 150 440 0.167618 0.384216 BG
box 430 426 444 431 0.148691 0.450140 BG
box 384 1 396 5 0.128786 0.330817 BG
box 379 1 385 6 0.127632 0.260593 BG
box 562 161 571 166 0.124044 0.426278 BG
box 561 78 577 95 0.121473 0.539392 BG
box 567 79 573 84 0.121318 0.533435 BG
box 573 59 590 97 0.116669 0.422890 BG
box 461 430 484 440 0.114183 0.457556 BG
box 394 1 400 9 0.1081 0.440987 BG
box 71 336 76 343 0.106329 0.094163 BG
box 476 432 484 440 0.10507 0.429651 BG
box 397 1 416 11 0.100638 0.386790 BG
lamp 203 231 215 259 0.247899 0.703485 BG
lamp 403 233 404 233 0.227382 0.533568 BG
lamp 217 231 226 238 0.134665 0.743809 BG
bag 297 425 301 432 0.116591 0.335498 BG
bag 320 433 325 440 0.106271 0.320681 BG
garbage_bin 513 368 522 375 0.18547 0.735288 BG
garbage_bin 519 370 526 382 0.135453 0.811016 BG
garbage_bin 424 70 432 79 0.134164 0.616976 BG
garbage_bin 282 419 291 428 0.101674 0.265202 BG
