cabinet 427 13 572 172 0.100985 0.514476 BG
chair 19 103 91 322 0.120049 0.720953 BG
sofa 415 11 590 160 0.240822 0.514476 BG
sofa 319 3 327 14 0.115309 0.228135 BG
table 245 154 476 340 0.624155 0.304453 podium
table 27 115 371 409 0.271665 0.672930 BG
picture 292 1 330 18 0.158287 0.210445 BG
picture 5 2 66 60 0.152809 0.314749 BG
picture 242 5 248 18 0.146436 0.508107 BG
picture 246 2 258 30 0.131993 0.543596 BG
picture 320 4 328 15 0.127634 0.228135 BG
picture 432 2 449 37 0.101488 0.579663 BG
desk 226 123 463 396 0.391538 0.194005 podium
fridge 280 192 428 390 0.177723 0.394227 podium
fridge 0 79 51 267 0.110338 0.124223 BG
paper 283 425 286 428 0.231463 0.495997 BG
paper 331 409 336 414 0.228289 0.492575 BG
paper 167 367 194 419 0.225108 0.376430 BG
paper 280 407 286 431 0.218144 0.381025 BG
paper 284 416 304 431 0.216056 0.322154 BG
paper 239 400 286 440 0.214335 0.249676 BG
paper 285 413 337 437 0.21313 0.297314 BG
paper 130 399 143 417 0.203838 0.352539 BG
paper 228 398 239 414 0.201518 0.346572 BG
paper 209 385 239 414 0.201476 0.321709 BG
paper 284 407 288 408 0.199119 0.555858 BG
paper 325 413 337 437 0.172099 0.398975 BG
paper 62 399 160 440 0.166121 0.271669 BG
paper 387 409 389 413 0.165514 0.644502 BG
paper 176 367 194 384 0.162962 0.274954 BG
paper 143 345 239 440 0.159419 0.490518 BG
paper 432 161 559 181 0.154003 0.663208 BG
paper 459 159 496 175 0.151783 0.780485 BG
paper 470 175 473 179 0.129135 0.823377 BG
paper 255 398 277 420 0.128538 0.710807 BG
paper 430 152 461 167 0.124087 0.548487 BG
paper 277 385 394 440 0.121644 0.405312 BG
paper 239 432 256 440 0.120961 0.225554 BG
paper 1 364 56 440 0.119635 0.557356 BG
paper 423 148 433 159 0.116456 0.530677 BG
paper 562 168 580 178 0.107572 0.271862 BG
paper 3 0 64 61 0.106436 0.314749 BG
paper 575 125 590 144 0.103171 0.285679 BG
paper 287 431 336 440 0.102567 0.244277 BG
paper 161 338 194 384 0.1024 0.393770 BG
paper 176 108 179 116 0.102025 0.465958 BG
towel 24 362 46 367 0.107257 0.531526 BG
towel 212 80 230 113 0.103863 0.530656 BG
box 3 99 54 260 0.286176 0.124223 BG
box 278 166 417 392 0.282168 0.374985 podium
box 382 347 403 379 0.273492 0.714843 BG
box 278 163 399 177 0.177256 0.802957 BG
box 239 431 256 440 0.173967 0.225554 BG
box 297 168 437 190 0.173335 0.808532 BG
box 562 167 580 178 0.162071 0.271862 BG
box 429 152 450 166 0.144909 0.504098 BG
box 331 411 335 414 0.144527 0.493186 BG
box 283 424 286 431 0.140606 0.326390 BG
box 238 397 286 439 0.139829 0.249676 BG
box 285 411 336 440 0.137532 0.178562 BG
box 280 404 286 430 0.128818 0.381025 BG
box 572 168 580 174 0.124184 0.133635 BG
box 422 146 433 158 0.118109 0.530677 BG
box 284 415 303 431 0.115401 0.322154 BG
box 276 378 394 439 0.115243 0.405312 BG
box 283 406 288 408 0.102937 0.555858 BG
box 378 168 391 177 0.100265 0.894963 BG
box 131 397 144 417 0.100242 0.352539 BG
sink 246 158 457 368 0.110588 0.295735 podium
garbage_bin 289 215 415 367 0.239782 0.394227 BG
garbage_bin 166 331 195 420 0.174899 0.412700 BG
garbage_bin 172 336 188 367 0.143131 0.385603 BG
garbage_bin 207 384 240 414 0.141976 0.321709 BG
garbage_bin 176 108 178 117 0.126052 0.465958 BG
garbage_bin 227 397 240 415 0.125993 0.346572 BG
garbage_bin 130 398 144 418 0.119929 0.352539 BG
garbage_bin 176 366 194 385 0.114714 0.274954 BG
garbage_bin 138 338 241 439 0.112387 0.490518 BG
garbage_bin 4 104 50 266 0.105493 0.124223 BG
garbage_bin 183 321 190 335 0.10173 0.360214 BG
