chair 433 225 491 275 0.368952 0.607430 BG
chair 197 218 296 393 0.352756 0.376637 BG
chair 220 208 308 245 0.277478 0.712855 BG
chair 308 223 384 244 0.24393 0.740400 BG
chair 385 210 411 245 0.210346 0.784666 BG
chair 339 224 484 302 0.193117 0.735063 BG
chair 381 229 424 261 0.184098 0.809357 BG
chair 401 230 414 252 0.183837 0.770590 BG
chair 252 199 381 246 0.183191 0.813722 BG
chair 332 233 379 251 0.167329 0.805056 BG
chair 395 239 404 244 0.162776 0.800345 BG
chair 203 205 264 270 0.160475 0.764159 BG
chair 415 235 424 249 0.159127 0.812245 BG
chair 298 200 326 235 0.143332 0.853701 BG
chair 422 232 430 244 0.142818 0.845162 BG
chair 359 219 381 232 0.13955 0.857908 BG
chair 472 229 495 282 0.137793 0.837600 BG
chair 387 239 395 242 0.135281 0.856168 BG
chair 331 208 414 260 0.133061 0.859950 BG
chair 499 227 503 232 0.125992 0.866046 BG
chair 494 201 573 284 0.105876 0.713202 BG
chair 216 205 244 246 0.105269 0.870159 BG
chair 498 222 499 227 0.104593 0.881159 BG
chair 325 207 380 232 0.10094 0.892510 BG
chair 433 230 476 245 0.100042 0.894942 BG
sofa 141 250 186 286 0.120529 0.439861 BG
table 200 234 421 424 0.859016 0.071272 table
table 0 210 35 352 0.168072 0.654039 BG
table 17 234 218 396 0.142211 0.839333 BG
table 312 229 486 319 0.124506 0.740354 BG
table 469 203 579 284 0.120964 0.592798 BG
table 309 247 564 440 0.117557 0.743868 BG
table 2 306 19 353 0.107926 0.746885 BG
picture 154 41 172 78 0.217585 0.699226 BG
picture 5 192 13 196 0.214441 0.438986 BG
picture 1 1 18 4 0.175106 0.353239 BG
picture 1 191 16 213 0.164675 0.653583 BG
picture 299 0 324 2 0.151433 0.427135 BG
picture 33 90 133 203 0.139591 0.728779 BG
picture 4 4 17 14 0.118143 0.423244 BG
picture 159 262 174 274 0.115101 0.732008 BG
counter 159 283 182 290 0.181372 0.512795 BG
counter 137 255 189 289 0.105708 0.439861 BG
counter 416 278 590 440 0.103362 0.525106 floor
desk 205 235 426 437 0.269757 0.053991 table
desk 469 198 582 285 0.267168 0.592798 BG
mirror 0 74 129 230 0.144596 0.609326 BG
tv 467 81 574 211 0.431808 0.523526 BG
tv 295 0 325 2 0.335362 0.427135 BG
paper 1 0 17 4 0.188064 0.353239 BG
paper 467 7 480 15 0.143767 0.780893 BG
paper 4 3 17 14 0.128436 0.423244 BG
paper 160 17 240 30 0.103486 0.767384 BG
box 423 72 441 79 0.108005 0.853187 BG
box 155 271 174 284 0.104813 0.738568 BG
whiteboard 203 48 444 245 0.381204 0.593243 BG
whiteboard 29 185 170 302 0.309888 0.527979 BG
whiteboard 378 61 471 246 0.100161 0.878798 BG
