chair 243 98 328 213 0.154696 0.841670 BG
sofa 7 238 136 430 0.158913 0.561919 BG
table 44 96 281 339 0.881192 0.026279 pool_table
door 364 1 381 108 0.338299 0.589625 BG
door 314 1 378 108 0.128609 0.773964 BG
bookshelf 254 9 349 111 0.211556 0.588056 BG
picture 48 1 94 41 0.224023 0.630970 BG
picture 330 1 374 4 0.178874 0.755381 BG
picture 47 1 148 64 0.134684 0.805632 BG
picture 157 1 189 49 0.131259 0.811042 BG
picture 254 1 269 34 0.123108 0.770101 BG
picture 197 3 252 58 0.114594 0.420024 BG
desk 40 87 295 370 0.371379 0.273035 BG
pillow 96 285 111 297 0.106855 0.823680 BG
mirror 582 111 585 114 0.140117 0.490185 BG
paper 429 299 481 323 0.343167 0.255017 BG
paper 162 30 171 39 0.308328 0.564655 BG
paper 20 17 33 21 0.271244 0.555944 BG
paper 580 397 587 414 0.178291 0.457633 BG
paper 97 402 104 440 0.140477 0.334928 BG
paper 72 357 80 383 0.13839 0.258212 BG
paper 583 376 590 413 0.137008 0.486167 BG
paper 109 322 178 440 0.134313 0.409445 BG
paper 306 37 312 39 0.125533 0.578877 BG
paper 2 337 110 440 0.122546 0.434450 BG
paper 160 41 166 42 0.122167 0.689259 BG
paper 39 400 44 411 0.121117 0.563302 BG
paper 282 31 290 34 0.120026 0.669981 BG
paper 511 353 559 440 0.119211 0.538250 BG
paper 100 402 102 408 0.118374 0.581088 BG
paper 306 23 314 38 0.117667 0.655938 BG
paper 264 19 280 27 0.117433 0.775414 BG
paper 104 423 110 440 0.116172 0.290481 BG
paper 275 31 278 36 0.115915 0.703261 BG
paper 101 393 110 415 0.11383 0.611830 BG
paper 459 380 462 387 0.112613 0.404616 BG
paper 576 416 590 432 0.109477 0.290888 BG
paper 176 329 271 440 0.103272 0.455805 BG
paper 172 36 185 48 0.102488 0.756389 BG
box 43 193 44 198 0.227736 0.756813 BG
box 160 41 167 42 0.122379 0.689259 BG
box 252 60 259 76 0.12065 0.748000 BG
box 52 190 56 192 0.119075 0.877843 BG
box 429 297 481 323 0.112572 0.255017 BG
box 143 69 151 105 0.103282 0.547876 BG
whiteboard 374 3 492 122 0.871665 0.032464 BG
whiteboard 7 2 62 182 0.732811 0.157191 BG
whiteboard 329 60 475 107 0.485353 0.482497 BG
whiteboard 190 3 462 99 0.16491 0.813462 BG
whiteboard 196 2 251 68 0.16312 0.420024 BG
garbage_bin 297 223 338 288 0.161475 0.635994 BG
garbage_bin 319 225 338 241 0.15739 0.405910 BG
garbage_bin 332 230 339 239 0.137169 0.498752 BG
garbage_bin 302 273 305 278 0.124392 0.660639 BG
garbage_bin 306 286 327 323 0.114276 0.707395 BG
garbage_bin 460 379 463 387 0.111644 0.404616 BG
garbage_bin 39 399 45 411 0.104937 0.563302 BG
garbage_bin 107 314 177 440 0.103752 0.409445 BG
