cabinet 224 2 526 72 0.16798 0.612918 BG
cabinet 320 0 382 72 0.109809 0.369988 BG
chair 396 88 512 204 0.952042 0.047446 chair
chair 322 401 444 435 0.86472 0.125914 picture
chair 344 419 406 440 0.595238 0.355799 BG
chair 137 183 433 320 0.543978 0.442190 BG
chair 132 34 203 121 0.419666 0.560970 BG
chair 29 178 325 439 0.288714 0.506208 picture
chair 303 227 366 316 0.285418 0.519265 BG
chair 387 162 488 263 0.219579 0.637774 BG
chair 472 46 502 50 0.218213 0.755736 BG
chair 461 0 511 49 0.199802 0.524887 BG
chair 233 229 454 440 0.168336 0.303258 BG
chair 188 61 200 104 0.127299 0.860952 BG
chair 382 425 404 440 0.12636 0.748214 BG
chair 148 66 164 90 0.11645 0.879935 BG
chair 460 97 570 232 0.101558 0.686029 BG
sofa 409 2 468 48 0.147846 0.642041 BG
sofa 0 298 138 428 0.11896 0.858594 BG
table 0 189 379 436 0.55004 0.097561 picture
table 254 83 463 206 0.498269 0.309824 BG
table 76 85 424 305 0.359981 0.388863 chair
table 501 108 582 232 0.156332 0.676891 shelves
bookshelf 6 4 210 82 0.182185 0.741996 shelf
picture 17 1 70 23 0.470886 0.485444 BG
picture 16 1 27 23 0.42877 0.542376 BG
picture 189 1 207 5 0.385649 0.456775 BG
picture 325 1 401 65 0.375036 0.298375 BG
picture 25 3 61 10 0.298659 0.686488 BG
picture 506 0 530 52 0.192859 0.513026 BG
picture 141 1 206 14 0.170319 0.619529 BG
picture 35 105 40 115 0.137041 0.773609 BG
picture 321 1 581 66 0.132267 0.499714 BG
picture 307 4 324 64 0.129616 0.591913 BG
picture 537 3 589 69 0.122882 0.491803 BG
picture 325 2 341 61 0.118491 0.709160 BG
counter 0 199 538 440 0.192872 0.521255 desk
desk 308 103 485 270 0.663615 0.190093 BG
desk 0 101 305 440 0.653352 0.026974 picture
desk 178 163 455 435 0.31703 0.374730 chair
desk 345 135 481 197 0.22178 0.676392 BG
desk 479 95 590 223 0.107896 0.686029 shelves
mirror 297 1 529 73 0.121877 0.395957 BG
tv 454 1 537 68 0.271796 0.282204 BG
tv 503 1 531 54 0.145555 0.513026 BG
tv 2 134 23 218 0.145242 0.750078 BG
paper 26 179 119 217 0.571643 0.415358 papers&&books
paper 26 215 69 222 0.410215 0.583388 BG
paper 20 218 27 220 0.399187 0.597754 BG
paper 10 199 69 222 0.328551 0.665252 BG
paper 97 189 103 199 0.252664 0.740270 BG
paper 87 182 103 190 0.226786 0.768382 BG
paper 177 142 210 158 0.188267 0.811639 BG
paper 72 203 95 221 0.1872 0.799168 BG
paper 83 201 99 213 0.180114 0.794665 BG
paper 184 140 207 145 0.165758 0.834059 BG
paper 71 181 91 191 0.160992 0.830187 BG
paper 85 178 119 191 0.157735 0.831968 BG
paper 173 127 216 145 0.155736 0.843854 BG
paper 320 202 358 227 0.155645 0.836295 BG
paper 211 132 218 136 0.139892 0.858030 BG
paper 186 30 197 53 0.130392 0.525624 BG
paper 88 202 95 207 0.124934 0.862638 BG
paper 175 47 187 51 0.121445 0.577961 BG
paper 588 95 590 102 0.120453 0.544788 BG
paper 571 75 590 100 0.118175 0.579292 BG
paper 571 79 576 97 0.114293 0.626335 BG
paper 194 30 212 61 0.114156 0.563092 BG
paper 188 44 190 50 0.113611 0.647861 BG
paper 142 0 170 4 0.101912 0.782619 BG
paper 7 189 102 256 0.10129 0.884536 BG
towel 1 107 12 128 0.120697 0.582568 BG
box 175 46 188 51 0.203362 0.577961 BG
box 571 79 577 97 0.157826 0.626335 BG
box 194 30 212 60 0.151183 0.563092 BG
box 186 30 197 53 0.144004 0.525624 BG
box 588 95 590 102 0.119368 0.544788 BG
box 188 43 191 50 0.117232 0.647861 BG
box 168 42 175 44 0.117126 0.765239 BG
box 16 6 132 29 0.112105 0.787122 BG
person 3 43 36 133 0.11787 0.395261 BG
lamp 3 39 36 225 0.230017 0.546859 BG
lamp 1 45 32 88 0.180281 0.658168 lamp
bag 306 230 342 289 0.119293 0.454201 BG
bag 0 79 36 130 0.105899 0.535071 BG
bag 329 288 333 292 0.102188 0.670603 BG
