chair 313 110 574 440 0.938884 0.025187 chair
chair 50 0 182 101 0.833019 0.163061 chair&&sofa
chair 249 50 461 333 0.56098 0.432977 chair
chair 11 165 174 428 0.457523 0.422138 chair&&chair&&table
chair 247 120 333 287 0.302553 0.696831 BG
chair 455 98 590 297 0.288581 0.569871 BG
chair 26 116 88 221 0.190157 0.786992 BG
chair 145 264 308 425 0.154103 0.811175 BG
chair 64 88 389 406 0.139587 0.856347 floor
table 323 195 585 439 0.547024 0.290484 chair
table 15 82 158 431 0.320006 0.336776 chair&&chair&&table
table 442 117 590 316 0.306614 0.459728 BG
picture 14 24 29 44 0.119528 0.692336 BG
blinds 299 4 337 108 0.148225 0.744529 BG
pillow 412 398 434 440 0.150984 0.578775 BG
pillow 202 415 264 440 0.126329 0.485673 BG
paper 312 412 360 427 0.187368 0.332353 BG
paper 289 328 293 332 0.174583 0.175486 BG
paper 96 290 121 341 0.169055 0.507131 BG
paper 285 303 314 312 0.161242 0.318151 BG
paper 363 400 400 440 0.160323 0.403448 BG
paper 292 332 294 336 0.148536 0.210583 BG
paper 96 289 105 303 0.147598 0.613358 BG
paper 2 63 25 124 0.146719 0.578853 BG
paper 584 249 590 262 0.141857 0.303310 BG
paper 583 264 590 268 0.124973 0.434685 BG
paper 128 125 129 129 0.11046 0.554463 BG
paper 334 413 379 440 0.106366 0.247108 BG
paper 123 187 126 190 0.1026 0.547415 BG
paper 584 283 590 286 0.102534 0.606411 BG
box 583 263 590 269 0.161922 0.434685 BG
box 123 186 127 190 0.157387 0.547415 BG
box 312 412 361 427 0.148668 0.332353 BG
box 583 248 590 263 0.146379 0.303310 BG
box 1 58 27 125 0.140831 0.578853 BG
box 414 239 425 246 0.124472 0.726420 BG
box 128 124 129 129 0.108716 0.554463 BG
box 332 411 379 440 0.104728 0.247108 BG
box 362 397 400 440 0.103439 0.403448 BG
garbage_bin 183 175 224 200 0.193473 0.306379 BG
garbage_bin 192 174 219 185 0.174472 0.293600 BG
garbage_bin 215 225 224 229 0.156593 0.407240 BG
garbage_bin 285 303 314 312 0.131254 0.318151 BG
