cabinet 292 0 402 347 0.196664 0.739310 BG
cabinet 331 190 336 207 0.19554 0.655859 BG
cabinet 320 140 359 257 0.192359 0.746452 BG
chair 334 318 590 440 0.141259 0.819176 floor
sofa 360 342 590 440 0.804285 0.102960 floor
sofa 312 0 590 126 0.12059 0.736082 BG
table 19 297 430 440 0.900829 0.048481 desk
table 5 313 170 372 0.12726 0.813078 BG
door 1 111 13 225 0.179849 0.629340 BG
bookshelf 7 208 78 289 0.149867 0.802361 BG
bookshelf 11 91 79 353 0.105128 0.821921 BG
picture 353 89 382 114 0.268877 0.598655 BG
counter 0 58 536 369 0.119029 0.859799 BG
blinds 1 1 245 87 0.246579 0.587624 BG
desk 0 288 487 438 0.189474 0.320753 desk
paper 4 1 70 16 0.132529 0.543898 BG
paper 582 218 590 219 0.125249 0.596824 BG
paper 331 230 360 241 0.117484 0.748246 BG
paper 236 0 237 7 0.115754 0.506900 BG
paper 361 126 393 135 0.103242 0.798812 BG
box 332 216 335 227 0.17914 0.658548 BG
box 504 25 515 34 0.1733 0.341340 BG
box 330 204 333 208 0.119251 0.565198 BG
box 566 121 569 125 0.108646 0.662202 BG
box 402 436 403 440 0.105208 0.391896 BG
box 559 113 563 116 0.100286 0.669304 BG
garbage_bin 576 155 590 167 0.246727 0.336500 BG
