chair 224 262 437 440 0.919471 0.074272 chair
chair 0 359 215 440 0.851556 0.091428 chair
chair 394 237 482 430 0.673399 0.325312 BG
chair 10 184 26 207 0.496578 0.467424 BG
chair 2 171 30 238 0.445287 0.481511 chair
chair 26 196 159 248 0.412136 0.574936 chair
chair 1 185 10 210 0.301473 0.687990 BG
chair 9 180 75 299 0.270706 0.488212 BG
chair 144 178 237 221 0.243607 0.724327 BG
chair 211 178 244 207 0.205425 0.776443 BG
chair 167 185 173 188 0.16759 0.749214 BG
chair 82 386 178 440 0.144988 0.769668 BG
chair 216 195 235 207 0.131202 0.841057 BG
chair 313 312 318 318 0.126691 0.853761 BG
chair 306 297 416 333 0.123207 0.876582 BG
chair 16 185 27 188 0.122392 0.864770 BG
chair 134 164 229 197 0.121429 0.809947 BG
chair 1 168 8 188 0.119501 0.872411 BG
chair 401 306 409 311 0.116293 0.881123 BG
chair 1 185 9 193 0.115223 0.881813 BG
chair 400 290 415 316 0.1136 0.885770 BG
chair 114 180 143 222 0.112602 0.876897 BG
chair 222 143 272 205 0.11136 0.754175 BG
chair 209 178 224 185 0.103735 0.882350 BG
sofa 418 229 587 434 0.122358 0.474802 floor
table 24 192 325 431 0.972932 0.004861 table
table 4 214 90 320 0.366611 0.502943 BG
table 0 378 136 440 0.143838 0.672595 chair
table 9 234 251 314 0.114361 0.842996 BG
picture 228 1 233 6 0.160653 0.357475 BG
picture 7 10 80 142 0.137398 0.086130 whiteboard
picture 403 0 428 2 0.114843 0.365777 BG
picture 4 144 40 147 0.102047 0.664824 BG
desk 8 287 215 436 0.430087 0.151629 BG
tv 400 0 429 2 0.313603 0.365777 BG
paper 140 168 199 187 0.137494 0.744336 BG
paper 581 170 590 174 0.129045 0.548798 BG
paper 228 0 233 6 0.116603 0.357475 BG
paper 443 429 448 431 0.110279 0.431336 BG
paper 443 423 453 431 0.106988 0.497696 BG
paper 97 431 104 440 0.105166 0.323234 BG
box 228 1 233 6 0.180427 0.357475 BG
box 403 204 422 219 0.147091 0.689668 BG
box 129 179 157 190 0.13207 0.809353 BG
box 270 161 276 171 0.127653 0.309112 BG
box 131 185 144 190 0.105158 0.845794 BG
whiteboard 311 0 586 181 0.974387 0.013512 whiteboard
whiteboard 2 7 66 163 0.732894 0.056772 whiteboard
whiteboard 3 144 40 148 0.139054 0.664824 BG
whiteboard 17 4 395 141 0.10665 0.851411 BG
lamp 248 134 268 148 0.109986 0.826541 BG
lamp 270 160 275 171 0.107763 0.309112 BG
