chair 401 219 563 412 0.135206 0.837592 BG
chair 145 0 156 29 0.115699 0.841556 BG
sofa 62 102 512 433 0.108394 0.774640 BG
picture 1 418 86 440 0.133303 0.110166 BG
pillow 318 174 386 238 0.214222 0.694988 BG
pillow 320 182 342 208 0.133537 0.842793 BG
pillow 281 139 428 256 0.106422 0.770432 clothes
mirror 263 0 320 166 0.182498 0.454545 BG
clothes 0 0 220 175 0.782491 0.135878 clothes
clothes 3 5 29 113 0.361948 0.378376 BG
clothes 44 30 90 148 0.331202 0.662880 BG
clothes 7 0 61 187 0.281242 0.688177 BG
clothes 4 108 17 147 0.190902 0.503893 BG
clothes 5 108 13 120 0.166994 0.282134 BG
clothes 89 44 193 146 0.146905 0.776012 BG
clothes 88 417 169 440 0.146515 0.220265 BG
clothes 144 3 275 148 0.122263 0.790384 BG
clothes 92 411 116 432 0.109266 0.512436 BG
clothes 265 0 296 138 0.103636 0.653280 BG
clothes 86 358 139 440 0.102694 0.643999 BG
tv 273 11 350 165 0.279694 0.321094 BG
paper 172 175 209 194 0.418878 0.361676 BG
paper 191 169 193 174 0.215488 0.709140 BG
paper 569 406 582 415 0.194771 0.544770 BG
paper 88 225 95 237 0.194376 0.098207 BG
paper 495 400 568 440 0.181958 0.368527 BG
paper 185 168 195 176 0.174346 0.715314 BG
paper 419 277 425 279 0.137321 0.597875 BG
paper 589 417 590 419 0.124655 0.455090 BG
paper 188 164 208 179 0.107054 0.723791 BG
towel 5 109 12 120 0.434197 0.282134 BG
towel 5 106 15 150 0.261468 0.503893 BG
towel 374 191 431 256 0.116113 0.549471 BG
towel 399 238 416 252 0.105249 0.592205 BG
box 494 397 567 440 0.118147 0.368527 BG
person 83 426 112 440 0.677225 0.121993 BG
person 8 417 110 440 0.336 0.082122 BG
person 82 416 171 440 0.31016 0.220265 BG
person 95 414 106 433 0.242484 0.550661 BG
bag 83 392 138 440 0.253252 0.411346 BG
bag 84 427 155 440 0.245121 0.192876 BG
bag 86 421 102 435 0.174283 0.275748 BG
bag 1 16 29 102 0.153794 0.378376 BG
bag 91 414 116 432 0.149975 0.512436 BG
bag 374 192 430 256 0.127791 0.549471 BG
bag 17 8 25 20 0.126972 0.688648 BG
bag 111 437 126 440 0.111555 0.449259 BG
bag 3 419 107 440 0.102789 0.082122 BG
garbage_bin 87 225 96 237 0.142459 0.098207 BG
