cabinet 178 38 515 402 0.318922 0.463985 BG
cabinet 97 0 251 364 0.237599 0.611746 BG
cabinet 427 133 515 404 0.143683 0.434430 BG
chair 531 226 589 327 0.338857 0.291090 BG
chair 503 186 581 424 0.100145 0.454315 garbage_bin
sofa 89 1 184 14 0.183606 0.556666 BG
sofa 566 1 590 25 0.156585 0.279209 BG
sofa 469 0 584 44 0.116828 0.707922 ceiling
sofa 93 1 144 6 0.106656 0.643437 BG
table 493 202 589 432 0.373532 0.363459 garbage_bin
table 496 202 590 247 0.260844 0.697735 BG
table 523 232 590 322 0.237256 0.291090 BG
table 226 190 519 426 0.199492 0.579179 BG
table 0 295 50 397 0.120624 0.355008 recycle_bin
picture 50 96 102 164 0.234881 0.434674 BG
picture 440 81 514 172 0.171144 0.560989 BG
picture 478 84 511 107 0.139425 0.702848 BG
picture 582 173 590 187 0.101739 0.357409 BG
desk 492 182 588 400 0.386249 0.380819 rack
desk 216 187 548 405 0.100118 0.579179 BG
clothes 560 421 568 431 0.133088 0.302367 BG
clothes 555 411 590 438 0.119022 0.214053 BG
fridge 453 129 513 394 0.237492 0.355867 BG
tv 0 265 30 278 0.630241 0.341307 BG
tv 1 258 40 393 0.315296 0.273202 recycle_bin
tv 0 250 30 263 0.185058 0.561194 BG
paper 568 177 581 187 0.309994 0.431550 BG
paper 496 140 498 142 0.287539 0.445287 BG
paper 49 86 103 161 0.283063 0.455312 BG
paper 560 71 579 79 0.273532 0.460111 BG
paper 470 34 479 38 0.205595 0.527061 BG
paper 471 130 481 141 0.202443 0.665634 BG
paper 460 32 467 36 0.197539 0.600218 BG
paper 457 134 496 161 0.187708 0.539999 BG
paper 471 110 509 162 0.180721 0.553249 BG
paper 493 142 506 151 0.177377 0.393780 BG
paper 548 171 582 183 0.175458 0.478367 BG
paper 582 173 590 187 0.170243 0.357409 BG
paper 489 129 506 139 0.162259 0.666577 BG
paper 476 121 497 138 0.159359 0.717303 BG
paper 553 134 562 137 0.143959 0.829534 BG
paper 552 64 590 132 0.133548 0.539177 BG
paper 553 177 581 195 0.1219 0.674009 BG
paper 459 135 473 147 0.119842 0.696052 BG
paper 431 31 493 55 0.11426 0.806247 BG
paper 567 65 590 79 0.1128 0.497070 BG
paper 471 34 494 43 0.11263 0.731045 BG
paper 549 121 560 133 0.109847 0.761327 BG
paper 558 127 560 133 0.105844 0.824682 BG
paper 479 143 508 161 0.103764 0.556618 BG
paper 532 175 551 192 0.101061 0.466817 BG
paper 471 127 479 130 0.10003 0.836114 BG
towel 509 276 585 384 0.132921 0.677517 BG
box 507 169 510 178 0.582523 0.367039 BG
box 178 348 180 350 0.554287 0.424074 BG
box 494 148 508 161 0.486328 0.467124 BG
box 164 338 170 353 0.438855 0.365534 BG
box 531 175 552 191 0.389053 0.466817 BG
box 91 367 105 392 0.327941 0.655483 BG
box 509 180 510 185 0.320602 0.556876 BG
box 493 143 507 151 0.315701 0.393780 BG
box 497 158 564 188 0.30096 0.661815 BG
box 510 157 564 164 0.297898 0.668446 BG
box 168 316 216 352 0.27249 0.680595 BG
box 531 172 588 195 0.269023 0.592372 BG
box 528 187 531 189 0.268122 0.663919 BG
box 552 176 583 186 0.265766 0.441336 BG
box 79 359 83 370 0.246483 0.707948 BG
box 509 186 511 187 0.223872 0.676759 BG
box 159 318 171 353 0.217648 0.655201 BG
box 582 172 590 186 0.205977 0.357409 BG
box 479 157 492 159 0.205583 0.635684 BG
box 553 63 590 79 0.199941 0.413785 BG
box 473 139 508 161 0.198961 0.602485 BG
box 541 173 546 175 0.193547 0.632241 BG
box 233 309 238 315 0.189639 0.567062 BG
box 93 345 113 384 0.188634 0.764990 BG
box 183 329 214 345 0.179906 0.727431 BG
box 161 327 171 338 0.17203 0.636763 BG
box 178 304 234 334 0.171777 0.720206 BG
box 565 225 589 256 0.16045 0.661099 BG
box 533 176 541 179 0.151047 0.754689 BG
box 121 351 134 380 0.150027 0.650335 BG
box 581 226 590 248 0.149599 0.685284 BG
box 493 145 510 187 0.148701 0.707758 BG
box 504 193 508 198 0.146151 0.805721 BG
box 539 33 589 133 0.139569 0.587550 BG
box 534 189 540 191 0.139223 0.753058 BG
box 82 368 90 393 0.138587 0.851474 BG
box 127 348 132 359 0.136335 0.544121 BG
box 66 307 165 395 0.135105 0.842342 BG
box 463 95 519 159 0.13145 0.573435 BG
box 82 221 88 226 0.12195 0.786225 BG
box 39 171 162 379 0.119791 0.696302 BG
box 460 152 471 156 0.114149 0.737539 BG
box 495 140 498 142 0.106092 0.445287 BG
box 241 309 246 315 0.102092 0.611713 BG
box 127 367 134 377 0.10176 0.697924 BG
whiteboard 176 57 439 366 0.215931 0.426454 BG
bag 560 421 567 432 0.18634 0.302367 BG
bag 553 420 559 430 0.143998 0.355022 BG
bag 554 371 590 440 0.135217 0.282885 BG
garbage_bin 505 340 517 377 0.592868 0.366574 BG
garbage_bin 492 308 586 436 0.478191 0.437447 BG
garbage_bin 496 329 542 399 0.401778 0.564182 BG
garbage_bin 551 366 590 438 0.391807 0.272130 BG
garbage_bin 497 333 509 394 0.329071 0.633851 BG
garbage_bin 507 376 511 380 0.249194 0.726730 BG
garbage_bin 505 379 510 388 0.21804 0.767643 BG
garbage_bin 553 420 560 429 0.213269 0.355022 BG
garbage_bin 458 155 509 361 0.194635 0.493542 BG
garbage_bin 2 282 40 390 0.187522 0.355008 recycle_bin
garbage_bin 560 421 568 431 0.184829 0.302367 BG
garbage_bin 497 336 504 339 0.161952 0.641931 BG
garbage_bin 509 374 514 378 0.157831 0.815428 BG
garbage_bin 513 347 530 378 0.149535 0.752834 BG
garbage_bin 565 368 575 384 0.12832 0.506739 BG
garbage_bin 509 370 522 397 0.103429 0.887852 BG
garbage_bin 498 367 521 417 0.10178 0.889920 BG
