chair 50 291 182 434 0.58508 0.367302 stool
chair 410 289 426 317 0.248561 0.719495 BG
chair 413 287 436 293 0.221456 0.767967 BG
chair 398 288 419 324 0.202695 0.757864 BG
chair 412 279 450 293 0.190782 0.803064 BG
chair 429 286 433 289 0.179248 0.817056 BG
chair 412 272 463 318 0.160283 0.815601 BG
chair 64 284 158 335 0.104539 0.879755 BG
chair 423 266 461 290 0.100965 0.893075 BG
sofa 1 414 10 439 0.250178 0.312116 BG
sofa 0 0 269 163 0.249557 0.539564 ceiling
table 16 288 157 438 0.840704 0.135395 stool&&table
table 382 253 590 440 0.780785 0.072723 table
table 90 293 437 426 0.503276 0.264160 BG
table 186 174 470 276 0.315566 0.558536 BG
table 1 378 100 440 0.163714 0.510789 BG
table 75 258 476 346 0.11254 0.830658 BG
bookshelf 54 202 457 357 0.153004 0.786776 BG
picture 77 214 102 237 0.150015 0.629379 BG
picture 68 182 123 299 0.126792 0.406740 BG
counter 221 276 236 287 0.164117 0.569618 BG
counter 229 272 234 278 0.154297 0.545078 BG
counter 230 274 299 288 0.126292 0.609984 BG
counter 0 282 95 331 0.110544 0.696400 BG
desk 87 278 461 419 0.754171 0.103859 BG
desk 402 235 590 433 0.397001 0.020681 table
desk 171 176 493 274 0.274744 0.423785 BG
pillow 541 413 590 440 0.102188 0.614688 BG
clothes 2 416 10 440 0.114377 0.312116 BG
tv 0 1 134 26 0.107348 0.560315 BG
paper 334 158 356 187 0.436537 0.473305 BG
paper 151 279 180 288 0.320141 0.632901 BG
paper 3 245 73 282 0.25085 0.462651 BG
paper 190 204 199 206 0.237434 0.698199 BG
paper 146 286 166 295 0.224111 0.685296 BG
paper 192 201 225 209 0.222086 0.700152 BG
paper 231 78 243 86 0.220296 0.521987 BG
paper 47 296 51 297 0.220081 0.674975 BG
paper 424 432 426 440 0.210222 0.118069 BG
paper 37 286 80 313 0.206974 0.285080 BG
paper 584 252 590 282 0.206277 0.441693 BG
paper 194 74 274 122 0.178889 0.663385 BG
paper 63 268 80 285 0.173151 0.367309 BG
paper 5 268 85 303 0.172243 0.535240 BG
paper 165 286 183 289 0.170706 0.808472 BG
paper 289 108 353 191 0.167155 0.366664 BG
paper 67 125 71 127 0.160114 0.625599 BG
paper 408 405 426 440 0.152665 0.461317 BG
paper 572 277 575 281 0.148293 0.279994 BG
paper 74 129 159 149 0.145359 0.681586 BG
paper 566 252 590 292 0.145018 0.427025 BG
paper 206 87 212 91 0.137615 0.720899 BG
paper 35 299 53 309 0.134682 0.730107 BG
paper 478 6 483 8 0.132189 0.671080 BG
paper 39 299 47 300 0.130051 0.793897 BG
paper 542 217 546 223 0.12788 0.647910 BG
paper 456 430 485 440 0.125398 0.402494 BG
paper 90 236 127 295 0.118943 0.210947 BG
paper 507 287 541 289 0.114121 0.783356 BG
paper 478 2 494 8 0.113462 0.644890 BG
paper 78 214 102 236 0.111653 0.629379 BG
paper 364 319 394 341 0.110622 0.771392 BG
paper 372 262 420 273 0.110586 0.541735 BG
paper 0 271 25 284 0.107294 0.849377 BG
paper 238 72 265 84 0.10554 0.690731 BG
paper 286 407 323 440 0.105007 0.464558 BG
paper 81 279 91 282 0.102124 0.355821 BG
paper 52 134 61 138 0.102091 0.778207 BG
paper 464 10 468 13 0.101856 0.717737 BG
paper 58 133 70 145 0.101817 0.839986 BG
paper 149 96 236 119 0.101062 0.838605 BG
box 482 230 574 288 0.96246 0.033348 box
box 460 185 548 250 0.840957 0.143411 BG
box 62 265 95 304 0.79515 0.122907 BG
box 51 283 83 315 0.614178 0.229107 BG
box 528 241 538 246 0.575979 0.396921 BG
box 497 255 539 274 0.574852 0.377260 BG
box 74 252 109 295 0.516511 0.367996 BG
box 81 279 92 282 0.488201 0.355821 BG
box 62 265 79 286 0.443195 0.367309 BG
box 74 254 91 278 0.412879 0.480308 BG
box 394 183 474 257 0.401259 0.422153 BG
box 3 166 68 285 0.388182 0.443900 BG
box 138 237 173 260 0.386304 0.570890 BG
box 89 237 129 293 0.365262 0.210947 BG
box 296 231 429 271 0.359801 0.512511 BG
box 4 247 98 299 0.344783 0.520676 BG
box 79 282 96 302 0.315528 0.568219 BG
box 572 276 576 281 0.283151 0.279994 BG
box 459 231 524 256 0.274269 0.714742 BG
box 506 229 548 244 0.270715 0.619580 BG
box 292 186 474 292 0.259663 0.563269 BG
box 424 432 426 440 0.255391 0.118069 BG
box 419 257 425 263 0.253792 0.613102 BG
box 428 256 433 259 0.242433 0.607955 BG
box 370 262 422 273 0.217391 0.541735 BG
box 566 245 590 290 0.214187 0.427025 BG
box 315 404 422 440 0.208867 0.295160 BG
box 320 274 341 282 0.197222 0.666241 BG
box 295 269 342 281 0.195453 0.597159 BG
box 408 404 427 438 0.190138 0.461317 BG
box 297 262 431 284 0.18372 0.678498 BG
box 133 424 139 427 0.17069 0.496015 BG
box 584 248 590 282 0.163365 0.441693 BG
box 320 277 326 277 0.15862 0.695034 BG
box 395 73 484 172 0.146181 0.473530 BG
box 290 111 344 190 0.142366 0.344522 BG
box 342 267 368 273 0.134436 0.690813 BG
box 296 263 297 265 0.129693 0.715326 BG
box 95 286 100 296 0.127952 0.633418 BG
box 542 217 546 223 0.125519 0.647910 BG
box 35 298 54 310 0.122232 0.730107 BG
box 335 156 371 188 0.119987 0.421588 BG
box 299 256 304 266 0.115188 0.744160 BG
box 428 225 476 262 0.111929 0.827910 BG
box 426 225 449 249 0.105183 0.598144 BG
box 112 424 140 433 0.101659 0.574045 BG
sink 223 274 235 287 0.165554 0.569618 BG
sink 213 242 236 289 0.126103 0.812765 BG
lamp 172 200 251 284 0.812767 0.155658 BG
lamp 141 234 190 260 0.178003 0.749069 BG
lamp 215 238 251 287 0.144831 0.801053 BG
lamp 401 73 482 174 0.140407 0.473530 BG
bag 560 430 573 440 0.156986 0.432517 BG
bag 542 413 590 440 0.134085 0.614688 BG
bag 497 433 504 440 0.12117 0.594320 BG
garbage_bin 571 276 575 282 0.180221 0.279994 BG
garbage_bin 420 178 464 247 0.134354 0.560332 BG
