chair 490 328 590 410 0.48673 0.388646 chair
chair 148 137 190 187 0.356365 0.603940 BG
chair 69 193 160 436 0.252485 0.318807 BG
chair 66 244 157 283 0.23964 0.735292 BG
chair 139 159 184 174 0.18336 0.787003 BG
chair 143 147 159 164 0.148599 0.790965 BG
chair 167 159 181 165 0.128628 0.845220 BG
table 5 188 159 433 0.813014 0.114435 BG
table 451 240 588 426 0.706733 0.200538 BG
table 0 260 73 429 0.301056 0.598734 BG
table 73 248 117 440 0.243076 0.414598 BG
table 102 366 483 440 0.241856 0.741658 floor
table 492 340 590 397 0.133434 0.549066 chair
bookshelf 514 134 527 157 0.108487 0.566144 BG
picture 291 311 335 363 0.537221 0.460766 BG
picture 291 1 422 41 0.528442 0.173349 BG
picture 278 296 293 375 0.449205 0.539698 BG
picture 528 150 579 186 0.297365 0.413499 BG
picture 214 128 221 137 0.261792 0.542477 BG
picture 217 83 229 142 0.211467 0.626872 BG
picture 215 125 218 128 0.192012 0.677910 BG
picture 2 162 19 290 0.17888 0.677338 BG
picture 528 161 533 185 0.177346 0.739363 BG
picture 500 0 510 10 0.172403 0.700497 BG
picture 11 258 19 286 0.162663 0.751471 BG
picture 221 116 229 134 0.15334 0.700723 BG
picture 207 113 216 124 0.141728 0.760891 BG
picture 298 342 330 360 0.135683 0.862857 BG
picture 194 137 225 171 0.135134 0.357850 BG
picture 200 4 419 148 0.126903 0.572765 BG
picture 276 2 292 42 0.126581 0.557960 BG
picture 2 176 79 334 0.109531 0.624953 BG
picture 127 254 151 280 0.106092 0.428104 BG
picture 224 137 229 149 0.102267 0.198489 BG
counter 265 20 566 104 0.124535 0.716411 BG
blinds 243 147 440 192 0.494775 0.417704 BG
desk 447 181 590 427 0.122792 0.671723 BG
tv 501 430 590 440 0.208087 0.544204 BG
tv 575 431 590 440 0.12586 0.610906 BG
tv 346 213 412 321 0.106735 0.828602 BG
paper 588 431 590 434 0.287728 0.556543 BG
paper 571 198 590 210 0.207749 0.314802 BG
paper 583 144 590 149 0.194064 0.324746 BG
paper 589 415 590 422 0.18691 0.585426 BG
paper 577 150 590 182 0.174586 0.467208 BG
paper 589 412 590 416 0.172384 0.597485 BG
paper 475 149 478 156 0.169845 0.151449 BG
paper 582 431 587 434 0.147068 0.759782 BG
paper 554 0 589 100 0.143409 0.129916 BG
paper 467 128 487 177 0.139304 0.514050 BG
paper 556 40 558 47 0.138704 0.389921 BG
paper 249 0 281 41 0.132886 0.503428 BG
paper 276 0 292 42 0.122115 0.557960 BG
paper 229 160 239 173 0.121849 0.299117 BG
paper 587 101 590 107 0.117302 0.203086 BG
paper 226 149 253 162 0.11584 0.375389 BG
paper 559 152 578 183 0.115282 0.438383 BG
paper 579 107 585 109 0.113668 0.395509 BG
paper 583 435 590 440 0.112368 0.423653 BG
paper 550 426 590 431 0.112298 0.769411 BG
paper 128 245 152 257 0.109747 0.659768 BG
paper 582 335 590 362 0.102735 0.367704 BG
paper 3 406 72 440 0.100252 0.490258 BG
box 559 150 578 183 0.323499 0.438383 BG
box 120 257 147 266 0.270413 0.488096 BG
box 555 1 590 97 0.218657 0.129916 BG
box 117 254 166 286 0.206352 0.419595 BG
box 526 147 590 186 0.201461 0.484992 BG
box 224 137 229 149 0.187682 0.198489 BG
box 221 137 236 162 0.161142 0.153568 BG
box 556 40 559 46 0.159734 0.389921 BG
box 558 150 574 154 0.143421 0.675302 BG
box 586 387 590 396 0.1305 0.405157 BG
box 181 175 186 180 0.12936 0.509929 BG
box 577 142 590 182 0.128015 0.476803 BG
box 1 282 64 324 0.124891 0.746973 BG
box 248 2 281 40 0.120874 0.503428 BG
box 112 255 127 266 0.117762 0.783081 BG
box 583 143 590 149 0.117235 0.324746 BG
box 226 148 252 162 0.11621 0.375389 BG
box 175 170 186 179 0.112553 0.610727 BG
box 66 188 69 191 0.104393 0.707372 BG
box 213 84 237 160 0.101996 0.504507 BG
garbage_bin 474 149 478 157 0.193383 0.151449 BG
garbage_bin 226 150 236 162 0.14875 0.119126 BG
garbage_bin 585 388 590 397 0.108785 0.405157 BG
