cabinet 8 11 211 329 0.128686 0.549824 BG
chair 228 21 431 199 0.160794 0.323417 cart
sofa 416 57 590 409 0.139413 0.227657 BG
table 240 5 409 288 0.719906 0.110295 cart
table 2 116 364 440 0.690743 0.184407 BG
table 272 25 395 102 0.147909 0.782393 BG
table 3 198 96 299 0.112898 0.720395 BG
door 1 0 103 243 0.162799 0.459694 BG
picture 410 1 525 24 0.311303 0.364448 BG
picture 534 1 590 17 0.215232 0.311298 BG
picture 523 2 533 20 0.141598 0.664070 BG
counter 0 118 346 425 0.150221 0.535590 BG
desk 244 22 413 246 0.663743 0.039032 cart
paper 132 423 133 424 0.183215 0.543740 BG
paper 10 417 14 424 0.181421 0.586379 BG
paper 196 66 202 72 0.177502 0.259470 BG
paper 585 15 590 16 0.172499 0.349055 BG
paper 567 10 576 12 0.167741 0.664686 BG
paper 23 433 28 434 0.151054 0.347524 BG
paper 186 56 203 77 0.14396 0.246446 BG
paper 59 211 63 214 0.135449 0.493423 BG
paper 32 20 43 37 0.132946 0.394587 BG
paper 39 38 45 40 0.131948 0.428992 BG
paper 53 79 60 87 0.128297 0.466225 BG
paper 57 89 62 93 0.121657 0.502584 BG
paper 533 0 587 17 0.118791 0.311298 BG
paper 59 95 64 100 0.117843 0.490995 BG
paper 43 50 57 77 0.113527 0.507262 BG
paper 64 112 69 112 0.112814 0.541962 BG
paper 61 102 68 110 0.112025 0.509730 BG
paper 247 177 256 196 0.112001 0.748808 BG
paper 57 89 69 112 0.106114 0.519172 BG
towel 27 2 42 38 0.279182 0.475103 BG
towel 27 2 34 15 0.150882 0.722297 BG
towel 54 78 60 87 0.101757 0.466225 BG
box 365 145 370 194 0.271117 0.714744 BG
box 58 211 63 214 0.168462 0.493423 BG
box 212 2 274 66 0.142749 0.576208 BG
box 132 422 134 425 0.110165 0.543740 BG
box 20 432 27 440 0.10816 0.165535 BG
box 16 430 23 440 0.106754 0.193712 BG
lamp 273 38 306 79 0.135345 0.836600 BG
garbage_bin 218 291 246 308 0.280537 0.694331 BG
garbage_bin 225 202 339 322 0.254443 0.731592 stepstool
garbage_bin 119 169 324 440 0.175807 0.648874 BG
garbage_bin 317 258 334 302 0.120869 0.873188 BG
garbage_bin 314 268 316 270 0.106948 0.872106 BG
garbage_bin 324 265 334 280 0.101574 0.896941 BG
