cabinet 286 202 442 317 0.405888 0.301540 BG
cabinet 263 73 344 300 0.232357 0.411689 BG
cabinet 0 13 90 145 0.168194 0.127642 BG
chair 86 435 95 440 0.18254 0.286155 BG
chair 0 265 105 438 0.175687 0.566293 BG
chair 74 426 90 440 0.145385 0.422442 BG
chair 85 427 101 440 0.121746 0.292076 BG
chair 77 305 231 431 0.118002 0.630377 BG
chair 207 242 254 290 0.116712 0.775154 BG
chair 163 419 183 440 0.101332 0.498493 BG
sofa 310 4 584 85 0.567936 0.297165 BG
sofa 1 69 27 110 0.106771 0.207620 BG
sofa 247 421 255 429 0.102071 0.308702 BG
table 0 115 84 248 0.578129 0.317899 BG
table 187 271 274 383 0.198499 0.694563 shelf
table 418 228 590 440 0.152088 0.566663 BG
table 0 262 96 440 0.134189 0.547167 BG
table 71 282 241 433 0.116088 0.640637 BG
door 268 86 334 283 0.28544 0.411689 BG
door 288 202 424 312 0.167634 0.301540 BG
door 264 106 278 283 0.126644 0.749973 BG
door 298 143 317 159 0.115658 0.296857 BG
door 0 2 88 121 0.10633 0.209814 BG
door 283 83 445 275 0.103501 0.777904 BG
picture 343 112 415 205 0.810031 0.173066 BG
picture 161 61 181 94 0.536011 0.388796 BG
picture 144 34 180 103 0.430812 0.500050 BG
picture 6 48 92 130 0.305326 0.109876 BG
picture 133 100 178 320 0.301263 0.497495 BG
picture 144 223 165 245 0.285429 0.407149 BG
picture 1 150 15 222 0.228482 0.228080 paper
picture 138 198 166 259 0.196817 0.495027 BG
picture 107 84 158 228 0.195181 0.435212 BG
picture 128 2 132 11 0.182347 0.445455 BG
picture 139 228 149 235 0.178304 0.583355 BG
picture 345 107 396 145 0.170741 0.821552 BG
picture 74 48 92 118 0.157072 0.597801 BG
picture 340 182 366 196 0.145756 0.775813 BG
picture 139 242 169 314 0.139176 0.467054 BG
picture 158 59 166 90 0.132829 0.791138 BG
picture 125 32 158 104 0.118679 0.761881 BG
picture 167 89 179 93 0.117883 0.697514 BG
picture 135 1 175 26 0.109203 0.681005 BG
picture 368 185 375 189 0.104018 0.812100 BG
counter 247 317 496 399 0.106468 0.502517 BG
counter 411 214 590 440 0.106457 0.566663 BG
mirror 0 4 129 146 0.107861 0.357212 BG
fridge 97 30 174 318 0.355113 0.420175 BG
fridge 19 127 179 440 0.340014 0.503153 BG
fridge 190 240 252 402 0.237246 0.568083 shelf
tv 0 138 77 296 0.416209 0.332641 BG
tv 6 13 90 134 0.152564 0.171524 BG
paper 110 133 134 220 0.395692 0.543502 BG
paper 106 129 112 219 0.35956 0.575928 BG
paper 139 243 168 311 0.287859 0.467054 BG
paper 589 259 590 265 0.261471 0.191418 BG
paper 89 425 97 428 0.259117 0.454824 BG
paper 108 100 130 132 0.246914 0.548827 BG
paper 140 216 159 255 0.246736 0.451175 BG
paper 1 151 14 223 0.245756 0.228080 paper
paper 94 119 108 223 0.2396 0.618049 BG
paper 586 23 590 25 0.226952 0.270786 BG
paper 106 102 168 311 0.221604 0.491578 BG
paper 149 244 166 256 0.220543 0.528556 BG
paper 143 245 154 254 0.214038 0.652169 BG
paper 581 422 590 433 0.200934 0.495440 BG
paper 568 263 570 271 0.193047 0.614425 BG
paper 89 411 108 440 0.174215 0.403555 BG
paper 140 228 148 235 0.173903 0.583355 BG
paper 578 424 582 428 0.164675 0.461372 BG
paper 192 414 227 440 0.162328 0.438330 BG
paper 575 404 590 433 0.158738 0.675771 BG
paper 188 100 235 194 0.157795 0.631986 BG
paper 128 1 132 11 0.152451 0.445455 BG
paper 89 420 98 433 0.149431 0.634315 BG
paper 247 417 254 430 0.139248 0.478313 BG
paper 183 422 185 425 0.137556 0.647039 BG
paper 321 384 357 392 0.136987 0.321997 BG
paper 258 428 269 430 0.130472 0.310842 BG
paper 299 143 317 150 0.12832 0.562238 BG
paper 298 150 309 158 0.128089 0.357166 BG
paper 93 428 101 440 0.126347 0.256100 BG
paper 272 427 276 432 0.125758 0.412187 BG
paper 165 206 173 219 0.119174 0.355620 BG
paper 111 133 131 135 0.109095 0.822384 BG
paper 548 239 559 243 0.107844 0.394477 BG
paper 144 211 164 227 0.107729 0.707932 BG
paper 224 424 287 440 0.106561 0.248883 BG
paper 34 407 107 440 0.10506 0.417777 BG
paper 131 114 139 177 0.104723 0.819462 BG
box 80 407 90 414 0.30859 0.593835 BG
box 1 72 28 109 0.189471 0.207620 BG
box 88 409 109 439 0.175909 0.403555 BG
box 89 425 98 428 0.171086 0.454824 BG
box 195 294 239 403 0.168658 0.624448 BG
box 165 133 180 189 0.160097 0.633870 paper
box 183 422 186 425 0.153126 0.647039 BG
box 507 430 518 440 0.147918 0.399664 BG
box 586 23 590 26 0.144917 0.270786 BG
box 98 410 100 414 0.144154 0.696625 BG
box 165 206 172 220 0.143767 0.355620 BG
box 32 404 111 440 0.14223 0.417777 BG
box 132 106 181 204 0.133968 0.566722 BG
box 92 427 101 440 0.129173 0.256100 BG
box 252 274 279 286 0.124718 0.688180 BG
box 127 2 132 11 0.121507 0.445455 BG
box 82 378 102 410 0.121276 0.809138 BG
box 213 304 226 323 0.118619 0.850981 BG
box 192 411 228 439 0.114604 0.438330 BG
box 164 425 182 440 0.107228 0.567369 BG
box 177 135 180 146 0.106734 0.645032 BG
whiteboard 438 28 590 376 0.398333 0.375456 whiteboard
whiteboard 367 1 586 120 0.306275 0.371019 BG
whiteboard 322 64 412 89 0.115513 0.832032 BG
lamp 269 256 278 272 0.146489 0.552612 BG
garbage_bin 244 286 277 311 0.824301 0.167846 BG
garbage_bin 277 286 286 304 0.364421 0.544471 BG
garbage_bin 230 277 238 384 0.332175 0.620215 BG
garbage_bin 244 294 254 311 0.317857 0.676756 BG
garbage_bin 252 303 254 311 0.312033 0.682972 BG
garbage_bin 249 273 275 357 0.259487 0.665468 BG
garbage_bin 254 287 278 294 0.239337 0.703669 BG
garbage_bin 257 428 268 429 0.16537 0.310842 BG
garbage_bin 247 422 254 429 0.155271 0.308702 BG
garbage_bin 193 292 251 401 0.137613 0.730785 shelf
garbage_bin 239 273 260 387 0.135208 0.830487 BG
garbage_bin 236 380 490 440 0.114464 0.275410 BG
garbage_bin 271 428 276 431 0.113648 0.412187 BG
garbage_bin 250 318 273 327 0.105574 0.866247 BG
garbage_bin 251 275 279 299 0.105465 0.827580 BG
