cabinet 505 10 586 345 0.83815 0.133695 BG
cabinet 254 144 403 318 0.171136 0.646833 BG
cabinet 169 309 174 318 0.128424 0.801296 BG
cabinet 9 80 363 440 0.122557 0.722008 bookshelf
cabinet 156 288 180 305 0.119563 0.782936 BG
chair 436 217 561 428 0.766712 0.185128 table
chair 513 245 582 436 0.431785 0.478006 BG
chair 563 302 590 440 0.188297 0.502258 chair
chair 313 432 319 437 0.183092 0.364664 BG
chair 431 200 519 277 0.120467 0.760517 monitor
chair 349 432 366 436 0.120099 0.745117 BG
sofa 313 432 319 437 0.104159 0.364664 BG
table 438 249 570 430 0.376853 0.267104 table
table 562 273 590 440 0.238907 0.231918 chair
table 564 286 589 324 0.171765 0.391989 BG
table 524 261 570 319 0.157427 0.665712 BG
table 570 320 590 339 0.140881 0.622815 BG
bookshelf 229 142 485 406 0.352165 0.611954 BG
bookshelf 97 263 344 436 0.14254 0.821142 BG
bookshelf 15 17 362 419 0.108609 0.675824 bookshelf
picture 250 0 288 40 0.907317 0.087219 BG
picture 193 101 210 155 0.371672 0.617421 BG
picture 152 3 194 31 0.209895 0.478642 BG
picture 129 1 140 16 0.177566 0.503269 BG
picture 206 84 219 151 0.106932 0.740089 BG
desk 429 238 570 424 0.242099 0.281851 table
desk 563 285 589 323 0.134157 0.391989 BG
desk 561 267 589 426 0.107691 0.231918 chair
clothes 71 0 92 11 0.197612 0.541445 BG
tv 274 147 456 240 0.738292 0.162586 BG
tv 444 163 451 239 0.119097 0.601123 BG
paper 564 274 589 290 0.314544 0.425194 BG
paper 531 398 568 440 0.155668 0.566252 floor
paper 522 296 543 308 0.146992 0.785133 BG
paper 574 241 590 249 0.119292 0.527697 BG
paper 565 259 590 275 0.100082 0.503637 BG
towel 70 0 90 12 0.115484 0.541445 BG
box 412 100 413 102 0.244548 0.532724 BG
box 564 258 588 290 0.173492 0.475402 BG
box 576 189 580 197 0.172695 0.528576 BG
box 329 272 345 280 0.169897 0.737268 BG
box 164 410 177 439 0.137292 0.689319 BG
box 143 434 149 440 0.136499 0.531718 BG
box 264 421 271 439 0.127115 0.551490 BG
box 312 271 332 280 0.116287 0.814645 BG
box 333 272 369 296 0.107543 0.847104 books
whiteboard 505 21 588 34 0.153046 0.561422 BG
lamp 264 41 353 103 0.186097 0.626541 BG
lamp 259 42 296 66 0.147266 0.618388 BG
lamp 320 41 358 83 0.141662 0.718207 BG
lamp 416 107 430 120 0.120748 0.536620 BG
lamp 86 33 285 158 0.118669 0.835954 BG
lamp 298 0 369 53 0.109174 0.864725 BG
lamp 166 2 319 114 0.10261 0.817511 BG
bag 565 397 590 440 0.114236 0.236694 BG
