cabinet 276 115 445 347 0.77532 0.174841 cabinet
cabinet 355 106 371 344 0.328696 0.644258 BG
cabinet 437 112 586 429 0.141692 0.766827 BG
chair 0 436 27 440 0.182322 0.594536 BG
chair 541 58 570 66 0.130524 0.561027 BG
chair 179 433 181 440 0.106942 0.244881 BG
sofa 240 74 558 152 0.173308 0.746401 BG
table 198 362 336 440 0.181233 0.523444 rack
bookshelf 11 234 182 436 0.605254 0.380564 cubby
bookshelf 109 342 182 366 0.191895 0.782512 BG
picture 141 229 164 250 0.472272 0.499978 BG
picture 50 304 82 331 0.218295 0.763928 BG
picture 1 1 99 53 0.212372 0.519698 BG
picture 395 1 498 30 0.198224 0.657987 BG
picture 50 319 60 326 0.194138 0.774106 BG
picture 112 304 179 352 0.159376 0.788678 BG
picture 131 241 136 249 0.145923 0.758832 BG
picture 111 319 119 335 0.135246 0.848751 BG
picture 61 331 72 346 0.126191 0.824742 BG
picture 138 237 143 242 0.125879 0.824392 BG
picture 116 320 140 338 0.12242 0.866981 BG
picture 116 328 126 337 0.111334 0.876525 BG
picture 49 294 65 315 0.107602 0.876037 BG
picture 59 312 70 323 0.100198 0.889189 BG
counter 0 91 440 163 0.497984 0.436582 BG
counter 292 125 359 139 0.119282 0.841933 BG
desk 0 342 201 426 0.23421 0.656302 BG
desk 196 353 336 440 0.224247 0.523444 BG
dresser 286 83 370 349 0.196872 0.458266 BG
pillow 296 89 366 134 0.842487 0.144797 BG
pillow 344 90 368 120 0.415251 0.581771 BG
pillow 301 93 337 114 0.324134 0.668902 BG
pillow 337 109 347 120 0.220993 0.775649 BG
pillow 330 94 337 108 0.129999 0.866694 BG
pillow 266 78 333 143 0.101042 0.740570 BG
clothes 33 216 89 252 0.246464 0.655877 BG
clothes 4 227 134 264 0.16488 0.715238 BG
tv 513 0 590 11 0.503086 0.261823 BG
tv 0 2 97 57 0.133579 0.500096 BG
paper 264 230 270 238 0.304597 0.663251 BG
paper 250 242 254 258 0.26961 0.724119 BG
paper 254 259 267 263 0.247012 0.716710 BG
paper 248 237 270 272 0.236961 0.737294 BG
paper 582 248 590 353 0.204555 0.411679 BG
paper 581 198 581 206 0.182609 0.461071 BG
paper 314 355 316 364 0.176679 0.530862 BG
paper 169 419 180 431 0.149751 0.738495 BG
paper 578 221 582 240 0.145571 0.380061 BG
paper 219 370 224 378 0.140521 0.829722 BG
paper 561 403 590 440 0.139477 0.212841 BG
paper 524 376 590 439 0.114399 0.490383 BG
paper 209 3 284 48 0.100794 0.537702 BG
box 555 93 589 156 0.227255 0.591293 BG
box 286 140 292 143 0.155255 0.813023 BG
box 541 58 588 65 0.131474 0.600498 BG
box 581 198 582 206 0.123425 0.461071 BG
box 523 370 590 440 0.121754 0.490383 BG
box 273 362 292 373 0.120448 0.502615 BG
box 561 400 590 440 0.118185 0.212841 BG
box 314 354 317 364 0.114291 0.530862 BG
box 180 433 180 440 0.113008 0.244881 BG
whiteboard 105 146 283 258 0.175373 0.588443 BG
night_stand 197 390 328 440 0.474201 0.325424 rack
lamp 220 1 392 42 0.37203 0.551356 BG
lamp 214 0 292 84 0.131019 0.705984 BG
garbage_bin 311 393 324 439 0.326463 0.550519 BG
garbage_bin 241 227 273 301 0.111334 0.775291 fire_extinguiser
