cabinet 253 191 332 372 0.183268 0.424044 BG
chair 555 406 590 436 0.150183 0.288984 BG
chair 160 208 223 434 0.143683 0.853432 BG
chair 182 353 226 372 0.135837 0.799144 BG
chair 142 367 216 411 0.132226 0.702974 BG
chair 215 353 226 387 0.12071 0.834903 BG
chair 331 429 338 440 0.118719 0.250342 BG
chair 178 361 313 437 0.118027 0.779503 BG
chair 209 367 216 394 0.105967 0.857573 BG
table 218 356 426 436 0.262008 0.190840 BG
table 246 417 333 440 0.112041 0.454605 BG
door 252 200 293 360 0.243762 0.400162 BG
picture 151 236 187 345 0.935296 0.052140 BG
picture 83 304 147 356 0.881037 0.091550 picture
picture 159 257 188 298 0.712779 0.230964 BG
picture 146 300 156 343 0.428972 0.434362 BG
picture 159 303 187 334 0.36064 0.627749 BG
picture 101 316 131 345 0.303131 0.667672 BG
picture 139 305 145 346 0.293116 0.384705 BG
picture 294 144 340 220 0.224214 0.746982 BG
picture 152 318 160 342 0.203802 0.772937 BG
picture 97 268 195 353 0.161451 0.805982 BG
picture 289 123 414 216 0.136724 0.794542 BG
picture 277 198 338 347 0.104258 0.718430 BG
picture 40 319 45 332 0.104197 0.161963 BG
desk 228 347 416 435 0.682803 0.168498 BG
desk 112 389 264 439 0.105535 0.838268 table
pillow 246 404 264 434 0.178553 0.347052 BG
mirror 248 200 295 370 0.15331 0.400162 BG
fridge 134 252 202 302 0.114148 0.624303 BG
tv 402 339 408 347 0.120868 0.815087 BG
paper 342 388 355 393 0.407601 0.573590 BG
paper 313 380 354 405 0.29635 0.697612 BG
paper 319 385 355 393 0.283069 0.711871 BG
paper 325 379 349 388 0.267028 0.718001 BG
paper 332 391 350 405 0.229242 0.764171 BG
paper 124 406 150 429 0.224113 0.306133 BG
paper 306 372 352 382 0.211754 0.780791 BG
paper 1 317 30 336 0.192264 0.090609 BG
paper 127 423 149 429 0.180117 0.580168 BG
paper 371 174 373 178 0.18 0.605931 BG
paper 136 408 184 440 0.176422 0.521415 BG
paper 372 185 373 192 0.172478 0.454578 BG
paper 340 378 362 386 0.167896 0.793493 BG
paper 319 392 326 399 0.162201 0.836232 BG
paper 313 378 329 386 0.15861 0.837772 BG
paper 113 427 143 440 0.147522 0.482363 BG
paper 135 431 152 440 0.146485 0.239356 BG
paper 40 319 45 332 0.135515 0.161963 BG
paper 345 392 368 411 0.127629 0.848143 BG
paper 266 83 370 110 0.125787 0.706055 BG
paper 167 429 226 440 0.117779 0.416994 BG
paper 165 432 182 436 0.112726 0.607251 BG
paper 2 350 79 440 0.110621 0.166878 BG
paper 259 380 366 417 0.106709 0.825860 BG
paper 134 430 135 434 0.105914 0.708941 BG
paper 305 257 312 259 0.10512 0.444127 BG
paper 166 435 186 440 0.102341 0.322512 BG
paper 140 304 145 346 0.101005 0.384705 BG
towel 245 406 263 432 0.139654 0.347052 BG
towel 233 420 271 440 0.123484 0.405491 BG
box 124 412 152 427 0.493643 0.298058 BG
box 110 402 167 439 0.278329 0.351298 BG
box 110 416 125 426 0.243481 0.669006 BG
box 155 393 164 407 0.225623 0.694530 BG
box 263 81 288 104 0.21519 0.697098 BG
box 139 400 155 407 0.187359 0.640275 BG
box 125 387 151 418 0.180006 0.715230 BG
box 150 404 165 439 0.132645 0.338114 BG
box 371 185 374 191 0.12022 0.454578 BG
box 139 305 146 344 0.116585 0.384705 BG
box 112 425 145 440 0.112989 0.482363 BG
person 563 433 575 440 0.118261 0.165652 BG
person 588 433 590 440 0.10749 0.077503 BG
lamp 160 216 172 230 0.327087 0.620586 BG
lamp 151 239 165 259 0.306906 0.683987 BG
lamp 218 75 231 84 0.199529 0.748802 BG
lamp 152 240 188 298 0.148296 0.703862 BG
lamp 40 318 44 333 0.110961 0.161963 BG
bag 235 419 256 440 0.282134 0.356003 BG
bag 246 405 264 432 0.208733 0.347052 BG
bag 210 405 283 440 0.134095 0.473658 BG
bag 562 434 574 440 0.107602 0.165652 BG
bag 217 437 226 440 0.104394 0.349000 BG
bag 557 384 589 440 0.100798 0.198230 BG
garbage_bin 565 382 590 414 0.133832 0.287468 BG
