chair 0 306 60 440 0.689178 0.116753 sofa_chair
chair 403 174 427 195 0.119381 0.694901 BG
table 195 272 518 427 0.172865 0.566876 cubby
bookshelf 91 224 503 427 0.199775 0.334599 cubby
picture 215 1 363 105 0.932539 0.059607 picture
picture 385 0 500 111 0.882567 0.025154 picture
picture 225 42 266 102 0.824207 0.160887 BG
picture 70 2 190 109 0.786725 0.060499 picture
picture 150 4 192 79 0.473132 0.508837 BG
picture 145 330 170 362 0.325612 0.565328 BG
picture 145 343 160 358 0.229665 0.517715 BG
picture 395 44 437 105 0.183756 0.796222 BG
picture 298 36 350 95 0.18046 0.807010 BG
picture 97 39 185 82 0.167826 0.652711 BG
picture 145 312 196 400 0.154603 0.806167 BG
picture 79 75 117 115 0.149128 0.772058 BG
picture 161 347 173 370 0.141659 0.830024 BG
picture 129 339 149 394 0.136367 0.767342 BG
picture 138 354 148 362 0.133769 0.724083 BG
picture 319 78 351 97 0.131405 0.847949 BG
picture 220 0 243 113 0.125173 0.862638 BG
picture 379 394 394 404 0.118353 0.752178 BG
picture 485 74 488 87 0.112062 0.851369 BG
picture 348 238 366 263 0.108751 0.765519 BG
picture 161 50 181 66 0.107902 0.881205 BG
picture 172 342 174 347 0.103451 0.820724 BG
counter 139 263 390 302 0.124421 0.729854 BG
desk 38 265 584 426 0.915156 0.048569 cubby
pillow 0 407 32 440 0.209658 0.428300 BG
mirror 343 11 508 117 0.364435 0.130766 picture
mirror 55 2 200 126 0.116976 0.060499 picture
clothes 81 0 173 49 0.391041 0.383521 BG
clothes 225 0 248 13 0.284112 0.640996 BG
clothes 221 0 229 25 0.278583 0.536582 BG
clothes 398 0 422 40 0.184372 0.700974 BG
clothes 140 0 164 29 0.170703 0.640338 BG
clothes 427 1 451 17 0.168679 0.611058 BG
clothes 70 374 124 440 0.145214 0.515379 bag
clothes 220 0 257 40 0.110151 0.725934 BG
tv 468 297 503 318 0.216909 0.757838 BG
tv 487 311 495 318 0.195291 0.788240 BG
paper 221 266 227 278 0.209556 0.769513 BG
paper 145 343 159 357 0.207639 0.517715 BG
paper 237 270 293 276 0.193491 0.478107 BG
paper 129 346 133 360 0.169096 0.656215 BG
paper 219 270 222 272 0.16836 0.809585 BG
paper 185 271 369 297 0.16756 0.640763 BG
paper 138 354 148 362 0.131513 0.724083 BG
paper 193 261 292 287 0.112304 0.777950 BG
paper 305 91 309 95 0.103865 0.656673 BG
box 196 422 215 440 0.142709 0.330033 BG
box 555 247 574 260 0.137956 0.718334 BG
box 235 439 237 440 0.137944 0.407001 BG
box 203 414 207 419 0.13722 0.604177 BG
box 468 256 507 268 0.132484 0.746823 BG
box 199 435 206 440 0.126729 0.263221 BG
box 416 437 431 440 0.119594 0.244983 BG
box 435 235 506 270 0.114072 0.836582 BG
box 398 431 404 440 0.111741 0.571634 BG
box 520 252 586 348 0.10827 0.247605 BG
box 190 388 225 440 0.10546 0.424367 BG
person 207 225 228 240 0.33656 0.643087 BG
person 213 214 222 222 0.306983 0.629800 BG
person 288 431 301 440 0.279013 0.305811 BG
person 72 417 119 440 0.204425 0.481506 BG
person 148 413 191 440 0.160542 0.391304 BG
person 170 395 207 440 0.144958 0.303162 BG
person 191 214 200 230 0.140104 0.794034 BG
person 322 1 343 37 0.129891 0.648772 BG
person 239 0 273 43 0.125439 0.786842 BG
person 191 213 228 271 0.124895 0.832634 box
person 270 428 288 440 0.122901 0.587763 BG
person 176 213 200 238 0.120706 0.749657 BG
lamp 113 274 175 298 0.134496 0.843562 BG
lamp 115 233 199 300 0.133874 0.802742 BG
bag 168 400 194 434 0.297151 0.452392 BG
bag 82 381 126 439 0.288808 0.489931 bag
bag 146 416 189 440 0.253757 0.391304 BG
bag 427 1 449 15 0.193957 0.611058 BG
bag 102 3 158 42 0.193893 0.499622 BG
bag 221 1 228 24 0.140234 0.536582 BG
bag 69 419 116 440 0.134169 0.481506 BG
bag 141 2 164 27 0.127913 0.640338 BG
bag 132 392 223 440 0.1228 0.577888 BG
bag 169 416 174 419 0.112311 0.745028 BG
