table 260 0 559 404 0.151715 0.370045 BG
picture 328 1 335 6 0.486043 0.275934 BG
picture 382 245 473 325 0.122463 0.741448 BG
picture 393 282 408 303 0.10035 0.714710 BG
mirror 334 2 533 32 0.356969 0.628963 BG
clothes 563 0 590 48 0.820086 0.136918 BG
clothes 539 0 590 239 0.696798 0.197845 BG
clothes 543 0 576 63 0.577143 0.372794 BG
clothes 519 0 573 117 0.400584 0.564045 towel
clothes 509 162 589 264 0.264775 0.395886 BG
clothes 140 330 252 437 0.187412 0.343907 BG
clothes 482 231 586 271 0.144614 0.547740 BG
clothes 519 246 562 264 0.114219 0.760331 BG
clothes 543 252 550 259 0.111936 0.643406 BG
paper 279 397 304 417 0.252985 0.460377 BG
paper 258 420 265 427 0.25282 0.276724 BG
paper 402 417 406 421 0.243382 0.537515 BG
paper 332 405 336 410 0.239702 0.397578 BG
paper 257 408 277 419 0.239213 0.445601 BG
paper 344 405 352 408 0.195299 0.522340 BG
paper 258 417 263 419 0.184458 0.395124 BG
paper 257 416 269 419 0.171952 0.584395 BG
paper 247 393 482 440 0.158984 0.404750 BG
paper 548 401 590 440 0.155177 0.351032 BG
paper 483 410 491 412 0.152922 0.471889 BG
paper 352 398 354 410 0.138073 0.655622 BG
paper 321 397 331 405 0.133247 0.547575 BG
paper 268 409 272 414 0.1321 0.594771 BG
paper 461 416 501 440 0.124964 0.301020 BG
paper 289 374 301 386 0.12044 0.627468 BG
paper 254 427 258 430 0.12024 0.357834 BG
paper 293 380 295 383 0.119666 0.667838 BG
paper 479 399 523 419 0.100759 0.665314 BG
paper 11 267 16 272 0.100425 0.688361 BG
paper 464 428 467 430 0.100405 0.346736 BG
towel 235 46 240 64 0.218456 0.626632 BG
towel 141 338 243 439 0.200149 0.343907 BG
towel 234 5 265 153 0.179704 0.622756 BG
towel 513 121 589 244 0.157476 0.417209 BG
towel 518 159 551 196 0.135461 0.809274 BG
towel 270 159 291 209 0.132353 0.672189 BG
towel 291 2 302 55 0.121762 0.698698 BG
towel 519 178 523 183 0.114966 0.838680 BG
towel 205 352 256 439 0.113368 0.609360 BG
towel 259 159 271 192 0.103861 0.691701 BG
towel 521 178 523 180 0.101596 0.864264 BG
box 516 232 529 240 0.241894 0.698919 BG
box 519 240 556 249 0.220948 0.673279 BG
box 257 417 263 419 0.217611 0.395124 BG
box 258 419 265 427 0.202299 0.276724 BG
box 253 427 258 430 0.17543 0.357834 BG
box 329 228 336 236 0.16773 0.511130 BG
box 483 410 492 412 0.155469 0.471889 BG
box 580 175 590 186 0.151262 0.184981 BG
box 479 224 578 272 0.126074 0.574088 BG
box 257 407 277 419 0.121985 0.445601 BG
box 548 398 589 440 0.116373 0.351032 BG
box 268 407 276 415 0.113454 0.539636 BG
box 460 414 501 440 0.1043 0.301020 BG
toilet 540 163 589 431 0.908832 0.081913 BG
toilet 460 223 583 438 0.500129 0.377231 BG
toilet 554 296 589 390 0.12001 0.842493 BG
sink 303 0 549 372 0.903042 0.070819 BG
sink 308 23 577 120 0.700569 0.288171 BG
sink 349 26 397 46 0.122197 0.867346 BG
lamp 296 10 380 336 0.410933 0.540081 BG
lamp 318 52 380 117 0.258204 0.717484 BG
lamp 353 198 355 206 0.11861 0.756542 BG
lamp 578 225 590 238 0.118137 0.678604 BG
lamp 347 215 357 225 0.115434 0.748699 BG
lamp 327 172 347 250 0.102147 0.650223 BG
bag 527 166 588 243 0.163643 0.407279 BG
bag 141 330 267 440 0.10832 0.417537 BG
bag 543 253 549 259 0.104378 0.643406 BG
garbage_bin 299 310 318 339 0.166608 0.768911 BG
garbage_bin 295 318 298 336 0.148801 0.766339 BG
garbage_bin 299 332 308 343 0.144899 0.801037 BG
garbage_bin 286 247 318 360 0.13837 0.779528 BG
garbage_bin 487 282 508 336 0.13252 0.840769 BG
garbage_bin 493 414 544 440 0.126688 0.470305 BG
garbage_bin 310 326 320 335 0.126313 0.822160 BG
garbage_bin 474 248 493 350 0.120779 0.821852 BG
garbage_bin 488 300 495 321 0.117687 0.836183 BG
garbage_bin 297 331 318 356 0.115871 0.799818 BG
garbage_bin 292 248 367 341 0.10901 0.820872 BG
garbage_bin 561 397 571 400 0.108218 0.690416 BG
garbage_bin 546 382 590 440 0.107702 0.394806 BG
garbage_bin 318 325 318 329 0.107562 0.821275 BG
garbage_bin 575 365 588 384 0.107014 0.470539 BG
garbage_bin 332 404 337 411 0.105408 0.397578 BG
garbage_bin 524 411 555 437 0.10318 0.783224 BG
