chair 68 197 259 417 0.969644 0.027760 chair
chair 170 191 230 341 0.590552 0.390951 BG
chair 152 263 218 433 0.183758 0.772750 BG
chair 142 284 200 329 0.143938 0.847944 BG
chair 64 196 122 351 0.13032 0.860540 BG
chair 210 196 230 314 0.116632 0.867652 BG
sofa 260 428 444 440 0.101828 0.152225 BG
table 249 130 579 307 0.359663 0.180019 cabinet
table 10 300 274 432 0.273975 0.461730 BG
table 0 204 99 426 0.265691 0.400444 BG
table 472 135 581 435 0.11107 0.706041 BG
picture 298 4 364 112 0.183329 0.274696 BG
picture 288 81 349 128 0.148627 0.788236 BG
picture 288 81 301 128 0.126988 0.862606 BG
picture 535 89 566 127 0.118518 0.503749 BG
picture 1 72 8 105 0.112339 0.383549 BG
picture 281 3 300 124 0.102371 0.560680 BG
desk 251 98 566 409 0.950999 0.037261 cabinet
desk 474 116 582 428 0.588878 0.129183 BG
desk 4 212 100 415 0.433412 0.378532 BG
dresser 268 243 486 438 0.577707 0.162989 BG
pillow 57 406 98 440 0.226704 0.277841 BG
pillow 1 395 113 440 0.15944 0.380518 BG
pillow 30 403 70 440 0.156868 0.601601 BG
pillow 56 424 60 431 0.141273 0.615667 BG
pillow 42 418 60 440 0.13026 0.542976 BG
pillow 72 425 95 440 0.127932 0.370477 BG
pillow 60 415 68 426 0.127184 0.805163 BG
pillow 1 428 49 440 0.114724 0.640620 BG
mirror 269 5 412 143 0.629173 0.075541 BG
mirror 279 10 301 138 0.247783 0.560680 BG
mirror 509 7 540 129 0.111809 0.815263 BG
clothes 1 354 59 439 0.339885 0.516199 BG
clothes 1 377 24 429 0.221653 0.730943 BG
clothes 7 402 139 440 0.170443 0.382881 BG
clothes 8 368 30 396 0.124428 0.807775 BG
tv 281 193 417 266 0.868652 0.119545 BG
tv 296 7 517 138 0.789363 0.030572 tv
tv 309 227 319 230 0.691272 0.299403 BG
tv 311 213 319 223 0.458124 0.496574 BG
tv 345 5 411 129 0.334577 0.399836 BG
tv 399 98 420 110 0.223673 0.757375 BG
tv 310 210 339 229 0.186501 0.750950 BG
tv 333 206 371 274 0.180464 0.793286 BG
tv 308 224 310 225 0.152705 0.791880 BG
tv 61 362 75 382 0.149444 0.689291 BG
tv 296 224 310 229 0.136498 0.839135 BG
tv 378 79 428 112 0.125157 0.859216 BG
paper 400 127 508 186 0.766918 0.222607 BG
paper 462 126 525 166 0.377251 0.545698 BG
paper 542 91 567 110 0.254457 0.414752 BG
paper 426 416 436 427 0.21644 0.440714 BG
paper 422 415 427 430 0.186963 0.316432 BG
paper 416 176 421 186 0.175278 0.609588 BG
paper 437 204 438 220 0.163799 0.725417 BG
paper 411 202 438 225 0.160891 0.722029 BG
paper 572 233 575 239 0.159035 0.317227 BG
paper 437 204 438 208 0.158947 0.727850 BG
paper 398 157 418 184 0.136706 0.852769 BG
paper 396 134 401 142 0.133518 0.743968 BG
paper 127 425 156 437 0.129834 0.550068 BG
paper 437 207 438 211 0.127685 0.791393 BG
paper 418 416 448 436 0.124072 0.509232 BG
paper 396 123 415 142 0.123297 0.820313 BG
paper 579 112 584 120 0.119197 0.297277 BG
paper 382 407 399 434 0.102944 0.733662 BG
towel 57 407 98 440 0.103968 0.277841 BG
box 496 432 532 437 0.240317 0.466635 BG
box 77 368 82 373 0.200994 0.539382 BG
box 79 381 86 389 0.19623 0.624300 BG
box 82 364 86 388 0.186737 0.586665 BG
box 559 165 590 198 0.18668 0.728311 BG
box 475 425 479 435 0.182367 0.595013 BG
box 450 433 536 440 0.17331 0.250199 BG
box 416 175 422 187 0.151393 0.609588 BG
box 579 112 583 120 0.145033 0.297277 BG
box 542 88 565 111 0.13746 0.414752 BG
box 580 117 590 139 0.137075 0.478318 BG
box 422 413 427 430 0.13059 0.316432 BG
box 536 91 587 156 0.127886 0.551884 BG
box 562 173 571 178 0.126743 0.844862 BG
box 126 424 154 437 0.125509 0.550068 BG
box 270 428 440 440 0.122273 0.152225 BG
box 426 414 436 427 0.121702 0.440714 BG
box 142 428 160 438 0.117676 0.488088 BG
box 585 108 590 116 0.113143 0.261441 BG
box 410 186 416 187 0.101087 0.675201 BG
box 366 154 368 159 0.100109 0.562625 BG
whiteboard 32 5 272 187 0.376504 0.550525 BG
person 548 106 590 146 0.197654 0.498783 BG
person 551 128 559 134 0.180116 0.772599 BG
person 551 123 554 126 0.130524 0.843855 BG
person 530 124 549 140 0.110732 0.837744 BG
person 538 135 540 139 0.102697 0.821454 BG
night_stand 230 247 488 430 0.482321 0.152397 BG
night_stand 277 342 342 422 0.213894 0.730800 BG
lamp 579 107 590 120 0.159534 0.421531 BG
lamp 1 72 8 105 0.110767 0.383549 BG
lamp 353 104 361 110 0.101392 0.492885 BG
bag 106 407 196 440 0.221751 0.259391 BG
bag 53 406 114 440 0.198049 0.258276 BG
bag 72 425 95 440 0.122088 0.370477 BG
garbage_bin 439 259 449 275 0.169864 0.778430 BG
garbage_bin 78 297 263 432 0.165728 0.271101 BG
garbage_bin 514 77 522 97 0.134763 0.394559 BG
garbage_bin 522 90 524 95 0.104696 0.688214 BG
garbage_bin 415 415 447 436 0.10049 0.509232 BG
