chair 244 433 255 440 0.178256 0.327524 BG
sofa 586 295 590 304 0.158562 0.380995 BG
table 213 367 568 440 0.157752 0.755860 BG
table 213 239 434 429 0.115728 0.826383 BG
door 583 4 590 236 0.209914 0.465765 BG
picture 546 297 580 358 0.250494 0.593431 BG
picture 62 1 219 38 0.221658 0.460817 BG
picture 59 4 219 146 0.212789 0.542478 BG
picture 558 320 577 349 0.206221 0.702014 BG
picture 571 341 580 345 0.139759 0.475706 BG
picture 547 299 572 314 0.124459 0.472489 BG
picture 574 344 580 358 0.105582 0.486435 BG
counter 8 328 572 434 0.242993 0.685532 kitchen_counter
mirror 1 189 25 285 0.199085 0.660796 BG
mirror 7 78 90 302 0.108287 0.692403 BG
tv 234 432 254 440 0.137429 0.336152 BG
tv 0 187 16 258 0.11576 0.383031 BG
paper 179 157 197 164 0.327476 0.521742 BG
paper 540 299 576 313 0.282955 0.497086 BG
paper 562 371 578 395 0.243066 0.363459 BG
paper 352 418 368 428 0.20803 0.354521 BG
paper 539 300 546 332 0.193138 0.723954 BG
paper 355 411 401 440 0.19213 0.326058 BG
paper 173 420 200 432 0.176102 0.494483 BG
paper 226 290 239 304 0.163358 0.751426 BG
paper 346 201 352 216 0.153894 0.597337 BG
paper 160 430 201 440 0.151186 0.276354 BG
paper 355 426 369 432 0.148496 0.471609 BG
paper 572 341 580 345 0.14701 0.475706 BG
paper 582 385 590 393 0.137695 0.250656 BG
paper 151 409 213 440 0.132598 0.597848 BG
paper 165 426 175 430 0.129843 0.565851 BG
paper 442 271 459 279 0.128751 0.739852 BG
paper 578 329 584 338 0.126276 0.305576 BG
paper 164 152 195 170 0.125161 0.686477 BG
paper 578 339 590 414 0.119525 0.437768 BG
paper 0 376 160 440 0.111223 0.585408 BG
paper 2 424 51 440 0.109264 0.172670 BG
paper 574 345 580 357 0.10749 0.486435 BG
paper 251 315 255 321 0.106176 0.856222 BG
paper 224 282 236 296 0.100853 0.833566 BG
paper 344 102 348 160 0.100141 0.639652 BG
box 187 1 223 39 0.300645 0.442340 BG
box 212 2 222 38 0.283799 0.499782 BG
box 352 418 369 428 0.272294 0.354521 BG
box 578 328 584 338 0.236246 0.305576 BG
box 573 344 581 357 0.234733 0.486435 BG
box 562 369 578 395 0.219239 0.363459 BG
box 187 1 193 36 0.215094 0.543421 BG
box 571 341 580 344 0.194396 0.475706 BG
box 198 29 214 39 0.192594 0.676035 BG
box 162 152 197 171 0.167418 0.686477 BG
box 582 384 590 392 0.167063 0.250656 BG
box 123 25 216 170 0.164964 0.660108 BG
box 545 300 572 313 0.153143 0.472489 BG
box 353 408 401 440 0.151966 0.326058 BG
box 3 368 53 437 0.145127 0.591897 BG
box 178 158 186 164 0.143174 0.658108 BG
box 578 313 590 411 0.142289 0.311433 BG
box 92 349 105 358 0.132959 0.819615 BG
box 563 364 572 369 0.124799 0.604008 BG
box 140 338 144 341 0.119921 0.712833 BG
box 354 426 369 432 0.115486 0.471609 BG
box 559 322 589 356 0.112454 0.563295 BG
box 314 381 404 439 0.107185 0.606033 BG
box 147 325 152 334 0.104449 0.781912 BG
box 2 423 51 440 0.102481 0.172670 BG
box 578 313 589 322 0.100884 0.382895 BG
box 572 295 589 312 0.100399 0.482854 BG
box 345 201 353 216 0.100342 0.597337 BG
lamp 574 428 590 440 0.120717 0.325038 BG
garbage_bin 295 386 318 437 0.788181 0.208439 BG
garbage_bin 239 384 320 438 0.33249 0.647656 BG
garbage_bin 10 358 307 440 0.29299 0.511677 stove
garbage_bin 299 367 428 440 0.227008 0.697621 BG
garbage_bin 232 322 237 326 0.206013 0.697546 BG
garbage_bin 238 319 251 331 0.173501 0.779095 BG
garbage_bin 314 384 355 439 0.133819 0.661473 BG
garbage_bin 208 292 328 440 0.104059 0.852429 BG
garbage_bin 1 423 50 440 0.10321 0.172670 BG
