chair 163 68 293 231 0.957375 0.037949 monitor
chair 90 80 181 226 0.929905 0.061431 BG
chair 265 191 503 434 0.927613 0.051194 chair
chair 458 105 569 294 0.854157 0.142639 chair
chair 156 78 182 227 0.708556 0.264967 BG
chair 2 105 87 213 0.68441 0.273160 BG
chair 55 83 271 350 0.495726 0.403976 BG
chair 10 105 49 147 0.425885 0.569809 BG
chair 344 48 421 151 0.408512 0.535495 monitor
chair 279 77 297 180 0.398317 0.595062 BG
chair 412 36 461 113 0.392083 0.512109 monitor
chair 40 33 139 98 0.293865 0.619421 BG
chair 66 299 257 436 0.259365 0.719377 chair
chair 278 76 349 150 0.248657 0.718612 BG
chair 42 114 50 123 0.169064 0.826891 BG
chair 23 60 129 274 0.16867 0.633941 BG
chair 281 103 289 137 0.164941 0.831260 BG
chair 422 43 430 113 0.160132 0.560900 BG
chair 155 89 168 148 0.150449 0.810714 BG
chair 254 210 401 331 0.147164 0.824791 BG
chair 533 101 589 238 0.140656 0.639986 BG
chair 2 99 44 112 0.122822 0.769265 BG
chair 43 98 111 136 0.11119 0.886994 BG
table 20 128 497 414 0.818779 0.023367 desk
table 263 86 548 323 0.134004 0.679254 BG
picture 23 2 98 33 0.105251 0.471322 BG
desk 42 139 496 417 0.949687 0.002007 desk
desk 252 113 535 308 0.542568 0.296321 BG
desk 20 70 131 275 0.120468 0.633941 BG
clothes 579 144 590 152 0.129527 0.549016 BG
clothes 537 102 589 205 0.108081 0.639986 BG
tv 0 145 40 296 0.204545 0.681281 monitor
tv 79 425 103 440 0.109956 0.747570 BG
tv 146 431 173 440 0.103406 0.414496 BG
paper 95 0 113 29 0.205387 0.267990 BG
paper 380 174 411 187 0.205069 0.777501 BG
paper 50 0 113 33 0.192641 0.279908 BG
paper 400 102 518 155 0.181566 0.818113 BG
paper 336 353 384 440 0.17938 0.335418 BG
paper 288 350 355 440 0.144824 0.494138 BG
paper 372 186 376 190 0.136141 0.863489 BG
paper 125 184 135 197 0.132279 0.655612 BG
paper 475 101 517 120 0.129682 0.861805 BG
paper 448 0 453 24 0.120672 0.700557 BG
paper 343 109 343 113 0.120328 0.432226 BG
box 102 194 109 198 0.463583 0.464088 BG
box 27 54 31 64 0.364849 0.583934 BG
box 10 64 45 79 0.339826 0.586510 BG
box 163 83 174 88 0.311019 0.613629 BG
box 40 2 113 33 0.242809 0.367338 BG
box 95 1 114 28 0.236515 0.267990 BG
box 96 174 103 201 0.220101 0.671820 BG
box 573 172 590 202 0.205939 0.301170 BG
box 343 110 344 113 0.173124 0.432226 BG
box 284 232 304 241 0.150452 0.842318 BG
box 25 52 28 55 0.121201 0.703282 BG
box 137 73 174 87 0.118702 0.805929 BG
box 3 59 49 103 0.112966 0.660189 BG
box 16 40 28 62 0.108664 0.799391 BG
box 285 131 298 146 0.107182 0.804303 BG
lamp 94 0 114 30 0.182999 0.267990 BG
lamp 48 0 112 35 0.108983 0.279908 BG
bag 580 145 590 153 0.14133 0.549016 BG
garbage_bin 333 350 384 440 0.109128 0.335418 BG
