chair 138 117 356 382 0.218949 0.730685 sofa_chair
sofa 144 108 404 440 0.160049 0.568003 sofa_chair
table 346 144 534 295 0.702228 0.276022 endtable
pillow 191 424 196 432 0.117586 0.750210 BG
pillow 177 422 233 440 0.111874 0.304754 BG
paper 256 371 273 440 0.182234 0.326378 BG
paper 265 423 272 428 0.168979 0.274974 BG
paper 220 419 225 422 0.148223 0.514697 BG
paper 255 405 265 422 0.144105 0.608768 BG
paper 238 425 243 429 0.131389 0.447266 BG
paper 259 425 265 436 0.127303 0.392511 BG
paper 230 412 258 440 0.125923 0.241782 BG
paper 264 417 272 440 0.125047 0.198586 BG
paper 252 416 258 424 0.122952 0.379334 BG
paper 250 433 252 438 0.121876 0.447279 BG
paper 261 419 267 423 0.120672 0.274397 BG
paper 236 425 238 430 0.120341 0.497282 BG
paper 214 417 225 428 0.115573 0.559865 BG
paper 251 426 258 433 0.11385 0.411048 BG
paper 256 426 258 429 0.111134 0.336240 BG
paper 227 423 235 431 0.108266 0.542698 BG
paper 230 414 244 423 0.103349 0.601980 BG
paper 262 432 265 436 0.101408 0.522724 BG
towel 200 368 207 375 0.115547 0.687854 BG
towel 204 356 215 367 0.11213 0.716216 BG
box 140 418 144 425 0.225574 0.664629 BG
box 123 432 144 440 0.185799 0.420076 BG
box 265 422 271 428 0.170175 0.274974 BG
box 227 394 272 440 0.167591 0.267776 BG
box 220 419 225 422 0.155042 0.514697 BG
box 264 415 272 440 0.13195 0.198586 BG
box 214 416 225 428 0.129048 0.559865 BG
box 259 424 264 436 0.126835 0.392511 BG
box 261 418 266 423 0.126775 0.274397 BG
box 157 400 261 440 0.108382 0.313560 BG
box 256 425 257 429 0.106407 0.336240 BG
box 90 432 122 440 0.103048 0.535712 BG
box 257 371 263 377 0.102883 0.701156 BG
box 250 425 257 433 0.101946 0.411048 BG
bag 159 391 233 440 0.156644 0.477831 BG
bag 178 421 233 440 0.119703 0.304754 BG
garbage_bin 260 418 267 423 0.256685 0.274397 BG
garbage_bin 252 415 258 424 0.239222 0.379334 BG
garbage_bin 264 422 272 428 0.192205 0.274974 BG
garbage_bin 255 407 260 409 0.167549 0.565440 BG
garbage_bin 80 313 180 438 0.12827 0.609104 BG
garbage_bin 254 398 273 440 0.122272 0.179593 BG
garbage_bin 255 426 258 429 0.119027 0.336240 BG
garbage_bin 243 415 249 426 0.113535 0.551294 BG
garbage_bin 254 403 265 422 0.108001 0.608768 BG
garbage_bin 258 425 265 436 0.100682 0.392511 BG
