chair 113 111 181 188 0.821677 0.167301 chair
chair 153 117 211 173 0.58614 0.387010 BG
chair 148 138 517 439 0.565553 0.053930 table_tennis
chair 399 161 565 438 0.511999 0.424938 floor
chair 35 115 210 215 0.416896 0.462873 table
chair 179 114 193 144 0.328175 0.594751 BG
chair 179 129 182 142 0.317825 0.644935 BG
chair 191 116 218 158 0.258617 0.701174 BG
chair 134 125 139 129 0.204409 0.785940 BG
chair 241 102 254 135 0.184463 0.751861 BG
chair 556 146 590 178 0.166466 0.828909 BG
chair 145 123 152 128 0.139877 0.857718 BG
chair 223 105 243 117 0.13969 0.830814 BG
chair 173 103 243 151 0.116427 0.663665 BG
chair 241 106 250 115 0.110639 0.856037 BG
table 30 136 496 436 0.849578 0.015667 table_tennis
table 5 89 247 206 0.552138 0.358515 BG
table 139 95 225 156 0.28759 0.490559 BG
picture 243 3 289 63 0.840158 0.141684 BG
picture 551 2 590 84 0.587475 0.254320 BG
picture 131 5 205 88 0.579644 0.405186 BG
picture 7 2 120 108 0.520148 0.266407 BG
picture 156 24 198 64 0.419883 0.565449 BG
picture 249 15 261 51 0.385021 0.552978 BG
picture 248 1 288 24 0.364347 0.496307 BG
picture 274 1 285 19 0.28934 0.580208 BG
picture 275 11 282 18 0.274534 0.614164 BG
picture 181 66 186 73 0.263052 0.721981 BG
picture 136 1 170 57 0.259918 0.694719 BG
picture 180 3 206 68 0.247075 0.628337 BG
picture 180 57 194 64 0.219884 0.767806 BG
picture 6 1 96 34 0.219289 0.372759 BG
picture 283 1 339 31 0.214293 0.657796 BG
picture 45 33 104 87 0.204631 0.620870 BG
picture 545 51 553 76 0.196428 0.543725 BG
picture 282 25 285 28 0.173767 0.741976 BG
picture 271 14 276 22 0.171238 0.726858 BG
picture 289 26 336 79 0.163233 0.797422 BG
picture 93 0 118 104 0.161467 0.804880 BG
picture 136 27 156 55 0.155851 0.792348 BG
picture 260 16 272 26 0.152399 0.743112 BG
picture 249 70 249 71 0.147599 0.707770 BG
picture 440 4 585 84 0.145281 0.803830 BG
picture 254 25 268 38 0.139079 0.830909 BG
picture 175 65 181 78 0.138692 0.842824 BG
picture 285 28 291 44 0.137619 0.807795 BG
picture 109 1 151 98 0.135141 0.788745 BG
picture 287 1 296 7 0.132626 0.649139 BG
picture 173 39 183 83 0.12912 0.862433 BG
picture 180 45 200 64 0.128526 0.859856 BG
picture 138 36 147 53 0.124031 0.838718 BG
picture 537 48 589 122 0.1234 0.800610 BG
picture 146 37 167 64 0.119366 0.863685 BG
picture 200 1 207 6 0.117958 0.598867 BG
picture 254 25 260 31 0.116169 0.851715 BG
picture 190 1 207 24 0.106543 0.667872 BG
desk 26 137 511 434 0.315049 0.054236 table_tennis
desk 0 102 264 159 0.254544 0.501638 BG
desk 180 94 222 157 0.207076 0.551148 BG
mirror 404 0 435 122 0.103907 0.742147 BG
paper 2 60 42 85 0.508022 0.329109 BG
paper 4 41 98 108 0.448742 0.251454 BG
paper 258 225 280 237 0.169586 0.534849 BG
paper 207 39 215 60 0.158159 0.553553 BG
paper 188 90 199 94 0.15654 0.690878 BG
paper 4 0 93 55 0.152239 0.450335 BG
paper 213 39 223 71 0.15069 0.610271 BG
paper 0 263 11 271 0.136133 0.846044 BG
paper 548 0 567 81 0.125099 0.437761 BG
paper 248 155 253 181 0.115489 0.856688 BG
paper 252 146 254 151 0.11135 0.879615 BG
paper 31 280 40 284 0.110829 0.696588 BG
paper 207 31 213 38 0.107148 0.588702 BG
paper 278 120 281 121 0.103002 0.871259 BG
paper 17 163 52 203 0.101644 0.572200 BG
paper 47 34 86 42 0.100899 0.744980 BG
box 241 129 245 134 0.259451 0.559067 BG
box 371 92 374 109 0.205412 0.726404 BG
box 8 128 54 199 0.204818 0.692394 BG
box 222 107 250 137 0.154148 0.745511 BG
box 4 44 139 115 0.153068 0.308315 BG
box 240 122 242 123 0.149565 0.750472 BG
box 188 88 209 94 0.133635 0.682156 BG
box 566 1 589 21 0.124361 0.470855 BG
box 370 10 376 106 0.115875 0.736018 BG
box 211 39 214 42 0.110666 0.595990 BG
box 207 22 210 30 0.109015 0.523319 BG
box 1 122 9 136 0.108574 0.742840 BG
box 207 39 216 60 0.108422 0.553553 BG
box 206 31 213 38 0.10031 0.588702 BG
garbage_bin 333 192 341 228 0.110803 0.704777 BG
