cabinet 398 308 590 440 0.267865 0.683754 cabinet
cabinet 5 329 578 437 0.130905 0.748699 BG
bed 23 182 278 440 0.234737 0.495091 BG
bed 7 293 150 404 0.194616 0.362234 BG
sofa 3 283 147 405 0.244213 0.355787 BG
sofa 8 185 273 440 0.171406 0.495091 BG
sofa 143 240 411 328 0.113061 0.749388 BG
bookshelf 446 0 583 40 0.361766 0.551431 BG
picture 7 2 113 47 0.53596 0.355548 BG
picture 1 40 60 84 0.454546 0.489443 BG
picture 1 75 7 79 0.235087 0.607425 BG
picture 1 39 20 48 0.189775 0.652930 BG
picture 0 77 83 164 0.15136 0.594847 BG
picture 0 131 18 158 0.117646 0.350064 BG
picture 2 12 42 47 0.114323 0.778269 BG
picture 3 54 117 107 0.1031 0.844491 BG
counter 6 245 589 404 0.446129 0.515904 cabinet
counter 82 318 590 367 0.183837 0.814366 BG
dresser 249 384 430 440 0.172006 0.760633 BG
dresser 42 306 567 440 0.112129 0.615946 cabinet
pillow 184 270 268 301 0.211982 0.679025 BG
pillow 5 327 88 396 0.181194 0.608866 BG
pillow 558 138 589 207 0.130962 0.217681 BG
pillow 154 228 276 313 0.104025 0.815825 BG
clothes 12 326 129 394 0.143872 0.276495 BG
paper 8 135 18 156 0.242229 0.356424 BG
paper 484 160 493 164 0.23899 0.285412 BG
paper 479 149 493 167 0.233187 0.293369 BG
paper 509 169 523 176 0.215651 0.172832 BG
paper 482 163 509 187 0.213085 0.286987 BG
paper 583 26 590 31 0.21117 0.300075 BG
paper 516 168 522 171 0.195172 0.229184 BG
paper 465 164 483 177 0.193338 0.360934 BG
paper 10 112 81 154 0.1782 0.476710 BG
paper 509 176 530 186 0.173628 0.128113 BG
paper 146 144 147 147 0.166473 0.551217 BG
paper 408 303 440 322 0.135633 0.686381 BG
paper 487 185 490 187 0.130747 0.525551 BG
paper 1 130 15 173 0.122928 0.536130 BG
paper 578 287 590 303 0.121791 0.674783 BG
paper 279 301 412 316 0.121386 0.773136 BG
paper 78 138 83 166 0.119077 0.646734 BG
paper 458 150 530 187 0.11772 0.493252 BG
paper 404 220 409 222 0.115047 0.639149 BG
paper 218 307 442 332 0.109749 0.802026 BG
paper 144 82 147 102 0.107234 0.728639 BG
paper 82 159 82 166 0.106835 0.638190 BG
paper 144 77 147 82 0.10382 0.744733 BG
paper 574 21 581 26 0.10374 0.589689 BG
paper 288 139 298 150 0.101604 0.642392 BG
towel 548 137 590 218 0.153062 0.346496 BG
towel 0 323 124 396 0.147942 0.276495 BG
towel 496 139 559 186 0.131126 0.599359 BG
towel 516 168 521 170 0.112314 0.229184 BG
towel 509 168 522 175 0.102021 0.172832 BG
box 278 224 282 235 0.183859 0.658021 BG
box 281 213 342 235 0.130193 0.797254 BG
box 281 196 293 214 0.127968 0.731366 BG
box 574 21 581 26 0.122899 0.589689 BG
box 583 25 590 31 0.121078 0.300075 BG
box 484 160 494 164 0.11855 0.285412 BG
box 465 164 484 177 0.115699 0.360934 BG
box 543 436 588 440 0.110288 0.228712 counter
box 479 149 494 167 0.109804 0.293369 BG
box 557 157 589 208 0.109642 0.268915 BG
box 547 249 586 286 0.106637 0.704861 BG
box 5 113 85 153 0.103234 0.476710 BG
lamp 293 0 392 58 0.26393 0.592779 BG
bag 558 137 589 206 0.166703 0.217681 BG
garbage_bin 508 176 531 186 0.149316 0.128113 BG
garbage_bin 516 177 553 217 0.118583 0.552835 BG
garbage_bin 480 163 530 188 0.111603 0.253698 BG
