cabinet 8 0 61 154 0.132989 0.538422 BG
chair 162 202 459 431 0.987928 0.010068 chair&&table
chair 75 116 235 186 0.244026 0.747153 BG
chair 74 114 443 313 0.188264 0.505915 table
chair 207 262 390 364 0.15362 0.844226 BG
chair 2 30 67 293 0.147302 0.511037 BG
chair 369 211 447 437 0.144785 0.846716 BG
sofa 569 245 575 246 0.127149 0.182452 BG
table 61 116 443 440 0.94956 0.014462 table
table 64 202 250 386 0.16495 0.788264 BG
door 10 0 65 135 0.15676 0.538422 BG
door 34 2 207 121 0.13137 0.322778 BG
picture 244 0 441 92 0.587325 0.368138 BG
picture 238 0 259 84 0.230627 0.638249 BG
picture 369 49 427 79 0.181329 0.793091 BG
picture 256 49 262 75 0.131675 0.866355 BG
pillow 267 104 319 121 0.250059 0.743483 BG
pillow 382 109 410 123 0.196681 0.718971 BG
pillow 289 105 308 118 0.147448 0.848957 BG
pillow 288 96 318 112 0.107249 0.872070 BG
mirror 24 0 219 134 0.176252 0.322778 BG
tv 52 11 199 124 0.24347 0.395852 BG
tv 0 193 50 288 0.183056 0.597500 BG
tv 2 15 60 288 0.160689 0.456545 BG
tv 176 7 211 110 0.106466 0.747765 BG
paper 1 159 27 203 0.469656 0.417253 BG
paper 555 136 584 141 0.19303 0.614079 BG
paper 548 138 588 154 0.182969 0.526661 BG
paper 558 130 579 137 0.180923 0.726173 BG
paper 238 105 241 112 0.169841 0.382010 BG
paper 479 372 587 440 0.165579 0.246113 BG
paper 555 130 561 137 0.146597 0.807957 BG
paper 13 19 17 27 0.134084 0.298874 BG
paper 548 126 589 141 0.133931 0.699522 BG
paper 570 245 574 246 0.13176 0.182452 BG
paper 582 133 590 141 0.128338 0.674870 BG
paper 568 124 585 129 0.126903 0.650045 BG
paper 551 152 558 167 0.111984 0.824006 BG
paper 257 423 266 440 0.107367 0.477692 BG
paper 261 423 266 429 0.106386 0.732637 BG
paper 539 89 589 152 0.102768 0.604791 BG
towel 13 19 17 28 0.188831 0.298874 BG
box 486 201 522 211 0.57817 0.409453 BG
box 454 199 521 230 0.45785 0.479562 BG
box 238 104 242 112 0.280046 0.382010 BG
box 0 141 65 281 0.273183 0.474324 BG
box 238 105 245 130 0.20561 0.506401 BG
box 454 106 516 249 0.175937 0.614346 BG
box 549 147 588 171 0.171387 0.679890 BG
box 540 126 589 153 0.168436 0.553403 BG
box 454 215 504 260 0.159456 0.700697 BG
box 221 130 229 132 0.150261 0.825522 BG
box 202 128 215 133 0.13793 0.831960 BG
box 478 367 589 439 0.134158 0.246113 BG
box 568 123 585 129 0.130143 0.650045 BG
box 256 422 265 440 0.129283 0.477692 BG
box 555 136 583 142 0.12657 0.614079 BG
box 486 81 524 207 0.125105 0.800719 BG
garbage_bin 497 85 513 163 0.208385 0.634379 BG
garbage_bin 456 64 531 254 0.204928 0.540572 BG
garbage_bin 458 199 516 254 0.107216 0.427026 BG
