cabinet 450 5 530 88 0.126989 0.381971 BG
chair 12 155 193 316 0.79067 0.167812 sofa_chair
chair 234 81 333 247 0.336885 0.118945 sofa_chair
chair 444 73 453 90 0.250979 0.662285 BG
chair 432 73 505 105 0.250861 0.642053 BG
chair 90 162 209 236 0.241063 0.637604 BG
chair 228 80 273 89 0.234331 0.649538 BG
chair 143 170 224 193 0.211503 0.771457 BG
chair 451 88 456 91 0.188563 0.750580 BG
chair 575 128 580 129 0.184184 0.593367 BG
chair 429 74 443 105 0.177512 0.783674 BG
chair 287 78 294 82 0.15927 0.636779 BG
chair 451 88 467 94 0.144242 0.741231 BG
chair 582 128 590 131 0.141543 0.323896 BG
chair 167 157 185 164 0.137974 0.753471 BG
chair 426 87 435 95 0.134577 0.798003 BG
chair 205 80 304 155 0.13413 0.769650 BG
chair 426 88 428 93 0.130448 0.780975 BG
chair 108 209 194 306 0.115739 0.880488 BG
chair 0 245 151 376 0.115276 0.800542 coffee_table
chair 420 87 436 139 0.106174 0.842467 BG
sofa 376 99 590 344 0.895083 0.102159 sofa
sofa 227 72 366 198 0.894827 0.101055 sofa_chair
sofa 8 134 187 321 0.393445 0.565987 sofa_chair
sofa 550 338 588 368 0.349225 0.582983 BG
sofa 582 128 590 131 0.301619 0.323896 BG
sofa 581 201 590 225 0.20139 0.612593 BG
sofa 550 299 590 356 0.161425 0.793471 BG
sofa 274 86 534 210 0.150995 0.842584 BG
sofa 587 225 590 226 0.15004 0.382022 BG
sofa 582 139 590 142 0.141515 0.469345 BG
sofa 575 128 580 129 0.129871 0.593367 BG
sofa 92 166 186 198 0.117372 0.703666 BG
sofa 557 331 576 355 0.101056 0.843593 BG
table 0 221 130 399 0.585844 0.251166 coffee_table
table 218 138 362 250 0.448462 0.487232 BG
door 509 0 542 87 0.142585 0.506482 BG
door 434 3 530 82 0.130006 0.575918 BG
door 532 6 543 73 0.10906 0.391298 BG
picture 110 0 281 81 0.961359 0.032894 BG
picture 112 4 132 81 0.414479 0.522141 BG
picture 245 0 278 79 0.371613 0.539083 BG
picture 0 1 18 40 0.347033 0.576288 picture
picture 345 1 407 26 0.188021 0.456823 BG
picture 280 1 412 67 0.168275 0.786539 BG
picture 533 0 546 73 0.122276 0.523940 BG
picture 437 1 513 60 0.105382 0.429577 BG
counter 98 157 185 168 0.372982 0.503554 BG
counter 98 142 228 174 0.31342 0.585439 BG
counter 162 141 229 157 0.131577 0.532784 BG
pillow 524 221 536 225 0.120435 0.865245 BG
paper 322 129 332 135 0.28783 0.682005 BG
paper 578 53 585 57 0.154123 0.298640 BG
paper 239 155 350 183 0.147233 0.803749 BG
paper 570 41 586 58 0.147196 0.261315 BG
paper 317 130 324 137 0.137562 0.845207 BG
paper 271 171 303 179 0.132899 0.833850 BG
paper 415 371 418 383 0.118285 0.625735 BG
paper 417 375 424 383 0.113367 0.675402 BG
paper 415 358 432 384 0.109519 0.715043 BG
paper 159 0 242 59 0.100308 0.218407 BG
box 164 121 179 125 0.299051 0.540524 BG
box 129 86 221 151 0.254206 0.699065 BG
box 408 90 422 132 0.213469 0.618572 BG
box 166 121 226 146 0.137511 0.684193 BG
box 157 142 165 150 0.11305 0.534482 BG
box 173 140 182 148 0.111729 0.553531 BG
whiteboard 531 2 588 110 0.53566 0.207166 BG
whiteboard 440 4 510 89 0.28715 0.558375 BG
whiteboard 570 41 587 59 0.254789 0.261315 BG
whiteboard 578 53 585 57 0.230869 0.298640 BG
lamp 344 0 355 24 0.186971 0.575712 BG
garbage_bin 379 87 416 140 0.406627 0.530312 BG
garbage_bin 411 94 421 114 0.159039 0.674047 BG
garbage_bin 1 246 3 258 0.106625 0.814799 BG
