chair 76 190 330 440 0.981474 0.015453 chair
chair 297 118 445 220 0.59488 0.394618 chair
chair 537 106 590 197 0.358097 0.539302 BG
chair 462 163 576 217 0.234869 0.730478 BG
chair 479 105 581 307 0.191185 0.236785 BG
chair 289 125 336 183 0.18015 0.815346 BG
chair 569 164 589 310 0.171892 0.463382 BG
chair 294 126 301 150 0.165814 0.819519 BG
chair 562 117 590 169 0.146339 0.768746 BG
sofa 41 235 346 440 0.212327 0.647075 chair
sofa 447 121 582 171 0.183059 0.569400 BG
table 437 122 585 301 0.525558 0.320130 BG
table 238 169 391 319 0.315002 0.132223 endtable
table 567 177 589 310 0.22523 0.463382 BG
picture 415 4 454 92 0.635757 0.274041 BG
picture 414 5 426 91 0.536354 0.416018 BG
picture 564 1 590 31 0.437879 0.250736 BG
picture 459 116 500 139 0.363661 0.577097 BG
picture 486 1 589 40 0.302394 0.238315 BG
picture 422 0 590 95 0.301924 0.636050 BG
picture 562 29 589 36 0.251908 0.408183 BG
picture 464 1 490 16 0.242593 0.169131 BG
picture 390 3 392 58 0.155795 0.736051 BG
picture 536 29 579 41 0.150104 0.366798 BG
picture 427 1 429 8 0.114848 0.747795 BG
picture 454 129 463 138 0.114383 0.747987 BG
desk 392 131 576 263 0.492863 0.312978 BG
paper 425 7 445 80 0.274722 0.548690 BG
paper 453 381 559 440 0.246696 0.350254 BG
paper 487 0 573 41 0.225755 0.273451 BG
paper 555 402 590 440 0.215468 0.154868 BG
paper 219 217 224 233 0.179208 0.398395 BG
paper 465 0 490 16 0.177062 0.169131 BG
paper 425 8 429 45 0.16178 0.720968 BG
paper 535 30 576 41 0.149616 0.366798 BG
paper 225 215 226 228 0.145224 0.437928 BG
paper 1 392 38 440 0.140779 0.369237 BG
paper 570 179 580 185 0.13826 0.588432 BG
paper 31 418 38 432 0.133014 0.514193 BG
paper 238 384 445 440 0.115339 0.447472 BG
box 324 271 335 287 0.329698 0.459065 BG
box 464 1 490 15 0.257576 0.169131 BG
box 568 185 575 202 0.224395 0.491307 BG
box 568 184 589 210 0.17453 0.591341 BG
box 555 401 590 439 0.171605 0.154868 BG
box 244 231 254 253 0.166532 0.766491 BG
box 485 0 576 40 0.163499 0.273451 BG
box 446 432 477 440 0.13917 0.244772 BG
box 570 179 581 185 0.136418 0.588432 BG
box 254 214 328 280 0.110356 0.620023 BG
box 558 190 571 215 0.103711 0.743359 BG
box 0 389 39 440 0.10256 0.369237 BG
person 580 150 590 176 0.302466 0.650203 BG
person 577 155 585 159 0.195145 0.765191 BG
person 585 167 590 176 0.180445 0.723708 BG
person 567 109 589 240 0.162304 0.363822 BG
night_stand 255 158 370 318 0.169446 0.116882 endtable
garbage_bin 320 179 374 307 0.593798 0.314492 BG
garbage_bin 378 234 383 267 0.483165 0.483836 BG
garbage_bin 76 424 87 432 0.415737 0.565288 BG
garbage_bin 67 395 167 440 0.382993 0.484798 BG
garbage_bin 88 399 96 410 0.295823 0.694127 BG
garbage_bin 316 283 323 287 0.277419 0.558025 BG
garbage_bin 322 273 323 280 0.267076 0.488207 BG
garbage_bin 247 141 370 316 0.22591 0.217562 endtable
garbage_bin 257 218 264 222 0.191845 0.806413 BG
garbage_bin 324 271 336 288 0.162391 0.459065 BG
garbage_bin 332 315 333 318 0.136083 0.748810 BG
garbage_bin 243 223 252 239 0.123728 0.865475 BG
garbage_bin 93 423 143 440 0.12095 0.319514 BG
garbage_bin 225 215 226 228 0.109585 0.437928 BG
garbage_bin 385 263 409 272 0.108048 0.874712 BG
garbage_bin 242 182 272 285 0.100963 0.841780 BG
