bed 301 261 671 530 0.667907 0.286496 sofa
bed 3 145 138 530 0.250818 0.150202 sofa_chair
chair 384 40 659 247 0.907066 0.075652 sofa_chair
chair 0 220 131 529 0.767156 0.114096 sofa_chair
chair 301 104 608 516 0.477169 0.354341 sofa
chair 0 60 131 324 0.43832 0.264099 sofa_chair
chair 79 18 315 260 0.323148 0.483029 sofa_chair
chair 1 58 44 191 0.312201 0.511364 BG
chair 30 65 39 116 0.175383 0.797263 BG
chair 397 32 498 167 0.122108 0.751363 BG
chair 309 100 425 216 0.114502 0.873532 BG
chair 582 68 585 71 0.112592 0.878000 BG
sofa 55 0 318 277 0.664131 0.241819 sofa_chair
sofa 9 225 141 292 0.521037 0.407943 BG
sofa 394 20 646 292 0.45438 0.413320 sofa_chair
sofa 0 95 142 525 0.451368 0.082387 sofa_chair
sofa 269 167 647 530 0.33385 0.238009 sofa
sofa 1 277 13 291 0.11994 0.807465 BG
table 161 194 617 526 0.861808 0.039086 coffee_table
bookshelf 13 1 276 40 0.150074 0.659225 BG
bookshelf 24 6 185 174 0.148286 0.763872 BG
bookshelf 213 0 665 69 0.132656 0.711933 BG
bookshelf 0 8 3 57 0.110974 0.345208 BG
picture 42 2 126 36 0.219085 0.468503 BG
picture 98 1 123 20 0.102917 0.535654 BG
picture 1 8 4 51 0.102767 0.345208 BG
counter 32 23 647 150 0.122018 0.756606 BG
desk 136 169 538 530 0.201986 0.329647 coffee_table
pillow 4 262 123 389 0.248946 0.696062 BG
pillow 3 182 66 225 0.237978 0.743205 BG
pillow 5 74 119 224 0.227217 0.537478 BG
pillow 1 161 113 207 0.120646 0.850382 BG
pillow 489 239 670 432 0.118211 0.715626 BG
pillow 6 187 114 280 0.116279 0.791326 BG
pillow 2 86 45 173 0.102548 0.615320 BG
clothes 126 519 143 530 0.122494 0.500153 BG
clothes 99 0 123 19 0.10033 0.535654 BG
tv 311 0 332 3 0.147431 0.790968 BG
paper 392 480 398 505 0.311996 0.499848 BG
paper 395 498 403 513 0.296502 0.424384 BG
paper 552 482 575 511 0.206299 0.646502 BG
paper 616 237 624 244 0.202912 0.703985 BG
paper 512 495 528 530 0.140552 0.435324 BG
paper 1 437 60 530 0.128297 0.554553 BG
paper 561 512 580 530 0.127679 0.266139 BG
paper 32 461 34 473 0.12385 0.550187 BG
paper 394 474 458 530 0.10653 0.655729 BG
paper 526 273 564 307 0.103366 0.830278 BG
paper 63 34 87 41 0.102077 0.568469 BG
towel 126 520 142 530 0.107281 0.500153 BG
box 477 10 526 23 0.341283 0.624901 BG
box 486 8 508 16 0.227063 0.714063 BG
box 58 51 63 55 0.226533 0.759327 BG
box 395 497 404 513 0.166658 0.424384 BG
box 497 7 508 12 0.164749 0.815615 BG
box 0 9 4 38 0.150297 0.526128 BG
box 60 43 62 46 0.149082 0.704307 BG
box 2 29 9 47 0.135181 0.595127 BG
box 550 189 568 217 0.134694 0.852613 BG
box 491 2 561 21 0.129271 0.836160 BG
box 41 56 65 65 0.127043 0.815734 BG
box 226 34 302 45 0.125076 0.696223 BG
box 282 29 287 39 0.120682 0.637285 BG
box 0 4 30 47 0.118934 0.675106 BG
box 82 70 91 75 0.113934 0.819534 BG
box 560 511 579 530 0.112206 0.266139 BG
box 40 17 119 37 0.110878 0.571997 BG
box 316 524 317 530 0.103273 0.255367 BG
box 392 477 399 505 0.100004 0.499848 BG
garbage_bin 664 67 669 72 0.297932 0.499610 BG
garbage_bin 668 75 680 198 0.253307 0.417596 pillow
garbage_bin 301 56 307 77 0.231772 0.594845 BG
garbage_bin 304 50 308 59 0.201477 0.615515 BG
garbage_bin 657 32 680 71 0.170278 0.397830 BG
garbage_bin 640 68 673 128 0.143125 0.752056 BG
garbage_bin 596 63 674 211 0.103451 0.830354 BG
