chair 376 246 634 527 0.977866 0.017272 chair
chair 135 297 492 530 0.951708 0.047019 chair
chair 548 216 679 420 0.854655 0.138786 chair
chair 408 99 585 204 0.844533 0.152144 chair
chair 498 99 563 154 0.672402 0.306939 BG
chair 8 233 175 439 0.512962 0.481009 floor
chair 432 99 493 150 0.450251 0.486913 BG
chair 470 101 488 127 0.400024 0.526493 BG
chair 173 115 274 137 0.388934 0.589666 BG
chair 403 111 439 185 0.386564 0.579920 BG
chair 372 285 381 300 0.386048 0.610754 BG
chair 426 123 644 377 0.369522 0.611686 BG
chair 490 106 496 148 0.364674 0.505845 BG
chair 432 96 481 107 0.364383 0.571934 BG
chair 569 95 619 150 0.337359 0.608150 BG
chair 498 96 506 100 0.324696 0.475632 BG
chair 500 80 664 166 0.313239 0.641550 BG
chair 384 109 399 116 0.31041 0.620855 BG
chair 269 80 372 131 0.2962 0.651259 BG
chair 368 281 370 285 0.294939 0.704011 BG
chair 556 227 584 351 0.285789 0.702529 BG
chair 374 264 455 488 0.274227 0.717671 BG
chair 14 117 264 156 0.26959 0.615387 BG
chair 163 190 405 325 0.263846 0.674737 BG
chair 367 115 393 127 0.259182 0.638065 BG
chair 129 350 143 367 0.254155 0.725728 BG
chair 38 117 352 403 0.232422 0.717876 BG
chair 368 112 377 119 0.229597 0.710392 BG
chair 373 275 380 278 0.217591 0.749512 BG
chair 399 112 409 165 0.216375 0.695009 BG
chair 418 62 530 106 0.204255 0.618725 BG
chair 471 89 504 100 0.201512 0.429531 BG
chair 5 130 101 155 0.20124 0.739448 BG
chair 472 96 479 102 0.198051 0.719043 BG
chair 373 107 420 162 0.193212 0.700665 BG
chair 350 68 406 116 0.191815 0.606908 BG
chair 475 83 548 100 0.185046 0.472449 BG
chair 503 89 527 96 0.179329 0.473148 BG
chair 529 91 538 93 0.171736 0.626264 BG
chair 381 274 389 298 0.171407 0.783261 BG
chair 365 118 370 122 0.169261 0.751820 BG
chair 257 78 265 98 0.165386 0.806426 BG
chair 523 82 550 93 0.164581 0.592210 BG
chair 489 91 494 93 0.154665 0.500987 BG
chair 382 273 384 278 0.152098 0.810932 BG
chair 362 104 497 173 0.141507 0.821873 BG
chair 374 276 392 404 0.139641 0.848615 BG
chair 604 77 621 82 0.137024 0.824772 BG
chair 474 65 517 144 0.125794 0.782921 BG
chair 255 78 257 85 0.122739 0.847130 BG
chair 453 61 474 95 0.120758 0.612120 BG
chair 550 223 558 235 0.119147 0.839809 BG
chair 554 226 567 316 0.11899 0.835948 BG
chair 493 52 617 94 0.11827 0.660548 BG
chair 567 96 575 136 0.117186 0.766065 BG
chair 587 77 621 88 0.110304 0.835588 BG
chair 47 81 369 151 0.109957 0.817128 BG
chair 283 65 459 115 0.108018 0.834927 BG
chair 357 114 368 122 0.106701 0.840494 BG
sofa 10 80 272 159 0.213473 0.676722 BG
sofa 32 81 405 254 0.197876 0.760816 BG
sofa 566 84 673 144 0.184105 0.672902 BG
sofa 523 56 609 133 0.137088 0.646347 BG
sofa 559 70 581 95 0.133734 0.729248 BG
picture 600 1 680 46 0.311546 0.461907 BG
counter 424 237 433 245 0.26387 0.443845 BG
paper 666 380 680 389 0.127095 0.368442 BG
paper 350 101 357 104 0.126536 0.765565 BG
paper 625 51 675 59 0.117607 0.543036 BG
paper 337 95 359 104 0.11443 0.781993 BG
paper 15 64 28 92 0.113945 0.429717 BG
paper 678 389 680 392 0.109354 0.232024 BG
paper 668 370 680 380 0.105229 0.462428 BG
paper 337 99 341 103 0.10444 0.794109 BG
paper 671 380 680 384 0.102089 0.400567 BG
paper 203 527 206 530 0.101718 0.306727 BG
box 203 526 205 530 0.121519 0.306727 BG
garbage_bin 197 241 223 254 0.116269 0.797579 BG
garbage_bin 200 237 225 245 0.107401 0.788141 BG
