cabinet 9 223 418 518 0.55144 0.200265 counter
cabinet 266 204 562 497 0.138941 0.331093 BG
cabinet 333 2 625 74 0.115654 0.489061 BG
cabinet 0 283 163 516 0.109925 0.811533 BG
chair 553 231 664 530 0.239656 0.448530 BG
chair 58 268 118 304 0.132262 0.762128 BG
chair 316 181 326 206 0.104587 0.836813 BG
chair 281 201 308 215 0.100539 0.752099 BG
table 536 207 655 524 0.201743 0.448530 BG
door 0 77 93 210 0.112243 0.289908 BG
bookshelf 0 209 97 293 0.188959 0.775239 BG
bookshelf 119 57 268 233 0.130071 0.791738 shelves
bookshelf 29 250 58 270 0.106236 0.806360 BG
picture 339 17 510 185 0.325978 0.511880 BG
picture 3 85 64 211 0.232975 0.155801 BG
picture 576 159 611 192 0.129638 0.766962 BG
picture 335 22 512 66 0.123647 0.781896 BG
picture 48 1 281 20 0.108636 0.216457 BG
picture 2 77 90 117 0.105206 0.683621 BG
picture 529 138 623 161 0.103724 0.396308 BG
counter 106 222 567 516 0.582218 0.251792 counter
counter 18 259 455 353 0.449856 0.547583 BG
counter 332 212 568 305 0.334981 0.663219 BG
counter 380 237 623 268 0.247509 0.750870 BG
counter 378 258 451 276 0.19588 0.803016 BG
counter 0 336 38 342 0.191124 0.787477 BG
counter 0 303 250 349 0.178467 0.813028 BG
counter 5 257 135 337 0.161629 0.784279 BG
counter 403 207 495 252 0.149992 0.816812 BG
counter 409 240 447 250 0.146045 0.834303 BG
counter 344 195 447 259 0.144969 0.531790 BG
counter 0 341 32 348 0.123168 0.857675 BG
counter 389 255 417 267 0.117838 0.878444 BG
counter 332 266 388 283 0.112881 0.881326 BG
blinds 1 185 55 212 0.311886 0.164988 BG
blinds 5 104 108 243 0.309367 0.318987 BG
blinds 20 201 57 211 0.135964 0.636624 BG
blinds 0 131 60 206 0.101216 0.024858 BG
desk 0 251 603 493 0.772906 0.027322 counter
desk 8 252 118 325 0.127269 0.733075 BG
dresser 41 210 387 530 0.106822 0.191291 counter
tv 0 78 91 117 0.103801 0.683621 BG
paper 207 252 217 282 0.530854 0.302328 BG
paper 649 43 671 98 0.331054 0.565893 BG
paper 96 248 116 250 0.324253 0.360697 BG
paper 200 188 292 292 0.312129 0.467664 BG
paper 223 200 247 212 0.270882 0.555445 BG
paper 644 44 671 218 0.214784 0.585083 BG
paper 284 254 294 273 0.202777 0.757074 BG
paper 241 266 266 279 0.191526 0.612388 BG
paper 117 208 216 312 0.175495 0.531834 BG
paper 566 233 574 236 0.163472 0.791298 BG
paper 172 167 184 176 0.131186 0.546835 BG
paper 530 139 622 160 0.131003 0.396308 BG
paper 664 1 670 14 0.126115 0.424110 BG
paper 529 139 563 153 0.12403 0.549167 BG
paper 2 189 44 211 0.123943 0.202900 BG
paper 92 248 117 260 0.121012 0.740928 BG
paper 481 522 485 526 0.120443 0.645858 BG
paper 474 508 476 511 0.118353 0.775057 BG
paper 165 177 167 187 0.116914 0.566297 BG
paper 165 175 167 176 0.116716 0.548845 BG
paper 585 226 587 226 0.115592 0.849942 BG
paper 278 215 345 273 0.114115 0.615908 BG
paper 166 177 193 187 0.113373 0.549815 BG
paper 567 225 608 235 0.110575 0.822805 BG
paper 448 496 505 527 0.106928 0.795451 BG
paper 60 139 65 151 0.10068 0.647674 BG
box 236 169 241 172 0.473143 0.508417 BG
box 241 169 278 176 0.401841 0.540191 BG
box 203 186 212 189 0.353118 0.513730 BG
box 105 102 120 205 0.348289 0.543475 BG
box 197 176 234 190 0.343377 0.475819 BG
box 202 152 278 177 0.34011 0.557971 BG
box 202 168 235 176 0.327211 0.592122 BG
box 469 189 515 232 0.300584 0.554963 BG
box 275 212 344 260 0.292725 0.562645 BG
box 96 247 117 250 0.253561 0.360697 BG
box 233 172 236 177 0.248421 0.680876 BG
box 142 151 223 176 0.230626 0.612662 BG
box 438 462 459 480 0.227663 0.722643 BG
box 229 154 236 171 0.212346 0.753338 BG
box 142 177 194 188 0.210626 0.646695 BG
box 172 166 185 176 0.203155 0.546835 BG
box 563 115 614 150 0.196368 0.572709 BG
box 165 175 168 176 0.193057 0.548845 BG
box 244 177 269 192 0.185627 0.745743 BG
box 351 194 359 227 0.180681 0.729375 BG
box 347 181 403 232 0.174092 0.692441 BG
box 562 148 606 160 0.170427 0.574079 BG
box 664 1 671 14 0.170035 0.424110 BG
box 234 151 236 153 0.167352 0.805299 BG
box 165 177 167 187 0.166574 0.566297 BG
box 112 192 120 210 0.15934 0.830737 BG
box 194 187 202 191 0.154291 0.529275 BG
box 212 189 230 192 0.151636 0.592878 BG
box 258 188 261 190 0.151478 0.736080 BG
box 256 178 259 190 0.148085 0.799220 BG
box 346 228 356 233 0.146944 0.775914 BG
box 199 177 301 214 0.143885 0.684652 BG
box 140 159 168 187 0.140505 0.718389 BG
box 78 186 303 308 0.139694 0.748958 BG
box 240 265 267 280 0.134796 0.612388 BG
box 207 250 218 283 0.131481 0.302328 BG
box 229 157 232 159 0.120607 0.813499 BG
box 115 192 189 209 0.116392 0.860216 BG
box 563 131 575 151 0.11492 0.651250 BG
box 529 139 625 160 0.107986 0.396308 BG
box 148 177 260 194 0.105846 0.836568 BG
whiteboard 34 1 282 41 0.705 0.126131 BG
whiteboard 0 131 60 217 0.571531 0.024858 BG
whiteboard 39 1 156 22 0.555481 0.297838 BG
whiteboard 5 82 85 281 0.131164 0.397887 BG
whiteboard 3 186 59 243 0.124457 0.378591 BG
whiteboard 0 190 44 212 0.121399 0.202900 BG
garbage_bin 510 295 552 364 0.114529 0.875789 BG
garbage_bin 662 49 680 219 0.11168 0.443599 BG
