cabinet 1 382 11 461 0.265518 0.696728 BG
cabinet 257 268 665 508 0.114557 0.842562 BG
table 116 242 671 506 0.323916 0.575899 counter
table 172 296 331 451 0.198594 0.704339 BG
bookshelf 376 0 505 282 0.158952 0.769909 BG
picture 178 1 273 22 0.183494 0.392516 paper
picture 282 1 382 21 0.164133 0.376036 BG
picture 3 1 68 2 0.148848 0.272318 BG
picture 168 1 178 20 0.129102 0.292406 BG
counter 24 105 638 343 0.379364 0.607713 BG
counter 0 98 198 234 0.101168 0.763020 BG
blinds 5 0 92 113 0.110556 0.757314 BG
tv 0 1 67 2 0.482426 0.272318 BG
paper 272 364 344 406 0.237064 0.717380 BG
paper 78 489 221 530 0.178834 0.385191 BG
paper 373 509 373 510 0.169642 0.527827 BG
paper 4 465 116 530 0.160683 0.594931 BG
paper 248 331 256 337 0.131974 0.784492 BG
paper 334 508 367 520 0.131277 0.439397 BG
paper 306 513 409 530 0.127777 0.233696 BG
paper 169 500 271 530 0.125954 0.574923 BG
paper 399 208 486 229 0.120365 0.768608 paper
paper 269 360 277 383 0.1201 0.798723 BG
paper 82 24 170 78 0.116266 0.681863 BG
paper 509 0 522 44 0.111425 0.771335 BG
paper 98 73 180 83 0.110839 0.670159 BG
paper 83 55 129 78 0.107257 0.694770 BG
paper 561 255 569 259 0.104185 0.758125 BG
box 309 231 380 242 0.161125 0.500837 BG
box 489 315 507 318 0.147392 0.518467 BG
box 87 368 173 475 0.124126 0.787100 garbage_bin
box 288 218 382 235 0.11641 0.591200 BG
box 7 266 196 481 0.115565 0.763039 BG
box 168 2 180 25 0.105618 0.469685 BG
box 76 486 227 530 0.104931 0.385191 BG
box 85 77 288 111 0.100875 0.669053 BG
lamp 36 322 74 342 0.147949 0.573255 BG
bag 169 2 177 18 0.121475 0.292406 BG
garbage_bin 26 335 103 459 0.310365 0.631428 BG
garbage_bin 28 340 80 388 0.105477 0.695809 BG
