chair 54 232 306 525 0.868767 0.102973 chair
chair 558 46 676 204 0.652893 0.344776 chair
chair 459 103 572 296 0.381608 0.221524 chair
chair 237 202 372 500 0.301772 0.670131 BG
chair 526 105 583 203 0.209661 0.778500 BG
chair 221 404 368 477 0.112601 0.814698 BG
table 374 58 559 319 0.95351 0.034724 desk
table 8 191 312 530 0.419913 0.193972 desk&&chair
table 564 174 673 228 0.360476 0.429669 BG
table 374 130 519 225 0.118713 0.845112 BG
bookshelf 388 0 399 73 0.141962 0.790231 BG
bookshelf 395 0 436 68 0.101866 0.716117 BG
picture 2 2 97 48 0.583168 0.296744 BG
picture 2 1 84 11 0.563376 0.340005 BG
picture 59 4 89 29 0.419008 0.490871 BG
picture 656 1 680 32 0.418441 0.312851 BG
picture 624 1 669 56 0.294711 0.469087 BG
picture 477 2 501 48 0.212323 0.387672 BG
picture 192 3 201 8 0.2034 0.586422 BG
picture 225 1 263 4 0.190983 0.704711 BG
picture 222 0 228 7 0.181218 0.760841 BG
picture 149 1 227 40 0.174888 0.475032 BG
picture 438 1 502 64 0.173299 0.495059 BG
picture 322 1 363 32 0.168161 0.616268 BG
picture 58 2 140 44 0.15154 0.337949 BG
picture 28 2 373 46 0.126098 0.722267 BG
picture 500 3 575 65 0.125088 0.562715 BG
picture 183 5 199 32 0.109858 0.728674 BG
picture 630 31 635 35 0.103697 0.771026 BG
counter 0 86 205 161 0.27474 0.672255 BG
tv 453 0 464 6 0.142117 0.712290 BG
tv 179 2 201 5 0.131149 0.668476 BG
tv 147 1 202 8 0.11799 0.578987 BG
tv 374 1 388 11 0.105176 0.731152 BG
paper 408 311 461 348 0.623332 0.263660 BG
paper 255 409 280 426 0.557781 0.405387 BG
paper 412 318 419 322 0.550574 0.402003 BG
paper 274 418 285 424 0.548142 0.391093 BG
paper 263 398 269 404 0.49365 0.472824 BG
paper 625 0 656 33 0.48694 0.288450 BG
paper 253 406 264 414 0.479 0.493005 BG
paper 361 60 384 71 0.403165 0.465685 BG
paper 377 316 512 429 0.389283 0.296752 BG
paper 253 398 281 414 0.315589 0.648084 BG
paper 624 7 633 34 0.278493 0.583102 BG
paper 424 332 450 348 0.250446 0.698809 BG
paper 364 60 377 62 0.240784 0.545939 BG
paper 141 510 200 530 0.216126 0.219641 BG
paper 246 407 255 418 0.20994 0.762687 BG
paper 255 399 314 426 0.207113 0.726806 BG
paper 38 514 46 522 0.18884 0.485936 BG
paper 484 65 503 95 0.184594 0.659622 BG
paper 350 42 362 95 0.172774 0.779877 BG
paper 657 0 680 32 0.166516 0.312851 BG
paper 380 60 386 68 0.163706 0.574024 BG
paper 60 0 139 44 0.149476 0.337949 BG
paper 460 216 463 219 0.143983 0.466658 BG
paper 1 425 47 529 0.137154 0.353469 BG
paper 2 514 47 530 0.135927 0.157515 BG
paper 205 513 249 530 0.131862 0.327772 BG
paper 221 411 267 447 0.131086 0.851674 BG
paper 438 49 452 63 0.125607 0.448364 BG
paper 638 172 647 177 0.123797 0.506657 BG
paper 467 212 486 219 0.122427 0.680466 BG
paper 1 394 10 424 0.116856 0.472851 BG
paper 659 52 670 57 0.115543 0.480370 BG
paper 477 1 500 48 0.113583 0.387672 BG
paper 148 0 160 8 0.113377 0.614468 BG
paper 563 183 645 206 0.113036 0.577612 BG
paper 349 31 358 46 0.113014 0.617311 BG
paper 458 359 466 363 0.109476 0.868123 BG
paper 150 0 203 8 0.107365 0.578987 BG
box 238 1 309 37 0.365127 0.482410 BG
box 18 24 95 47 0.279015 0.615397 BG
box 56 1 141 44 0.277389 0.337949 BG
box 309 8 327 20 0.271076 0.643582 BG
box 310 22 349 35 0.242753 0.660754 BG
box 363 59 378 63 0.185603 0.545939 BG
box 1 514 48 530 0.177479 0.157515 BG
box 638 172 648 177 0.170544 0.506657 BG
box 380 60 387 68 0.167445 0.574024 BG
box 477 3 501 47 0.166915 0.387672 BG
box 38 513 47 522 0.157849 0.485936 BG
box 348 31 359 47 0.155865 0.617311 BG
box 47 24 50 27 0.152284 0.795030 BG
box 460 216 464 218 0.150069 0.466658 BG
box 438 48 452 62 0.143051 0.448364 BG
box 141 509 202 529 0.136032 0.219641 BG
box 57 35 85 44 0.123628 0.773436 BG
box 397 21 422 51 0.116669 0.728076 BG
box 88 25 92 33 0.114022 0.703929 BG
box 376 299 515 434 0.113618 0.296752 BG
box 359 24 390 61 0.110805 0.829115 BG
box 625 188 666 201 0.10851 0.655507 BG
box 563 183 653 193 0.10741 0.616425 BG
box 192 2 262 40 0.104999 0.646962 BG
lamp 280 469 282 472 0.105175 0.838480 BG
garbage_bin 0 426 51 528 0.108422 0.353469 BG
