sofa 677 383 680 386 0.165243 0.431501 BG
table 35 176 630 506 0.316 0.634287 BG
door 537 5 594 194 0.491358 0.387294 BG
door 535 4 553 196 0.306864 0.586068 BG
door 583 2 609 117 0.156726 0.625339 BG
picture 371 0 423 66 0.991122 0.007742 BG
picture 404 4 430 61 0.862273 0.127158 BG
picture 620 59 680 260 0.82172 0.174303 BG
picture 371 0 383 67 0.813691 0.169879 BG
picture 649 80 680 134 0.569761 0.419165 BG
picture 145 67 287 182 0.546448 0.280342 BG
picture 618 206 675 242 0.513251 0.482249 BG
picture 0 119 15 197 0.274029 0.380352 BG
picture 0 155 14 167 0.265877 0.614266 BG
picture 605 190 632 240 0.262182 0.735258 BG
picture 155 118 200 152 0.257611 0.726665 BG
picture 635 85 636 99 0.251478 0.705314 BG
picture 520 2 531 46 0.233922 0.594435 BG
picture 647 82 655 118 0.229048 0.764046 BG
picture 170 9 461 176 0.201674 0.747230 BG
picture 416 52 421 56 0.175735 0.807176 BG
picture 292 337 320 363 0.164018 0.447863 BG
picture 644 192 680 224 0.159267 0.827218 BG
picture 619 119 634 256 0.157085 0.839455 BG
picture 520 1 524 3 0.152692 0.604975 BG
picture 650 108 664 117 0.133679 0.808350 BG
picture 605 199 622 207 0.13254 0.839883 BG
picture 384 61 419 66 0.131657 0.849221 BG
picture 1 166 15 185 0.124383 0.818493 BG
picture 390 52 420 63 0.110193 0.867607 BG
picture 317 336 351 351 0.108199 0.723541 BG
picture 289 344 292 349 0.106613 0.485429 BG
picture 5 119 144 219 0.104668 0.652951 BG
counter 2 339 380 451 0.152188 0.778355 BG
fridge 611 63 680 477 0.163906 0.681515 BG
tv 122 74 297 217 0.223115 0.518979 BG
tv 374 0 410 3 0.122802 0.766714 BG
tv 223 63 279 95 0.113197 0.794974 BG
paper 464 0 526 46 0.946873 0.048145 BG
paper 499 35 503 38 0.895177 0.101210 BG
paper 462 38 525 113 0.894147 0.100025 BG
paper 461 34 465 42 0.815772 0.180839 BG
paper 490 33 523 41 0.766069 0.225231 BG
paper 463 41 466 45 0.743077 0.253619 BG
paper 73 128 110 170 0.679794 0.162357 BG
paper 73 129 79 144 0.500916 0.459012 BG
paper 0 118 14 159 0.47412 0.383704 BG
paper 78 117 107 142 0.327897 0.612423 BG
paper 26 0 65 33 0.307486 0.544814 BG
paper 67 37 152 45 0.305025 0.586028 BG
paper 648 159 680 200 0.292421 0.637921 BG
paper 32 5 169 77 0.288078 0.395443 BG
paper 656 154 680 163 0.2705 0.571863 BG
paper 653 170 654 177 0.258944 0.724966 BG
paper 405 506 410 511 0.254642 0.279916 BG
paper 462 5 554 208 0.247365 0.617722 BG
paper 68 42 157 53 0.244612 0.636971 BG
paper 51 28 67 54 0.239559 0.725268 BG
paper 304 495 368 530 0.23378 0.395019 BG
paper 413 492 451 530 0.229143 0.306669 BG
paper 522 24 524 34 0.208681 0.663751 BG
paper 316 463 444 530 0.206471 0.438251 BG
paper 520 0 524 3 0.199101 0.604975 BG
paper 289 344 291 348 0.15605 0.485429 BG
paper 74 58 115 74 0.15462 0.740688 BG
paper 256 279 271 303 0.154076 0.759750 BG
paper 101 49 165 73 0.152202 0.675398 BG
paper 37 33 56 36 0.149009 0.801623 BG
paper 675 199 680 221 0.144691 0.516019 BG
paper 639 289 651 322 0.142817 0.630543 BG
paper 292 337 319 362 0.139111 0.447863 BG
paper 445 319 461 334 0.134612 0.539809 BG
paper 664 275 670 280 0.12959 0.245553 BG
paper 605 192 612 200 0.128471 0.345828 BG
paper 662 275 671 299 0.122444 0.231207 BG
paper 412 500 433 510 0.122228 0.720503 BG
paper 597 47 626 73 0.12144 0.729030 BG
paper 62 67 63 68 0.11284 0.823185 BG
paper 579 205 582 205 0.109935 0.538808 BG
paper 342 149 346 151 0.108468 0.571401 BG
paper 645 290 659 359 0.107881 0.548571 BG
paper 652 249 663 300 0.107719 0.405891 BG
paper 105 58 115 67 0.104794 0.791560 BG
paper 675 240 680 242 0.104423 0.559410 BG
paper 673 43 680 47 0.102684 0.493974 BG
paper 5 122 136 219 0.100668 0.652951 BG
box 51 15 165 97 0.304268 0.304537 BG
box 405 506 411 511 0.228807 0.279916 BG
box 289 343 292 349 0.184947 0.485429 BG
box 291 337 321 362 0.183526 0.447863 BG
box 412 490 452 528 0.127254 0.306669 BG
box 73 141 112 170 0.112005 0.251253 BG
box 645 244 663 356 0.108911 0.342692 BG
lamp 622 232 677 361 0.137808 0.440242 BG
lamp 579 204 581 205 0.114875 0.538808 BG
garbage_bin 636 353 680 467 0.997361 0.001920 garbage_bin
garbage_bin 636 377 680 403 0.981177 0.016789 BG
garbage_bin 635 395 637 402 0.844931 0.154566 BG
garbage_bin 637 370 677 386 0.7007 0.287364 BG
garbage_bin 589 332 668 479 0.523879 0.455140 BG
garbage_bin 636 249 679 405 0.183458 0.696169 BG
garbage_bin 500 147 507 155 0.182576 0.595042 BG
garbage_bin 604 193 613 200 0.105728 0.345828 BG
garbage_bin 663 274 671 280 0.100357 0.245553 BG
