chair 286 171 546 491 0.990216 0.006947 chair
chair 0 172 194 468 0.989499 0.010052 chair
chair 1 55 16 63 0.375677 0.584670 BG
chair 8 163 120 242 0.217073 0.755762 BG
chair 314 144 381 469 0.211318 0.787661 BG
table 132 179 638 452 0.6416 0.344024 desk
table 114 173 317 384 0.272074 0.719365 BG
table 510 150 679 455 0.115526 0.806098 BG
bookshelf 0 1 282 72 0.940862 0.058622 BG
bookshelf 31 0 622 99 0.660637 0.338988 BG
bookshelf 5 1 93 95 0.625397 0.369501 BG
bookshelf 282 0 346 58 0.593714 0.320970 BG
bookshelf 470 0 674 87 0.479184 0.504965 BG
bookshelf 171 13 286 63 0.384888 0.596583 BG
bookshelf 0 1 41 66 0.319439 0.648812 BG
bookshelf 249 0 382 96 0.315843 0.616343 BG
bookshelf 66 20 175 58 0.26093 0.720342 BG
bookshelf 166 0 352 33 0.16868 0.816462 BG
bookshelf 299 20 323 26 0.160503 0.774622 BG
bookshelf 286 18 344 32 0.136721 0.777176 BG
bookshelf 478 14 585 54 0.127883 0.853730 BG
bookshelf 265 20 293 36 0.127847 0.844804 BG
bookshelf 464 0 680 23 0.116635 0.791117 BG
picture 8 2 41 27 0.299957 0.638592 BG
picture 653 388 680 465 0.257051 0.489588 BG
picture 316 2 383 88 0.232366 0.654178 BG
picture 560 1 565 3 0.170871 0.724350 BG
picture 638 244 680 478 0.169814 0.680356 BG
picture 346 32 350 37 0.165403 0.780995 BG
picture 632 1 680 13 0.165302 0.729764 BG
picture 341 31 375 55 0.15578 0.771667 BG
picture 1 15 28 26 0.124484 0.785601 BG
picture 659 70 668 77 0.115008 0.299769 BG
picture 376 7 478 82 0.10882 0.475569 BG
counter 249 90 262 91 0.103677 0.505391 BG
tv 335 0 343 7 0.138507 0.782476 BG
tv 345 1 375 36 0.111416 0.811864 BG
paper 577 50 583 63 0.21378 0.609424 BG
paper 660 70 667 77 0.210452 0.299769 BG
paper 662 508 668 522 0.207091 0.442264 BG
paper 371 42 376 53 0.197866 0.540166 BG
paper 670 12 680 16 0.155778 0.376943 BG
paper 584 54 588 71 0.129796 0.634852 BG
paper 253 51 259 54 0.127565 0.495062 BG
paper 651 70 662 72 0.126764 0.636245 BG
paper 79 54 135 78 0.1163 0.719512 BG
paper 222 89 233 92 0.11137 0.345177 BG
paper 639 382 680 465 0.102714 0.489505 BG
paper 373 7 374 13 0.102412 0.608130 BG
box 660 70 667 76 0.24925 0.299769 BG
box 222 88 228 92 0.182315 0.473011 BG
box 208 80 244 91 0.176335 0.512988 BG
box 376 8 478 87 0.170279 0.475569 BG
box 436 224 472 291 0.161428 0.686972 BG
box 584 53 589 70 0.149983 0.634852 BG
box 117 87 133 92 0.142113 0.678654 BG
box 30 78 34 81 0.126276 0.748538 BG
box 662 507 669 522 0.122073 0.442264 BG
box 650 69 662 73 0.121254 0.636245 BG
box 370 41 376 52 0.115234 0.540166 BG
box 328 247 472 306 0.109092 0.789958 BG
box 579 46 589 81 0.10856 0.748379 BG
box 208 81 217 88 0.105036 0.738404 BG
