cabinet 358 0 477 173 0.161609 0.696776 BG
chair 307 149 529 398 0.945275 0.029358 sofa_chair
chair 562 353 588 382 0.445978 0.545912 BG
chair 597 257 674 347 0.322225 0.670489 BG
chair 372 195 663 520 0.217992 0.566248 BG
chair 512 312 680 482 0.12939 0.865064 BG
table 334 252 665 530 0.289643 0.530109 BG
table 190 152 554 369 0.174749 0.361336 BG
table 11 246 285 517 0.107889 0.797114 BG
door 406 1 483 109 0.114903 0.665399 BG
door 361 0 399 165 0.110838 0.707335 BG
bookshelf 0 0 362 315 0.933263 0.066675 bookshelf
bookshelf 429 23 680 389 0.626691 0.371457 bookshelf
bookshelf 291 0 368 164 0.353318 0.631468 BG
bookshelf 160 0 632 255 0.171471 0.827816 BG
bookshelf 411 0 680 136 0.117726 0.877848 bookshelf
counter 165 288 228 315 0.265611 0.682666 BG
counter 174 312 179 317 0.23126 0.720124 BG
counter 236 270 277 284 0.229446 0.716567 BG
counter 126 290 213 386 0.166322 0.686783 BG
counter 191 275 296 370 0.12334 0.815324 BG
counter 137 252 330 292 0.102767 0.880336 BG
paper 0 244 39 287 0.226247 0.671417 BG
paper 240 492 255 505 0.196604 0.638399 BG
paper 194 496 206 504 0.196376 0.629281 BG
paper 187 502 213 530 0.163705 0.324703 BG
paper 0 112 17 151 0.147541 0.823426 BG
paper 187 515 191 519 0.131705 0.459257 BG
paper 668 153 680 183 0.128288 0.566124 BG
paper 179 192 268 246 0.122507 0.869677 BG
paper 0 223 152 288 0.121021 0.859987 books
paper 669 1 680 59 0.120321 0.670860 BG
paper 0 225 60 249 0.119283 0.857027 BG
paper 668 174 680 211 0.116224 0.454726 BG
paper 148 340 151 343 0.114675 0.594168 BG
paper 237 182 318 244 0.111379 0.843321 BG
paper 278 191 298 229 0.10943 0.855874 BG
paper 665 78 680 210 0.107663 0.642010 BG
paper 0 47 19 60 0.107149 0.863533 BG
paper 666 407 680 442 0.105935 0.519379 BG
paper 68 0 141 67 0.104372 0.825831 BG
paper 212 513 240 530 0.101286 0.182370 BG
paper 224 513 269 530 0.101118 0.200228 BG
box 265 223 312 242 0.111518 0.687164 BG
garbage_bin 507 191 525 204 0.392305 0.599851 BG
garbage_bin 469 206 516 224 0.34559 0.652076 BG
garbage_bin 499 190 530 232 0.269711 0.716658 BG
garbage_bin 469 214 487 223 0.150658 0.844831 BG
