picture 377 85 381 89 0.152027 0.716161 BG
paper 178 334 180 341 0.305767 0.533168 BG
paper 187 329 189 337 0.244949 0.614018 BG
paper 376 55 388 68 0.244651 0.503557 BG
paper 123 159 126 160 0.22191 0.627343 BG
paper 183 359 185 367 0.216409 0.693680 BG
paper 268 132 282 136 0.192364 0.763409 BG
paper 0 198 7 202 0.1897 0.473836 BG
paper 4 278 6 280 0.185339 0.390421 BG
paper 0 277 8 282 0.185133 0.567189 BG
paper 189 327 192 330 0.180019 0.698229 BG
paper 201 342 212 347 0.173922 0.725960 BG
paper 213 319 220 321 0.172665 0.414811 BG
paper 0 189 30 202 0.166038 0.495803 BG
paper 129 192 136 196 0.163144 0.679174 BG
paper 271 127 313 141 0.154884 0.786841 BG
paper 292 111 299 117 0.151909 0.760945 BG
paper 271 139 284 147 0.150777 0.807657 BG
paper 0 238 9 243 0.139458 0.564459 BG
paper 52 447 151 530 0.137845 0.611218 BG
paper 120 196 125 199 0.135087 0.565646 BG
paper 3 314 7 318 0.13474 0.585511 BG
paper 1 353 2 356 0.133984 0.467946 BG
paper 280 115 287 122 0.132992 0.820854 BG
paper 2 115 150 201 0.128369 0.670245 BG
paper 267 470 276 495 0.12797 0.565099 BG
paper 282 93 294 114 0.125845 0.690523 BG
paper 1 485 2 488 0.124064 0.458541 BG
paper 504 459 521 465 0.120983 0.301442 BG
paper 177 104 184 109 0.120934 0.644045 BG
paper 1 387 3 391 0.119701 0.491985 BG
paper 110 128 114 135 0.118945 0.597925 BG
paper 1 316 4 320 0.115226 0.456762 BG
paper 23 499 40 511 0.114853 0.760992 BG
paper 117 191 139 200 0.113266 0.772613 BG
paper 164 369 164 372 0.108965 0.728890 BG
paper 135 155 138 157 0.108636 0.871300 BG
paper 149 221 154 224 0.107997 0.837635 BG
paper 511 464 523 471 0.107692 0.391298 BG
paper 331 524 336 527 0.107608 0.508149 BG
paper 131 226 139 230 0.106483 0.677010 BG
box 361 52 378 63 0.350583 0.534824 BG
box 437 43 440 44 0.19321 0.525122 BG
box 441 33 445 44 0.175509 0.567056 BG
box 110 127 114 135 0.1661 0.597925 BG
box 1 486 3 488 0.147692 0.458541 BG
box 363 42 401 108 0.138403 0.725903 BG
box 330 523 336 527 0.127997 0.508149 BG
box 359 60 377 92 0.121364 0.683290 BG
box 375 55 389 68 0.118635 0.503557 BG
box 5 279 7 280 0.110113 0.390421 BG
box 1 354 3 356 0.101459 0.467946 BG
box 282 93 294 113 0.101262 0.690523 BG
box 1 388 4 391 0.100538 0.491985 BG
toilet 305 71 552 440 0.847476 0.102373 toilet
bag 1 199 7 201 0.101347 0.473836 BG
garbage_bin 504 458 521 465 0.142384 0.301442 BG
garbage_bin 511 463 523 471 0.135471 0.391298 BG
garbage_bin 267 468 276 494 0.112751 0.565099 BG
