chair 5 43 145 383 0.746852 0.191583 BG
chair 441 150 662 479 0.333863 0.653340 BG
sofa 30 177 669 511 0.120769 0.351457 bench&&floor
table 15 201 610 474 0.447521 0.386584 bench
door 648 3 677 115 0.120785 0.706839 BG
picture 557 5 647 58 0.361123 0.403562 BG
picture 168 1 293 9 0.231475 0.462308 BG
picture 561 10 647 182 0.22378 0.631613 BG
picture 179 4 234 17 0.190856 0.462636 BG
picture 1 2 35 33 0.159179 0.592518 BG
picture 433 2 489 33 0.15241 0.620678 BG
counter 0 170 669 477 0.122176 0.527202 bench
pillow 11 317 14 318 0.103286 0.640581 BG
mirror 391 12 534 216 0.190265 0.564971 BG
tv 13 174 56 187 0.159792 0.686579 BG
tv 174 4 235 17 0.1127 0.462636 BG
tv 3 8 122 193 0.107579 0.330196 BG
tv 429 2 488 33 0.101499 0.620678 BG
paper 307 222 314 231 0.123494 0.675476 BG
paper 602 148 643 166 0.117862 0.737838 BG
paper 317 222 324 227 0.11667 0.699397 BG
paper 131 172 164 191 0.103678 0.455797 BG
box 129 170 165 191 0.267742 0.455797 BG
box 233 125 243 130 0.163085 0.625974 BG
box 221 127 234 130 0.144988 0.635942 BG
box 102 58 144 115 0.113859 0.793404 BG
box 158 173 174 221 0.112963 0.730363 BG
box 488 226 509 238 0.107841 0.616447 BG
box 127 155 163 176 0.104535 0.688224 BG
lamp 401 124 484 197 0.222854 0.711410 BG
lamp 560 3 646 65 0.118858 0.403562 BG
lamp 414 7 533 266 0.108461 0.756732 BG
garbage_bin 657 194 679 224 0.133714 0.676030 BG
garbage_bin 665 199 679 210 0.120909 0.374530 BG
garbage_bin 637 107 645 115 0.105048 0.862998 BG
