chair 278 527 280 530 0.149158 0.347815 BG
sofa 152 123 638 507 0.143143 0.563618 counter
sofa 0 1 30 17 0.130235 0.279894 BG
sofa 0 267 309 519 0.125953 0.761729 BG
sofa 4 4 125 59 0.108227 0.318443 BG
table 219 164 680 474 0.108945 0.533920 counter
table 0 264 234 516 0.105071 0.503715 BG
picture 479 0 485 8 0.266204 0.670896 BG
picture 476 0 666 27 0.240267 0.272507 BG
picture 32 2 94 34 0.21054 0.267554 BG
picture 1 1 32 19 0.19207 0.279894 BG
picture 6 3 129 60 0.141018 0.318443 BG
picture 27 7 275 124 0.106222 0.478631 BG
picture 604 510 635 530 0.105517 0.291438 BG
picture 672 0 680 15 0.105113 0.495562 BG
picture 580 507 606 530 0.102472 0.341945 BG
counter 0 163 107 423 0.105422 0.349792 BG
desk 214 96 653 454 0.854707 0.109985 counter
pillow 182 381 261 470 0.490498 0.456813 BG
pillow 221 434 236 449 0.229844 0.753434 BG
pillow 351 21 430 115 0.150577 0.807549 BG
pillow 224 456 293 528 0.148055 0.637832 BG
pillow 2 153 74 178 0.141429 0.692459 BG
pillow 229 384 260 436 0.124487 0.848671 BG
pillow 231 402 240 408 0.116259 0.876264 BG
pillow 216 428 242 469 0.11475 0.862595 BG
pillow 31 172 43 179 0.108958 0.850195 BG
tv 464 0 680 28 0.413288 0.269994 BG
tv 575 0 680 15 0.145581 0.399925 BG
paper 181 225 215 258 0.648486 0.190010 BG
paper 190 260 192 261 0.440176 0.432403 BG
paper 51 503 56 507 0.248053 0.522440 BG
paper 43 505 54 514 0.241002 0.528348 BG
paper 43 512 46 514 0.231313 0.537982 BG
paper 461 257 490 267 0.228705 0.684753 BG
paper 346 475 473 530 0.2253 0.620273 BG
paper 294 253 352 263 0.217211 0.642698 BG
paper 25 496 59 530 0.197086 0.360191 BG
paper 53 499 59 503 0.180934 0.684801 BG
paper 444 243 514 277 0.171712 0.706133 BG
paper 659 115 665 116 0.169565 0.460899 BG
paper 23 32 31 39 0.149748 0.031639 BG
paper 648 114 659 116 0.148889 0.537200 BG
paper 93 322 149 347 0.148111 0.754618 BG
paper 23 41 29 51 0.145047 0.035091 BG
paper 194 459 259 530 0.139827 0.575477 BG
paper 39 514 47 519 0.1388 0.667012 BG
paper 93 495 129 530 0.137818 0.517161 BG
paper 146 453 530 530 0.136697 0.639655 BG
paper 620 275 679 285 0.128771 0.715487 BG
paper 109 494 129 513 0.122855 0.789763 BG
paper 673 305 680 313 0.122756 0.426116 BG
paper 616 112 617 113 0.118065 0.577587 BG
paper 609 8 611 10 0.113354 0.326918 BG
paper 637 516 653 530 0.113287 0.273332 BG
paper 2 53 38 84 0.110887 0.271351 BG
paper 605 511 635 530 0.109228 0.291438 BG
paper 1 356 6 359 0.107907 0.651925 BG
paper 58 495 64 501 0.107827 0.675116 BG
paper 57 497 59 501 0.105579 0.695542 BG
paper 635 343 680 399 0.105098 0.577074 BG
paper 647 180 680 195 0.103223 0.520323 BG
paper 640 48 680 80 0.101199 0.681028 BG
paper 255 82 276 91 0.100037 0.699577 BG
box 182 253 250 271 0.345574 0.416843 BG
box 235 422 247 435 0.246816 0.668260 BG
box 185 219 264 356 0.179594 0.388667 BG
box 616 112 618 113 0.165717 0.577587 BG
box 89 187 202 258 0.14888 0.559272 BG
box 609 96 623 111 0.147143 0.669277 BG
box 43 512 46 514 0.145721 0.537982 BG
box 43 504 54 514 0.144258 0.528348 BG
box 51 503 56 507 0.143241 0.522440 BG
box 235 414 270 434 0.135117 0.781374 BG
box 177 224 255 259 0.130314 0.570557 BG
box 85 124 240 237 0.121908 0.724446 BG
box 23 32 32 39 0.114234 0.031639 BG
box 208 300 257 327 0.11423 0.818888 BG
box 23 41 30 50 0.107223 0.035091 BG
box 175 143 224 174 0.104565 0.550135 BG
box 2 54 39 83 0.10032 0.271351 BG
sink 6 156 100 445 0.111978 0.349792 BG
lamp 445 263 508 277 0.110088 0.514342 BG
garbage_bin 73 241 200 383 0.981131 0.018641 recycle_bin
garbage_bin 176 278 194 307 0.796355 0.203535 BG
garbage_bin 8 152 87 375 0.763904 0.124976 garbage_bin
garbage_bin 161 270 196 293 0.700419 0.299380 BG
garbage_bin 184 251 260 329 0.6873 0.256081 BG
garbage_bin 73 267 196 303 0.683823 0.315737 BG
garbage_bin 182 287 192 293 0.678637 0.321266 BG
garbage_bin 189 289 196 333 0.659631 0.338663 BG
garbage_bin 285 423 286 425 0.633278 0.350825 BG
garbage_bin 188 294 194 301 0.619085 0.377506 BG
garbage_bin 186 278 194 288 0.599819 0.395852 BG
garbage_bin 189 307 191 310 0.475826 0.520976 BG
garbage_bin 100 343 104 352 0.423373 0.473805 BG
garbage_bin 23 174 174 530 0.383664 0.449361 BG
garbage_bin 272 415 286 427 0.364409 0.610705 BG
garbage_bin 288 412 291 422 0.359857 0.597999 BG
garbage_bin 263 423 270 431 0.350756 0.617020 BG
garbage_bin 196 290 212 325 0.318137 0.650141 BG
garbage_bin 196 320 199 324 0.301773 0.661752 BG
garbage_bin 181 207 267 480 0.289173 0.504778 BG
garbage_bin 179 259 197 273 0.277361 0.501188 BG
garbage_bin 165 281 178 293 0.266007 0.733990 BG
garbage_bin 91 292 95 295 0.243266 0.755975 BG
garbage_bin 100 280 115 286 0.217724 0.777552 BG
garbage_bin 198 298 257 362 0.197415 0.741796 BG
garbage_bin 83 342 103 364 0.182779 0.725797 BG
garbage_bin 74 270 110 292 0.168235 0.815762 BG
garbage_bin 258 420 264 424 0.158284 0.782950 BG
garbage_bin 22 32 32 40 0.15548 0.031639 BG
garbage_bin 57 176 75 188 0.147891 0.758582 BG
garbage_bin 23 41 30 51 0.129671 0.035091 BG
garbage_bin 196 263 204 271 0.126326 0.788024 BG
garbage_bin 252 407 270 424 0.105449 0.823614 BG
garbage_bin 89 150 233 300 0.101318 0.778107 BG
