chair 201 23 616 530 0.767458 0.219962 chair&&floor
chair 172 29 362 372 0.25478 0.737553 BG
chair 45 523 58 530 0.220849 0.296523 BG
chair 91 109 303 530 0.114072 0.878807 BG
table 11 110 183 526 0.129493 0.851224 bench&&counter
counter 0 219 159 482 0.164513 0.682092 counter
pillow 4 192 95 258 0.141642 0.613672 BG
pillow 1 204 41 281 0.107472 0.615686 BG
paper 91 188 101 198 0.290956 0.549852 BG
paper 1 236 17 281 0.174525 0.647348 BG
paper 562 444 566 455 0.167471 0.419766 BG
paper 72 181 96 206 0.156226 0.690166 BG
paper 83 189 90 197 0.153464 0.644732 BG
paper 94 194 102 204 0.146688 0.731989 BG
paper 1 222 77 294 0.138336 0.451063 BG
paper 68 165 112 172 0.13739 0.838600 BG
paper 46 165 149 208 0.130076 0.789662 BG
paper 561 360 583 392 0.114703 0.637088 BG
paper 568 473 570 479 0.113301 0.656316 BG
paper 16 151 61 167 0.111166 0.630395 BG
paper 573 389 586 400 0.107988 0.583264 BG
paper 159 25 201 105 0.106378 0.664012 BG
box 164 18 224 93 0.803329 0.150173 BG
box 199 13 239 79 0.527753 0.437130 BG
box 180 14 207 32 0.406791 0.567335 BG
box 228 5 255 78 0.33802 0.543215 BG
box 104 5 235 51 0.255057 0.672051 BG
box 0 187 100 294 0.222103 0.433172 BG
box 80 13 236 125 0.191404 0.713693 BG
box 15 150 64 167 0.162597 0.630395 BG
box 163 24 202 58 0.138409 0.716969 BG
box 32 166 61 173 0.133537 0.715727 BG
box 159 57 205 105 0.133067 0.721348 BG
box 121 2 229 21 0.100449 0.623478 BG
lamp 16 1 185 100 0.10878 0.525785 BG
bag 57 499 99 530 0.138771 0.292791 BG
bag 510 426 528 447 0.100506 0.629059 BG
garbage_bin 661 484 680 510 0.250764 0.613027 BG
garbage_bin 672 511 680 530 0.137128 0.173144 BG
garbage_bin 671 480 676 483 0.101714 0.802002 BG
