chair 435 168 542 385 0.980252 0.016947 BG
chair 429 164 501 263 0.403844 0.565794 BG
chair 557 161 603 204 0.386859 0.608137 BG
chair 420 198 452 253 0.271172 0.709529 BG
chair 383 167 409 387 0.254464 0.563644 BG
chair 537 178 548 192 0.225773 0.769967 BG
chair 427 175 436 203 0.181992 0.803278 BG
chair 589 158 604 225 0.178634 0.786268 BG
chair 582 162 600 175 0.178104 0.787659 BG
chair 389 160 437 271 0.173502 0.768255 BG
chair 442 228 491 248 0.165743 0.823014 BG
chair 421 173 438 234 0.164892 0.832098 BG
chair 548 174 552 198 0.151486 0.846632 BG
chair 554 170 560 198 0.145051 0.852958 BG
chair 585 197 590 221 0.133944 0.855205 BG
chair 498 167 557 198 0.128886 0.861762 BG
chair 477 174 542 260 0.124724 0.872347 BG
chair 413 224 494 281 0.108111 0.876739 BG
chair 409 181 425 202 0.106968 0.876511 BG
sofa 457 161 474 169 0.18928 0.473646 BG
sofa 437 163 455 174 0.167514 0.415399 BG
sofa 425 144 454 170 0.124594 0.422909 BG
sofa 436 159 436 164 0.101955 0.402090 BG
table 20 281 186 470 0.967676 0.008962 table
table 203 230 414 445 0.96731 0.023221 table
table 359 149 415 392 0.215698 0.616536 BG
table 7 302 194 344 0.11938 0.772254 BG
table 264 190 530 371 0.116173 0.675100 BG
picture 641 143 646 162 0.204264 0.438900 BG
picture 3 226 88 324 0.18035 0.306333 BG
picture 724 133 729 139 0.156495 0.209311 BG
picture 616 106 638 136 0.151234 0.622775 BG
picture 708 142 729 171 0.146806 0.231336 BG
picture 725 108 729 139 0.125052 0.265452 BG
picture 726 120 729 133 0.105527 0.197704 BG
counter 435 159 437 164 0.158233 0.402090 BG
counter 424 144 451 163 0.138756 0.370388 BG
counter 377 147 457 175 0.127729 0.598598 BG
counter 437 162 456 174 0.102189 0.415399 BG
desk 204 195 497 394 0.511308 0.354145 BG
desk 0 279 241 459 0.107463 0.271898 table
paper 265 408 309 448 0.750641 0.175230 BG
paper 223 216 279 262 0.67997 0.309653 BG
paper 264 381 307 414 0.673672 0.235691 BG
paper 242 228 251 233 0.648605 0.347557 BG
paper 224 228 347 247 0.588059 0.391303 BG
paper 16 272 87 296 0.550859 0.230694 BG
paper 16 247 64 267 0.479724 0.415016 BG
paper 256 227 269 231 0.476232 0.512589 BG
paper 671 121 703 132 0.460495 0.375526 BG
paper 15 289 77 296 0.457004 0.369895 BG
paper 708 143 729 170 0.322311 0.231336 BG
paper 670 126 676 131 0.319231 0.603580 BG
paper 237 205 362 233 0.315165 0.515125 BG
paper 221 216 398 270 0.311434 0.564039 BG
paper 670 134 702 139 0.305249 0.346093 BG
paper 200 327 225 352 0.295174 0.651368 BG
paper 270 154 359 258 0.29205 0.405239 printer
paper 232 218 241 223 0.27247 0.693176 BG
paper 4 227 86 322 0.269433 0.306333 BG
paper 216 343 225 353 0.252053 0.689824 BG
paper 226 245 347 262 0.236611 0.728106 BG
paper 209 329 222 342 0.236424 0.673837 BG
paper 208 342 217 352 0.234225 0.736551 BG
paper 727 120 729 133 0.221333 0.197704 BG
paper 725 133 729 139 0.217138 0.209311 BG
paper 727 107 729 120 0.175657 0.291034 BG
paper 670 134 702 155 0.161056 0.338712 BG
paper 702 167 729 197 0.160133 0.279677 BG
paper 725 108 729 139 0.155135 0.265452 BG
paper 277 221 347 237 0.151459 0.655642 BG
paper 641 142 645 161 0.151267 0.438900 BG
paper 123 306 125 309 0.150084 0.558419 BG
paper 646 146 659 160 0.141854 0.564498 BG
paper 272 3 281 4 0.131918 0.753049 BG
paper 136 274 141 278 0.13095 0.821454 BG
paper 273 206 287 223 0.127664 0.834440 BG
paper 66 177 77 178 0.125834 0.542684 BG
paper 238 0 285 7 0.118658 0.789379 BG
paper 141 272 150 278 0.11768 0.843804 BG
paper 132 301 139 305 0.114414 0.632292 BG
paper 451 143 451 144 0.113506 0.327788 BG
paper 453 143 459 144 0.109487 0.395193 BG
paper 250 4 253 6 0.109106 0.829212 BG
paper 647 157 658 159 0.104281 0.598971 BG
paper 266 114 298 128 0.103329 0.312878 BG
paper 265 353 283 384 0.102912 0.503663 BG
paper 146 263 202 278 0.102073 0.804000 BG
box 264 351 306 385 0.818644 0.093194 BG
box 273 367 292 372 0.524445 0.403467 BG
box 639 133 708 189 0.505351 0.272646 BG
box 668 134 704 156 0.458015 0.338712 BG
box 673 139 688 146 0.439893 0.462321 BG
box 668 133 704 140 0.321094 0.346093 BG
box 221 149 225 170 0.309756 0.522688 BG
box 641 159 648 164 0.304924 0.432688 BG
box 66 176 77 178 0.295751 0.542684 BG
box 223 162 392 273 0.295629 0.601186 BG
box 269 159 269 162 0.288597 0.587804 BG
box 217 168 220 171 0.28212 0.612596 BG
box 260 340 312 449 0.262284 0.270872 BG
box 641 143 660 165 0.259 0.420939 BG
box 645 160 659 165 0.258534 0.497312 BG
box 44 190 127 203 0.207348 0.513643 BG
box 227 159 245 169 0.199824 0.659791 BG
box 84 167 90 177 0.199447 0.626430 BG
box 382 145 397 162 0.191387 0.696596 BG
box 237 167 271 174 0.184507 0.712516 BG
box 674 120 705 133 0.160974 0.360543 BG
box 381 164 412 234 0.160045 0.666684 BG
box 1 228 88 317 0.156641 0.306287 BG
box 234 205 365 234 0.153165 0.515125 BG
box 111 183 257 269 0.151479 0.723815 BG
box 294 371 297 376 0.148323 0.705773 BG
box 707 141 729 170 0.144808 0.231336 BG
box 494 141 516 145 0.143748 0.567720 BG
box 229 152 266 169 0.140171 0.750009 BG
box 727 107 729 120 0.138686 0.291034 BG
box 59 200 64 202 0.132019 0.702427 BG
box 451 143 451 144 0.12568 0.327788 BG
box 253 152 269 161 0.118318 0.766902 BG
box 453 143 459 144 0.113474 0.395193 BG
box 726 120 729 133 0.112684 0.197704 BG
box 724 133 729 139 0.108967 0.209311 BG
box 725 108 729 139 0.104002 0.265452 BG
box 276 221 352 237 0.100135 0.655642 BG
whiteboard 30 10 218 243 0.513495 0.423938 BG
whiteboard 249 1 714 41 0.245319 0.692876 ceiling
whiteboard 624 48 720 96 0.149422 0.663507 BG
whiteboard 2 274 17 319 0.112513 0.699323 BG
lamp 13 294 85 318 0.127659 0.724625 BG
garbage_bin 172 321 264 447 0.94887 0.048410 recycle_bin
garbage_bin 179 440 201 467 0.234197 0.748581 BG
garbage_bin 242 339 260 459 0.218486 0.770935 BG
garbage_bin 244 357 257 386 0.146363 0.850937 BG
garbage_bin 245 359 252 370 0.130831 0.867223 BG
