bed 107 229 647 516 0.98972 0.006225 bed
bed 427 216 683 416 0.572761 0.396073 bed
chair 498 268 636 524 0.293348 0.456820 BG
chair 650 319 721 380 0.124964 0.607915 BG
chair 636 90 718 426 0.117444 0.808773 BG
chair 587 301 698 529 0.109572 0.849304 BG
sofa 463 192 671 479 0.367556 0.587126 BG
sofa 638 244 721 411 0.200115 0.605062 BG
sofa 76 168 722 528 0.113448 0.125226 bed
table 469 387 680 529 0.489937 0.447342 table
table 646 320 718 463 0.245147 0.685947 BG
picture 548 111 595 166 0.953244 0.030369 picture
picture 489 90 545 149 0.899081 0.075457 picture
picture 486 88 503 146 0.651316 0.314842 BG
picture 544 109 561 161 0.649273 0.293931 BG
picture 488 198 490 202 0.270078 0.607010 BG
picture 415 158 487 214 0.243388 0.599976 lamp
picture 490 197 503 202 0.227578 0.680824 BG
picture 574 127 587 156 0.195718 0.737188 BG
picture 492 201 506 219 0.164108 0.740199 BG
picture 485 198 538 232 0.158226 0.607005 BG
picture 514 201 538 214 0.155615 0.726444 BG
picture 665 1 729 18 0.151497 0.218003 BG
picture 451 158 481 195 0.132462 0.792997 BG
picture 484 214 510 230 0.119434 0.645123 BG
picture 720 13 729 23 0.105239 0.158733 BG
pillow 432 244 525 378 0.793124 0.206701 BG
pillow 287 212 443 342 0.746582 0.239039 BG
pillow 466 247 614 414 0.633914 0.320290 BG
pillow 292 210 379 281 0.340552 0.632007 BG
pillow 356 293 436 344 0.312532 0.671632 BG
pillow 283 257 333 284 0.307668 0.689435 BG
pillow 444 353 447 355 0.229107 0.769060 BG
pillow 577 212 643 255 0.207119 0.731044 BG
pillow 380 239 440 281 0.201324 0.705145 BG
pillow 673 297 729 332 0.177774 0.612962 BG
pillow 432 343 440 349 0.167913 0.830479 BG
pillow 432 327 439 336 0.160822 0.838981 BG
pillow 379 270 397 281 0.159829 0.791338 BG
pillow 382 261 410 277 0.156414 0.793633 BG
pillow 303 257 377 278 0.1512 0.825773 BG
pillow 361 266 438 316 0.135476 0.783440 BG
pillow 612 192 673 254 0.135127 0.719369 BG
pillow 396 272 405 277 0.124872 0.826673 BG
pillow 720 13 729 22 0.124684 0.158733 BG
pillow 549 253 639 309 0.124295 0.861262 BG
pillow 289 248 333 264 0.122214 0.835569 BG
pillow 381 317 393 330 0.119177 0.879842 BG
pillow 491 303 506 317 0.117878 0.821077 BG
pillow 279 265 295 279 0.114957 0.884872 BG
pillow 409 329 432 343 0.102419 0.897500 BG
clothes 553 237 565 243 0.161257 0.803687 BG
clothes 222 0 233 3 0.13307 0.761332 BG
clothes 488 198 585 257 0.132638 0.664138 BG
clothes 546 246 564 258 0.121395 0.853180 BG
paper 517 392 546 402 0.244007 0.651767 BG
paper 721 13 729 23 0.167664 0.158733 BG
paper 568 507 585 519 0.154467 0.578978 BG
paper 368 243 378 246 0.151916 0.776447 BG
paper 526 401 536 403 0.145538 0.771198 BG
paper 495 0 534 26 0.142571 0.691301 BG
paper 473 220 476 222 0.133785 0.740007 BG
paper 701 51 729 66 0.13142 0.524773 BG
paper 513 4 590 23 0.128664 0.697276 BG
paper 370 246 381 254 0.12611 0.740909 BG
paper 460 0 499 16 0.124254 0.622338 BG
paper 674 345 729 413 0.116266 0.267162 BG
paper 538 392 544 401 0.109179 0.797813 BG
paper 347 239 363 243 0.108156 0.838124 BG
paper 594 206 595 216 0.10685 0.814381 BG
paper 511 396 516 401 0.101693 0.822737 BG
paper 612 72 651 89 0.100226 0.855628 BG
box 681 341 728 379 0.252365 0.329073 BG
box 543 153 545 158 0.143194 0.740877 BG
box 445 219 467 256 0.141884 0.474894 BG
box 665 1 729 18 0.134528 0.218003 BG
box 673 356 728 412 0.133005 0.299958 BG
box 725 377 729 380 0.105612 0.211325 BG
person 618 0 729 22 0.112124 0.428945 BG
bag 667 1 728 17 0.100099 0.218003 BG
