cabinet 410 8 597 210 0.102513 0.629635 BG
bed 49 81 518 522 0.68794 0.187061 BG
sofa 1 1 410 502 0.658827 0.122629 sofa_chair
table 302 163 664 520 0.696085 0.117509 table
door 455 2 562 199 0.158648 0.689600 BG
door 515 1 616 200 0.101994 0.688684 BG
picture 16 481 18 483 0.100045 0.126094 BG
desk 397 193 671 523 0.541133 0.066277 table
pillow 0 476 158 529 0.109215 0.349205 BG
fridge 501 0 620 202 0.128488 0.562126 BG
tv 474 21 590 205 0.123368 0.589601 BG
paper 580 295 680 386 0.86433 0.090520 BG
paper 576 331 594 353 0.616387 0.382836 BG
paper 604 291 661 320 0.479931 0.485938 BG
paper 625 142 665 163 0.403616 0.390702 BG
paper 653 331 680 356 0.403253 0.431820 BG
paper 577 320 593 329 0.390381 0.609441 BG
paper 653 337 662 344 0.348589 0.604482 BG
paper 570 264 680 323 0.337125 0.607375 BG
paper 625 161 637 168 0.331909 0.603007 BG
paper 642 341 659 366 0.325793 0.526027 BG
paper 633 344 644 359 0.306796 0.524241 BG
paper 631 330 680 384 0.304843 0.529235 BG
paper 668 343 680 356 0.256928 0.485947 BG
paper 370 504 380 514 0.242922 0.514974 BG
paper 458 504 465 514 0.238004 0.488334 BG
paper 638 156 668 167 0.232861 0.569278 BG
paper 296 497 304 510 0.228907 0.601897 BG
paper 572 342 576 346 0.222153 0.775530 BG
paper 599 144 664 183 0.208305 0.461938 BG
paper 297 474 345 530 0.197541 0.498598 BG
paper 299 501 322 523 0.176855 0.623019 BG
paper 565 303 601 325 0.175543 0.814990 BG
paper 16 482 18 482 0.170419 0.126094 BG
paper 374 489 400 507 0.170195 0.593740 BG
paper 146 496 170 511 0.162051 0.523622 BG
paper 601 156 637 176 0.161528 0.678179 BG
paper 553 495 599 530 0.160771 0.376781 BG
paper 7 451 31 464 0.156733 0.114671 BG
paper 363 498 384 530 0.155921 0.410877 BG
paper 640 127 680 167 0.152862 0.648278 BG
paper 452 480 480 530 0.149288 0.483657 BG
paper 661 425 662 427 0.148927 0.321016 BG
paper 333 510 350 527 0.148837 0.528094 BG
paper 598 471 649 530 0.142198 0.436139 BG
paper 665 356 680 375 0.138554 0.630155 BG
paper 426 489 465 514 0.137425 0.690346 BG
paper 1 477 67 509 0.137038 0.507634 BG
paper 157 509 176 526 0.136533 0.633821 BG
paper 350 512 367 526 0.136326 0.516538 BG
paper 148 508 158 518 0.133742 0.625264 BG
paper 670 383 680 395 0.128464 0.649567 BG
paper 22 370 35 379 0.127612 0.440270 BG
paper 589 349 592 352 0.126674 0.869984 BG
paper 624 478 680 530 0.124611 0.483064 BG
paper 472 484 543 530 0.121608 0.466247 BG
paper 670 509 680 526 0.119605 0.487529 BG
paper 572 118 678 368 0.11785 0.716291 BG
paper 311 506 368 530 0.113509 0.369580 BG
paper 471 184 495 208 0.112799 0.874879 BG
paper 576 349 589 356 0.106601 0.891273 BG
paper 611 346 680 434 0.103411 0.717844 BG
paper 320 367 351 387 0.102482 0.876948 BG
paper 560 320 586 352 0.102365 0.893929 BG
paper 230 502 302 530 0.101649 0.398639 BG
paper 644 176 671 184 0.101516 0.740929 BG
paper 543 304 679 498 0.101218 0.559299 BG
paper 470 485 499 505 0.100314 0.730974 BG
paper 614 160 614 161 0.100131 0.718618 BG
box 603 80 670 162 0.809147 0.158330 BG
box 602 139 666 175 0.48502 0.254664 BG
box 601 147 605 154 0.404772 0.262961 BG
box 625 84 680 113 0.387017 0.590768 BG
box 640 101 679 144 0.348078 0.606595 BG
box 542 274 680 502 0.323351 0.404729 BG
box 571 71 674 402 0.202901 0.656367 BG
box 608 320 680 424 0.194371 0.439848 BG
box 533 195 544 199 0.16316 0.796999 BG
box 614 159 615 161 0.151795 0.718618 BG
box 626 12 676 112 0.149101 0.792021 BG
box 367 498 380 514 0.148851 0.487002 BG
box 630 85 645 91 0.141915 0.843718 BG
box 459 504 466 514 0.139242 0.488334 BG
box 597 465 650 529 0.129649 0.436139 BG
box 628 96 639 101 0.128348 0.870646 BG
box 146 495 171 511 0.123619 0.523622 BG
box 613 65 640 100 0.110241 0.870274 BG
box 374 487 400 507 0.107776 0.593740 BG
garbage_bin 600 147 604 155 0.207577 0.262961 BG
garbage_bin 473 53 610 209 0.150877 0.544470 BG
