bed 126 178 545 511 0.996009 0.003888 bed
bed 59 160 308 339 0.782027 0.201214 bed
bed 125 152 283 246 0.29601 0.696414 BG
chair 538 276 678 398 0.145865 0.681396 BG
door 166 5 246 147 0.115482 0.616339 BG
picture 134 67 166 115 0.49317 0.283205 BG
picture 120 11 176 108 0.277319 0.595091 BG
picture 41 4 100 63 0.215288 0.521535 BG
picture 122 34 140 117 0.183124 0.729608 BG
picture 153 10 173 63 0.149215 0.683577 picture
picture 513 31 518 39 0.135282 0.654351 BG
blinds 229 5 293 152 0.496547 0.345129 BG
blinds 169 4 243 142 0.123358 0.616339 BG
pillow 159 205 328 257 0.44504 0.526758 BG
pillow 263 211 327 250 0.15634 0.829781 BG
pillow 206 238 318 255 0.131735 0.866032 BG
pillow 336 388 353 394 0.127539 0.866437 BG
pillow 263 217 288 239 0.116022 0.871826 BG
pillow 179 212 240 267 0.113322 0.864453 BG
pillow 161 197 257 223 0.101335 0.879060 BG
pillow 318 378 339 398 0.100814 0.895604 BG
mirror 106 8 296 165 0.135304 0.560481 BG
mirror 119 3 178 74 0.101178 0.721136 BG
tv 1 88 23 172 0.145564 0.688243 BG
tv 36 3 85 56 0.104156 0.545430 BG
paper 546 347 554 353 0.228852 0.287266 BG
paper 377 395 420 498 0.200971 0.709668 BG
paper 119 73 130 97 0.190422 0.523852 BG
paper 134 70 152 114 0.143618 0.390209 picture
paper 543 348 556 385 0.104334 0.506883 BG
box 545 346 555 353 0.273997 0.287266 BG
box 18 91 68 168 0.259845 0.497466 BG
box 7 58 123 122 0.222403 0.576275 BG
box 475 507 507 528 0.135798 0.431753 BG
box 148 70 163 112 0.122047 0.508539 picture
box 118 73 131 96 0.120617 0.523852 BG
box 376 391 435 501 0.118725 0.733036 BG
box 38 41 39 51 0.114797 0.749584 BG
box 133 70 153 111 0.113294 0.390209 picture
box 416 424 420 431 0.108957 0.779139 BG
box 543 346 556 384 0.102792 0.506883 BG
box 537 304 571 382 0.102084 0.630278 BG
