chair 0 395 6 399 0.23245 0.723904 BG
chair 1 384 46 428 0.157084 0.806242 BG
chair 22 516 142 529 0.15376 0.352340 BG
chair 31 518 52 529 0.143388 0.381769 BG
chair 269 524 279 529 0.142215 0.577374 BG
chair 501 520 512 529 0.129819 0.702874 BG
chair 264 522 273 529 0.127365 0.540438 BG
chair 259 515 297 529 0.126453 0.613417 BG
sofa 500 191 661 354 0.692916 0.278236 BG
sofa 334 188 701 444 0.316165 0.608418 sofa_chair
sofa 724 407 729 417 0.13797 0.109547 BG
sofa 717 405 729 433 0.13102 0.097995 BG
table 6 198 270 465 0.98465 0.013138 table
door 1 2 22 161 0.124599 0.509672 BG
picture 32 446 36 455 0.147648 0.605844 BG
picture 169 34 230 77 0.126083 0.107980 BG
picture 191 502 194 504 0.117648 0.728009 BG
picture 513 151 522 166 0.117292 0.465299 BG
pillow 515 198 624 284 0.393909 0.526687 BG
paper 457 96 459 97 0.374084 0.434487 BG
paper 513 151 521 165 0.205088 0.465299 BG
paper 2 178 31 220 0.1559 0.714891 floor
paper 719 449 729 476 0.123144 0.327133 BG
paper 170 34 230 75 0.107586 0.107980 BG
paper 440 96 526 233 0.104318 0.396789 BG
paper 704 415 729 450 0.101007 0.329765 BG
box 31 446 36 454 0.125985 0.605844 BG
box 718 407 729 435 0.100821 0.097995 BG
whiteboard 36 3 674 281 0.992474 0.007163 whiteboard
whiteboard 400 97 534 267 0.534639 0.344413 BG
whiteboard 26 153 493 267 0.382378 0.599652 BG
whiteboard 27 0 248 215 0.381456 0.614210 BG
whiteboard 514 7 714 339 0.108891 0.844352 BG
lamp 171 34 228 76 0.167922 0.107980 BG
