chair 127 147 383 510 0.978691 0.020371 chair
chair 621 85 723 224 0.952422 0.046646 BG
chair 3 169 68 269 0.637748 0.304281 BG
chair 0 99 120 196 0.538169 0.452207 chair
chair 0 121 7 168 0.537243 0.462613 BG
chair 4 143 20 174 0.23244 0.765810 BG
chair 141 34 207 56 0.220211 0.580573 BG
chair 8 121 142 313 0.215203 0.666798 BG
chair 402 79 467 106 0.206533 0.755032 BG
chair 2 166 29 191 0.199338 0.777037 BG
chair 80 188 256 319 0.181013 0.798177 BG
chair 707 172 719 200 0.174345 0.784293 BG
chair 55 215 69 223 0.14422 0.826376 BG
chair 3 148 6 151 0.143792 0.855858 BG
chair 632 121 722 164 0.140059 0.855248 BG
chair 152 41 207 83 0.125732 0.816558 BG
chair 163 138 292 271 0.120718 0.877059 BG
chair 0 121 41 195 0.119665 0.880231 BG
chair 19 58 129 100 0.113019 0.812434 BG
chair 66 215 70 222 0.112013 0.861429 BG
chair 17 85 61 100 0.104608 0.849290 BG
chair 72 206 78 214 0.103499 0.865850 BG
sofa 720 113 729 137 0.111667 0.546136 BG
table 29 74 615 475 0.935792 0.012168 table&&floor
table 28 79 210 249 0.376747 0.532632 BG
picture 590 2 727 55 0.849327 0.066646 BG
picture 586 2 629 50 0.718993 0.186754 BG
picture 620 2 644 51 0.203954 0.400787 BG
desk 95 35 661 477 0.149742 0.176839 table&&floor
pillow 308 74 360 93 0.133423 0.839244 BG
mirror 581 3 647 52 0.107207 0.116952 BG
paper 724 272 729 284 0.210523 0.172590 BG
paper 244 55 280 71 0.152154 0.516879 BG
paper 135 82 185 102 0.141591 0.855406 BG
paper 183 89 186 92 0.138395 0.860158 BG
paper 3 253 50 275 0.125774 0.690411 BG
paper 136 91 152 96 0.11625 0.879645 BG
paper 137 91 144 93 0.11148 0.885382 BG
box 620 3 645 52 0.124511 0.400787 BG
box 724 271 729 283 0.113268 0.172590 BG
box 50 91 60 95 0.106569 0.370942 BG
whiteboard 345 0 564 61 0.825446 0.142287 whiteboard
whiteboard 13 3 132 77 0.48845 0.466654 BG
lamp 143 33 204 44 0.113767 0.540996 BG
garbage_bin 724 271 729 284 0.113368 0.172590 BG
