chair 66 135 223 423 0.938417 0.059914 chair
chair 400 156 543 439 0.91534 0.083265 chair
chair 211 258 398 472 0.903329 0.046372 chair
chair 512 130 585 323 0.70009 0.267193 chair
chair 534 135 694 326 0.612596 0.244176 chair&&table
chair 510 198 562 269 0.50964 0.452772 BG
chair 579 200 728 280 0.409044 0.552108 BG
chair 221 128 636 334 0.333629 0.306056 BG
chair 78 210 204 317 0.305618 0.693180 BG
chair 397 256 456 367 0.239371 0.758097 BG
chair 7 141 86 301 0.224468 0.738245 BG
chair 204 283 208 288 0.221487 0.776582 BG
chair 586 158 701 212 0.219598 0.669177 BG
chair 614 119 727 150 0.213202 0.707264 BG
chair 405 145 513 227 0.206314 0.719108 BG
chair 489 160 529 234 0.198607 0.783761 BG
chair 174 344 223 396 0.193039 0.789560 BG
chair 288 135 296 143 0.186415 0.714304 BG
chair 305 135 311 162 0.153485 0.830520 BG
chair 91 333 234 408 0.149035 0.840214 BG
chair 704 207 729 270 0.145413 0.793062 BG
chair 206 268 208 275 0.143375 0.848930 BG
chair 222 341 384 406 0.143288 0.846780 BG
chair 612 135 719 177 0.131181 0.576479 BG
chair 43 152 124 357 0.13001 0.869090 BG
chair 524 157 612 210 0.129157 0.809407 BG
chair 443 178 484 268 0.126318 0.869356 BG
chair 582 160 590 163 0.12487 0.761252 BG
chair 484 142 537 371 0.118972 0.875301 BG
chair 526 147 534 187 0.113336 0.872170 BG
chair 202 269 212 330 0.113181 0.886696 BG
chair 490 162 497 171 0.111908 0.877439 BG
chair 282 239 504 399 0.104122 0.437493 BG
chair 222 368 226 378 0.101652 0.883957 BG
table 193 153 449 461 0.975835 0.020237 chair&&table
table 587 131 729 335 0.935707 0.011525 table
table 614 154 729 223 0.721613 0.198675 BG
table 512 134 622 281 0.184984 0.413781 chair
table 606 129 729 182 0.128625 0.681715 BG
door 1 1 72 190 0.138198 0.203918 curtain
blinds 1 2 49 126 0.763903 0.137682 BG
blinds 591 3 727 127 0.355702 0.535628 curtain
blinds 22 55 38 120 0.335512 0.415079 BG
blinds 339 0 362 132 0.303195 0.667025 BG
blinds 325 0 335 164 0.289725 0.682467 BG
blinds 9 4 137 116 0.27932 0.691802 BG
blinds 293 0 343 165 0.264112 0.720988 BG
blinds 223 0 609 146 0.236666 0.753425 curtain
blinds 35 3 70 167 0.234474 0.457876 BG
blinds 195 0 217 76 0.217369 0.773059 BG
blinds 334 0 341 98 0.21114 0.756062 BG
blinds 210 0 227 115 0.204191 0.773850 BG
blinds 299 0 311 133 0.20208 0.785455 BG
blinds 271 0 297 138 0.1998 0.791849 BG
blinds 223 0 282 136 0.187523 0.802825 BG
blinds 176 0 201 79 0.171156 0.823677 BG
blinds 283 0 289 141 0.145291 0.845576 BG
blinds 251 0 265 127 0.134011 0.857574 BG
blinds 143 0 229 219 0.132073 0.794774 BG
blinds 165 0 339 164 0.120776 0.873664 BG
blinds 512 1 613 128 0.101264 0.835487 BG
desk 205 266 412 398 0.131689 0.453159 chair
desk 569 153 729 325 0.101169 0.089698 chair&&table
pillow 104 79 119 104 0.143515 0.808226 BG
pillow 13 234 23 237 0.117633 0.760212 BG
mirror 38 0 73 154 0.109845 0.693889 BG
paper 724 123 729 148 0.171084 0.241437 BG
paper 719 315 729 335 0.169629 0.284773 BG
paper 719 304 729 314 0.136081 0.390077 BG
paper 693 121 729 148 0.121667 0.558819 BG
paper 704 304 729 334 0.104785 0.579252 BG
paper 710 45 729 119 0.101751 0.226915 BG
box 73 100 74 101 0.216597 0.521021 BG
box 724 121 729 148 0.139279 0.241437 BG
box 72 100 77 113 0.102495 0.770443 BG
lamp 578 54 603 130 0.113176 0.695266 BG
lamp 108 60 144 77 0.107327 0.857594 BG
lamp 587 129 591 140 0.105177 0.818436 BG
garbage_bin 709 51 729 121 0.199376 0.258560 BG
garbage_bin 723 123 729 149 0.10964 0.241437 BG
garbage_bin 721 92 729 121 0.104438 0.380275 BG
