cabinet 613 66 729 200 0.111407 0.747904 BG
chair 26 205 246 451 0.995467 0.004121 chair
chair 268 212 532 462 0.984421 0.014716 chair
chair 184 209 198 217 0.122226 0.816580 BG
chair 335 223 356 231 0.113433 0.882651 BG
sofa 61 115 240 529 0.168581 0.394807 BG
sofa 557 194 717 250 0.149605 0.798111 BG
table 568 99 708 251 0.151128 0.694427 BG
bookshelf 593 21 729 207 0.138544 0.761914 BG
picture 2 80 49 161 0.62028 0.186800 BG
picture 26 147 30 151 0.215518 0.773677 BG
picture 9 148 32 174 0.198096 0.752944 BG
picture 1 155 10 174 0.127486 0.788396 BG
picture 4 170 11 175 0.127358 0.738658 BG
picture 640 1 653 15 0.111545 0.670139 BG
picture 490 0 551 192 0.109116 0.741860 BG
picture 719 22 729 81 0.106379 0.499272 BG
counter 1 163 61 239 0.418723 0.370058 BG
mirror 572 2 648 131 0.104216 0.744452 BG
fridge 6 63 64 529 0.136947 0.684904 BG
paper 286 192 313 204 0.704053 0.279783 BG
paper 252 202 295 224 0.575063 0.362275 BG
paper 280 193 282 203 0.535864 0.459986 BG
paper 255 192 355 207 0.394882 0.390762 BG
paper 256 192 282 207 0.266497 0.710933 BG
paper 417 394 422 399 0.246188 0.502744 BG
paper 423 383 429 389 0.211484 0.560175 BG
paper 419 389 432 396 0.197796 0.481684 BG
paper 389 377 395 385 0.144939 0.628817 BG
paper 436 398 441 401 0.137333 0.476588 BG
paper 631 52 632 56 0.134624 0.609793 BG
paper 430 384 437 388 0.134329 0.605028 BG
paper 432 388 434 391 0.13427 0.557358 BG
paper 396 380 401 392 0.127812 0.779185 BG
paper 629 59 633 66 0.103454 0.673019 BG
box 286 321 307 325 0.199258 0.798314 BG
box 535 224 536 228 0.18392 0.791608 BG
box 227 196 337 389 0.158239 0.772757 drawer
box 297 323 307 325 0.117043 0.881548 BG
box 237 247 242 249 0.111793 0.885484 BG
box 239 321 306 332 0.101641 0.894519 BG
whiteboard 261 3 499 202 0.425968 0.532415 BG
lamp 719 62 729 83 0.177385 0.479568 BG
lamp 697 20 728 101 0.17411 0.616525 BG
lamp 719 86 724 101 0.131042 0.572329 BG
garbage_bin 281 190 350 206 0.241791 0.271016 BG
garbage_bin 564 189 566 197 0.21186 0.523600 BG
garbage_bin 334 194 349 203 0.204152 0.725756 BG
garbage_bin 564 197 565 204 0.162484 0.694272 BG
garbage_bin 317 203 340 214 0.155523 0.735245 BG
garbage_bin 338 200 344 206 0.140204 0.823735 BG
garbage_bin 216 232 218 236 0.11609 0.833346 BG
garbage_bin 561 221 563 225 0.106819 0.856036 BG
garbage_bin 468 246 477 253 0.100992 0.863218 BG
