chair 4 247 188 498 0.742502 0.065907 BG
chair 139 215 372 402 0.682157 0.257597 futon
chair 268 199 282 215 0.269846 0.704462 BG
chair 268 202 274 208 0.180558 0.791104 BG
chair 458 238 520 262 0.144215 0.546282 BG
chair 240 167 279 206 0.129447 0.630282 BG
chair 335 171 354 176 0.12741 0.652044 BG
chair 446 235 538 290 0.114267 0.629891 coffee_table
chair 279 189 281 195 0.102094 0.783795 BG
sofa 292 175 409 298 0.975716 0.023225 sofa
sofa 171 180 390 399 0.872532 0.101939 futon
sofa 455 179 729 294 0.801915 0.195136 BG
sofa 433 176 567 264 0.400808 0.549089 BG
sofa 562 229 729 384 0.250668 0.685124 BG
sofa 243 182 682 391 0.236453 0.762087 BG
sofa 350 200 409 271 0.227672 0.753723 BG
sofa 619 170 637 177 0.202282 0.381687 BG
sofa 358 199 414 217 0.200689 0.723035 BG
sofa 536 228 576 258 0.200566 0.792168 BG
sofa 636 165 642 179 0.173116 0.220791 BG
sofa 593 326 729 366 0.152555 0.816672 BG
sofa 535 246 546 253 0.149744 0.782359 BG
sofa 410 168 514 224 0.123449 0.795024 BG
sofa 547 245 551 255 0.119315 0.850010 BG
sofa 548 229 577 236 0.116442 0.873008 BG
sofa 181 517 191 529 0.112763 0.397522 BG
sofa 640 165 656 181 0.112277 0.312060 BG
sofa 559 180 642 248 0.110818 0.880648 BG
sofa 292 168 320 175 0.109024 0.544743 BG
sofa 558 233 576 247 0.101581 0.865839 BG
table 22 273 230 498 0.637653 0.164717 BG
table 240 168 282 205 0.129276 0.630282 BG
table 313 282 536 458 0.115464 0.504385 BG
table 137 222 387 415 0.107936 0.609752 futon
table 218 114 319 199 0.104761 0.387389 BG
bookshelf 378 88 452 194 0.872907 0.115214 BG
bookshelf 384 136 446 167 0.538693 0.441493 BG
bookshelf 378 104 394 197 0.454781 0.506778 BG
bookshelf 387 161 406 166 0.386442 0.580597 BG
bookshelf 387 156 395 164 0.317628 0.659641 BG
bookshelf 383 142 391 166 0.26959 0.719586 BG
bookshelf 415 120 450 154 0.235526 0.747563 BG
bookshelf 397 158 401 164 0.21213 0.761083 BG
bookshelf 383 159 385 162 0.1308 0.856818 BG
bookshelf 299 141 306 165 0.105677 0.325557 BG
bookshelf 386 118 422 150 0.10256 0.884840 BG
bookshelf 386 141 400 161 0.100786 0.888146 BG
picture 674 99 729 203 0.35351 0.411871 BG
picture 650 145 683 178 0.275046 0.343842 BG
picture 715 103 729 169 0.267567 0.181692 BG
picture 654 58 701 179 0.256076 0.500877 BG
picture 715 145 723 167 0.253438 0.377250 BG
picture 670 145 683 154 0.237495 0.448159 BG
picture 670 157 682 178 0.213481 0.551317 BG
picture 550 142 556 152 0.190508 0.805425 BG
picture 547 155 555 158 0.18162 0.809548 BG
picture 717 44 729 51 0.148758 0.376777 BG
picture 688 160 718 202 0.146783 0.720361 BG
picture 674 83 693 148 0.146016 0.558221 BG
picture 98 3 180 63 0.143542 0.580523 BG
picture 546 12 714 161 0.135341 0.800539 BG
picture 3 37 41 270 0.11608 0.466314 BG
picture 622 161 625 162 0.112989 0.457576 BG
picture 120 43 190 154 0.100075 0.623268 BG
counter 352 171 359 188 0.237993 0.478822 BG
counter 430 174 443 180 0.218261 0.553603 BG
counter 382 168 432 199 0.1495 0.525112 BG
counter 636 164 642 180 0.134663 0.220791 BG
counter 430 175 445 211 0.115951 0.632463 BG
counter 320 154 380 176 0.114121 0.747332 BG
counter 620 169 637 177 0.113257 0.381687 BG
counter 292 166 321 176 0.110583 0.544743 BG
counter 334 166 361 191 0.108422 0.737153 BG
desk 220 108 321 197 0.173957 0.387389 BG
desk 308 267 537 469 0.112754 0.466851 BG
pillow 184 215 300 298 0.549254 0.401805 BG
pillow 215 191 238 213 0.12024 0.500872 BG
pillow 687 251 726 331 0.115631 0.810832 BG
pillow 443 175 509 223 0.113077 0.705816 BG
pillow 182 182 238 221 0.105867 0.617940 BG
pillow 355 181 359 189 0.105858 0.580251 BG
paper 605 0 622 6 0.301856 0.620464 BG
paper 625 6 664 10 0.284291 0.543324 BG
paper 13 297 21 300 0.221005 0.481198 BG
paper 575 2 610 14 0.218307 0.563074 BG
paper 671 178 677 187 0.211473 0.585767 BG
paper 164 145 165 146 0.20643 0.237394 BG
paper 718 44 729 51 0.182028 0.376777 BG
paper 708 46 723 54 0.1713 0.639317 BG
paper 705 36 729 50 0.166515 0.602314 BG
paper 689 185 708 199 0.15934 0.689407 BG
paper 710 27 729 31 0.150422 0.609990 BG
paper 702 8 729 27 0.14335 0.564024 BG
paper 543 75 576 88 0.139007 0.479879 BG
paper 539 77 541 79 0.134699 0.684415 BG
paper 427 72 455 77 0.128873 0.696943 BG
paper 715 144 723 167 0.122293 0.377250 BG
paper 674 97 729 204 0.116876 0.411871 BG
paper 684 185 692 192 0.104302 0.798081 BG
paper 719 102 729 145 0.102688 0.201012 BG
box 146 131 188 226 0.858482 0.128271 BG
box 226 115 313 172 0.739098 0.091309 BG
box 255 169 257 170 0.659614 0.305810 BG
box 221 108 254 169 0.540418 0.437524 BG
box 261 167 284 172 0.455552 0.397615 BG
box 171 149 176 155 0.445983 0.519471 BG
box 154 138 164 156 0.445332 0.521913 BG
box 499 281 515 295 0.383933 0.580695 BG
box 165 158 183 216 0.370682 0.483563 BG
box 167 144 173 156 0.352138 0.580016 BG
box 182 136 190 142 0.330813 0.415713 BG
box 300 143 306 159 0.327779 0.417886 BG
box 164 145 165 146 0.268953 0.237394 BG
box 232 161 253 170 0.230523 0.734038 BG
box 305 124 314 164 0.193341 0.541337 BG
box 438 281 515 295 0.190758 0.758509 BG
box 301 155 306 165 0.188678 0.399955 BG
box 150 151 157 156 0.179796 0.806657 BG
box 0 2 77 20 0.165916 0.540294 BG
box 717 44 729 51 0.165431 0.376777 BG
box 680 50 729 183 0.163957 0.421355 BG
box 609 154 635 166 0.160815 0.321759 BG
box 14 296 21 300 0.160196 0.481198 BG
box 576 144 587 175 0.144401 0.624911 BG
box 671 146 683 153 0.144281 0.448159 BG
box 576 2 609 15 0.144009 0.563074 BG
box 145 135 158 158 0.143811 0.830743 BG
box 701 7 729 28 0.142894 0.564024 BG
box 0 4 23 18 0.140201 0.549875 BG
box 709 27 729 32 0.130616 0.609990 BG
box 164 108 195 154 0.123681 0.727181 BG
box 651 98 683 174 0.119823 0.441095 BG
box 427 72 456 78 0.119412 0.696943 BG
box 306 155 311 166 0.116961 0.447701 BG
box 171 143 208 162 0.116719 0.787369 BG
box 506 244 519 245 0.11291 0.624973 BG
box 446 240 537 287 0.108989 0.629891 coffee_table
box 39 2 90 37 0.105263 0.644615 BG
box 704 36 729 50 0.10305 0.602314 BG
box 670 177 678 186 0.1 0.585767 BG
person 651 160 656 174 0.304748 0.576991 BG
person 642 149 680 181 0.282356 0.357006 BG
person 655 156 662 164 0.269664 0.565786 BG
person 656 174 666 183 0.221446 0.407337 BG
person 667 175 670 184 0.137023 0.586054 BG
person 641 162 655 181 0.105479 0.312060 BG
person 206 181 219 192 0.101712 0.814408 BG
person 220 186 222 193 0.100613 0.492629 BG
lamp 122 35 192 159 0.137951 0.623268 BG
lamp 671 27 729 147 0.133736 0.518893 BG
lamp 670 25 728 54 0.102596 0.670074 BG
garbage_bin 351 269 512 459 0.122662 0.466851 BG
garbage_bin 510 345 517 378 0.114522 0.615341 BG
garbage_bin 507 299 522 378 0.108797 0.782351 BG
garbage_bin 91 417 101 421 0.100639 0.829923 BG
