chair 272 212 416 470 0.98849 0.003979 chair
chair 107 203 282 375 0.227512 0.742635 BG
chair 284 236 392 327 0.196391 0.797718 BG
chair 4 192 158 254 0.184835 0.767742 BG
chair 333 200 406 265 0.13251 0.863962 BG
chair 51 127 130 173 0.1211 0.748780 BG
table 8 173 247 485 0.988739 0.004908 table
table 383 191 633 409 0.951016 0.026095 table
table 109 188 541 427 0.318408 0.470260 table
table 7 208 106 252 0.165642 0.666376 BG
table 260 177 402 399 0.121525 0.093267 chair
door 668 1 727 205 0.154 0.340620 BG
picture 5 1 98 18 0.373097 0.457286 BG
picture 714 13 729 31 0.266245 0.479389 BG
picture 582 1 631 3 0.24621 0.441464 BG
picture 579 3 686 88 0.229468 0.386760 BG
picture 1 36 11 53 0.190477 0.393290 BG
picture 7 6 105 75 0.17571 0.631283 BG
picture 688 296 729 313 0.141659 0.583442 BG
picture 670 9 728 202 0.114232 0.340620 BG
desk 295 175 626 416 0.29948 0.141556 table
desk 1 196 310 426 0.239386 0.108088 table
desk 279 171 396 343 0.115709 0.774685 BG
tv 417 112 523 200 0.527975 0.367123 monitor
paper 21 185 30 187 0.462526 0.517720 BG
paper 578 0 684 93 0.453296 0.399710 BG
paper 84 108 112 119 0.420772 0.321675 BG
paper 316 176 349 198 0.397211 0.493521 BG
paper 221 287 290 312 0.384136 0.486634 BG
paper 74 109 77 115 0.361008 0.523511 BG
paper 241 278 254 285 0.350346 0.580885 BG
paper 220 283 246 290 0.334178 0.624526 BG
paper 411 53 443 70 0.323958 0.535696 BG
paper 6 175 83 211 0.309781 0.634938 BG
paper 246 285 255 290 0.30527 0.619015 BG
paper 240 278 271 290 0.297948 0.577190 BG
paper 47 186 58 189 0.284997 0.653683 BG
paper 576 66 674 85 0.283034 0.641612 BG
paper 232 290 253 295 0.282177 0.669807 BG
paper 25 173 78 186 0.265959 0.677781 BG
paper 31 186 94 202 0.248498 0.691097 BG
paper 40 176 42 179 0.200118 0.742299 BG
paper 47 184 79 190 0.184267 0.710765 BG
paper 223 302 237 316 0.182361 0.767032 BG
paper 45 173 67 180 0.178664 0.755182 BG
paper 583 0 644 25 0.176547 0.675886 BG
paper 47 183 118 193 0.172683 0.765382 BG
paper 152 202 164 209 0.170702 0.828686 BG
paper 255 283 271 295 0.168902 0.667412 BG
paper 56 178 67 185 0.163386 0.732479 BG
paper 581 0 632 3 0.161581 0.441464 BG
paper 82 192 101 203 0.153535 0.779704 BG
paper 314 185 316 187 0.153112 0.814669 BG
paper 241 270 265 285 0.151347 0.692223 BG
paper 346 186 363 196 0.15124 0.768094 BG
paper 24 166 59 176 0.147771 0.789398 BG
paper 1 37 11 51 0.145933 0.393290 BG
paper 2 176 24 187 0.137198 0.821564 BG
paper 64 111 83 124 0.133023 0.711673 BG
paper 687 195 729 207 0.132017 0.471766 BG
paper 43 12 108 74 0.130509 0.323559 BG
paper 249 275 254 279 0.130293 0.756603 BG
paper 256 291 285 305 0.127597 0.700577 BG
paper 109 171 132 181 0.124031 0.745577 BG
paper 684 203 729 213 0.11791 0.478496 BG
paper 658 195 729 284 0.117699 0.535491 BG
paper 123 166 130 171 0.116989 0.592472 BG
paper 121 179 123 179 0.115953 0.833343 BG
paper 51 433 54 436 0.115799 0.565329 BG
paper 111 180 121 183 0.111301 0.779913 BG
paper 689 297 729 313 0.108018 0.583442 BG
paper 28 169 156 192 0.102177 0.873029 BG
paper 299 300 316 303 0.101318 0.620037 BG
box 49 65 50 71 0.40952 0.581846 BG
box 40 12 109 75 0.395124 0.323559 BG
box 196 116 237 155 0.235587 0.677140 BG
box 1 37 10 52 0.172311 0.393290 BG
box 20 85 109 173 0.162368 0.685640 BG
box 5 40 46 172 0.158278 0.796677 BG
box 132 97 253 152 0.12151 0.707066 BG
box 172 139 175 142 0.116647 0.671881 BG
whiteboard 128 6 266 157 0.855246 0.073979 whiteboard
garbage_bin 251 147 271 153 0.336057 0.425599 BG
