chair 3 241 75 515 0.336503 0.443154 chair&&table
chair 565 189 574 192 0.171699 0.814568 BG
chair 0 283 28 499 0.124479 0.676687 BG
chair 479 192 703 403 0.105502 0.805618 sofa_chair
sofa 479 189 720 466 0.92276 0.060431 sofa_chair
sofa 720 255 729 262 0.178827 0.167986 BG
table 0 343 70 515 0.612641 0.277504 chair&&table
table 28 191 339 355 0.423734 0.110327 desk
table 380 193 498 367 0.251218 0.576632 desk
bookshelf 606 29 638 90 0.122243 0.613353 BG
picture 611 3 708 66 0.402216 0.404088 BG
picture 631 1 711 7 0.338965 0.412302 BG
picture 606 4 636 89 0.245344 0.580879 BG
picture 723 100 729 133 0.161109 0.332993 BG
picture 312 49 358 110 0.141981 0.653301 BG
picture 620 115 637 135 0.140661 0.615083 BG
picture 456 189 495 197 0.136191 0.399381 BG
picture 474 120 487 138 0.132947 0.678412 BG
picture 690 56 699 77 0.119988 0.350942 BG
picture 691 4 729 86 0.113024 0.438744 BG
picture 54 1 156 17 0.104597 0.656650 BG
picture 161 1 202 24 0.103737 0.632401 BG
desk 39 188 375 360 0.970161 0.010728 desk
desk 373 185 502 366 0.165795 0.576632 desk
pillow 594 275 605 279 0.135316 0.843937 BG
pillow 611 276 640 285 0.111453 0.875186 BG
paper 701 460 708 462 0.184924 0.430335 BG
paper 693 56 699 63 0.15672 0.317739 BG
paper 1 92 3 96 0.139753 0.318707 BG
paper 351 56 358 104 0.130958 0.644447 BG
paper 723 455 729 458 0.122466 0.179986 BG
paper 610 60 617 70 0.121838 0.373765 BG
paper 64 174 76 177 0.121733 0.328450 BG
paper 320 0 361 25 0.121671 0.724792 BG
paper 690 56 699 77 0.11605 0.350942 BG
paper 720 228 729 256 0.109093 0.145614 BG
paper 361 12 388 25 0.105544 0.425750 BG
towel 687 306 728 437 0.109746 0.375155 BG
box 23 144 78 177 0.924031 0.067124 box
box 24 173 65 178 0.58514 0.396674 BG
box 676 49 694 64 0.50454 0.369879 BG
box 332 292 409 354 0.483173 0.486864 BG
box 634 36 701 66 0.417518 0.512566 BG
box 64 174 77 177 0.38894 0.328450 BG
box 610 59 617 69 0.344155 0.373765 BG
box 34 137 37 142 0.321904 0.667219 BG
box 20 135 43 149 0.30082 0.688719 BG
box 33 134 35 138 0.27352 0.715959 BG
box 24 136 98 218 0.26826 0.543802 BG
box 693 56 699 63 0.259492 0.317739 BG
box 64 140 100 176 0.250642 0.673206 BG
box 362 12 389 25 0.231782 0.425750 BG
box 606 39 637 88 0.193922 0.543951 BG
box 690 56 699 77 0.189023 0.350942 BG
box 20 94 42 146 0.1791 0.774951 BG
box 605 70 624 90 0.173472 0.604150 BG
box 7 77 62 211 0.172982 0.786348 BG
box 175 33 221 120 0.172465 0.610939 BG
box 705 229 720 241 0.160293 0.334712 BG
box 633 55 696 89 0.13709 0.655808 BG
box 293 100 294 105 0.135916 0.642296 BG
box 215 49 252 119 0.132194 0.535733 BG
box 705 242 720 246 0.131207 0.355584 BG
box 629 3 708 39 0.130353 0.484016 BG
box 672 57 690 87 0.112571 0.691687 BG
box 720 227 729 255 0.107425 0.145614 BG
box 70 518 80 529 0.102664 0.341962 BG
whiteboard 362 3 621 100 0.903205 0.069378 BG
whiteboard 14 2 194 162 0.64613 0.226483 BG
toilet 0 259 26 511 0.121347 0.676687 BG
lamp 19 17 28 30 0.242955 0.696385 BG
lamp 3 10 28 30 0.209787 0.719346 BG
lamp 1 10 12 20 0.184101 0.798481 BG
garbage_bin 209 305 214 320 0.512452 0.397054 BG
garbage_bin 202 308 208 319 0.297862 0.564380 BG
garbage_bin 202 209 324 362 0.176085 0.437000 BG
garbage_bin 217 342 219 350 0.168513 0.800557 BG
garbage_bin 193 305 207 310 0.164208 0.693255 BG
garbage_bin 178 309 203 321 0.144356 0.711733 BG
garbage_bin 703 115 729 257 0.130842 0.228218 BG
garbage_bin 704 230 720 241 0.115205 0.334712 BG
