chair 52 136 216 196 0.144815 0.768914 box
chair 161 137 162 139 0.131046 0.657434 BG
chair 43 171 48 175 0.112308 0.766389 BG
table 17 162 564 523 0.992049 0.004656 table&&floor
table 363 163 681 373 0.295088 0.686968 table
table 520 431 716 527 0.247287 0.543364 BG
picture 723 311 729 314 0.127886 0.176263 BG
paper 727 417 729 421 0.173318 0.145847 BG
paper 657 343 729 417 0.170771 0.287628 BG
paper 721 354 729 366 0.155523 0.194778 BG
paper 720 19 729 58 0.136396 0.411400 BG
paper 720 58 722 59 0.118997 0.295861 BG
paper 723 312 729 314 0.112709 0.176263 BG
paper 390 33 399 34 0.112327 0.588661 BG
paper 707 0 727 58 0.105039 0.707576 BG
box 204 159 213 161 0.444542 0.462892 BG
box 165 132 211 160 0.439524 0.533585 BG
box 42 123 126 145 0.320978 0.568808 BG
box 70 121 85 126 0.296943 0.661855 BG
box 42 140 47 146 0.252887 0.591875 BG
box 36 122 63 199 0.245623 0.692419 BG
box 37 121 85 130 0.23154 0.698408 BG
box 41 122 214 178 0.218093 0.689848 recycle_bin&&box
box 655 336 729 417 0.208949 0.287628 BG
box 58 122 73 127 0.19483 0.746890 BG
box 44 169 51 177 0.181384 0.751215 BG
box 207 137 283 161 0.141515 0.755578 BG
box 707 55 712 59 0.139196 0.590843 BG
box 203 129 209 131 0.136456 0.860163 BG
box 47 177 51 181 0.128819 0.770938 BG
box 671 2 700 59 0.120388 0.717839 BG
box 389 33 400 34 0.11899 0.588661 BG
box 680 192 729 278 0.112245 0.531536 floor
box 167 145 231 176 0.110308 0.787177 BG
box 206 129 226 147 0.108887 0.877373 BG
box 54 3 128 40 0.103372 0.626471 BG
box 630 1 687 57 0.100511 0.718566 BG
