cabinet 281 51 545 419 0.100106 0.693842 BG
chair 12 92 271 391 0.122503 0.612445 toilet
chair 455 5 462 9 0.119224 0.837315 BG
sofa 721 385 726 392 0.108218 0.427079 BG
sofa 725 386 729 391 0.101554 0.317411 BG
picture 725 99 729 103 0.103259 0.241238 BG
picture 484 1 543 6 0.100601 0.840842 BG
picture 230 97 239 100 0.100266 0.614337 BG
counter 334 39 729 182 0.257607 0.653813 BG
pillow 677 39 681 43 0.157481 0.831757 BG
pillow 23 96 120 159 0.123058 0.810034 BG
paper 530 51 582 122 0.796123 0.112026 BG
paper 564 65 593 126 0.404991 0.411248 BG
paper 535 39 588 65 0.393 0.569891 BG
paper 516 37 554 103 0.28916 0.659607 BG
paper 530 103 551 121 0.280189 0.487487 BG
paper 486 489 538 529 0.273384 0.253192 BG
paper 543 79 546 82 0.258218 0.712838 BG
paper 482 29 618 127 0.203256 0.521117 BG
paper 664 474 727 528 0.189047 0.318252 BG
paper 645 502 703 529 0.165425 0.092806 BG
paper 705 511 729 529 0.160693 0.112057 BG
paper 448 503 502 529 0.15826 0.322964 BG
paper 520 76 533 92 0.155895 0.764707 BG
paper 537 62 540 69 0.145827 0.786438 BG
paper 725 99 729 103 0.13865 0.241238 BG
paper 555 120 564 126 0.13778 0.637032 BG
paper 516 57 537 80 0.136088 0.780841 BG
paper 716 99 718 101 0.117503 0.292156 BG
paper 531 106 535 109 0.110482 0.709304 BG
paper 575 12 595 22 0.110098 0.801362 BG
box 403 121 491 389 0.287716 0.651837 BG
box 417 349 423 361 0.279675 0.700628 BG
box 413 347 423 376 0.259502 0.711975 BG
box 485 487 541 528 0.258848 0.253192 BG
box 402 362 406 373 0.18523 0.793927 BG
box 421 348 435 381 0.179703 0.785843 BG
box 531 106 552 120 0.148339 0.570602 BG
box 529 504 531 507 0.146478 0.569545 BG
box 483 13 619 127 0.140264 0.521117 BG
box 631 232 640 243 0.137207 0.821025 BG
box 645 502 704 529 0.135085 0.092806 BG
box 448 501 504 528 0.132791 0.322964 BG
box 705 510 729 529 0.131236 0.112057 BG
box 695 452 729 529 0.126994 0.126459 BG
box 622 473 729 529 0.124524 0.196646 floor
box 486 327 501 335 0.123513 0.685918 BG
box 716 99 718 101 0.120816 0.292156 BG
box 563 75 579 126 0.119576 0.374910 BG
box 637 220 645 234 0.114256 0.838077 BG
box 531 106 535 110 0.114198 0.709304 BG
box 530 511 547 529 0.113591 0.106032 BG
box 440 331 476 368 0.111558 0.825189 BG
box 448 519 462 529 0.109312 0.349108 BG
box 725 99 729 103 0.108971 0.241238 BG
person 660 0 692 44 0.256597 0.686455 BG
person 681 15 727 60 0.176222 0.772660 BG
person 670 8 675 16 0.125538 0.834337 BG
toilet 35 100 314 529 0.887579 0.091163 toilet
sink 332 12 729 420 0.971736 0.014998 sink
lamp 23 88 251 326 0.151929 0.612445 BG
lamp 230 96 239 101 0.109867 0.614337 BG
garbage_bin 70 384 113 430 0.172439 0.724770 BG
garbage_bin 503 25 517 50 0.141131 0.716694 BG
garbage_bin 715 100 726 106 0.140064 0.383306 BG
garbage_bin 92 383 98 390 0.138362 0.803506 BG
garbage_bin 87 410 100 424 0.130839 0.736479 BG
