chair 145 181 280 421 0.931889 0.067820 BG
chair 371 226 552 519 0.91589 0.081406 chair
chair 156 174 258 248 0.292895 0.694955 BG
chair 409 522 412 524 0.198247 0.407631 BG
chair 427 194 482 230 0.170345 0.826296 BG
chair 464 196 484 205 0.166899 0.832088 BG
chair 407 519 423 526 0.154062 0.465419 BG
chair 584 511 600 520 0.118969 0.639691 BG
chair 578 511 613 529 0.110631 0.476665 BG
chair 417 525 425 529 0.106481 0.241773 BG
sofa 1 23 76 81 0.123923 0.475051 BG
table 165 206 540 471 0.996655 0.001485 table
door 131 0 146 149 0.122698 0.720480 BG
door 133 23 139 88 0.116863 0.487020 BG
picture 191 0 373 74 0.921784 0.074963 BG
picture 356 3 367 72 0.81744 0.156921 BG
picture 653 191 729 247 0.543247 0.342120 BG
picture 608 368 716 473 0.455 0.217376 BG
picture 200 1 206 55 0.453374 0.504896 BG
picture 205 0 235 53 0.295371 0.696745 BG
picture 688 457 703 467 0.235408 0.390912 BG
picture 649 433 694 469 0.219195 0.516740 BG
picture 680 456 687 464 0.207375 0.565264 BG
picture 665 446 687 464 0.196243 0.514083 BG
picture 154 29 183 42 0.185428 0.396400 BG
picture 654 195 672 247 0.131486 0.836266 BG
picture 229 0 266 53 0.127583 0.852156 BG
picture 291 0 346 66 0.119633 0.869770 BG
picture 694 468 697 472 0.118363 0.520239 BG
picture 669 447 676 458 0.114015 0.583416 BG
blinds 622 376 721 446 0.238974 0.485343 BG
tv 587 517 612 529 0.118667 0.471689 BG
paper 511 190 531 199 0.200065 0.530731 BG
paper 395 506 401 514 0.145396 0.635117 BG
paper 702 254 729 268 0.133429 0.264806 BG
paper 154 29 182 42 0.129482 0.396400 BG
paper 392 513 397 524 0.120227 0.478710 BG
paper 711 408 725 426 0.107179 0.554356 BG
paper 706 423 715 444 0.106255 0.506512 BG
paper 410 522 412 524 0.105153 0.407631 BG
paper 410 519 423 526 0.104901 0.465419 BG
box 620 397 624 404 0.2201 0.728512 BG
box 29 69 44 73 0.207485 0.618143 BG
box 669 447 676 458 0.20737 0.583416 BG
box 668 217 679 242 0.201355 0.767301 BG
box 694 468 697 472 0.200171 0.520239 BG
box 532 475 586 528 0.180931 0.117121 BG
box 665 446 688 464 0.173199 0.514083 BG
box 661 213 729 261 0.164525 0.490008 BG
box 548 324 729 524 0.16258 0.363546 BG
box 680 456 687 464 0.141428 0.565264 BG
box 688 457 703 467 0.131565 0.390912 BG
box 154 29 183 50 0.129915 0.225441 BG
box 619 392 714 463 0.129604 0.407004 BG
box 648 433 695 469 0.126018 0.516740 BG
box 611 391 624 417 0.106832 0.828214 BG
box 611 369 653 439 0.104959 0.682096 BG
box 661 441 668 450 0.10364 0.659250 BG
garbage_bin 542 445 547 453 0.155737 0.647421 BG
garbage_bin 130 32 149 133 0.144791 0.720538 BG
garbage_bin 543 435 549 444 0.130299 0.719375 BG
garbage_bin 523 390 544 468 0.129562 0.819072 BG
garbage_bin 522 465 542 472 0.117728 0.791775 BG
garbage_bin 513 460 519 468 0.10621 0.829944 BG
