cabinet 2 186 17 334 0.137233 0.347432 BG
cabinet 4 173 47 342 0.113816 0.491281 BG
picture 426 6 428 7 0.272481 0.427491 BG
picture 290 1 323 23 0.239174 0.606801 BG
picture 473 257 490 289 0.228774 0.632752 BG
picture 437 1 517 41 0.226467 0.488889 BG
picture 217 1 265 18 0.223428 0.409944 BG
picture 481 272 489 276 0.197604 0.696135 BG
picture 444 1 459 6 0.194101 0.485756 BG
picture 482 207 491 214 0.171756 0.744805 BG
picture 394 4 395 7 0.16149 0.262093 BG
picture 292 4 433 116 0.154416 0.645186 BG
picture 476 281 490 287 0.141429 0.774179 BG
picture 371 2 445 68 0.134583 0.553694 BG
picture 0 2 65 48 0.121567 0.244624 BG
picture 181 1 187 7 0.119047 0.540294 BG
picture 474 272 486 282 0.113009 0.813580 BG
mirror 2 138 146 357 0.14339 0.135810 BG
fridge 6 111 105 349 0.18085 0.405924 BG
paper 453 89 489 116 0.300389 0.536617 BG
paper 472 98 489 108 0.289876 0.580202 BG
paper 459 129 475 134 0.289311 0.623338 BG
paper 476 90 482 93 0.286029 0.546542 BG
paper 475 129 483 133 0.279474 0.635572 BG
paper 445 129 487 137 0.27882 0.638812 BG
paper 394 3 395 7 0.271611 0.262093 BG
paper 454 78 468 94 0.244835 0.533764 BG
paper 373 25 381 32 0.234739 0.114826 BG
paper 444 0 459 6 0.211583 0.485756 BG
paper 483 14 492 19 0.209233 0.577491 BG
paper 364 520 382 525 0.1838 0.177146 BG
paper 438 0 496 33 0.182836 0.527197 BG
paper 482 17 489 21 0.179544 0.646416 BG
paper 363 31 371 38 0.175464 0.179933 BG
paper 476 19 479 23 0.174712 0.685759 BG
paper 446 136 451 138 0.172369 0.757250 BG
paper 142 370 157 401 0.170675 0.545986 BG
paper 365 522 367 523 0.169724 0.143680 BG
paper 2 0 63 47 0.161565 0.244624 BG
paper 366 106 374 130 0.160992 0.571296 BG
paper 460 17 488 29 0.15857 0.702713 BG
paper 426 5 428 7 0.158149 0.427491 BG
paper 159 327 172 372 0.156028 0.495050 BG
paper 497 17 498 21 0.156027 0.621003 BG
paper 160 268 165 269 0.154402 0.557245 BG
paper 166 264 175 273 0.137815 0.576599 BG
paper 495 9 504 15 0.136329 0.587809 BG
paper 142 393 150 401 0.135771 0.658675 BG
paper 340 209 353 240 0.135045 0.561547 BG
paper 142 395 158 416 0.134999 0.673759 BG
paper 370 129 378 141 0.134138 0.545177 BG
paper 174 260 175 265 0.131285 0.538088 BG
paper 441 10 497 94 0.13088 0.728080 BG
paper 490 16 497 19 0.129565 0.592419 BG
paper 361 31 383 58 0.127216 0.418556 BG
paper 356 496 379 518 0.12191 0.452623 BG
paper 142 399 147 406 0.119518 0.762517 BG
paper 155 398 158 402 0.116671 0.640600 BG
paper 165 275 171 279 0.110055 0.632879 BG
paper 481 165 491 168 0.109451 0.680340 BG
paper 501 13 507 14 0.10893 0.658968 BG
paper 161 176 171 191 0.103268 0.723235 BG
box 320 229 323 229 0.330865 0.501077 BG
box 81 31 86 37 0.324672 0.590738 BG
box 70 34 78 40 0.317622 0.584334 BG
box 53 35 72 42 0.313942 0.490109 BG
box 78 25 82 28 0.302879 0.589187 BG
box 68 22 80 29 0.256992 0.649149 BG
box 86 31 104 36 0.245484 0.660672 BG
box 84 36 99 45 0.234029 0.651860 BG
box 0 2 76 47 0.218086 0.429426 BG
box 490 16 497 20 0.209439 0.592419 BG
box 100 39 108 43 0.188977 0.652930 BG
box 495 9 504 16 0.187247 0.587809 BG
box 95 22 102 31 0.184354 0.709141 BG
box 302 239 308 243 0.178593 0.764758 BG
box 84 8 105 44 0.177242 0.747188 BG
box 363 519 383 525 0.175526 0.177146 BG
box 320 219 324 222 0.174838 0.720980 BG
box 366 213 372 217 0.170672 0.772862 BG
box 483 14 492 19 0.167392 0.577491 BG
box 34 38 75 48 0.16344 0.553863 BG
box 91 8 100 23 0.161033 0.770431 BG
box 339 208 354 239 0.159267 0.561547 BG
box 364 521 368 523 0.15835 0.143680 BG
box 481 165 490 169 0.156748 0.680340 BG
box 201 1 231 15 0.155905 0.520712 BG
box 205 1 216 8 0.155416 0.586438 BG
box 497 17 499 22 0.152745 0.621003 BG
box 100 18 103 22 0.151684 0.772480 BG
box 57 0 88 46 0.145646 0.786501 BG
box 215 2 264 18 0.145126 0.409944 BG
box 23 1 71 12 0.139431 0.687958 BG
box 58 2 154 48 0.13923 0.787426 BG
box 482 17 489 21 0.137334 0.646416 BG
box 77 39 113 53 0.130834 0.768976 BG
box 90 2 127 31 0.125094 0.821838 BG
box 76 14 95 24 0.125058 0.818966 BG
box 369 130 379 140 0.121112 0.545177 BG
box 476 19 479 23 0.118348 0.685759 BG
box 362 31 372 37 0.115624 0.179933 BG
box 501 12 507 15 0.115411 0.658968 BG
box 459 17 489 30 0.107114 0.702713 BG
box 161 176 172 206 0.103667 0.695254 BG
box 180 1 187 7 0.100969 0.540294 BG
whiteboard 10 98 91 333 0.108355 0.496035 BG
garbage_bin 236 322 242 351 0.152337 0.738660 BG
