chair 639 29 729 99 0.2583 0.560247 BG
chair 6 394 128 529 0.161981 0.579662 chair
chair 119 93 300 282 0.114003 0.693172 BG
sofa 11 391 173 529 0.166685 0.584230 chair
table 71 271 660 529 0.360314 0.199143 desk
door 441 3 457 98 0.123912 0.671380 BG
picture 444 1 446 10 0.266378 0.518558 BG
picture 679 2 729 59 0.199287 0.120462 BG
counter 0 248 725 405 0.96816 0.022710 desk&&counter
counter 605 332 722 392 0.286399 0.660605 BG
counter 0 73 188 201 0.122216 0.741639 BG
counter 0 72 281 99 0.10858 0.795406 BG
blinds 442 4 456 97 0.107429 0.671380 BG
desk 2 268 660 529 0.928998 0.011386 desk
tv 0 0 32 3 0.461018 0.499011 BG
tv 124 139 371 250 0.443152 0.531833 BG
paper 572 180 583 188 0.483774 0.500321 BG
paper 85 288 178 317 0.307672 0.677966 BG
paper 392 502 448 529 0.294259 0.549286 BG
paper 664 181 729 208 0.277375 0.344361 BG
paper 681 274 729 341 0.209914 0.426016 BG
paper 348 211 428 250 0.176869 0.660903 BG
paper 726 92 729 93 0.158717 0.212471 BG
paper 703 205 729 230 0.155395 0.506657 BG
paper 285 326 367 342 0.149593 0.810414 BG
paper 355 243 396 257 0.14345 0.817618 BG
paper 720 223 729 231 0.140369 0.351618 BG
paper 470 180 578 189 0.139391 0.729437 BG
paper 253 271 275 277 0.136947 0.860985 BG
paper 426 464 431 473 0.136681 0.756208 BG
paper 466 86 470 88 0.136625 0.792645 BG
paper 254 269 297 295 0.131981 0.867586 BG
paper 395 320 401 327 0.125013 0.684970 BG
paper 376 97 393 104 0.113844 0.758145 BG
paper 23 318 31 320 0.113642 0.602079 BG
paper 721 53 729 58 0.109788 0.238597 BG
paper 725 485 729 489 0.108963 0.119992 BG
paper 583 80 628 98 0.104075 0.805562 BG
paper 480 84 504 88 0.101024 0.788368 BG
paper 277 258 313 297 0.100427 0.896761 BG
box 426 488 434 491 0.785733 0.206418 BG
box 359 472 487 529 0.758426 0.208893 BG
box 298 443 425 529 0.641463 0.242336 BG
box 361 464 428 484 0.519024 0.475897 BG
box 445 493 448 494 0.325564 0.626230 BG
box 662 178 729 231 0.262035 0.282472 BG
box 22 319 32 320 0.203378 0.602079 BG
box 682 262 729 339 0.176605 0.426016 BG
box 664 4 729 59 0.141526 0.265184 BG
box 349 207 443 255 0.139268 0.669091 BG
box 200 115 205 117 0.127957 0.660020 BG
box 719 222 729 231 0.122027 0.351618 BG
box 620 212 654 240 0.116002 0.834499 BG
box 616 82 632 96 0.115659 0.803543 BG
box 272 84 282 88 0.105292 0.779473 BG
whiteboard 461 0 660 108 0.152303 0.475912 BG
night_stand 412 201 580 334 0.150501 0.549194 printer
bag 301 234 340 256 0.178475 0.639667 BG
bag 331 244 336 250 0.146233 0.673116 BG
bag 306 256 313 259 0.118889 0.671780 BG
garbage_bin 446 165 676 326 0.294209 0.396825 printer
garbage_bin 419 263 440 320 0.1646 0.791852 BG
garbage_bin 700 482 729 489 0.124891 0.174519 BG
garbage_bin 724 485 729 489 0.106583 0.119992 BG
garbage_bin 616 246 677 339 0.105147 0.755560 BG
