cabinet 283 49 439 439 0.399197 0.452833 BG
cabinet 379 229 394 265 0.257197 0.571654 BG
cabinet 354 214 387 269 0.229692 0.722258 BG
cabinet 378 217 391 236 0.112014 0.831472 BG
chair 117 520 126 529 0.111518 0.480586 BG
sofa 302 307 709 523 0.184767 0.408990 floor
door 359 30 446 379 0.195263 0.504299 BG
picture 15 3 171 68 0.31932 0.432258 BG
picture 61 103 96 126 0.264159 0.502238 BG
picture 481 36 501 74 0.243803 0.574024 BG
picture 24 12 223 312 0.214002 0.627564 BG
picture 62 2 198 30 0.202914 0.678146 BG
picture 677 104 696 149 0.178831 0.531639 BG
picture 496 75 503 81 0.158352 0.572325 BG
picture 87 135 99 148 0.156792 0.676185 BG
picture 291 5 293 9 0.149927 0.327627 BG
picture 67 134 99 157 0.147271 0.718720 BG
picture 624 93 640 154 0.144703 0.638434 BG
picture 716 303 729 314 0.141503 0.214109 BG
picture 84 145 88 148 0.133507 0.720029 BG
picture 85 145 97 157 0.132985 0.744076 BG
picture 74 134 78 140 0.132572 0.746666 BG
picture 15 1 50 6 0.122702 0.460981 BG
picture 57 1 61 3 0.110206 0.453398 BG
picture 581 1 706 26 0.110077 0.378076 BG
picture 48 2 58 9 0.110035 0.355340 BG
picture 658 0 705 10 0.108954 0.553289 BG
picture 456 1 464 5 0.104097 0.649951 BG
picture 141 36 174 58 0.103704 0.767789 BG
picture 562 2 725 64 0.10181 0.659108 BG
counter 0 260 142 293 0.104027 0.771466 BG
blinds 2 87 63 127 0.233725 0.585336 BG
blinds 0 79 23 101 0.130516 0.698655 BG
blinds 290 151 294 193 0.107287 0.730993 BG
tv 154 522 169 529 0.109065 0.454054 BG
tv 152 525 159 529 0.103155 0.493985 BG
paper 235 391 240 393 0.345182 0.388581 BG
paper 467 123 490 160 0.315191 0.286456 BG
paper 157 251 164 253 0.265076 0.589503 BG
paper 83 513 86 517 0.256253 0.250546 BG
paper 332 508 333 512 0.250964 0.356700 BG
paper 76 517 82 526 0.25023 0.189463 BG
paper 83 511 93 517 0.24439 0.344867 BG
paper 41 148 47 155 0.242797 0.622278 BG
paper 323 488 340 502 0.239778 0.451309 BG
paper 183 198 185 204 0.233843 0.647819 BG
paper 285 445 386 529 0.226683 0.188531 BG
paper 48 151 59 160 0.224423 0.693848 BG
paper 41 134 83 162 0.220678 0.633826 BG
paper 114 182 212 266 0.211549 0.679299 BG
paper 312 499 320 509 0.210039 0.506179 BG
paper 679 113 695 131 0.201448 0.511125 BG
paper 367 394 377 402 0.189273 0.741813 BG
paper 603 4 654 22 0.185088 0.535474 BG
paper 656 2 666 10 0.176251 0.656712 BG
paper 296 499 322 529 0.175769 0.396769 BG
paper 368 403 372 406 0.17482 0.781109 BG
paper 680 104 695 114 0.173214 0.672066 BG
paper 360 410 362 411 0.162176 0.766354 BG
paper 57 152 76 162 0.161398 0.779432 BG
paper 634 4 656 15 0.15946 0.688637 BG
paper 23 151 56 169 0.159012 0.716810 BG
paper 143 250 179 264 0.15773 0.742838 BG
paper 300 512 311 524 0.15309 0.569805 BG
paper 72 523 75 529 0.151404 0.075005 BG
paper 291 4 294 9 0.151259 0.327627 BG
paper 281 53 291 139 0.147504 0.505538 BG
paper 663 0 672 2 0.146876 0.738813 BG
paper 716 303 729 315 0.146372 0.214109 BG
paper 209 357 212 359 0.145331 0.636325 BG
paper 63 524 68 529 0.1435 0.069564 BG
paper 456 0 464 5 0.142874 0.649951 BG
paper 210 398 222 410 0.132033 0.707763 BG
paper 78 489 140 529 0.130534 0.597657 BG
paper 657 0 701 10 0.128098 0.553289 BG
paper 362 397 369 403 0.127663 0.810155 BG
paper 333 484 342 495 0.125431 0.659099 BG
paper 1 495 11 504 0.125405 0.098315 BG
paper 428 94 435 100 0.121038 0.477298 BG
paper 135 46 143 53 0.119755 0.769760 BG
paper 48 1 58 9 0.117316 0.355340 BG
paper 678 83 696 141 0.114683 0.654432 BG
paper 15 0 51 6 0.11282 0.460981 BG
paper 129 45 158 74 0.111714 0.709907 BG
paper 199 398 206 409 0.110897 0.748304 BG
paper 286 115 291 138 0.10841 0.653879 BG
paper 623 94 640 153 0.106235 0.638434 BG
paper 52 160 76 169 0.101165 0.848472 BG
box 447 226 489 338 0.279431 0.628837 BG
box 466 121 490 160 0.257408 0.286456 BG
box 332 507 334 512 0.191961 0.356700 BG
box 76 517 83 526 0.173765 0.189463 BG
box 283 439 391 528 0.172743 0.188531 BG
box 71 524 76 529 0.15704 0.075005 BG
box 62 525 69 529 0.153006 0.069564 BG
box 82 513 87 517 0.151743 0.250546 BG
box 323 486 341 502 0.13969 0.451309 BG
box 88 224 118 258 0.139181 0.689588 BG
box 312 499 321 509 0.138247 0.506179 BG
box 514 31 524 36 0.134819 0.790486 BG
box 1 263 3 274 0.132924 0.710113 BG
box 83 511 94 517 0.130321 0.344867 BG
box 1 496 12 503 0.126222 0.098315 BG
box 80 226 93 263 0.125394 0.703601 BG
box 291 5 293 9 0.124655 0.327627 BG
box 75 241 84 263 0.123606 0.714891 BG
box 130 34 145 47 0.122911 0.727186 BG
box 45 233 86 268 0.117827 0.712144 BG
box 296 497 324 529 0.113055 0.396769 BG
box 393 293 437 331 0.111308 0.735272 BG
box 70 251 74 256 0.110457 0.797461 BG
box 67 254 77 265 0.109335 0.791118 BG
box 1 261 16 274 0.108594 0.765318 BG
box 430 301 435 311 0.10001 0.794235 BG
whiteboard 484 1 700 45 0.11014 0.610242 ceiling
person 6 152 24 167 0.155217 0.605385 BG
person 10 156 14 160 0.101362 0.714070 BG
bag 1 133 21 160 0.234312 0.626548 BG
bag 10 154 21 160 0.158999 0.582860 BG
bag 17 126 70 153 0.135507 0.674865 BG
bag 10 157 13 159 0.112146 0.714070 BG
garbage_bin 280 234 375 423 0.166951 0.620269 water_fountain
garbage_bin 71 524 76 529 0.101961 0.075005 BG
