cabinet 195 176 489 319 0.951678 0.043132 cabinet
cabinet 441 238 729 529 0.460944 0.048973 cabinet
cabinet 222 184 260 306 0.444337 0.515428 BG
cabinet 330 205 533 487 0.355554 0.471053 BG
cabinet 375 207 478 331 0.223388 0.691904 BG
chair 567 137 693 270 0.642774 0.336800 BG
chair 561 156 639 209 0.607799 0.367142 BG
chair 154 291 220 483 0.239657 0.686653 BG
chair 203 329 226 439 0.120743 0.871302 BG
chair 350 264 558 510 0.101946 0.437738 BG
sofa 591 90 712 395 0.259051 0.566436 BG
table 333 269 681 529 0.223067 0.214680 cabinet
table 0 304 188 490 0.104979 0.717108 BG
bookshelf 577 19 729 254 0.106405 0.806461 shelf&&shelves
picture 605 1 729 29 0.351576 0.412042 BG
picture 688 0 729 13 0.276552 0.513672 BG
picture 590 81 725 130 0.242662 0.296690 BG
picture 714 109 729 156 0.132115 0.365545 BG
counter 218 213 235 227 0.253831 0.617855 BG
counter 244 241 718 526 0.219633 0.264646 cabinet
counter 0 219 201 345 0.103904 0.765665 BG
desk 442 224 729 529 0.275799 0.139468 cabinet
desk 642 133 724 319 0.151492 0.615383 BG
desk 0 277 217 347 0.114821 0.544193 BG
dresser 442 226 723 528 0.18007 0.033277 cabinet
pillow 633 163 666 203 0.111399 0.785890 BG
tv 584 81 724 131 0.16 0.296690 BG
tv 237 110 322 174 0.106682 0.663640 printer
paper 676 146 686 151 0.316201 0.658393 BG
paper 685 142 707 148 0.28895 0.654868 BG
paper 671 130 720 144 0.242383 0.625173 BG
paper 607 3 647 11 0.220971 0.744274 BG
paper 151 186 193 214 0.20836 0.682191 BG
paper 148 168 182 202 0.152835 0.798471 BG
paper 85 338 110 344 0.142125 0.567945 BG
paper 164 193 175 208 0.137329 0.749822 BG
paper 661 128 679 137 0.136447 0.840883 BG
paper 712 380 729 399 0.129158 0.513954 BG
paper 533 460 611 528 0.127139 0.437277 BG
paper 149 203 163 214 0.117828 0.820409 BG
paper 603 1 729 29 0.117234 0.412042 BG
paper 252 100 271 109 0.115617 0.779063 BG
paper 77 287 119 295 0.111435 0.794847 BG
paper 686 112 729 156 0.110421 0.759820 BG
paper 530 498 557 529 0.109249 0.494033 BG
paper 172 174 185 192 0.108281 0.821771 BG
paper 698 297 729 325 0.106865 0.401776 BG
paper 280 103 296 113 0.105367 0.663678 BG
paper 665 293 729 389 0.101507 0.556340 BG
paper 267 102 312 116 0.100018 0.669982 BG
box 97 166 220 217 0.382248 0.547650 BG
box 149 183 222 267 0.241244 0.688397 BG
box 447 275 456 288 0.237148 0.731114 BG
box 145 245 188 270 0.221184 0.739796 BG
box 117 244 209 337 0.218573 0.720777 BG
box 105 175 126 192 0.2178 0.751744 BG
box 1 274 5 303 0.187834 0.622015 BG
box 93 318 152 370 0.178263 0.618500 BG
box 159 314 171 326 0.176604 0.812329 BG
box 154 312 156 314 0.174745 0.790336 BG
box 10 272 180 371 0.166442 0.645667 BG
box 105 184 113 192 0.153804 0.833440 BG
box 150 316 160 324 0.145991 0.827954 BG
box 90 343 108 353 0.138482 0.629007 BG
box 702 106 729 159 0.137644 0.452302 BG
box 8 256 181 300 0.134931 0.763349 BG
box 134 292 181 325 0.134872 0.805741 BG
box 84 337 112 343 0.127794 0.567945 BG
box 75 133 151 173 0.12746 0.572072 BG
box 17 291 181 321 0.125262 0.587124 BG
box 669 127 723 144 0.123085 0.625173 BG
box 150 316 174 339 0.123043 0.855743 BG
box 4 285 6 286 0.122556 0.832118 BG
box 703 147 713 151 0.118211 0.787038 BG
box 160 199 207 226 0.112535 0.671136 BG
box 220 194 224 198 0.109747 0.807062 BG
box 451 289 460 296 0.108255 0.877150 BG
box 531 498 559 527 0.102656 0.494033 BG
box 251 106 323 183 0.100867 0.685188 printer
box 4 277 9 286 0.100001 0.859565 BG
whiteboard 477 343 545 503 0.102768 0.442763 BG
lamp 599 21 721 170 0.176804 0.539906 BG
bag 552 233 681 320 0.103676 0.475827 BG
garbage_bin 308 104 325 114 0.215123 0.598018 BG
