cabinet 0 1 207 239 0.909566 0.043845 BG
cabinet 154 0 265 234 0.319633 0.288196 BG
chair 0 143 268 474 0.844288 0.101378 sofa_chair
chair 540 241 708 511 0.337606 0.499664 BG
sofa 286 146 525 249 0.280909 0.710594 BG
sofa 280 120 729 347 0.270391 0.684826 sofa
sofa 543 197 729 360 0.201563 0.780895 BG
table 0 151 267 473 0.327905 0.060686 sofa_chair
table 513 223 706 506 0.198891 0.577647 BG
door 162 3 296 179 0.295058 0.397248 BG
door 6 4 196 167 0.164497 0.397502 BG
door 0 3 29 100 0.133628 0.572278 BG
picture 350 1 361 5 0.291764 0.559839 BG
picture 348 6 353 7 0.154914 0.742380 BG
picture 149 1 158 5 0.145457 0.796956 BG
picture 350 6 361 18 0.112083 0.762960 BG
counter 284 80 729 353 0.13117 0.689701 sofa
counter 0 70 304 200 0.101933 0.237795 BG
blinds 201 0 281 66 0.381704 0.529009 BG
blinds 204 0 301 173 0.174622 0.510004 BG
blinds 24 2 302 118 0.167461 0.613936 BG
paper 92 291 97 295 0.219502 0.546637 BG
paper 28 127 29 133 0.157149 0.557141 BG
paper 12 111 27 135 0.142281 0.634784 BG
paper 2 294 34 320 0.141535 0.639977 BG
paper 703 283 729 300 0.140822 0.218344 BG
paper 1 321 6 330 0.12667 0.693149 BG
paper 5 314 21 322 0.123324 0.675636 BG
paper 192 67 205 78 0.121961 0.739536 BG
paper 201 61 207 77 0.110403 0.712654 BG
paper 87 291 97 300 0.107972 0.748743 BG
paper 3 118 27 174 0.10031 0.470090 BG
paper 112 258 123 264 0.100202 0.871408 BG
box 149 249 156 255 0.191386 0.628438 BG
box 1 115 12 150 0.163892 0.538713 BG
box 4 116 28 173 0.148734 0.470090 BG
box 27 127 30 134 0.147427 0.557141 BG
box 60 50 75 60 0.135207 0.666518 BG
box 1 295 37 320 0.127225 0.639977 BG
box 154 244 158 249 0.121811 0.648190 BG
box 22 131 38 166 0.11426 0.678798 BG
box 5 315 22 322 0.113767 0.675636 BG
box 12 112 28 135 0.101806 0.634784 BG
lamp 707 344 729 347 0.388685 0.369254 BG
lamp 700 343 704 346 0.288925 0.695183 BG
garbage_bin 305 174 308 175 0.338181 0.472153 BG
garbage_bin 285 222 319 258 0.175319 0.771095 BG
garbage_bin 687 65 729 164 0.133842 0.437968 BG
garbage_bin 175 56 287 196 0.129598 0.690252 BG
garbage_bin 702 282 729 300 0.127083 0.218344 BG
garbage_bin 295 71 357 138 0.12118 0.720261 BG
garbage_bin 296 61 361 76 0.109975 0.783221 BG
