sofa 0 119 58 194 0.146701 0.365486 BG
picture 493 102 511 131 0.116148 0.551994 BG
picture 208 2 250 29 0.110899 0.676706 BG
pillow 2 123 55 187 0.163634 0.365486 BG
mirror 199 1 321 122 0.986901 0.006398 mirror
mirror 453 1 579 73 0.941648 0.013222 mirror
mirror 220 74 319 112 0.171079 0.732475 BG
mirror 520 18 562 67 0.158496 0.692914 BG
mirror 502 60 579 149 0.158341 0.824550 BG
mirror 206 1 251 31 0.113166 0.676706 BG
clothes 263 72 269 77 0.203216 0.540657 BG
clothes 258 73 271 84 0.171349 0.644216 BG
clothes 1 1 164 123 0.161706 0.643577 BG
clothes 232 2 277 76 0.133252 0.668058 BG
clothes 49 88 95 132 0.110714 0.555058 BG
clothes 248 1 316 93 0.101287 0.220804 BG
paper 24 267 29 267 0.290079 0.127069 BG
paper 197 153 205 164 0.278303 0.719721 BG
paper 41 294 48 300 0.244753 0.305161 BG
paper 493 103 510 129 0.225665 0.551994 BG
paper 622 435 623 436 0.184091 0.455055 BG
paper 486 99 494 115 0.177949 0.739112 BG
paper 168 162 192 182 0.172664 0.819302 BG
paper 654 498 656 500 0.164655 0.599276 BG
paper 671 128 694 141 0.156432 0.682128 BG
paper 659 91 702 99 0.150978 0.719348 BG
paper 450 92 457 100 0.148612 0.817026 BG
paper 667 523 668 529 0.147839 0.179408 BG
paper 38 337 43 341 0.146144 0.432480 BG
paper 432 370 437 381 0.135023 0.421754 BG
paper 399 0 462 18 0.12648 0.829349 BG
paper 107 411 112 415 0.125082 0.620531 BG
paper 615 424 622 434 0.121336 0.565579 BG
paper 724 191 729 194 0.121333 0.338539 BG
paper 647 482 656 500 0.114587 0.749572 BG
paper 51 511 57 515 0.113893 0.648077 BG
paper 448 371 455 379 0.111391 0.553161 BG
paper 99 386 103 393 0.110721 0.598326 BG
paper 637 320 647 330 0.10997 0.798882 BG
paper 60 503 61 505 0.109513 0.628988 BG
paper 106 111 122 115 0.107835 0.779460 BG
paper 627 345 631 349 0.106139 0.778685 BG
paper 375 342 391 416 0.105279 0.747850 BG
paper 610 414 612 419 0.105175 0.531883 BG
paper 693 263 699 271 0.102196 0.792920 BG
paper 98 321 107 328 0.100865 0.656061 BG
paper 351 341 369 407 0.100299 0.822033 BG
towel 49 90 110 118 0.146674 0.585277 BG
box 667 522 668 529 0.16509 0.179408 BG
box 1 517 42 529 0.130932 0.291104 BG
box 25 266 29 267 0.115981 0.127069 BG
box 60 502 61 505 0.107788 0.628988 BG
box 621 435 624 437 0.101254 0.455055 BG
person 271 9 308 105 0.472428 0.357496 BG
toilet 584 106 729 510 0.103658 0.791412 BG
sink 169 115 354 271 0.979444 0.020490 sink
sink 432 121 608 264 0.960677 0.039294 sink
sink 281 110 299 122 0.112663 0.874794 BG
bag 49 98 95 118 0.195335 0.530297 BG
bag 263 73 269 78 0.134968 0.540657 BG
bag 50 75 112 105 0.116699 0.609214 BG
bag 257 74 271 86 0.102786 0.644216 BG
garbage_bin 467 352 619 449 0.141211 0.486501 BG
garbage_bin 35 356 159 512 0.126481 0.562164 BG
garbage_bin 676 291 729 525 0.114366 0.618061 BG
garbage_bin 431 369 437 381 0.10943 0.421754 BG
garbage_bin 588 297 714 529 0.10281 0.739438 BG
