chair 84 103 212 312 0.945353 0.047687 chair
chair 189 180 413 424 0.595427 0.331330 table&&chair
chair 484 248 723 469 0.403627 0.346094 chair&&table
chair 455 117 706 306 0.301864 0.478584 chair
chair 628 128 638 134 0.290023 0.688556 BG
chair 513 123 652 169 0.243004 0.749521 BG
chair 187 270 344 357 0.227007 0.726411 BG
chair 623 293 727 310 0.203476 0.594342 BG
chair 625 125 656 167 0.203393 0.790916 BG
chair 626 112 724 176 0.171943 0.793221 BG
chair 252 223 621 467 0.136551 0.583684 BG
chair 335 109 437 147 0.132793 0.842262 BG
chair 561 119 574 125 0.100701 0.884811 BG
table 196 137 527 392 0.916034 0.046280 table
table 415 146 718 474 0.749245 0.100209 chair&&table
table 1 318 32 350 0.234652 0.579788 BG
picture 343 2 489 68 0.820031 0.133308 BG
picture 347 18 358 65 0.236266 0.753811 BG
picture 107 21 155 81 0.187758 0.351220 BG
counter 470 101 729 115 0.398587 0.566791 BG
counter 479 99 547 105 0.257377 0.720431 BG
counter 443 86 552 100 0.226659 0.741908 BG
counter 345 93 455 101 0.161116 0.715259 BG
counter 292 85 729 111 0.144691 0.839186 BG
desk 178 146 666 438 0.133991 0.067635 table
desk 449 234 720 513 0.127175 0.343749 chair&&table
mirror 103 17 155 86 0.131704 0.351220 BG
paper 106 24 146 83 0.232883 0.379229 BG
paper 338 0 340 7 0.1557 0.669347 BG
paper 349 17 362 21 0.149177 0.801150 BG
paper 338 0 349 25 0.145094 0.649380 BG
paper 481 58 493 62 0.144193 0.517648 BG
paper 337 6 441 25 0.143326 0.783510 BG
paper 496 59 498 62 0.142686 0.558849 BG
paper 338 14 362 24 0.126457 0.801509 BG
paper 230 161 234 172 0.107603 0.783927 BG
box 481 57 494 61 0.190469 0.517648 BG
box 496 58 499 61 0.145853 0.558849 BG
box 479 22 483 26 0.14582 0.598777 BG
box 548 70 550 75 0.127468 0.726469 BG
box 503 63 550 72 0.11415 0.766954 BG
box 460 56 495 74 0.107053 0.794879 BG
box 28 320 31 327 0.105737 0.757366 BG
box 106 29 179 100 0.105419 0.557810 BG
box 501 51 507 57 0.102275 0.730453 BG
box 480 61 493 67 0.100488 0.749973 BG
whiteboard 501 1 719 54 0.163952 0.677808 BG
lamp 479 17 492 31 0.235591 0.499528 BG
garbage_bin 697 304 729 308 0.147992 0.151830 BG
garbage_bin 722 91 729 101 0.127292 0.351538 BG
