cabinet 297 1 544 252 0.176917 0.717224 BG
chair 240 167 466 412 0.834443 0.043307 sofa_chair
chair 584 88 725 279 0.44244 0.288073 sofa
sofa 573 75 729 322 0.714843 0.254967 sofa
table 124 173 472 407 0.981511 0.003194 sofa_chair
door 463 0 611 218 0.168957 0.555084 BG
door 106 0 464 126 0.159157 0.522839 BG
door 0 1 50 131 0.155616 0.527561 BG
door 3 1 32 70 0.109401 0.321454 BG
door 601 1 698 131 0.109371 0.685660 BG
picture 131 1 211 25 0.251164 0.324403 BG
picture 489 3 583 61 0.23444 0.655897 BG
picture 6 2 32 69 0.207947 0.321454 BG
picture 206 2 217 24 0.207498 0.527676 BG
picture 312 3 393 102 0.140716 0.504958 BG
picture 627 4 642 15 0.13743 0.704181 BG
picture 394 3 407 75 0.115325 0.652547 BG
counter 421 54 711 299 0.24174 0.686730 BG
counter 99 113 450 337 0.125498 0.510890 BG
paper 420 72 426 72 0.301834 0.332310 BG
paper 408 69 416 74 0.26092 0.346837 BG
paper 496 510 499 513 0.243753 0.169956 BG
paper 392 496 392 497 0.230316 0.155232 BG
paper 395 29 402 43 0.219006 0.502793 BG
paper 131 0 213 26 0.185003 0.324403 BG
paper 599 385 601 390 0.182644 0.070796 BG
paper 575 373 580 385 0.182353 0.069832 BG
paper 557 375 558 381 0.179609 0.071952 BG
paper 493 403 495 405 0.177639 0.072386 BG
paper 396 47 406 71 0.175963 0.418475 BG
paper 509 346 511 350 0.16706 0.076020 BG
paper 1 150 1 156 0.166025 0.132408 BG
paper 711 240 729 248 0.146999 0.543258 BG
paper 3 145 12 161 0.14608 0.136460 BG
paper 701 87 717 98 0.139827 0.278685 BG
paper 400 75 422 93 0.136823 0.699460 BG
paper 476 496 486 529 0.134965 0.119823 BG
paper 686 310 729 344 0.114842 0.282651 BG
paper 665 311 673 319 0.110497 0.737748 BG
paper 699 98 706 103 0.109666 0.300597 BG
paper 705 248 729 305 0.10834 0.688399 BG
paper 392 76 398 95 0.107783 0.702481 BG
paper 580 270 600 282 0.105432 0.797332 BG
paper 427 64 473 86 0.100083 0.688130 BG
box 287 139 298 143 0.407125 0.405866 BG
box 14 203 21 207 0.400177 0.538626 BG
box 2 160 21 207 0.308687 0.529264 BG
box 396 47 407 70 0.288875 0.418475 BG
box 408 68 417 74 0.245783 0.346837 BG
box 420 71 427 72 0.241476 0.332310 BG
box 603 159 607 162 0.208334 0.535379 BG
box 608 166 611 171 0.206229 0.556238 BG
box 698 97 705 103 0.203997 0.300597 BG
box 395 35 402 43 0.200247 0.461380 BG
box 604 160 616 167 0.181485 0.687023 BG
box 496 509 500 513 0.174994 0.169956 BG
box 392 495 393 497 0.172124 0.155232 BG
box 67 91 320 160 0.140645 0.663002 BG
box 701 86 716 98 0.140477 0.278685 BG
box 54 80 136 136 0.139879 0.789970 BG
box 14 214 15 216 0.128467 0.792771 BG
box 476 495 487 529 0.111317 0.119823 BG
box 441 61 446 63 0.110615 0.569766 BG
box 601 136 631 148 0.109348 0.774730 BG
box 19 195 36 210 0.107154 0.821600 BG
garbage_bin 607 62 624 67 0.234177 0.463667 BG
garbage_bin 605 73 676 99 0.179864 0.479355 BG
garbage_bin 0 150 2 156 0.170939 0.132408 BG
garbage_bin 579 56 608 174 0.1661 0.780457 BG
garbage_bin 391 496 393 497 0.162629 0.155232 BG
garbage_bin 495 510 500 513 0.144893 0.169956 BG
garbage_bin 2 145 13 162 0.130183 0.136460 BG
garbage_bin 606 56 630 73 0.120218 0.566678 BG
garbage_bin 509 346 512 350 0.117139 0.076020 BG
garbage_bin 493 403 496 405 0.105542 0.072386 BG
garbage_bin 475 496 487 529 0.104953 0.119823 BG
garbage_bin 557 375 559 381 0.101846 0.071952 BG
garbage_bin 447 44 599 232 0.100359 0.756830 BG
