bed 101 232 544 512 0.139221 0.746282 BG
sofa 0 66 273 496 0.112959 0.340681 BG
paper 323 27 332 31 0.316078 0.375042 BG
paper 207 178 213 187 0.285782 0.237009 BG
paper 204 184 205 187 0.273936 0.127393 BG
paper 196 180 203 184 0.26918 0.108010 BG
paper 490 222 495 224 0.265584 0.252124 BG
paper 207 187 212 194 0.256645 0.264782 BG
paper 482 222 487 226 0.25513 0.228880 BG
paper 170 57 170 60 0.249899 0.236218 BG
paper 203 187 215 203 0.247699 0.132182 BG
paper 333 33 339 34 0.246311 0.393360 BG
paper 217 197 224 217 0.242063 0.314736 BG
paper 417 489 427 492 0.240126 0.643143 BG
paper 213 202 216 209 0.239107 0.247097 BG
paper 439 15 442 16 0.238315 0.497752 BG
paper 461 14 472 20 0.22585 0.504374 BG
paper 608 480 628 493 0.224498 0.089268 BG
paper 253 82 256 84 0.223485 0.548320 BG
paper 628 483 634 487 0.221858 0.089031 BG
paper 263 131 269 137 0.221742 0.389097 BG
paper 430 491 442 497 0.220089 0.678646 BG
paper 368 491 450 529 0.219345 0.553321 BG
paper 475 155 479 167 0.217239 0.432482 BG
paper 245 89 249 90 0.216855 0.573680 BG
paper 614 489 617 492 0.216834 0.092991 BG
paper 628 488 636 492 0.210959 0.093237 BG
paper 269 131 273 131 0.210244 0.464638 BG
paper 629 490 631 492 0.208834 0.089108 BG
paper 183 51 184 54 0.206469 0.447857 BG
paper 426 488 448 509 0.204628 0.710070 BG
paper 555 22 557 31 0.20429 0.074423 BG
paper 525 280 534 289 0.204059 0.069014 BG
paper 448 489 471 529 0.203793 0.640266 BG
paper 132 427 133 431 0.201105 0.078951 BG
paper 295 165 299 169 0.200543 0.433727 BG
paper 524 263 528 269 0.199844 0.127213 BG
paper 517 281 520 285 0.198506 0.059572 BG
paper 205 145 210 167 0.198069 0.228686 BG
paper 201 149 204 158 0.196171 0.097661 BG
paper 285 162 296 167 0.194956 0.455001 BG
paper 627 464 647 484 0.194621 0.061597 BG
paper 355 22 365 24 0.193862 0.409398 BG
paper 169 26 169 30 0.192666 0.126525 BG
paper 522 261 533 280 0.190901 0.067305 BG
paper 620 480 626 484 0.187844 0.073134 BG
paper 243 90 251 100 0.183297 0.560353 BG
paper 467 148 479 154 0.18311 0.551661 BG
paper 197 142 200 148 0.183053 0.177424 BG
paper 428 63 449 73 0.181244 0.617132 BG
paper 163 0 186 54 0.180148 0.268432 BG
paper 408 67 431 76 0.179164 0.599780 BG
paper 525 161 529 170 0.166013 0.246204 BG
paper 529 154 531 157 0.160752 0.200329 BG
paper 497 336 533 364 0.15648 0.792208 BG
paper 268 166 276 170 0.156318 0.559907 BG
paper 218 219 221 223 0.153582 0.400292 BG
paper 468 508 490 529 0.152751 0.493943 BG
paper 454 150 467 156 0.152528 0.662930 BG
paper 472 108 480 111 0.150101 0.624947 BG
paper 466 154 472 165 0.14718 0.635532 BG
paper 235 351 243 374 0.147114 0.799260 BG
paper 198 135 199 141 0.14416 0.392011 BG
paper 486 104 491 106 0.143254 0.619282 BG
paper 502 226 507 230 0.138112 0.423361 BG
paper 196 128 198 136 0.137359 0.497157 BG
paper 466 508 467 511 0.134792 0.795474 BG
paper 482 107 492 116 0.123877 0.650805 BG
paper 506 361 510 364 0.12021 0.793819 BG
paper 212 37 221 38 0.114612 0.726175 BG
paper 513 361 526 363 0.112113 0.807895 BG
paper 231 338 262 373 0.111292 0.829907 BG
paper 370 527 374 529 0.110662 0.582575 BG
paper 229 88 234 91 0.107725 0.727988 BG
paper 359 527 368 529 0.10466 0.598198 BG
paper 471 527 481 529 0.103343 0.553867 BG
paper 344 502 350 510 0.1025 0.853912 BG
paper 489 509 511 529 0.102339 0.486743 BG
paper 490 248 521 261 0.101999 0.572713 BG
box 526 501 527 507 0.145918 0.598093 BG
box 614 488 618 492 0.140528 0.092991 BG
box 136 513 144 524 0.139616 0.490433 BG
box 133 523 140 529 0.136884 0.188542 BG
box 162 3 188 53 0.134191 0.268432 BG
box 628 487 637 492 0.130215 0.093237 BG
box 133 512 163 529 0.129485 0.242572 BG
box 483 222 486 226 0.128206 0.228880 BG
box 476 156 479 167 0.128005 0.432482 BG
box 629 489 632 492 0.127707 0.089108 BG
box 530 508 539 522 0.127309 0.397680 BG
box 229 244 231 247 0.127242 0.429351 BG
box 524 489 543 508 0.123948 0.565992 BG
box 204 146 211 167 0.118793 0.228686 BG
box 608 479 629 493 0.118482 0.089268 BG
box 628 482 635 487 0.11655 0.089031 BG
box 263 130 269 137 0.113246 0.389097 BG
box 627 463 648 483 0.112252 0.061597 BG
box 620 479 627 483 0.107682 0.073134 BG
box 324 27 332 32 0.107144 0.375042 BG
box 270 130 272 131 0.10695 0.464638 BG
box 294 165 300 170 0.106458 0.433727 BG
box 467 149 478 154 0.104802 0.551661 BG
box 522 262 534 279 0.103373 0.067305 BG
box 131 427 134 430 0.101827 0.078951 BG
box 523 264 532 268 0.101103 0.087765 BG
box 440 15 442 17 0.101076 0.497752 BG
box 508 508 538 529 0.101001 0.323793 BG
toilet 317 179 477 505 0.28917 0.694436 toilet
lamp 141 513 161 529 0.13519 0.305314 BG
lamp 133 523 139 529 0.115924 0.188542 BG
garbage_bin 628 489 632 493 0.195953 0.089108 BG
garbage_bin 627 487 637 493 0.195047 0.093237 BG
garbage_bin 613 488 618 493 0.191807 0.092991 BG
garbage_bin 627 482 635 488 0.178663 0.089031 BG
garbage_bin 607 479 629 494 0.177978 0.089268 BG
garbage_bin 620 479 627 484 0.14092 0.073134 BG
garbage_bin 627 463 648 484 0.137926 0.061597 BG
garbage_bin 131 427 134 431 0.116248 0.078951 BG
garbage_bin 528 154 532 156 0.113347 0.200329 BG
garbage_bin 542 497 549 503 0.113101 0.492573 BG
garbage_bin 516 281 521 285 0.109126 0.059572 BG
garbage_bin 554 23 558 31 0.101684 0.074423 BG
