cabinet 7 0 83 237 0.457875 0.408613 BG
cabinet 25 11 217 222 0.348714 0.589140 BG
cabinet 3 84 41 210 0.106303 0.191609 BG
chair 304 172 314 199 0.144763 0.644282 BG
clothes 241 164 328 245 0.191811 0.400055 BG
clothes 248 210 301 237 0.106388 0.794406 BG
paper 365 504 373 512 0.298629 0.302625 BG
paper 452 480 457 487 0.294581 0.251803 BG
paper 378 501 380 510 0.29083 0.312436 BG
paper 320 503 324 511 0.269512 0.284625 BG
paper 525 493 535 506 0.266864 0.491399 BG
paper 394 494 399 499 0.264228 0.207866 BG
paper 381 495 394 507 0.258242 0.253451 BG
paper 541 500 546 515 0.239569 0.561971 BG
paper 242 493 247 502 0.234241 0.125695 BG
paper 228 488 233 494 0.221942 0.093744 BG
paper 554 516 558 518 0.221378 0.386898 BG
paper 547 506 552 513 0.220762 0.556991 BG
paper 333 460 336 469 0.214009 0.150634 BG
paper 404 486 413 498 0.20889 0.227258 BG
paper 570 520 572 522 0.205746 0.327038 BG
paper 516 476 535 506 0.201045 0.640638 BG
paper 239 437 242 445 0.195913 0.074099 BG
paper 230 426 234 431 0.190367 0.060861 BG
paper 273 420 279 422 0.188716 0.058046 BG
paper 233 428 237 434 0.186987 0.064397 BG
paper 251 417 269 454 0.186753 0.069329 BG
paper 270 422 271 426 0.183783 0.059520 BG
paper 365 451 368 465 0.182074 0.164562 BG
paper 412 445 567 529 0.176193 0.422115 BG
paper 511 488 515 500 0.171529 0.289119 BG
paper 336 473 338 477 0.16924 0.306891 BG
paper 555 506 563 513 0.166639 0.604918 BG
paper 560 515 562 522 0.160925 0.479313 BG
paper 372 491 431 529 0.144273 0.136681 BG
paper 364 437 371 450 0.141924 0.465085 BG
paper 388 450 412 492 0.138787 0.572428 BG
paper 430 473 435 483 0.137277 0.375497 BG
paper 513 487 516 492 0.12839 0.600070 BG
paper 322 504 326 529 0.127428 0.236016 BG
paper 352 510 369 529 0.125329 0.220674 BG
paper 505 473 512 490 0.118678 0.645388 BG
paper 567 512 578 525 0.113198 0.504249 BG
paper 371 508 373 517 0.108611 0.253128 BG
paper 516 491 522 501 0.108039 0.560909 BG
paper 304 195 314 207 0.106641 0.485379 BG
paper 431 512 435 520 0.103384 0.229287 BG
paper 575 526 582 529 0.101437 0.205095 BG
box 381 494 395 507 0.207059 0.253451 BG
box 378 501 381 510 0.196942 0.312436 BG
box 320 503 325 511 0.193603 0.284625 BG
box 365 504 374 512 0.192935 0.302625 BG
box 395 493 400 499 0.171182 0.207866 BG
box 453 479 458 487 0.165348 0.251803 BG
box 242 492 248 502 0.161801 0.125695 BG
box 295 204 302 207 0.161741 0.673015 BG
box 474 290 488 301 0.158975 0.827294 BG
box 291 217 295 220 0.155978 0.719132 BG
box 228 487 234 494 0.149947 0.093744 BG
box 372 490 431 528 0.148338 0.136681 BG
box 31 513 54 529 0.139899 0.301372 BG
box 295 197 303 204 0.139257 0.511932 BG
box 222 119 241 183 0.132035 0.606321 BG
box 282 201 328 235 0.125618 0.536237 BG
box 237 144 247 180 0.120752 0.691914 BG
box 301 206 305 209 0.12073 0.639757 BG
box 46 512 51 516 0.120035 0.568961 BG
box 304 195 314 206 0.116975 0.485379 BG
box 371 507 373 517 0.116144 0.253128 BG
box 47 524 57 529 0.11368 0.372661 BG
box 352 509 369 529 0.111375 0.220674 BG
box 303 209 307 220 0.105693 0.748842 BG
box 431 511 436 520 0.105689 0.229287 BG
box 300 194 305 197 0.104484 0.656849 BG
box 322 503 326 529 0.103678 0.236016 BG
box 230 426 235 430 0.10354 0.060861 BG
box 0 486 59 528 0.101526 0.277046 BG
box 490 332 502 335 0.101198 0.668478 BG
box 233 428 238 433 0.100185 0.064397 BG
whiteboard 2 78 39 209 0.127189 0.191609 BG
person 24 520 31 529 0.256257 0.470873 BG
person 20 501 41 522 0.108808 0.514463 BG
bag 239 164 330 243 0.209269 0.400055 BG
bag 19 502 39 521 0.127775 0.514463 BG
bag 272 192 308 235 0.107305 0.659208 BG
garbage_bin 308 247 471 436 0.918979 0.077217 recycle_bin
garbage_bin 306 229 372 370 0.693598 0.296262 BG
garbage_bin 314 251 318 256 0.467255 0.527866 BG
garbage_bin 264 235 325 321 0.403591 0.578677 garbage_bin
garbage_bin 432 398 448 407 0.352603 0.622240 BG
garbage_bin 442 387 453 403 0.285234 0.681611 BG
garbage_bin 53 198 82 217 0.258185 0.690832 BG
garbage_bin 73 200 79 208 0.248709 0.716598 BG
garbage_bin 443 385 462 419 0.247498 0.724655 BG
garbage_bin 56 200 70 211 0.230194 0.678960 BG
garbage_bin 510 487 515 500 0.223086 0.289119 BG
garbage_bin 285 264 312 310 0.214008 0.776723 BG
garbage_bin 316 254 331 291 0.210488 0.782264 BG
garbage_bin 44 177 78 206 0.201609 0.714066 BG
garbage_bin 227 488 234 494 0.185594 0.093744 BG
garbage_bin 308 240 323 254 0.181264 0.795065 BG
garbage_bin 403 485 413 499 0.163352 0.227258 BG
garbage_bin 319 240 338 251 0.162019 0.796320 BG
garbage_bin 394 493 400 499 0.161631 0.207866 BG
garbage_bin 241 493 248 502 0.152789 0.125695 BG
garbage_bin 244 259 259 283 0.141698 0.827718 BG
garbage_bin 430 472 435 483 0.141599 0.375497 BG
garbage_bin 52 207 69 216 0.132189 0.799044 BG
garbage_bin 338 275 361 371 0.131801 0.824163 BG
garbage_bin 452 479 458 487 0.124587 0.251803 BG
garbage_bin 512 486 516 492 0.124111 0.600070 BG
garbage_bin 515 490 522 501 0.1208 0.560909 BG
garbage_bin 365 450 368 465 0.120679 0.164562 BG
garbage_bin 333 403 338 422 0.1163 0.614369 BG
garbage_bin 270 422 272 426 0.114792 0.059520 BG
garbage_bin 273 420 280 422 0.114303 0.058046 BG
garbage_bin 40 217 43 223 0.113346 0.771939 BG
garbage_bin 439 426 444 431 0.106914 0.841309 BG
garbage_bin 298 288 316 320 0.106401 0.886815 BG
garbage_bin 314 280 345 349 0.106385 0.879104 BG
garbage_bin 316 307 322 317 0.105922 0.885573 BG
garbage_bin 251 417 270 454 0.10539 0.069329 BG
garbage_bin 230 425 235 431 0.104228 0.060861 BG
garbage_bin 504 471 513 490 0.10345 0.645388 BG
garbage_bin 307 253 321 286 0.1028 0.892765 BG
garbage_bin 403 436 569 529 0.101517 0.422115 BG
garbage_bin 388 445 412 493 0.101049 0.572428 BG
garbage_bin 430 512 436 520 0.100053 0.229287 BG
