bed 512 203 729 396 0.369385 0.418479 sofa_chair
chair 285 143 357 232 0.57544 0.335541 BG
chair 522 75 617 126 0.501817 0.480027 BG
chair 430 70 522 113 0.429337 0.567383 BG
chair 327 168 525 437 0.412209 0.508745 BG
chair 620 87 620 90 0.386937 0.606249 BG
chair 248 143 314 227 0.300889 0.677132 BG
chair 434 77 597 173 0.287697 0.668073 BG
chair 358 173 378 248 0.224167 0.749910 BG
chair 350 194 361 247 0.221449 0.760887 BG
chair 515 100 525 111 0.215314 0.784199 BG
chair 490 83 523 112 0.208694 0.788738 BG
chair 246 96 383 193 0.200062 0.651338 sofa_chair
chair 353 178 360 207 0.1987 0.760711 BG
chair 360 231 362 233 0.193601 0.757847 BG
chair 453 206 526 346 0.191817 0.724400 BG
chair 321 193 363 247 0.186902 0.788854 BG
chair 497 97 516 109 0.17821 0.819105 BG
chair 571 105 623 142 0.177285 0.735912 BG
chair 427 96 441 103 0.176736 0.819723 BG
chair 420 91 459 105 0.166876 0.831722 BG
chair 576 77 723 142 0.163061 0.798861 BG
chair 289 85 580 231 0.157176 0.790492 BG
chair 566 123 609 204 0.147704 0.832564 BG
chair 278 151 298 227 0.145624 0.829040 BG
chair 301 141 394 186 0.138497 0.760775 BG
chair 597 116 625 127 0.135108 0.820759 BG
chair 606 98 607 103 0.133622 0.858777 BG
chair 319 141 372 156 0.131644 0.754811 BG
chair 354 164 397 208 0.127811 0.813208 BG
chair 321 249 332 255 0.127399 0.774638 BG
chair 454 103 466 116 0.12735 0.868724 BG
chair 315 196 352 212 0.121908 0.857959 BG
chair 450 110 461 117 0.115343 0.864263 BG
chair 597 121 625 141 0.115074 0.812308 BG
chair 508 82 520 102 0.108563 0.891182 BG
chair 610 110 624 122 0.104774 0.874982 BG
chair 585 105 603 113 0.101249 0.770548 BG
sofa 473 154 727 424 0.819243 0.160813 sofa_chair
sofa 319 91 619 347 0.681952 0.301846 sofa_chair
sofa 283 96 384 253 0.363389 0.326511 sofa_chair&&sofa_chair
sofa 306 133 503 259 0.236359 0.659898 sofa_chair
sofa 602 55 726 91 0.177969 0.658158 BG
sofa 191 141 504 454 0.167663 0.632690 BG
sofa 607 75 729 152 0.119917 0.537795 BG
table 277 231 498 466 0.441391 0.394114 endtable
picture 495 10 546 61 0.33653 0.338152 BG
picture 184 27 225 70 0.273532 0.312931 BG
picture 55 33 112 80 0.205088 0.545097 BG
picture 124 2 219 74 0.150974 0.612049 BG
picture 578 1 578 3 0.15064 0.559789 BG
picture 174 2 202 71 0.13895 0.571175 BG
picture 717 344 729 429 0.137176 0.115164 BG
picture 506 22 526 54 0.113841 0.605318 BG
picture 698 42 729 55 0.103198 0.260762 BG
counter 518 58 534 63 0.205969 0.597869 BG
counter 505 52 519 58 0.175456 0.676414 BG
counter 532 56 543 57 0.174741 0.468420 BG
counter 542 57 546 61 0.145984 0.347118 BG
pillow 703 134 717 139 0.174892 0.538229 BG
pillow 514 201 641 265 0.150894 0.808552 BG
pillow 516 123 728 277 0.135552 0.778487 BG
pillow 378 107 477 233 0.122011 0.815193 BG
pillow 704 117 729 132 0.118576 0.792389 BG
pillow 610 80 724 132 0.110875 0.579899 BG
pillow 697 265 697 267 0.101074 0.889362 BG
tv 717 348 729 429 0.106619 0.115164 BG
paper 1 0 44 37 0.218066 0.443566 BG
paper 372 487 385 501 0.197975 0.397155 BG
paper 397 39 398 44 0.187562 0.358880 BG
paper 25 31 28 32 0.177846 0.712983 BG
paper 41 0 99 28 0.175975 0.673573 BG
paper 407 160 418 167 0.162458 0.412425 BG
paper 182 21 219 27 0.15149 0.504129 BG
paper 430 435 502 528 0.150679 0.232171 BG
paper 54 27 100 34 0.14992 0.753444 BG
paper 403 503 408 515 0.135551 0.274842 BG
paper 518 269 525 288 0.134767 0.580703 BG
paper 185 26 226 70 0.13327 0.312931 BG
paper 698 43 729 56 0.127468 0.260762 BG
paper 174 0 201 70 0.125457 0.571175 BG
paper 337 518 350 529 0.124322 0.171237 BG
paper 43 29 52 35 0.123712 0.768619 BG
paper 410 34 425 59 0.113516 0.563553 BG
paper 44 32 111 83 0.11164 0.608243 BG
paper 428 44 437 58 0.111302 0.456932 BG
paper 455 458 461 466 0.107842 0.403297 BG
paper 507 22 526 40 0.107363 0.566513 BG
paper 173 14 176 18 0.103468 0.801078 BG
paper 43 36 63 83 0.101403 0.614891 BG
paper 3 36 50 89 0.101043 0.598739 BG
paper 418 173 424 175 0.100395 0.490465 BG
box 528 32 545 44 0.364421 0.334998 BG
box 350 220 355 231 0.303333 0.522955 BG
box 397 39 399 44 0.259474 0.358880 BG
box 506 22 527 41 0.233823 0.566513 BG
box 183 27 228 68 0.18796 0.312931 BG
box 372 486 386 501 0.184093 0.397155 BG
box 336 517 351 529 0.170516 0.171237 BG
box 180 21 221 27 0.16958 0.504129 BG
box 492 31 513 57 0.16114 0.643975 BG
box 407 160 418 166 0.160933 0.412425 BG
box 518 268 525 287 0.152634 0.580703 BG
box 345 226 351 237 0.150702 0.597414 BG
box 0 391 42 437 0.14378 0.720299 BG
box 428 44 437 57 0.141205 0.456932 BG
box 411 34 437 57 0.135954 0.478095 BG
box 245 25 283 63 0.133963 0.577076 BG
box 418 172 424 174 0.132788 0.490465 BG
box 281 23 290 58 0.127055 0.639200 BG
box 350 232 352 237 0.126731 0.723830 BG
box 0 2 35 32 0.111648 0.253857 BG
box 494 11 545 61 0.111303 0.338152 BG
box 402 502 408 515 0.1104 0.274842 BG
person 543 56 545 60 0.164729 0.347118 BG
person 533 55 542 56 0.108006 0.468420 BG
garbage_bin 495 289 501 292 0.205628 0.754449 BG
