chair 217 103 523 416 0.968735 0.026214 chair
chair 8 182 212 424 0.153933 0.579075 BG
chair 14 252 27 255 0.127213 0.867523 BG
chair 0 253 6 261 0.12174 0.830270 BG
sofa 26 167 237 425 0.15423 0.579075 BG
sofa 112 363 115 366 0.103937 0.114972 BG
sofa 112 361 125 366 0.100287 0.080304 BG
table 193 69 712 420 0.970067 0.014173 table
picture 721 1 729 4 0.190115 0.625185 BG
blinds 381 0 430 60 0.139167 0.740969 BG
paper 213 348 225 366 0.204781 0.324849 BG
paper 85 373 88 377 0.137439 0.136598 BG
paper 60 354 110 381 0.131974 0.329175 BG
paper 73 372 86 379 0.129942 0.224299 BG
paper 45 335 171 383 0.12774 0.368072 BG
paper 72 374 74 378 0.122169 0.364515 BG
paper 138 350 150 354 0.109009 0.162900 BG
paper 112 364 114 366 0.108069 0.114972 BG
paper 102 343 131 363 0.106226 0.484345 BG
paper 112 361 124 366 0.102533 0.080304 BG
box 444 6 451 13 0.102504 0.757611 BG
lamp 316 0 319 12 0.130939 0.771645 BG
garbage_bin 138 351 150 354 0.133763 0.162900 BG
garbage_bin 112 364 114 366 0.122444 0.114972 BG
garbage_bin 112 361 124 366 0.118171 0.080304 BG
garbage_bin 85 373 88 377 0.107224 0.136598 BG
garbage_bin 213 347 225 367 0.105708 0.324849 BG
garbage_bin 60 354 111 382 0.103371 0.329175 BG
garbage_bin 73 372 86 379 0.10119 0.224299 BG
