cabinet 270 64 328 127 0.225435 0.720571 BG
bed 569 199 720 419 0.349627 0.422328 BG
chair 104 205 397 515 0.95906 0.038054 chair
chair 632 122 720 223 0.723972 0.131944 chair
chair 521 246 574 341 0.681145 0.304847 BG
chair 12 148 175 332 0.548302 0.445737 chair
chair 647 161 716 194 0.380867 0.554195 BG
chair 601 125 649 212 0.303138 0.619981 chair
chair 513 110 631 207 0.257359 0.637844 BG
chair 699 162 718 188 0.219877 0.700409 BG
chair 716 179 723 200 0.219027 0.624046 BG
chair 692 137 723 213 0.213425 0.639455 BG
chair 481 106 563 191 0.199284 0.567939 BG
chair 1 148 124 229 0.179893 0.816705 BG
chair 588 144 623 182 0.15066 0.824286 BG
chair 1 196 23 245 0.144759 0.820781 BG
chair 326 123 346 131 0.140512 0.829540 BG
chair 720 141 729 213 0.140228 0.401745 BG
chair 445 212 581 355 0.127103 0.588065 BG
chair 324 61 398 159 0.122514 0.783458 BG
chair 0 182 11 207 0.118998 0.873232 BG
chair 612 146 639 184 0.115646 0.871352 BG
chair 1 201 17 216 0.113447 0.854426 BG
chair 655 139 714 174 0.111954 0.862239 BG
chair 483 138 522 177 0.108595 0.516122 BG
chair 717 167 728 184 0.108464 0.389821 BG
chair 116 252 190 376 0.108046 0.886943 BG
chair 346 127 396 165 0.104127 0.864124 BG
chair 324 90 328 123 0.103112 0.862980 BG
table 41 115 584 516 0.979294 0.003474 table&&floor
table 557 120 714 215 0.480177 0.393068 BG
table 341 211 579 376 0.464354 0.500113 BG
table 479 140 523 177 0.347687 0.516122 BG
table 482 255 568 340 0.318514 0.472971 BG
table 419 102 566 170 0.31236 0.628129 BG
table 251 252 461 474 0.292863 0.680565 BG
table 685 143 726 223 0.138778 0.537374 BG
table 503 106 573 150 0.138672 0.726276 BG
table 224 73 276 135 0.125255 0.613579 BG
table 637 157 714 218 0.110013 0.592916 BG
table 611 136 650 217 0.10616 0.601780 BG
picture 631 0 691 47 0.729962 0.240204 picture
picture 546 1 576 60 0.708447 0.172187 BG
picture 521 3 598 81 0.353193 0.406046 BG
picture 569 1 580 62 0.331214 0.484256 BG
picture 603 3 725 97 0.264186 0.616601 BG
picture 521 3 531 57 0.18977 0.587644 BG
picture 719 35 729 87 0.164451 0.318044 BG
picture 552 0 559 2 0.128553 0.734139 BG
picture 653 95 727 111 0.101322 0.456381 BG
counter 1 78 190 130 0.142674 0.789767 BG
counter 673 102 677 104 0.100674 0.707714 BG
blinds 443 3 517 87 0.561303 0.357426 BG
blinds 17 2 203 80 0.497994 0.407724 BG
blinds 4 1 80 72 0.146342 0.549696 BG
blinds 200 2 358 78 0.108232 0.706296 BG
blinds 193 3 238 82 0.107716 0.645128 BG
blinds 203 3 211 50 0.103847 0.192442 BG
mirror 201 2 212 52 0.496504 0.192442 BG
mirror 520 3 532 66 0.206815 0.587644 BG
mirror 718 34 729 91 0.170284 0.318044 BG
mirror 154 4 218 86 0.108303 0.666835 BG
paper 179 169 234 185 0.380616 0.489568 paper
paper 590 497 636 529 0.194151 0.317101 BG
paper 567 73 570 80 0.113111 0.521125 BG
box 518 83 539 85 0.16084 0.739675 BG
box 551 334 554 335 0.158176 0.457437 BG
box 423 99 435 102 0.142265 0.786900 BG
box 249 66 254 69 0.138804 0.503080 BG
box 346 41 367 63 0.137561 0.621396 BG
box 506 80 517 84 0.120845 0.804076 BG
box 519 65 568 98 0.119732 0.685546 BG
box 244 108 273 132 0.116259 0.744578 BG
box 281 106 323 129 0.114727 0.805724 BG
box 567 73 570 79 0.108762 0.521125 BG
box 589 494 636 529 0.102295 0.317101 BG
box 675 81 725 111 0.102137 0.500722 BG
garbage_bin 437 327 548 460 0.995189 0.004723 recycle_bin
garbage_bin 458 361 470 372 0.552343 0.428793 BG
garbage_bin 531 337 555 362 0.383937 0.561145 BG
garbage_bin 370 324 492 463 0.325692 0.663743 BG
garbage_bin 534 356 541 367 0.172162 0.804807 BG
garbage_bin 537 367 538 370 0.158399 0.830066 BG
garbage_bin 441 437 450 463 0.145838 0.838221 BG
garbage_bin 262 442 424 527 0.101995 0.408488 BG
