bed 5 169 502 524 0.999835 0.000142 bed
bed 14 201 318 330 0.103903 0.875459 BG
chair 380 510 437 529 0.16176 0.221984 BG
chair 461 402 685 522 0.147041 0.553930 BG
chair 685 344 729 465 0.139797 0.454491 BG
table 426 417 703 517 0.236863 0.553930 BG
picture 63 99 181 203 0.564833 0.408969 BG
picture 56 161 118 217 0.15106 0.824579 BG
picture 726 153 729 162 0.123733 0.783943 BG
dresser 456 208 694 514 0.799488 0.025006 dresser
dresser 21 215 209 307 0.200717 0.657454 BG
dresser 510 123 662 178 0.122607 0.679042 BG
pillow 303 252 391 302 0.382513 0.615216 BG
pillow 387 269 396 276 0.178166 0.809059 BG
pillow 245 259 337 291 0.162091 0.835371 BG
pillow 360 287 385 302 0.148078 0.851593 BG
clothes 117 190 148 219 0.132245 0.529264 BG
paper 166 199 167 201 0.11659 0.514025 BG
paper 698 436 729 469 0.114276 0.317668 BG
paper 354 526 377 529 0.106742 0.359779 BG
box 166 199 168 201 0.171957 0.514025 BG
box 353 525 376 529 0.117508 0.359779 BG
box 58 4 385 74 0.104727 0.825706 BG
box 645 93 658 109 0.100336 0.775312 BG
whiteboard 455 25 711 57 0.113891 0.841639 BG
night_stand 462 188 667 457 0.369701 0.147359 dresser
night_stand 522 113 662 198 0.278387 0.653262 night_stand
night_stand 643 234 659 267 0.100623 0.727969 BG
lamp 258 167 291 267 0.174558 0.821705 BG
lamp 261 204 270 268 0.153936 0.773552 BG
lamp 4 74 41 230 0.105844 0.768605 lamp
garbage_bin 694 398 729 466 0.214945 0.561997 BG
garbage_bin 702 412 729 437 0.139898 0.678112 BG
