cabinet 0 188 3 191 0.115314 0.722673 BG
bed 14 133 452 525 0.997405 0.002298 bed
bed 264 164 471 432 0.43968 0.560140 bed
bed 0 117 169 253 0.22493 0.728009 BG
bed 450 205 516 334 0.153551 0.641565 BG
bed 529 399 729 529 0.113085 0.205606 sofa_chair
chair 516 222 522 233 0.163947 0.797597 BG
chair 166 153 301 227 0.158334 0.804907 BG
chair 504 224 514 237 0.127627 0.820451 BG
sofa 525 231 729 463 0.854793 0.077415 sofa
sofa 451 394 729 529 0.125918 0.470874 sofa_chair
sofa 571 219 665 267 0.115276 0.625293 BG
sofa 150 1 729 43 0.101739 0.515752 BG
table 629 217 722 258 0.104421 0.421427 BG
bookshelf 179 126 200 154 0.168888 0.755074 BG
bookshelf 642 213 650 217 0.126593 0.609231 BG
picture 223 1 487 48 0.14548 0.491395 BG
picture 438 163 497 216 0.105843 0.833917 BG
desk 629 215 723 260 0.398462 0.421427 BG
pillow 542 411 721 526 0.457423 0.205606 sofa_chair
pillow 579 256 661 274 0.390174 0.484020 BG
pillow 551 236 663 308 0.386965 0.566897 sofa
pillow 457 446 598 526 0.109522 0.501934 BG
pillow 617 243 655 262 0.106211 0.771614 BG
clothes 589 234 625 260 0.103525 0.629430 BG
paper 461 500 467 507 0.282584 0.420484 BG
paper 2 487 52 529 0.262995 0.177077 BG
paper 397 0 481 38 0.209368 0.165359 BG
paper 450 495 470 529 0.193939 0.129832 BG
paper 487 161 494 162 0.193595 0.523710 BG
paper 466 494 470 500 0.183844 0.514117 BG
paper 469 488 473 493 0.181702 0.512581 BG
paper 455 508 464 517 0.172453 0.302852 BG
paper 623 241 623 244 0.127101 0.639416 BG
paper 410 170 412 181 0.121271 0.480709 BG
paper 450 519 458 529 0.118851 0.078529 BG
paper 645 155 649 157 0.101019 0.630427 BG
box 2 456 55 526 0.262056 0.140688 BG
box 450 519 458 529 0.237452 0.078529 BG
box 450 493 471 528 0.20425 0.129832 BG
box 681 189 727 223 0.177861 0.646475 BG
box 456 507 465 517 0.162751 0.302852 BG
box 410 170 412 181 0.159388 0.480709 BG
box 395 0 484 38 0.15741 0.165359 BG
box 126 228 128 231 0.155819 0.608944 BG
box 444 94 445 96 0.151337 0.750953 BG
box 410 183 420 192 0.125353 0.669137 BG
box 410 124 425 188 0.120447 0.563312 BG
box 319 83 362 168 0.113891 0.749210 BG
box 708 195 712 197 0.112632 0.775700 BG
box 581 199 622 219 0.111116 0.545970 BG
box 462 500 468 507 0.110964 0.420484 BG
box 717 190 729 210 0.108679 0.230524 BG
box 309 80 325 144 0.108281 0.759962 BG
box 117 220 127 231 0.106242 0.768363 BG
box 468 488 474 493 0.100228 0.512581 BG
lamp 5 211 140 489 0.246836 0.527945 BG
bag 396 1 480 37 0.109819 0.165359 BG
