chair 301 125 324 135 0.134557 0.795647 BG
chair 541 188 715 320 0.12374 0.497518 BG
sofa 100 121 401 365 0.9974 0.002271 sofa
sofa 541 162 728 504 0.966237 0.020289 sofa
sofa 536 266 726 320 0.803997 0.183553 BG
sofa 215 168 405 260 0.381706 0.614376 BG
sofa 366 214 676 304 0.11479 0.873817 BG
table 337 217 517 431 0.864912 0.068510 coffee_table
picture 350 42 372 78 0.645461 0.267021 picture
picture 336 5 419 93 0.225811 0.483435 BG
picture 700 1 729 7 0.192908 0.646500 BG
picture 1 85 6 92 0.146837 0.491229 BG
picture 547 0 571 18 0.132453 0.692564 BG
picture 273 36 302 77 0.131607 0.701508 picture
picture 216 6 383 77 0.118256 0.747428 BG
picture 698 6 729 22 0.113495 0.785388 ceiling
blinds 389 2 711 95 0.100701 0.500535 BG
desk 354 248 683 448 0.134055 0.564082 BG
pillow 116 136 288 215 0.474514 0.491005 BG
pillow 593 254 611 271 0.409318 0.588903 BG
pillow 576 260 588 266 0.170494 0.825027 BG
pillow 589 219 722 252 0.141093 0.749349 BG
pillow 263 196 284 203 0.135379 0.861857 BG
pillow 277 198 285 200 0.131339 0.863209 BG
paper 330 510 333 512 0.264203 0.361468 BG
paper 323 507 326 509 0.256301 0.387806 BG
paper 302 497 313 502 0.236671 0.451092 BG
paper 708 486 711 486 0.225454 0.436028 BG
paper 311 499 326 508 0.225399 0.453881 BG
paper 434 506 443 513 0.219282 0.412699 BG
paper 251 466 390 529 0.218393 0.282536 BG
paper 403 491 416 500 0.201781 0.513283 BG
paper 443 508 462 521 0.192816 0.479657 BG
paper 287 491 293 491 0.18379 0.454331 BG
paper 345 513 358 522 0.182962 0.428058 BG
paper 705 311 729 317 0.179833 0.245363 BG
paper 353 515 358 517 0.178712 0.451653 BG
paper 334 498 390 529 0.176602 0.283407 BG
paper 718 313 723 317 0.175193 0.247793 BG
paper 677 489 729 520 0.125722 0.192400 BG
paper 564 484 728 529 0.125188 0.424553 BG
paper 724 53 729 61 0.116063 0.306506 BG
box 708 485 712 486 0.17619 0.436028 BG
box 434 506 444 513 0.172526 0.412699 BG
box 330 509 334 512 0.152162 0.361468 BG
box 322 506 327 509 0.148296 0.387806 BG
box 724 53 729 62 0.130501 0.306506 BG
box 487 76 488 79 0.129103 0.740435 BG
box 288 490 293 491 0.126858 0.454331 BG
box 302 496 313 502 0.121307 0.451092 BG
box 708 40 725 65 0.115906 0.618871 BG
box 311 498 325 508 0.112047 0.453881 BG
box 687 22 716 63 0.110962 0.660396 BG
box 64 251 85 261 0.103889 0.593127 BG
whiteboard 395 0 487 104 0.623541 0.221352 BG
whiteboard 392 0 422 107 0.232029 0.389126 BG
garbage_bin 21 246 92 282 0.183699 0.547356 BG
garbage_bin 109 239 121 242 0.131713 0.640229 BG
