cabinet 494 127 650 321 0.266819 0.357587 drawer
cabinet 2 150 154 345 0.210484 0.371260 night_stand
cabinet 502 126 539 248 0.190529 0.637344 BG
cabinet 437 154 513 241 0.19025 0.458147 BG
bed 91 113 587 483 0.976761 0.018953 bed
chair 457 262 639 490 0.933852 0.065580 BG
sofa 622 227 727 507 0.195302 0.667036 BG
table 523 493 549 529 0.125665 0.486945 BG
picture 115 1 304 54 0.404777 0.340131 painting
picture 691 106 729 212 0.378505 0.239868 BG
picture 102 1 111 15 0.293565 0.588986 BG
picture 250 0 302 20 0.179764 0.410337 BG
picture 338 1 342 3 0.151963 0.644334 BG
picture 663 224 674 247 0.140989 0.354353 BG
picture 659 209 679 254 0.135373 0.386188 BG
picture 668 238 670 242 0.129944 0.454481 BG
picture 726 198 729 208 0.129288 0.598379 BG
picture 677 18 729 171 0.122637 0.584856 BG
picture 671 242 673 243 0.107215 0.405636 BG
picture 662 245 671 255 0.101374 0.376471 BG
dresser 445 135 628 244 0.212374 0.401832 BG
pillow 141 144 284 215 0.870754 0.129169 pillow&&pillow
pillow 138 159 188 180 0.494984 0.503542 BG
pillow 210 161 273 205 0.395304 0.603904 BG
pillow 153 173 177 179 0.275161 0.724692 BG
pillow 236 170 304 217 0.26454 0.729663 pillow
pillow 218 143 284 179 0.188353 0.807447 BG
pillow 231 165 239 177 0.157638 0.836679 BG
pillow 206 159 231 166 0.154285 0.797657 BG
pillow 144 167 171 213 0.138404 0.861526 BG
pillow 142 166 154 196 0.13549 0.864243 BG
pillow 437 214 498 237 0.126122 0.760510 BG
pillow 290 200 340 219 0.125619 0.873686 BG
pillow 199 147 231 169 0.113747 0.821192 BG
paper 29 247 54 286 0.316433 0.639307 BG
paper 30 244 36 248 0.308893 0.670891 BG
paper 10 262 12 270 0.22974 0.706710 BG
paper 158 337 211 365 0.201398 0.349701 BG
paper 268 396 295 404 0.168778 0.346569 BG
paper 538 492 634 529 0.164057 0.277137 BG
paper 465 456 555 529 0.162279 0.501153 BG
paper 671 242 673 242 0.157602 0.405636 BG
paper 668 238 670 242 0.155205 0.454481 BG
paper 663 223 673 246 0.154522 0.354353 BG
paper 12 234 22 236 0.137562 0.781629 BG
paper 210 356 312 409 0.130553 0.601111 BG
paper 145 24 157 31 0.12354 0.767230 BG
paper 662 246 671 254 0.12008 0.376471 BG
paper 659 209 679 253 0.114102 0.386188 BG
paper 604 20 625 56 0.112397 0.683475 BG
paper 692 103 729 199 0.112336 0.182900 BG
paper 79 350 84 353 0.105427 0.709403 BG
paper 47 362 53 364 0.100213 0.747597 BG
box 662 245 671 254 0.294016 0.376471 BG
box 670 241 673 243 0.216543 0.405636 BG
box 662 233 678 255 0.19796 0.396591 BG
box 652 210 685 254 0.195761 0.381533 BG
box 667 238 670 242 0.188222 0.454481 BG
box 651 247 664 258 0.160961 0.614525 BG
box 656 250 660 254 0.137077 0.679079 BG
box 465 448 562 527 0.123998 0.501153 BG
box 440 205 445 212 0.112357 0.390726 BG
person 495 179 500 187 0.235585 0.700100 BG
person 490 170 499 194 0.207521 0.655240 BG
person 474 176 493 212 0.163655 0.730640 BG
person 470 175 481 202 0.104098 0.776763 BG
night_stand 1 199 126 345 0.814372 0.065282 night_stand
night_stand 504 123 634 250 0.423044 0.316425 drawer
night_stand 0 217 130 239 0.166011 0.832739 BG
lamp 5 99 102 210 0.539818 0.442218 lamp
lamp 294 100 341 181 0.173175 0.762084 lamp
lamp 10 2 94 110 0.146187 0.724135 BG
lamp 5 44 45 188 0.102915 0.894951 BG
garbage_bin 268 395 296 404 0.142067 0.346569 BG
garbage_bin 158 335 213 366 0.1064 0.349701 BG
