cabinet 0 8 64 75 0.149397 0.326204 BG
bed 1 255 353 529 0.891432 0.058965 sofa
chair 1 74 56 217 0.414813 0.345969 BG
chair 113 146 213 224 0.193115 0.553457 endtable
chair 36 176 299 526 0.176471 0.263919 sofa
chair 207 145 290 290 0.174875 0.794730 BG
chair 589 176 721 352 0.148535 0.599637 table
chair 52 146 237 326 0.123963 0.747690 BG
chair 0 515 12 529 0.106764 0.360466 BG
sofa 166 109 603 317 0.985002 0.014192 sofa
sofa 17 124 304 529 0.720574 0.252587 sofa
sofa 7 70 85 199 0.274378 0.318134 BG
sofa 4 84 104 382 0.229522 0.324431 BG
sofa 117 139 272 297 0.1596 0.649233 BG
sofa 45 167 202 344 0.147911 0.619068 BG
table 584 164 714 402 0.326868 0.555631 BG
table 204 291 654 339 0.310929 0.672975 BG
table 300 241 639 514 0.257878 0.558382 BG
door 99 2 141 158 0.178378 0.624550 BG
bookshelf 13 18 104 171 0.155314 0.673772 BG
picture 327 1 499 73 0.648929 0.147314 mirror
picture 8 7 63 64 0.145813 0.326204 BG
picture 0 502 45 529 0.10717 0.192160 BG
pillow 364 116 457 206 0.858045 0.135080 pillow
pillow 322 116 370 192 0.664771 0.333525 BG
pillow 486 152 505 195 0.595318 0.401156 BG
pillow 13 176 197 311 0.589319 0.231403 sofa
pillow 451 135 498 207 0.460061 0.526216 pillow
pillow 451 138 564 257 0.452191 0.514680 BG
pillow 370 120 415 173 0.432153 0.558716 BG
pillow 88 207 191 256 0.430351 0.564343 BG
pillow 371 142 383 170 0.390833 0.601901 BG
pillow 1 169 103 256 0.320367 0.479804 BG
pillow 272 126 279 128 0.294374 0.692360 BG
pillow 370 156 405 183 0.27957 0.719751 BG
pillow 238 314 288 326 0.260345 0.707017 BG
pillow 242 119 325 188 0.260226 0.724576 pillow
pillow 265 124 313 145 0.216284 0.710062 BG
pillow 300 143 326 168 0.216102 0.766747 BG
pillow 384 148 434 186 0.177234 0.819949 BG
pillow 294 125 326 140 0.170786 0.805236 BG
pillow 218 314 302 344 0.169278 0.818946 BG
pillow 130 297 306 334 0.149694 0.809524 BG
pillow 300 159 326 188 0.138401 0.858308 BG
pillow 486 179 497 193 0.132503 0.862069 BG
pillow 266 315 286 322 0.130648 0.799342 BG
pillow 367 167 413 203 0.125783 0.871101 BG
pillow 248 317 255 319 0.125028 0.863668 BG
pillow 78 181 214 220 0.123991 0.772919 BG
pillow 383 136 438 157 0.120714 0.859497 BG
pillow 497 139 565 162 0.11733 0.866192 BG
pillow 159 311 318 383 0.115505 0.872686 BG
pillow 13 282 326 458 0.108917 0.683882 BG
pillow 83 201 134 330 0.104475 0.875055 BG
mirror 657 15 729 190 0.157965 0.630712 BG
clothes 5 169 107 350 0.123074 0.359631 BG
tv 0 516 11 529 0.106488 0.360466 BG
paper 323 249 549 305 0.270323 0.583393 BG
paper 422 222 461 250 0.209782 0.569300 BG
paper 189 511 196 524 0.149114 0.592293 BG
paper 2 489 61 529 0.136505 0.319258 BG
paper 191 507 212 522 0.109078 0.615230 BG
paper 149 514 237 529 0.107222 0.446131 BG
paper 322 427 330 461 0.105017 0.500564 BG
paper 708 392 729 420 0.104694 0.262302 BG
paper 237 507 255 522 0.103891 0.650952 BG
box 384 200 467 255 0.261675 0.646648 BG
box 31 72 100 155 0.175869 0.210559 BG
box 420 222 460 250 0.128074 0.569300 BG
box 577 485 727 529 0.106498 0.348947 BG
box 0 487 62 529 0.101542 0.319258 BG
lamp 134 14 172 164 0.305438 0.573980 BG
lamp 135 64 147 150 0.119982 0.620586 BG
bag 63 526 71 529 0.116734 0.315531 BG
garbage_bin 311 469 335 527 0.180715 0.704035 BG
garbage_bin 319 525 326 529 0.165266 0.166744 BG
garbage_bin 303 504 327 528 0.111911 0.418003 BG
