bed 0 175 543 510 0.990257 0.006358 bed
bed 367 308 720 527 0.206819 0.568026 floor
chair 306 119 351 139 0.214086 0.698996 BG
chair 344 136 358 169 0.208417 0.738896 BG
chair 325 134 347 161 0.20003 0.667438 BG
table 373 314 705 529 0.147662 0.568026 floor
bookshelf 7 58 115 189 0.4995 0.477233 BG
bookshelf 96 46 146 83 0.123885 0.590911 BG
bookshelf 71 20 141 164 0.100349 0.870645 BG
picture 140 13 212 62 0.396655 0.454042 BG
picture 240 43 261 73 0.356971 0.617557 BG
picture 241 20 279 67 0.202155 0.752587 BG
picture 635 2 729 75 0.144414 0.574033 BG
picture 249 58 261 71 0.140459 0.846690 BG
picture 225 39 246 71 0.121063 0.828373 BG
picture 141 29 152 59 0.120025 0.773912 BG
counter 1 184 31 192 0.21136 0.556951 BG
counter 96 51 104 64 0.124875 0.435162 BG
counter 99 36 120 50 0.109249 0.548398 BG
pillow 182 140 397 217 0.459715 0.515012 BG
pillow 328 194 474 282 0.453134 0.543859 pillow
pillow 259 134 320 194 0.398104 0.563554 BG
pillow 271 211 353 271 0.357193 0.642102 BG
pillow 363 211 409 262 0.320906 0.677730 BG
pillow 254 170 266 200 0.195778 0.795091 BG
pillow 349 223 377 257 0.193039 0.805861 BG
pillow 258 167 295 196 0.184813 0.800193 BG
pillow 211 162 270 202 0.171207 0.816266 BG
pillow 322 271 330 285 0.167049 0.832511 BG
pillow 309 279 327 284 0.158032 0.840447 BG
pillow 291 143 339 187 0.152646 0.788337 BG
pillow 343 209 389 233 0.144095 0.849780 BG
pillow 344 227 352 237 0.143548 0.848345 BG
pillow 289 267 321 275 0.141954 0.856540 BG
pillow 259 255 340 295 0.134603 0.861558 BG
pillow 286 271 326 284 0.1329 0.864741 BG
pillow 346 279 354 281 0.124424 0.872580 BG
pillow 343 217 362 237 0.11939 0.875102 BG
pillow 379 198 418 221 0.113194 0.881332 BG
pillow 332 236 377 281 0.113145 0.886009 BG
pillow 257 161 291 177 0.111699 0.871053 BG
pillow 401 190 410 199 0.111117 0.837042 BG
pillow 398 201 408 214 0.106845 0.886664 BG
pillow 331 220 347 226 0.104591 0.871929 BG
pillow 238 178 253 202 0.100837 0.895534 BG
paper 98 484 186 529 0.254287 0.309228 BG
paper 37 160 52 172 0.154129 0.635764 BG
paper 36 142 115 155 0.14837 0.633036 BG
paper 680 233 729 400 0.138333 0.356043 BG
paper 723 337 729 351 0.124854 0.278139 BG
paper 580 238 586 239 0.115588 0.453258 BG
paper 222 58 230 60 0.111126 0.587519 BG
box 177 117 179 135 0.558581 0.300543 BG
box 152 114 171 133 0.482471 0.390278 BG
box 141 111 170 156 0.38233 0.472826 BG
box 179 115 210 138 0.348315 0.535547 BG
box 321 404 338 420 0.30016 0.675981 BG
box 679 225 729 398 0.255211 0.356043 BG
box 580 237 587 239 0.235542 0.453258 BG
box 317 412 326 419 0.199252 0.757600 BG
box 191 95 259 142 0.169153 0.700005 BG
box 109 86 177 155 0.165072 0.648183 BG
box 689 294 699 314 0.156764 0.808316 BG
box 191 128 245 143 0.151727 0.749439 BG
box 308 67 313 69 0.146755 0.485885 BG
box 161 59 226 140 0.146422 0.686957 BG
box 190 137 214 144 0.14227 0.757179 BG
box 121 142 143 160 0.135209 0.697126 BG
box 151 60 171 131 0.130537 0.636101 BG
box 600 326 607 344 0.128369 0.777952 BG
box 221 58 230 60 0.125973 0.587519 BG
box 536 259 624 357 0.120719 0.831185 box
box 336 62 358 83 0.118564 0.616287 BG
box 533 270 548 322 0.113964 0.871922 BG
box 309 75 344 90 0.110417 0.587328 BG
box 37 159 53 171 0.107606 0.635764 BG
box 308 63 326 76 0.105838 0.507072 BG
box 209 115 240 135 0.102753 0.757916 BG
box 723 337 729 350 0.10246 0.278139 BG
box 120 14 211 62 0.100539 0.481736 BG
