cabinet 345 55 462 179 0.175829 0.492812 BG
bed 16 108 665 527 0.997466 0.002426 bed
bed 111 79 350 212 0.482808 0.449013 bed
bed 460 159 648 379 0.325789 0.554552 BG
chair 644 241 718 381 0.133132 0.579542 BG
chair 536 186 698 361 0.101157 0.799297 BG
sofa 596 129 725 222 0.310837 0.536899 BG
table 541 324 714 529 0.246494 0.541963 floor
table 455 134 706 299 0.176136 0.657653 BG
table 627 181 721 274 0.172004 0.715745 BG
table 639 261 727 380 0.166598 0.579542 BG
table 592 350 724 405 0.154009 0.801499 BG
table 671 192 700 282 0.139697 0.828994 BG
picture 380 2 428 89 0.33245 0.651531 BG
picture 411 2 442 87 0.123328 0.839824 BG
desk 571 180 722 273 0.237452 0.494153 BG
dresser 344 70 438 210 0.442089 0.359181 BG
pillow 163 217 240 312 0.778045 0.221752 BG
pillow 195 240 305 301 0.506563 0.492178 BG
pillow 83 189 220 485 0.445227 0.520288 pillow&&pillow
pillow 163 248 208 289 0.434909 0.564862 BG
pillow 183 194 368 452 0.405816 0.583816 pillow
pillow 78 245 127 287 0.348053 0.648933 BG
pillow 113 253 171 321 0.300103 0.696728 BG
pillow 194 343 327 435 0.297524 0.577735 BG
pillow 112 228 201 278 0.206766 0.788606 BG
pillow 244 278 269 288 0.153293 0.845531 BG
pillow 202 267 214 284 0.148816 0.850981 BG
pillow 568 231 629 331 0.146669 0.780450 BG
pillow 210 275 246 298 0.144358 0.855626 BG
pillow 114 257 159 273 0.116168 0.879381 BG
pillow 121 270 137 286 0.115837 0.879351 BG
pillow 180 256 189 260 0.111708 0.882390 BG
clothes 164 131 347 191 0.148243 0.630365 bed
clothes 325 145 338 163 0.107177 0.744948 BG
paper 556 514 563 521 0.166512 0.414637 BG
paper 406 467 440 529 0.1248 0.462885 BG
paper 703 243 729 282 0.114774 0.241028 BG
paper 226 500 228 505 0.112413 0.601169 BG
paper 381 494 412 529 0.104599 0.750669 BG
paper 176 513 191 524 0.101987 0.660350 BG
box 433 464 440 473 0.370729 0.598793 BG
box 424 455 446 490 0.357264 0.623571 BG
box 405 465 443 529 0.328007 0.462885 BG
box 85 137 121 147 0.245056 0.641119 BG
box 437 468 472 515 0.195553 0.741595 BG
box 358 444 457 529 0.186995 0.645576 BG
box 701 91 729 135 0.173949 0.497261 BG
box 450 168 459 199 0.130802 0.660294 BG
box 407 169 455 181 0.126856 0.672950 BG
box 435 511 462 529 0.112444 0.436193 BG
box 218 503 223 508 0.102415 0.619492 BG
box 557 514 563 521 0.100504 0.414637 BG
box 225 500 229 505 0.100322 0.601169 BG
person 605 0 693 56 0.508096 0.438714 lamp
person 403 1 425 19 0.100726 0.755795 BG
lamp 1 74 13 117 0.303515 0.453618 BG
lamp 667 273 728 382 0.144594 0.283784 BG
lamp 2 54 21 142 0.111907 0.613575 BG
garbage_bin 440 113 442 165 0.161993 0.631612 BG
garbage_bin 703 213 729 283 0.112498 0.255688 BG
garbage_bin 669 261 726 408 0.104789 0.321897 BG
