cabinet 495 71 594 163 0.105964 0.468074 BG
bed 78 200 547 481 0.911173 0.085689 bed
bed 552 83 718 277 0.76352 0.204115 BG
chair 641 66 727 461 0.185516 0.727729 BG
bookshelf 511 64 599 116 0.205165 0.350873 BG
bookshelf 185 84 245 161 0.102905 0.830865 BG
picture 663 2 729 74 0.337015 0.350897 BG
picture 2 3 62 56 0.293411 0.442901 BG
picture 11 1 141 17 0.243837 0.416346 BG
picture 649 48 727 102 0.242947 0.514958 BG
picture 11 2 194 56 0.225696 0.593576 BG
picture 49 7 100 15 0.217909 0.355388 BG
picture 552 1 588 5 0.196602 0.594951 BG
picture 12 3 54 11 0.171656 0.488634 BG
picture 590 33 596 38 0.167028 0.641472 BG
picture 653 47 674 79 0.158153 0.582214 BG
picture 153 88 199 150 0.151061 0.778955 BG
picture 162 104 182 127 0.145897 0.800015 BG
picture 597 19 598 21 0.141373 0.658228 BG
picture 723 81 727 89 0.137057 0.337536 BG
picture 159 88 176 114 0.136669 0.813944 BG
picture 180 118 185 123 0.123122 0.775441 BG
picture 711 67 729 90 0.12245 0.320581 BG
picture 508 24 529 31 0.118168 0.697953 BG
picture 573 16 588 23 0.107264 0.709014 BG
picture 93 1 182 10 0.102504 0.781573 BG
picture 510 17 601 67 0.102008 0.782863 BG
dresser 608 96 647 161 0.183864 0.616635 BG
pillow 370 195 419 227 0.322573 0.648895 pillow
pillow 381 209 428 244 0.307954 0.667593 BG
pillow 368 217 391 230 0.196768 0.796721 BG
pillow 407 243 420 246 0.19549 0.793392 BG
pillow 377 223 452 266 0.136212 0.860049 BG
pillow 422 234 455 267 0.113521 0.876535 BG
mirror 598 8 729 111 0.121958 0.700245 BG
mirror 485 36 491 72 0.121215 0.733962 BG
clothes 32 100 83 148 0.394267 0.444053 clothes
clothes 30 85 165 147 0.345764 0.349922 clothes
clothes 49 85 68 112 0.101317 0.825573 BG
paper 16 27 60 55 0.28478 0.547825 BG
paper 90 28 137 33 0.206412 0.654874 BG
paper 127 273 150 286 0.198388 0.739981 BG
paper 8 9 160 56 0.197754 0.603181 BG
paper 398 125 401 129 0.186061 0.407256 BG
paper 230 9 274 19 0.1812 0.667956 BG
paper 127 273 186 302 0.159199 0.821424 BG
paper 17 20 87 29 0.157369 0.640188 BG
paper 726 108 729 110 0.156261 0.218508 BG
paper 6 27 23 48 0.132979 0.736525 BG
paper 712 68 729 89 0.122545 0.320581 BG
paper 1 46 70 77 0.120223 0.689075 BG
paper 658 41 675 62 0.116918 0.564103 BG
paper 124 265 135 273 0.116517 0.807962 BG
paper 110 10 160 19 0.103148 0.679561 BG
paper 551 0 588 5 0.101913 0.594951 BG
paper 7 97 49 100 0.101488 0.836024 BG
box 89 146 164 177 0.647141 0.287515 BG
box 49 145 195 208 0.540389 0.411365 BG
box 134 173 138 178 0.467498 0.433179 BG
box 533 69 546 84 0.285401 0.584679 BG
box 245 93 299 146 0.270466 0.637777 BG
box 515 71 596 112 0.240584 0.350873 BG
box 657 116 661 133 0.233127 0.532754 BG
box 88 149 127 155 0.193836 0.505827 BG
box 8 85 192 177 0.15771 0.697148 BG
box 553 73 586 85 0.148781 0.677503 BG
box 267 96 290 114 0.132345 0.774873 BG
box 196 147 198 147 0.127418 0.724414 BG
box 494 1 589 8 0.127267 0.694906 BG
box 47 7 99 15 0.1218 0.355388 BG
box 189 148 203 162 0.114207 0.798390 BG
box 584 12 588 16 0.113088 0.676536 BG
box 119 200 157 210 0.112641 0.825464 BG
box 507 20 580 30 0.111965 0.743202 BG
box 21 22 88 29 0.107849 0.648025 BG
box 13 125 47 148 0.106957 0.764132 BG
box 659 114 686 143 0.106125 0.764685 BG
box 509 114 512 122 0.102764 0.808248 BG
lamp 635 34 672 103 0.177994 0.645618 BG
lamp 654 7 694 80 0.161563 0.479700 lamp
lamp 654 47 674 80 0.113597 0.582214 BG
bag 34 86 81 146 0.159534 0.450383 clothes
bag 3 88 193 174 0.131292 0.441533 BG
garbage_bin 558 144 561 145 0.309805 0.588760 BG
garbage_bin 538 200 556 241 0.304767 0.641172 BG
garbage_bin 541 228 551 241 0.302526 0.655060 BG
garbage_bin 533 200 539 213 0.289127 0.606571 BG
garbage_bin 541 239 550 247 0.213561 0.765439 BG
garbage_bin 560 137 563 138 0.213517 0.578232 BG
garbage_bin 538 246 549 264 0.204116 0.778148 BG
garbage_bin 533 180 546 220 0.190712 0.752495 BG
garbage_bin 500 126 563 236 0.146679 0.780043 BG
garbage_bin 565 110 592 156 0.134884 0.577374 BG
garbage_bin 554 144 560 150 0.102861 0.812264 BG
