cabinet 4 205 99 378 0.21201 0.694880 BG
cabinet 2 216 33 378 0.129352 0.484112 dishwasher
cabinet 411 100 474 211 0.126249 0.828833 BG
chair 448 233 631 511 0.996799 0.002801 chair
chair 214 251 449 529 0.993379 0.003398 chair
chair 612 223 696 365 0.851602 0.130166 chair
chair 435 223 543 384 0.470226 0.522901 BG
chair 532 215 569 236 0.378945 0.507547 BG
chair 320 138 378 236 0.345074 0.640157 BG
chair 556 217 571 232 0.288275 0.625080 BG
chair 496 226 533 276 0.255937 0.659385 BG
chair 598 215 612 223 0.239785 0.672514 BG
chair 574 195 611 229 0.225895 0.617513 BG
chair 614 215 622 220 0.218629 0.682972 BG
chair 522 207 572 216 0.114649 0.819782 BG
sofa 1 431 126 526 0.115155 0.587384 BG
table 212 235 558 509 0.487838 0.233955 island&&chair
table 454 216 711 409 0.125031 0.378830 BG
table 496 186 569 236 0.104882 0.615013 BG
door 0 5 163 145 0.123768 0.297702 kitchen_cabinet
bookshelf 533 176 540 181 0.296602 0.562967 BG
bookshelf 497 175 558 223 0.122269 0.767647 BG
bookshelf 524 169 592 213 0.108118 0.850782 BG
picture 5 6 79 138 0.273949 0.270861 BG
picture 145 8 201 136 0.246818 0.623049 BG
picture 672 166 684 176 0.150193 0.536471 BG
picture 293 1 296 2 0.149514 0.643176 BG
picture 90 6 176 133 0.125893 0.700564 BG
picture 165 56 191 120 0.104038 0.742035 BG
counter 252 204 532 252 0.269261 0.655058 BG
counter 447 189 556 235 0.175891 0.730963 BG
counter 316 220 345 251 0.171 0.532814 BG
counter 312 210 405 254 0.154696 0.732346 BG
counter 422 216 530 231 0.112411 0.805920 BG
counter 0 208 596 495 0.111562 0.787360 island
counter 261 203 330 253 0.110604 0.610716 BG
counter 295 222 327 252 0.100371 0.650175 BG
blinds 612 33 658 217 0.257735 0.587116 BG
blinds 235 1 312 94 0.146773 0.694625 BG
blinds 306 5 410 133 0.12589 0.814540 BG
blinds 571 20 626 229 0.109982 0.857667 curtain
mirror 0 9 213 152 0.315672 0.380042 kitchen_cabinet
tv 2 223 31 361 0.110224 0.484112 dishwasher
paper 22 431 23 435 0.234192 0.518837 BG
paper 18 433 20 438 0.217096 0.572315 BG
paper 723 439 729 445 0.143528 0.214709 BG
paper 703 434 708 437 0.132916 0.403722 BG
paper 157 527 164 529 0.106703 0.244874 BG
box 157 526 163 529 0.115325 0.244874 BG
box 164 56 191 117 0.103752 0.742035 BG
box 154 527 156 529 0.102651 0.239674 BG
lamp 674 79 729 177 0.98119 0.015760 lamp
lamp 674 135 728 240 0.692774 0.276397 BG
lamp 684 133 717 177 0.650344 0.347462 BG
lamp 653 24 727 295 0.613697 0.286563 curtain
lamp 705 193 729 241 0.40479 0.337756 BG
lamp 672 133 687 177 0.369692 0.628566 BG
lamp 716 217 729 306 0.201839 0.445054 BG
lamp 694 194 728 304 0.199956 0.414236 BG
lamp 681 9 727 132 0.186912 0.731107 BG
lamp 429 18 477 98 0.136105 0.839594 BG
lamp 378 15 442 192 0.108228 0.866598 BG
lamp 171 2 274 97 0.105529 0.848816 BG
lamp 480 103 533 183 0.100393 0.799686 BG
garbage_bin 102 371 146 435 0.118151 0.810478 BG
