chair 3 120 43 223 0.781201 0.192606 BG
chair 96 85 153 145 0.639391 0.350841 BG
chair 10 107 128 166 0.525064 0.412955 BG
chair 644 261 729 325 0.469335 0.508860 BG
chair 155 246 282 307 0.463972 0.533775 BG
chair 144 62 176 119 0.421934 0.562680 BG
chair 3 262 152 304 0.390871 0.597561 BG
chair 385 253 517 314 0.365145 0.632955 chair
chair 521 261 662 320 0.355461 0.640406 chair
chair 66 65 173 122 0.329773 0.663142 BG
chair 272 251 400 313 0.31813 0.681136 chair
chair 151 174 219 195 0.288069 0.698694 BG
chair 84 266 664 381 0.283992 0.531688 BG
chair 133 52 229 114 0.28272 0.601201 BG
chair 169 33 252 85 0.245288 0.613049 BG
chair 371 256 379 263 0.228694 0.756090 BG
chair 651 279 657 285 0.215581 0.782353 BG
chair 612 264 622 275 0.21108 0.734887 BG
chair 155 76 169 103 0.205667 0.779037 BG
chair 658 191 673 206 0.203096 0.783285 BG
chair 517 298 529 314 0.196568 0.802626 BG
chair 576 183 670 205 0.193976 0.787213 BG
chair 0 130 36 162 0.19287 0.702432 BG
chair 584 182 587 187 0.186567 0.800084 BG
chair 214 176 300 197 0.181286 0.804564 BG
chair 659 185 728 208 0.171902 0.536691 BG
chair 515 293 527 300 0.16962 0.830052 BG
chair 210 176 239 196 0.166503 0.818644 BG
chair 253 249 261 256 0.161881 0.811598 BG
chair 400 184 412 191 0.157634 0.834506 BG
chair 658 262 667 274 0.148521 0.842452 BG
chair 1 433 34 444 0.148229 0.700589 BG
chair 185 250 594 317 0.144964 0.853206 BG
chair 44 163 96 198 0.143735 0.780464 BG
chair 488 181 570 205 0.139839 0.852137 BG
chair 63 103 108 150 0.132455 0.861387 BG
chair 316 176 388 200 0.13134 0.864326 chair
chair 583 181 595 191 0.127393 0.867634 BG
chair 485 251 537 299 0.126576 0.864003 BG
chair 517 287 528 296 0.120632 0.878866 BG
chair 482 256 495 263 0.119377 0.848986 BG
chair 402 178 473 203 0.115168 0.880764 chair
chair 134 57 209 78 0.112686 0.860224 BG
chair 246 176 255 182 0.108321 0.882936 BG
chair 159 286 161 292 0.107539 0.891099 BG
chair 388 251 432 296 0.106406 0.890847 BG
chair 274 291 283 304 0.105113 0.893758 BG
chair 59 167 217 202 0.102574 0.894401 BG
sofa 10 524 683 529 0.104231 0.229478 BG
table 50 183 696 279 0.956331 0.025670 table
table 23 289 688 515 0.934474 0.048182 BG
table 119 140 404 195 0.335803 0.586000 BG
table 39 205 302 293 0.235817 0.699901 BG
table 17 455 655 529 0.203678 0.669129 BG
table 25 227 675 376 0.130708 0.842110 BG
table 375 152 699 200 0.102863 0.861561 BG
picture 4 2 64 28 0.361104 0.241057 BG
desk 50 195 669 258 0.190339 0.037601 table
desk 305 246 322 259 0.100724 0.584567 BG
paper 721 482 729 486 0.139579 0.235307 BG
paper 54 512 111 524 0.125333 0.486383 BG
paper 107 512 192 525 0.120074 0.484740 BG
paper 688 378 729 399 0.115321 0.276371 BG
paper 192 515 206 523 0.105349 0.529962 BG
box 341 457 349 462 0.346803 0.625287 BG
box 192 43 229 83 0.138393 0.579476 BG
box 64 179 65 184 0.120155 0.630749 BG
whiteboard 19 3 231 81 0.152889 0.727388 BG
whiteboard 3 1 64 33 0.106596 0.241057 BG
garbage_bin 725 265 729 271 0.108641 0.166572 BG
