cabinet 513 10 721 157 0.168445 0.444284 BG
cabinet 349 3 612 152 0.116894 0.782197 BG
chair 75 238 506 524 0.994883 0.004961 chair
chair 11 186 337 409 0.871571 0.123511 chair
chair 3 124 221 270 0.740869 0.255782 chair
chair 101 219 293 329 0.398039 0.594891 BG
chair 211 382 358 497 0.115959 0.883912 BG
sofa 6 525 691 529 0.110417 0.214112 BG
table 116 280 623 525 0.223774 0.524800 chair
picture 588 3 648 124 0.470974 0.244174 BG
picture 317 2 345 39 0.194343 0.451320 BG
picture 586 73 611 105 0.138714 0.708085 BG
pillow 279 324 303 379 0.200422 0.660273 BG
pillow 256 322 303 432 0.114351 0.816461 BG
mirror 471 1 669 141 0.165663 0.206653 BG
paper 23 403 26 406 0.193266 0.088644 BG
paper 1 240 7 245 0.111555 0.548816 BG
paper 463 346 468 351 0.107772 0.605359 BG
paper 592 10 614 73 0.106029 0.489724 BG
paper 388 195 401 203 0.105735 0.749279 BG
paper 426 104 431 117 0.101798 0.739971 BG
paper 1 216 14 229 0.100241 0.778305 BG
box 1 240 8 246 0.325857 0.548816 BG
box 485 78 489 94 0.250779 0.661895 BG
box 590 13 625 74 0.186601 0.436485 BG
box 3 249 11 256 0.178084 0.793510 BG
box 480 76 489 118 0.172478 0.765658 BG
box 484 8 541 119 0.167623 0.575262 BG
box 300 149 318 173 0.158133 0.762444 BG
box 480 92 522 119 0.107448 0.834821 BG
box 605 7 649 125 0.104166 0.399014 BG
box 20 403 26 405 0.103489 0.179836 BG
box 316 3 347 38 0.100997 0.451320 BG
whiteboard 631 1 719 161 0.610361 0.173105 BG
whiteboard 345 0 508 213 0.328026 0.576232 whiteboard
whiteboard 335 2 491 55 0.307216 0.500300 BG
bag 279 323 303 407 0.123336 0.529397 BG
