chair 324 268 570 518 0.989274 0.010134 chair
chair 526 117 722 411 0.895673 0.096239 chair
chair 119 238 470 512 0.891314 0.105220 chair
chair 26 146 244 500 0.890329 0.108879 chair
chair 260 64 428 227 0.886262 0.113696 chair
chair 162 37 265 184 0.846078 0.153141 chair
chair 344 73 511 290 0.833711 0.166174 chair
chair 5 117 187 282 0.802633 0.197170 chair&&chair
chair 582 339 726 529 0.797117 0.090086 BG
chair 103 40 210 139 0.768925 0.228187 BG
chair 217 39 319 205 0.693597 0.305381 chair
chair 379 21 447 158 0.61715 0.381154 BG
chair 220 72 372 394 0.595593 0.404267 BG
chair 378 57 437 80 0.576304 0.422389 BG
chair 0 98 94 213 0.574514 0.425090 BG
chair 432 92 566 233 0.533516 0.465107 BG
chair 218 183 241 261 0.489653 0.505482 BG
chair 471 19 551 92 0.475267 0.522710 BG
chair 617 1 724 50 0.454541 0.486934 BG
chair 192 104 247 181 0.447715 0.547806 BG
chair 485 27 694 129 0.447576 0.550629 BG
chair 282 7 390 76 0.417106 0.580703 BG
chair 256 56 348 140 0.401663 0.597237 BG
chair 340 263 390 383 0.381851 0.617176 floor
chair 191 40 235 126 0.367102 0.631766 BG
chair 331 58 426 137 0.366093 0.632333 BG
chair 154 138 158 141 0.357269 0.641554 BG
chair 210 43 226 55 0.310751 0.686628 BG
chair 423 69 516 164 0.310673 0.685716 BG
chair 144 85 236 137 0.30938 0.684922 BG
chair 239 7 325 106 0.308581 0.678902 chair&&chair
chair 472 66 536 89 0.300012 0.690058 BG
chair 230 128 674 425 0.29833 0.701427 BG
chair 206 35 258 57 0.298026 0.699682 BG
chair 127 144 262 299 0.288782 0.708807 BG
chair 201 40 218 102 0.283043 0.716157 BG
chair 399 14 518 101 0.280467 0.716782 BG
chair 207 41 222 42 0.277655 0.720377 BG
chair 343 66 375 104 0.272328 0.724480 BG
chair 432 143 438 150 0.26362 0.681719 BG
chair 429 75 437 79 0.259314 0.738988 BG
chair 149 149 155 153 0.253646 0.746229 BG
chair 243 188 250 214 0.249712 0.749589 BG
chair 131 142 158 233 0.244436 0.755199 BG
chair 251 96 268 114 0.244154 0.752834 BG
chair 329 77 346 134 0.241401 0.758304 BG
chair 250 59 278 119 0.231232 0.766210 BG
chair 50 63 349 221 0.227675 0.770522 BG
chair 602 106 643 117 0.217585 0.738433 BG
chair 244 183 252 198 0.216056 0.783561 BG
chair 646 207 727 364 0.215798 0.749889 BG
chair 0 158 7 191 0.211525 0.787254 BG
chair 317 46 360 70 0.211191 0.787746 BG
chair 148 120 210 156 0.200064 0.795575 BG
chair 218 179 278 283 0.193229 0.805803 BG
chair 245 176 246 179 0.192335 0.807582 BG
chair 534 93 641 202 0.188415 0.803135 BG
chair 532 87 550 98 0.18665 0.779085 BG
chair 212 13 278 127 0.184736 0.811891 chair
chair 430 72 452 121 0.177894 0.817543 BG
chair 234 186 235 191 0.174956 0.824969 BG
chair 409 235 443 255 0.171352 0.712771 BG
chair 335 13 336 17 0.169451 0.808259 BG
chair 143 30 183 114 0.168546 0.830720 BG
chair 100 68 142 88 0.161196 0.827583 BG
chair 392 259 398 266 0.159106 0.835962 BG
chair 79 72 149 131 0.156765 0.830561 BG
chair 380 17 400 66 0.152145 0.843226 BG
chair 366 251 399 280 0.151737 0.845132 BG
chair 332 17 339 24 0.151433 0.836660 BG
chair 1 146 57 192 0.148859 0.850084 BG
chair 424 146 426 149 0.147441 0.830007 BG
chair 104 75 106 78 0.146633 0.790460 BG
chair 393 251 404 259 0.145312 0.834324 BG
chair 186 32 226 57 0.142884 0.811147 BG
chair 2 90 47 167 0.141352 0.853101 BG
chair 580 245 699 371 0.139004 0.837519 BG
chair 646 34 727 104 0.138077 0.836113 BG
chair 114 67 118 70 0.133463 0.810387 BG
chair 244 174 277 196 0.127555 0.870350 BG
chair 522 154 567 190 0.127318 0.820568 BG
chair 333 297 354 350 0.124507 0.852116 BG
chair 278 4 328 44 0.122709 0.858805 BG
chair 146 122 170 137 0.122159 0.873164 BG
chair 131 124 210 227 0.119417 0.869140 BG
chair 341 307 351 327 0.11741 0.823374 BG
chair 239 8 282 57 0.116879 0.873626 BG
chair 256 100 295 118 0.116531 0.881859 BG
chair 275 12 289 45 0.116437 0.876108 BG
chair 323 21 337 51 0.115556 0.882162 BG
chair 647 95 728 126 0.113138 0.840928 BG
chair 538 83 550 89 0.111299 0.867093 BG
chair 393 255 402 262 0.110797 0.885301 BG
chair 368 250 389 263 0.110622 0.886830 BG
chair 346 168 444 349 0.109008 0.890170 BG
chair 163 128 176 139 0.107484 0.885249 BG
chair 227 35 233 41 0.105951 0.892958 BG
chair 180 31 183 39 0.105581 0.760441 BG
chair 557 186 729 263 0.102238 0.850624 BG
chair 158 74 186 94 0.102138 0.897388 BG
chair 85 101 109 123 0.101862 0.892757 BG
chair 86 35 159 95 0.100354 0.891848 BG
sofa 596 344 727 527 0.208855 0.113605 BG
table 290 7 298 11 0.139779 0.798200 BG
table 297 4 326 10 0.129628 0.804592 BG
picture 1 1 8 14 0.139851 0.184009 BG
counter 13 296 504 529 0.177266 0.541798 BG
paper 694 306 714 331 0.106051 0.755735 BG
box 3 51 80 74 0.491061 0.324151 BG
box 7 6 76 54 0.471229 0.214928 BG
box 532 504 534 507 0.178741 0.600220 BG
whiteboard 11 0 120 47 0.183476 0.683217 BG
whiteboard 1 1 7 15 0.139962 0.184009 BG
lamp 1 1 7 15 0.126526 0.184009 BG
