cabinet 64 50 248 169 0.259842 0.567581 BG
bed 99 188 710 514 0.999251 0.000705 bed
bed 547 212 729 326 0.279642 0.626485 BG
bed 288 172 545 365 0.131721 0.801911 BG
chair 6 357 85 481 0.118932 0.678018 BG
table 523 217 621 300 0.184798 0.626860 BG
picture 616 49 675 97 0.575074 0.320879 picture
picture 594 78 600 90 0.246103 0.677246 BG
picture 0 55 109 175 0.224253 0.503309 BG
picture 583 62 600 95 0.196739 0.738100 BG
picture 560 63 574 100 0.179194 0.716079 BG
picture 528 35 671 161 0.176666 0.783417 BG
picture 528 13 577 98 0.164603 0.786619 BG
picture 560 48 622 122 0.157005 0.769613 BG
picture 588 63 593 66 0.14837 0.678754 BG
picture 513 82 538 95 0.141363 0.740427 BG
picture 117 236 133 252 0.12431 0.636145 BG
picture 548 86 561 95 0.122089 0.728845 BG
picture 494 24 522 102 0.116518 0.598011 BG
picture 572 107 654 173 0.115988 0.750152 BG
picture 524 95 527 96 0.113852 0.689146 BG
picture 459 22 503 145 0.100338 0.562286 BG
picture 529 85 538 93 0.100139 0.810398 BG
pillow 230 231 320 311 0.744515 0.237327 BG
pillow 308 237 338 293 0.390547 0.606796 BG
pillow 274 282 291 295 0.316821 0.678223 BG
pillow 275 278 314 301 0.265206 0.732539 BG
pillow 303 214 533 313 0.228993 0.656908 pillow
pillow 248 248 297 281 0.145453 0.794998 BG
pillow 430 238 513 289 0.137644 0.784336 BG
pillow 658 346 676 357 0.12763 0.768122 BG
pillow 667 348 680 354 0.118947 0.817954 BG
pillow 566 305 602 322 0.113322 0.831889 BG
pillow 675 348 679 352 0.111752 0.723595 BG
pillow 622 346 717 381 0.108256 0.878946 BG
mirror 0 154 95 302 0.156747 0.427048 lamp
mirror 232 34 292 92 0.110447 0.793889 BG
clothes 142 419 178 448 0.255927 0.741109 BG
clothes 157 423 159 426 0.157753 0.838802 BG
clothes 143 378 198 453 0.133297 0.847805 BG
clothes 0 389 68 426 0.131927 0.313984 BG
clothes 7 401 23 413 0.11391 0.500939 BG
paper 0 50 73 114 0.66565 0.153757 BG
paper 0 67 30 81 0.603295 0.360844 BG
paper 61 123 67 126 0.54714 0.348648 BG
paper 53 95 113 173 0.480995 0.162937 BG
paper 54 118 66 125 0.462453 0.453144 BG
paper 71 117 92 126 0.364928 0.568880 BG
paper 51 103 75 109 0.292795 0.619470 BG
paper 98 152 102 154 0.166633 0.691376 BG
paper 407 30 411 32 0.149251 0.581863 BG
paper 467 49 475 80 0.143073 0.256437 BG
paper 718 319 729 363 0.119602 0.304409 BG
paper 456 120 459 123 0.117102 0.378157 BG
paper 706 32 718 41 0.111719 0.175860 BG
paper 50 388 64 394 0.110968 0.599932 BG
paper 6 402 24 413 0.103754 0.500939 BG
paper 1 390 69 426 0.100919 0.313984 BG
towel 467 49 475 81 0.146136 0.256437 BG
towel 5 389 68 410 0.101611 0.433341 BG
box 487 165 545 224 0.416341 0.486859 BG
box 476 190 531 260 0.409526 0.538428 BG
box 491 140 547 186 0.269819 0.529299 BG
box 503 124 661 235 0.259802 0.527776 BG
box 499 202 527 218 0.237829 0.685083 BG
box 552 217 615 252 0.218808 0.700930 BG
box 537 169 547 186 0.213584 0.664866 BG
box 481 236 488 257 0.207358 0.750506 BG
box 492 234 502 238 0.189687 0.724341 BG
box 478 268 480 273 0.174061 0.437805 BG
box 479 383 499 401 0.169757 0.764015 BG
box 484 213 488 214 0.160318 0.717305 BG
box 570 126 609 158 0.149034 0.782815 BG
box 541 184 544 186 0.147196 0.809325 BG
box 483 215 499 222 0.146717 0.749903 BG
box 525 206 601 238 0.146167 0.810854 BG
box 480 234 517 264 0.136702 0.707415 BG
box 597 281 604 282 0.133779 0.627653 BG
box 724 300 729 320 0.130439 0.334027 BG
box 528 169 546 222 0.126969 0.826466 BG
box 456 370 492 389 0.125725 0.623356 BG
box 718 255 729 261 0.123976 0.438283 BG
box 523 187 532 212 0.12361 0.831697 BG
box 50 95 117 174 0.115032 0.162937 BG
box 579 208 622 229 0.111956 0.867078 BG
box 492 152 501 167 0.106679 0.801663 BG
box 503 191 624 261 0.105933 0.816310 BG
box 625 201 669 224 0.101043 0.624300 BG
whiteboard 4 5 244 116 0.121424 0.638676 BG
person 460 243 478 269 0.106895 0.694537 BG
night_stand 3 282 113 485 0.141606 0.460031 night_stand
lamp 377 111 416 159 0.908934 0.062911 BG
lamp 386 148 432 188 0.698199 0.256321 BG
lamp 399 141 425 163 0.638743 0.314294 BG
lamp 378 109 433 228 0.62609 0.259373 BG
lamp 408 141 417 145 0.565981 0.325762 BG
lamp 611 51 617 62 0.480135 0.452533 BG
lamp 381 28 465 198 0.478887 0.376836 curtain
lamp 394 159 406 187 0.427541 0.500515 BG
lamp 381 146 398 160 0.416719 0.534520 BG
lamp 23 185 88 230 0.387049 0.569372 BG
lamp 427 162 430 166 0.276729 0.683933 BG
lamp 6 164 91 298 0.270786 0.427048 lamp
lamp 375 146 400 191 0.239523 0.656376 BG
lamp 381 146 383 152 0.238533 0.699105 BG
lamp 601 50 617 73 0.20286 0.724128 BG
lamp 422 165 433 182 0.145759 0.763502 BG
bag 0 390 69 425 0.185278 0.313984 BG
bag 6 402 23 412 0.110705 0.500939 BG
garbage_bin 545 269 574 279 0.109847 0.702311 BG
