chair 358 162 566 386 0.9216 0.078114 chair
chair 406 156 501 293 0.152288 0.846808 BG
sofa 416 26 729 196 0.208674 0.483816 BG
table 253 76 412 358 0.217101 0.492540 cart
table 454 154 698 406 0.105951 0.778792 BG
table 481 332 702 524 0.102395 0.764519 BG
bookshelf 2 14 59 164 0.189643 0.673046 BG
picture 374 2 396 33 0.323329 0.319246 BG
picture 305 2 368 49 0.278028 0.505004 BG
picture 22 212 52 242 0.262396 0.475836 BG
picture 303 9 324 32 0.239288 0.509779 BG
picture 384 1 395 15 0.167255 0.480000 BG
picture 724 288 729 309 0.155911 0.124051 BG
picture 14 1 27 7 0.135172 0.726137 BG
picture 330 7 351 32 0.128488 0.690821 BG
picture 22 222 35 241 0.126622 0.663223 BG
picture 238 8 285 46 0.114119 0.407183 BG
counter 301 85 418 311 0.105276 0.722421 BG
desk 253 71 404 388 0.22748 0.317569 cart
fridge 723 288 729 311 0.17139 0.124051 BG
fridge 0 85 102 323 0.104981 0.640084 BG
paper 1 257 9 262 0.221603 0.579634 BG
paper 375 0 396 32 0.213344 0.319246 BG
paper 250 45 254 48 0.181498 0.723923 BG
paper 451 493 461 500 0.178264 0.542169 BG
paper 238 7 286 46 0.172899 0.407183 BG
paper 22 212 52 241 0.155557 0.475836 BG
paper 385 0 395 14 0.154768 0.480000 BG
paper 352 0 368 35 0.154327 0.514562 BG
paper 537 345 543 348 0.138776 0.748725 BG
paper 22 222 35 240 0.138045 0.663223 BG
paper 22 219 35 228 0.132286 0.742935 BG
paper 549 331 560 355 0.12752 0.788991 BG
paper 328 1 367 48 0.113958 0.585041 BG
paper 39 265 43 267 0.111376 0.528902 BG
paper 26 28 37 53 0.10616 0.762459 BG
paper 330 6 351 31 0.104043 0.690821 BG
paper 249 14 283 26 0.100715 0.567666 BG
box 254 190 370 331 0.739841 0.205611 box
box 203 249 236 305 0.722008 0.249748 BG
box 146 148 258 321 0.618818 0.340716 BG
box 163 267 166 273 0.512294 0.472530 BG
box 363 2 415 66 0.504919 0.427154 box
box 75 4 219 223 0.335933 0.532499 BG
box 269 168 310 212 0.30903 0.681659 BG
box 221 126 312 300 0.253348 0.649924 BG
box 366 1 381 60 0.244491 0.549568 BG
box 236 7 255 46 0.223004 0.557002 BG
box 209 60 306 100 0.195377 0.570509 BG
box 111 257 118 272 0.191429 0.788320 BG
box 326 2 382 60 0.156681 0.587265 BG
box 251 189 272 208 0.154149 0.841479 BG
box 217 46 319 63 0.146994 0.610338 BG
box 104 255 115 268 0.136076 0.845614 BG
box 221 13 352 62 0.129101 0.698157 BG
box 304 10 355 46 0.125221 0.515200 BG
box 155 5 236 88 0.123983 0.755754 BG
box 451 493 461 500 0.108702 0.542169 BG
box 162 0 177 33 0.104512 0.582963 BG
box 236 163 288 207 0.100819 0.877874 BG
box 248 14 284 26 0.100694 0.567666 BG
box 240 101 421 217 0.100536 0.768168 BG
whiteboard 395 0 729 178 0.193367 0.455958 BG
lamp 724 288 729 309 0.185919 0.124051 BG
garbage_bin 250 271 252 285 0.262217 0.664443 BG
garbage_bin 244 263 250 287 0.229901 0.642783 BG
garbage_bin 235 247 248 277 0.226599 0.652836 BG
garbage_bin 238 152 286 291 0.187053 0.712261 BG
garbage_bin 254 152 263 154 0.160852 0.833499 BG
garbage_bin 154 118 282 307 0.121317 0.458760 BG
