chair 452 154 686 519 0.991391 0.008387 chair
chair 47 271 392 529 0.987925 0.011966 chair
chair 417 109 568 277 0.731443 0.267139 chair
chair 528 86 693 199 0.680806 0.307369 chair
chair 308 243 573 466 0.584711 0.393510 BG
chair 305 117 499 288 0.52135 0.474146 chair
chair 83 140 420 307 0.390517 0.605118 BG
chair 663 123 728 172 0.29934 0.678898 BG
chair 510 183 728 328 0.2961 0.699060 BG
chair 602 77 681 135 0.280263 0.715489 BG
chair 6 179 63 343 0.217651 0.764505 BG
chair 564 131 580 183 0.163444 0.830425 BG
chair 699 224 727 259 0.159058 0.815150 BG
chair 665 71 724 113 0.156209 0.805690 BG
chair 465 92 588 158 0.142779 0.856360 BG
chair 3 194 25 203 0.138793 0.826653 BG
chair 572 139 660 192 0.134434 0.856890 BG
chair 718 155 729 188 0.124535 0.821330 BG
chair 683 96 728 117 0.123122 0.823124 BG
chair 46 517 79 529 0.122685 0.392179 BG
chair 683 149 729 184 0.122174 0.809717 BG
chair 726 160 729 167 0.11747 0.789060 BG
chair 680 87 688 92 0.114487 0.870235 BG
chair 470 122 476 144 0.109891 0.883613 BG
chair 683 97 705 101 0.105603 0.870038 BG
chair 61 521 67 529 0.105536 0.555333 BG
box 583 179 587 188 0.21879 0.622689 BG
box 721 205 729 210 0.140796 0.811461 BG
