cabinet 357 247 449 382 0.719081 0.175807 BG
cabinet 100 98 405 297 0.225719 0.590401 BG
chair 312 356 448 425 0.839927 0.104740 chair
chair 262 331 362 412 0.660015 0.210062 BG
chair 262 328 276 352 0.4112 0.575014 BG
chair 126 259 214 322 0.405996 0.497838 chair
chair 264 329 318 371 0.404428 0.466747 BG
chair 362 388 403 418 0.25161 0.468765 BG
chair 265 346 270 349 0.225799 0.724301 BG
chair 233 310 265 346 0.199126 0.791590 BG
chair 326 347 338 370 0.173723 0.781075 BG
chair 124 260 145 325 0.160341 0.781300 BG
chair 444 421 452 426 0.15583 0.252142 BG
chair 296 338 325 380 0.148012 0.844136 BG
chair 256 342 262 350 0.143022 0.809195 BG
chair 273 346 287 358 0.139336 0.855161 BG
chair 344 390 368 412 0.117881 0.823817 BG
chair 369 415 383 422 0.104427 0.246036 BG
chair 137 290 144 316 0.100442 0.877269 BG
table 0 304 371 426 0.993933 0.000675 table
table 224 320 367 396 0.492412 0.211321 BG
table 2 270 164 379 0.283405 0.654231 BG
table 258 326 321 372 0.123246 0.466747 BG
table 444 421 451 426 0.105688 0.252142 BG
picture 483 139 511 192 0.651061 0.095153 paper
picture 368 200 445 275 0.613268 0.346682 BG
picture 477 82 510 244 0.510399 0.437451 BG
picture 361 222 377 278 0.50659 0.487888 BG
picture 477 62 555 409 0.420526 0.301434 door
picture 490 158 503 171 0.254352 0.338268 BG
picture 379 240 401 264 0.238034 0.758025 BG
picture 482 76 545 144 0.22977 0.693898 BG
picture 476 75 484 195 0.207622 0.774417 BG
picture 209 104 430 274 0.161919 0.618296 BG
picture 400 239 414 247 0.150491 0.772360 BG
picture 430 255 432 263 0.128539 0.751729 BG
picture 438 255 445 275 0.123885 0.373323 BG
picture 437 245 444 255 0.110138 0.682123 BG
counter 3 221 7 223 0.406739 0.470106 BG
counter 0 214 13 217 0.289237 0.488948 BG
counter 0 227 136 313 0.279422 0.504044 cabinet&&shelves
counter 0 220 37 233 0.258735 0.532012 BG
counter 0 224 134 233 0.159446 0.746750 BG
counter 2 218 62 225 0.13892 0.733675 BG
counter 0 229 137 244 0.121224 0.825234 BG
mirror 442 0 548 426 0.10492 0.360072 door
fridge 398 26 545 426 0.324001 0.403489 BG
tv 166 0 178 3 0.123012 0.808353 BG
paper 491 158 503 170 0.329284 0.338268 BG
paper 362 87 393 127 0.269241 0.481560 BG
paper 126 41 147 44 0.266966 0.476648 BG
paper 364 104 367 111 0.223232 0.552837 BG
paper 205 273 216 279 0.203372 0.331035 BG
paper 271 99 284 106 0.201754 0.711668 BG
paper 439 255 445 275 0.201556 0.373323 BG
paper 362 101 377 125 0.192421 0.567246 BG
paper 528 321 530 326 0.188425 0.040806 BG
paper 400 159 412 179 0.187101 0.474482 BG
paper 440 269 445 275 0.18685 0.382099 BG
paper 470 404 482 426 0.184563 0.342856 BG
paper 236 95 280 106 0.184417 0.652476 BG
paper 205 283 210 289 0.178646 0.298605 BG
paper 204 273 216 298 0.172684 0.407890 BG
paper 455 8 485 32 0.171076 0.782120 camera
paper 545 243 556 251 0.169052 0.257854 BG
paper 262 103 268 105 0.159222 0.751895 BG
paper 14 8 187 66 0.155602 0.629630 BG
paper 475 405 481 416 0.149666 0.583690 BG
paper 462 24 471 32 0.145697 0.834949 BG
paper 207 295 214 298 0.142375 0.454388 BG
paper 207 92 238 98 0.135546 0.708885 BG
paper 490 154 501 160 0.135531 0.674486 BG
paper 529 415 560 426 0.134055 0.209685 BG
paper 253 97 296 111 0.128561 0.802812 BG
paper 481 397 486 415 0.121531 0.638764 BG
paper 196 52 367 126 0.121247 0.711854 BG
paper 427 287 437 289 0.119704 0.585168 BG
paper 427 283 444 288 0.118073 0.592353 BG
paper 185 86 208 94 0.115764 0.813697 BG
paper 298 101 302 107 0.110063 0.787267 BG
paper 473 17 477 24 0.105601 0.855777 BG
paper 374 420 380 422 0.104818 0.427907 BG
paper 445 414 458 426 0.102492 0.290453 BG
paper 131 78 149 86 0.100207 0.814867 BG
box 205 282 211 289 0.349651 0.298605 BG
box 439 76 452 85 0.303255 0.507034 BG
box 204 282 215 298 0.300479 0.389322 BG
box 205 272 217 279 0.286427 0.331035 BG
box 120 260 124 265 0.285055 0.684261 BG
box 207 294 215 298 0.284865 0.454388 BG
box 125 246 130 260 0.224154 0.691227 BG
box 361 83 395 127 0.213268 0.481560 BG
box 95 223 131 232 0.212228 0.682579 BG
box 438 255 445 274 0.200462 0.373323 BG
box 362 100 377 124 0.198461 0.567246 BG
box 363 103 367 111 0.18052 0.552837 BG
box 418 75 428 84 0.179216 0.745047 BG
box 423 74 444 92 0.164038 0.753468 BG
box 95 223 98 227 0.140644 0.785599 BG
box 400 159 413 178 0.137345 0.474482 BG
box 129 256 140 260 0.126056 0.759639 BG
box 476 402 482 425 0.124954 0.307393 BG
box 544 242 556 251 0.122549 0.257854 BG
box 529 414 560 426 0.120228 0.209685 BG
box 528 320 531 325 0.120186 0.040806 BG
box 392 69 444 199 0.111015 0.383903 BG
box 2 116 30 144 0.106166 0.699454 BG
box 3 138 50 157 0.103409 0.683869 BG
box 392 85 407 96 0.102632 0.838033 BG
box 444 413 458 426 0.102335 0.290453 BG
box 213 1 253 8 0.10197 0.587043 BG
whiteboard 219 147 363 347 0.645966 0.229857 standboard&&whiteboard
whiteboard 134 115 286 275 0.153621 0.453993 BG
lamp 399 106 444 206 0.120848 0.397351 BG
lamp 5 64 72 81 0.117685 0.631405 BG
garbage_bin 492 351 510 368 0.127128 0.430712 BG
garbage_bin 528 320 531 326 0.125794 0.040806 BG
