chair 3 99 58 129 0.246184 0.710246 BG
chair 2 97 48 109 0.210852 0.749656 BG
door 227 2 410 236 0.326449 0.485444 door
door 120 2 230 260 0.186578 0.519910 BG
door 106 0 180 124 0.169365 0.465026 BG
door 12 4 159 256 0.122145 0.626719 BG
door 117 0 135 100 0.115757 0.690713 BG
door 226 0 233 93 0.112178 0.737188 BG
picture 0 182 17 234 0.856168 0.096784 BG
picture 0 207 10 221 0.265148 0.698190 BG
picture 263 124 267 127 0.231998 0.558608 BG
picture 0 230 18 236 0.182518 0.670912 BG
picture 1 127 55 239 0.140492 0.552142 BG
picture 36 1 98 19 0.129154 0.777487 BG
picture 68 212 74 220 0.12398 0.648243 BG
picture 253 63 265 73 0.123771 0.617727 BG
picture 4 213 9 216 0.114243 0.856736 BG
picture 279 243 301 251 0.100419 0.712016 BG
counter 8 254 305 318 0.525093 0.243364 counter
counter 1 226 391 418 0.218379 0.220406 sink
counter 0 279 24 290 0.167837 0.766270 BG
counter 3 262 78 316 0.144656 0.723181 BG
blinds 118 3 215 243 0.102247 0.499739 BG
mirror 209 6 410 363 0.331293 0.462717 door
mirror 114 2 230 269 0.234809 0.610682 BG
clothes 512 0 551 79 0.752125 0.153963 clothes
clothes 547 0 560 44 0.656107 0.150432 BG
clothes 523 0 535 60 0.60528 0.297182 BG
clothes 512 31 526 66 0.259363 0.697826 BG
clothes 517 16 527 34 0.224658 0.643702 BG
paper 267 405 271 408 0.105051 0.353692 BG
paper 29 241 46 248 0.102783 0.593256 BG
paper 252 62 265 72 0.101068 0.617727 BG
box 133 90 135 95 0.299886 0.442033 BG
box 131 94 140 111 0.285335 0.459440 BG
box 17 210 48 242 0.27701 0.461535 BG
box 223 223 227 226 0.213705 0.538168 BG
box 203 400 212 425 0.209342 0.343314 BG
box 28 240 47 248 0.197223 0.593256 BG
box 202 225 220 233 0.177236 0.495629 BG
box 252 52 265 72 0.163588 0.583445 BG
box 1 136 55 237 0.161646 0.552142 BG
box 18 243 42 252 0.156103 0.707020 BG
box 6 1 37 9 0.152499 0.633931 BG
box 122 93 133 110 0.148832 0.533784 BG
box 256 361 295 426 0.148016 0.411104 BG
box 208 235 214 238 0.144205 0.654348 BG
box 17 242 21 246 0.14023 0.752114 BG
box 122 422 126 426 0.129066 0.389897 BG
box 122 93 181 117 0.127474 0.727378 BG
box 147 409 158 426 0.113653 0.271316 BG
box 56 129 69 139 0.109268 0.838835 BG
whiteboard 5 12 181 264 0.147845 0.626323 BG
whiteboard 3 2 43 113 0.130801 0.411594 BG
whiteboard 239 8 411 165 0.100314 0.425499 BG
toilet 13 196 114 407 0.746488 0.172637 BG
toilet 0 331 73 426 0.194848 0.715073 toilet
toilet 40 207 295 406 0.189494 0.437606 sink
sink 120 212 302 425 0.775838 0.099473 sink
sink 122 243 279 311 0.349684 0.365564 counter
sink 11 225 209 413 0.169424 0.418777 BG
bathtub 262 356 560 424 0.623364 0.300040 bathtub
bathtub 222 190 556 422 0.551628 0.220967 BG
bathtub 411 384 446 396 0.272808 0.705989 BG
bathtub 419 391 424 395 0.182622 0.800618 BG
bathtub 429 388 433 394 0.158213 0.796930 BG
bathtub 296 355 436 397 0.143848 0.830423 BG
bathtub 131 225 346 426 0.112098 0.258936 sink
bag 513 4 558 96 0.123104 0.166365 clothes
bag 547 3 560 47 0.113261 0.150432 BG
garbage_bin 267 405 271 408 0.210624 0.353692 BG
garbage_bin 254 382 298 424 0.16643 0.352491 BG
