cabinet 168 279 409 374 0.463305 0.465546 BG
cabinet 180 1 224 12 0.100968 0.569097 BG
chair 6 323 96 383 0.303517 0.587637 BG
chair 29 321 179 423 0.275089 0.528311 BG
chair 105 292 318 422 0.162269 0.559861 BG
chair 311 380 432 426 0.153762 0.780540 BG
chair 305 323 313 333 0.152596 0.824237 BG
chair 193 415 196 416 0.144938 0.593124 BG
chair 256 310 326 417 0.135419 0.830998 BG
chair 288 336 317 360 0.122846 0.868710 BG
sofa 285 284 560 424 0.790225 0.133039 sofa
sofa 0 416 15 426 0.100497 0.127266 BG
table 4 335 366 423 0.247805 0.523769 BG
table 184 281 333 411 0.148839 0.509129 tv_stand
table 90 351 204 422 0.108154 0.424690 BG
door 194 5 331 246 0.133903 0.453973 blinds
door 196 137 206 181 0.1173 0.524914 BG
bookshelf 139 1 163 54 0.126174 0.466781 BG
picture 156 210 197 244 0.352159 0.590463 BG
picture 37 321 66 336 0.154357 0.404074 BG
picture 187 1 223 10 0.112789 0.569097 BG
picture 144 3 163 46 0.111997 0.503984 BG
blinds 10 7 203 230 0.877187 0.110341 blinds
blinds 4 26 70 252 0.548962 0.422446 BG
blinds 129 9 317 216 0.37685 0.491791 BG
desk 189 284 361 355 0.348976 0.514125 BG
desk 82 299 336 421 0.124912 0.603965 BG
pillow 365 368 560 424 0.404503 0.486289 pillow
pillow 429 356 462 383 0.167011 0.828356 BG
pillow 426 378 449 386 0.149407 0.842630 BG
pillow 489 314 557 398 0.125698 0.780809 BG
pillow 448 377 450 380 0.116333 0.875872 BG
pillow 442 376 448 380 0.115012 0.880459 BG
pillow 440 323 446 325 0.109028 0.634556 BG
pillow 490 409 527 426 0.106064 0.782943 BG
clothes 75 349 155 394 0.295215 0.360954 BG
clothes 84 325 191 422 0.124481 0.383491 BG
tv 212 190 368 324 0.987625 0.007245 tv
tv 218 237 290 301 0.244645 0.715051 BG
paper 440 164 444 172 0.169803 0.109560 BG
paper 316 414 331 423 0.144538 0.621899 BG
paper 308 402 331 426 0.142436 0.623836 BG
paper 17 329 50 338 0.139426 0.673635 BG
paper 381 417 384 421 0.106789 0.548573 BG
paper 2 169 9 206 0.100853 0.652876 BG
paper 238 398 311 426 0.100272 0.713434 BG
box 17 326 66 337 0.357845 0.148088 BG
box 5 316 74 374 0.258855 0.459055 BG
box 10 247 75 289 0.202291 0.682441 BG
box 30 289 33 290 0.149926 0.725119 BG
box 51 327 66 336 0.147608 0.497808 BG
box 8 281 33 291 0.140287 0.787312 BG
box 65 337 73 356 0.1384 0.689230 BG
box 192 422 200 426 0.120382 0.437295 BG
box 180 330 185 336 0.111948 0.553913 BG
lamp 37 320 65 337 0.112605 0.404074 BG
lamp 64 326 72 335 0.111751 0.613224 BG
lamp 147 322 153 331 0.108839 0.835834 BG
lamp 200 241 203 243 0.108231 0.571327 BG
bag 73 368 134 426 0.157803 0.482359 BG
bag 73 351 154 393 0.12138 0.360954 BG
bag 91 371 136 393 0.108979 0.639274 BG
