chair 59 173 118 243 0.783338 0.159600 chair
chair 40 186 85 272 0.69991 0.268840 BG
chair 258 274 538 426 0.280879 0.296376 BG
chair 8 187 66 248 0.278042 0.484867 BG
chair 52 193 79 209 0.184931 0.721668 BG
chair 36 201 52 208 0.165928 0.722116 BG
chair 334 93 393 144 0.164777 0.751950 BG
chair 85 170 114 211 0.152102 0.796484 BG
chair 384 89 391 132 0.131578 0.797519 BG
chair 0 298 90 421 0.12663 0.310241 person
chair 56 190 64 196 0.101018 0.762207 BG
table 6 228 167 422 0.591979 0.023896 desk
table 0 171 144 266 0.540497 0.136058 desk
table 43 157 375 230 0.396838 0.528523 BG
table 200 177 235 212 0.263172 0.705441 BG
table 197 174 281 224 0.235249 0.698629 BG
table 164 168 232 226 0.216687 0.763126 desk
table 230 251 412 423 0.150236 0.242107 desk
table 0 201 52 265 0.148005 0.645708 BG
table 52 173 87 235 0.111277 0.405279 BG
bookshelf 462 132 516 166 0.117644 0.837196 BG
bookshelf 57 114 283 185 0.112133 0.700429 BG
bookshelf 132 82 155 114 0.109487 0.376127 BG
picture 100 51 151 98 0.738458 0.209843 BG
picture 15 42 150 153 0.628724 0.267621 BG
picture 59 111 79 140 0.359294 0.403463 picture
picture 83 94 117 152 0.321434 0.619539 BG
picture 39 115 105 167 0.265874 0.679325 BG
picture 77 115 93 133 0.217728 0.685077 BG
picture 97 117 117 140 0.194673 0.765414 BG
picture 94 81 155 147 0.183596 0.425873 BG
picture 133 67 154 112 0.180496 0.417146 BG
picture 315 69 346 117 0.179299 0.382620 BG
picture 454 89 462 96 0.176033 0.582527 BG
picture 46 46 107 116 0.161472 0.650488 BG
picture 14 40 67 64 0.16014 0.681960 BG
picture 2 51 66 183 0.159825 0.757142 BG
picture 480 81 509 107 0.159461 0.657224 BG
picture 231 96 283 126 0.144246 0.626677 BG
picture 18 53 36 62 0.135999 0.827959 BG
picture 315 84 319 108 0.129789 0.462239 BG
picture 0 147 55 178 0.128656 0.817950 BG
picture 464 87 481 112 0.126458 0.673179 BG
picture 102 106 124 127 0.11403 0.785495 BG
picture 405 85 436 96 0.102499 0.823820 BG
counter 99 113 159 185 0.439245 0.445027 BG
counter 132 102 155 123 0.428427 0.313814 BG
counter 144 115 173 136 0.207145 0.572266 BG
counter 71 128 276 171 0.166158 0.661490 BG
desk 177 273 489 420 0.914386 0.026075 desk
desk 0 253 164 416 0.833076 0.015003 desk
desk 43 177 429 388 0.220216 0.750911 BG
desk 0 175 60 265 0.16248 0.204422 chair
desk 51 151 380 230 0.125745 0.514853 BG
pillow 2 367 65 426 0.219326 0.408025 BG
clothes 330 389 434 426 0.162997 0.419895 BG
paper 60 273 104 294 0.893969 0.104194 BG
paper 3 263 152 302 0.782383 0.208324 notebook
paper 69 292 77 294 0.452649 0.547224 BG
paper 553 216 560 224 0.443044 0.404041 BG
paper 58 291 65 294 0.401351 0.598242 BG
paper 102 288 116 291 0.367682 0.480744 BG
paper 16 277 34 289 0.364689 0.631380 BG
paper 94 268 97 270 0.347274 0.605032 BG
paper 252 306 271 320 0.324932 0.653594 BG
paper 1 272 66 325 0.32095 0.580440 BG
paper 272 309 300 328 0.320329 0.609814 BG
paper 316 84 319 107 0.292624 0.462239 BG
paper 94 271 130 289 0.286055 0.594431 BG
paper 286 310 300 320 0.279533 0.663568 BG
paper 389 182 406 187 0.27457 0.698032 BG
paper 512 72 559 117 0.195173 0.560520 picture
paper 317 69 347 92 0.192834 0.633552 BG
paper 278 295 333 339 0.181509 0.774927 BG
paper 2 35 67 152 0.169847 0.378519 BG
paper 4 273 116 369 0.15389 0.817082 BG
paper 233 295 299 335 0.151875 0.836413 BG
paper 59 292 100 325 0.148496 0.843373 paper
paper 48 298 66 324 0.14088 0.822178 BG
paper 500 77 514 97 0.140457 0.527625 BG
paper 2 177 23 204 0.139303 0.672128 BG
paper 542 171 560 223 0.128966 0.469190 BG
paper 101 282 135 301 0.125217 0.806561 BG
paper 377 173 405 186 0.111366 0.862678 BG
paper 40 308 52 324 0.109008 0.591539 BG
paper 60 111 78 139 0.10529 0.403463 picture
paper 64 107 74 114 0.100295 0.836044 BG
box 288 398 325 423 0.278418 0.583682 BG
box 13 42 108 113 0.223591 0.341378 BG
box 293 400 314 410 0.221897 0.714068 BG
box 499 76 515 96 0.220561 0.527625 BG
box 171 105 194 128 0.188799 0.620341 BG
box 191 106 211 123 0.181802 0.679149 BG
box 0 36 68 77 0.181754 0.594839 BG
box 316 68 345 115 0.177984 0.382620 BG
box 511 70 560 115 0.170782 0.560520 picture
box 277 369 336 426 0.14781 0.804217 BG
box 133 85 153 112 0.147075 0.376127 BG
box 1 178 24 206 0.129744 0.672128 BG
box 465 414 470 426 0.12476 0.242484 BG
box 529 136 559 217 0.117399 0.771303 BG
box 39 308 52 323 0.11183 0.591539 BG
box 1 189 23 197 0.107256 0.709396 BG
box 549 118 550 118 0.105579 0.769303 BG
person 341 136 493 426 0.959145 0.025364 person
person 429 264 442 277 0.677817 0.318902 BG
person 404 185 504 273 0.658593 0.297803 BG
person 371 127 485 241 0.646314 0.327579 BG
person 383 248 443 345 0.616294 0.377269 BG
person 446 233 472 260 0.543433 0.441602 BG
person 290 120 378 169 0.541568 0.422745 BG
person 323 238 412 372 0.532592 0.429704 desk
person 268 133 320 168 0.520136 0.478024 BG
person 442 260 445 263 0.460018 0.468353 BG
person 408 126 458 201 0.440835 0.550454 BG
person 434 215 505 364 0.431688 0.497580 BG
person 439 255 445 264 0.427855 0.526073 BG
person 463 190 495 258 0.419101 0.548805 BG
person 447 247 452 251 0.380801 0.568795 BG
person 448 239 453 247 0.374835 0.604738 BG
person 440 248 469 276 0.366275 0.557230 BG
person 494 217 497 226 0.353989 0.592482 BG
person 456 246 463 251 0.323585 0.647431 BG
person 447 246 459 258 0.316812 0.585122 BG
person 441 261 452 275 0.30551 0.607405 BG
person 456 251 459 254 0.26777 0.642078 BG
person 483 251 488 269 0.262634 0.686169 BG
person 470 224 485 257 0.261842 0.735604 BG
person 435 241 451 257 0.247529 0.741937 BG
person 339 249 378 315 0.241954 0.756516 BG
person 269 137 286 154 0.24059 0.750909 BG
person 298 145 341 166 0.233339 0.761140 BG
person 408 83 486 170 0.219252 0.730678 BG
person 276 120 283 126 0.213592 0.748379 BG
person 365 248 392 272 0.174304 0.825174 BG
person 162 95 292 140 0.1561 0.450235 BG
person 365 230 414 313 0.153718 0.842930 BG
person 477 194 554 259 0.144284 0.779200 BG
person 383 249 392 269 0.141912 0.855770 BG
person 159 123 312 166 0.132612 0.836033 BG
person 269 95 288 154 0.132105 0.840096 BG
person 407 145 432 176 0.13 0.865424 BG
person 276 126 291 140 0.129254 0.867475 BG
person 300 85 465 181 0.127201 0.862904 BG
person 293 128 314 151 0.119679 0.878725 BG
person 170 118 380 217 0.107985 0.782337 BG
person 435 159 496 209 0.100851 0.877021 BG
person 372 259 380 265 0.100567 0.899188 BG
person 281 99 299 139 0.100538 0.889222 BG
bag 12 358 68 416 0.289115 0.503582 BG
bag 330 393 427 426 0.286941 0.419895 BG
bag 325 327 472 426 0.182306 0.642537 BG
bag 398 370 452 426 0.107636 0.685066 BG
garbage_bin 536 234 550 258 0.481031 0.491649 BG
garbage_bin 548 210 560 270 0.329902 0.468809 BG
garbage_bin 515 123 558 227 0.253169 0.592386 BG
garbage_bin 550 222 560 239 0.116715 0.742359 BG
