cabinet 0 3 100 201 0.388837 0.052156 kitchen_cabinet
chair 211 218 253 274 0.253921 0.597498 BG
chair 67 415 70 418 0.187422 0.674176 BG
table 328 263 482 426 0.229092 0.461759 stove
door 0 2 107 174 0.478848 0.072221 kitchen_cabinet
door 0 3 10 142 0.354298 0.448523 BG
door 82 2 108 172 0.295337 0.359180 BG
door 422 5 466 148 0.184812 0.391036 BG
door 135 16 356 414 0.130975 0.724158 BG
door 172 167 175 182 0.117774 0.750201 BG
picture 459 15 516 139 0.921945 0.075756 picture
picture 235 112 286 225 0.574156 0.293568 BG
picture 511 2 545 36 0.499836 0.465513 BG
picture 468 60 492 115 0.423397 0.554131 BG
picture 472 112 513 135 0.393639 0.587186 BG
picture 423 1 453 29 0.383742 0.462454 BG
picture 487 1 505 17 0.271776 0.674724 BG
picture 120 139 138 164 0.266816 0.532399 bag
picture 482 223 505 249 0.208201 0.708018 BG
picture 526 4 557 63 0.194447 0.779487 BG
picture 457 165 503 271 0.185103 0.477527 paper
picture 409 19 475 261 0.184991 0.519592 BG
picture 71 4 107 167 0.159421 0.310277 BG
picture 426 9 466 140 0.155349 0.391036 BG
picture 484 247 500 255 0.150754 0.818200 BG
picture 418 204 423 206 0.144933 0.745239 BG
picture 247 209 262 228 0.140933 0.760666 BG
picture 404 208 431 243 0.12829 0.742670 BG
picture 514 12 556 160 0.125395 0.833475 BG
picture 477 61 491 83 0.115758 0.844450 BG
picture 445 27 553 253 0.114431 0.871851 BG
picture 10 5 127 241 0.108025 0.150746 kitchen_cabinet
picture 447 1 454 16 0.104775 0.855811 BG
counter 0 265 160 415 0.443692 0.156092 kitchen_counter&&sink
desk 308 270 528 419 0.426359 0.305467 BG
mirror 403 18 462 305 0.355809 0.479148 BG
mirror 214 112 298 235 0.346146 0.319198 BG
mirror 3 11 149 296 0.337911 0.514197 BG
mirror 534 102 551 191 0.148632 0.525374 BG
clothes 9 166 108 261 0.176735 0.388731 BG
fridge 444 65 547 426 0.20902 0.730952 BG
fridge 321 254 374 426 0.163846 0.426056 BG
tv 536 128 550 187 0.313795 0.429900 BG
tv 7 27 101 236 0.118284 0.037648 kitchen_cabinet
paper 453 301 503 340 0.451427 0.195103 BG
paper 323 79 326 82 0.282797 0.471685 BG
paper 504 150 540 196 0.263143 0.593104 paper
paper 427 316 452 331 0.237979 0.371849 BG
paper 442 320 452 340 0.218265 0.363100 BG
paper 512 29 524 42 0.205707 0.706060 BG
paper 117 53 120 87 0.197015 0.454045 BG
paper 518 29 524 36 0.187092 0.730549 BG
paper 279 404 317 426 0.168687 0.345910 BG
paper 439 301 449 308 0.158898 0.429300 BG
paper 385 295 451 323 0.151491 0.819533 BG
paper 454 246 506 313 0.151308 0.307703 BG
paper 427 245 431 245 0.149562 0.532004 BG
paper 288 400 302 407 0.139949 0.543190 BG
paper 116 49 119 50 0.137006 0.488833 BG
paper 121 139 137 163 0.134157 0.532399 bag
paper 4 250 7 255 0.132671 0.802485 BG
paper 412 320 431 335 0.126652 0.846119 BG
paper 430 360 450 424 0.119788 0.421028 BG
paper 431 312 452 319 0.110913 0.568367 BG
paper 447 251 455 272 0.104267 0.480812 BG
paper 427 401 432 426 0.100934 0.564807 BG
paper 281 118 286 120 0.10084 0.602041 BG
paper 222 360 283 425 0.100421 0.330394 floor
towel 440 165 485 277 0.168238 0.515622 BG
box 436 245 440 271 0.473962 0.424947 BG
box 452 248 506 342 0.391815 0.286699 BG
box 441 237 455 271 0.362637 0.432321 BG
box 422 272 426 275 0.288414 0.572674 BG
box 319 269 322 300 0.278846 0.607566 BG
box 430 233 439 245 0.257305 0.467845 BG
box 504 163 536 183 0.254882 0.526933 BG
box 288 399 303 407 0.213716 0.543190 BG
box 249 238 272 242 0.20667 0.421757 BG
box 220 353 282 424 0.206446 0.330394 BG
box 428 244 431 246 0.202973 0.532004 BG
box 429 355 451 423 0.180221 0.421028 BG
box 441 318 452 341 0.171648 0.363100 BG
box 278 402 317 425 0.161213 0.345910 BG
box 438 300 449 309 0.154452 0.429300 BG
box 250 242 275 246 0.152178 0.464433 BG
box 455 171 503 265 0.142004 0.477527 paper
box 503 152 541 218 0.130126 0.567752 paper
box 116 54 120 87 0.127962 0.454045 BG
box 427 239 431 246 0.127019 0.648662 BG
box 358 388 429 426 0.126943 0.555775 BG
box 426 314 452 331 0.124259 0.371849 BG
box 342 263 493 415 0.122675 0.424717 BG
box 366 415 389 426 0.1219 0.217841 BG
box 143 416 146 426 0.110822 0.305187 BG
box 220 415 232 426 0.108566 0.293538 BG
box 426 399 432 425 0.106691 0.564807 BG
box 481 170 538 258 0.105105 0.773356 BG
person 407 206 440 275 0.118194 0.468445 BG
sink 0 262 146 401 0.821433 0.089426 kitchen_counter&&sink
sink 99 239 170 402 0.142113 0.812567 BG
lamp 6 162 95 236 0.3141 0.314501 BG
lamp 234 209 235 214 0.114438 0.682231 BG
bag 122 243 134 264 0.154002 0.660592 BG
garbage_bin 427 355 451 423 0.1351 0.421028 BG
garbage_bin 363 398 391 426 0.126625 0.368540 BG
garbage_bin 362 399 366 412 0.12554 0.754093 BG
garbage_bin 218 356 282 425 0.11961 0.330394 floor
