cabinet 326 9 547 391 0.227643 0.493875 BG
cabinet 325 111 382 360 0.10013 0.702317 BG
chair 5 165 66 285 0.660665 0.248438 BG
chair 181 180 208 199 0.384634 0.474437 BG
chair 13 202 115 360 0.356977 0.543400 shelf
chair 126 255 236 381 0.286406 0.632140 BG
chair 329 405 382 426 0.186555 0.141817 BG
chair 0 129 20 154 0.171274 0.821303 BG
chair 5 291 51 349 0.166301 0.782587 BG
chair 350 414 369 426 0.157726 0.423132 BG
chair 196 219 242 351 0.142413 0.682584 BG
chair 189 172 207 175 0.123988 0.734064 BG
chair 0 136 74 202 0.11657 0.844100 BG
chair 53 259 69 283 0.112273 0.856196 BG
chair 342 337 560 414 0.10436 0.508137 pillow&&sofa
chair 2 259 15 346 0.102362 0.874269 BG
sofa 314 347 560 426 0.961196 0.009723 pillow&&sofa
sofa 455 300 546 418 0.168866 0.803922 BG
sofa 329 405 380 426 0.158191 0.141817 BG
table 16 245 241 372 0.741934 0.135989 shelves
table 153 219 239 345 0.225943 0.261681 BG
table 328 285 536 374 0.203287 0.591392 table
table 144 316 245 389 0.187241 0.719625 BG
table 8 201 120 344 0.155925 0.662145 shelf
table 119 323 162 378 0.154882 0.821047 BG
table 41 324 78 369 0.108615 0.851284 BG
bookshelf 329 118 459 334 0.74096 0.213890 cubby&&shelves
bookshelf 329 217 449 280 0.438397 0.501797 BG
bookshelf 395 218 448 257 0.266593 0.659084 BG
bookshelf 258 160 309 217 0.20944 0.653295 BG
bookshelf 429 228 440 237 0.200029 0.607795 BG
bookshelf 329 203 377 346 0.162694 0.733568 BG
bookshelf 416 240 445 257 0.129123 0.733772 BG
bookshelf 51 144 118 167 0.123957 0.757038 BG
bookshelf 328 183 457 241 0.115696 0.881610 BG
bookshelf 419 224 434 242 0.115331 0.842942 BG
picture 397 256 414 280 0.269447 0.525288 picture
picture 558 245 560 251 0.227163 0.552769 BG
picture 170 107 260 161 0.200072 0.536209 BG
picture 348 125 403 164 0.193447 0.763671 BG
picture 485 172 557 278 0.187171 0.424956 BG
picture 241 111 261 160 0.185258 0.442612 BG
picture 395 261 398 274 0.160286 0.594124 BG
picture 42 98 80 110 0.131128 0.378091 BG
picture 129 1 139 5 0.110005 0.814700 BG
counter 464 269 560 376 0.267123 0.603046 BG
counter 542 348 560 374 0.169772 0.458736 BG
counter 549 367 560 374 0.104861 0.739749 BG
desk 87 212 290 356 0.5018 0.351423 BG
desk 327 283 548 378 0.126827 0.591392 table
pillow 379 359 552 426 0.968656 0.005656 pillow&&sofa
pillow 529 357 559 426 0.130022 0.269771 sofa
pillow 379 385 449 426 0.121886 0.652681 BG
pillow 351 415 367 426 0.111788 0.423132 BG
clothes 333 403 391 426 0.194192 0.094337 BG
fridge 324 198 343 345 0.130246 0.725395 BG
tv 0 2 89 36 0.279881 0.610528 BG
paper 59 191 97 225 0.559249 0.351607 paper
paper 556 333 560 346 0.284214 0.226269 BG
paper 545 192 560 244 0.233172 0.416734 BG
paper 43 188 57 207 0.212518 0.682734 BG
paper 43 98 79 110 0.197682 0.378091 BG
paper 543 253 560 281 0.147952 0.285937 BG
paper 457 213 458 214 0.142196 0.479755 BG
paper 34 103 47 109 0.131268 0.559958 BG
paper 67 217 74 227 0.129147 0.791830 BG
paper 363 3 380 7 0.122629 0.825157 BG
paper 544 283 552 284 0.114136 0.545762 BG
paper 500 172 559 251 0.110098 0.351492 BG
box 543 251 559 281 0.490971 0.285937 BG
box 183 154 241 162 0.410159 0.545889 BG
box 40 98 81 122 0.386512 0.397132 BG
box 72 110 80 126 0.257198 0.514620 BG
box 187 162 238 175 0.250647 0.688499 BG
box 34 103 48 109 0.242746 0.559958 BG
box 474 262 478 263 0.225285 0.689220 BG
box 170 155 188 168 0.21579 0.682942 picture
box 556 332 560 346 0.211891 0.226269 BG
box 499 171 556 247 0.208489 0.351492 BG
box 167 141 239 168 0.205104 0.763645 BG
box 33 123 75 128 0.202394 0.628646 BG
box 498 181 547 191 0.198353 0.501700 BG
box 449 245 461 262 0.198334 0.649486 BG
box 445 242 452 257 0.183188 0.524095 BG
box 524 248 558 310 0.179934 0.587042 BG
box 456 227 457 228 0.17613 0.422466 BG
box 543 188 559 278 0.161098 0.593921 BG
box 153 156 160 170 0.156765 0.769337 BG
box 158 146 173 166 0.156257 0.784790 BG
box 498 9 557 181 0.142356 0.503609 BG
box 457 213 459 214 0.141871 0.479755 BG
box 438 245 447 257 0.127761 0.619238 BG
box 167 107 257 162 0.12424 0.536209 BG
box 132 153 146 166 0.123689 0.839040 BG
box 132 137 174 169 0.11766 0.808106 BG
box 454 227 457 237 0.115413 0.493556 BG
box 168 169 206 174 0.111806 0.734190 BG
box 146 154 153 156 0.106794 0.881815 BG
box 165 138 173 156 0.106246 0.864367 BG
box 544 282 552 284 0.105974 0.545762 BG
box 268 193 274 210 0.104486 0.876723 BG
box 4 110 80 128 0.102201 0.731906 BG
box 558 245 560 251 0.100871 0.552769 BG
whiteboard 4 35 84 111 0.545929 0.301774 BG
person 192 164 266 323 0.921626 0.045986 person
person 206 175 257 237 0.883804 0.111261 BG
person 249 218 256 222 0.858297 0.141244 BG
person 128 199 149 215 0.813568 0.180709 BG
person 256 210 272 219 0.709615 0.284699 BG
person 117 187 148 238 0.519325 0.463072 person
person 533 403 548 416 0.374298 0.242920 BG
person 245 221 263 237 0.353198 0.644950 BG
person 203 203 228 303 0.334509 0.657199 BG
person 234 220 269 345 0.319141 0.563677 BG
person 136 190 146 202 0.264132 0.734565 BG
person 248 222 250 227 0.249184 0.750385 BG
person 245 231 251 237 0.240409 0.758875 BG
person 122 166 204 208 0.194044 0.673516 BG
person 202 207 218 251 0.144509 0.852055 BG
person 138 137 263 237 0.118457 0.851547 BG
person 137 171 165 203 0.115688 0.839217 BG
lamp 241 108 261 162 0.145272 0.442612 BG
bag 331 404 390 426 0.408858 0.094337 BG
bag 532 382 559 416 0.241773 0.385750 sofa
bag 531 405 547 416 0.184032 0.242920 BG
bag 379 412 391 426 0.181554 0.520631 BG
bag 379 385 446 426 0.114154 0.652681 BG
bag 370 409 382 422 0.102325 0.756095 BG
garbage_bin 552 42 560 110 0.173801 0.187601 BG
garbage_bin 549 377 560 392 0.169206 0.779653 BG
garbage_bin 550 372 553 375 0.144553 0.795763 BG
garbage_bin 455 227 457 228 0.136293 0.422466 BG
garbage_bin 453 228 457 237 0.122347 0.493556 BG
