chair 441 190 559 413 0.959807 0.009076 chair
chair 254 219 298 299 0.353941 0.615389 BG
chair 299 228 360 296 0.266187 0.727783 BG
chair 490 173 535 222 0.254522 0.707534 BG
chair 315 266 353 298 0.217596 0.768355 BG
chair 256 239 299 261 0.162352 0.836193 BG
chair 370 201 484 298 0.135479 0.850380 BG
chair 221 253 256 288 0.122414 0.856453 BG
chair 204 200 246 257 0.116156 0.857007 BG
chair 313 251 382 330 0.114834 0.870781 BG
chair 439 179 555 254 0.113762 0.843366 BG
chair 250 225 396 418 0.10317 0.840759 BG
chair 262 233 297 243 0.100289 0.898855 BG
sofa 427 199 560 325 0.240881 0.399570 chair
sofa 527 205 560 218 0.160874 0.636101 BG
table 6 220 264 422 0.958601 0.008592 table
table 231 199 389 280 0.876556 0.092769 table
table 245 203 303 260 0.267271 0.651792 chair
table 367 198 539 358 0.215009 0.697404 BG
table 126 199 364 365 0.17415 0.822570 BG
table 237 218 275 252 0.115527 0.826907 BG
picture 415 370 435 385 0.220198 0.628985 BG
picture 144 210 150 220 0.165501 0.763330 BG
picture 150 211 156 219 0.14287 0.794770 BG
picture 124 173 168 230 0.106595 0.872982 BG
blinds 308 74 481 180 0.129261 0.778516 BG
desk 11 211 250 379 0.144436 0.417390 table
desk 212 197 386 304 0.104184 0.167033 table
dresser 0 200 105 310 0.523151 0.101741 paperbag
dresser 5 178 64 262 0.157539 0.595684 BG
pillow 534 227 542 233 0.274777 0.713726 BG
pillow 540 223 559 239 0.217658 0.646394 BG
pillow 480 222 557 285 0.16407 0.737490 BG
paper 366 390 368 391 0.16471 0.505719 BG
paper 381 352 452 426 0.158378 0.489245 BG
paper 405 336 409 340 0.146861 0.517628 BG
paper 447 407 453 426 0.137349 0.428461 BG
paper 147 416 150 417 0.136176 0.383980 BG
paper 332 91 340 95 0.131054 0.548106 BG
paper 219 399 273 426 0.121029 0.438612 BG
paper 177 270 181 271 0.120049 0.809047 BG
box 33 190 100 297 0.223278 0.469216 BG
box 212 226 223 239 0.141259 0.649956 BG
box 405 336 409 340 0.129517 0.517628 BG
box 216 396 271 425 0.123828 0.438612 BG
box 171 228 172 230 0.11534 0.752075 BG
box 5 180 60 321 0.110594 0.265456 BG
box 146 416 150 417 0.102603 0.383980 BG
box 547 289 551 290 0.101323 0.524113 BG
whiteboard 175 2 560 58 0.125124 0.614691 ceiling
night_stand 1 200 103 334 0.174836 0.156745 paperbag
bag 51 216 174 334 0.392282 0.396578 bag
bag 90 218 127 271 0.188432 0.788928 BG
bag 105 216 152 244 0.139673 0.829687 BG
bag 34 190 113 296 0.118309 0.596377 BG
bag 63 293 73 302 0.107041 0.734619 BG
bag 54 311 61 314 0.101671 0.648451 BG
garbage_bin 374 346 451 424 0.151721 0.489245 BG
garbage_bin 443 421 446 426 0.114672 0.355862 BG
garbage_bin 446 407 453 426 0.101126 0.428461 BG
