cabinet 0 149 171 242 0.169763 0.599131 BG
bed 357 294 558 424 0.205001 0.380280 bench&&sofa
chair 394 289 463 323 0.181459 0.642395 BG
chair 43 272 57 284 0.169266 0.813906 BG
chair 7 261 55 308 0.136466 0.582761 BG
chair 66 252 115 292 0.10661 0.634714 BG
sofa 247 283 552 424 0.997003 0.002471 bench&&sofa
sofa 7 251 60 329 0.504439 0.368132 BG
sofa 187 253 257 323 0.394836 0.436331 BG
sofa 138 228 249 360 0.264301 0.618783 BG
sofa 218 263 241 315 0.241575 0.603669 BG
sofa 26 251 110 295 0.220336 0.659741 BG
sofa 14 230 133 274 0.191669 0.764831 sofa
sofa 218 253 258 288 0.177849 0.593801 BG
sofa 203 256 226 275 0.16851 0.566187 BG
sofa 290 269 399 343 0.159928 0.380651 pillow
sofa 5 274 57 294 0.125975 0.727741 sofa
sofa 311 264 364 281 0.109494 0.632111 BG
table 410 274 553 353 0.719763 0.164492 desk
table 167 352 310 426 0.18519 0.761593 BG
table 6 262 125 356 0.163912 0.470194 sofa
table 341 403 525 426 0.123562 0.636680 BG
table 162 239 218 286 0.102886 0.605453 BG
door 218 133 230 236 0.123194 0.620271 BG
door 397 119 412 276 0.100775 0.790131 BG
bookshelf 150 52 221 262 0.634132 0.326002 BG
bookshelf 163 152 201 236 0.375475 0.552734 BG
bookshelf 137 155 185 214 0.188552 0.606640 BG
bookshelf 0 224 46 237 0.136731 0.708183 BG
bookshelf 156 91 197 181 0.125535 0.845827 BG
picture 1 166 28 212 0.183034 0.702507 BG
picture 96 193 116 202 0.112167 0.826496 BG
counter 0 199 69 237 0.163043 0.626244 BG
counter 0 174 198 261 0.15339 0.682034 BG
counter 174 240 202 273 0.141137 0.605779 BG
desk 409 272 548 352 0.136143 0.211239 desk
pillow 268 273 390 363 0.884262 0.114801 BG
pillow 328 323 394 358 0.507192 0.492788 pillow
pillow 248 280 322 345 0.441557 0.479877 pillow
pillow 343 272 385 332 0.248893 0.708287 pillow
pillow 385 322 418 351 0.20105 0.797223 BG
pillow 282 310 345 375 0.151307 0.842331 pillow
pillow 401 323 402 324 0.143856 0.707912 BG
pillow 388 310 539 360 0.143232 0.680372 BG
pillow 404 319 462 344 0.134397 0.767418 BG
pillow 490 353 527 362 0.134126 0.785968 BG
mirror 215 134 259 220 0.208191 0.668873 BG
tv 0 152 23 169 0.256981 0.523351 BG
tv 0 152 8 156 0.208755 0.585978 BG
paper 7 35 16 40 0.593533 0.382189 BG
paper 1 33 60 68 0.386424 0.546950 BG
paper 1 76 56 107 0.211281 0.517943 BG
paper 2 60 57 86 0.16588 0.503185 BG
paper 405 262 410 271 0.147193 0.636775 BG
paper 2 345 21 357 0.125997 0.691470 BG
paper 17 80 32 86 0.121059 0.648453 BG
paper 412 266 450 275 0.116775 0.714572 BG
paper 331 247 367 260 0.103907 0.408549 BG
box 52 254 130 357 0.252711 0.165148 sofa
box 183 47 203 63 0.161563 0.776242 BG
box 163 202 163 205 0.137995 0.573486 BG
box 402 414 404 417 0.134637 0.598855 BG
box 403 414 411 419 0.119101 0.580424 BG
box 93 288 100 289 0.114431 0.686787 BG
box 49 304 59 326 0.112827 0.810721 BG
box 142 235 150 255 0.111941 0.855559 BG
lamp 246 102 330 262 0.666864 0.302566 BG
lamp 231 195 260 212 0.267653 0.628016 BG
lamp 246 208 350 272 0.262664 0.674020 BG
lamp 205 167 288 260 0.215118 0.654782 BG
lamp 273 109 404 298 0.167398 0.782858 BG
lamp 401 255 446 275 0.128172 0.560283 BG
lamp 232 108 260 212 0.110168 0.784297 BG
garbage_bin 58 249 128 352 0.339852 0.165148 sofa
garbage_bin 149 271 190 302 0.100415 0.719880 BG
