sofa 433 89 560 426 0.903991 0.025388 sofa
sofa 531 148 559 156 0.206443 0.546273 BG
table 413 208 560 425 0.107802 0.266982 sofa
door 348 5 427 308 0.397876 0.281717 BG
door 338 7 350 306 0.153968 0.793798 BG
door 385 4 404 253 0.101311 0.285358 BG
bookshelf 154 0 348 318 0.83567 0.158429 bookshelf
bookshelf 19 14 214 230 0.36265 0.606269 BG
bookshelf 294 7 347 294 0.140709 0.852393 BG
picture 535 106 546 148 0.208673 0.195203 BG
picture 545 115 549 122 0.140232 0.358837 BG
picture 383 188 437 262 0.12944 0.317513 BG
picture 82 1 96 16 0.115564 0.415101 BG
picture 397 1 405 50 0.107634 0.681757 BG
pillow 464 145 560 261 0.96919 0.021125 pillow
pillow 500 153 557 196 0.743875 0.143529 BG
pillow 466 196 528 234 0.492755 0.506987 BG
pillow 480 207 489 217 0.331103 0.667841 BG
pillow 472 200 492 234 0.297909 0.701902 BG
pillow 486 178 550 210 0.281865 0.674741 BG
pillow 482 210 499 227 0.22476 0.774489 BG
pillow 480 227 488 231 0.148997 0.849618 BG
pillow 504 202 556 260 0.139099 0.785157 BG
pillow 494 205 498 211 0.13382 0.864234 BG
pillow 466 204 480 218 0.114923 0.884868 BG
pillow 474 212 480 225 0.106214 0.893348 BG
pillow 485 148 533 162 0.103434 0.823931 BG
mirror 384 3 405 261 0.473705 0.285358 BG
mirror 382 170 431 264 0.196799 0.465267 BG
mirror 339 10 432 333 0.167572 0.281717 BG
mirror 385 128 396 248 0.162804 0.689670 BG
mirror 395 0 404 84 0.125694 0.605019 BG
paper 44 398 82 426 0.203944 0.369394 BG
paper 181 260 190 268 0.162114 0.710176 BG
paper 531 355 541 359 0.161934 0.316751 BG
paper 545 122 548 132 0.143709 0.371405 BG
paper 535 106 546 147 0.140682 0.195203 BG
paper 182 262 233 272 0.139978 0.658708 BG
paper 545 115 549 121 0.139228 0.358837 BG
paper 252 176 254 181 0.126091 0.548264 BG
paper 557 199 560 202 0.115295 0.661088 BG
paper 36 420 38 422 0.104975 0.689802 BG
paper 431 412 438 419 0.103326 0.515239 BG
paper 164 171 177 185 0.101515 0.806780 BG
paper 175 263 183 277 0.100172 0.810142 BG
box 225 175 248 198 0.520482 0.431589 BG
box 242 175 247 178 0.396771 0.458306 BG
box 535 117 546 147 0.361386 0.237278 BG
box 545 122 549 132 0.338881 0.371405 BG
box 246 175 255 189 0.298268 0.610715 BG
box 213 152 256 199 0.29023 0.680993 BG
box 251 175 255 182 0.270582 0.548264 BG
box 215 181 226 204 0.269106 0.651387 BG
box 545 115 549 121 0.260006 0.358837 BG
box 43 395 83 426 0.144705 0.369394 BG
box 182 258 245 289 0.135151 0.695882 BG
box 13 415 23 426 0.128886 0.357334 BG
box 531 354 541 359 0.107975 0.316751 BG
box 24 417 30 426 0.100699 0.402298 BG
toilet 425 212 554 426 0.104255 0.554871 sofa
lamp 383 186 436 267 0.13414 0.317513 BG
bag 440 419 447 426 0.105193 0.204170 BG
garbage_bin 430 412 438 420 0.149123 0.515239 BG
garbage_bin 434 245 557 426 0.108477 0.554871 sofa
garbage_bin 431 413 448 426 0.106277 0.506636 BG
garbage_bin 385 304 409 318 0.105264 0.663188 BG
garbage_bin 531 354 541 360 0.103908 0.316751 BG
