chair 14 165 329 426 0.998497 0.001402 chair
chair 339 165 560 399 0.997216 0.002630 chair&&floor
chair 223 170 348 385 0.523496 0.348401 table
chair 352 216 442 355 0.25544 0.730216 BG
chair 39 97 133 400 0.255009 0.743599 BG
chair 317 78 413 249 0.141146 0.699288 chair
chair 397 174 536 227 0.126567 0.859484 BG
chair 387 151 415 171 0.10128 0.867991 BG
sofa 0 217 3 218 0.141386 0.525983 BG
table 172 137 397 296 0.492975 0.476549 BG
table 309 153 395 260 0.104069 0.866699 BG
picture 533 1 556 18 0.653753 0.331867 picture
picture 316 82 346 149 0.141925 0.699424 BG
picture 168 57 172 64 0.134114 0.303977 BG
picture 555 76 560 83 0.109663 0.369817 BG
blinds 428 1 457 45 0.151746 0.515411 BG
blinds 400 3 468 107 0.132946 0.728664 BG
paper 532 73 543 76 0.271032 0.393482 BG
paper 556 77 560 83 0.178892 0.369817 BG
paper 311 382 395 426 0.172537 0.385444 BG
paper 2 391 75 426 0.163156 0.220176 BG
paper 199 18 204 24 0.15598 0.067334 BG
paper 559 213 560 215 0.149075 0.373542 BG
paper 520 73 560 98 0.136672 0.712694 BG
paper 556 202 560 215 0.130539 0.464419 BG
paper 168 58 171 64 0.129421 0.303977 BG
paper 435 212 448 216 0.118291 0.705803 BG
paper 427 209 430 211 0.113837 0.692725 BG
paper 305 385 321 417 0.111035 0.759361 BG
paper 519 207 543 233 0.104725 0.747409 BG
box 531 73 543 76 0.162411 0.393482 BG
box 2 388 75 425 0.101376 0.220176 BG
whiteboard 5 4 134 107 0.446449 0.282968 BG
whiteboard 198 18 205 24 0.235832 0.067334 BG
garbage_bin 0 389 74 426 0.129746 0.220176 BG
garbage_bin 303 249 331 295 0.119124 0.809159 BG
