bed 24 226 290 418 0.241664 0.222971 unknown
chair 303 181 426 302 0.967351 0.028268 chair&&chair
chair 34 123 185 307 0.578357 0.298104 chair
chair 313 193 437 232 0.238673 0.758653 BG
chair 34 212 256 425 0.223678 0.326280 unknown
chair 315 223 381 282 0.202787 0.795509 BG
chair 307 172 341 273 0.178843 0.787733 BG
chair 140 416 147 424 0.171891 0.704906 BG
chair 158 415 170 426 0.153415 0.418196 BG
chair 234 420 235 426 0.11478 0.213274 BG
chair 252 170 329 272 0.110326 0.663296 BG
table 101 150 324 341 0.778892 0.038618 table
table 0 263 123 424 0.338531 0.524832 BG
table 16 235 301 415 0.230655 0.148207 unknown
table 0 398 16 416 0.115043 0.788362 BG
door 429 2 526 195 0.150795 0.539817 BG
bookshelf 173 13 214 194 0.899964 0.099857 BG
bookshelf 319 115 396 165 0.416576 0.471370 shelves
bookshelf 87 34 244 235 0.382613 0.613242 BG
bookshelf 142 13 188 203 0.238318 0.733242 BG
bookshelf 352 124 375 168 0.177101 0.768765 BG
bookshelf 204 116 215 154 0.160146 0.713031 BG
bookshelf 200 40 210 75 0.133193 0.775206 BG
bookshelf 287 155 384 173 0.126187 0.839005 BG
bookshelf 269 103 352 171 0.118934 0.729237 BG
bookshelf 287 163 329 173 0.11424 0.740901 BG
bookshelf 190 103 215 171 0.100591 0.831905 BG
picture 314 26 353 72 0.99639 0.003508 picture
picture 68 8 144 98 0.987309 0.011851 picture
picture 2 5 48 86 0.902166 0.056750 picture
picture 235 66 284 128 0.417608 0.217368 door
picture 526 9 560 262 0.369117 0.582028 BG
picture 525 142 560 206 0.354973 0.554914 picture
picture 526 201 560 247 0.333683 0.643221 BG
picture 533 41 560 60 0.255954 0.640049 BG
picture 545 0 560 77 0.252173 0.636518 BG
picture 113 47 128 65 0.243994 0.727378 BG
picture 552 54 560 72 0.22849 0.686435 BG
picture 542 189 550 199 0.18738 0.679833 BG
picture 548 161 560 205 0.183479 0.676219 BG
picture 512 196 542 268 0.17404 0.801237 BG
picture 214 188 218 193 0.169918 0.746597 BG
picture 550 206 560 210 0.165114 0.467908 BG
picture 237 98 257 113 0.162044 0.498917 BG
picture 191 1 207 5 0.156737 0.485617 BG
picture 516 201 525 235 0.151366 0.821706 BG
picture 178 1 200 12 0.148414 0.452225 BG
picture 64 5 69 32 0.131685 0.605549 BG
picture 531 54 556 72 0.13162 0.813435 BG
picture 353 98 372 113 0.118425 0.730612 picture
picture 547 209 560 261 0.111448 0.704375 BG
picture 81 42 123 87 0.10715 0.874894 BG
picture 71 68 73 77 0.104757 0.676345 BG
picture 226 85 266 163 0.10083 0.523683 BG
desk 89 165 311 396 0.832984 0.078807 table
desk 251 171 401 270 0.343638 0.481093 BG
desk 214 191 317 292 0.175614 0.734121 BG
desk 299 173 322 265 0.170873 0.619666 BG
pillow 518 382 560 426 0.778049 0.068882 bag
mirror 224 38 267 135 0.27956 0.242988 BG
mirror 224 3 242 78 0.111606 0.817329 BG
clothes 48 107 127 218 0.514506 0.178336 clothes
clothes 547 258 560 300 0.17721 0.645088 BG
clothes 515 337 559 425 0.118709 0.605284 BG
tv 174 0 200 12 0.293005 0.452225 BG
tv 188 0 208 5 0.207362 0.485617 BG
tv 187 0 192 4 0.167769 0.714988 BG
paper 119 181 191 214 0.811368 0.182524 paper
paper 151 175 178 191 0.483956 0.494751 BG
paper 156 161 244 210 0.400709 0.555851 BG
paper 173 176 186 183 0.314145 0.632193 BG
paper 122 197 131 203 0.281407 0.697788 BG
paper 148 177 149 184 0.221915 0.736583 BG
paper 109 330 163 357 0.216569 0.689363 BG
paper 2 28 31 68 0.179778 0.728220 BG
paper 136 170 162 195 0.163969 0.811727 BG
paper 120 200 126 204 0.157137 0.814496 BG
paper 269 128 271 130 0.152067 0.638344 BG
paper 2 294 82 367 0.151204 0.722951 BG
paper 550 207 560 210 0.127248 0.467908 BG
paper 233 361 239 363 0.125922 0.633619 BG
paper 70 67 74 77 0.120735 0.676345 BG
paper 229 352 235 360 0.113398 0.669195 BG
paper 273 124 327 173 0.111885 0.463557 BG
paper 191 0 207 5 0.107074 0.485617 BG
paper 229 341 234 350 0.104972 0.683237 BG
paper 1 346 44 368 0.104806 0.766614 BG
box 232 279 306 405 0.688903 0.167571 cartoon
box 189 156 193 164 0.430473 0.533748 BG
box 231 350 289 378 0.427542 0.478453 BG
box 232 279 283 308 0.361374 0.551292 BG
box 193 174 243 209 0.333122 0.472159 box
box 194 152 214 164 0.280895 0.621009 BG
box 280 293 283 298 0.257737 0.734953 BG
box 151 116 215 177 0.215267 0.685483 BG
box 271 123 325 171 0.21182 0.463557 BG
box 192 153 199 164 0.209624 0.710160 BG
box 236 98 260 112 0.199544 0.498917 BG
box 232 304 292 334 0.193199 0.796262 BG
box 188 145 196 155 0.192507 0.756105 BG
box 180 155 183 156 0.188187 0.623378 BG
box 178 148 186 156 0.187025 0.673108 BG
box 0 324 61 339 0.160693 0.713319 BG
box 234 420 235 426 0.136683 0.213274 BG
box 125 278 299 354 0.134505 0.808026 BG
box 553 383 560 397 0.131342 0.656482 BG
box 228 339 235 361 0.130985 0.667707 BG
box 0 309 5 314 0.130104 0.837757 BG
box 278 272 291 297 0.128047 0.833057 BG
box 233 360 238 364 0.114424 0.633619 BG
box 279 116 280 117 0.113344 0.389004 BG
box 233 84 271 121 0.108898 0.490216 BG
box 175 162 245 182 0.103492 0.815020 BG
whiteboard 413 9 525 214 0.221623 0.589701 BG
person 546 287 560 322 0.173587 0.678158 BG
person 549 41 560 54 0.110637 0.690871 BG
night_stand 134 209 292 280 0.107951 0.779719 BG
lamp 370 97 372 107 0.140044 0.627929 BG
bag 44 111 125 203 0.249984 0.178336 clothes
bag 543 216 559 321 0.141622 0.475471 BG
garbage_bin 208 363 236 422 0.599586 0.277127 BG
garbage_bin 206 296 296 419 0.255674 0.687181 cartoon
garbage_bin 139 301 240 409 0.163547 0.738274 BG
garbage_bin 229 367 234 387 0.152639 0.783094 BG
garbage_bin 286 320 302 325 0.142016 0.836763 BG
