cabinet 5 65 173 423 0.892385 0.057804 cabinet
cabinet 74 217 560 423 0.618779 0.202911 bathroomvanity
cabinet 94 24 440 192 0.365249 0.541606 BG
cabinet 0 175 170 284 0.323488 0.594839 BG
cabinet 4 5 130 224 0.187335 0.226712 BG
cabinet 230 27 330 202 0.12431 0.600571 BG
cabinet 377 0 438 94 0.109181 0.542793 BG
table 425 322 558 425 0.114537 0.492475 BG
table 553 255 560 273 0.101224 0.404291 BG
door 331 1 431 84 0.58492 0.211475 BG
door 0 2 114 155 0.224042 0.168507 BG
picture 418 185 447 242 0.156419 0.627605 BG
picture 327 78 348 92 0.150616 0.800100 BG
picture 350 76 380 112 0.133583 0.791525 BG
picture 327 77 360 148 0.122594 0.814667 BG
picture 382 5 436 101 0.106196 0.442240 BG
picture 8 4 118 150 0.102726 0.168507 BG
counter 142 216 560 356 0.651652 0.318470 bathroomvanity
counter 372 250 560 316 0.304104 0.579905 BG
counter 158 177 342 250 0.133514 0.319506 sink
counter 0 203 5 208 0.110399 0.828779 BG
counter 0 201 7 205 0.106228 0.810857 BG
dresser 146 190 349 426 0.371639 0.440969 BG
mirror 442 14 558 210 0.367386 0.560261 BG
mirror 240 8 331 196 0.362322 0.525702 BG
mirror 107 11 401 216 0.244213 0.596196 BG
clothes 276 64 318 182 0.118389 0.612684 BG
paper 519 292 559 308 0.369212 0.360502 BG
paper 525 402 527 405 0.27835 0.385989 BG
paper 524 402 526 426 0.230449 0.201774 BG
paper 431 74 437 82 0.207225 0.329219 BG
paper 1 186 19 193 0.186719 0.398701 BG
paper 524 423 526 426 0.13031 0.212379 BG
paper 261 167 267 170 0.129585 0.668774 BG
paper 248 88 252 104 0.129241 0.578950 BG
paper 399 280 454 301 0.11306 0.852237 BG
paper 323 216 332 229 0.112088 0.871428 BG
paper 244 22 246 29 0.111447 0.769287 BG
paper 328 229 334 233 0.109858 0.888132 BG
paper 333 216 356 237 0.100164 0.896894 BG
towel 222 67 247 80 0.138934 0.644634 BG
towel 281 64 323 141 0.138868 0.679256 BG
towel 249 88 253 103 0.105846 0.578950 BG
box 528 339 560 423 0.315919 0.526548 BG
box 431 73 438 82 0.28325 0.329219 BG
box 188 234 192 239 0.186647 0.800349 BG
box 518 291 559 309 0.178343 0.360502 BG
box 524 401 526 426 0.164781 0.201774 BG
box 1 187 20 193 0.152982 0.398701 BG
box 525 401 527 405 0.150201 0.385989 BG
box 524 423 526 426 0.147319 0.212379 BG
box 442 325 554 423 0.139562 0.492475 BG
box 443 213 447 240 0.116016 0.781900 BG
box 445 174 466 193 0.109304 0.828238 BG
box 407 58 436 88 0.100439 0.549295 BG
whiteboard 3 2 116 171 0.148541 0.168507 BG
whiteboard 425 4 526 104 0.107198 0.697272 BG
person 415 214 421 224 0.137959 0.715089 BG
person 246 142 249 150 0.114636 0.640544 BG
sink 166 165 340 256 0.574724 0.316504 sink
sink 382 186 552 328 0.54257 0.353747 sink
sink 168 176 509 422 0.117473 0.265812 bathroomvanity
lamp 297 127 298 132 0.190964 0.577672 BG
lamp 446 6 520 209 0.117757 0.628681 BG
