cabinet 535 223 560 271 0.103477 0.381551 BG
chair 351 222 521 422 0.995234 0.004360 chair&&chair
chair 28 234 172 413 0.97788 0.018180 chair&&chair
chair 52 216 150 312 0.543968 0.448430 BG
chair 174 242 305 408 0.533473 0.387363 BG
chair 382 225 468 325 0.518672 0.466375 BG
chair 324 178 395 245 0.41713 0.543764 BG
chair 360 180 389 208 0.319423 0.668694 BG
chair 374 175 398 246 0.285286 0.695525 BG
chair 349 195 378 240 0.245481 0.729761 BG
chair 365 192 399 313 0.223954 0.736137 BG
chair 343 175 377 201 0.19955 0.794174 BG
chair 122 227 236 297 0.194943 0.672124 BG
chair 139 265 219 407 0.178776 0.781046 BG
chair 425 202 516 291 0.169474 0.726664 BG
chair 32 202 93 296 0.168087 0.798998 BG
chair 293 185 377 322 0.165811 0.194157 BG
chair 353 230 379 245 0.152297 0.826222 BG
chair 122 113 129 121 0.144404 0.652863 BG
chair 416 206 423 216 0.133977 0.474184 BG
chair 379 204 424 241 0.117562 0.858552 BG
chair 332 320 408 426 0.106795 0.849973 BG
table 122 199 392 400 0.954358 0.025166 table
table 280 198 393 331 0.737849 0.172427 BG
table 126 207 249 335 0.239005 0.546398 BG
table 313 231 379 250 0.105737 0.747684 BG
door 514 15 557 273 0.203757 0.638452 BG
door 3 128 34 311 0.109661 0.662534 BG
picture 403 1 504 122 0.998595 0.001368 painting&&picture
picture 321 0 334 27 0.400642 0.481263 BG
picture 319 0 323 29 0.325136 0.570344 BG
picture 305 0 320 23 0.322071 0.565589 BG
picture 284 0 337 32 0.31035 0.580877 BG
picture 320 1 356 97 0.298882 0.648469 BG
picture 81 1 160 45 0.282429 0.654753 BG
picture 116 4 157 110 0.279754 0.696585 BG
picture 115 0 140 32 0.240549 0.622728 BG
picture 321 25 355 55 0.231795 0.737679 BG
picture 330 1 353 25 0.171327 0.671615 BG
picture 17 8 172 131 0.151156 0.756479 BG
picture 138 1 150 34 0.117083 0.847059 BG
picture 549 163 560 220 0.115866 0.290431 BG
picture 464 32 477 45 0.108086 0.831007 BG
desk 222 189 379 415 0.271718 0.302550 floor
desk 116 198 270 335 0.166936 0.363493 BG
mirror 521 15 560 302 0.220648 0.587947 BG
mirror 539 150 560 231 0.199359 0.396686 BG
paper 123 198 245 242 0.678801 0.265833 paper
paper 148 220 192 235 0.470194 0.474867 BG
paper 167 204 230 226 0.355756 0.568490 BG
paper 158 215 194 226 0.341359 0.592278 BG
paper 163 220 176 229 0.292132 0.682174 BG
paper 63 184 65 200 0.27311 0.514706 BG
paper 2 0 114 28 0.270391 0.389531 BG
paper 81 0 115 28 0.261805 0.435650 BG
paper 78 0 79 3 0.260597 0.466596 BG
paper 125 210 154 241 0.253993 0.720339 BG
paper 39 0 41 18 0.250131 0.494678 BG
paper 1 0 41 22 0.23744 0.464888 BG
paper 39 0 64 19 0.237129 0.532607 BG
paper 42 22 44 24 0.214362 0.490237 BG
paper 124 79 125 85 0.207436 0.628244 BG
paper 253 28 255 31 0.207415 0.707852 BG
paper 78 0 82 25 0.202231 0.474664 BG
paper 285 0 288 30 0.192337 0.641483 BG
paper 64 163 133 203 0.190061 0.330644 BG
paper 163 225 169 229 0.180402 0.761507 BG
paper 6 20 43 24 0.170549 0.643049 BG
paper 105 22 116 28 0.166834 0.613952 BG
paper 183 227 192 228 0.165042 0.706408 BG
paper 160 118 165 124 0.164548 0.514241 BG
paper 316 232 353 245 0.159888 0.755131 BG
paper 143 228 154 241 0.152178 0.827435 BG
paper 154 412 158 416 0.149098 0.671443 BG
paper 182 228 212 237 0.145892 0.721926 BG
paper 287 0 310 29 0.143937 0.598071 BG
paper 58 80 66 101 0.138896 0.570774 BG
paper 222 31 254 72 0.138804 0.718699 BG
paper 155 189 188 203 0.136344 0.835674 BG
paper 197 226 218 231 0.136161 0.770455 BG
paper 91 177 102 202 0.136147 0.547978 BG
paper 193 215 229 231 0.134774 0.762490 BG
paper 48 60 80 103 0.132188 0.611779 BG
paper 56 167 59 168 0.131678 0.796479 BG
paper 103 167 163 209 0.13072 0.558760 BG
paper 162 131 173 188 0.117587 0.313441 BG
paper 63 165 65 169 0.111203 0.825849 BG
paper 106 198 123 212 0.108947 0.684984 BG
paper 155 234 167 238 0.105053 0.805111 BG
paper 122 71 158 105 0.104726 0.688601 BG
paper 256 27 281 59 0.104105 0.806171 BG
paper 37 46 53 114 0.103694 0.576267 BG
paper 161 161 165 189 0.102166 0.561514 BG
box 95 113 164 198 0.21791 0.372288 BG
box 157 116 175 186 0.185653 0.459227 BG
box 222 142 232 190 0.171616 0.430257 BG
box 200 417 224 426 0.153782 0.271998 BG
box 341 420 343 426 0.153465 0.517605 BG
box 371 171 372 175 0.144417 0.640861 BG
box 161 160 165 188 0.141119 0.561514 BG
box 62 184 66 200 0.136338 0.514706 BG
box 63 163 138 201 0.131998 0.330644 BG
box 160 119 165 124 0.127434 0.514241 BG
box 123 78 125 86 0.119172 0.628244 BG
box 57 80 67 100 0.118889 0.570774 BG
box 52 80 81 117 0.116435 0.579559 BG
box 119 71 162 117 0.11274 0.648317 BG
lamp 345 410 404 426 0.137536 0.083842 BG
bag 344 411 404 426 0.106719 0.083842 BG
garbage_bin 284 302 303 369 0.274083 0.606214 BG
