cabinet 336 214 560 426 0.685835 0.254459 BG
cabinet 339 15 557 310 0.258356 0.577727 oven
cabinet 139 40 239 361 0.196254 0.581105 BG
cabinet 425 323 429 328 0.141444 0.563563 BG
cabinet 10 0 113 390 0.11976 0.507935 BG
chair 309 416 343 426 0.21103 0.504371 BG
chair 151 417 158 426 0.106762 0.168971 BG
table 0 223 75 420 0.114777 0.656090 BG
door 9 2 115 375 0.167785 0.507935 BG
door 99 8 241 318 0.12765 0.652446 BG
bookshelf 346 0 555 86 0.103189 0.704150 BG
picture 274 1 358 58 0.612819 0.260199 microwave
picture 140 3 182 54 0.431127 0.524509 BG
picture 214 116 255 141 0.333089 0.631186 BG
picture 212 127 234 142 0.258198 0.690999 BG
picture 148 4 266 50 0.246913 0.348048 BG
picture 199 126 240 174 0.2061 0.715233 BG
picture 150 1 181 15 0.171322 0.705604 BG
picture 371 2 501 26 0.167239 0.583293 BG
picture 187 91 206 171 0.105521 0.752184 BG
counter 174 159 367 236 0.378885 0.571519 BG
counter 154 176 560 304 0.15143 0.812176 BG
counter 489 34 558 44 0.126293 0.836306 BG
counter 0 291 52 371 0.117442 0.442424 BG
counter 454 42 560 62 0.102806 0.861623 BG
desk 323 43 560 128 0.166818 0.722460 BG
mirror 138 12 262 243 0.208568 0.575737 oven
fridge 140 23 225 312 0.339909 0.408744 BG
tv 356 0 464 38 0.710122 0.239480 BG
tv 362 7 560 273 0.182912 0.572397 oven
tv 294 3 556 57 0.117126 0.737161 BG
tv 367 16 429 26 0.108529 0.869473 BG
paper 45 394 157 426 0.424646 0.349952 BG
paper 141 371 228 426 0.389589 0.366179 BG
paper 0 351 55 398 0.329711 0.447483 BG
paper 175 382 326 426 0.310975 0.382364 BG
paper 0 380 70 426 0.286529 0.317984 BG
paper 227 402 230 406 0.282343 0.661544 BG
paper 45 410 72 426 0.278956 0.638861 BG
paper 233 411 237 415 0.263798 0.489151 BG
paper 1 329 52 365 0.261793 0.396477 BG
paper 58 380 72 426 0.259389 0.715303 BG
paper 152 418 156 423 0.251226 0.427893 BG
paper 38 293 96 324 0.242365 0.583955 BG
paper 110 321 182 358 0.238508 0.663821 BG
paper 66 420 69 426 0.238502 0.655144 BG
paper 50 336 121 378 0.237527 0.662342 BG
paper 66 410 72 426 0.23462 0.719252 BG
paper 43 314 111 349 0.231269 0.645763 BG
paper 122 343 204 390 0.218429 0.710350 BG
paper 145 405 150 409 0.214919 0.674427 BG
paper 139 394 150 409 0.210984 0.728644 BG
paper 95 305 108 328 0.20741 0.740448 BG
paper 128 372 132 375 0.202544 0.748824 BG
paper 174 405 244 426 0.199192 0.181558 BG
paper 2 291 42 338 0.188889 0.501052 BG
paper 56 361 137 414 0.184265 0.758126 BG
paper 102 320 108 328 0.180529 0.790597 BG
paper 171 329 175 332 0.180521 0.763251 BG
paper 128 372 135 381 0.180411 0.784636 BG
paper 116 349 123 362 0.179871 0.779011 BG
paper 99 300 164 332 0.178214 0.747875 BG
paper 149 412 154 416 0.177903 0.678638 BG
paper 134 383 141 393 0.177867 0.797889 BG
paper 52 360 56 366 0.177806 0.744936 BG
paper 91 299 95 305 0.174368 0.777299 BG
paper 183 345 188 349 0.169731 0.787875 BG
paper 54 367 59 378 0.161665 0.794779 BG
paper 109 335 118 348 0.161074 0.806793 BG
paper 49 351 59 382 0.159982 0.804435 BG
paper 143 401 147 404 0.15711 0.794377 BG
paper 49 351 53 359 0.147475 0.799429 BG
paper 122 359 125 362 0.143486 0.820981 BG
paper 547 301 550 303 0.138946 0.324271 BG
paper 2 291 120 378 0.135487 0.680308 BG
paper 544 229 552 235 0.133581 0.399041 BG
paper 66 412 69 414 0.1295 0.865085 BG
paper 125 365 150 409 0.128538 0.845847 BG
paper 139 394 144 399 0.120803 0.847190 BG
paper 63 400 68 409 0.119066 0.867850 BG
paper 207 377 214 383 0.1159 0.844720 BG
paper 40 316 50 351 0.110977 0.840800 BG
paper 109 335 114 341 0.110602 0.859769 BG
paper 0 343 199 425 0.108684 0.842645 BG
paper 43 330 48 343 0.107834 0.840461 BG
paper 21 234 99 325 0.103908 0.729054 BG
paper 235 129 249 135 0.100621 0.570235 BG
box 151 417 157 426 0.142358 0.168971 BG
box 542 23 560 26 0.137398 0.538541 BG
box 185 2 264 22 0.131328 0.629770 BG
box 231 381 334 425 0.125642 0.265615 BG
box 175 404 245 426 0.119861 0.181558 BG
box 233 411 238 415 0.108751 0.489151 BG
box 543 229 551 235 0.107835 0.399041 BG
box 70 391 157 425 0.106433 0.268505 BG
box 528 34 530 36 0.100688 0.791626 BG
whiteboard 8 0 103 358 0.123059 0.550743 BG
