cabinet 160 107 367 226 0.275759 0.625093 BG
cabinet 431 0 554 110 0.19372 0.718033 kitchen_cabinet
cabinet 164 169 560 340 0.165598 0.740030 BG
cabinet 531 237 560 301 0.121292 0.858256 BG
cabinet 1 49 17 136 0.113023 0.196371 BG
bed 0 188 266 419 0.179925 0.240592 BG
chair 241 152 269 198 0.112886 0.877412 BG
chair 115 137 170 163 0.106926 0.813968 picture
table 0 234 247 426 0.528198 0.160242 BG
door 1 48 15 129 0.297842 0.196371 BG
door 189 2 199 98 0.292897 0.471399 BG
door 1 119 15 127 0.140743 0.273010 BG
door 346 1 361 86 0.108347 0.503843 BG
picture 24 71 109 150 0.966132 0.030516 painting&&picture
picture 16 73 160 225 0.77922 0.123128 plants
picture 198 96 248 132 0.647533 0.273140 BG
picture 299 133 382 187 0.526029 0.334724 BG
picture 205 86 364 132 0.487933 0.411865 figurines
picture 328 91 363 125 0.460787 0.338726 picture
picture 312 133 348 169 0.377796 0.377759 BG
picture 227 111 247 127 0.319471 0.607817 BG
picture 328 150 342 166 0.275028 0.600575 BG
picture 197 104 204 134 0.256677 0.605933 BG
picture 345 101 359 125 0.238367 0.609250 BG
picture 186 94 389 196 0.213229 0.613250 BG
picture 250 121 368 142 0.194006 0.748124 BG
picture 8 22 74 192 0.192462 0.751942 BG
picture 481 1 551 92 0.166312 0.604332 BG
picture 221 156 228 186 0.161724 0.829346 BG
picture 346 147 400 182 0.159632 0.785187 BG
picture 299 134 324 179 0.159137 0.493460 BG
picture 119 149 146 175 0.156412 0.666410 BG
picture 547 160 557 176 0.146954 0.689175 BG
picture 226 111 232 121 0.143342 0.841913 BG
picture 207 160 222 197 0.138023 0.850071 BG
picture 26 17 182 141 0.125415 0.715011 BG
picture 199 162 209 194 0.106106 0.876152 BG
picture 114 138 191 200 0.10572 0.693642 BG
picture 248 119 252 120 0.104444 0.686079 BG
picture 391 155 406 169 0.10088 0.706969 BG
picture 1 2 17 47 0.10069 0.599460 BG
counter 12 222 238 308 0.390301 0.556631 BG
counter 356 164 491 202 0.307322 0.678063 BG
counter 92 224 238 260 0.247237 0.534933 BG
counter 553 228 560 238 0.20886 0.760161 BG
counter 122 193 391 255 0.175122 0.819391 BG
counter 163 151 560 282 0.154589 0.839430 BG
counter 189 134 250 142 0.125822 0.836145 BG
blinds 196 3 355 118 0.899426 0.087852 blinds
blinds 335 3 359 85 0.403528 0.467251 BG
blinds 233 5 534 150 0.133483 0.848646 BG
blinds 444 2 464 79 0.12342 0.789054 BG
pillow 28 200 38 208 0.118745 0.771235 BG
mirror 0 17 207 266 0.148329 0.162224 BG
clothes 198 272 251 426 0.511353 0.331684 towel
clothes 232 302 260 397 0.143591 0.772425 BG
clothes 220 291 246 308 0.120008 0.833486 BG
clothes 210 297 253 353 0.110147 0.873178 BG
fridge 1 12 16 124 0.152412 0.309928 BG
paper 9 255 30 283 0.499042 0.220928 bag
paper 311 159 317 175 0.358509 0.539626 BG
paper 302 136 323 176 0.322483 0.441460 BG
paper 312 135 347 166 0.193573 0.377759 BG
paper 20 244 34 255 0.127147 0.722374 BG
paper 171 392 182 426 0.125006 0.488534 BG
paper 1 303 15 316 0.11766 0.240001 BG
paper 328 150 341 165 0.112479 0.600575 BG
paper 275 154 302 179 0.11135 0.683188 BG
paper 547 128 560 175 0.103694 0.291463 BG
paper 484 134 535 183 0.1035 0.322708 BG
paper 300 163 325 193 0.103082 0.798119 BG
towel 200 247 272 426 0.223489 0.392921 towel
box 493 119 557 180 0.777217 0.055689 coffeemaker
box 1 254 32 305 0.5805 0.117992 BG
box 536 139 548 152 0.258211 0.579289 BG
box 547 125 560 172 0.230092 0.291463 BG
box 298 134 325 191 0.138673 0.415595 BG
box 19 243 35 256 0.122685 0.722374 BG
box 347 163 386 190 0.11933 0.758442 box
box 100 140 115 149 0.111222 0.577003 BG
box 312 133 346 185 0.10987 0.343561 BG
box 171 389 181 426 0.103969 0.488534 BG
person 18 169 54 209 0.202842 0.690276 BG
person 24 185 31 196 0.16786 0.813887 BG
person 29 193 56 210 0.105978 0.780255 BG
night_stand 248 199 357 349 0.226899 0.641599 BG
sink 104 218 229 262 0.207507 0.534933 BG
sink 148 237 204 245 0.118559 0.795942 BG
sink 167 216 234 245 0.102745 0.854018 BG
lamp 76 9 116 28 0.775228 0.201220 BG
lamp 93 1 111 18 0.631207 0.321200 BG
lamp 27 13 185 213 0.464094 0.275846 BG
lamp 150 140 174 214 0.173299 0.674562 BG
