cabinet 0 189 154 385 0.522578 0.386346 kitchen_counter
cabinet 0 240 53 355 0.284592 0.662634 BG
cabinet 0 0 109 88 0.136552 0.610611 cabinet
sofa 154 292 556 423 0.917252 0.051998 kitchen_counter
sofa 165 310 300 426 0.136385 0.266156 BG
door 109 6 271 343 0.27868 0.510363 BG
door 107 9 152 351 0.144658 0.730148 BG
bookshelf 147 41 256 87 0.158111 0.831415 BG
picture 381 1 450 55 0.386284 0.339429 BG
picture 438 223 463 277 0.366128 0.512126 BG
picture 426 208 490 286 0.252827 0.387737 bottle
picture 437 253 440 259 0.196628 0.642373 BG
picture 433 252 448 268 0.176499 0.745765 BG
picture 429 268 433 270 0.164179 0.742999 BG
picture 440 264 448 270 0.160718 0.806804 BG
picture 459 238 500 254 0.158788 0.792511 BG
picture 481 242 493 252 0.142094 0.803111 BG
picture 434 266 436 273 0.141749 0.716464 BG
picture 14 123 153 361 0.135005 0.433519 kitchen_counter
picture 11 4 103 134 0.132068 0.563930 BG
picture 461 252 470 269 0.126672 0.824857 BG
picture 433 261 439 268 0.117335 0.838072 BG
picture 432 276 438 281 0.103013 0.838598 BG
counter 0 119 181 398 0.339475 0.483857 kitchen_counter
counter 167 306 293 426 0.127736 0.266156 BG
clothes 474 278 528 328 0.177341 0.391711 BG
clothes 498 292 516 326 0.132663 0.710277 BG
clothes 496 279 527 303 0.110442 0.680284 BG
clothes 458 207 533 351 0.104901 0.651642 BG
paper 71 107 74 132 0.496962 0.329227 BG
paper 17 71 98 143 0.231359 0.616414 microwave
paper 292 415 303 426 0.168626 0.342287 BG
paper 74 92 88 97 0.133332 0.762290 BG
paper 93 72 103 137 0.118256 0.718646 BG
paper 90 90 93 94 0.104827 0.808702 BG
paper 538 401 560 406 0.10409 0.423312 BG
paper 171 320 284 426 0.102563 0.266156 BG
towel 245 95 281 197 0.480562 0.381208 BG
towel 237 76 259 198 0.267612 0.593531 BG
towel 242 137 249 200 0.115011 0.741920 BG
box 559 23 560 23 0.476376 0.393277 BG
box 384 270 390 280 0.262443 0.554796 BG
box 291 414 303 426 0.253523 0.342287 BG
box 302 382 313 426 0.212159 0.683400 BG
box 245 311 251 313 0.195187 0.737018 BG
box 437 214 490 249 0.193772 0.497598 BG
box 395 281 403 287 0.190992 0.670353 BG
box 497 179 508 192 0.170718 0.640080 BG
box 480 41 530 113 0.145258 0.652189 BG
box 544 35 560 95 0.140113 0.477499 BG
box 438 227 460 255 0.119961 0.738231 BG
box 499 219 508 230 0.113165 0.726842 BG
box 504 412 519 426 0.112097 0.346013 BG
box 396 273 434 286 0.110245 0.701816 BG
box 282 388 305 426 0.103847 0.771565 BG
box 70 107 75 131 0.103446 0.329227 BG
person 466 248 538 358 0.133016 0.533630 BG
lamp 395 206 485 286 0.127397 0.785312 BG
bag 461 277 529 347 0.381484 0.372563 BG
bag 480 270 502 327 0.163528 0.748708 BG
bag 499 279 528 302 0.127702 0.680284 BG
garbage_bin 439 214 491 242 0.319497 0.416980 BG
garbage_bin 480 208 491 218 0.222044 0.703506 BG
garbage_bin 499 181 545 211 0.139042 0.754166 BG
garbage_bin 169 311 285 426 0.106376 0.266156 BG
garbage_bin 497 180 508 193 0.100901 0.640080 BG
