cabinet 336 171 457 275 0.232609 0.456697 dresser
cabinet 90 178 266 262 0.131493 0.622196 BG
bed 0 208 116 407 0.715876 0.143607 bed
chair 3 235 141 389 0.123632 0.727276 bed
door 3 7 30 184 0.118309 0.807227 curtain
picture 25 5 206 121 0.931745 0.064569 picture
picture 166 44 209 110 0.637546 0.269561 BG
picture 29 80 86 124 0.585473 0.370205 BG
picture 122 23 157 65 0.483385 0.427685 BG
picture 141 25 157 45 0.415794 0.482729 BG
picture 134 60 193 123 0.396581 0.522325 BG
picture 73 117 108 131 0.387277 0.505914 BG
picture 170 37 194 64 0.369844 0.502807 BG
picture 323 238 338 251 0.315673 0.442043 BG
picture 68 79 131 112 0.314101 0.642392 BG
picture 150 29 165 61 0.308141 0.556753 BG
picture 168 78 192 107 0.307085 0.658568 BG
picture 156 2 159 5 0.303283 0.342762 BG
picture 48 81 71 111 0.303231 0.646800 BG
picture 157 35 171 73 0.290523 0.592315 BG
picture 323 243 325 251 0.288139 0.572688 BG
picture 304 237 338 256 0.274101 0.278328 BG
picture 62 105 113 120 0.274079 0.640514 BG
picture 157 6 163 24 0.256702 0.434249 BG
picture 50 26 118 86 0.252211 0.728709 BG
picture 110 86 129 110 0.236107 0.720487 BG
picture 73 118 83 131 0.232969 0.700644 BG
picture 77 30 145 125 0.227112 0.747056 BG
picture 388 136 450 196 0.216998 0.740752 BG
picture 168 63 189 81 0.215913 0.704724 BG
picture 163 94 188 115 0.193105 0.771772 BG
picture 324 226 346 257 0.187984 0.380050 BG
picture 29 79 50 110 0.186418 0.780841 BG
picture 78 48 116 63 0.171881 0.790092 BG
picture 256 1 259 4 0.1716 0.312147 BG
picture 187 61 200 73 0.167897 0.531721 BG
picture 110 81 115 90 0.158867 0.786064 BG
picture 62 109 85 117 0.157733 0.737994 BG
picture 255 1 260 15 0.156804 0.310306 BG
picture 39 68 97 97 0.147272 0.822565 BG
picture 36 108 48 118 0.146874 0.805572 BG
picture 118 60 143 112 0.146671 0.809805 BG
picture 187 46 201 61 0.146532 0.404236 BG
picture 157 97 167 107 0.145684 0.815627 BG
picture 156 73 172 98 0.131394 0.839725 BG
picture 57 28 81 64 0.128874 0.861309 BG
picture 419 286 453 311 0.128266 0.679195 BG
picture 360 158 428 185 0.119181 0.821448 BG
picture 92 84 115 95 0.116482 0.846910 BG
picture 100 81 111 86 0.115764 0.847958 BG
picture 178 39 193 48 0.112058 0.780014 BG
picture 119 84 128 88 0.111939 0.840621 BG
picture 72 70 79 79 0.111851 0.837384 BG
picture 113 54 129 89 0.109375 0.848528 BG
picture 104 48 115 58 0.106594 0.844674 BG
picture 122 41 130 49 0.106357 0.846160 BG
picture 106 41 130 56 0.105571 0.848960 BG
dresser 339 177 460 305 0.182343 0.567816 BG
pillow 23 209 101 282 0.136635 0.725750 BG
pillow 183 185 260 263 0.12134 0.362640 BG
pillow 438 340 488 398 0.117416 0.766674 BG
clothes 409 327 498 426 0.875831 0.026629 clothes
clothes 178 284 323 394 0.323767 0.259245 BG
clothes 360 233 455 306 0.318583 0.398876 BG
clothes 333 273 443 328 0.315297 0.538123 BG
clothes 248 281 292 376 0.300081 0.291155 BG
clothes 2 196 41 313 0.233941 0.649340 BG
clothes 407 351 453 410 0.230462 0.719245 BG
clothes 424 388 477 410 0.227673 0.633831 BG
clothes 350 283 395 311 0.175893 0.701823 BG
clothes 3 230 120 385 0.154047 0.495120 bed
clothes 21 277 36 299 0.150409 0.820500 BG
clothes 467 364 536 426 0.142426 0.280820 BG
clothes 203 345 251 366 0.131846 0.618727 BG
clothes 382 240 440 275 0.131251 0.693666 BG
clothes 435 408 473 426 0.127433 0.700502 BG
paper 181 261 224 276 0.447672 0.458166 BG
paper 433 240 435 241 0.400563 0.511309 BG
paper 175 254 251 287 0.356471 0.526108 paper
paper 426 242 453 275 0.220313 0.696664 BG
paper 202 275 207 276 0.216327 0.662779 BG
paper 192 328 229 341 0.210863 0.723331 BG
paper 188 46 201 60 0.204695 0.404236 BG
paper 188 61 200 73 0.178159 0.531721 BG
paper 257 0 259 4 0.162751 0.312147 BG
paper 481 275 488 293 0.136696 0.695770 BG
paper 256 0 259 15 0.11865 0.310306 BG
paper 41 203 44 208 0.111828 0.725798 BG
paper 221 0 225 3 0.109602 0.753392 BG
paper 400 337 402 343 0.105932 0.817982 BG
box 323 229 349 254 0.461605 0.348983 BG
box 347 236 353 250 0.4176 0.457600 BG
box 303 238 309 242 0.37439 0.583307 BG
box 303 237 340 255 0.335548 0.278328 BG
box 339 237 353 272 0.331283 0.602941 BG
box 336 234 347 246 0.301922 0.500297 BG
box 303 238 324 242 0.272937 0.657406 BG
box 443 295 470 315 0.261311 0.572506 BG
box 181 269 190 275 0.204415 0.631650 BG
box 447 266 465 303 0.204257 0.543153 BG
box 419 232 470 319 0.194663 0.474513 BG
box 185 273 212 279 0.17925 0.607140 BG
box 173 261 251 287 0.167996 0.502302 BG
box 256 0 259 4 0.160847 0.312147 BG
box 323 239 339 250 0.156547 0.442043 BG
box 255 0 260 15 0.155432 0.310306 BG
box 185 185 261 278 0.151148 0.195485 BG
box 187 46 202 60 0.129726 0.404236 BG
box 360 257 368 258 0.115312 0.760593 BG
box 420 285 452 309 0.101949 0.679195 BG
person 239 346 250 352 0.181519 0.637696 BG
person 245 343 246 346 0.150632 0.784696 BG
person 242 341 246 346 0.130683 0.780192 BG
person 243 335 265 350 0.128403 0.716746 BG
person 254 334 264 339 0.100345 0.850868 BG
night_stand 355 183 445 276 0.120199 0.271623 BG
bag 242 287 312 371 0.602433 0.144150 bag
bag 463 378 542 426 0.371142 0.306889 BG
bag 243 301 285 324 0.220535 0.671488 BG
bag 398 378 476 426 0.219682 0.250877 BG
bag 261 311 293 349 0.209015 0.701867 BG
bag 394 333 539 425 0.197692 0.009118 clothes
bag 166 245 338 372 0.194975 0.542907 BG
bag 465 393 487 426 0.192759 0.680588 BG
bag 262 336 280 349 0.191266 0.682346 BG
bag 361 240 459 296 0.184607 0.474074 BG
bag 245 281 287 311 0.184556 0.700514 BG
bag 250 290 258 302 0.169044 0.743115 BG
bag 410 416 434 426 0.144501 0.524827 BG
bag 478 382 492 388 0.123977 0.746347 BG
bag 244 280 258 290 0.104929 0.793677 BG
bag 346 268 470 324 0.102389 0.464511 BG
bag 471 393 479 399 0.101679 0.814996 BG
bag 437 346 514 392 0.100861 0.644250 BG
