cabinet 12 72 294 357 0.302727 0.668463 BG
cabinet 36 122 148 300 0.160085 0.506603 BG
cabinet 236 188 297 329 0.121389 0.543783 BG
bed 471 175 560 426 0.990746 0.008091 bed
bed 374 182 527 424 0.284835 0.681628 BG
chair 26 314 280 416 0.674911 0.167797 sofa
chair 0 291 117 426 0.362897 0.579428 BG
chair 503 167 527 176 0.24473 0.726529 BG
chair 493 176 560 196 0.211081 0.623016 BG
chair 238 416 251 426 0.132944 0.288851 BG
chair 527 407 541 416 0.113233 0.453773 BG
sofa 70 310 274 426 0.722719 0.128344 sofa
sofa 210 1 225 8 0.104831 0.265294 BG
door 148 11 301 320 0.661715 0.275702 door
door 127 179 146 305 0.20932 0.605116 BG
door 1 11 10 303 0.192361 0.626272 blinds
door 141 6 168 327 0.162244 0.800491 BG
door 140 194 145 306 0.156676 0.698971 BG
door 306 13 455 324 0.125187 0.727385 BG
door 45 117 156 304 0.121199 0.498443 BG
door 139 194 146 209 0.103965 0.618109 BG
picture 38 4 156 131 0.998622 0.000967 picture
picture 36 3 73 124 0.926938 0.071571 BG
picture 67 3 150 57 0.706705 0.204607 BG
picture 35 9 47 119 0.669503 0.234920 BG
picture 98 55 134 125 0.54434 0.430821 BG
picture 71 38 103 115 0.435388 0.555052 BG
picture 5 3 13 41 0.333669 0.356257 BG
picture 151 213 166 232 0.202183 0.680962 BG
picture 152 212 159 219 0.140287 0.779444 BG
picture 171 1 181 8 0.135909 0.523372 BG
picture 212 4 221 9 0.134493 0.264568 BG
picture 189 1 312 14 0.121606 0.583416 BG
picture 64 1 72 11 0.120239 0.672500 BG
picture 144 1 152 20 0.112784 0.783850 BG
picture 215 1 226 3 0.104447 0.382222 BG
blinds 373 29 446 209 0.790585 0.152491 BG
blinds 385 152 438 203 0.491649 0.417442 BG
blinds 371 177 374 208 0.149061 0.699191 BG
dresser 361 196 481 396 0.327548 0.247677 BG
pillow 483 181 560 246 0.916026 0.083387 pillow
pillow 428 220 475 273 0.35985 0.385079 BG
pillow 144 383 176 390 0.19414 0.743429 BG
pillow 443 231 478 251 0.183543 0.720931 BG
pillow 509 232 538 243 0.182326 0.817437 BG
pillow 142 388 154 392 0.164703 0.756418 BG
pillow 133 393 141 398 0.159051 0.620321 BG
pillow 97 387 246 425 0.148974 0.671439 BG
pillow 147 393 149 393 0.144302 0.519657 BG
pillow 108 322 238 397 0.13876 0.468598 BG
pillow 469 242 560 306 0.130759 0.771039 BG
pillow 369 232 485 288 0.114413 0.460113 BG
pillow 120 394 144 415 0.101283 0.436938 BG
clothes 527 391 544 425 0.125779 0.345696 BG
clothes 426 224 477 272 0.104288 0.385079 BG
fridge 38 58 152 309 0.155941 0.735376 BG
paper 436 212 445 214 0.349903 0.567036 BG
paper 444 215 447 216 0.331472 0.539172 BG
paper 416 213 446 224 0.290304 0.677025 BG
paper 422 224 429 233 0.26803 0.699956 BG
paper 329 406 331 406 0.205092 0.409965 BG
paper 329 405 336 411 0.203256 0.389383 BG
paper 126 171 167 221 0.186616 0.597018 BG
paper 283 395 288 399 0.17267 0.621107 BG
paper 558 374 560 380 0.158532 0.388803 BG
paper 554 340 560 374 0.155362 0.607393 BG
paper 544 14 548 22 0.153824 0.210620 BG
paper 279 382 335 415 0.151503 0.463187 BG
paper 440 210 446 215 0.144807 0.601544 BG
paper 127 165 142 188 0.143993 0.710578 BG
paper 150 169 167 195 0.140015 0.751664 BG
paper 5 21 12 40 0.136084 0.176418 BG
paper 126 189 128 197 0.134962 0.370421 BG
paper 272 400 304 426 0.132941 0.182567 BG
paper 341 360 419 426 0.126856 0.374906 BG
paper 320 400 369 426 0.124882 0.194888 BG
paper 436 204 440 210 0.124879 0.745392 BG
paper 272 397 282 402 0.120564 0.749730 BG
paper 110 399 118 415 0.120034 0.679673 BG
paper 126 142 138 162 0.118638 0.796760 bag
paper 295 399 320 426 0.116264 0.214526 BG
paper 544 408 549 416 0.115747 0.319279 BG
paper 115 398 126 415 0.114956 0.638479 BG
paper 384 399 394 414 0.111155 0.485872 BG
paper 396 392 416 399 0.109949 0.550650 BG
paper 269 410 275 426 0.109681 0.158147 BG
paper 375 383 400 401 0.109162 0.557532 BG
paper 80 415 96 426 0.108337 0.264503 BG
paper 416 211 426 216 0.106133 0.859986 BG
paper 1 398 32 426 0.105457 0.294887 BG
box 205 6 211 9 0.465169 0.502044 BG
box 182 11 190 17 0.39974 0.593529 BG
box 179 1 191 12 0.348892 0.481487 BG
box 439 190 442 202 0.206718 0.558242 BG
box 558 373 560 380 0.195792 0.388803 BG
box 170 1 181 8 0.170669 0.523372 BG
box 544 407 549 416 0.144215 0.319279 BG
box 268 409 275 426 0.137342 0.158147 BG
box 440 210 446 215 0.1367 0.601544 BG
box 396 392 416 399 0.13483 0.550650 BG
box 328 404 336 411 0.131902 0.389383 BG
box 328 405 331 406 0.12471 0.409965 BG
box 271 398 303 426 0.121103 0.182567 BG
box 319 398 368 426 0.113226 0.194888 BG
box 329 353 331 356 0.11181 0.677954 BG
box 211 4 221 9 0.110404 0.264568 BG
box 544 408 560 426 0.104209 0.184279 BG
box 383 398 394 414 0.103532 0.485872 BG
box 294 397 319 426 0.100292 0.214526 BG
night_stand 347 208 467 337 0.352623 0.151330 night_stand
lamp 303 6 312 14 0.266968 0.711310 BG
lamp 293 6 299 13 0.206726 0.777989 BG
bag 527 395 543 426 0.15266 0.345696 BG
bag 533 401 549 417 0.100035 0.475657 BG
garbage_bin 236 401 251 419 0.215896 0.728819 BG
garbage_bin 350 350 397 383 0.148011 0.736728 BG
garbage_bin 4 22 13 40 0.132015 0.176418 BG
garbage_bin 238 417 251 426 0.127905 0.288851 BG
garbage_bin 317 236 352 368 0.125787 0.827224 BG
garbage_bin 482 43 492 56 0.122703 0.518362 BG
garbage_bin 334 207 474 365 0.118496 0.581873 night_stand
garbage_bin 296 68 339 115 0.11201 0.407489 BG
