chair 187 416 209 426 0.153079 0.324973 BG
chair 206 419 221 426 0.151865 0.219373 BG
chair 0 421 1 426 0.110193 0.194440 BG
sofa 0 421 1 426 0.129899 0.194440 BG
table 174 269 543 416 0.634567 0.140929 desk
table 167 308 267 418 0.211096 0.569403 BG
table 189 383 222 426 0.146982 0.657248 BG
table 201 406 214 417 0.127286 0.646279 BG
table 186 406 208 426 0.105438 0.465880 BG
blinds 364 203 560 313 0.658018 0.315985 BG
blinds 388 0 560 372 0.6105 0.355880 BG
blinds 455 264 560 317 0.492858 0.462431 BG
blinds 550 300 560 304 0.132448 0.518103 BG
blinds 554 285 560 290 0.12717 0.412307 BG
blinds 421 254 478 273 0.106857 0.881998 BG
blinds 551 256 560 261 0.104157 0.703021 BG
desk 320 269 554 414 0.771575 0.148801 desk
desk 168 308 265 420 0.170526 0.569403 BG
desk 166 277 427 426 0.166089 0.593127 desk
desk 423 322 560 394 0.123396 0.855401 BG
paper 359 263 363 266 0.84357 0.144745 BG
paper 373 258 379 261 0.565665 0.404707 BG
paper 469 352 472 353 0.288567 0.692640 BG
paper 326 324 424 397 0.277644 0.662089 paper
paper 393 351 401 362 0.229843 0.467262 BG
paper 451 358 466 367 0.215262 0.782201 BG
paper 268 294 302 322 0.203184 0.605025 BG
paper 468 350 478 356 0.187588 0.786166 BG
paper 286 314 295 320 0.166684 0.675279 BG
paper 283 306 293 316 0.165463 0.672017 BG
paper 297 313 302 315 0.165024 0.682991 BG
paper 558 383 560 388 0.158955 0.428569 BG
paper 304 314 311 317 0.157538 0.701717 BG
paper 452 358 457 364 0.144097 0.853385 BG
paper 294 303 332 321 0.14336 0.741095 BG
paper 392 344 421 358 0.140462 0.838035 BG
paper 210 404 223 419 0.135777 0.595945 BG
paper 530 377 551 382 0.12775 0.494842 BG
paper 311 316 321 323 0.127397 0.761097 BG
paper 557 140 560 145 0.121007 0.220824 BG
paper 295 300 312 309 0.119938 0.756090 BG
paper 292 318 320 330 0.119688 0.727868 BG
paper 295 300 301 303 0.115045 0.720368 BG
paper 448 353 473 364 0.11247 0.885939 BG
paper 394 112 401 204 0.112134 0.627787 BG
paper 332 285 334 289 0.108246 0.602496 BG
paper 379 392 459 426 0.103861 0.709193 BG
paper 476 352 480 356 0.102483 0.851046 BG
paper 407 320 420 328 0.102346 0.847120 BG
paper 396 140 400 176 0.102326 0.629538 BG
box 229 267 347 364 0.737032 0.225988 book&&books
box 365 300 368 305 0.585393 0.385089 BG
box 256 287 433 397 0.44908 0.514498 BG
box 327 255 421 324 0.443251 0.494540 tissue_box
box 357 290 362 302 0.415992 0.559046 BG
box 239 316 277 360 0.35566 0.638185 BG
box 236 296 306 343 0.30195 0.662787 BG
box 282 290 294 294 0.275071 0.673106 BG
box 351 277 367 303 0.271969 0.694260 BG
box 253 344 262 355 0.267547 0.725510 BG
box 267 293 293 314 0.221365 0.659911 BG
box 277 299 284 302 0.203115 0.744398 BG
box 349 271 398 308 0.189046 0.711016 BG
box 331 258 425 279 0.185914 0.722629 BG
box 259 284 294 299 0.17846 0.767111 BG
box 247 338 255 350 0.153638 0.833135 BG
box 331 275 351 293 0.146265 0.788221 BG
box 330 271 335 280 0.144626 0.776771 BG
box 267 282 378 325 0.129254 0.811611 BG
box 346 276 350 290 0.118255 0.832744 BG
box 335 276 340 281 0.114885 0.859887 BG
box 265 318 378 361 0.113509 0.875093 BG
box 248 351 257 360 0.1126 0.862503 BG
box 368 296 388 303 0.106094 0.822717 BG
box 210 403 224 419 0.10255 0.595945 BG
box 557 140 560 144 0.10246 0.220824 BG
lamp 351 205 407 278 0.198243 0.533143 BG
lamp 393 202 399 258 0.131369 0.593320 BG
lamp 392 239 395 258 0.118008 0.539111 BG
bag 393 350 401 361 0.106128 0.467262 BG
