chair 61 184 186 303 0.737119 0.250055 chair
chair 477 272 558 351 0.191688 0.792381 BG
chair 420 139 536 366 0.183202 0.525212 BG
chair 45 201 326 412 0.119021 0.747573 BG
sofa 0 0 62 26 0.154435 0.483209 BG
sofa 552 280 560 301 0.132505 0.342702 BG
sofa 552 297 557 304 0.109791 0.459773 BG
table 197 219 384 426 0.386773 0.194158 BG
picture 127 0 295 105 0.997378 0.002280 painting&&picture
picture 456 0 505 67 0.980655 0.015213 poster&&picture
picture 537 0 560 47 0.913741 0.085352 poster&&picture
picture 1 1 69 66 0.889199 0.073629 poster&&picture
picture 405 2 437 76 0.884054 0.108580 poster&&picture
picture 161 2 208 21 0.454892 0.379810 BG
picture 253 1 267 22 0.386862 0.339560 BG
picture 463 46 500 61 0.35515 0.614274 BG
picture 196 2 236 24 0.353674 0.405848 BG
picture 1 48 35 62 0.226242 0.664102 BG
picture 233 2 258 34 0.184157 0.671738 BG
picture 31 26 52 34 0.149362 0.720331 BG
picture 51 27 62 31 0.134673 0.718800 BG
picture 476 0 505 30 0.130538 0.849933 BG
picture 158 2 241 54 0.12856 0.849112 BG
picture 469 46 483 54 0.127476 0.869404 BG
picture 282 30 283 97 0.119414 0.717444 BG
picture 157 50 194 85 0.113956 0.886042 BG
desk 16 215 559 416 0.97408 0.012514 desk
desk 182 278 419 419 0.541029 0.393380 BG
desk 328 230 550 323 0.158089 0.777863 BG
clothes 58 278 132 348 0.179776 0.578768 BG
clothes 479 358 497 374 0.129222 0.648004 BG
clothes 98 301 116 324 0.124658 0.781039 BG
paper 138 301 150 304 0.635496 0.364334 BG
paper 295 316 383 339 0.606509 0.390564 BG
paper 257 304 413 356 0.58365 0.410921 BG
paper 128 297 135 304 0.576165 0.423480 BG
paper 127 291 145 299 0.485308 0.514280 BG
paper 117 302 201 344 0.463247 0.533425 paper
paper 310 315 314 317 0.445423 0.554378 BG
paper 299 292 351 325 0.439313 0.556072 BG
paper 134 291 172 305 0.38223 0.617335 BG
paper 290 330 352 345 0.353678 0.644549 BG
paper 129 288 241 319 0.353634 0.644999 BG
paper 150 316 195 324 0.291517 0.701024 BG
paper 177 298 208 319 0.255145 0.738161 BG
paper 160 290 213 303 0.209748 0.787589 BG
paper 48 283 350 357 0.20854 0.771944 BG
paper 345 218 360 223 0.20135 0.772749 BG
paper 117 306 124 316 0.200061 0.786020 BG
paper 456 312 463 316 0.19276 0.558948 BG
paper 262 273 400 323 0.176252 0.733808 BG
paper 344 222 360 235 0.174082 0.817039 BG
paper 117 316 125 321 0.168453 0.826003 BG
paper 412 228 436 238 0.157951 0.629880 BG
paper 175 331 185 340 0.152263 0.826596 BG
paper 159 277 205 290 0.150656 0.735127 BG
paper 399 317 403 320 0.147833 0.831078 BG
paper 116 283 139 293 0.146075 0.831726 BG
paper 372 315 475 346 0.145 0.784612 BG
paper 473 315 477 320 0.142912 0.709923 BG
paper 259 303 314 334 0.141457 0.857634 BG
paper 193 308 216 319 0.132301 0.852109 BG
paper 479 320 483 338 0.130477 0.758262 BG
paper 364 240 425 253 0.129815 0.796226 BG
paper 122 287 127 293 0.128531 0.806600 BG
paper 157 309 194 316 0.125011 0.873554 BG
paper 51 27 62 31 0.121577 0.718800 BG
paper 179 306 203 311 0.119632 0.875761 BG
paper 31 26 51 34 0.103141 0.720331 BG
paper 158 305 259 340 0.100581 0.881204 BG
box 270 265 276 270 0.226694 0.700474 BG
box 471 239 540 313 0.194081 0.746059 BG
box 455 312 464 316 0.166613 0.558948 BG
box 261 244 395 310 0.153883 0.663892 BG
box 268 223 311 245 0.153566 0.774269 BG
box 267 262 280 275 0.150409 0.775246 BG
box 344 290 348 293 0.128469 0.767140 BG
box 267 236 278 247 0.123708 0.833552 BG
box 349 246 408 322 0.116542 0.530809 BG
box 473 315 478 320 0.11038 0.709923 BG
box 398 266 446 311 0.10868 0.764199 BG
person 497 361 526 382 0.127577 0.651719 BG
bag 501 370 509 378 0.176554 0.616325 BG
bag 478 360 498 373 0.136481 0.648004 BG
bag 496 363 526 381 0.120758 0.651719 BG
garbage_bin 362 259 404 305 0.705951 0.270109 BG
garbage_bin 364 272 372 281 0.415007 0.577391 BG
garbage_bin 9 252 42 305 0.251861 0.615190 coffee_cup
garbage_bin 349 271 374 290 0.223319 0.761293 BG
garbage_bin 381 262 396 267 0.160394 0.819441 BG
garbage_bin 396 265 401 268 0.158077 0.829362 BG
garbage_bin 445 135 539 247 0.151499 0.439899 laptop
garbage_bin 36 263 42 272 0.113467 0.784167 BG
garbage_bin 3 245 48 385 0.103147 0.677484 BG
