chair 157 412 160 415 0.103628 0.374222 BG
door 521 6 560 202 0.18476 0.600123 BG
door 483 5 554 426 0.162186 0.716161 BG
door 302 11 510 426 0.104631 0.803218 BG
picture 345 0 487 183 0.509139 0.093754 BG
picture 304 2 323 33 0.202851 0.620200 BG
picture 92 107 94 116 0.189031 0.617587 BG
picture 212 3 290 47 0.166847 0.380927 BG
picture 558 1 560 16 0.14248 0.671003 BG
picture 344 105 352 151 0.126759 0.863326 BG
picture 125 1 143 34 0.1262 0.674990 BG
picture 450 140 468 162 0.118798 0.814000 BG
picture 452 159 466 170 0.117864 0.843310 BG
picture 92 100 98 113 0.113683 0.688909 BG
picture 111 4 127 35 0.106366 0.723885 BG
counter 269 191 286 207 0.185695 0.610608 BG
blinds 23 0 77 234 0.128217 0.726989 BG
mirror 530 6 560 195 0.168996 0.599597 BG
mirror 329 0 494 166 0.165984 0.251698 BG
mirror 513 61 559 333 0.115425 0.558912 BG
mirror 539 0 553 46 0.111868 0.743881 BG
clothes 445 4 449 7 0.129173 0.570828 BG
clothes 434 1 465 48 0.109106 0.307388 BG
fridge 135 59 352 426 0.128969 0.635595 washing_machine
tv 341 11 490 193 0.143493 0.093754 BG
tv 144 167 311 386 0.109278 0.601157 washing_machine
paper 254 250 258 255 0.210758 0.150703 BG
paper 203 241 205 246 0.190727 0.082313 BG
paper 200 246 205 255 0.189736 0.077580 BG
paper 254 240 266 250 0.185696 0.185822 BG
paper 211 265 225 270 0.182803 0.096911 BG
paper 254 254 269 272 0.177505 0.167262 BG
paper 384 337 390 345 0.176419 0.262839 BG
paper 205 249 223 267 0.176099 0.084812 BG
paper 370 341 380 351 0.175971 0.159795 BG
paper 256 224 259 239 0.164628 0.210585 BG
paper 366 399 392 415 0.163831 0.337105 BG
paper 387 412 396 426 0.16023 0.204361 BG
paper 392 280 395 289 0.158549 0.234695 BG
paper 336 400 387 426 0.150315 0.207898 BG
paper 256 364 258 369 0.147327 0.709864 BG
paper 394 270 404 272 0.144962 0.260091 BG
paper 330 399 355 414 0.143712 0.532912 BG
paper 401 249 410 270 0.137312 0.353733 BG
paper 407 255 415 270 0.134611 0.353312 BG
paper 319 401 336 426 0.133806 0.305118 BG
paper 434 45 448 63 0.130232 0.273015 BG
paper 129 400 144 426 0.126801 0.393784 BG
paper 333 335 393 424 0.123099 0.349218 BG
paper 269 321 273 334 0.11516 0.505083 BG
paper 264 319 270 334 0.112686 0.452984 BG
paper 54 190 62 217 0.110167 0.706055 BG
paper 237 336 273 370 0.107303 0.707989 BG
paper 282 390 305 426 0.104014 0.407501 BG
paper 257 229 287 262 0.102752 0.285176 BG
towel 434 1 463 48 0.284038 0.307388 BG
towel 73 390 74 394 0.215051 0.702012 BG
towel 434 45 448 64 0.205831 0.273015 BG
towel 440 8 449 21 0.19655 0.560669 BG
towel 436 16 448 44 0.18215 0.574058 BG
towel 76 358 91 425 0.174409 0.755471 BG
towel 72 390 77 426 0.145358 0.513936 BG
towel 272 246 280 256 0.133217 0.283523 BG
box 141 96 189 114 0.326007 0.643760 BG
box 387 411 396 426 0.209932 0.204361 BG
box 145 101 152 109 0.209347 0.786169 BG
box 175 76 188 97 0.200355 0.576301 BG
box 335 398 385 426 0.187057 0.207898 BG
box 185 79 189 96 0.171515 0.621972 BG
box 318 399 335 426 0.170499 0.305118 BG
box 143 76 206 149 0.162174 0.796271 BG
box 75 422 77 426 0.160779 0.308097 BG
box 160 101 165 112 0.15797 0.798878 BG
box 366 398 391 415 0.152099 0.337105 BG
box 395 270 403 272 0.141581 0.260091 BG
box 281 386 304 426 0.130263 0.407501 BG
box 159 122 163 126 0.124256 0.860707 BG
box 330 398 354 414 0.121629 0.532912 BG
box 287 415 303 426 0.115072 0.213783 BG
box 129 396 144 426 0.11471 0.393784 BG
box 141 33 190 112 0.113956 0.754537 BG
box 128 379 301 426 0.113647 0.342449 BG
box 279 318 290 325 0.112397 0.568240 BG
box 269 415 281 426 0.101175 0.240044 BG
box 133 100 146 109 0.100671 0.889895 BG
garbage_bin 327 333 394 424 0.227903 0.349218 BG
garbage_bin 394 270 404 272 0.222027 0.260091 BG
garbage_bin 284 400 287 404 0.187549 0.635170 BG
garbage_bin 391 281 395 290 0.183309 0.234695 BG
garbage_bin 281 389 288 400 0.182124 0.791687 BG
garbage_bin 383 338 391 345 0.176473 0.262839 BG
garbage_bin 369 342 381 351 0.1733 0.159795 BG
garbage_bin 257 315 263 334 0.154832 0.496430 BG
garbage_bin 224 31 238 37 0.150417 0.405708 BG
garbage_bin 203 241 206 246 0.138851 0.082313 BG
garbage_bin 363 398 392 415 0.137024 0.337105 BG
garbage_bin 253 337 351 423 0.136149 0.556978 BG
garbage_bin 264 318 269 335 0.134142 0.452984 BG
garbage_bin 329 259 402 351 0.130768 0.547883 BG
garbage_bin 200 246 206 255 0.123302 0.077580 BG
garbage_bin 280 389 305 425 0.11849 0.407501 BG
garbage_bin 249 220 393 420 0.117 0.721165 BG
garbage_bin 333 399 387 426 0.112588 0.207898 BG
garbage_bin 204 249 224 268 0.109688 0.084812 BG
garbage_bin 177 241 206 258 0.109544 0.440907 BG
garbage_bin 254 282 271 334 0.105438 0.575397 BG
garbage_bin 269 320 272 335 0.100393 0.505083 BG
