cabinet 10 88 122 318 0.477836 0.425216 file_cabinet
cabinet 491 96 549 219 0.287532 0.452134 BG
cabinet 466 5 581 253 0.279824 0.386869 BG
cabinet 503 112 521 123 0.140052 0.519267 BG
cabinet 346 27 543 291 0.125895 0.829374 BG
cabinet 541 114 587 224 0.11842 0.478019 BG
bed 0 270 572 440 0.171306 0.816763 floor
chair 494 115 549 218 0.130358 0.505615 BG
table 0 269 133 338 0.116066 0.758702 BG
door 508 9 582 217 0.301778 0.372125 BG
door 427 38 429 42 0.222342 0.516367 BG
door 482 25 528 213 0.130103 0.550140 BG
door 465 69 499 205 0.130093 0.682666 BG
door 428 13 430 19 0.101155 0.604533 BG
picture 561 4 590 105 0.472415 0.288246 BG
picture 560 77 590 107 0.442377 0.519564 BG
picture 571 86 577 90 0.321828 0.649962 BG
picture 73 4 108 24 0.207959 0.449218 BG
picture 59 1 137 38 0.139357 0.650331 BG
picture 355 1 356 3 0.136926 0.295333 BG
picture 6 0 75 41 0.133049 0.432935 BG
picture 578 98 582 102 0.121237 0.756153 BG
picture 553 91 560 109 0.101403 0.790213 BG
counter 0 190 137 333 0.150811 0.460242 BG
mirror 441 1 524 199 0.429662 0.449343 BG
mirror 553 2 580 101 0.324493 0.318169 BG
mirror 496 4 567 126 0.217111 0.540546 BG
mirror 480 25 507 208 0.204137 0.615680 BG
mirror 463 37 493 212 0.116965 0.721539 BG
paper 175 53 188 62 0.235493 0.285101 BG
paper 188 58 286 75 0.224744 0.333809 BG
paper 1 302 28 330 0.201871 0.432375 BG
paper 452 399 528 440 0.187044 0.496744 BG
paper 21 303 28 316 0.176514 0.504282 BG
paper 1 312 11 330 0.14531 0.627449 BG
paper 263 396 273 400 0.144765 0.679965 BG
paper 355 1 357 4 0.139805 0.295333 BG
paper 547 140 547 142 0.136284 0.382987 BG
paper 288 375 394 439 0.13289 0.633552 BG
paper 293 410 298 418 0.123818 0.769138 BG
paper 411 416 438 421 0.112044 0.837134 BG
paper 464 19 472 28 0.109317 0.823668 BG
paper 576 103 590 108 0.104765 0.618544 BG
paper 449 10 463 50 0.100152 0.741542 BG
box 564 217 567 222 0.158761 0.428877 BG
box 565 217 578 224 0.150569 0.465444 BG
box 573 226 577 228 0.146135 0.594252 BG
box 175 52 188 62 0.140119 0.285101 BG
box 14 1 30 7 0.121845 0.448887 BG
box 13 1 47 13 0.119921 0.482143 BG
box 28 1 46 7 0.109108 0.535549 BG
box 546 141 548 143 0.106344 0.382987 BG
box 165 266 168 269 0.103822 0.701322 BG
lamp 355 0 356 3 0.160147 0.295333 BG
bathtub 0 198 129 332 0.109174 0.460242 BG
garbage_bin 331 200 388 298 0.981343 0.017228 BG
garbage_bin 380 248 387 288 0.859835 0.135239 BG
garbage_bin 328 286 329 296 0.834715 0.161676 BG
garbage_bin 380 278 383 287 0.824943 0.171886 BG
garbage_bin 381 275 402 289 0.763446 0.233587 BG
garbage_bin 316 280 330 297 0.761821 0.234414 BG
garbage_bin 315 272 346 313 0.751405 0.247394 BG
garbage_bin 317 278 330 283 0.740784 0.254713 BG
garbage_bin 317 205 335 303 0.606339 0.355062 BG
garbage_bin 333 294 336 302 0.37429 0.621539 BG
garbage_bin 317 248 329 279 0.368168 0.597428 BG
garbage_bin 317 264 323 275 0.284318 0.656112 BG
garbage_bin 314 296 321 303 0.282611 0.712703 BG
garbage_bin 312 62 319 66 0.280495 0.711542 BG
garbage_bin 303 57 317 66 0.221143 0.755134 BG
garbage_bin 380 249 413 287 0.151562 0.841144 BG
garbage_bin 380 289 386 298 0.136292 0.860674 BG
garbage_bin 426 271 448 280 0.131026 0.817813 BG
garbage_bin 174 53 188 63 0.124305 0.285101 BG
garbage_bin 188 57 288 75 0.119236 0.333809 BG
