cabinet 176 155 317 163 0.353977 0.563359 BG
cabinet 194 158 231 164 0.109941 0.860387 BG
chair 6 256 208 439 0.996788 0.003162 chair
chair 155 211 450 431 0.990743 0.009121 chair
chair 451 209 590 440 0.967997 0.029427 chair
chair 198 174 343 312 0.920452 0.079384 BG
chair 43 171 159 264 0.853644 0.146327 BG
chair 152 169 238 279 0.849955 0.149854 BG
chair 0 241 76 420 0.82126 0.172198 chair
chair 331 211 442 326 0.784023 0.176693 BG
chair 56 185 85 248 0.7159 0.284059 BG
chair 69 173 273 333 0.633511 0.366252 chair
chair 421 143 456 276 0.625287 0.372234 BG
chair 304 150 350 288 0.576016 0.423783 BG
chair 270 193 331 278 0.559207 0.438648 BG
chair 23 243 78 317 0.524728 0.474145 BG
chair 408 153 518 327 0.443813 0.555196 chair
chair 321 276 465 419 0.43681 0.557675 BG
chair 5 177 45 221 0.432357 0.565126 BG
chair 110 163 194 255 0.419839 0.576857 BG
chair 8 189 77 250 0.394742 0.605050 BG
chair 192 190 227 247 0.373951 0.625879 BG
chair 48 186 63 235 0.370992 0.628761 BG
chair 378 177 434 228 0.361891 0.617510 BG
chair 184 223 272 440 0.356476 0.643467 BG
chair 140 216 202 440 0.354605 0.644012 BG
chair 318 176 370 225 0.346018 0.650835 BG
chair 452 373 590 440 0.331917 0.614578 BG
chair 454 206 531 271 0.291322 0.703166 BG
chair 1 207 6 213 0.264578 0.735093 BG
chair 4 209 106 289 0.260175 0.738860 BG
chair 443 190 463 217 0.247655 0.731114 BG
chair 313 227 322 248 0.24538 0.751812 BG
chair 62 188 74 216 0.237068 0.762856 BG
chair 143 160 156 200 0.231781 0.766687 BG
chair 74 248 106 287 0.229129 0.768197 BG
chair 26 233 97 259 0.224977 0.773870 BG
chair 25 234 65 246 0.224714 0.773448 BG
chair 1 213 11 225 0.220092 0.778927 BG
chair 0 211 27 251 0.20848 0.790532 BG
chair 64 260 81 280 0.204816 0.793717 BG
chair 109 181 147 239 0.20467 0.795068 BG
chair 63 249 71 273 0.198626 0.800808 BG
chair 134 232 216 281 0.19293 0.803533 BG
chair 334 192 357 208 0.190524 0.799678 BG
chair 467 167 555 241 0.180926 0.720875 BG
chair 133 161 177 207 0.177552 0.819295 BG
chair 191 185 204 201 0.172229 0.827615 BG
chair 313 225 340 262 0.170184 0.827491 BG
chair 73 252 88 269 0.161801 0.836181 BG
chair 425 249 437 277 0.160141 0.835944 BG
chair 201 260 307 336 0.15932 0.837810 BG
chair 19 209 50 237 0.155713 0.844063 BG
chair 51 208 77 218 0.147489 0.852288 BG
chair 52 284 67 309 0.143356 0.856132 BG
chair 59 267 77 298 0.139426 0.860114 BG
chair 272 174 313 208 0.138976 0.860849 BG
chair 32 216 41 222 0.136527 0.863020 BG
chair 7 209 22 232 0.128776 0.871147 BG
chair 509 295 589 340 0.128261 0.766467 BG
chair 307 246 313 253 0.120899 0.878119 BG
chair 457 202 465 215 0.118167 0.875878 BG
chair 22 236 30 253 0.11683 0.880878 BG
chair 317 207 325 232 0.113925 0.881000 BG
chair 125 189 138 210 0.109617 0.890046 BG
chair 47 232 60 235 0.106151 0.880303 BG
chair 131 185 160 248 0.105653 0.894154 BG
chair 229 212 233 260 0.105367 0.881270 BG
chair 85 241 140 275 0.102048 0.896022 BG
chair 83 260 92 285 0.101754 0.896025 BG
chair 272 198 305 204 0.101472 0.897245 BG
table 410 244 524 413 0.363297 0.601733 BG
picture 190 55 306 160 0.191871 0.533123 BG
desk 529 204 587 224 0.141044 0.555178 BG
mirror 168 0 310 185 0.145599 0.570421 BG
tv 196 62 311 169 0.231957 0.478594 BG
box 260 144 276 155 0.405158 0.480963 BG
box 261 140 306 155 0.212296 0.529343 BG
box 526 203 588 216 0.155689 0.678986 BG
box 179 436 190 440 0.144434 0.288100 BG
box 299 135 302 138 0.101875 0.559891 BG
whiteboard 328 2 585 175 0.173137 0.813693 BG
garbage_bin 161 373 168 381 0.158956 0.797678 BG
