chair 19 285 178 440 0.134141 0.419914 BG
chair 4 299 78 414 0.12036 0.383785 BG
sofa 0 0 190 59 0.327256 0.318859 BG
sofa 238 263 287 273 0.162246 0.574359 BG
sofa 16 297 186 440 0.137098 0.339697 BG
sofa 200 307 579 440 0.136255 0.211226 BG
sofa 259 255 279 266 0.121208 0.579072 BG
sofa 188 1 239 46 0.113285 0.301049 BG
table 1 298 110 414 0.192641 0.518331 BG
table 73 316 540 440 0.121966 0.362466 BG
door 1 140 20 217 0.145415 0.498166 BG
door 1 140 4 208 0.133388 0.321480 BG
bookshelf 40 63 549 440 0.928974 0.057055 BG
picture 259 2 321 58 0.357315 0.361130 BG
picture 286 1 304 32 0.277366 0.469879 BG
picture 195 2 241 49 0.208097 0.301049 BG
picture 317 1 329 14 0.195679 0.590048 BG
picture 140 2 194 49 0.18579 0.320765 BG
picture 43 2 141 50 0.166453 0.376280 BG
picture 239 1 269 66 0.134723 0.296071 BG
picture 143 1 195 9 0.124328 0.326378 BG
picture 288 1 299 12 0.110155 0.612835 BG
picture 230 4 320 131 0.104377 0.678527 BG
counter 164 293 584 440 0.5238 0.309103 BG
desk 7 256 108 344 0.277883 0.412130 BG
desk 32 287 590 440 0.119892 0.464256 BG
paper 176 410 180 426 0.240052 0.338925 BG
paper 255 317 291 328 0.209533 0.774624 BG
paper 466 22 468 26 0.177795 0.709900 BG
paper 222 385 252 440 0.1711 0.091907 BG
paper 453 5 494 40 0.170818 0.646336 BG
paper 465 20 474 31 0.170171 0.609842 BG
paper 474 10 487 21 0.149332 0.737402 BG
paper 270 315 336 328 0.145424 0.766780 BG
paper 221 305 304 326 0.143434 0.825917 BG
paper 473 19 478 23 0.143434 0.655143 BG
paper 79 112 128 178 0.141934 0.553810 BG
paper 289 317 312 326 0.137555 0.819627 BG
paper 442 48 447 54 0.130463 0.747134 BG
paper 456 34 465 40 0.118142 0.725388 BG
paper 571 259 590 272 0.113668 0.526746 BG
paper 581 270 590 277 0.112311 0.424415 BG
paper 266 316 271 323 0.11158 0.884801 BG
paper 473 0 498 24 0.107804 0.752413 BG
paper 182 430 186 438 0.107413 0.307732 BG
paper 312 312 312 314 0.103605 0.769692 BG
paper 262 317 266 322 0.102965 0.888246 BG
box 67 303 76 322 0.79446 0.181556 BG
box 75 298 76 316 0.785397 0.199111 BG
box 58 286 102 326 0.648275 0.331015 BG
box 28 304 76 328 0.313977 0.565549 BG
box 171 295 221 319 0.309398 0.636184 BG
box 176 295 200 304 0.276699 0.654814 BG
box 25 255 98 325 0.255867 0.509796 water_dispenser
box 63 285 186 324 0.22105 0.741981 BG
box 176 409 181 426 0.209762 0.338925 BG
box 30 282 87 305 0.190689 0.737417 BG
box 207 29 263 80 0.175454 0.512305 BG
box 176 309 185 314 0.162759 0.797376 BG
box 181 436 187 440 0.156617 0.213481 BG
box 181 429 185 438 0.14612 0.307732 BG
box 184 291 198 297 0.132945 0.828919 BG
box 154 298 185 318 0.13217 0.713692 BG
box 239 4 275 88 0.123812 0.550754 BG
box 86 259 93 267 0.11723 0.780753 BG
box 2 281 29 333 0.115923 0.713586 BG
box 222 383 252 439 0.10827 0.091907 BG
box 167 283 198 300 0.103737 0.796710 BG
lamp 284 205 305 214 0.204211 0.609752 BG
lamp 5 38 187 199 0.106321 0.632053 BG
lamp 8 91 95 263 0.103573 0.812583 BG
garbage_bin 220 385 252 440 0.185211 0.091907 BG
garbage_bin 79 223 94 229 0.13476 0.748820 BG
garbage_bin 45 211 96 237 0.130661 0.766265 BG
garbage_bin 90 209 94 217 0.110917 0.632881 BG
garbage_bin 76 232 94 263 0.107268 0.631740 BG
garbage_bin 181 430 186 438 0.104366 0.307732 BG
