chair 96 183 430 433 0.987942 0.010674 chair
chair 326 257 436 408 0.302787 0.695476 BG
chair 347 252 381 298 0.237289 0.633748 outlet
table 491 177 588 434 0.862033 0.073957 table
table 384 215 547 421 0.104663 0.853871 BG
picture 242 2 307 49 0.984986 0.012564 picture
picture 520 89 590 192 0.856538 0.131332 BG
picture 518 138 569 179 0.6023 0.397497 BG
picture 292 2 305 49 0.57327 0.400608 BG
picture 241 3 257 44 0.4087 0.588571 BG
picture 518 162 590 188 0.402381 0.592088 BG
picture 521 150 541 178 0.165403 0.834503 BG
picture 548 119 590 168 0.157791 0.726022 BG
picture 256 34 305 49 0.11611 0.836604 BG
picture 526 121 544 143 0.108179 0.767491 BG
blinds 535 2 588 98 0.955011 0.034168 BG
desk 515 168 588 421 0.215253 0.040600 table
mirror 514 9 590 211 0.112621 0.290020 BG
tv 540 111 590 147 0.357368 0.377011 BG
tv 543 120 552 135 0.113149 0.778902 BG
paper 564 390 571 396 0.232215 0.258155 BG
paper 573 387 574 388 0.230215 0.301109 BG
paper 571 375 577 383 0.22908 0.295329 BG
paper 558 387 568 399 0.220556 0.277715 BG
paper 566 385 572 388 0.209893 0.262195 BG
paper 565 380 574 385 0.209712 0.276968 BG
paper 588 96 590 96 0.169646 0.288876 BG
paper 483 326 488 343 0.168487 0.638561 BG
paper 543 400 581 431 0.148292 0.564221 BG
paper 552 368 590 401 0.146178 0.443344 BG
paper 486 326 488 333 0.142629 0.637798 BG
paper 132 103 137 110 0.136553 0.111625 BG
paper 543 416 567 440 0.135092 0.320142 BG
paper 81 419 94 424 0.134954 0.579974 BG
paper 586 160 590 165 0.13365 0.398003 BG
paper 569 400 590 431 0.129873 0.300011 BG
paper 576 378 590 401 0.129827 0.378065 BG
paper 439 336 444 342 0.118272 0.732491 BG
paper 572 91 590 96 0.115573 0.502144 BG
paper 563 432 572 440 0.114777 0.149601 BG
paper 577 364 587 366 0.111057 0.165945 BG
paper 142 107 164 110 0.108722 0.393599 BG
paper 68 425 80 430 0.106713 0.566884 BG
paper 480 317 490 353 0.105153 0.732181 BG
paper 61 424 95 440 0.103601 0.355606 BG
towel 158 432 160 433 0.112904 0.626118 BG
towel 132 102 137 111 0.110754 0.111625 BG
box 571 375 578 383 0.202957 0.295329 BG
box 573 386 575 388 0.191713 0.301109 BG
box 588 95 590 96 0.178433 0.288876 BG
box 542 414 567 440 0.150832 0.320142 BG
box 572 90 590 96 0.1501 0.502144 BG
box 497 280 501 286 0.120255 0.751647 BG
box 580 96 590 104 0.110279 0.493232 BG
box 565 389 571 396 0.109683 0.258155 BG
box 563 431 572 440 0.103558 0.149601 BG
box 566 379 574 385 0.101326 0.276968 BG
box 559 386 568 399 0.100973 0.277715 BG
person 52 361 102 401 0.367336 0.544107 BG
person 72 378 80 395 0.198832 0.766827 BG
person 52 374 65 397 0.159872 0.777390 BG
person 13 431 24 440 0.119267 0.347280 BG
lamp 349 250 382 281 0.222149 0.614398 outlet
bag 28 429 29 432 0.148255 0.507102 BG
bag 12 432 23 440 0.136814 0.347280 BG
bag 20 427 36 440 0.113742 0.769935 BG
bag 64 358 91 366 0.113621 0.753236 BG
bag 52 359 103 399 0.111773 0.538221 BG
garbage_bin 556 383 568 399 0.218458 0.414638 BG
garbage_bin 560 379 570 385 0.202265 0.299184 BG
garbage_bin 566 385 572 388 0.182569 0.262195 BG
garbage_bin 564 389 571 396 0.178832 0.258155 BG
garbage_bin 550 367 590 402 0.124721 0.443344 BG
garbage_bin 131 102 138 110 0.11841 0.111625 BG
garbage_bin 97 30 116 81 0.108517 0.532511 BG
garbage_bin 577 363 587 367 0.106861 0.165945 BG
