chair 341 231 583 434 0.944895 0.019400 chair&&table
chair 308 183 386 324 0.86999 0.127959 BG
chair 249 135 309 216 0.789736 0.163245 BG
chair 339 177 430 377 0.678225 0.319546 BG
chair 316 146 352 263 0.54577 0.390751 chair
chair 344 177 400 247 0.436114 0.537210 BG
chair 289 139 344 209 0.313102 0.657155 BG
chair 122 184 256 391 0.25313 0.644609 BG
chair 53 230 386 436 0.249964 0.697112 floor
chair 316 189 350 225 0.212043 0.763900 BG
chair 192 187 256 294 0.210552 0.689069 BG
chair 386 188 403 227 0.200404 0.798364 BG
chair 434 114 512 189 0.179333 0.708933 computer
chair 538 130 587 270 0.169976 0.689826 BG
chair 234 142 410 247 0.16365 0.831626 BG
chair 508 258 590 416 0.135121 0.857104 BG
chair 246 131 267 178 0.13264 0.860103 BG
chair 264 133 288 170 0.132619 0.789581 BG
chair 429 164 474 191 0.132419 0.815987 BG
chair 363 190 538 317 0.124292 0.815399 BG
chair 337 206 349 239 0.123759 0.874279 BG
chair 398 430 407 440 0.11255 0.365463 BG
chair 562 125 577 151 0.101824 0.846535 BG
table 0 142 192 440 0.972492 0.009780 table
table 345 156 583 410 0.968929 0.008475 chair&&table
table 532 165 590 245 0.247513 0.594202 BG
table 0 169 210 236 0.160251 0.783405 BG
table 1 250 85 440 0.11501 0.792193 BG
table 289 144 472 262 0.105876 0.837098 BG
door 306 7 445 120 0.204113 0.104853 BG
door 14 4 76 108 0.152904 0.634623 BG
door 3 3 33 200 0.118101 0.507866 BG
counter 12 164 219 248 0.423496 0.488025 BG
blinds 317 7 431 124 0.662533 0.139206 BG
desk 520 151 585 221 0.155576 0.581218 BG
desk 377 174 590 429 0.128566 0.282284 chair&&table
desk 2 179 156 430 0.116196 0.107450 table
mirror 437 76 441 89 0.163893 0.628771 BG
mirror 307 1 361 136 0.132691 0.502969 BG
mirror 1 3 35 211 0.117788 0.507866 BG
tv 579 235 590 243 0.237744 0.667573 BG
tv 564 118 588 200 0.202475 0.660018 BG
tv 454 111 495 175 0.185539 0.373929 BG
tv 0 123 32 181 0.123064 0.171049 BG
paper 413 198 435 205 0.212622 0.786672 BG
paper 413 197 463 210 0.212541 0.787173 BG
paper 143 318 146 322 0.209872 0.410055 BG
paper 144 323 147 331 0.208975 0.387416 BG
paper 96 428 103 440 0.158865 0.229636 BG
paper 17 185 27 188 0.152964 0.736920 BG
paper 46 176 59 186 0.146606 0.810140 BG
paper 77 150 78 153 0.11523 0.702079 BG
paper 64 169 74 179 0.100285 0.862817 BG
towel 145 323 148 331 0.114578 0.387416 BG
towel 144 318 147 325 0.106533 0.405528 BG
box 536 210 543 217 0.410176 0.569594 BG
box 73 218 80 223 0.275885 0.553340 BG
box 59 223 68 230 0.163329 0.579122 BG
box 71 69 80 81 0.159361 0.587720 BG
box 96 427 103 440 0.144864 0.229636 BG
box 515 199 531 207 0.138638 0.788635 BG
box 9 164 32 189 0.112094 0.563165 BG
lamp 83 159 116 180 0.339019 0.627690 BG
lamp 89 161 102 171 0.179362 0.813269 BG
lamp 101 164 108 174 0.160361 0.833850 BG
lamp 438 78 440 88 0.155957 0.598033 BG
lamp 108 161 112 167 0.138767 0.838948 BG
lamp 102 147 130 181 0.127729 0.824575 BG
lamp 9 57 111 191 0.117625 0.663508 computer
lamp 93 87 118 182 0.114134 0.754064 BG
lamp 76 141 110 174 0.105192 0.825388 BG
monitor 456 112 496 179 0.137625 0.373929 BG
