cabinet 87 225 477 440 0.595781 0.267334 kitchen_cabinet
cabinet 13 230 167 440 0.324792 0.469451 BG
cabinet 102 301 179 440 0.280264 0.700997 BG
cabinet 378 6 590 128 0.18656 0.338993 BG
chair 227 0 314 57 0.107064 0.825822 BG
door 174 0 221 120 0.22069 0.364809 BG
door 102 0 219 160 0.198342 0.268246 BG
door 522 0 526 93 0.106154 0.712293 BG
picture 232 39 304 109 0.293254 0.516379 BG
picture 332 68 338 76 0.208538 0.491911 BG
picture 183 113 195 119 0.198019 0.644212 BG
picture 0 165 6 178 0.196475 0.129206 BG
picture 307 2 375 23 0.156148 0.328236 BG
picture 548 1 590 88 0.136033 0.677743 BG
picture 133 3 366 179 0.131041 0.540308 BG
picture 7 314 31 351 0.129766 0.202415 BG
picture 103 0 180 158 0.122812 0.371093 BG
picture 169 153 270 195 0.103819 0.707774 BG
picture 356 122 482 232 0.100437 0.740773 BG
counter 256 219 577 438 0.171914 0.802617 kitchen_cabinet
counter 7 234 485 331 0.134421 0.852314 BG
blinds 104 3 191 186 0.114204 0.428970 BG
desk 35 207 332 439 0.370494 0.496324 BG
dresser 100 286 164 400 0.126467 0.574684 BG
mirror 99 4 226 174 0.237099 0.345761 BG
mirror 126 4 559 186 0.112092 0.813586 kitchen_cabinet
clothes 0 213 47 249 0.123515 0.355259 BG
fridge 109 2 297 163 0.172625 0.363250 BG
tv 224 29 302 126 0.24134 0.426600 microwave
paper 1 314 30 353 0.62607 0.154905 BG
paper 1 317 9 352 0.607783 0.256936 BG
paper 407 223 416 229 0.20712 0.502591 BG
paper 333 68 337 76 0.153433 0.491911 BG
paper 400 139 413 159 0.148053 0.508707 BG
paper 410 161 416 169 0.147171 0.428216 BG
paper 407 144 416 169 0.14606 0.537432 BG
paper 270 250 294 267 0.144112 0.851456 BG
paper 184 211 220 255 0.142761 0.778057 box
paper 210 250 294 272 0.125507 0.865915 BG
paper 0 212 11 221 0.114751 0.249082 BG
paper 305 1 374 22 0.11312 0.328236 BG
paper 529 108 532 111 0.112063 0.707872 BG
paper 160 416 176 440 0.105657 0.217907 BG
paper 189 137 240 160 0.104474 0.754692 BG
paper 211 151 224 160 0.101313 0.768337 BG
paper 210 151 213 153 0.100685 0.838456 BG
box 0 213 12 220 0.415108 0.249082 BG
box 403 219 437 270 0.303821 0.529951 BG
box 5 212 100 261 0.165892 0.309033 BG
box 305 2 376 22 0.157435 0.328236 BG
box 296 17 302 24 0.156683 0.723982 BG
box 436 233 459 261 0.155063 0.770377 BG
box 79 204 101 245 0.143489 0.578183 BG
box 291 3 303 24 0.135971 0.765751 BG
box 159 415 175 440 0.130468 0.217907 BG
box 403 234 415 263 0.125587 0.622333 BG
box 410 160 416 169 0.124876 0.428216 BG
box 401 138 413 159 0.116272 0.508707 BG
box 408 143 416 169 0.10985 0.537432 BG
box 407 222 415 229 0.108483 0.502591 BG
box 332 68 338 75 0.103998 0.491911 BG
box 181 111 230 145 0.100984 0.732998 BG
box 162 200 205 238 0.100344 0.819150 rice_cooker
whiteboard 377 1 522 123 0.761892 0.079760 BG
whiteboard 142 6 373 184 0.17349 0.534910 BG
whiteboard 9 9 115 295 0.127924 0.736473 BG
sink 437 228 589 355 0.194484 0.790691 BG
lamp 1 165 6 178 0.284692 0.129206 BG
lamp 103 153 156 243 0.124864 0.712917 thermos
lamp 111 156 137 187 0.110921 0.840824 BG
lamp 6 210 100 263 0.109809 0.309033 BG
garbage_bin 74 186 109 247 0.47413 0.486704 BG
garbage_bin 79 205 94 222 0.303542 0.658612 BG
garbage_bin 72 201 78 249 0.268422 0.654800 BG
garbage_bin 404 235 434 265 0.162452 0.415519 BG
garbage_bin 99 183 121 245 0.148174 0.760019 BG
garbage_bin 409 160 416 170 0.131182 0.428216 BG
garbage_bin 75 393 79 401 0.121962 0.653620 BG
