chair 231 183 316 319 0.839676 0.150751 chair
chair 289 214 460 297 0.792388 0.192973 chair
chair 448 202 546 277 0.580644 0.394260 chair
chair 285 230 349 310 0.311529 0.673217 BG
chair 241 254 400 322 0.310238 0.648489 BG
chair 230 203 310 236 0.186052 0.810658 BG
chair 176 247 304 338 0.178724 0.788341 BG
chair 241 220 298 246 0.175735 0.811048 BG
chair 303 213 405 253 0.156471 0.495673 BG
chair 287 247 306 283 0.117224 0.837212 BG
chair 136 233 525 359 0.113379 0.848764 BG
chair 290 274 310 312 0.10111 0.895833 BG
table 191 245 590 440 0.983284 0.002525 table
table 35 284 350 436 0.257137 0.583324 pizza_box
bookshelf 391 8 464 126 0.494155 0.433603 BG
bookshelf 393 8 411 140 0.253031 0.661988 BG
picture 437 82 462 103 0.212602 0.738058 BG
picture 457 84 463 90 0.10725 0.864543 BG
picture 463 82 471 90 0.103597 0.861690 BG
picture 462 60 485 121 0.101775 0.867442 BG
paper 158 64 163 67 0.403747 0.362617 BG
paper 130 45 157 62 0.318581 0.530071 BG
paper 106 42 108 50 0.31002 0.247483 BG
paper 438 430 446 436 0.282237 0.422885 BG
paper 450 112 460 116 0.26298 0.725527 BG
paper 447 122 450 127 0.245892 0.741340 BG
paper 414 130 428 140 0.240156 0.730934 BG
paper 448 123 462 127 0.217399 0.773615 BG
paper 47 81 63 97 0.206974 0.704634 BG
paper 428 131 434 141 0.204168 0.766307 BG
paper 429 435 437 440 0.192591 0.274363 BG
paper 445 427 449 432 0.186983 0.597582 BG
paper 246 397 262 409 0.177222 0.445867 BG
paper 443 434 447 440 0.171593 0.186968 BG
paper 454 420 465 430 0.167406 0.463640 BG
paper 418 125 422 131 0.166388 0.821395 BG
paper 429 129 455 143 0.165968 0.812516 BG
paper 450 425 456 430 0.160631 0.587461 BG
paper 473 419 479 429 0.152328 0.308995 BG
paper 429 425 456 440 0.146949 0.348923 BG
paper 246 397 248 398 0.14427 0.526213 BG
paper 418 122 446 131 0.136141 0.848940 BG
paper 396 127 461 148 0.127501 0.847058 BG
paper 456 128 462 131 0.12634 0.867011 BG
paper 399 127 415 142 0.124412 0.828905 BG
paper 448 420 476 440 0.108469 0.180902 BG
paper 1 419 28 440 0.103623 0.233771 BG
paper 418 120 421 125 0.102949 0.880749 BG
paper 577 229 590 249 0.10045 0.669029 BG
box 290 234 304 245 0.340371 0.606483 BG
box 289 246 305 249 0.269252 0.690640 BG
box 262 245 277 254 0.237321 0.587938 BG
box 305 215 398 250 0.226792 0.495673 BG
box 304 233 401 286 0.181522 0.466612 BG
box 442 434 448 440 0.155707 0.186968 BG
box 110 438 111 440 0.15549 0.467431 BG
box 438 430 448 436 0.134329 0.422885 BG
box 474 419 479 429 0.132386 0.308995 BG
box 38 318 300 440 0.128324 0.690762 pizza_box
box 428 435 438 440 0.123534 0.274363 BG
box 245 396 263 409 0.119406 0.445867 BG
box 448 420 477 440 0.110894 0.180902 BG
box 454 420 466 430 0.106744 0.463640 BG
box 208 419 208 421 0.100836 0.734319 BG
whiteboard 0 1 284 183 0.992966 0.005091 whiteboard
whiteboard 13 171 227 318 0.187517 0.799665 BG
