cabinet 347 16 460 253 0.250664 0.407894 BG
cabinet 368 79 569 413 0.115399 0.780256 BG
chair 250 194 352 287 0.961915 0.037252 chair
chair 23 250 185 435 0.877464 0.101855 table&&chair
chair 102 152 193 189 0.541625 0.436210 BG
chair 202 147 271 254 0.502125 0.436939 BG
chair 263 213 338 239 0.499374 0.495031 BG
chair 1 337 81 437 0.495063 0.270249 BG
chair 29 218 39 246 0.287527 0.654429 BG
chair 366 20 381 22 0.269127 0.710851 BG
chair 311 189 346 240 0.257981 0.737126 BG
chair 115 213 233 383 0.225933 0.748188 chair
chair 136 153 178 169 0.220747 0.732226 BG
chair 55 157 262 224 0.208708 0.715865 BG
chair 251 203 293 268 0.200141 0.796653 BG
chair 252 194 320 230 0.192876 0.806508 BG
chair 38 218 55 242 0.183461 0.775217 BG
chair 175 204 241 310 0.180439 0.726382 BG
chair 156 153 169 159 0.17177 0.776290 BG
chair 0 216 24 258 0.167471 0.827123 BG
chair 342 212 344 218 0.13639 0.834984 BG
chair 114 158 114 164 0.129177 0.850291 BG
chair 329 228 335 233 0.128416 0.869965 BG
chair 171 158 250 195 0.12747 0.866544 BG
chair 199 434 206 436 0.122059 0.444233 BG
chair 23 214 29 250 0.121546 0.859493 BG
chair 264 214 276 229 0.115355 0.869305 BG
chair 339 209 346 228 0.115061 0.862319 BG
sofa 171 151 278 212 0.12327 0.571380 BG
sofa 198 434 206 436 0.11567 0.444233 BG
table 0 176 228 370 0.974024 0.016633 table&&chair
table 71 204 243 273 0.55933 0.401531 BG
table 4 182 286 238 0.481143 0.490667 table
table 3 200 51 244 0.271035 0.643000 BG
table 0 324 78 440 0.201987 0.270249 BG
table 9 205 103 262 0.117418 0.826657 BG
table 240 433 292 440 0.102974 0.326806 BG
door 348 7 470 233 0.347884 0.509009 BG
door 437 6 475 242 0.203695 0.676723 BG
door 443 77 454 203 0.178954 0.596296 BG
door 443 129 448 175 0.159522 0.558777 BG
door 444 143 448 155 0.14834 0.558178 BG
door 444 1 570 440 0.145013 0.498243 whiteboard
door 447 149 448 155 0.134537 0.582637 BG
door 443 155 446 173 0.127598 0.632958 BG
door 446 129 449 139 0.115169 0.600800 BG
door 449 59 464 166 0.112126 0.594185 BG
door 346 170 347 174 0.108983 0.707692 BG
door 344 177 346 183 0.1079 0.660894 BG
door 439 181 443 203 0.10236 0.518258 BG
picture 524 342 545 401 0.28171 0.648947 BG
picture 307 1 323 10 0.204594 0.271250 BG
picture 4 5 43 139 0.133876 0.666547 BG
picture 2 140 45 149 0.118751 0.508457 BG
picture 524 343 535 375 0.111461 0.845023 BG
picture 2 128 48 176 0.101544 0.636264 BG
counter 479 206 590 376 0.162067 0.549503 BG
desk 0 211 202 421 0.20759 0.036758 table&&chair
mirror 256 2 501 192 0.128196 0.472705 BG
clothes 184 308 198 334 0.123522 0.743729 BG
tv 0 0 33 18 0.139728 0.658322 BG
tv 317 0 431 5 0.131725 0.657312 BG
paper 86 226 102 231 0.322433 0.661357 BG
paper 80 220 118 232 0.321163 0.655788 BG
paper 28 149 46 158 0.170656 0.408139 BG
paper 80 221 85 229 0.14638 0.823083 BG
paper 307 0 322 10 0.129895 0.271250 BG
paper 257 416 270 426 0.109841 0.501084 BG
paper 0 335 53 344 0.105319 0.424373 BG
paper 97 231 111 235 0.104342 0.885663 BG
box 27 148 47 157 0.291398 0.408139 BG
box 466 231 475 248 0.229928 0.757207 BG
box 1 140 45 148 0.158491 0.508457 BG
box 257 415 271 426 0.156155 0.501084 BG
box 414 32 424 36 0.110046 0.761147 BG
whiteboard 479 4 583 356 0.858489 0.061863 whiteboard
whiteboard 294 22 451 235 0.424956 0.505463 BG
whiteboard 276 25 345 207 0.120059 0.832334 BG
