chair 319 240 542 433 0.947734 0.042804 chair&&cpu
chair 339 34 409 104 0.861335 0.130528 chair
chair 4 150 114 284 0.794576 0.143712 chair&&desk
chair 518 180 588 419 0.637969 0.324268 chair&&floor
chair 148 42 169 55 0.59962 0.367820 BG
chair 187 27 249 103 0.544477 0.426642 computer
chair 115 40 194 64 0.518266 0.466079 BG
chair 3 149 98 186 0.471113 0.510725 BG
chair 111 53 185 110 0.468475 0.490486 computer
chair 346 48 378 89 0.444999 0.546564 BG
chair 368 37 472 122 0.417544 0.473529 chair
chair 90 66 233 288 0.383342 0.437383 BG
chair 21 43 121 111 0.368768 0.578295 BG
chair 365 18 390 57 0.356243 0.617370 BG
chair 245 70 334 97 0.340114 0.650333 BG
chair 219 38 330 117 0.324396 0.628125 cpu
chair 115 90 134 103 0.311446 0.528807 BG
chair 170 41 190 54 0.308978 0.665782 BG
chair 196 61 215 78 0.27627 0.713970 BG
chair 111 57 113 61 0.271731 0.705590 BG
chair 374 36 425 72 0.270229 0.682499 BG
chair 95 46 149 73 0.262017 0.719454 BG
chair 36 58 177 180 0.260385 0.690274 BG
chair 140 31 191 48 0.256948 0.707495 BG
chair 59 43 109 65 0.234349 0.749463 BG
chair 228 103 277 131 0.23334 0.741852 BG
chair 249 81 334 131 0.228927 0.680847 BG
chair 190 45 194 51 0.22129 0.769050 BG
chair 367 16 381 34 0.217711 0.770932 BG
chair 208 28 245 53 0.209672 0.733789 BG
chair 91 52 110 74 0.209164 0.755233 BG
chair 384 12 447 64 0.187654 0.747602 BG
chair 300 349 416 440 0.175739 0.818860 BG
chair 56 63 62 72 0.175454 0.815885 BG
chair 405 37 432 64 0.163862 0.739525 BG
chair 46 41 62 55 0.158379 0.828732 BG
chair 176 44 194 77 0.15834 0.830023 BG
chair 430 63 434 65 0.157331 0.819336 BG
chair 399 71 408 105 0.152249 0.753291 BG
chair 424 26 476 64 0.147713 0.836556 BG
chair 90 99 144 254 0.145403 0.771732 BG
chair 47 52 61 69 0.140151 0.845022 BG
chair 169 40 173 53 0.136145 0.851163 BG
chair 113 38 170 44 0.1321 0.767566 BG
chair 346 2 380 58 0.129497 0.858006 BG
chair 171 67 276 172 0.128239 0.800200 chair
chair 404 60 435 70 0.125021 0.848521 BG
chair 199 34 206 38 0.124064 0.688147 BG
chair 333 39 342 99 0.12136 0.858232 BG
chair 175 52 194 60 0.119908 0.865059 BG
chair 432 41 452 60 0.117775 0.843077 BG
chair 53 23 256 128 0.117295 0.865679 BG
chair 345 70 385 115 0.117059 0.796528 BG
chair 18 32 62 92 0.107944 0.838603 BG
chair 33 39 58 44 0.107348 0.867851 BG
chair 106 67 106 69 0.105275 0.708171 BG
chair 350 33 368 56 0.105232 0.889998 BG
chair 308 7 422 56 0.102619 0.860783 BG
chair 403 56 423 63 0.102588 0.872883 BG
sofa 216 81 321 144 0.182111 0.587817 BG
sofa 9 37 65 160 0.117233 0.742414 BG
table 273 103 532 432 0.736814 0.211584 cpu
table 473 96 575 421 0.423183 0.530486 desk
table 12 80 132 159 0.26528 0.540080 BG
table 12 84 131 107 0.198846 0.681042 BG
table 525 315 588 404 0.141507 0.285227 BG
picture 563 7 590 36 0.200221 0.499423 BG
desk 48 199 546 423 0.989348 0.000468 desk
desk 260 85 577 265 0.323381 0.617007 BG
desk 18 164 165 427 0.320566 0.443568 BG
desk 109 75 318 182 0.199854 0.621357 desk
desk 87 99 345 344 0.192985 0.745575 computer
desk 519 88 587 421 0.151436 0.480561 chair
desk 525 316 587 406 0.123274 0.285227 BG
tv 497 28 542 94 0.116348 0.534258 BG
paper 316 237 324 243 0.283345 0.664575 BG
paper 425 9 430 11 0.270603 0.357448 BG
paper 397 7 406 9 0.226196 0.301739 BG
paper 304 1 313 14 0.210055 0.291862 BG
paper 403 1 430 11 0.173081 0.285380 BG
paper 94 281 114 286 0.170463 0.716351 BG
paper 585 314 590 319 0.146711 0.426003 BG
paper 321 112 325 114 0.145039 0.810567 BG
paper 381 1 405 13 0.140683 0.561592 BG
paper 440 10 443 11 0.129713 0.760198 BG
paper 80 282 113 297 0.129145 0.761784 BG
paper 264 202 409 268 0.127416 0.852827 BG
paper 84 79 86 80 0.111979 0.754158 BG
paper 575 251 590 320 0.109014 0.429693 BG
paper 122 265 141 278 0.100471 0.836142 BG
paper 308 114 328 129 0.100392 0.870149 BG
box 404 1 431 11 0.34381 0.285380 BG
box 425 8 431 11 0.28813 0.357448 BG
box 282 127 305 136 0.287921 0.659628 BG
box 397 7 407 9 0.276921 0.301739 BG
box 279 119 305 166 0.23348 0.716502 BG
box 304 1 313 14 0.18643 0.291862 BG
box 381 2 405 13 0.14703 0.561592 BG
box 274 110 304 137 0.133383 0.757352 BG
box 562 24 571 36 0.122519 0.736853 BG
person 500 103 504 110 0.15904 0.660339 BG
lamp 2 53 25 86 0.591245 0.266149 BG
monitor 498 30 542 106 0.103594 0.640333 BG
