cabinet 254 26 553 326 0.240815 0.484204 BG
cabinet 254 4 341 95 0.116282 0.667034 BG
chair 32 218 298 439 0.97775 0.019748 sofa_chair
chair 3 251 87 437 0.404332 0.344749 table
chair 71 266 194 360 0.305723 0.692779 BG
chair 256 34 341 95 0.174106 0.635727 BG
chair 6 360 70 421 0.147609 0.615042 BG
chair 79 272 104 312 0.134653 0.857678 BG
chair 95 275 109 309 0.122157 0.873775 BG
chair 106 265 166 304 0.119565 0.878615 BG
chair 225 343 292 400 0.115646 0.802212 BG
chair 73 252 111 427 0.102695 0.892221 BG
chair 88 13 259 103 0.101666 0.577334 BG
sofa 4 246 74 440 0.108839 0.169331 table
table 60 251 295 432 0.267108 0.196050 sofa_chair
table 7 360 66 422 0.204098 0.615042 BG
table 0 407 67 440 0.121488 0.584314 BG
table 274 39 384 304 0.10144 0.746830 BG
door 522 4 588 135 0.362436 0.463694 BG
door 585 91 590 135 0.100419 0.386023 BG
bookshelf 296 0 516 319 0.126708 0.455264 BG
picture 282 1 332 20 0.520501 0.407324 BG
picture 270 3 339 52 0.344552 0.315819 BG
picture 522 3 589 145 0.125135 0.537643 BG
picture 178 5 194 58 0.122861 0.498733 BG
pillow 1 255 16 269 0.104665 0.422470 BG
mirror 2 0 277 130 0.163057 0.427824 BG
mirror 244 1 342 59 0.13109 0.434154 BG
mirror 109 0 499 425 0.101299 0.176540 floor
mirror 510 3 590 163 0.100587 0.537643 BG
fridge 294 0 546 438 0.129348 0.445518 BG
tv 155 35 554 381 0.612039 0.115379 floor
paper 215 360 225 367 0.169987 0.561526 BG
paper 81 32 178 56 0.161605 0.563973 BG
paper 336 167 341 176 0.144758 0.354169 BG
paper 329 164 332 166 0.13914 0.511419 BG
paper 12 410 61 440 0.13722 0.464694 BG
paper 333 164 336 166 0.131678 0.476475 BG
paper 296 184 298 189 0.12533 0.550523 BG
paper 48 424 57 430 0.11838 0.506041 BG
paper 331 155 341 163 0.116148 0.529479 BG
paper 51 410 67 440 0.114342 0.528548 BG
paper 91 70 96 80 0.113812 0.820094 BG
paper 326 162 342 185 0.111611 0.495467 BG
paper 323 160 328 171 0.108504 0.560487 BG
paper 10 437 11 440 0.105008 0.256796 BG
paper 4 180 78 393 0.104851 0.416987 table
paper 326 171 333 177 0.103972 0.579044 BG
paper 224 431 230 433 0.102201 0.416767 BG
paper 129 32 134 37 0.101713 0.650121 BG
paper 55 423 62 429 0.101701 0.552510 BG
paper 224 347 228 354 0.101431 0.804314 BG
towel 1 247 69 388 0.100624 0.140554 table
box 358 289 361 297 0.483083 0.478948 BG
box 49 249 57 259 0.425959 0.459342 BG
box 12 230 68 266 0.317422 0.562639 BG
box 369 278 372 286 0.252683 0.732967 BG
box 344 150 502 309 0.16876 0.483464 BG
box 338 264 391 310 0.158301 0.811654 BG
box 155 207 165 216 0.150843 0.725525 BG
box 296 183 299 188 0.142733 0.550523 BG
box 129 209 159 221 0.142101 0.730386 BG
box 9 437 11 440 0.138649 0.256796 BG
box 215 428 230 440 0.135142 0.301650 BG
box 81 6 197 58 0.132725 0.328853 BG
box 381 287 383 295 0.13257 0.867292 BG
box 360 270 365 279 0.130166 0.750420 BG
box 3 188 82 395 0.125935 0.416987 table
box 189 96 191 99 0.125717 0.746431 BG
box 10 408 64 440 0.112254 0.464694 BG
box 177 84 258 112 0.109213 0.797061 BG
box 231 433 236 440 0.103957 0.210296 BG
box 249 4 272 50 0.103612 0.582212 BG
box 197 360 232 375 0.102879 0.615814 BG
box 50 230 52 231 0.101258 0.697761 BG
person 327 0 339 10 0.235832 0.639665 BG
bag 169 176 172 179 0.135457 0.609313 BG
bag 160 157 175 177 0.106668 0.759831 BG
garbage_bin 310 154 484 313 0.218281 0.436893 BG
