chair 205 214 353 326 0.990938 0.008997 chair
chair 0 225 84 347 0.955016 0.039919 chair
chair 202 184 275 292 0.355887 0.616640 BG
chair 31 230 91 268 0.217456 0.767463 BG
chair 303 229 354 346 0.204437 0.758303 BG
chair 247 186 438 414 0.10466 0.872330 BG
table 5 54 108 350 0.105067 0.622244 BG
picture 172 125 214 184 0.291968 0.589229 BG
picture 284 2 308 50 0.231145 0.301701 BG
picture 191 1 217 17 0.212934 0.385142 BG
picture 217 2 242 50 0.183478 0.397059 BG
picture 297 1 304 16 0.161424 0.388631 BG
picture 53 1 119 5 0.12332 0.828883 BG
picture 317 2 339 51 0.122493 0.197247 BG
picture 128 1 186 3 0.115174 0.756752 BG
picture 176 145 190 167 0.105309 0.760843 BG
picture 129 1 218 17 0.100246 0.637786 BG
counter 104 315 111 319 0.107268 0.781415 BG
clothes 0 179 8 213 0.114018 0.701504 BG
tv 189 1 217 18 0.232644 0.385142 BG
tv 215 1 242 26 0.149919 0.400890 BG
tv 120 1 218 17 0.149299 0.637786 BG
paper 64 137 73 141 0.361225 0.572321 BG
paper 66 140 89 167 0.340776 0.513584 BG
paper 52 55 56 58 0.254892 0.726656 BG
paper 58 69 80 75 0.238064 0.695269 BG
paper 55 57 81 70 0.236721 0.692840 BG
paper 416 398 466 440 0.190083 0.434560 BG
paper 436 426 445 432 0.186081 0.507897 BG
paper 59 105 90 180 0.185816 0.676494 BG
paper 71 128 97 138 0.124929 0.765284 BG
paper 68 148 95 199 0.115049 0.714031 BG
paper 291 64 303 87 0.107594 0.370954 BG
paper 284 16 306 47 0.103223 0.398666 BG
paper 293 41 302 63 0.100342 0.285382 BG
towel 2 76 56 224 0.200634 0.631401 BG
towel 12 148 24 208 0.110542 0.769867 BG
box 44 178 56 206 0.126877 0.796729 BG
box 284 198 293 204 0.122658 0.641633 BG
box 226 37 234 48 0.108328 0.569581 BG
box 133 60 137 63 0.10637 0.643722 BG
box 22 349 63 356 0.104872 0.749004 BG
box 69 142 95 198 0.101752 0.714031 BG
person 240 189 262 234 0.217086 0.675945 BG
garbage_bin 300 111 317 130 0.187964 0.316204 BG
garbage_bin 293 40 303 64 0.157547 0.285382 BG
garbage_bin 291 64 304 88 0.128346 0.370954 BG
