cabinet 37 140 158 232 0.393803 0.368336 BG
cabinet 269 11 386 136 0.108459 0.478622 BG
chair 286 177 463 313 0.84559 0.149318 chair
chair 508 140 587 223 0.766658 0.214159 BG
chair 212 127 329 238 0.670725 0.200968 BG
chair 339 158 447 198 0.651124 0.345379 BG
chair 331 115 385 158 0.499661 0.468002 BG
chair 388 160 442 182 0.497121 0.501820 BG
chair 342 169 395 192 0.494864 0.493277 BG
chair 282 146 503 217 0.479842 0.514281 BG
chair 389 174 454 233 0.456346 0.541044 BG
chair 289 118 331 179 0.451019 0.529717 BG
chair 523 113 574 135 0.438556 0.526656 BG
chair 444 203 522 231 0.435059 0.540800 BG
chair 565 133 588 176 0.431996 0.557798 BG
chair 350 154 392 173 0.414254 0.574059 BG
chair 134 194 387 324 0.410169 0.572745 BG
chair 520 135 585 159 0.409194 0.519805 BG
chair 225 188 291 237 0.405527 0.583405 BG
chair 461 187 585 345 0.390061 0.533752 BG
chair 305 115 425 185 0.388933 0.590320 BG
chair 525 122 552 132 0.378178 0.593311 BG
chair 309 121 328 155 0.374437 0.621907 BG
chair 351 148 394 159 0.356244 0.634808 BG
chair 432 119 438 137 0.333791 0.654559 BG
chair 566 133 582 148 0.328333 0.640055 BG
chair 331 142 352 156 0.321729 0.676555 BG
chair 521 131 561 140 0.321445 0.532563 BG
chair 448 162 495 206 0.307235 0.675875 BG
chair 1 166 24 229 0.298191 0.684242 BG
chair 524 113 552 123 0.289456 0.702723 BG
chair 380 110 425 142 0.281775 0.658332 BG
chair 424 159 437 177 0.277773 0.721728 BG
chair 0 177 17 200 0.271596 0.724402 BG
chair 326 127 329 140 0.270612 0.729082 BG
chair 276 239 489 438 0.266738 0.657651 BG
chair 460 202 479 208 0.252314 0.735193 BG
chair 459 181 562 228 0.245744 0.752904 BG
chair 387 154 391 159 0.235731 0.756582 BG
chair 578 141 582 144 0.225082 0.755577 BG
chair 381 215 443 237 0.219933 0.779836 BG
chair 393 153 399 159 0.218418 0.772232 BG
chair 328 135 336 144 0.216434 0.783424 BG
chair 358 113 540 174 0.21303 0.753403 BG
chair 437 122 454 135 0.211412 0.774565 BG
chair 530 114 533 116 0.210675 0.780558 BG
chair 404 192 443 205 0.198231 0.801210 BG
chair 557 152 564 157 0.196789 0.797124 BG
chair 390 180 397 188 0.195584 0.802035 BG
chair 336 153 350 172 0.193514 0.794630 BG
chair 405 222 451 264 0.179855 0.819342 BG
chair 552 150 590 202 0.178983 0.819561 BG
chair 575 112 589 138 0.178002 0.777348 BG
chair 458 151 572 188 0.177843 0.811008 BG
chair 8 152 85 243 0.173276 0.604069 BG
chair 3 178 7 181 0.157726 0.840497 BG
chair 435 174 446 181 0.143776 0.855635 BG
chair 500 157 526 168 0.141962 0.761318 BG
chair 419 155 432 163 0.139618 0.855411 BG
chair 437 214 442 230 0.138596 0.861377 BG
chair 437 91 557 138 0.12364 0.773167 BG
chair 523 89 584 153 0.120939 0.651403 BG
chair 447 176 447 180 0.1159 0.882495 BG
chair 440 216 556 259 0.113606 0.875220 BG
chair 361 253 474 300 0.11014 0.883429 BG
chair 434 157 435 159 0.107412 0.885193 BG
chair 440 181 450 201 0.106998 0.892539 BG
chair 339 168 353 185 0.105429 0.858558 BG
chair 522 217 528 221 0.101482 0.882587 BG
chair 586 156 590 172 0.100357 0.886675 BG
sofa 427 97 524 140 0.350956 0.612809 BG
sofa 200 125 315 209 0.16421 0.432717 BG
sofa 383 94 562 172 0.129903 0.835499 BG
sofa 337 106 369 113 0.127502 0.762238 BG
table 1 145 89 261 0.180322 0.576195 BG
table 516 92 585 151 0.10761 0.651403 BG
picture 400 9 430 66 0.57234 0.330412 BG
picture 400 3 491 69 0.534396 0.305803 chair
picture 457 35 480 62 0.421598 0.423377 BG
picture 309 20 346 105 0.390293 0.431417 BG
picture 500 7 574 87 0.376436 0.284079 chair
picture 407 37 460 66 0.371885 0.370017 BG
picture 57 42 130 140 0.236987 0.660741 BG
picture 300 80 315 108 0.205712 0.683440 BG
picture 96 54 125 114 0.190573 0.800288 BG
picture 539 45 575 85 0.169565 0.653521 BG
picture 287 26 322 117 0.143789 0.734107 BG
picture 402 15 418 41 0.113551 0.612452 BG
picture 303 98 315 108 0.107801 0.747544 BG
picture 320 78 351 103 0.106517 0.606582 BG
picture 276 5 381 110 0.101796 0.496627 BG
counter 283 108 325 120 0.356851 0.546631 BG
counter 290 120 296 125 0.184746 0.731564 BG
counter 273 119 297 127 0.147295 0.680078 BG
desk 9 140 146 249 0.3217 0.430348 BG
mirror 281 2 390 127 0.126866 0.455359 BG
mirror 0 42 136 164 0.115912 0.448506 BG
clothes 510 13 541 49 0.123343 0.459968 BG
tv 17 56 138 159 0.36875 0.346356 BG
paper 418 0 470 64 0.175356 0.483840 BG
paper 423 15 428 40 0.165813 0.415523 BG
paper 577 91 581 92 0.16551 0.540595 BG
paper 437 36 458 62 0.139485 0.387898 BG
paper 423 11 441 62 0.124964 0.579962 BG
paper 417 13 422 40 0.11477 0.626338 BG
box 562 92 575 93 0.626644 0.304847 BG
box 8 150 12 156 0.283188 0.595035 BG
box 521 87 580 110 0.276469 0.569598 BG
box 428 37 442 62 0.244197 0.516548 BG
box 522 89 557 97 0.237868 0.726126 BG
box 436 36 459 62 0.23685 0.387898 BG
box 140 145 151 194 0.236523 0.362528 BG
box 508 51 556 96 0.194589 0.459819 BG
box 391 371 394 374 0.164545 0.831301 BG
box 577 91 581 92 0.148904 0.540595 BG
box 309 172 335 179 0.141646 0.745737 BG
box 278 265 448 377 0.140401 0.845627 BG
box 415 0 475 64 0.13406 0.483840 BG
box 405 43 431 66 0.116522 0.580605 BG
box 404 362 408 367 0.109895 0.867188 BG
box 335 355 359 366 0.108159 0.890140 BG
box 338 84 345 103 0.106383 0.563615 BG
box 321 80 350 102 0.102757 0.606582 BG
box 456 244 590 318 0.102005 0.856444 BG
whiteboard 139 2 265 198 0.189711 0.632553 BG
lamp 588 87 590 88 0.110122 0.525960 BG
bag 511 16 542 50 0.132834 0.459968 BG
bag 507 18 574 91 0.116085 0.145753 BG
