cabinet 338 272 349 287 0.316275 0.518599 BG
cabinet 233 148 345 330 0.169005 0.473958 BG
cabinet 333 194 423 321 0.157332 0.483497 BG
cabinet 114 28 590 334 0.130585 0.606445 kitchen_cabinet
cabinet 333 272 338 289 0.128416 0.522344 BG
cabinet 288 248 305 288 0.115775 0.222944 BG
cabinet 239 273 248 285 0.107401 0.607331 BG
cabinet 321 254 336 277 0.103834 0.524210 BG
chair 0 314 122 440 0.92027 0.056807 paper_towel_dispenser
chair 212 432 219 440 0.232247 0.399881 BG
chair 148 429 150 431 0.197146 0.706114 BG
chair 143 405 220 439 0.194427 0.639055 BG
chair 231 430 235 432 0.184597 0.347984 BG
chair 225 433 231 440 0.177898 0.230913 BG
chair 521 309 590 428 0.169347 0.773742 toaster_oven
chair 95 344 129 410 0.118297 0.824645 BG
chair 106 334 160 432 0.111117 0.810903 BG
table 582 39 590 49 0.412807 0.363380 BG
picture 367 322 499 404 0.169092 0.584076 microwave
counter 123 396 540 440 0.478952 0.351168 kitchen_counter
counter 306 426 353 440 0.450535 0.478630 BG
counter 236 422 329 440 0.284819 0.536899 BG
counter 253 412 431 440 0.123359 0.843329 BG
counter 231 426 243 440 0.105919 0.354553 BG
paper 161 264 217 309 0.945652 0.051070 BG
paper 149 265 171 328 0.640005 0.231484 BG
paper 149 262 163 289 0.47072 0.445844 BG
paper 160 309 171 319 0.289369 0.535447 BG
paper 143 192 152 200 0.254265 0.218438 BG
paper 143 192 146 195 0.254265 0.218438 BG
paper 375 309 525 409 0.249613 0.645703 microwave
paper 470 342 483 348 0.242832 0.735099 BG
paper 241 423 280 440 0.237398 0.460625 BG
paper 144 196 146 199 0.231808 0.238430 BG
paper 144 288 148 292 0.214778 0.547662 BG
paper 319 208 335 240 0.213748 0.133738 BG
paper 563 430 569 435 0.198297 0.524584 BG
paper 224 269 226 271 0.189896 0.379824 BG
paper 152 193 156 194 0.184835 0.366557 BG
paper 272 248 287 254 0.183567 0.182591 BG
paper 418 274 425 287 0.178221 0.677676 BG
paper 286 384 307 392 0.176385 0.375737 BG
paper 279 384 285 393 0.173131 0.573392 BG
paper 256 230 270 249 0.170509 0.215750 BG
paper 149 261 159 271 0.170243 0.596379 BG
paper 482 225 494 238 0.165654 0.354708 BG
paper 366 190 386 226 0.159763 0.369704 BG
paper 230 429 234 431 0.159396 0.449025 BG
paper 381 173 419 226 0.158313 0.336244 BG
paper 232 426 242 440 0.142843 0.354553 BG
paper 417 255 439 298 0.138888 0.643328 BG
paper 202 372 215 389 0.131307 0.733617 BG
paper 558 428 580 437 0.12973 0.687477 BG
paper 157 308 221 331 0.122326 0.685778 BG
paper 218 260 226 261 0.122173 0.465677 BG
paper 317 364 324 368 0.119203 0.796249 BG
paper 417 256 422 265 0.11857 0.439494 BG
paper 298 379 308 384 0.114089 0.704827 BG
paper 433 422 468 440 0.11327 0.191227 BG
paper 425 280 440 298 0.111494 0.818814 BG
paper 564 310 590 316 0.108872 0.596209 BG
paper 192 382 204 388 0.107084 0.759450 BG
paper 546 424 553 429 0.103421 0.742086 BG
paper 360 187 368 222 0.103175 0.585785 BG
paper 321 352 338 361 0.102711 0.730048 BG
paper 418 267 421 271 0.102595 0.664473 BG
paper 231 2 291 50 0.10246 0.582215 BG
paper 314 309 318 311 0.100046 0.811260 BG
box 149 261 158 273 0.219417 0.596379 BG
box 149 262 164 330 0.195983 0.333689 BG
box 224 269 226 271 0.175231 0.379824 BG
box 172 0 241 43 0.154743 0.461402 BG
box 145 263 215 335 0.134543 0.149090 BG
box 432 422 470 440 0.13365 0.191227 BG
box 229 428 234 431 0.126593 0.449025 BG
box 160 308 171 320 0.121536 0.535447 BG
box 144 288 149 293 0.121069 0.547662 BG
box 144 287 151 319 0.106457 0.602998 BG
box 320 208 336 240 0.105277 0.133738 BG
box 272 247 288 254 0.104931 0.182591 BG
box 256 229 271 249 0.103123 0.215750 BG
box 366 189 387 226 0.101553 0.369704 BG
box 144 193 153 201 0.101515 0.218438 BG
box 144 193 147 196 0.101515 0.218438 BG
whiteboard 110 204 590 333 0.34722 0.459058 BG
whiteboard 288 249 304 286 0.279164 0.222944 BG
sink 250 362 463 439 0.813091 0.087240 BG
sink 270 370 338 437 0.324346 0.608725 BG
sink 217 363 309 440 0.131865 0.744468 BG
lamp 112 353 127 400 0.375167 0.534963 BG
lamp 233 0 289 50 0.143364 0.582215 BG
garbage_bin 278 381 287 402 0.483207 0.375420 BG
garbage_bin 275 394 278 400 0.207741 0.723595 BG
garbage_bin 286 383 307 392 0.168187 0.375737 BG
garbage_bin 269 392 278 404 0.165711 0.701424 BG
garbage_bin 500 386 519 402 0.128436 0.868444 BG
garbage_bin 495 366 510 397 0.116765 0.846887 BG
