cabinet 173 0 590 422 0.986955 0.011058 kitchen_counter
cabinet 18 21 190 262 0.280945 0.384660 dishwasher
sofa 410 0 590 38 0.364892 0.541047 aluminum_tray
sofa 587 30 590 35 0.12848 0.609881 BG
picture 489 255 493 271 0.111251 0.151483 BG
counter 145 223 157 241 0.140007 0.253146 BG
paper 153 240 155 241 0.233638 0.131341 BG
paper 488 289 492 301 0.207648 0.125983 BG
paper 481 287 487 302 0.195697 0.153077 BG
paper 489 255 492 270 0.195114 0.151483 BG
paper 146 224 156 241 0.173474 0.253146 BG
paper 585 147 590 153 0.168667 0.237945 BG
paper 535 431 547 436 0.166506 0.613630 BG
paper 8 0 135 67 0.144655 0.644433 BG
paper 580 176 582 180 0.132964 0.555927 BG
paper 431 319 433 319 0.124151 0.491502 BG
paper 536 434 540 437 0.117999 0.727622 BG
paper 1 150 10 167 0.11234 0.436561 BG
paper 533 420 549 440 0.108953 0.492589 BG
paper 474 415 475 419 0.104529 0.830629 BG
paper 547 131 559 141 0.104469 0.738828 BG
paper 462 35 470 41 0.103907 0.836351 BG
paper 547 131 573 147 0.10354 0.703591 BG
paper 490 43 492 45 0.10315 0.824215 BG
box 414 160 427 170 0.487638 0.437443 BG
box 18 194 23 202 0.318845 0.654791 BG
box 477 191 484 202 0.318702 0.634441 BG
box 430 180 479 224 0.258973 0.567537 BG
box 329 0 386 14 0.231573 0.499706 BG
box 452 180 479 199 0.219454 0.723699 BG
box 473 187 479 199 0.206097 0.725086 BG
box 10 180 17 189 0.184781 0.653310 BG
box 460 199 479 221 0.159925 0.622921 BG
box 11 179 22 197 0.154882 0.794265 BG
box 156 129 159 135 0.144505 0.848721 BG
box 10 0 167 232 0.141514 0.431968 dishwasher
box 420 159 484 203 0.138961 0.804913 BG
box 481 287 488 302 0.13231 0.153077 BG
box 431 318 434 319 0.128363 0.491502 BG
box 455 208 460 222 0.12831 0.622758 BG
box 24 186 28 190 0.12801 0.837020 BG
box 488 289 493 301 0.127655 0.125983 BG
box 153 239 156 240 0.124599 0.131341 BG
box 427 147 449 175 0.123732 0.760652 BG
box 427 166 438 173 0.123044 0.752067 BG
box 532 420 548 440 0.117377 0.492589 BG
box 418 287 429 302 0.115303 0.545915 BG
box 535 431 547 436 0.114254 0.613630 BG
box 15 188 22 193 0.113195 0.840909 BG
box 489 255 493 270 0.111883 0.151483 BG
box 473 184 479 190 0.109804 0.873255 BG
box 144 126 157 140 0.106695 0.747559 BG
box 154 138 157 139 0.104472 0.829422 BG
box 463 189 473 198 0.101561 0.786176 BG
box 4 0 141 71 0.101083 0.644433 BG
whiteboard 11 0 164 254 0.221034 0.274196 dishwasher
garbage_bin 589 346 590 349 0.14225 0.317613 BG
garbage_bin 153 239 155 241 0.114936 0.131341 BG
