chair 410 123 448 204 0.183148 0.763070 BG
picture 385 152 402 198 0.183118 0.543566 BG
picture 579 166 590 171 0.176767 0.290442 BG
picture 9 164 16 174 0.147843 0.118625 BG
picture 558 172 559 179 0.141166 0.194649 BG
picture 368 133 415 210 0.11018 0.516682 BG
picture 400 169 411 192 0.10797 0.722699 BG
mirror 44 3 380 238 0.242438 0.592518 BG
clothes 580 350 590 378 0.114277 0.640186 BG
paper 306 151 315 159 0.559592 0.387940 BG
paper 311 158 316 165 0.538651 0.395122 BG
paper 304 157 316 177 0.504534 0.420754 BG
paper 302 142 332 181 0.474702 0.402855 BG
paper 315 147 331 155 0.459758 0.471059 BG
paper 294 145 315 159 0.376979 0.530052 BG
paper 562 142 590 157 0.279844 0.236414 BG
paper 297 160 300 163 0.267781 0.693089 BG
paper 293 160 308 178 0.250478 0.706729 BG
paper 563 137 567 140 0.247972 0.629583 BG
paper 1 351 48 440 0.239734 0.198536 BG
paper 336 414 337 424 0.217262 0.311935 BG
paper 461 0 493 31 0.215522 0.261449 BG
paper 574 222 576 229 0.201827 0.068745 BG
paper 558 172 560 178 0.200794 0.194649 BG
paper 9 164 15 174 0.193843 0.118625 BG
paper 1 306 32 355 0.182574 0.157225 BG
paper 468 28 477 31 0.176125 0.328219 BG
paper 112 287 192 333 0.169079 0.501697 BG
paper 63 369 129 439 0.168888 0.351544 BG
paper 1 270 26 327 0.168381 0.116642 BG
paper 481 26 490 32 0.166121 0.320042 BG
paper 413 420 417 429 0.157147 0.372516 BG
paper 314 153 355 200 0.1552 0.587207 BG
paper 340 429 344 430 0.150854 0.383207 BG
paper 172 398 209 440 0.150007 0.552152 BG
paper 580 167 590 171 0.148309 0.290442 BG
paper 21 270 22 274 0.14157 0.211268 BG
paper 67 369 71 383 0.14123 0.274209 BG
paper 15 287 24 294 0.140865 0.195782 BG
paper 7 351 11 356 0.140651 0.211067 BG
paper 333 153 341 154 0.140461 0.716280 BG
paper 1 121 19 273 0.139658 0.072069 BG
paper 331 155 342 158 0.1377 0.700266 BG
paper 19 240 44 263 0.133299 0.161211 BG
paper 135 410 191 440 0.13298 0.453597 BG
paper 14 231 18 242 0.126763 0.256832 BG
paper 325 398 328 400 0.126197 0.315864 BG
paper 14 216 18 227 0.12592 0.165226 BG
paper 175 411 192 430 0.124729 0.699336 BG
paper 559 158 579 185 0.124403 0.222722 BG
paper 14 228 17 229 0.121872 0.218505 BG
paper 20 255 33 268 0.121307 0.239773 BG
paper 458 75 460 81 0.119318 0.486843 BG
paper 32 235 45 239 0.113287 0.271275 BG
paper 319 143 323 145 0.112896 0.772256 BG
paper 49 427 63 440 0.11186 0.213866 BG
paper 36 358 38 367 0.110073 0.556788 BG
paper 2 109 23 130 0.107906 0.211047 BG
paper 457 58 462 65 0.107416 0.492946 BG
paper 349 158 356 192 0.106308 0.511587 BG
towel 67 369 71 384 0.213201 0.274209 BG
towel 361 135 403 206 0.190894 0.558355 BG
towel 97 370 103 375 0.182145 0.468840 BG
towel 16 287 24 294 0.162635 0.195782 BG
towel 7 351 10 356 0.144351 0.211067 BG
towel 349 141 374 204 0.125224 0.590830 BG
towel 14 216 18 227 0.117703 0.165226 BG
towel 1 269 26 327 0.117607 0.116642 BG
towel 1 305 32 354 0.113401 0.157225 BG
towel 370 151 388 187 0.111622 0.730388 BG
towel 15 228 17 229 0.106025 0.218505 BG
towel 386 154 401 196 0.103167 0.543566 BG
towel 15 231 18 242 0.103123 0.256832 BG
box 470 163 496 199 0.616487 0.312175 BG
box 460 163 475 198 0.531929 0.449317 BG
box 445 150 494 214 0.466617 0.461390 BG
box 473 192 475 195 0.427863 0.547046 BG
box 559 157 579 184 0.425879 0.222722 BG
box 563 142 590 156 0.267632 0.236414 BG
box 447 170 460 187 0.246299 0.724910 BG
box 457 74 461 82 0.211663 0.486843 BG
box 580 166 590 171 0.199054 0.290442 BG
box 451 186 454 189 0.180924 0.792600 BG
box 457 57 462 66 0.180024 0.492946 BG
box 49 427 63 440 0.175515 0.213866 BG
box 558 172 560 178 0.174103 0.194649 BG
box 336 414 338 424 0.169848 0.311935 BG
box 460 2 493 33 0.153698 0.261449 BG
box 574 222 577 229 0.152607 0.068745 BG
box 451 59 457 65 0.145167 0.453067 BG
box 349 162 356 188 0.145146 0.568294 BG
box 475 192 493 198 0.142499 0.811291 BG
box 455 82 460 86 0.134648 0.646944 BG
box 450 82 455 87 0.131391 0.589144 BG
box 1 381 50 440 0.130109 0.057662 BG
box 412 420 417 429 0.129388 0.372516 BG
box 339 428 344 430 0.125689 0.383207 BG
box 345 164 351 189 0.119744 0.616114 BG
box 360 127 490 211 0.11849 0.646856 shampoo
box 63 365 131 437 0.117347 0.351544 BG
box 2 109 23 130 0.115706 0.211047 BG
whiteboard 462 0 590 92 0.268367 0.456539 BG
lamp 378 81 461 140 0.125233 0.729186 BG
bathtub 129 193 518 432 0.962236 0.015681 bathtub
bathtub 291 241 415 306 0.590418 0.313941 BG
bathtub 367 246 415 278 0.293423 0.599585 BG
bathtub 118 268 287 362 0.235423 0.583079 BG
bathtub 343 256 379 287 0.215081 0.655373 BG
bathtub 257 276 291 313 0.197167 0.691185 BG
bathtub 372 217 522 319 0.10944 0.741708 BG
garbage_bin 481 260 500 274 0.275285 0.584356 BG
garbage_bin 32 235 45 240 0.209191 0.271275 BG
garbage_bin 0 99 2 110 0.185841 0.246156 BG
garbage_bin 1 110 23 130 0.180631 0.211047 BG
garbage_bin 573 222 577 230 0.162163 0.068745 BG
garbage_bin 19 240 45 264 0.159175 0.161211 BG
garbage_bin 39 364 132 437 0.158871 0.351976 BG
garbage_bin 40 248 44 259 0.158422 0.433212 BG
garbage_bin 0 350 51 440 0.154503 0.198536 BG
garbage_bin 0 130 51 440 0.129991 0.332422 BG
garbage_bin 20 255 34 269 0.123655 0.239773 BG
garbage_bin 326 398 328 400 0.116888 0.315864 BG
garbage_bin 8 165 16 174 0.116326 0.118625 BG
garbage_bin 13 216 19 228 0.112966 0.165226 BG
garbage_bin 503 217 523 230 0.11288 0.853253 BG
garbage_bin 41 266 48 268 0.111997 0.587024 BG
garbage_bin 335 414 339 430 0.107825 0.341644 BG
garbage_bin 0 122 20 275 0.106194 0.072069 BG
garbage_bin 55 386 61 400 0.106191 0.677746 BG
garbage_bin 20 270 23 275 0.100889 0.211268 BG
