chair 49 432 90 440 0.294671 0.421465 BG
chair 191 200 194 216 0.157586 0.811231 BG
chair 190 195 205 208 0.132274 0.822403 BG
chair 136 429 141 440 0.10873 0.196473 BG
chair 460 320 590 440 0.102792 0.186434 BG
sofa 0 0 63 17 0.144596 0.396570 BG
table 32 408 154 439 0.125455 0.422615 BG
table 45 424 92 440 0.105231 0.461257 pillow
picture 261 1 274 59 0.453041 0.497470 BG
picture 271 10 276 32 0.173305 0.716859 BG
picture 240 107 272 145 0.136156 0.845460 BG
picture 178 325 194 350 0.125919 0.673152 BG
picture 255 122 259 133 0.107384 0.819995 BG
picture 82 320 88 335 0.102587 0.093596 BG
pillow 463 372 583 440 0.160794 0.078204 BG
pillow 410 433 414 433 0.154291 0.633042 BG
clothes 468 425 478 440 0.207341 0.322383 BG
clothes 453 362 587 439 0.14721 0.059129 BG
clothes 209 207 277 271 0.128764 0.562919 BG
fridge 98 198 197 440 0.13426 0.770285 BG
fridge 41 191 370 440 0.105259 0.725939 BG
paper 123 423 135 428 0.254315 0.409417 BG
paper 447 377 453 378 0.233788 0.613423 BG
paper 141 415 180 440 0.219745 0.282864 BG
paper 82 320 87 335 0.201534 0.093596 BG
paper 453 369 471 376 0.197006 0.714585 BG
paper 304 409 314 440 0.189031 0.284420 BG
paper 128 417 142 422 0.187884 0.486462 BG
paper 294 414 305 440 0.187571 0.410234 BG
paper 118 421 130 430 0.184893 0.448433 BG
paper 337 314 352 335 0.182614 0.172030 BG
paper 134 408 166 419 0.163115 0.567318 BG
paper 380 336 387 342 0.159444 0.391518 BG
paper 511 221 533 298 0.154359 0.226625 BG
paper 91 399 178 440 0.152924 0.415930 BG
paper 325 346 326 357 0.151973 0.606320 BG
paper 491 307 495 308 0.14978 0.160055 BG
paper 359 262 383 314 0.143184 0.265009 BG
paper 312 416 317 423 0.143118 0.404821 BG
paper 2 260 111 351 0.143113 0.105908 BG
paper 150 407 154 409 0.14084 0.511201 BG
paper 451 376 463 399 0.136696 0.651662 BG
paper 313 399 335 440 0.131711 0.211073 BG
paper 365 290 376 305 0.126371 0.395090 BG
paper 107 416 142 430 0.126131 0.587848 BG
paper 440 275 479 372 0.120191 0.320179 BG
paper 464 233 466 244 0.117506 0.704756 BG
paper 474 334 483 360 0.114051 0.651749 BG
paper 292 426 297 437 0.112231 0.685771 BG
paper 100 423 140 440 0.10899 0.210785 BG
paper 499 82 518 220 0.108154 0.578549 BG
paper 463 192 503 307 0.107816 0.416733 BG
paper 373 265 381 285 0.107451 0.467564 BG
paper 102 420 112 427 0.107258 0.610251 BG
paper 243 284 250 293 0.106559 0.682317 BG
paper 293 438 299 440 0.103373 0.351670 BG
paper 153 396 166 410 0.103171 0.577161 BG
paper 147 403 155 405 0.102285 0.688217 BG
paper 326 319 343 384 0.100306 0.533635 BG
towel 511 220 533 298 0.12548 0.226625 BG
towel 146 208 194 262 0.124207 0.633425 BG
towel 464 193 503 304 0.107803 0.416733 BG
towel 360 261 383 313 0.102336 0.265009 BG
towel 337 314 353 335 0.10221 0.172030 BG
box 158 227 297 431 0.88074 0.111160 drawer&&shelves
box 201 263 250 311 0.658772 0.306516 BG
box 203 271 223 305 0.624407 0.346155 BG
box 166 387 308 439 0.600928 0.373204 BG
box 201 304 241 312 0.570777 0.413531 BG
box 203 304 208 307 0.373475 0.620950 BG
box 209 320 212 325 0.367755 0.618482 BG
box 192 244 209 306 0.359841 0.592231 BG
box 196 277 205 307 0.347717 0.632024 BG
box 169 301 268 379 0.347108 0.625148 BG
box 198 205 258 364 0.328494 0.619083 BG
box 199 312 212 347 0.316244 0.671870 BG
box 157 220 207 361 0.285235 0.652858 BG
box 193 273 198 304 0.273591 0.690004 BG
box 278 403 306 438 0.242418 0.515714 BG
box 159 289 197 308 0.23137 0.755950 BG
box 51 398 211 440 0.230082 0.442025 BG
box 197 204 224 299 0.224492 0.712801 BG
box 199 297 280 319 0.213505 0.775284 BG
box 228 379 283 418 0.205382 0.788433 BG
box 292 437 299 440 0.201088 0.351670 BG
box 312 396 335 439 0.181799 0.211073 BG
box 400 418 404 424 0.178624 0.318120 BG
box 304 407 315 439 0.176904 0.284420 BG
box 141 413 181 439 0.165324 0.282864 BG
box 313 415 318 423 0.164815 0.404821 BG
box 167 402 214 440 0.163601 0.766466 BG
box 254 376 276 400 0.163562 0.826250 BG
box 51 427 106 440 0.161795 0.412636 BG
box 291 425 297 436 0.150505 0.685771 BG
box 52 432 76 440 0.150421 0.432703 BG
box 170 313 206 362 0.148515 0.824500 BG
box 124 422 136 428 0.147445 0.409417 BG
box 224 278 251 290 0.135184 0.668516 BG
box 176 413 194 439 0.124601 0.690608 BG
box 178 326 194 350 0.119575 0.673152 BG
box 174 0 248 19 0.11651 0.865216 BG
box 89 422 141 440 0.113602 0.311403 BG
box 213 370 247 428 0.113156 0.881112 BG
box 274 423 284 440 0.111714 0.799057 BG
box 289 383 303 397 0.107208 0.750777 BG
box 206 325 295 404 0.106794 0.888535 BG
box 210 313 246 369 0.106246 0.874657 BG
box 204 371 222 429 0.106095 0.890388 BG
box 129 416 143 422 0.103824 0.486462 BG
box 82 320 88 335 0.103652 0.093596 BG
box 136 429 141 440 0.101625 0.196473 BG
box 441 283 447 297 0.10151 0.110580 BG
whiteboard 1 258 114 353 0.133648 0.105908 BG
person 468 425 478 440 0.242423 0.322383 BG
lamp 211 106 277 220 0.117048 0.824879 BG
bag 451 366 588 440 0.405402 0.059129 BG
bag 468 427 477 440 0.204858 0.322383 BG
bag 209 208 275 268 0.148246 0.562919 BG
bag 147 209 193 240 0.115793 0.618722 BG
garbage_bin 400 416 404 425 0.336375 0.318903 BG
garbage_bin 297 271 408 431 0.226849 0.446813 BG
garbage_bin 312 404 318 423 0.19972 0.454302 BG
garbage_bin 380 362 407 439 0.118342 0.610071 BG
garbage_bin 132 408 161 415 0.116649 0.531997 BG
garbage_bin 82 320 88 335 0.112353 0.093596 BG
garbage_bin 149 406 154 409 0.103454 0.511201 BG
