chair 25 117 232 312 0.946449 0.046202 BG
chair 64 194 123 256 0.49884 0.492282 BG
chair 10 59 133 116 0.442953 0.417370 BG
chair 110 116 165 274 0.396727 0.588045 BG
chair 103 69 121 108 0.287202 0.659977 BG
chair 107 208 121 215 0.278729 0.700357 BG
chair 14 212 248 268 0.268989 0.719413 BG
chair 1 76 130 248 0.146326 0.805068 BG
chair 146 66 341 335 0.113934 0.861780 BG
table 5 196 136 433 0.300818 0.450659 BG
table 0 68 133 156 0.140136 0.629013 BG
picture 45 5 115 65 0.109147 0.611738 BG
counter 24 258 590 429 0.138729 0.818306 BG
counter 1 229 83 434 0.109188 0.575412 BG
blinds 359 177 370 223 0.104179 0.672717 BG
pillow 482 212 544 247 0.787857 0.177175 plant
pillow 127 0 177 11 0.267562 0.519267 BG
clothes 32 2 52 31 0.233569 0.541933 BG
clothes 10 10 140 114 0.130361 0.374634 BG
clothes 63 1 114 24 0.111287 0.457935 BG
paper 27 176 29 177 0.158939 0.580160 BG
paper 1 164 17 187 0.15052 0.573518 BG
paper 98 0 103 2 0.142792 0.683345 BG
paper 98 0 128 4 0.140157 0.748205 BG
paper 17 175 26 182 0.133179 0.606588 BG
paper 0 324 50 439 0.11921 0.490548 BG
paper 1 105 4 133 0.116769 0.364283 BG
paper 1 66 3 81 0.113705 0.437075 BG
paper 21 254 24 260 0.110901 0.729779 BG
paper 82 17 96 31 0.10973 0.626405 BG
paper 1 85 11 95 0.108699 0.492199 BG
paper 1 81 7 84 0.103974 0.549578 BG
box 220 250 227 256 0.160794 0.570782 BG
box 84 118 88 119 0.147599 0.746114 BG
box 211 251 219 258 0.13771 0.732045 BG
box 1 80 8 84 0.13735 0.549578 BG
box 1 84 12 95 0.128089 0.492199 BG
box 220 245 233 255 0.125151 0.633820 BG
box 584 261 590 273 0.124488 0.716689 BG
box 576 273 580 275 0.124322 0.756782 BG
box 210 253 213 254 0.120799 0.752339 BG
box 1 66 4 81 0.113089 0.437075 BG
box 1 105 5 133 0.106537 0.364283 BG
whiteboard 135 2 590 83 0.303058 0.461397 BG
lamp 581 207 590 247 0.111384 0.664743 BG
garbage_bin 0 261 68 436 0.117813 0.523194 BG
