bed 54 3 590 435 0.954416 0.042367 bed
bed 278 30 590 157 0.280762 0.566177 BG
bed 60 24 414 214 0.1185 0.728155 BG
picture 434 1 489 42 0.280665 0.166238 clothes
picture 459 4 478 29 0.142272 0.349997 BG
picture 418 5 437 14 0.132934 0.404680 BG
picture 314 116 352 150 0.113953 0.132211 BG
pillow 174 6 311 69 0.472025 0.466266 pillow
pillow 468 3 540 50 0.413932 0.278125 BG
pillow 220 1 234 7 0.322978 0.642917 BG
pillow 202 41 221 51 0.309764 0.628937 BG
pillow 192 39 211 51 0.3097 0.586570 BG
pillow 205 42 210 46 0.297495 0.631097 BG
pillow 212 44 227 53 0.29106 0.658445 BG
pillow 167 27 212 52 0.264028 0.542058 BG
pillow 234 9 555 118 0.262151 0.581621 BG
pillow 212 44 216 48 0.261479 0.705023 BG
pillow 196 40 199 41 0.261244 0.583009 BG
pillow 287 169 304 177 0.256643 0.670286 BG
pillow 187 52 192 56 0.229559 0.696688 BG
pillow 178 54 190 60 0.178928 0.737079 BG
pillow 228 52 231 55 0.172047 0.769297 BG
pillow 528 35 542 51 0.163655 0.659678 BG
pillow 385 89 411 104 0.157051 0.840712 BG
pillow 32 11 338 161 0.154563 0.631114 BG
pillow 387 2 405 33 0.151281 0.626863 BG
pillow 512 6 528 31 0.150833 0.696462 BG
pillow 527 1 543 19 0.14551 0.745116 BG
pillow 359 3 400 30 0.133011 0.652758 BG
pillow 214 1 223 11 0.126978 0.751188 BG
pillow 464 10 577 126 0.122393 0.763865 BG
pillow 216 1 265 24 0.117027 0.809500 BG
pillow 408 102 412 107 0.116121 0.882789 BG
pillow 408 101 421 111 0.113515 0.885518 BG
pillow 392 12 397 18 0.112917 0.505612 BG
pillow 405 29 406 33 0.108561 0.623960 BG
pillow 74 75 118 116 0.108334 0.830175 BG
pillow 290 20 407 100 0.104087 0.867594 BG
pillow 173 295 234 357 0.102481 0.801136 BG
pillow 256 61 264 64 0.100743 0.899195 BG
clothes 496 120 544 140 0.129326 0.701085 BG
clothes 525 1 588 29 0.127251 0.587626 BG
clothes 2 77 64 181 0.120995 0.476096 BG
clothes 50 0 132 24 0.117862 0.646916 BG
clothes 367 1 399 23 0.112817 0.548956 BG
clothes 392 12 397 18 0.109399 0.505612 BG
clothes 553 1 589 15 0.108607 0.522290 BG
clothes 470 1 543 48 0.107343 0.278125 BG
paper 349 126 353 129 0.377316 0.322738 BG
paper 347 116 379 138 0.281239 0.553806 BG
paper 114 417 116 423 0.259062 0.381175 BG
paper 1 174 16 188 0.235963 0.464748 BG
paper 313 116 350 149 0.228957 0.132211 BG
paper 468 230 482 241 0.195766 0.632796 BG
paper 157 424 159 428 0.139238 0.401390 BG
paper 419 4 437 14 0.134653 0.404680 BG
paper 49 0 131 24 0.131692 0.646916 BG
paper 525 166 533 173 0.122466 0.871506 BG
paper 368 118 377 128 0.121294 0.842492 BG
paper 131 370 158 440 0.117765 0.670446 BG
paper 429 32 438 37 0.113279 0.273502 BG
paper 509 162 519 175 0.112936 0.884555 BG
paper 554 82 566 88 0.112596 0.771797 BG
paper 408 0 438 38 0.110569 0.157241 BG
paper 560 102 575 114 0.10631 0.606377 BG
paper 436 0 466 40 0.101508 0.139120 BG
box 406 2 438 39 0.653599 0.157241 BG
box 417 5 437 14 0.309834 0.404680 BG
box 114 417 117 423 0.192821 0.381175 BG
box 435 2 466 39 0.179463 0.139120 BG
box 158 424 159 428 0.12126 0.401390 BG
box 123 434 128 440 0.120746 0.246902 BG
box 460 1 488 31 0.117931 0.392201 BG
box 559 101 576 114 0.108571 0.606377 BG
box 92 406 109 414 0.103659 0.691240 BG
box 564 47 590 118 0.102491 0.698837 BG
person 366 0 399 23 0.15924 0.548956 BG
