chair 455 182 590 439 0.985697 0.011310 chair
chair 474 388 588 440 0.45889 0.360599 table
chair 503 423 515 430 0.390969 0.510546 BG
chair 493 430 515 440 0.376316 0.164343 BG
chair 503 421 526 440 0.310689 0.465632 BG
chair 488 432 490 435 0.239146 0.446390 BG
chair 486 415 516 439 0.195858 0.504627 BG
chair 478 141 520 435 0.1942 0.801303 BG
chair 546 195 577 406 0.151682 0.733422 BG
chair 523 174 561 437 0.150405 0.841069 BG
chair 507 173 525 440 0.144142 0.854993 BG
chair 496 415 503 428 0.140349 0.693711 BG
table 491 432 514 440 0.250778 0.164343 BG
picture 188 129 228 164 0.598651 0.400099 BG
picture 172 0 333 164 0.595494 0.283101 BG
picture 185 94 254 166 0.583056 0.378892 BG
picture 263 117 329 162 0.305118 0.605004 BG
picture 163 309 385 440 0.267309 0.297412 microwave&&fridge
picture 340 132 363 156 0.250746 0.659325 BG
picture 296 133 303 142 0.191167 0.667977 BG
picture 180 6 220 84 0.173335 0.578971 BG
picture 201 293 209 306 0.157415 0.673477 BG
picture 315 125 321 129 0.151814 0.547611 BG
picture 206 262 242 320 0.150467 0.481217 BG
picture 439 140 476 159 0.123292 0.662352 BG
picture 340 155 351 160 0.108038 0.792449 BG
picture 271 0 313 57 0.106319 0.628452 BG
picture 214 7 223 18 0.103117 0.527138 BG
pillow 429 149 438 153 0.111424 0.422891 BG
clothes 217 8 328 132 0.14669 0.519159 BG
fridge 156 200 375 440 0.973863 0.015592 fridge
fridge 309 202 395 439 0.11218 0.735573 BG
paper 438 140 473 159 0.178226 0.605889 BG
paper 90 102 90 106 0.169544 0.196552 BG
paper 214 82 216 87 0.158108 0.575532 BG
paper 82 100 92 132 0.150888 0.216910 BG
paper 73 0 104 46 0.14068 0.442690 BG
paper 73 0 88 19 0.136115 0.539650 BG
paper 136 86 142 117 0.13516 0.481843 BG
paper 316 125 320 129 0.128276 0.547611 BG
paper 100 0 105 15 0.1167 0.538246 BG
paper 99 90 101 91 0.111336 0.494811 BG
paper 100 0 113 47 0.102997 0.502041 BG
paper 178 410 341 440 0.10186 0.428577 BG
paper 429 148 438 154 0.100827 0.422891 BG
towel 225 41 326 145 0.213537 0.567519 BG
towel 82 100 97 141 0.116397 0.304818 BG
towel 78 16 150 204 0.111013 0.547779 BG
towel 74 0 102 47 0.100065 0.442690 BG
box 315 320 343 376 0.455283 0.459390 BG
box 179 266 209 318 0.322334 0.549699 BG
box 402 418 447 440 0.314684 0.245580 BG
box 312 312 320 409 0.283849 0.607046 BG
box 424 418 437 436 0.22926 0.553268 BG
box 207 260 241 317 0.22625 0.481217 BG
box 387 429 390 434 0.207024 0.609772 BG
box 438 426 446 431 0.191853 0.642007 BG
box 393 431 403 440 0.160328 0.380338 BG
box 384 429 393 440 0.159 0.377225 BG
box 404 433 417 440 0.151738 0.374240 BG
box 179 269 378 432 0.140822 0.172717 fridge
box 432 436 448 440 0.13791 0.408286 BG
box 341 432 347 440 0.115153 0.211486 BG
box 487 436 492 440 0.114733 0.273654 BG
box 90 102 91 106 0.113837 0.196552 BG
box 415 422 424 440 0.112581 0.668584 BG
box 241 290 257 305 0.109941 0.802606 BG
box 214 263 229 275 0.108237 0.766214 BG
box 315 125 321 128 0.10694 0.547611 BG
box 271 214 334 292 0.104084 0.587270 BG
person 350 229 362 248 0.133797 0.799905 BG
toilet 3 36 203 409 0.125866 0.399545 BG
lamp 274 216 338 244 0.22077 0.560108 BG
lamp 500 161 502 168 0.162728 0.717691 BG
garbage_bin 275 241 332 250 0.610847 0.387343 BG
garbage_bin 258 225 362 325 0.30294 0.632324 BG
garbage_bin 329 240 333 244 0.2832 0.706974 BG
garbage_bin 237 253 251 283 0.184444 0.646691 BG
garbage_bin 300 24 327 60 0.168675 0.620993 BG
garbage_bin 195 240 251 284 0.148953 0.638920 BG
garbage_bin 290 26 300 40 0.11836 0.625864 BG
garbage_bin 584 305 590 359 0.112354 0.194013 BG
garbage_bin 590 362 590 366 0.106432 0.337849 BG
garbage_bin 90 102 91 107 0.10129 0.196552 BG
