chair 53 194 365 433 0.685161 0.089203 table&&chair
chair 250 132 590 440 0.463057 0.492342 electric_fan
chair 59 91 226 210 0.207336 0.741467 chair
chair 420 80 584 255 0.191694 0.700633 BG
chair 217 159 263 210 0.191231 0.442665 BG
chair 222 160 333 326 0.184823 0.745750 BG
chair 309 147 390 432 0.174746 0.803910 floor
chair 180 168 269 276 0.164225 0.552024 BG
chair 182 168 233 211 0.152817 0.528109 BG
chair 62 311 243 440 0.140745 0.818619 BG
chair 110 429 128 436 0.139147 0.750446 BG
chair 98 160 220 196 0.131527 0.606033 BG
chair 571 29 579 48 0.127243 0.839023 BG
chair 220 168 235 218 0.11466 0.538661 BG
sofa 444 34 497 49 0.303115 0.641640 BG
sofa 330 42 588 405 0.237506 0.636064 electric_fan
sofa 443 39 507 70 0.215392 0.749751 BG
sofa 572 65 589 88 0.185789 0.704192 BG
sofa 438 29 569 160 0.161899 0.728593 BG
sofa 447 37 463 45 0.15926 0.693801 BG
sofa 557 53 588 101 0.156498 0.709717 BG
sofa 464 41 470 45 0.119302 0.802487 BG
table 10 133 369 440 0.989997 0.001475 table&&chair
table 0 360 82 440 0.52617 0.337442 BG
table 0 287 175 433 0.468382 0.459141 BG
table 167 126 333 291 0.413024 0.488513 BG
table 178 165 275 216 0.353828 0.447744 BG
table 215 175 240 231 0.317303 0.465913 BG
table 91 165 237 198 0.208263 0.606033 BG
table 17 170 291 259 0.102353 0.787802 BG
picture 65 156 71 163 0.112753 0.591695 BG
picture 243 97 265 134 0.106278 0.850615 BG
desk 28 186 264 438 0.273411 0.251534 chair
pillow 576 60 589 81 0.102376 0.698890 BG
clothes 293 12 433 182 0.631153 0.295734 clothes
clothes 297 47 378 80 0.284177 0.611734 BG
clothes 358 50 408 185 0.273842 0.586822 BG
clothes 380 0 383 3 0.245359 0.727421 BG
clothes 358 37 500 209 0.22562 0.709409 BG
clothes 367 1 421 38 0.204501 0.658926 BG
clothes 379 3 383 12 0.198804 0.736878 BG
clothes 331 46 417 69 0.169846 0.771386 BG
clothes 355 0 384 31 0.167029 0.773971 BG
clothes 327 1 386 55 0.153664 0.796050 BG
clothes 285 66 355 184 0.144193 0.666053 BG
clothes 353 57 410 81 0.137189 0.819719 BG
clothes 318 47 346 56 0.123569 0.812024 BG
paper 146 40 147 42 0.340934 0.413321 BG
paper 4 325 79 380 0.3045 0.592355 BG
paper 67 179 84 197 0.296488 0.639665 BG
paper 49 418 59 424 0.264846 0.287321 BG
paper 56 198 63 204 0.256349 0.546261 BG
paper 54 199 59 207 0.238533 0.688104 BG
paper 207 38 213 40 0.230666 0.603378 BG
paper 180 35 181 37 0.229024 0.406302 BG
paper 195 30 205 34 0.214236 0.593132 BG
paper 560 16 568 21 0.202241 0.435860 BG
paper 60 202 101 214 0.191755 0.799171 BG
paper 1 72 15 88 0.185329 0.600037 BG
paper 482 31 484 35 0.184387 0.452485 BG
paper 43 289 100 314 0.178455 0.766549 BG
paper 61 190 67 198 0.175124 0.712171 BG
paper 47 82 54 84 0.159894 0.463876 BG
paper 0 53 47 91 0.155168 0.675695 BG
paper 569 17 583 23 0.150936 0.442163 BG
paper 12 86 17 91 0.146176 0.658850 BG
paper 0 156 5 164 0.136532 0.562813 BG
paper 65 415 70 417 0.135133 0.632132 BG
paper 486 29 487 34 0.123979 0.479733 BG
paper 65 155 71 162 0.116245 0.591695 BG
paper 23 70 47 81 0.115428 0.748245 BG
paper 65 404 70 417 0.111961 0.657303 BG
towel 270 368 272 374 0.228528 0.598773 BG
towel 360 31 435 204 0.179571 0.317101 BG
towel 283 322 302 405 0.164785 0.745105 BG
towel 265 357 268 367 0.148483 0.698766 BG
towel 283 71 351 192 0.109037 0.666053 BG
box 443 0 492 34 0.215978 0.247028 BG
box 49 418 60 424 0.21422 0.287321 BG
box 1 313 89 439 0.199071 0.309283 BG
box 485 27 485 28 0.149982 0.613838 BG
box 65 403 71 417 0.143474 0.657303 BG
box 254 431 280 440 0.136418 0.278681 BG
box 65 415 71 417 0.130654 0.632132 BG
box 1 156 4 164 0.116808 0.562813 BG
box 560 15 569 20 0.105366 0.435860 BG
box 0 414 86 440 0.101234 0.481194 BG
box 65 156 71 162 0.100423 0.591695 BG
person 383 0 395 35 0.369157 0.608466 BG
person 374 0 409 42 0.34568 0.575649 BG
person 390 0 478 41 0.139602 0.674029 BG
garbage_bin 413 34 445 60 0.239255 0.723544 BG
garbage_bin 446 35 505 153 0.168974 0.628616 BG
garbage_bin 531 26 563 37 0.159313 0.737132 BG
garbage_bin 429 40 439 52 0.145951 0.820411 BG
