cabinet 431 29 578 285 0.187893 0.474394 BG
chair 101 258 350 440 0.923948 0.040691 sofa_chair
chair 218 324 315 434 0.350452 0.611843 BG
chair 417 272 527 440 0.109053 0.479655 BG
sofa 198 180 520 366 0.982311 0.017434 sofa
sofa 375 217 514 340 0.718819 0.272205 BG
sofa 136 216 347 426 0.502322 0.258952 sofa_chair
table 294 267 515 430 0.656944 0.292345 coffee_table
table 439 321 509 440 0.159575 0.485186 BG
door 552 22 586 290 0.166401 0.633075 BG
door 124 0 169 238 0.136954 0.666210 BG
picture 487 1 589 7 0.224358 0.464862 BG
picture 465 10 586 195 0.204969 0.197578 BG
pillow 251 211 331 276 0.920982 0.078480 pillow
pillow 231 216 286 291 0.824227 0.168621 BG
pillow 273 237 290 274 0.632767 0.367033 BG
pillow 182 191 331 317 0.559282 0.404353 BG
pillow 252 250 282 283 0.365686 0.634294 BG
pillow 324 167 446 271 0.348041 0.623833 BG
pillow 277 259 285 268 0.321223 0.678774 BG
pillow 232 236 260 279 0.288699 0.696263 BG
pillow 289 260 293 266 0.229031 0.770969 BG
pillow 209 264 234 287 0.218293 0.779661 BG
pillow 372 167 416 184 0.182756 0.787246 BG
pillow 452 225 519 281 0.174368 0.692862 BG
pillow 263 272 273 284 0.169772 0.830226 BG
pillow 193 341 312 390 0.168376 0.688966 BG
pillow 208 227 238 300 0.165447 0.794536 BG
pillow 416 175 420 175 0.149679 0.813543 BG
pillow 226 286 240 290 0.132549 0.866741 BG
pillow 214 183 330 229 0.123608 0.760556 BG
pillow 229 269 265 291 0.120389 0.879427 BG
pillow 269 218 285 247 0.110777 0.859846 BG
pillow 262 280 270 286 0.101077 0.898923 BG
mirror 455 7 484 184 0.126231 0.803885 BG
mirror 442 10 590 220 0.124816 0.197578 BG
clothes 458 425 492 439 0.119969 0.400423 BG
clothes 479 432 491 440 0.102995 0.298279 BG
tv 475 25 583 196 0.592965 0.204844 BG
tv 472 4 590 39 0.32466 0.636573 BG
paper 489 234 494 242 0.201384 0.709849 BG
paper 497 240 506 248 0.154388 0.743709 BG
paper 576 45 576 46 0.134654 0.306839 BG
paper 559 275 575 288 0.12734 0.504903 BG
paper 577 275 590 295 0.115933 0.372303 BG
paper 527 101 531 111 0.111098 0.653439 BG
paper 529 72 534 100 0.10139 0.658153 BG
box 559 274 575 287 0.199303 0.504903 BG
box 577 286 590 295 0.178148 0.314572 BG
box 578 35 579 36 0.16717 0.224676 BG
box 551 274 589 295 0.161876 0.538297 BG
box 550 163 590 270 0.155319 0.285547 BG
box 576 45 577 46 0.140566 0.306839 BG
box 583 279 590 290 0.13777 0.176141 BG
box 570 21 577 38 0.133663 0.374862 BG
lamp 156 0 233 282 0.782839 0.191887 lamp
lamp 164 33 228 55 0.372606 0.621770 BG
lamp 578 13 590 38 0.150026 0.799172 BG
lamp 197 34 210 288 0.138517 0.833131 BG
bag 460 427 491 440 0.238014 0.400423 BG
bag 479 433 491 440 0.236301 0.298279 BG
bag 468 432 473 432 0.208946 0.597041 BG
bag 466 425 474 432 0.194757 0.631132 BG
bag 443 410 491 440 0.138256 0.556433 BG
bag 195 351 209 369 0.107552 0.833450 BG
garbage_bin 464 321 508 430 0.323998 0.436914 BG
garbage_bin 569 21 578 38 0.297088 0.374862 BG
garbage_bin 577 35 579 37 0.155113 0.224676 BG
garbage_bin 575 45 577 47 0.116872 0.306839 BG
