cabinet 20 33 270 439 0.700151 0.133079 cabinet
cabinet 262 0 451 190 0.152306 0.531709 BG
cabinet 33 284 192 440 0.131262 0.623169 BG
cabinet 471 11 521 152 0.114491 0.441854 BG
cabinet 514 21 581 241 0.113868 0.662548 BG
door 476 2 520 146 0.196571 0.441854 BG
door 508 3 544 135 0.119408 0.811179 BG
picture 267 204 287 276 0.50664 0.456313 BG
picture 257 194 275 281 0.343467 0.604686 BG
picture 233 188 290 292 0.253323 0.725953 BG
picture 169 1 251 27 0.197288 0.602477 BG
picture 264 236 275 278 0.166192 0.804547 BG
picture 560 0 590 207 0.147477 0.639838 BG
picture 254 187 409 303 0.13978 0.597860 microwave
picture 581 1 590 30 0.131243 0.367375 BG
picture 521 1 531 12 0.123095 0.569500 BG
picture 480 93 485 99 0.121986 0.571341 BG
picture 537 220 589 283 0.116536 0.257239 BG
picture 413 143 431 173 0.107074 0.460541 BG
picture 493 1 495 8 0.101675 0.512730 BG
picture 273 3 494 142 0.100788 0.437656 kitchen_cabinet
counter 178 262 579 376 0.808336 0.184736 counter
counter 56 270 269 429 0.263547 0.557260 BG
counter 0 33 395 375 0.154878 0.403572 cabinet
mirror 535 0 590 243 0.41899 0.317202 BG
mirror 515 2 582 90 0.132622 0.665141 BG
clothes 538 1 587 32 0.229504 0.472886 BG
fridge 170 21 277 298 0.446224 0.465104 BG
fridge 133 0 395 440 0.430793 0.364457 BG
fridge 38 48 239 440 0.194238 0.198396 cabinet
fridge 7 13 94 440 0.186932 0.535290 fridge
tv 215 165 416 358 0.423031 0.536783 BG
tv 44 140 196 315 0.218225 0.440876 BG
tv 82 29 383 329 0.106587 0.403572 BG
paper 392 242 400 246 0.183446 0.741899 BG
paper 578 366 590 381 0.183292 0.402418 BG
paper 392 253 416 263 0.17505 0.765850 BG
paper 576 223 590 268 0.171481 0.298324 BG
paper 442 25 443 28 0.161636 0.368655 BG
paper 102 379 146 440 0.136849 0.235105 BG
paper 560 243 569 254 0.136332 0.283516 BG
paper 156 390 160 398 0.135279 0.379873 BG
paper 571 400 582 407 0.134318 0.461864 BG
paper 122 413 145 440 0.112281 0.170392 BG
paper 392 240 420 276 0.11216 0.714387 BG
paper 578 222 590 238 0.109637 0.407290 BG
towel 152 330 192 381 0.155242 0.709025 BG
towel 143 351 160 399 0.140359 0.659738 BG
towel 157 389 160 398 0.124187 0.379873 BG
towel 1 128 21 147 0.11728 0.420087 BG
towel 1 258 88 439 0.110168 0.550562 BG
box 508 206 587 253 0.38929 0.324286 BG
box 576 219 590 267 0.31323 0.298324 BG
box 390 237 422 282 0.286084 0.625740 BG
box 569 217 582 223 0.284852 0.504574 BG
box 559 242 568 254 0.257469 0.283516 BG
box 577 207 590 218 0.248868 0.402419 BG
box 175 309 175 311 0.181095 0.744237 BG
box 442 24 443 28 0.16891 0.368655 BG
box 578 365 590 381 0.155032 0.402418 BG
box 169 318 174 320 0.153898 0.763496 BG
box 522 221 588 312 0.143147 0.614818 BG
box 431 183 470 262 0.141854 0.663967 BG
box 121 412 146 440 0.141112 0.170392 BG
box 394 271 417 280 0.139336 0.841274 BG
box 511 236 560 273 0.119286 0.599406 BG
box 559 238 581 280 0.118325 0.648086 BG
box 415 368 435 439 0.116531 0.681829 BG
box 443 16 446 28 0.109705 0.595779 BG
box 14 33 49 78 0.107051 0.854363 BG
whiteboard 417 164 446 186 0.320356 0.469658 BG
whiteboard 308 5 516 202 0.316005 0.550729 BG
whiteboard 412 142 431 175 0.192359 0.460541 BG
whiteboard 389 139 477 193 0.191023 0.636568 BG
garbage_bin 441 24 443 29 0.102551 0.368655 BG
garbage_bin 40 209 53 250 0.102519 0.724904 BG
