cabinet 522 82 590 310 0.343257 0.494139 BG
bed 122 262 323 440 0.223892 0.503505 sofa
bed 10 84 182 387 0.104361 0.507328 BG
chair 212 425 233 440 0.277835 0.391480 BG
chair 3 330 44 437 0.245004 0.519133 BG
chair 203 265 356 440 0.184964 0.716000 BG
chair 101 431 115 440 0.113604 0.748632 BG
chair 1 418 11 440 0.106036 0.492968 BG
sofa 55 274 286 437 0.913894 0.070289 sofa
table 1 344 44 437 0.204763 0.519133 BG
table 27 394 78 440 0.139984 0.598909 floor
table 32 436 77 440 0.107565 0.439291 BG
door 513 266 519 271 0.154162 0.564054 BG
door 487 95 574 430 0.117753 0.585585 BG
door 516 105 534 145 0.104262 0.699522 BG
picture 406 191 488 286 0.813495 0.098619 BG
picture 409 82 501 188 0.812633 0.137796 BG
picture 0 7 53 85 0.665187 0.307031 BG
picture 397 298 480 397 0.547569 0.260875 BG
picture 0 7 53 22 0.415826 0.563304 BG
picture 0 17 25 43 0.327906 0.654393 BG
picture 0 39 7 42 0.313278 0.602803 BG
picture 149 25 195 97 0.305365 0.669173 BG
picture 403 112 524 384 0.282263 0.596293 BG
picture 214 46 257 94 0.170903 0.819181 BG
picture 78 16 126 89 0.148888 0.833616 BG
picture 541 58 590 99 0.148861 0.813642 BG
picture 583 72 590 90 0.14509 0.613303 BG
picture 436 198 452 292 0.139584 0.638873 BG
picture 259 248 325 313 0.130395 0.446051 tv
picture 392 0 405 10 0.130103 0.527093 BG
picture 374 70 463 290 0.124299 0.765613 BG
picture 227 53 246 72 0.122072 0.861923 BG
picture 25 4 399 81 0.12029 0.871910 BG
picture 443 204 486 391 0.105581 0.788281 BG
dresser 255 309 360 437 0.224707 0.283674 drawer
pillow 115 361 222 410 0.188893 0.775681 BG
mirror 354 63 541 424 0.222353 0.581948 BG
fridge 488 69 582 440 0.104171 0.601716 BG
tv 252 250 324 302 0.571047 0.296893 BG
paper 94 395 106 399 0.376578 0.442550 BG
paper 78 416 82 420 0.290418 0.622108 BG
paper 78 423 80 425 0.255772 0.625497 BG
paper 442 298 481 394 0.248151 0.410059 BG
paper 79 403 91 409 0.245424 0.713058 BG
paper 87 408 97 415 0.227493 0.741378 BG
paper 380 9 389 16 0.16873 0.656693 BG
paper 76 414 82 425 0.168069 0.735902 BG
paper 77 408 123 432 0.152714 0.655123 BG
paper 321 439 340 440 0.137119 0.534752 BG
paper 78 427 108 440 0.129166 0.554414 BG
paper 576 144 590 191 0.128072 0.382902 BG
paper 559 174 574 192 0.119389 0.400659 BG
paper 432 297 445 396 0.11467 0.719900 BG
paper 576 257 590 282 0.113999 0.325880 BG
paper 285 431 338 440 0.111123 0.532406 BG
paper 321 435 357 440 0.10911 0.532798 BG
paper 436 195 451 289 0.10751 0.638873 BG
paper 349 428 358 434 0.105274 0.473571 BG
paper 468 429 478 434 0.104562 0.514714 BG
paper 583 73 590 90 0.103139 0.613303 BG
paper 76 414 80 415 0.103024 0.803475 BG
paper 341 427 350 436 0.102694 0.560104 BG
paper 559 193 590 239 0.102331 0.395801 BG
box 36 416 82 437 0.353327 0.538796 BG
box 559 174 575 192 0.218955 0.400659 BG
box 37 412 75 417 0.213892 0.765086 BG
box 282 430 338 440 0.183069 0.532406 BG
box 37 398 84 417 0.17065 0.777310 BG
box 251 315 356 436 0.150081 0.328414 drawer
box 35 437 71 440 0.146442 0.494159 BG
box 95 394 106 399 0.131519 0.442550 BG
box 320 438 340 440 0.129214 0.534752 BG
box 358 413 400 440 0.128507 0.405348 BG
box 431 427 469 440 0.120295 0.315385 BG
box 319 434 356 440 0.113505 0.532798 BG
box 78 427 109 440 0.111271 0.554414 BG
box 576 142 590 192 0.102292 0.382902 BG
box 213 413 236 439 0.101783 0.637290 BG
box 39 397 132 439 0.100538 0.683987 BG
night_stand 255 308 353 434 0.118404 0.208831 drawer
garbage_bin 511 384 523 402 0.124899 0.764450 BG
garbage_bin 511 399 522 415 0.115297 0.760886 BG
garbage_bin 476 382 512 400 0.10117 0.716368 BG
