cabinet 141 91 258 400 0.922041 0.045583 cabinet
cabinet 184 285 242 402 0.147218 0.696963 BG
cabinet 188 176 191 185 0.106117 0.385505 BG
bed 437 268 590 440 0.711185 0.099433 bed
bed 132 372 270 426 0.257626 0.409733 sofa
bed 126 416 338 439 0.13243 0.206835 BG
chair 275 277 416 440 0.728076 0.203268 BG
chair 251 121 254 184 0.151807 0.715852 BG
sofa 305 428 337 437 0.106906 0.289948 BG
sofa 135 368 307 434 0.103752 0.449056 sofa
sofa 434 261 588 440 0.101871 0.099433 bed
door 139 9 243 387 0.125456 0.193168 BG
door 188 295 241 405 0.108273 0.696963 BG
door 246 314 248 336 0.100329 0.783449 BG
bookshelf 257 297 355 353 0.159537 0.710189 BG
picture 165 9 252 120 0.581079 0.230991 BG
picture 232 83 253 97 0.33767 0.544153 BG
picture 207 78 247 107 0.328399 0.572149 BG
picture 224 52 253 86 0.252659 0.510442 BG
picture 234 70 253 85 0.241416 0.422610 BG
picture 583 127 590 149 0.184962 0.278553 lamp
picture 186 3 254 24 0.121017 0.601193 BG
picture 235 105 244 111 0.109523 0.568820 BG
blinds 270 107 380 283 0.924637 0.062662 blinds
blinds 342 119 376 285 0.53338 0.432316 BG
blinds 276 105 308 278 0.402419 0.565759 BG
blinds 330 107 351 287 0.248304 0.732116 BG
blinds 276 112 288 236 0.241856 0.713678 BG
blinds 265 191 281 231 0.22368 0.680428 BG
blinds 297 103 307 262 0.216996 0.764692 BG
blinds 301 103 328 284 0.212359 0.767415 BG
blinds 273 201 277 218 0.192665 0.720514 BG
blinds 266 107 281 226 0.191066 0.764980 BG
blinds 354 209 358 268 0.119525 0.782430 BG
blinds 323 115 333 216 0.110599 0.882881 BG
blinds 306 109 316 195 0.107862 0.884309 BG
desk 246 296 456 427 0.180625 0.608534 BG
dresser 145 68 260 337 0.165471 0.279069 cabinet
pillow 153 381 191 404 0.27963 0.682964 BG
pillow 307 428 333 436 0.133116 0.353392 BG
pillow 142 406 273 437 0.130385 0.543212 BG
pillow 303 424 316 431 0.119529 0.503069 BG
pillow 256 422 303 440 0.104641 0.500154 BG
clothes 499 270 590 315 0.171802 0.782785 BG
fridge 137 41 267 409 0.103584 0.193168 cabinet
paper 576 270 588 278 0.166194 0.552727 BG
paper 246 104 249 107 0.153267 0.411866 BG
paper 583 128 590 149 0.135356 0.278553 lamp
paper 559 268 588 285 0.123989 0.684915 BG
paper 576 277 586 284 0.113439 0.627999 BG
paper 187 231 189 251 0.110187 0.332462 BG
paper 236 105 245 110 0.109808 0.568820 BG
paper 143 417 207 432 0.104562 0.578183 BG
paper 302 253 305 276 0.104358 0.791638 BG
paper 230 105 237 108 0.103236 0.613910 BG
box 437 285 452 305 0.411922 0.488801 BG
box 419 231 475 307 0.343859 0.481331 BG
box 419 284 454 321 0.297849 0.645885 BG
box 417 333 450 367 0.291759 0.685823 BG
box 243 382 245 402 0.28486 0.448836 BG
box 258 393 263 403 0.186677 0.721030 BG
box 419 304 441 322 0.181749 0.772085 BG
box 583 128 590 149 0.158062 0.278553 lamp
box 246 104 248 107 0.15712 0.411866 BG
box 229 105 237 107 0.145782 0.613910 BG
box 235 105 244 110 0.14463 0.568820 BG
box 576 270 589 278 0.136728 0.552727 BG
box 419 316 448 338 0.136018 0.840161 BG
box 490 261 516 272 0.135484 0.625896 BG
box 575 277 587 284 0.118612 0.627999 BG
box 187 230 188 251 0.117172 0.332462 BG
box 166 42 257 117 0.11479 0.259026 BG
box 227 108 244 116 0.11368 0.729725 BG
box 244 377 245 378 0.106833 0.393114 BG
box 368 244 373 278 0.103714 0.617003 BG
box 263 386 269 396 0.100723 0.779281 BG
lamp 188 1 253 25 0.157489 0.601193 BG
bag 168 30 254 115 0.383352 0.194599 BG
bag 193 28 231 73 0.235711 0.655834 BG
bag 423 424 426 429 0.126242 0.413836 BG
bag 173 50 221 78 0.124743 0.814507 BG
bag 189 53 207 65 0.122292 0.788046 BG
garbage_bin 423 423 426 429 0.112447 0.413836 BG
