chair 423 248 590 427 0.722303 0.256938 BG
chair 457 236 526 307 0.105027 0.854155 BG
sofa 33 7 257 70 0.350371 0.264530 BG
sofa 481 222 590 433 0.23521 0.405400 BG
sofa 205 0 272 16 0.213152 0.349009 BG
sofa 184 1 376 26 0.111768 0.430693 BG
picture 384 1 404 4 0.345521 0.398734 BG
picture 52 1 121 26 0.244918 0.276924 BG
picture 375 1 447 16 0.203584 0.337299 BG
picture 363 1 404 31 0.160104 0.630215 BG
picture 214 1 376 29 0.155777 0.430693 BG
picture 354 1 362 15 0.128075 0.585385 BG
picture 294 1 312 7 0.126209 0.374297 BG
picture 303 1 319 15 0.107248 0.440495 BG
picture 571 1 582 14 0.106418 0.498178 BG
counter 255 12 416 63 0.130091 0.770207 BG
blinds 277 1 543 62 0.117435 0.556791 BG
pillow 496 267 586 413 0.105522 0.390622 BG
paper 2 396 86 440 0.233263 0.187932 floor
paper 424 0 444 9 0.215968 0.455658 BG
paper 443 3 449 11 0.202101 0.410751 BG
paper 471 3 542 28 0.178321 0.477499 BG
paper 400 0 446 16 0.174035 0.444807 BG
paper 16 396 36 409 0.160512 0.656392 BG
paper 407 432 410 434 0.159655 0.595972 BG
paper 116 414 157 440 0.148541 0.267383 BG
paper 384 0 403 4 0.141826 0.398734 BG
paper 472 415 482 440 0.139907 0.528597 BG
paper 568 420 578 428 0.135151 0.492790 BG
paper 408 429 447 440 0.133181 0.250042 BG
paper 432 416 451 438 0.130042 0.667727 BG
paper 581 427 590 434 0.128925 0.537002 BG
paper 364 0 447 31 0.112145 0.536494 BG
paper 583 422 590 427 0.109135 0.497996 BG
paper 49 0 88 15 0.106005 0.376998 BG
paper 479 410 503 440 0.103964 0.503776 BG
paper 359 0 367 11 0.103094 0.524911 BG
paper 449 20 469 28 0.102876 0.680329 BG
paper 478 46 486 50 0.102307 0.681859 BG
box 2 393 59 440 0.146443 0.120290 floor
box 407 428 446 440 0.130929 0.250042 BG
box 37 411 87 440 0.130688 0.251019 BG
box 467 4 544 28 0.12595 0.477499 BG
box 302 1 319 15 0.111217 0.440495 BG
box 568 419 579 428 0.110958 0.492790 BG
box 293 1 311 7 0.108509 0.374297 BG
box 518 94 543 110 0.108243 0.825638 BG
box 423 0 445 9 0.106055 0.455658 BG
box 359 1 367 10 0.103128 0.524911 BG
box 442 4 449 11 0.100452 0.410751 BG
sink 12 93 367 440 0.284495 0.597978 sink
garbage_bin 27 266 40 281 0.336166 0.655295 BG
