bed 0 53 229 384 0.871239 0.112535 blanket&&bed
bed 13 43 298 152 0.10574 0.853361 BG
chair 262 52 362 231 0.816847 0.160284 sheet&&chair&&clothes
chair 495 128 590 430 0.581779 0.207950 table
chair 497 233 590 319 0.1566 0.777680 BG
chair 487 26 590 207 0.152625 0.450661 BG
chair 291 70 529 413 0.10813 0.818647 BG
chair 488 434 496 440 0.10359 0.386791 BG
table 454 189 590 440 0.517474 0.402446 table
table 312 73 559 325 0.360224 0.590603 BG
table 500 24 590 292 0.275738 0.562403 BG
table 207 51 278 199 0.115158 0.807178 BG
picture 399 232 423 268 0.413334 0.455036 BG
picture 415 239 426 260 0.328795 0.529928 BG
picture 536 3 543 19 0.225526 0.323374 BG
picture 385 186 455 295 0.223127 0.601463 garbage_bin
picture 504 1 540 35 0.212894 0.653214 BG
picture 78 1 199 47 0.151121 0.519420 curtain
picture 428 0 506 110 0.126658 0.556586 curtain
picture 518 1 535 18 0.123383 0.753224 BG
picture 191 0 219 25 0.104009 0.748900 BG
picture 347 1 439 85 0.101655 0.451086 BG
counter 380 167 571 429 0.121542 0.581153 BG
desk 366 71 560 378 0.232882 0.438744 BG
pillow 31 62 215 128 0.374663 0.565569 pillow&&pillow
pillow 49 72 109 95 0.238829 0.655971 BG
pillow 4 76 44 94 0.139363 0.682808 BG
pillow 13 78 229 232 0.138838 0.642808 blanket
pillow 5 103 202 143 0.124293 0.858535 BG
pillow 28 72 74 93 0.123393 0.768651 BG
pillow 180 0 216 57 0.122729 0.737548 BG
pillow 6 84 76 113 0.104686 0.870384 BG
mirror 483 0 536 89 0.172609 0.615350 BG
tv 502 6 537 82 0.107632 0.663505 BG
paper 583 138 590 147 0.195674 0.243002 BG
paper 119 306 127 314 0.190517 0.161263 BG
paper 32 400 81 440 0.179074 0.344431 BG
paper 577 151 584 157 0.173761 0.382469 BG
paper 200 227 204 229 0.1576 0.515175 BG
paper 577 142 590 160 0.14987 0.309779 BG
paper 571 138 580 156 0.147833 0.388591 BG
paper 171 281 177 283 0.13916 0.304735 BG
paper 320 241 326 267 0.131425 0.561246 BG
paper 196 232 200 234 0.122049 0.608982 BG
paper 81 400 205 440 0.121518 0.468548 BG
paper 57 400 65 406 0.12018 0.737992 BG
paper 190 227 209 255 0.118679 0.596282 BG
paper 94 324 112 352 0.116435 0.683118 BG
paper 174 271 191 286 0.115145 0.506340 BG
paper 113 0 195 50 0.10906 0.529291 curtain
towel 515 120 574 200 0.156142 0.643664 BG
box 108 19 112 29 0.213627 0.518776 BG
box 285 65 317 73 0.196074 0.479374 BG
box 72 43 147 68 0.186679 0.568605 BG
box 60 45 87 74 0.176957 0.661338 BG
box 583 137 590 147 0.146416 0.243002 BG
box 572 138 581 156 0.131598 0.388591 BG
box 577 150 585 157 0.131565 0.382469 BG
box 577 141 590 160 0.129272 0.309779 BG
box 31 397 80 440 0.122613 0.344431 BG
box 76 1 192 49 0.110202 0.519420 curtain
whiteboard 223 0 458 96 0.195783 0.574433 BG
lamp 350 1 440 96 0.295455 0.451086 BG
bathtub 204 10 369 86 0.107494 0.555735 BG
garbage_bin 118 305 128 314 0.160286 0.161263 BG
garbage_bin 582 138 590 147 0.10939 0.243002 BG
