chair 539 341 579 358 0.127701 0.855719 BG
chair 495 424 501 431 0.125079 0.218290 BG
chair 442 348 527 417 0.11163 0.555399 BG
chair 444 422 454 426 0.106645 0.380848 BG
chair 492 423 495 425 0.100657 0.380074 BG
sofa 200 386 211 397 0.17452 0.647314 BG
sofa 204 395 212 406 0.139724 0.573171 BG
sofa 438 3 541 59 0.126474 0.327430 BG
sofa 570 306 590 354 0.108585 0.468907 BG
sofa 160 382 295 440 0.106921 0.084964 sofa_chair&&pillow
table 499 252 590 437 0.474368 0.193118 lamp
door 20 318 30 353 0.174333 0.582197 BG
door 3 237 29 440 0.144002 0.595715 BG
picture 1 142 4 192 0.122265 0.371077 BG
picture 451 2 546 63 0.114979 0.327430 BG
dresser 530 316 590 440 0.136484 0.054311 sofa
pillow 240 385 273 400 0.320015 0.394175 BG
pillow 170 390 286 439 0.287428 0.084964 sofa_chair&&pillow
pillow 211 387 245 400 0.173293 0.630269 BG
pillow 237 394 249 401 0.172567 0.648706 BG
pillow 539 359 589 438 0.150068 0.019617 sofa
pillow 237 398 240 400 0.149183 0.627403 BG
pillow 245 388 253 391 0.138388 0.753748 BG
mirror 7 237 105 440 0.982614 0.012447 mirror&&curtain
mirror 40 259 110 344 0.158144 0.618344 BG
mirror 0 235 29 330 0.101099 0.731285 BG
clothes 564 425 576 439 0.112682 0.202533 BG
clothes 174 388 287 437 0.11075 0.084964 sofa_chair&&pillow
tv 526 1 531 16 0.176899 0.504688 BG
tv 534 1 544 16 0.146687 0.449013 BG
paper 411 333 416 339 0.20832 0.132038 BG
paper 401 353 407 357 0.206091 0.206760 BG
paper 401 304 403 315 0.194855 0.267521 BG
paper 359 352 384 368 0.194698 0.205924 BG
paper 427 352 431 354 0.192115 0.176189 BG
paper 367 368 376 377 0.189942 0.183468 BG
paper 371 369 381 371 0.187237 0.229234 BG
paper 400 346 414 366 0.180215 0.241153 BG
paper 193 193 204 207 0.177617 0.180912 BG
paper 413 347 438 367 0.172379 0.264931 BG
paper 402 261 403 268 0.171944 0.419901 BG
paper 403 358 407 363 0.170961 0.294261 BG
paper 208 321 221 333 0.170469 0.273134 BG
paper 384 352 403 369 0.170081 0.303230 BG
paper 368 378 377 379 0.168688 0.224802 BG
paper 289 29 294 37 0.167332 0.163932 BG
paper 496 321 498 322 0.160063 0.321151 BG
paper 412 336 441 350 0.156554 0.289533 BG
paper 335 351 368 382 0.142908 0.198717 BG
paper 401 359 404 364 0.137553 0.419105 BG
paper 428 269 438 272 0.135786 0.378080 BG
paper 436 320 438 323 0.134343 0.418478 BG
paper 480 316 494 319 0.132376 0.448579 BG
paper 433 364 438 367 0.13224 0.461586 BG
paper 575 161 590 191 0.123307 0.478284 BG
paper 335 330 343 347 0.114347 0.259218 BG
paper 376 375 383 377 0.114258 0.380319 BG
paper 526 371 544 439 0.113619 0.201452 BG
paper 366 378 380 383 0.112593 0.333620 BG
paper 489 336 494 340 0.110898 0.317018 BG
paper 451 233 455 237 0.107636 0.262660 BG
paper 446 237 451 239 0.106966 0.314989 BG
paper 434 234 448 238 0.106746 0.276500 BG
paper 335 394 367 440 0.106368 0.220201 BG
paper 585 352 590 355 0.10581 0.373378 BG
paper 330 408 336 414 0.103681 0.526275 BG
paper 458 19 464 31 0.101507 0.448884 BG
paper 1 142 4 191 0.100413 0.371077 BG
towel 275 385 302 440 0.125595 0.191920 BG
towel 432 272 464 322 0.1234 0.731080 BG
towel 492 378 494 380 0.106279 0.788855 BG
towel 465 303 509 322 0.102977 0.584441 BG
towel 461 272 498 304 0.102238 0.673854 BG
towel 414 335 441 350 0.100249 0.289533 BG
box 526 365 543 437 0.237075 0.201452 BG
box 511 255 516 262 0.192345 0.614919 BG
box 512 31 542 51 0.187262 0.469632 BG
box 17 436 18 440 0.174806 0.432337 BG
box 526 383 543 400 0.163891 0.567168 BG
box 533 310 586 436 0.154496 0.054311 sofa
box 177 434 183 440 0.144103 0.313344 BG
box 36 417 89 440 0.131563 0.686149 BG
box 539 431 543 440 0.128908 0.253368 BG
box 289 28 294 36 0.119374 0.163932 BG
box 132 394 183 440 0.111529 0.557586 BG
box 304 431 334 440 0.110535 0.261543 BG
box 523 399 530 403 0.110125 0.543478 BG
box 58 436 87 440 0.109614 0.655718 BG
box 330 408 336 414 0.10883 0.526275 BG
box 577 436 582 440 0.107324 0.132865 BG
box 33 423 38 440 0.105747 0.630921 BG
box 428 269 438 272 0.102588 0.378080 BG
box 529 413 540 439 0.101473 0.310817 BG
box 561 425 585 440 0.100883 0.153215 BG
person 424 434 429 440 0.571261 0.271675 BG
person 418 414 431 440 0.17783 0.614372 BG
person 402 431 416 440 0.176785 0.630359 BG
person 430 424 435 432 0.134423 0.519331 BG
person 409 435 416 440 0.131106 0.766293 BG
lamp 515 228 588 342 0.716631 0.232707 BG
lamp 53 264 100 323 0.559697 0.408372 BG
lamp 516 225 547 271 0.348115 0.509703 BG
lamp 35 232 134 345 0.320851 0.519087 curtain
lamp 70 184 128 222 0.281985 0.716343 BG
lamp 100 208 108 213 0.258352 0.741480 BG
lamp 106 200 116 208 0.2426 0.756591 BG
lamp 130 213 144 220 0.228499 0.765835 BG
lamp 113 221 123 235 0.227025 0.766551 BG
lamp 38 277 109 422 0.196708 0.282478 BG
lamp 570 33 590 50 0.190164 0.796823 BG
lamp 39 220 131 236 0.190153 0.808215 BG
lamp 561 33 567 48 0.175356 0.817464 BG
lamp 499 286 550 321 0.154135 0.808837 BG
lamp 1 318 19 352 0.146148 0.633313 BG
lamp 537 50 547 61 0.134566 0.669936 BG
lamp 106 184 111 201 0.129023 0.861976 BG
lamp 11 96 131 250 0.128432 0.833327 BG
lamp 4 93 34 288 0.125425 0.850510 BG
lamp 78 212 99 221 0.111615 0.888232 BG
lamp 546 44 590 67 0.10958 0.879373 BG
lamp 127 234 131 238 0.107918 0.854355 BG
bag 577 436 579 440 0.183377 0.171761 BG
bag 429 425 435 432 0.127764 0.519331 BG
bag 436 406 478 431 0.125028 0.356960 BG
bag 564 426 575 440 0.124123 0.202533 BG
bag 430 421 485 440 0.123917 0.120426 BG
bag 429 410 436 434 0.118191 0.676658 BG
bag 434 399 527 440 0.110375 0.220512 BG
bag 538 358 588 440 0.102392 0.019617 sofa
garbage_bin 271 388 304 428 0.236029 0.447255 BG
garbage_bin 524 366 543 440 0.229594 0.317267 BG
garbage_bin 289 28 294 37 0.204194 0.163932 BG
garbage_bin 319 402 340 409 0.168697 0.431000 BG
garbage_bin 336 330 343 348 0.14431 0.259218 BG
garbage_bin 435 234 448 239 0.132626 0.276500 BG
garbage_bin 193 193 204 208 0.132248 0.180912 BG
garbage_bin 318 383 361 403 0.118725 0.296410 BG
garbage_bin 458 18 464 31 0.115665 0.448884 BG
garbage_bin 531 353 590 435 0.114802 0.015321 sofa
garbage_bin 330 408 336 414 0.110252 0.526275 BG
garbage_bin 335 351 370 383 0.105851 0.198717 BG
