chair 448 189 586 395 0.855994 0.136137 BG
chair 519 179 588 288 0.686422 0.267546 BG
chair 208 101 431 396 0.259727 0.460859 BG
chair 549 189 590 221 0.21411 0.784716 BG
chair 562 201 590 265 0.172072 0.802752 BG
chair 34 109 202 411 0.136446 0.729499 BG
chair 579 202 590 212 0.113605 0.885822 BG
table 197 145 590 410 0.990869 0.002924 table
picture 2 3 23 76 0.725257 0.073307 BG
clothes 242 134 254 152 0.498053 0.498394 BG
clothes 224 137 256 163 0.127644 0.870843 BG
tv 0 6 23 84 0.178572 0.073307 BG
paper 355 152 431 180 0.619494 0.378618 notebook
paper 325 140 379 173 0.413596 0.550799 BG
paper 341 145 360 167 0.374739 0.458448 BG
paper 354 150 364 156 0.366498 0.526237 BG
paper 361 157 367 163 0.319711 0.671374 BG
paper 333 148 449 211 0.31891 0.669044 BG
paper 334 139 346 147 0.313374 0.537836 BG
paper 378 167 416 177 0.266693 0.732415 BG
paper 319 136 328 143 0.237025 0.659123 BG
paper 322 130 331 137 0.235223 0.630240 BG
paper 324 138 347 162 0.220787 0.556631 BG
paper 470 182 473 186 0.213917 0.776675 BG
paper 471 191 477 196 0.213494 0.742794 BG
paper 358 157 378 173 0.20572 0.791255 BG
paper 407 151 415 156 0.193837 0.750980 BG
paper 350 150 352 154 0.192236 0.561971 BG
paper 541 165 565 180 0.18855 0.565959 BG
paper 370 415 376 435 0.182474 0.196083 BG
paper 378 167 386 177 0.175717 0.823888 BG
paper 570 400 590 440 0.170291 0.427930 BG
paper 464 156 485 166 0.128799 0.807193 BG
paper 365 161 370 165 0.12571 0.873352 BG
paper 401 151 451 171 0.11207 0.885708 BG
paper 358 164 360 166 0.102722 0.888420 BG
paper 402 179 414 204 0.100034 0.894140 BG
box 559 245 562 246 0.321376 0.663086 BG
box 557 224 578 238 0.208597 0.783012 BG
box 563 249 571 256 0.188955 0.667280 BG
box 567 241 589 254 0.172017 0.685280 BG
box 542 163 575 180 0.158381 0.520324 BG
box 572 228 577 232 0.157199 0.824425 BG
box 570 398 590 439 0.149547 0.427930 BG
box 370 414 376 435 0.128709 0.196083 BG
box 577 236 588 244 0.124645 0.686120 BG
box 579 219 583 220 0.113386 0.860188 BG
garbage_bin 4 100 36 233 0.24975 0.496713 BG
garbage_bin 145 347 150 365 0.213574 0.771423 BG
garbage_bin 153 256 173 266 0.116923 0.787820 BG
garbage_bin 369 415 377 435 0.102758 0.196083 BG
