chair 9 235 290 432 0.777715 0.171985 chair&&desk
chair 32 254 255 311 0.377714 0.608759 BG
chair 71 423 80 433 0.109054 0.664193 BG
sofa 0 424 28 439 0.128923 0.202002 BG
table 21 191 432 426 0.521029 0.166008 desk
table 50 421 124 439 0.120454 0.646005 BG
picture 289 1 312 37 0.134682 0.418503 BG
blinds 315 0 360 170 0.160426 0.662367 BG
blinds 352 2 388 127 0.105883 0.756290 BG
blinds 335 0 368 65 0.100238 0.571928 BG
desk 0 187 415 430 0.987479 0.004570 desk
pillow 1 210 83 259 0.142706 0.677516 BG
clothes 457 0 508 106 0.425094 0.429247 BG
clothes 446 0 587 137 0.355176 0.485050 BG
clothes 458 0 479 73 0.350298 0.510533 BG
clothes 471 10 479 41 0.28832 0.663119 BG
clothes 405 1 512 196 0.205093 0.567410 BG
clothes 4 210 94 241 0.202194 0.397525 BG
clothes 547 3 590 129 0.196094 0.412991 BG
clothes 1 180 62 224 0.141448 0.544710 BG
clothes 2 147 25 214 0.124336 0.679778 BG
clothes 508 44 558 136 0.110425 0.437134 BG
paper 230 242 348 293 0.810346 0.140208 paper
paper 223 256 238 266 0.535633 0.376949 BG
paper 225 237 245 258 0.384142 0.582305 BG
paper 224 265 233 277 0.318274 0.423674 BG
paper 207 224 257 289 0.294273 0.676642 BG
paper 335 203 372 237 0.260986 0.246600 box
paper 509 424 510 425 0.231953 0.579584 BG
paper 61 200 70 202 0.2314 0.690744 BG
paper 59 203 74 217 0.220529 0.709345 BG
paper 53 193 66 212 0.212664 0.732665 BG
paper 495 417 497 422 0.204259 0.642151 BG
paper 53 213 74 226 0.19536 0.658146 BG
paper 505 424 513 430 0.195137 0.418813 BG
paper 1 187 2 211 0.178349 0.728432 BG
paper 414 422 416 425 0.175202 0.388296 BG
paper 587 413 590 413 0.172718 0.376450 BG
paper 0 183 76 226 0.164227 0.563133 BG
paper 358 225 362 232 0.1628 0.762157 BG
paper 116 204 152 225 0.160865 0.331974 BG
paper 209 264 233 288 0.14685 0.639401 BG
paper 55 212 58 219 0.14197 0.775958 BG
paper 346 227 351 230 0.140252 0.602658 BG
paper 304 16 311 36 0.1391 0.422677 BG
paper 530 429 549 436 0.132147 0.446489 BG
paper 226 222 239 228 0.126446 0.655606 BG
paper 1 115 13 152 0.123297 0.582467 BG
paper 498 414 548 440 0.119248 0.576703 BG
paper 419 194 447 215 0.112379 0.692318 BG
paper 408 426 416 437 0.110741 0.250406 BG
paper 1 187 6 221 0.108519 0.711780 BG
paper 352 203 360 215 0.108151 0.777456 BG
paper 402 437 404 440 0.1049 0.267024 BG
paper 404 431 409 440 0.104108 0.263048 BG
paper 300 78 305 84 0.101209 0.589793 BG
towel 532 6 586 161 0.404448 0.230190 BG
towel 513 47 556 144 0.363051 0.437134 BG
towel 411 8 548 218 0.196881 0.449225 clothes
towel 500 1 538 121 0.137002 0.720089 BG
towel 457 3 513 110 0.12211 0.432854 BG
towel 530 0 559 90 0.11538 0.756294 BG
box 335 201 394 245 0.762315 0.149910 box
box 222 289 226 293 0.296667 0.652146 BG
box 277 223 281 225 0.266388 0.390781 BG
box 334 232 340 236 0.264841 0.567038 BG
box 265 201 286 229 0.247803 0.445098 BG
box 345 226 351 230 0.239816 0.602658 BG
box 224 264 234 277 0.220712 0.423674 BG
box 311 177 368 206 0.209896 0.724215 BG
box 255 171 332 243 0.193357 0.560000 BG
box 272 221 274 222 0.178265 0.453041 BG
box 298 203 333 244 0.178035 0.658413 BG
box 209 262 234 288 0.152739 0.639401 BG
box 247 197 277 222 0.151477 0.590232 BG
box 413 422 416 425 0.139146 0.388296 BG
box 407 425 415 437 0.122543 0.250406 BG
box 304 192 321 204 0.120729 0.794282 BG
box 209 248 218 254 0.113882 0.663875 BG
box 350 238 368 254 0.113249 0.761078 BG
box 351 202 361 216 0.112218 0.777456 BG
box 403 431 408 440 0.105476 0.263048 BG
box 345 183 349 189 0.104645 0.771850 BG
box 304 16 311 35 0.103916 0.422677 BG
person 13 165 33 182 0.151609 0.761847 BG
person 24 159 39 176 0.127977 0.786095 BG
person 2 152 24 187 0.117769 0.732691 BG
lamp 476 81 500 113 0.187866 0.733530 BG
lamp 117 201 155 240 0.159484 0.345767 BG
bag 2 184 101 222 0.240402 0.447909 BG
bag 2 213 98 240 0.192293 0.404838 BG
bag 103 204 152 232 0.166099 0.451984 BG
bag 113 209 119 210 0.146285 0.509215 BG
bag 96 210 118 225 0.12607 0.647675 BG
bag 401 183 407 190 0.119439 0.586237 BG
garbage_bin 295 32 303 42 0.110542 0.460890 BG
