cabinet 0 0 368 369 0.933627 0.033719 cabinet
cabinet 216 0 341 195 0.739894 0.253286 BG
cabinet 0 0 139 273 0.346922 0.427633 BG
cabinet 89 99 158 264 0.176589 0.374947 BG
cabinet 0 268 203 434 0.167345 0.311416 machine
cabinet 107 144 138 239 0.104911 0.422879 BG
chair 202 94 427 429 0.985829 0.012954 chair
chair 438 9 517 98 0.985269 0.014493 stool
chair 479 27 515 85 0.70063 0.299224 BG
chair 289 43 433 254 0.186209 0.785478 BG
chair 91 432 104 440 0.158505 0.158540 BG
chair 212 429 218 436 0.135235 0.417574 BG
chair 115 432 126 440 0.129861 0.339424 BG
chair 90 421 114 440 0.121527 0.232621 BG
chair 123 433 125 436 0.119829 0.696303 BG
chair 208 434 213 440 0.108735 0.266716 BG
chair 291 435 295 440 0.108012 0.299920 BG
chair 123 431 131 440 0.106468 0.375224 BG
sofa 431 252 467 290 0.138168 0.145460 BG
sofa 529 0 544 17 0.124189 0.742189 BG
sofa 489 2 534 32 0.111285 0.612822 BG
table 101 170 416 435 0.473512 0.354694 BG
picture 346 1 367 14 0.153614 0.383575 BG
desk 77 70 416 396 0.107145 0.092950 BG
clothes 546 0 572 11 0.274437 0.526918 BG
clothes 565 1 588 56 0.233232 0.344240 box
clothes 580 0 590 19 0.116578 0.383089 BG
tv 123 430 131 440 0.102578 0.375224 BG
paper 151 232 157 238 0.367401 0.532871 BG
paper 145 218 152 229 0.362182 0.486017 BG
paper 100 99 107 111 0.343705 0.474163 BG
paper 145 218 148 219 0.327862 0.518235 BG
paper 158 282 161 286 0.320136 0.581036 BG
paper 136 201 153 233 0.308176 0.498673 BG
paper 144 214 147 217 0.297504 0.531572 BG
paper 92 105 110 127 0.288231 0.379713 BG
paper 151 232 160 251 0.287501 0.582213 BG
paper 143 207 145 209 0.270377 0.584280 BG
paper 89 85 97 90 0.269846 0.519549 BG
paper 117 143 122 152 0.266678 0.509507 BG
paper 112 127 117 141 0.263412 0.526024 BG
paper 115 137 117 141 0.255502 0.539382 BG
paper 136 202 166 266 0.242979 0.456928 BG
paper 141 204 146 214 0.220034 0.627178 BG
paper 128 184 146 223 0.212334 0.492100 BG
paper 158 282 164 293 0.208266 0.729317 BG
paper 124 161 127 168 0.20492 0.623744 BG
paper 75 30 76 33 0.202118 0.328482 BG
paper 99 96 102 98 0.193912 0.649777 BG
paper 70 16 76 29 0.183658 0.594405 BG
paper 131 179 134 183 0.183268 0.639976 BG
paper 213 429 218 436 0.179825 0.417574 BG
paper 168 279 175 289 0.177925 0.760479 BG
paper 169 272 172 276 0.16875 0.710618 BG
paper 217 418 228 430 0.168196 0.569888 BG
paper 92 75 95 79 0.166337 0.620595 BG
paper 304 392 392 440 0.164603 0.469852 BG
paper 134 186 136 191 0.160593 0.630767 BG
paper 75 105 110 158 0.158709 0.341916 BG
paper 243 71 255 102 0.154873 0.586294 BG
paper 164 269 167 269 0.153033 0.730054 BG
paper 300 414 301 419 0.149829 0.408964 BG
paper 295 413 313 440 0.143499 0.163073 BG
paper 213 423 233 440 0.13613 0.293496 BG
paper 81 51 86 60 0.131324 0.512626 BG
paper 432 253 464 288 0.130682 0.145460 BG
paper 92 111 133 223 0.127339 0.374501 BG
paper 161 258 166 267 0.127134 0.771113 BG
paper 88 65 91 72 0.124388 0.649353 BG
paper 163 259 175 272 0.122391 0.714658 BG
paper 97 166 103 174 0.118737 0.325479 BG
paper 209 434 213 440 0.115561 0.266716 BG
paper 162 260 165 262 0.115292 0.789370 BG
paper 257 150 269 187 0.114839 0.696437 BG
paper 101 159 109 168 0.111583 0.496457 BG
paper 295 419 298 425 0.111277 0.344651 BG
paper 85 58 86 60 0.106936 0.581955 BG
paper 292 407 301 425 0.102196 0.536346 BG
box 337 50 420 94 0.971424 0.028492 BG
box 377 27 428 126 0.877436 0.118150 BG
box 383 48 417 78 0.869471 0.128551 BG
box 351 47 371 60 0.84079 0.159084 BG
box 324 61 327 77 0.837226 0.154400 BG
box 327 56 339 87 0.83335 0.165353 BG
box 304 17 457 106 0.815205 0.181451 box
box 382 34 428 58 0.697969 0.292911 BG
box 323 53 329 68 0.650602 0.323701 BG
box 365 3 433 46 0.629997 0.352098 BG
box 365 46 377 56 0.628717 0.370724 BG
box 323 56 326 59 0.59367 0.368812 BG
box 361 42 375 47 0.580226 0.417195 BG
box 383 64 405 77 0.567586 0.430089 BG
box 344 6 394 62 0.561295 0.431045 BG
box 325 8 346 89 0.502444 0.492476 BG
box 303 43 325 95 0.469503 0.465457 BG
box 384 67 417 92 0.466088 0.520349 BG
box 363 37 380 64 0.454749 0.543242 BG
box 410 56 415 59 0.44756 0.544476 BG
box 373 58 385 64 0.437316 0.559294 BG
box 382 49 391 55 0.410011 0.571636 BG
box 374 44 390 63 0.389072 0.603900 BG
box 337 6 346 56 0.357048 0.627417 BG
box 272 30 326 106 0.313395 0.567628 BG
box 382 30 398 44 0.285156 0.685472 BG
box 283 75 310 102 0.28456 0.630728 BG
box 398 73 404 78 0.260475 0.735976 BG
box 357 21 368 48 0.260038 0.726202 BG
box 322 37 328 54 0.245565 0.708022 BG
box 173 334 221 409 0.238793 0.729432 BG
box 363 28 394 46 0.238114 0.745943 BG
box 178 341 187 353 0.212556 0.754544 BG
box 212 423 234 440 0.172312 0.293496 BG
box 319 42 322 56 0.163777 0.814343 BG
box 180 373 227 440 0.162044 0.740812 BG
box 208 428 220 440 0.158985 0.335507 BG
box 217 417 228 429 0.157061 0.569888 BG
box 291 436 295 440 0.150729 0.299920 BG
box 166 313 173 321 0.143555 0.800376 BG
box 184 325 190 331 0.128764 0.869572 BG
box 334 83 336 87 0.122151 0.871048 BG
box 295 412 314 439 0.120962 0.163073 BG
box 14 303 17 306 0.118074 0.856669 BG
box 89 363 234 440 0.11628 0.721991 BG
box 186 320 213 330 0.108522 0.888605 BG
box 174 405 200 439 0.105479 0.635585 BG
box 209 434 213 440 0.103167 0.266716 BG
person 567 0 583 42 0.526705 0.326223 BG
person 582 0 590 20 0.48027 0.383089 BG
toilet 25 145 213 420 0.205097 0.244726 BG
sink 0 258 203 430 0.168467 0.299694 machine
bathtub 0 183 189 427 0.155072 0.294471 BG
garbage_bin 293 412 314 440 0.110108 0.163073 BG
garbage_bin 432 252 463 288 0.106239 0.145460 BG
