cabinet 57 17 263 385 0.565953 0.208709 cabinet&&shelves
chair 554 261 590 351 0.696728 0.214397 BG
chair 0 87 61 229 0.524695 0.221812 BG
chair 258 219 456 433 0.295876 0.675813 desk
chair 0 298 80 440 0.116411 0.847467 BG
table 321 181 590 437 0.650248 0.244579 desk
door 391 0 402 128 0.120981 0.584437 BG
picture 110 2 150 211 0.137988 0.810024 BG
picture 401 0 590 212 0.128475 0.471209 picture
picture 5 3 36 67 0.104262 0.732596 curtain
desk 227 210 590 440 0.987423 0.002293 desk
fridge 578 127 590 220 0.162252 0.614146 BG
fridge 56 0 222 370 0.158717 0.483362 cabinet&&shelves
paper 367 269 381 279 0.721001 0.278671 BG
paper 357 275 371 287 0.638621 0.360539 BG
paper 353 256 393 292 0.599685 0.398824 BG
paper 381 255 383 261 0.43567 0.564269 BG
paper 362 284 366 288 0.419767 0.561677 BG
paper 395 137 447 181 0.419559 0.563420 BG
paper 407 252 488 285 0.387479 0.578894 BG
paper 362 286 374 291 0.381453 0.606463 BG
paper 372 272 393 283 0.345845 0.651772 BG
paper 379 261 381 262 0.329391 0.670543 BG
paper 355 255 442 307 0.196833 0.799995 BG
paper 405 171 406 172 0.187599 0.808626 BG
paper 441 249 454 255 0.164253 0.771874 BG
paper 148 379 152 380 0.152427 0.138907 BG
paper 489 428 494 433 0.14246 0.398826 BG
paper 419 271 467 298 0.124314 0.848477 BG
paper 487 427 488 429 0.122385 0.411547 BG
paper 179 132 182 139 0.119256 0.699544 BG
paper 539 429 547 435 0.111997 0.643896 BG
box 159 260 165 269 0.365425 0.597901 BG
box 116 95 135 101 0.29028 0.695980 BG
box 181 256 192 275 0.245557 0.724160 BG
box 160 266 162 272 0.230122 0.697896 BG
box 95 80 119 92 0.226023 0.731707 BG
box 160 264 177 277 0.160693 0.689575 BG
box 157 230 158 233 0.10291 0.894657 BG
lamp 272 12 390 241 0.985224 0.014090 lamp
lamp 309 126 359 236 0.522283 0.465449 BG
lamp 191 87 327 236 0.239554 0.724264 BG
lamp 318 122 444 236 0.220953 0.759817 BG
lamp 378 192 393 202 0.216792 0.709493 BG
lamp 368 193 379 201 0.203664 0.669792 BG
lamp 324 136 331 144 0.149011 0.850535 BG
lamp 332 128 387 174 0.128962 0.865169 BG
garbage_bin 147 379 152 380 0.216429 0.138907 BG
