cabinet 275 148 502 417 0.728169 0.238761 vault
cabinet 223 7 516 76 0.146655 0.421905 vault&&box
chair 128 123 288 408 0.234607 0.521737 rack
sofa 86 49 382 281 0.103162 0.825057 BG
table 106 77 270 401 0.281794 0.569701 rack
picture 308 0 412 68 0.122343 0.295194 BG
counter 24 72 259 281 0.10871 0.832248 BG
desk 76 111 400 421 0.822848 0.142441 rack
pillow 195 97 256 114 0.251357 0.658502 BG
pillow 238 108 242 110 0.21512 0.745114 BG
pillow 224 84 253 100 0.180242 0.682704 BG
pillow 224 104 236 114 0.142307 0.844606 BG
pillow 233 107 245 113 0.140113 0.817094 BG
mirror 266 193 277 272 0.112205 0.694347 BG
fridge 267 75 481 440 0.277071 0.369971 vault
fridge 274 0 520 79 0.211289 0.421905 vault&&box
tv 236 0 440 77 0.561369 0.190127 vault&&box
paper 535 410 544 412 0.217295 0.442726 BG
paper 557 0 590 10 0.136855 0.328022 BG
paper 448 0 561 11 0.126302 0.659209 BG
paper 371 438 377 440 0.117791 0.363816 BG
paper 39 70 51 93 0.116135 0.839738 BG
paper 588 8 590 9 0.116047 0.346146 BG
paper 583 416 590 422 0.114132 0.470107 BG
paper 588 423 590 425 0.105274 0.548190 BG
paper 577 400 590 406 0.10135 0.586689 BG
box 535 409 545 412 0.179822 0.442726 BG
box 407 0 445 73 0.17125 0.461681 BG
box 316 79 350 90 0.104795 0.761897 BG
whiteboard 243 1 411 80 0.759307 0.162067 vault&&box
sink 106 79 333 138 0.177145 0.790888 BG
garbage_bin 433 17 444 70 0.42682 0.487952 BG
garbage_bin 408 6 443 74 0.272641 0.461681 BG
garbage_bin 263 411 265 414 0.138559 0.844222 BG
