chair 0 416 9 436 0.120453 0.614222 BG
sofa 336 337 590 440 0.581988 0.240524 BG
sofa 0 288 590 440 0.128364 0.841746 floor
picture 219 4 223 10 0.127372 0.429377 BG
picture 349 0 454 50 0.115702 0.106412 BG
picture 210 4 218 6 0.10392 0.466085 BG
blinds 83 0 281 58 0.142576 0.398013 BG
mirror 31 0 242 136 0.136076 0.828066 BG
clothes 336 0 412 48 0.140782 0.094538 BG
tv 339 0 450 60 0.139802 0.159543 BG
paper 72 413 75 417 0.189015 0.366882 BG
paper 246 51 260 81 0.143832 0.626260 BG
paper 226 51 241 76 0.143217 0.658590 BG
paper 416 398 480 440 0.142662 0.488344 BG
paper 384 395 417 440 0.138115 0.426021 BG
paper 236 47 244 61 0.122772 0.469982 BG
paper 245 48 249 61 0.108276 0.355160 BG
paper 10 397 79 435 0.106063 0.650706 BG
box 414 7 439 49 0.21515 0.596376 BG
box 71 413 75 417 0.166436 0.366882 BG
box 143 15 152 41 0.119998 0.565259 BG
box 342 1 448 57 0.116172 0.159543 BG
person 411 8 415 13 0.125891 0.788113 BG
person 356 0 443 51 0.112109 0.078303 BG
person 401 0 453 15 0.107218 0.626171 BG
person 416 8 421 15 0.100981 0.797680 BG
sink 23 99 248 263 0.997789 0.002187 bathroomsink
sink 309 134 534 288 0.995894 0.004007 bathroomsink
sink 129 110 511 408 0.154378 0.831792 BG
sink 165 122 228 154 0.148365 0.849809 BG
sink 18 32 123 224 0.145835 0.828257 BG
lamp 209 3 226 39 0.137242 0.551962 BG
lamp 210 3 217 6 0.115555 0.466085 BG
lamp 211 5 218 8 0.104563 0.732124 BG
bag 351 2 416 50 0.366957 0.079344 BG
bag 379 1 399 19 0.31647 0.413859 BG
bag 336 2 371 49 0.20204 0.406896 BG
bag 379 9 384 14 0.178982 0.658013 BG
bag 387 11 389 15 0.151851 0.651059 BG
