chair 121 136 429 530 0.99022 0.005325 chair
chair 545 43 675 350 0.977193 0.021765 chair
chair 223 41 434 306 0.921757 0.057276 chair
chair 27 15 256 185 0.846823 0.135278 BG
chair 284 23 448 152 0.476531 0.520389 chair
chair 225 38 263 194 0.361696 0.626159 BG
chair 322 5 449 74 0.318179 0.676404 BG
chair 233 24 313 212 0.25307 0.735482 BG
chair 243 47 264 101 0.172399 0.826250 BG
chair 243 49 252 76 0.171763 0.811140 BG
chair 380 32 436 123 0.162567 0.831054 BG
chair 255 51 263 59 0.162553 0.815104 BG
chair 4 0 95 95 0.152539 0.795359 BG
chair 547 0 674 35 0.138391 0.539041 BG
chair 99 4 262 69 0.129897 0.754425 BG
chair 418 1 456 12 0.123594 0.454276 BG
chair 132 56 295 275 0.113488 0.883479 BG
chair 256 58 259 69 0.112217 0.880297 BG
chair 249 48 256 89 0.110632 0.884535 BG
chair 311 23 336 65 0.107489 0.876550 BG
table 288 69 633 431 0.993362 0.005692 table
table 179 15 296 98 0.280703 0.676311 BG
table 253 117 459 334 0.253535 0.658499 chair
picture 217 1 250 3 0.141751 0.735586 BG
picture 328 1 387 11 0.129699 0.422613 BG
tv 324 1 387 11 0.184892 0.422613 BG
paper 299 502 303 504 0.165823 0.292181 BG
paper 237 495 243 500 0.135584 0.622664 BG
paper 287 490 303 502 0.135393 0.395859 BG
box 384 176 398 187 0.396166 0.524313 BG
box 387 184 390 187 0.396166 0.524313 BG
box 391 184 397 189 0.243694 0.729567 BG
box 382 169 392 177 0.227603 0.663167 BG
box 408 174 411 177 0.224028 0.741369 BG
box 378 153 411 183 0.19174 0.717460 BG
box 380 175 387 184 0.182322 0.584813 BG
box 361 157 389 193 0.146226 0.748135 BG
box 544 2 560 31 0.142517 0.696107 BG
box 466 112 485 122 0.126455 0.684844 BG
box 387 184 393 191 0.116317 0.817770 BG
box 499 0 555 55 0.102217 0.665497 BG
box 374 187 393 200 0.101961 0.842941 BG
person 68 0 114 43 0.277786 0.695974 BG
person 107 0 259 49 0.257021 0.651461 BG
person 102 0 112 21 0.237303 0.718121 BG
person 11 4 87 47 0.173638 0.546003 BG
person 197 89 209 97 0.127784 0.797986 BG
garbage_bin 498 0 540 60 0.39436 0.379966 BG
garbage_bin 253 107 261 133 0.2396 0.596231 BG
garbage_bin 257 128 260 133 0.186567 0.655385 BG
