chair 140 42 331 365 0.991747 0.006489 chair
chair 144 75 146 79 0.234517 0.762281 BG
chair 176 40 182 47 0.225798 0.478464 BG
chair 142 64 149 71 0.169072 0.829116 BG
chair 144 85 147 90 0.158452 0.837644 BG
chair 184 37 191 48 0.149283 0.655539 BG
chair 141 51 156 61 0.135172 0.837771 BG
table 316 139 653 497 0.98868 0.005319 table
picture 1 1 56 15 0.194101 0.583716 BG
picture 139 1 423 19 0.157185 0.493244 BG
picture 177 7 239 39 0.13908 0.565381 BG
picture 9 1 109 28 0.122015 0.551108 BG
picture 124 1 148 12 0.116808 0.539836 BG
picture 652 191 669 215 0.113426 0.828910 BG
picture 113 2 434 54 0.112376 0.669370 BG
pillow 6 2 109 15 0.178977 0.515151 BG
pillow 353 419 358 425 0.11975 0.786032 BG
paper 384 84 391 87 0.336664 0.491090 BG
paper 374 80 397 88 0.311652 0.517237 BG
paper 389 80 415 88 0.288162 0.496529 BG
paper 359 78 382 108 0.261151 0.641703 BG
paper 362 117 368 120 0.216708 0.694772 BG
paper 368 108 382 116 0.214684 0.708897 BG
paper 381 83 399 112 0.213819 0.719889 BG
paper 359 79 370 82 0.191102 0.622691 BG
paper 391 107 399 116 0.146364 0.787424 BG
paper 672 1 680 8 0.145645 0.396953 BG
paper 368 115 408 134 0.143338 0.754239 BG
paper 384 111 395 124 0.137049 0.775019 BG
paper 399 86 414 113 0.129362 0.798109 BG
paper 47 0 107 14 0.127527 0.590589 BG
paper 663 79 680 96 0.11931 0.400538 BG
paper 203 29 223 34 0.118572 0.526168 BG
paper 395 99 398 109 0.116182 0.836870 BG
paper 672 18 680 43 0.109109 0.350554 BG
paper 620 511 655 527 0.108234 0.536994 BG
paper 395 113 415 120 0.101714 0.840525 BG
box 620 510 655 526 0.201132 0.536994 BG
box 400 79 416 86 0.146214 0.506284 BG
box 175 7 238 32 0.143743 0.538221 BG
box 202 29 223 34 0.112246 0.526168 BG
box 618 511 624 518 0.107242 0.759790 BG
