chair 194 246 461 523 0.99548 0.004312 chair
chair 169 153 359 378 0.699704 0.300156 chair
chair 359 522 361 524 0.259491 0.408028 BG
chair 386 209 584 525 0.235763 0.669498 table
chair 356 518 368 524 0.218018 0.441822 BG
chair 358 522 371 530 0.157806 0.150750 BG
chair 360 522 370 524 0.145622 0.510210 BG
chair 261 462 324 527 0.111839 0.668896 BG
table 369 211 667 518 0.997998 0.001436 table
table 260 167 595 281 0.840906 0.157448 BG
table 334 154 561 220 0.152398 0.837109 BG
picture 3 4 41 86 0.158408 0.493252 BG
picture 538 1 595 7 0.117967 0.763423 BG
picture 608 1 680 9 0.11753 0.582408 BG
counter 67 138 351 151 0.10482 0.881032 BG
blinds 607 163 680 207 0.13039 0.825637 BG
blinds 584 138 677 180 0.126535 0.850381 BG
blinds 627 198 680 225 0.122538 0.768761 BG
blinds 511 92 680 145 0.114353 0.869282 BG
blinds 559 108 592 136 0.104452 0.869192 BG
blinds 527 1 680 49 0.1035 0.802597 BG
fridge 0 142 47 254 0.135591 0.147801 BG
tv 0 8 38 93 0.120172 0.493252 BG
paper 314 503 318 508 0.20939 0.313995 BG
paper 306 511 310 513 0.200032 0.310411 BG
paper 1 95 31 110 0.185622 0.647642 BG
paper 303 510 312 514 0.18552 0.387302 BG
paper 283 493 380 530 0.185213 0.405457 BG
paper 337 504 340 507 0.173453 0.309361 BG
paper 342 507 346 512 0.167162 0.404005 BG
paper 660 223 663 223 0.166816 0.411086 BG
paper 2 87 45 151 0.160917 0.273640 BG
paper 662 228 670 239 0.158862 0.355945 BG
paper 595 519 608 527 0.150143 0.344410 BG
paper 330 495 336 505 0.123745 0.614115 BG
paper 661 159 664 159 0.119801 0.543782 BG
paper 359 522 361 524 0.111566 0.408028 BG
paper 673 30 680 35 0.110972 0.436573 BG
paper 354 511 371 523 0.103398 0.748562 BG
paper 655 224 668 237 0.102641 0.497077 BG
paper 357 518 367 524 0.100845 0.441822 BG
box 45 251 46 253 0.508684 0.374437 BG
box 307 511 311 513 0.225522 0.310411 BG
box 304 510 313 514 0.199717 0.387302 BG
box 315 503 319 508 0.184797 0.313995 BG
box 280 490 386 529 0.16422 0.405457 BG
box 1 252 24 256 0.145546 0.468273 BG
box 358 522 370 530 0.117476 0.150750 BG
box 354 509 382 529 0.106772 0.353426 BG
box 337 504 341 507 0.106283 0.309361 BG
box 2 87 48 248 0.102901 0.079150 BG
box 484 28 491 31 0.100797 0.708093 BG
toilet 0 101 47 257 0.140012 0.081300 BG
bag 559 506 569 512 0.103992 0.486974 BG
garbage_bin 3 106 45 253 0.297493 0.081300 BG
garbage_bin 2 146 45 149 0.24412 0.409055 BG
