chair 494 239 498 258 0.126661 0.849756 BG
picture 618 2 680 61 0.192996 0.454842 BG
picture 549 0 619 31 0.149362 0.428880 BG
picture 672 1 680 16 0.147915 0.347345 BG
picture 515 0 658 118 0.122854 0.167224 paper_towel_dispenser
counter 0 164 357 530 0.462548 0.264379 BG
counter 94 221 524 378 0.140897 0.706877 BG
mirror 3 2 116 263 0.146345 0.588227 BG
clothes 102 0 134 16 0.299818 0.232658 BG
clothes 102 0 111 16 0.218739 0.386620 BG
clothes 89 1 150 69 0.131894 0.227187 BG
fridge 35 0 195 87 0.137554 0.508443 BG
tv 511 2 677 104 0.817585 0.067232 paper_towel_dispenser
tv 655 2 680 19 0.218199 0.460274 BG
tv 614 4 679 61 0.209519 0.454842 BG
tv 671 1 680 16 0.14661 0.347345 BG
tv 541 0 626 42 0.142041 0.494397 BG
paper 552 0 620 32 0.275825 0.428880 BG
paper 438 497 446 505 0.245404 0.383841 BG
paper 208 503 237 512 0.22702 0.450472 BG
paper 447 481 535 530 0.224695 0.265100 BG
paper 270 509 273 512 0.224672 0.478112 BG
paper 107 505 117 514 0.221727 0.491966 BG
paper 61 475 119 530 0.211737 0.433512 BG
paper 660 263 671 269 0.208813 0.288862 BG
paper 50 498 85 530 0.207865 0.328032 BG
paper 298 483 332 530 0.195834 0.354491 BG
paper 557 8 571 19 0.193301 0.764429 BG
paper 661 272 671 277 0.193161 0.260288 BG
paper 91 495 108 511 0.187872 0.633242 BG
paper 109 495 118 508 0.176948 0.621670 BG
paper 544 511 572 530 0.176941 0.466079 BG
paper 465 491 472 495 0.174168 0.402973 BG
paper 512 511 526 518 0.173486 0.406601 BG
paper 431 335 439 351 0.171113 0.223266 BG
paper 373 490 419 530 0.170838 0.241237 BG
paper 74 498 84 504 0.169802 0.680312 BG
paper 580 513 607 530 0.167957 0.198170 BG
paper 319 466 352 512 0.165444 0.687910 BG
paper 669 127 671 130 0.163855 0.402175 BG
paper 271 497 280 510 0.162967 0.676376 BG
paper 505 490 511 496 0.162091 0.500357 BG
paper 446 493 481 530 0.160471 0.234339 BG
paper 436 335 444 343 0.153536 0.386857 BG
paper 170 488 194 530 0.148222 0.347116 BG
paper 573 523 579 530 0.145149 0.373817 BG
paper 572 516 573 520 0.141557 0.743777 BG
paper 192 496 241 530 0.141467 0.391879 BG
paper 399 390 407 395 0.135399 0.422379 BG
paper 272 509 296 522 0.135377 0.395786 BG
paper 50 446 193 530 0.135327 0.630761 BG
paper 271 475 304 530 0.133052 0.607898 BG
paper 224 492 280 530 0.125055 0.440190 BG
paper 116 514 118 516 0.121305 0.388704 BG
paper 549 23 567 30 0.116918 0.808176 BG
paper 109 515 126 530 0.116717 0.237966 BG
paper 84 493 94 500 0.115605 0.743011 BG
paper 225 508 242 519 0.115487 0.396162 BG
paper 235 512 243 526 0.113041 0.381981 BG
paper 242 508 261 526 0.112114 0.393054 BG
paper 182 32 187 39 0.111306 0.783294 BG
paper 575 478 599 511 0.106816 0.734940 BG
paper 551 23 616 30 0.105485 0.791172 BG
paper 529 0 577 44 0.100533 0.742643 BG
towel 97 1 151 78 0.137305 0.227187 BG
box 107 158 116 190 0.33957 0.498536 BG
box 579 512 608 530 0.194026 0.198170 BG
box 107 160 111 168 0.181519 0.659823 BG
box 438 496 447 505 0.171018 0.383841 BG
box 504 490 512 496 0.166493 0.500357 BG
box 372 487 419 529 0.162526 0.241237 BG
box 464 491 473 495 0.160636 0.402973 BG
box 207 503 238 512 0.158525 0.450472 BG
box 270 508 273 512 0.14742 0.478112 BG
box 445 490 480 530 0.146677 0.234339 BG
box 107 505 117 514 0.136292 0.491966 BG
box 271 511 303 530 0.131508 0.265419 BG
box 446 475 536 530 0.122703 0.265100 BG
box 297 479 332 530 0.120848 0.354491 BG
box 660 262 672 269 0.116823 0.288862 BG
box 661 271 671 277 0.112029 0.260288 BG
box 108 514 125 530 0.111611 0.237966 BG
box 191 494 240 530 0.110191 0.391879 BG
box 573 522 579 530 0.110027 0.373817 BG
box 570 467 655 530 0.108377 0.409109 BG
box 169 485 193 530 0.106837 0.347116 BG
box 61 495 114 530 0.105635 0.295251 BG
box 599 108 606 114 0.101758 0.589290 BG
box 511 511 527 518 0.101126 0.406601 BG
sink 30 150 427 511 0.145337 0.422565 BG
lamp 96 75 106 95 0.185548 0.810433 BG
lamp 104 75 117 95 0.137497 0.857106 BG
lamp 83 80 94 96 0.136532 0.862156 BG
bag 94 1 153 74 0.414615 0.227187 BG
bag 102 1 110 15 0.267509 0.386620 BG
bag 102 1 134 15 0.26724 0.232658 BG
bag 431 336 439 350 0.105996 0.223266 BG
garbage_bin 467 243 679 507 0.317274 0.547669 garbage_bin
garbage_bin 639 513 651 518 0.288908 0.359321 BG
garbage_bin 663 60 680 83 0.172989 0.496967 BG
garbage_bin 669 127 670 130 0.172426 0.402175 BG
garbage_bin 565 469 658 529 0.159441 0.409109 BG
garbage_bin 437 335 462 351 0.146274 0.494786 BG
garbage_bin 661 95 672 104 0.129132 0.581330 BG
garbage_bin 399 389 406 396 0.116796 0.422379 BG
garbage_bin 672 91 680 103 0.112807 0.481084 BG
garbage_bin 442 478 535 530 0.101409 0.265100 BG
