cabinet 0 62 399 517 0.331852 0.625287 counter
cabinet 303 91 424 310 0.179236 0.571336 BG
sofa 435 0 674 487 0.166023 0.629987 bench
table 461 167 657 495 0.133045 0.721082 BG
door 350 8 429 296 0.106623 0.676436 BG
bookshelf 5 0 327 43 0.160665 0.777266 BG
bookshelf 6 0 106 24 0.146153 0.710369 BG
bookshelf 11 6 327 180 0.129035 0.784979 BG
picture 318 1 336 19 0.228378 0.338555 BG
picture 310 2 323 11 0.158116 0.514508 BG
picture 311 4 334 48 0.144332 0.574081 BG
counter 12 92 426 226 0.702878 0.288121 counter
counter 0 74 599 506 0.571636 0.416616 counter
counter 433 147 680 486 0.118481 0.656091 bench
blinds 106 1 335 102 0.190452 0.651436 BG
tv 99 1 145 17 0.235326 0.569243 BG
tv 288 1 337 19 0.193382 0.399340 BG
tv 91 1 111 17 0.145727 0.573997 BG
tv 309 2 323 11 0.130156 0.514508 BG
tv 127 3 139 12 0.106576 0.749110 BG
paper 477 496 536 530 0.283297 0.154281 BG
paper 525 522 527 527 0.25553 0.442448 BG
paper 503 507 510 510 0.242487 0.248623 BG
paper 490 495 505 508 0.160904 0.718519 BG
paper 417 359 423 369 0.1536 0.632471 BG
paper 508 403 525 409 0.139148 0.645404 BG
paper 513 397 516 398 0.128653 0.744057 BG
paper 416 346 440 357 0.126761 0.701230 BG
paper 664 33 680 51 0.123185 0.354675 BG
paper 669 64 680 97 0.117268 0.423648 BG
paper 506 397 516 403 0.111909 0.772916 BG
paper 412 341 427 347 0.109479 0.718178 BG
paper 609 448 642 461 0.108885 0.755553 BG
paper 411 341 463 371 0.106338 0.738167 BG
paper 410 334 428 343 0.10557 0.711791 BG
paper 316 26 319 29 0.102594 0.673578 BG
paper 434 356 456 368 0.102002 0.757967 BG
paper 388 321 399 323 0.101081 0.687357 BG
paper 515 395 528 403 0.100714 0.770053 BG
paper 405 336 407 342 0.100247 0.687595 BG
box 607 154 613 161 0.257965 0.582607 BG
box 313 48 319 50 0.207367 0.624666 BG
box 292 40 324 51 0.182575 0.641047 BG
box 503 506 510 511 0.146388 0.248623 BG
box 208 20 337 90 0.130057 0.709947 BG
box 477 493 536 530 0.123218 0.154281 BG
box 387 320 399 323 0.101466 0.687357 BG
lamp 554 1 674 19 0.254481 0.584763 BG
garbage_bin 368 126 427 298 0.193574 0.704387 BG
garbage_bin 502 506 510 511 0.141063 0.248623 BG
