chair 141 189 418 466 0.946046 0.033666 chair
chair 4 331 116 510 0.835886 0.158200 chair
chair 557 24 674 113 0.553084 0.404183 BG
chair 556 250 680 471 0.526288 0.469934 chair
chair 461 30 539 98 0.452586 0.502894 BG
chair 225 34 328 136 0.388058 0.608570 BG
chair 188 70 230 99 0.364357 0.622380 BG
chair 98 67 245 141 0.330964 0.579814 BG
chair 224 83 232 92 0.303322 0.694692 BG
chair 328 64 438 132 0.26505 0.709977 BG
chair 605 308 680 370 0.222334 0.760831 BG
chair 225 91 234 98 0.200492 0.793815 BG
chair 2 389 69 441 0.185281 0.749159 BG
chair 462 76 534 96 0.180205 0.774419 BG
chair 394 59 448 117 0.176222 0.779518 BG
chair 336 119 339 130 0.163086 0.818735 BG
chair 224 90 234 112 0.154986 0.833189 BG
chair 492 94 504 99 0.146308 0.841473 BG
chair 612 41 616 45 0.144444 0.686195 BG
chair 503 92 511 99 0.142295 0.853847 BG
chair 523 96 533 104 0.124995 0.868780 BG
chair 260 65 316 98 0.122549 0.873524 BG
chair 555 83 568 100 0.115085 0.876200 BG
chair 505 77 519 92 0.113147 0.870277 BG
chair 505 50 566 82 0.112705 0.829903 BG
chair 127 74 161 143 0.112275 0.835147 BG
chair 476 38 631 135 0.108444 0.814073 BG
chair 538 78 608 146 0.106662 0.889803 BG
chair 515 84 537 93 0.103836 0.880709 BG
chair 573 45 640 84 0.103428 0.824432 BG
table 181 128 593 441 0.982785 0.012037 table
table 69 132 340 464 0.862612 0.103478 table
table 9 205 192 401 0.768568 0.203715 BG
table 480 25 579 112 0.648922 0.242225 BG
table 124 48 313 144 0.381161 0.568985 BG
table 486 36 648 65 0.141192 0.751026 BG
table 565 43 638 184 0.121525 0.324931 BG
picture 527 1 626 19 0.304413 0.364624 BG
picture 290 1 293 5 0.223345 0.535435 BG
picture 522 1 536 18 0.155543 0.504313 BG
picture 552 5 576 7 0.136496 0.624918 BG
picture 522 1 527 8 0.126892 0.622904 BG
tv 0 526 1 530 0.181499 0.482173 BG
paper 158 302 160 303 0.102346 0.612494 BG
box 212 21 266 48 0.140784 0.725834 BG
person 468 0 498 12 0.121135 0.759748 BG
