cabinet 183 0 680 329 0.170415 0.474260 BG
cabinet 89 369 352 530 0.14001 0.701920 BG
door 2 2 41 114 0.121327 0.600060 BG
picture 626 419 640 492 0.593845 0.361045 BG
picture 288 2 388 200 0.550332 0.250790 BG
picture 433 119 522 182 0.503476 0.481150 BG
picture 9 0 222 159 0.410286 0.147317 cupboard
picture 304 0 570 225 0.262453 0.516352 cupboard
picture 510 475 639 530 0.234655 0.442160 BG
picture 625 499 637 511 0.228238 0.505605 BG
picture 310 104 357 167 0.174762 0.821577 BG
picture 3 4 43 111 0.141097 0.600060 BG
picture 442 45 548 202 0.13401 0.762715 BG
picture 188 2 217 50 0.130811 0.724616 BG
picture 292 3 371 48 0.12328 0.561147 BG
picture 551 11 677 258 0.118842 0.543606 BG
picture 369 2 383 44 0.100142 0.672042 BG
counter 0 190 680 293 0.186677 0.798106 BG
counter 89 382 336 451 0.183448 0.698378 BG
counter 75 364 565 503 0.119638 0.797777 counter
counter 237 438 526 530 0.107083 0.818181 BG
mirror 202 7 674 317 0.181375 0.387726 BG
mirror 0 5 229 166 0.12495 0.147317 cupboard
tv 25 5 291 205 0.426912 0.239978 cupboard
tv 290 52 391 223 0.21264 0.402298 BG
tv 320 19 669 275 0.169971 0.470397 cupboard
tv 597 419 603 427 0.14987 0.807182 BG
paper 23 355 32 359 0.500238 0.409867 BG
paper 16 327 32 337 0.251957 0.474405 BG
paper 369 502 380 510 0.247151 0.419079 BG
paper 322 504 327 510 0.211058 0.501921 BG
paper 369 512 374 518 0.177659 0.410543 BG
paper 359 491 380 511 0.174231 0.581145 BG
paper 662 284 680 327 0.170129 0.347353 BG
paper 16 305 50 355 0.152904 0.573965 BG
paper 530 506 608 526 0.148568 0.469619 BG
paper 509 506 510 506 0.143913 0.616710 BG
paper 579 517 608 526 0.142074 0.483582 BG
paper 591 512 600 518 0.140925 0.580848 BG
paper 554 511 582 524 0.140629 0.453991 BG
paper 264 480 365 530 0.137005 0.461619 BG
paper 492 504 512 526 0.136775 0.402862 BG
paper 580 517 588 522 0.134738 0.420559 BG
paper 598 511 639 526 0.131639 0.659034 BG
paper 272 507 277 514 0.131166 0.568071 BG
paper 664 274 670 284 0.129724 0.449259 BG
paper 22 297 31 307 0.126937 0.686813 BG
paper 275 510 286 521 0.123175 0.436424 BG
paper 512 506 519 510 0.120551 0.686897 BG
paper 631 498 641 508 0.117838 0.418495 BG
paper 291 0 385 49 0.114202 0.596936 BG
paper 669 274 680 285 0.103671 0.394156 BG
paper 8 379 34 396 0.103295 0.783756 BG
paper 262 507 273 527 0.102809 0.485802 BG
paper 340 513 351 530 0.102678 0.182858 BG
paper 492 59 495 62 0.101388 0.832807 BG
paper 514 478 638 530 0.100883 0.442160 BG
box 664 273 670 284 0.16245 0.449259 BG
box 368 502 380 510 0.154511 0.419079 BG
box 390 520 406 530 0.138531 0.233964 BG
box 543 193 548 197 0.129622 0.593576 BG
box 322 504 327 510 0.120325 0.501921 BG
box 211 502 263 529 0.118935 0.231735 BG
box 405 523 415 530 0.116643 0.322103 BG
box 631 497 640 508 0.113179 0.418495 BG
box 512 505 632 530 0.112403 0.194299 BG
box 274 509 286 521 0.111502 0.436424 BG
box 546 214 550 223 0.109863 0.727690 BG
box 669 269 672 270 0.107364 0.543175 BG
box 340 512 351 530 0.106216 0.182858 BG
box 262 505 272 527 0.103794 0.485802 BG
box 540 207 551 222 0.10379 0.774629 BG
lamp 237 347 250 353 0.128238 0.632271 BG
garbage_bin 668 270 672 270 0.104313 0.543175 BG
garbage_bin 659 249 680 273 0.102097 0.464059 BG
