chair 493 192 680 530 0.944711 0.053355 chair
chair 361 61 633 434 0.684467 0.310629 chair
chair 32 55 226 405 0.669646 0.297215 chair
chair 12 232 503 528 0.51008 0.371056 chair&&table
chair 68 9 225 95 0.41863 0.565662 chair
chair 344 519 355 530 0.250694 0.217492 BG
chair 247 390 396 529 0.203327 0.751221 BG
chair 348 510 363 530 0.171364 0.291483 BG
chair 122 48 128 52 0.152112 0.845792 BG
chair 24 36 201 174 0.131753 0.857666 BG
chair 8 8 65 259 0.100139 0.820425 BG
sofa 0 322 365 530 0.109424 0.375519 chair
table 62 83 568 512 0.998044 0.000903 table&&floor
picture 336 2 399 106 0.741042 0.115329 BG
picture 255 1 315 27 0.713658 0.267921 BG
picture 240 0 313 86 0.627033 0.303301 BG
picture 341 2 401 28 0.489394 0.357151 BG
picture 267 0 314 8 0.417509 0.564506 BG
picture 335 4 346 103 0.293793 0.476367 BG
picture 239 0 255 69 0.281373 0.613568 BG
picture 545 176 627 216 0.182568 0.767380 BG
picture 373 14 397 26 0.133203 0.702638 BG
picture 254 6 262 15 0.1127 0.759850 BG
picture 596 189 603 194 0.103176 0.894129 BG
mirror 334 3 346 111 0.117867 0.476367 BG
mirror 308 2 336 113 0.100617 0.719277 BG
tv 621 150 628 158 0.121654 0.672256 BG
tv 615 143 628 151 0.10036 0.643336 BG
paper 341 13 378 26 0.251642 0.544965 BG
paper 576 489 579 492 0.185926 0.415572 BG
paper 374 20 385 26 0.149259 0.720619 BG
paper 341 0 401 20 0.144934 0.449688 BG
paper 14 521 22 523 0.133485 0.098250 BG
paper 342 14 397 87 0.126015 0.182792 BG
paper 545 477 590 506 0.113516 0.721129 BG
paper 373 14 397 26 0.10639 0.702638 BG
paper 248 406 249 409 0.105824 0.619385 BG
paper 655 180 660 184 0.104188 0.487536 BG
box 15 520 22 523 0.232331 0.098250 BG
box 345 520 355 530 0.145405 0.217492 BG
box 576 489 579 492 0.139278 0.415572 BG
box 349 511 363 529 0.117105 0.291483 BG
box 2 521 39 530 0.111334 0.068839 BG
lamp 4 63 10 70 0.543623 0.371515 BG
lamp 1 67 9 81 0.354392 0.586675 BG
lamp 3 0 83 63 0.159182 0.315172 BG
garbage_bin 576 489 580 492 0.100039 0.415572 BG
