chair 78 91 538 505 0.903627 0.080429 chair&&table
chair 9 26 319 376 0.795632 0.202426 chair
chair 406 135 483 212 0.111384 0.840681 BG
sofa 0 2 76 39 0.11025 0.670981 BG
table 138 28 673 530 0.994036 0.001109 chair&&table
table 270 14 489 284 0.10223 0.859865 BG
picture 60 3 113 43 0.203309 0.629291 BG
counter 369 0 680 530 0.107363 0.226641 table
paper 524 124 661 169 0.597963 0.173119 BG
paper 576 105 600 124 0.306557 0.677126 BG
paper 1 483 31 504 0.213206 0.402273 BG
paper 656 305 668 321 0.204198 0.459201 BG
paper 665 364 670 365 0.18531 0.239377 BG
paper 659 49 665 51 0.1586 0.386020 BG
paper 5 487 234 530 0.156943 0.318727 BG
paper 237 496 284 530 0.153633 0.379657 BG
paper 1 195 31 213 0.139922 0.239457 BG
paper 1 464 30 485 0.139574 0.372891 BG
paper 643 307 659 325 0.130712 0.656924 BG
paper 631 129 680 145 0.124178 0.710459 BG
paper 1 190 16 206 0.124126 0.166349 BG
paper 660 356 664 359 0.123731 0.177299 BG
paper 29 483 30 485 0.122244 0.461898 BG
paper 667 48 680 71 0.106936 0.541871 BG
paper 655 356 664 363 0.106463 0.486652 BG
paper 586 138 676 216 0.106462 0.719267 BG
paper 17 418 31 427 0.103919 0.339571 BG
paper 501 512 511 530 0.101311 0.360912 BG
box 514 113 661 203 0.335132 0.218039 book&&books
box 1 190 17 205 0.222116 0.166349 BG
box 16 418 31 427 0.173984 0.339571 BG
box 1 186 26 197 0.165789 0.330140 BG
box 2 195 33 212 0.156286 0.239457 BG
box 2 151 36 205 0.143146 0.388694 BG
box 236 493 283 530 0.135374 0.379657 BG
box 500 510 511 530 0.134524 0.360912 BG
box 664 363 670 366 0.12817 0.239377 BG
box 1 481 33 504 0.127314 0.402273 BG
box 660 355 663 358 0.117332 0.177299 BG
lamp 391 0 464 89 0.11946 0.840561 lamp
lamp 433 0 457 37 0.114493 0.841629 BG
garbage_bin 16 418 31 428 0.110616 0.339571 BG
