bed 227 279 676 525 0.14884 0.235829 BG
chair 6 106 196 530 0.813863 0.050365 sofa_chair
chair 287 275 664 530 0.218424 0.212229 sofa_chair
chair 48 59 100 70 0.143835 0.680289 BG
chair 191 96 354 481 0.101625 0.817040 BG
sofa 265 218 680 530 0.766468 0.149431 sofa_chair
sofa 22 97 219 530 0.729775 0.067546 sofa_chair&&floor
sofa 38 60 140 77 0.28495 0.400996 BG
sofa 0 347 8 349 0.280023 0.633838 BG
sofa 25 76 345 229 0.193528 0.703259 BG
bookshelf 242 1 680 236 0.86661 0.131927 bookshelf
bookshelf 31 0 191 97 0.756234 0.238383 BG
bookshelf 563 3 680 183 0.638818 0.359738 BG
bookshelf 196 0 359 116 0.572468 0.422746 BG
bookshelf 559 57 680 100 0.42647 0.564071 BG
bookshelf 509 0 570 271 0.389681 0.607423 BG
bookshelf 93 0 142 79 0.361019 0.635917 BG
bookshelf 183 0 255 53 0.280799 0.715459 BG
bookshelf 231 0 346 21 0.228769 0.678688 BG
bookshelf 569 57 577 89 0.218668 0.740065 BG
bookshelf 134 0 187 84 0.166763 0.697546 BG
bookshelf 214 14 242 42 0.150835 0.834803 BG
bookshelf 242 13 342 60 0.134602 0.841884 BG
bookshelf 9 5 49 101 0.132182 0.845712 BG
bookshelf 242 22 252 50 0.12484 0.864259 BG
bookshelf 359 61 440 77 0.11476 0.864612 BG
bookshelf 349 62 360 69 0.10732 0.813372 BG
bookshelf 342 53 443 263 0.105066 0.885964 BG
picture 524 1 525 3 0.160898 0.661054 BG
picture 663 30 680 69 0.133862 0.651008 BG
picture 510 1 526 4 0.129108 0.725078 BG
counter 210 57 365 258 0.16429 0.701006 BG
counter 31 58 141 77 0.118461 0.400996 BG
counter 230 137 680 511 0.105745 0.485672 sofa_chair
desk 212 289 608 523 0.212189 0.532638 BG
desk 28 244 304 514 0.143899 0.398965 sofa_chair
pillow 338 225 603 483 0.112984 0.689025 BG
pillow 461 225 469 228 0.103379 0.381723 BG
paper 107 502 117 512 0.20996 0.510442 BG
paper 663 14 680 68 0.206967 0.621552 BG
paper 117 492 211 530 0.182651 0.365034 BG
paper 30 465 161 530 0.16289 0.495738 BG
paper 663 105 669 112 0.156793 0.276011 BG
paper 178 510 203 530 0.15115 0.232041 BG
paper 187 501 276 530 0.13956 0.601128 BG
paper 501 206 508 231 0.130952 0.711150 BG
paper 289 202 348 233 0.130108 0.546162 BG
paper 665 115 665 118 0.127075 0.276929 BG
paper 408 216 413 225 0.115672 0.539182 BG
paper 417 204 424 224 0.110589 0.781808 BG
paper 176 440 211 482 0.105143 0.777657 BG
paper 470 218 478 229 0.105058 0.620428 BG
box 310 518 320 530 0.221382 0.345123 BG
box 158 74 166 82 0.206175 0.540415 BG
box 506 223 509 227 0.19988 0.469741 BG
box 177 510 203 530 0.157883 0.232041 BG
box 106 502 117 512 0.147345 0.510442 BG
box 114 488 212 530 0.135456 0.365034 BG
box 158 70 188 84 0.13348 0.576850 BG
box 26 459 160 530 0.109652 0.495738 BG
box 135 7 190 75 0.107288 0.673402 BG
box 662 104 669 112 0.106769 0.276011 BG
box 32 57 45 60 0.102121 0.826429 BG
