table 0 108 449 530 0.157542 0.676396 chair&&counter
table 554 115 668 235 0.130425 0.463468 BG
picture 1 4 63 133 0.684672 0.194139 computer
picture 302 26 379 98 0.647136 0.342617 computer
picture 0 92 63 123 0.268813 0.601586 BG
picture 340 53 367 88 0.139801 0.859223 BG
picture 363 32 375 90 0.11613 0.853380 BG
counter 1 101 639 530 0.993322 0.002527 counter
counter 555 119 677 219 0.329473 0.463468 BG
counter 0 231 366 442 0.232738 0.736457 BG
counter 525 81 679 364 0.17351 0.780209 BG
pillow 197 431 204 438 0.235819 0.628286 BG
tv 276 15 375 123 0.70427 0.220725 computer
tv 0 2 51 46 0.221849 0.535979 BG
tv 0 16 64 154 0.20356 0.328461 computer
tv 334 26 361 29 0.140319 0.852061 BG
tv 0 103 64 139 0.115143 0.772294 BG
paper 665 141 669 146 0.259269 0.406819 BG
paper 72 160 145 187 0.255821 0.729738 BG
paper 107 153 110 159 0.238857 0.685127 BG
paper 107 152 161 171 0.235688 0.687571 BG
paper 94 158 102 161 0.217119 0.733632 BG
paper 69 158 102 165 0.147292 0.839902 BG
paper 59 150 107 159 0.134634 0.845087 BG
paper 154 170 162 172 0.128633 0.842437 BG
paper 650 124 670 152 0.127635 0.433638 BG
paper 672 311 680 343 0.118629 0.356394 BG
paper 162 167 170 172 0.11708 0.847370 BG
paper 669 134 680 151 0.110141 0.342635 BG
paper 673 125 680 130 0.109992 0.426811 BG
paper 674 341 677 345 0.108701 0.418274 BG
paper 3 14 56 111 0.108434 0.771187 computer
box 604 112 654 153 0.496876 0.350575 BG
box 609 145 615 148 0.373954 0.564560 BG
box 617 115 620 124 0.213971 0.649339 BG
box 619 120 640 127 0.213292 0.667164 BG
box 650 123 670 152 0.203882 0.433638 BG
box 604 112 639 127 0.200997 0.655604 BG
box 651 124 654 125 0.196992 0.646134 BG
box 665 140 670 146 0.158391 0.406819 BG
box 641 123 649 129 0.120329 0.796914 BG
box 616 106 637 120 0.106556 0.793282 BG
garbage_bin 510 225 530 261 0.153859 0.730830 BG
