chair 474 41 680 384 0.987508 0.011776 chair
chair 36 239 295 530 0.454058 0.439447 floor
chair 274 15 354 309 0.343942 0.650961 BG
chair 134 9 366 363 0.289431 0.545945 chair
chair 530 123 670 217 0.191138 0.791033 BG
chair 174 22 379 143 0.101367 0.893650 BG
sofa 295 2 486 32 0.129967 0.501782 BG
table 36 46 324 363 0.986285 0.008078 chair&&table
bookshelf 17 0 190 201 0.102103 0.683608 BG
picture 81 1 102 15 0.245408 0.398909 BG
picture 94 1 181 35 0.180877 0.116643 BG
picture 402 6 408 12 0.153514 0.359289 BG
picture 6 6 82 85 0.151204 0.521114 BG
picture 305 1 334 15 0.131702 0.404076 BG
picture 307 1 411 15 0.12793 0.253576 BG
picture 307 1 316 10 0.107753 0.396422 BG
counter 0 33 430 309 0.123477 0.274237 table
tv 165 0 315 45 0.715934 0.160552 BG
tv 85 2 181 37 0.427425 0.116643 BG
tv 175 0 186 21 0.289051 0.658009 BG
tv 181 11 187 19 0.115469 0.841343 BG
paper 307 0 316 10 0.15578 0.396422 BG
paper 389 312 405 318 0.152782 0.408551 BG
paper 607 124 626 131 0.144873 0.529551 BG
box 355 514 439 530 0.191087 0.279480 BG
box 304 1 406 15 0.164541 0.253576 BG
box 306 0 316 10 0.161963 0.396422 BG
box 81 1 101 15 0.148301 0.398909 BG
box 401 6 407 12 0.142267 0.359289 BG
box 172 30 175 35 0.134783 0.666592 BG
box 94 12 184 60 0.126999 0.604090 BG
box 303 1 332 15 0.126907 0.404076 BG
box 607 123 626 131 0.105612 0.529551 BG
garbage_bin 275 404 282 414 0.234226 0.763996 BG
garbage_bin 288 429 295 453 0.19812 0.778622 BG
garbage_bin 288 430 292 438 0.181392 0.805990 BG
garbage_bin 277 417 291 432 0.156001 0.832980 BG
garbage_bin 130 441 279 530 0.125368 0.801860 BG
