chair 325 247 501 520 0.256388 0.235188 table
table 300 273 583 523 0.864389 0.029607 table
bookshelf 247 19 381 421 0.407734 0.541499 BG
picture 395 1 470 147 0.686325 0.268472 BG
picture 404 0 441 32 0.6362 0.328549 BG
picture 410 0 433 12 0.593704 0.365900 BG
picture 393 28 418 147 0.378067 0.569199 BG
picture 372 175 410 284 0.351978 0.512877 BG
picture 395 218 404 239 0.340799 0.569180 BG
picture 284 81 360 107 0.340436 0.513005 BG
picture 440 0 455 41 0.325555 0.604318 BG
picture 429 89 472 141 0.323977 0.639313 BG
picture 285 81 308 105 0.301542 0.558139 BG
picture 414 77 441 144 0.295699 0.686487 BG
picture 285 82 291 96 0.293979 0.585423 BG
picture 408 2 520 47 0.284614 0.657586 BG
picture 316 77 332 85 0.251006 0.624139 BG
picture 488 190 495 233 0.241887 0.510648 BG
picture 505 1 519 20 0.21161 0.422582 BG
picture 414 113 434 140 0.207448 0.777870 BG
picture 492 171 504 234 0.20626 0.471543 BG
picture 453 96 470 113 0.203891 0.675522 BG
picture 449 110 470 139 0.196791 0.702180 BG
picture 454 82 510 273 0.19133 0.593184 BG
picture 365 172 378 288 0.186636 0.627532 BG
picture 452 100 457 112 0.160449 0.751636 BG
picture 307 61 360 89 0.157771 0.567112 BG
picture 477 195 490 238 0.1561 0.658303 BG
picture 438 1 469 83 0.144066 0.796559 BG
picture 483 122 502 139 0.138907 0.552705 BG
picture 380 208 382 216 0.134106 0.773614 BG
picture 373 206 386 225 0.129793 0.712061 BG
picture 410 39 419 80 0.128787 0.774220 BG
picture 438 21 493 143 0.124865 0.793008 BG
picture 436 124 453 140 0.120935 0.826180 BG
picture 339 86 350 106 0.119811 0.607258 BG
picture 454 100 457 104 0.114062 0.802959 BG
picture 404 140 477 258 0.112852 0.764198 BG
picture 277 34 361 85 0.110269 0.589515 BG
picture 280 266 327 310 0.107289 0.832048 BG
picture 227 393 232 400 0.105205 0.111826 BG
picture 325 267 341 283 0.105047 0.631560 BG
picture 244 13 291 367 0.103551 0.866054 BG
picture 317 84 332 105 0.102478 0.729723 BG
desk 320 253 562 521 0.193134 0.160446 table
fridge 4 6 362 523 0.235536 0.646553 BG
tv 504 2 518 20 0.110694 0.422582 BG
paper 227 393 232 399 0.224703 0.111826 BG
paper 354 54 362 78 0.178737 0.566689 BG
paper 373 176 409 250 0.172767 0.557470 BG
paper 311 61 359 88 0.165809 0.567112 BG
paper 296 53 334 65 0.160362 0.653351 BG
paper 484 122 502 139 0.155847 0.552705 BG
paper 340 86 350 105 0.141819 0.607258 BG
paper 365 173 377 283 0.135661 0.627532 BG
paper 474 39 476 47 0.115368 0.698937 BG
paper 282 32 361 82 0.11446 0.589515 BG
paper 460 332 471 342 0.110606 0.852596 BG
paper 493 172 504 232 0.110529 0.471543 BG
paper 362 50 363 56 0.109104 0.575904 BG
paper 464 79 510 184 0.106981 0.651459 BG
paper 670 134 680 147 0.106895 0.449754 BG
paper 313 400 319 404 0.106025 0.713237 BG
paper 322 77 332 84 0.103631 0.668109 BG
paper 373 206 386 224 0.102667 0.712061 BG
paper 501 300 511 310 0.10056 0.845309 BG
box 271 31 275 35 0.33213 0.641944 BG
box 476 239 485 246 0.289174 0.593356 BG
box 462 196 490 253 0.208494 0.621772 BG
box 296 94 308 104 0.165776 0.702763 BG
box 492 171 504 231 0.154683 0.471543 BG
box 278 33 362 83 0.147344 0.589515 BG
box 477 222 482 235 0.141976 0.753729 BG
box 473 27 492 48 0.139762 0.734130 BG
box 478 189 495 234 0.136008 0.525287 BG
box 463 82 513 234 0.125623 0.608492 BG
box 473 38 477 47 0.123526 0.698937 BG
box 256 236 267 240 0.118944 0.824625 BG
box 348 528 355 530 0.113327 0.242374 BG
box 551 511 561 522 0.112806 0.368399 BG
garbage_bin 566 280 590 304 0.311263 0.663586 BG
garbage_bin 560 286 583 338 0.309973 0.683150 BG
garbage_bin 567 288 573 292 0.186652 0.805653 BG
garbage_bin 576 281 586 293 0.139448 0.821522 BG
garbage_bin 564 300 569 305 0.118373 0.881081 BG
garbage_bin 548 508 549 510 0.104603 0.425000 BG
