chair 410 57 675 417 0.820473 0.135838 chair&&chair
chair 2 0 113 152 0.438582 0.441843 BG
chair 162 26 454 344 0.162117 0.803518 chair
chair 5 27 63 99 0.141496 0.821950 BG
chair 561 214 680 391 0.10923 0.881816 BG
table 204 7 649 485 0.949909 0.004733 table&&chair&&floor
table 7 14 192 154 0.171257 0.531559 BG
picture 2 2 65 40 0.115179 0.597717 BG
pillow 33 230 53 238 0.183125 0.571646 BG
pillow 503 0 528 7 0.176114 0.725556 BG
paper 361 493 380 514 0.251858 0.402830 BG
paper 192 477 272 530 0.184378 0.285654 BG
paper 659 337 664 351 0.171717 0.284263 BG
paper 336 476 384 498 0.154534 0.561740 BG
paper 158 0 166 10 0.151832 0.624173 BG
paper 300 460 390 530 0.14827 0.385091 BG
paper 288 185 293 190 0.141891 0.486859 BG
paper 481 509 512 530 0.139238 0.270304 BG
paper 659 337 680 366 0.138621 0.234662 BG
paper 623 419 680 529 0.135371 0.515135 BG
paper 585 419 591 447 0.135103 0.648177 BG
paper 528 0 560 14 0.125795 0.703752 BG
paper 49 15 53 18 0.116815 0.594031 BG
paper 586 418 588 423 0.106935 0.732896 BG
paper 144 0 171 34 0.102588 0.727753 BG
paper 285 205 287 207 0.100492 0.710551 BG
box 288 185 293 191 0.183262 0.486859 BG
box 480 508 511 530 0.168982 0.270304 BG
box 362 492 381 514 0.155625 0.402830 BG
box 659 336 663 351 0.135321 0.284263 BG
box 437 0 446 9 0.114593 0.485257 BG
box 281 178 324 199 0.113007 0.590053 BG
box 191 473 270 530 0.108151 0.285654 BG
box 659 352 680 366 0.106146 0.309048 BG
box 273 206 278 208 0.100727 0.706291 BG
bag 367 208 397 237 0.143107 0.639502 BG
garbage_bin 659 336 680 366 0.115813 0.234662 BG
garbage_bin 658 336 663 352 0.109775 0.284263 BG
