picture 555 1 680 106 0.778368 0.103658 paper_towel_dispenser
picture 179 1 280 65 0.615678 0.210578 BG
picture 555 48 585 91 0.346331 0.614430 BG
picture 555 2 594 71 0.310585 0.654191 BG
picture 385 46 426 81 0.295085 0.554733 BG
picture 3 1 100 111 0.293394 0.177745 mirror
picture 268 0 290 79 0.244734 0.557177 BG
picture 558 67 646 99 0.244194 0.513076 BG
picture 229 14 278 41 0.19795 0.614265 BG
picture 177 2 201 68 0.18523 0.606814 BG
picture 241 3 354 87 0.179804 0.626632 BG
picture 169 2 181 73 0.178293 0.498438 BG
picture 237 31 273 48 0.173833 0.776894 BG
picture 79 2 176 105 0.153991 0.528579 BG
picture 117 77 122 85 0.150971 0.762857 BG
picture 122 76 126 77 0.147727 0.791060 BG
picture 77 14 97 85 0.144451 0.739800 BG
picture 239 39 250 46 0.141807 0.828567 BG
picture 496 62 515 80 0.129605 0.084443 BG
picture 1 1 40 16 0.10401 0.480725 BG
picture 405 46 415 52 0.103162 0.623375 BG
picture 47 0 60 23 0.102524 0.521676 BG
pillow 622 7 631 13 0.142687 0.702982 BG
pillow 587 1 657 9 0.127544 0.530601 BG
mirror 174 4 426 121 0.965222 0.026108 mirror
mirror 0 4 215 132 0.708217 0.071435 mirror
mirror 177 58 329 113 0.297013 0.589509 BG
mirror 167 0 181 76 0.189513 0.498438 BG
mirror 171 0 212 117 0.104385 0.426279 BG
clothes 371 0 380 71 0.358072 0.550022 BG
clothes 368 0 374 18 0.338509 0.615187 BG
clothes 349 0 424 88 0.27841 0.448165 hand_dryer
clothes 352 0 373 91 0.185582 0.723083 BG
tv 175 4 209 105 0.308941 0.426279 BG
tv 255 1 269 8 0.191927 0.618521 BG
tv 0 1 39 16 0.154344 0.480725 BG
tv 173 1 279 76 0.134385 0.106902 BG
tv 653 1 680 16 0.112246 0.511317 BG
paper 536 140 541 141 0.221273 0.137020 BG
paper 187 497 206 510 0.218046 0.593027 BG
paper 201 499 204 500 0.210528 0.608897 BG
paper 209 495 213 496 0.207638 0.443267 BG
paper 312 494 314 496 0.203428 0.452138 BG
paper 535 159 550 173 0.203121 0.126881 BG
paper 310 485 314 492 0.196211 0.489734 BG
paper 531 173 534 177 0.193703 0.123819 BG
paper 652 63 671 79 0.191032 0.362613 BG
paper 310 464 317 491 0.183813 0.524638 BG
paper 247 480 274 510 0.18347 0.565273 BG
paper 496 61 515 79 0.180098 0.084443 BG
paper 191 514 193 520 0.177668 0.490307 BG
paper 513 121 522 128 0.176506 0.205884 BG
paper 514 34 526 37 0.16779 0.096952 BG
paper 629 66 639 72 0.166186 0.764849 BG
paper 624 77 634 86 0.161999 0.652569 BG
paper 240 488 243 490 0.159473 0.638939 BG
paper 668 510 669 510 0.158068 0.291490 BG
paper 141 497 206 530 0.152128 0.578133 BG
paper 662 91 671 101 0.152111 0.288933 BG
paper 160 512 165 517 0.145157 0.638554 BG
paper 576 176 590 185 0.142239 0.373029 BG
paper 672 505 680 511 0.132695 0.349303 BG
paper 670 61 674 64 0.132192 0.367716 BG
paper 654 109 662 111 0.130747 0.463284 BG
paper 519 118 527 131 0.130493 0.326193 BG
paper 248 463 267 481 0.127119 0.668484 BG
paper 673 35 680 41 0.1242 0.413497 BG
paper 640 63 680 101 0.120796 0.618569 BG
paper 673 56 680 62 0.119334 0.398824 BG
paper 431 370 448 401 0.117925 0.724297 BG
paper 674 121 680 122 0.117845 0.393613 BG
paper 191 512 210 530 0.117758 0.279205 BG
paper 673 113 677 114 0.1168 0.426888 BG
paper 204 485 209 490 0.116717 0.809455 BG
paper 2 479 48 513 0.116554 0.617790 BG
paper 606 52 624 64 0.114252 0.819466 BG
paper 655 32 680 56 0.112879 0.532709 BG
paper 224 476 226 479 0.111564 0.801264 BG
paper 610 77 617 82 0.106228 0.767263 BG
paper 639 73 651 89 0.102659 0.670800 BG
towel 77 23 82 32 0.138937 0.784065 BG
towel 56 2 80 33 0.104284 0.720489 BG
towel 79 34 84 38 0.101591 0.787382 BG
box 209 494 214 496 0.144763 0.443267 BG
box 651 61 671 80 0.133049 0.362613 BG
box 639 73 651 89 0.125912 0.670800 BG
box 313 493 314 496 0.120148 0.452138 BG
box 191 511 210 530 0.113146 0.302325 BG
box 624 76 635 86 0.111698 0.652569 BG
sink 210 114 458 293 0.987714 0.011523 sink
sink 0 176 207 328 0.870774 0.115952 sink
sink 47 56 527 500 0.108926 0.837417 BG
lamp 519 117 526 132 0.159123 0.326193 BG
lamp 514 120 521 129 0.100612 0.205884 BG
bag 347 3 427 90 0.196037 0.448165 hand_dryer
garbage_bin 513 35 527 38 0.146534 0.096952 BG
garbage_bin 531 172 535 177 0.133015 0.123819 BG
garbage_bin 535 158 550 174 0.11393 0.126881 BG
garbage_bin 310 484 314 493 0.10745 0.489734 BG
garbage_bin 312 493 314 496 0.101661 0.452138 BG
garbage_bin 576 176 590 186 0.100453 0.373029 BG
