chair 0 233 142 530 0.306636 0.391216 BG
chair 535 433 619 526 0.220024 0.666695 BG
table 87 256 605 511 0.379324 0.370414 counter
table 514 408 674 523 0.153554 0.626428 BG
table 159 270 316 492 0.118804 0.197661 BG
table 543 516 549 526 0.110302 0.595309 BG
counter 151 266 676 392 0.278581 0.678232 BG
counter 465 238 499 254 0.173824 0.731999 BG
desk 159 268 664 510 0.376988 0.360954 counter
desk 159 264 325 490 0.233476 0.197661 BG
pillow 660 202 668 213 0.135028 0.701938 BG
paper 599 247 647 271 0.328017 0.550470 BG
paper 628 233 680 281 0.231423 0.622326 BG
paper 646 241 666 260 0.226363 0.571525 BG
paper 405 268 440 290 0.219842 0.445280 BG
paper 564 228 658 272 0.195772 0.697404 plate
paper 403 285 439 301 0.168818 0.566525 BG
paper 543 261 672 331 0.148635 0.671431 BG
paper 441 235 448 246 0.139332 0.566742 BG
paper 577 510 608 527 0.126368 0.490300 BG
paper 169 279 308 383 0.121192 0.678366 BG
paper 671 227 680 241 0.118483 0.520445 BG
paper 650 225 678 235 0.118436 0.685825 BG
paper 673 229 677 231 0.110914 0.549091 BG
paper 561 529 564 530 0.110412 0.304743 BG
paper 448 237 452 240 0.109506 0.527945 BG
paper 434 259 439 268 0.108118 0.701243 BG
paper 567 509 680 530 0.106029 0.248023 BG
paper 660 234 671 243 0.104917 0.587900 BG
paper 670 241 680 253 0.10069 0.514467 BG
paper 203 278 225 303 0.100667 0.868215 BG
box 448 237 453 240 0.224568 0.527945 BG
box 441 234 449 245 0.202499 0.566742 BG
box 492 142 561 305 0.18379 0.327258 milk
box 486 225 498 232 0.136805 0.740123 BG
box 565 225 577 231 0.134969 0.582135 BG
box 560 529 564 530 0.131298 0.304743 BG
box 477 223 487 234 0.122018 0.722721 BG
box 403 266 440 290 0.120597 0.492240 BG
box 622 447 662 468 0.119992 0.712109 BG
box 557 507 680 530 0.116006 0.206057 BG
box 520 0 562 13 0.115234 0.692876 BG
box 565 231 574 238 0.107949 0.760157 BG
box 659 233 671 242 0.107696 0.587900 BG
box 557 508 578 530 0.106912 0.308046 BG
box 423 237 432 243 0.10636 0.761847 BG
box 537 247 545 255 0.106107 0.802736 BG
box 458 240 467 245 0.103062 0.672828 BG
box 537 240 550 258 0.10042 0.705616 BG
garbage_bin 499 136 564 265 0.409314 0.367895 milk
garbage_bin 527 212 563 270 0.234814 0.685148 BG
garbage_bin 515 240 550 263 0.15744 0.671626 BG
garbage_bin 537 239 550 259 0.151844 0.705616 BG
garbage_bin 386 238 407 254 0.112334 0.840437 BG
garbage_bin 558 236 559 239 0.112032 0.807702 BG
garbage_bin 560 220 564 237 0.111499 0.709771 BG
garbage_bin 549 260 558 270 0.109493 0.822132 BG
garbage_bin 550 220 563 252 0.103992 0.840158 BG
