chair 515 224 680 423 0.861386 0.135852 bench
chair 70 242 423 520 0.500961 0.312100 bench
table 264 208 583 507 0.795646 0.116895 end_table
table 452 129 665 473 0.286068 0.513088 BG
table 27 279 429 524 0.283583 0.366451 bench
picture 506 3 680 87 0.85997 0.127000 bulletin
picture 389 0 467 74 0.659364 0.232133 BG
picture 0 0 268 97 0.60271 0.332355 bulletin
picture 619 1 680 70 0.516592 0.172022 BG
picture 140 0 244 72 0.344532 0.426574 BG
picture 84 0 147 66 0.341563 0.462837 BG
picture 299 0 383 79 0.261288 0.426133 BG
picture 1 1 6 22 0.251063 0.555348 BG
picture 84 0 143 3 0.204689 0.321472 BG
picture 575 2 629 61 0.158588 0.096074 BG
picture 528 54 616 65 0.122283 0.871909 BG
desk 443 92 668 500 0.192573 0.684608 BG
desk 0 234 537 504 0.118698 0.690224 bench
mirror 573 0 630 63 0.147407 0.096074 BG
tv 79 1 144 3 0.397782 0.321472 BG
tv 453 0 466 16 0.199924 0.607890 BG
tv 0 0 141 78 0.160457 0.325368 BG
tv 294 0 384 78 0.159847 0.426133 BG
paper 404 501 433 530 0.217833 0.557856 BG
paper 619 0 680 70 0.215828 0.172022 BG
paper 660 384 664 386 0.167861 0.261961 BG
paper 402 513 405 522 0.138584 0.710786 BG
paper 144 0 250 72 0.134435 0.426574 BG
paper 576 0 629 64 0.124633 0.096074 BG
paper 402 369 408 371 0.122636 0.636193 BG
paper 407 372 410 377 0.111697 0.652789 BG
paper 425 514 456 530 0.108758 0.451864 BG
paper 619 48 621 52 0.106384 0.439867 BG
paper 401 491 509 530 0.106182 0.696595 BG
paper 405 355 410 368 0.102573 0.547311 BG
paper 410 350 421 375 0.10143 0.668197 BG
box 619 47 621 52 0.279118 0.439867 BG
box 622 38 672 65 0.174066 0.443693 BG
box 362 520 373 530 0.110798 0.460755 BG
box 315 45 339 51 0.100099 0.690309 BG
lamp 576 0 627 63 0.117918 0.096074 BG
garbage_bin 410 266 532 477 0.746386 0.173572 BG
garbage_bin 511 341 521 360 0.359595 0.639291 BG
garbage_bin 521 441 523 453 0.201948 0.774465 BG
