bed 3 362 267 526 0.10947 0.677712 BG
sofa 34 217 680 530 0.92183 0.075527 sofa_chair
sofa 550 250 674 508 0.738243 0.249328 BG
sofa 0 328 272 530 0.175773 0.677712 sofa_chair
sofa 269 180 397 522 0.119013 0.802340 BG
sofa 0 458 3 462 0.11023 0.293918 BG
door 154 3 195 211 0.127061 0.739621 BG
picture 298 74 439 162 0.369633 0.413957 BG
picture 191 0 622 234 0.369349 0.417095 BG
picture 574 184 579 192 0.304462 0.308332 BG
picture 397 80 435 154 0.268425 0.496541 BG
picture 549 105 562 206 0.246395 0.612798 BG
picture 556 160 578 194 0.243793 0.676499 BG
picture 407 152 421 159 0.23908 0.566559 BG
picture 396 128 404 137 0.203217 0.446601 BG
picture 552 145 559 168 0.181865 0.600541 BG
picture 628 3 680 149 0.168871 0.613246 BG
picture 388 129 397 137 0.140392 0.474321 BG
picture 392 136 401 157 0.131164 0.665496 BG
picture 186 160 189 166 0.129486 0.869430 BG
picture 298 78 324 105 0.125396 0.672263 BG
picture 620 6 641 157 0.124186 0.669565 BG
picture 303 1 416 29 0.1178 0.551705 BG
picture 624 2 631 43 0.115595 0.806067 BG
picture 401 132 437 163 0.110074 0.766932 BG
picture 445 166 447 171 0.1025 0.373214 BG
picture 296 21 352 144 0.101739 0.834297 BG
blinds 185 0 310 106 0.366711 0.554593 BG
blinds 190 88 305 139 0.349482 0.557998 BG
blinds 151 4 457 209 0.294711 0.477289 BG
pillow 8 289 78 454 0.333725 0.605652 BG
pillow 221 399 254 406 0.193207 0.804235 BG
pillow 359 246 583 431 0.14782 0.812003 BG
pillow 222 405 251 414 0.109262 0.888155 BG
paper 388 129 396 137 0.19779 0.474321 BG
paper 510 0 528 39 0.197505 0.597924 BG
paper 396 127 403 137 0.194201 0.446601 BG
paper 487 0 519 37 0.178949 0.578165 BG
paper 341 485 345 491 0.160165 0.463580 BG
paper 575 184 579 192 0.159647 0.308332 BG
paper 637 123 663 140 0.156538 0.533227 BG
paper 311 486 326 530 0.150111 0.236434 BG
paper 1 188 23 330 0.145022 0.236827 BG
paper 647 285 651 292 0.140912 0.662617 BG
paper 28 203 31 206 0.138602 0.171558 BG
paper 577 208 585 215 0.138518 0.582751 BG
paper 445 159 447 163 0.137999 0.371363 BG
paper 521 27 523 31 0.137897 0.681767 BG
paper 634 96 639 110 0.133637 0.614744 BG
paper 446 166 447 171 0.133342 0.373214 BG
paper 2 3 37 261 0.132282 0.213075 BG
paper 437 128 445 135 0.132236 0.603500 BG
paper 362 122 404 163 0.131464 0.598522 BG
paper 641 138 659 150 0.123985 0.624294 BG
paper 495 35 510 50 0.122696 0.694031 BG
paper 510 31 521 39 0.120196 0.719669 BG
paper 422 129 437 155 0.117988 0.658918 BG
paper 1 185 1 191 0.116873 0.171307 BG
paper 292 467 319 529 0.116022 0.400168 BG
paper 379 123 396 131 0.115921 0.625329 BG
paper 484 4 489 31 0.109062 0.716998 BG
paper 427 117 437 122 0.106102 0.548948 BG
paper 670 159 677 163 0.104013 0.484850 BG
paper 346 480 349 481 0.103072 0.185892 BG
towel 226 499 236 530 0.155372 0.586116 BG
towel 249 511 260 530 0.113678 0.660824 BG
towel 235 524 237 527 0.108854 0.570112 BG
towel 346 479 348 481 0.106843 0.185892 BG
box 310 485 325 528 0.198476 0.236434 BG
box 445 166 447 170 0.184775 0.373214 BG
box 444 159 447 162 0.162796 0.371363 BG
box 427 157 447 171 0.138299 0.509722 BG
box 27 203 32 207 0.128445 0.171558 BG
box 291 464 318 528 0.12106 0.400168 BG
box 341 485 345 491 0.106242 0.463580 BG
box 407 152 420 158 0.105603 0.566559 BG
garbage_bin 27 203 32 207 0.153233 0.171558 BG
garbage_bin 574 164 590 207 0.131994 0.529946 BG
garbage_bin 278 250 288 264 0.127279 0.801110 BG
garbage_bin 0 185 2 191 0.107083 0.171307 BG
garbage_bin 346 479 348 482 0.105061 0.185892 BG
