cabinet 330 28 371 79 0.216774 0.575304 BG
cabinet 285 0 440 92 0.180724 0.739557 BG
cabinet 312 16 336 83 0.115243 0.610890 BG
cabinet 266 0 331 96 0.11376 0.673662 BG
chair 4 27 151 180 0.497811 0.490390 BG
chair 327 154 654 530 0.353412 0.489853 sofa_chair
chair 13 4 130 86 0.247049 0.649504 BG
chair 199 50 335 234 0.227918 0.620951 BG
chair 60 67 328 520 0.205885 0.702418 BG
chair 261 53 305 122 0.200069 0.726738 BG
chair 280 108 288 111 0.195471 0.777085 BG
chair 280 99 303 111 0.186911 0.709561 BG
chair 69 2 117 54 0.173874 0.627951 BG
chair 18 38 67 55 0.172264 0.741562 BG
chair 527 353 665 496 0.113312 0.862952 BG
chair 0 62 33 148 0.107074 0.879623 sofa
chair 369 56 385 79 0.101229 0.691142 BG
chair 210 199 389 511 0.100764 0.822042 BG
sofa 212 108 678 515 0.88134 0.096991 sofa_chair&&floor
sofa 425 101 680 288 0.740768 0.207735 BG
sofa 219 70 467 263 0.377778 0.563495 BG
sofa 37 162 372 515 0.188076 0.773536 BG
sofa 303 58 326 98 0.129081 0.722223 BG
sofa 466 106 590 155 0.119031 0.847222 BG
table 266 241 634 530 0.275696 0.479687 sofa_chair
picture 0 324 35 335 0.199558 0.517690 BG
picture 0 285 45 378 0.176494 0.458545 BG
picture 1 1 9 9 0.174605 0.424091 BG
picture 2 2 49 37 0.132791 0.456709 BG
counter 173 103 443 512 0.109393 0.724916 sofa_chair
pillow 328 77 406 199 0.500383 0.466607 BG
pillow 363 96 449 176 0.281633 0.687596 BG
pillow 237 420 253 429 0.202872 0.791134 BG
pillow 407 98 412 99 0.144315 0.678576 BG
pillow 394 92 398 93 0.118374 0.822011 BG
pillow 223 427 236 431 0.113855 0.867019 BG
pillow 373 79 396 92 0.102909 0.785173 BG
clothes 0 288 10 296 0.245683 0.445000 BG
paper 474 521 477 521 0.171537 0.511403 BG
paper 1 121 16 137 0.163552 0.571695 BG
paper 665 237 667 238 0.159752 0.269391 BG
paper 608 479 680 527 0.15914 0.296583 BG
paper 665 233 670 238 0.153343 0.252033 BG
paper 672 368 680 374 0.145413 0.345461 BG
paper 161 485 284 530 0.144248 0.499748 BG
paper 667 360 680 367 0.140786 0.336166 BG
paper 664 269 671 272 0.133963 0.328193 BG
paper 664 408 680 428 0.13335 0.353332 BG
paper 382 515 415 530 0.130585 0.264435 BG
paper 647 34 653 35 0.125008 0.612613 BG
paper 464 494 511 530 0.11538 0.668502 BG
paper 668 336 675 347 0.109352 0.417974 BG
paper 485 523 511 530 0.109227 0.208925 BG
paper 661 27 680 41 0.104995 0.408495 BG
paper 571 507 607 530 0.10321 0.340887 BG
paper 402 521 415 530 0.101919 0.534959 BG
box 2 2 50 35 0.143273 0.456709 BG
box 89 39 128 71 0.140133 0.809767 BG
box 484 522 510 530 0.137328 0.208925 BG
box 317 527 331 530 0.133053 0.237591 BG
box 269 3 309 36 0.132923 0.567213 BG
box 570 505 606 530 0.130293 0.340887 BG
box 32 39 57 43 0.116045 0.791682 BG
box 649 350 652 351 0.113331 0.833497 BG
box 608 474 678 525 0.112089 0.296583 BG
box 646 33 653 35 0.110612 0.612613 BG
box 381 514 415 530 0.10705 0.264435 BG
box 79 34 94 36 0.104818 0.816019 BG
person 3 325 39 335 0.249447 0.395781 BG
person 3 287 45 380 0.21854 0.458545 BG
bag 1 289 10 295 0.154739 0.445000 BG
bag 1 289 37 334 0.148798 0.435251 BG
garbage_bin 422 118 446 147 0.191449 0.739482 BG
garbage_bin 303 49 322 63 0.120115 0.574841 BG
garbage_bin 266 38 336 64 0.103112 0.497975 BG
