0.566015 0.129716 0.001239 0.002265 0.001753 0.001700 0.003616 0.000999 0.118292 0.021854 0.003406 0.000571 0.003459 0.047386 0.001016 0.001049 0.000597 0.061621 0.000919 0.002438 0.000197 0.010965 0.000474 0.001149 0.007973 0.000846 0.000491 0.003240 0.000477 0.000593 0.001764 0.001920
0.015931 0.000023 0.982295 0.000017 0.000333 0.000030 0.000007 0.000005 0.000059 0.000029 0.000100 0.000005 0.000022 0.000293 0.000249 0.000003 0.000126 0.000036 0.000007 0.000027 0.000103 0.000080 0.000004 0.000006 0.000102 0.000007 0.000010 0.000005 0.000014 0.000013 0.000048 0.000009
0.047055 0.000037 0.947608 0.000014 0.003701 0.000610 0.000010 0.000006 0.000221 0.000009 0.000168 0.000007 0.000145 0.000103 0.000044 0.000003 0.000025 0.000020 0.000008 0.000013 0.000009 0.000017 0.000003 0.000007 0.000037 0.000022 0.000035 0.000006 0.000022 0.000003 0.000024 0.000008
0.146851 0.000086 0.843191 0.000011 0.008735 0.000237 0.000006 0.000002 0.000210 0.000004 0.000274 0.000003 0.000068 0.000120 0.000014 0.000001 0.000010 0.000024 0.000002 0.000003 0.000005 0.000008 0.000004 0.000002 0.000023 0.000023 0.000033 0.000002 0.000031 0.000001 0.000014 0.000002
0.187964 0.001187 0.571154 0.011885 0.130627 0.018890 0.000636 0.000595 0.006569 0.002563 0.005149 0.000470 0.010144 0.004457 0.007795 0.000397 0.003546 0.000593 0.003470 0.003915 0.001495 0.007910 0.000426 0.004402 0.003460 0.000503 0.001000 0.001586 0.001157 0.001908 0.001516 0.002629
0.679669 0.000056 0.291806 0.000105 0.000339 0.000048 0.000023 0.000025 0.000115 0.000444 0.000315 0.000057 0.000017 0.000318 0.014510 0.000013 0.004145 0.000019 0.000015 0.002241 0.002295 0.001991 0.000016 0.000058 0.000348 0.000041 0.000076 0.000155 0.000068 0.000430 0.000177 0.000066
0.778327 0.000270 0.206550 0.000087 0.007231 0.000232 0.000042 0.000018 0.003148 0.000161 0.000210 0.000028 0.000080 0.000958 0.001086 0.000008 0.000170 0.000041 0.000015 0.000144 0.000025 0.000280 0.000015 0.000030 0.000511 0.000029 0.000030 0.000070 0.000023 0.000030 0.000122 0.000029
0.769038 0.000057 0.191364 0.000099 0.007135 0.000078 0.000059 0.000045 0.000334 0.000422 0.000147 0.000085 0.000013 0.000125 0.029005 0.000021 0.000419 0.000013 0.000012 0.000567 0.000173 0.000095 0.000028 0.000075 0.000156 0.000050 0.000064 0.000125 0.000024 0.000069 0.000054 0.000049
0.474244 0.000506 0.043155 0.362051 0.029985 0.022669 0.000406 0.000493 0.004494 0.001919 0.001641 0.000344 0.003491 0.001244 0.009551 0.000412 0.004579 0.000605 0.001658 0.004488 0.002158 0.010102 0.000250 0.003561 0.002071 0.000300 0.000956 0.003176 0.000337 0.003750 0.001862 0.003541
0.627331 0.000135 0.000657 0.342622 0.001594 0.001813 0.000095 0.000085 0.000999 0.000698 0.001990 0.000165 0.000262 0.000128 0.002500 0.000079 0.000679 0.000181 0.000165 0.002048 0.000732 0.010481 0.000069 0.000661 0.000314 0.000076 0.000337 0.000586 0.000057 0.001152 0.000709 0.000599
0.706720 0.002112 0.000056 0.214159 0.002174 0.007481 0.000723 0.000338 0.000825 0.001654 0.002230 0.000173 0.000492 0.000280 0.000599 0.000330 0.000872 0.005380 0.002065 0.001332 0.001790 0.015941 0.000777 0.000496 0.001173 0.000590 0.005206 0.000643 0.000340 0.003658 0.016892 0.002499
0.713829 0.000947 0.002081 0.149489 0.006906 0.019735 0.000339 0.000428 0.003465 0.002987 0.005394 0.000149 0.001183 0.000777 0.003481 0.000188 0.001561 0.002053 0.001915 0.008978 0.002073 0.048675 0.000266 0.001436 0.002305 0.000404 0.001237 0.002260 0.000305 0.004186 0.007549 0.003418
0.670500 0.001577 0.004371 0.112812 0.061174 0.004766 0.001272 0.000953 0.001383 0.003449 0.004789 0.001143 0.000780 0.001968 0.072872 0.000706 0.003751 0.000999 0.000720 0.005441 0.002399 0.012853 0.000960 0.005143 0.004083 0.001443 0.002135 0.002304 0.000900 0.005189 0.004198 0.002968
0.490536 0.004339 0.018540 0.006645 0.285422 0.004845 0.002258 0.001532 0.019247 0.031324 0.001681 0.001537 0.000270 0.001658 0.011079 0.002300 0.023079 0.000723 0.004468 0.011039 0.003318 0.030469 0.001925 0.009379 0.001211 0.000613 0.000597 0.006504 0.000631 0.015155 0.003810 0.003868
0.470191 0.005387 0.021419 0.002563 0.226459 0.000626 0.003743 0.003813 0.010278 0.035725 0.008554 0.004459 0.000233 0.003103 0.081885 0.001384 0.004257 0.001223 0.002008 0.034010 0.003746 0.017989 0.009672 0.013617 0.004645 0.002704 0.002209 0.006014 0.005549 0.004531 0.004144 0.003861
0.535920 0.002108 0.083931 0.004202 0.181418 0.026303 0.001188 0.000617 0.005382 0.003193 0.004393 0.000624 0.000698 0.005693 0.081086 0.000346 0.006448 0.000603 0.000410 0.005383 0.002511 0.008255 0.000356 0.001004 0.010934 0.001876 0.002229 0.002810 0.001326 0.002126 0.015388 0.001238
0.155845 0.008621 0.008443 0.006004 0.173074 0.003463 0.011059 0.007920 0.019362 0.150608 0.002331 0.004687 0.000364 0.004139 0.038559 0.023413 0.048234 0.003723 0.038936 0.040204 0.014688 0.077370 0.002980 0.036926 0.004317 0.002092 0.001149 0.018414 0.001926 0.063394 0.012047 0.015711
0.156950 0.002162 0.517283 0.019920 0.152003 0.018669 0.001331 0.001134 0.010738 0.005506 0.006194 0.000983 0.010637 0.009081 0.017151 0.000970 0.006079 0.001285 0.006850 0.006517 0.002863 0.012779 0.000783 0.007007 0.005895 0.000878 0.001479 0.003392 0.001797 0.004102 0.002786 0.004798
0.255365 0.006287 0.003795 0.005074 0.137037 0.001183 0.006466 0.003509 0.019719 0.112058 0.001920 0.003626 0.000123 0.002258 0.017202 0.011182 0.056105 0.001606 0.015605 0.053442 0.018279 0.140586 0.003811 0.019020 0.001893 0.000742 0.000917 0.013619 0.001121 0.068664 0.008484 0.009299
0.805264 0.002908 0.004742 0.009651 0.128362 0.005374 0.000805 0.000485 0.002221 0.003439 0.004896 0.000570 0.000503 0.000817 0.007759 0.000306 0.001228 0.001033 0.000241 0.001629 0.000625 0.002366 0.001835 0.001049 0.000961 0.000892 0.002436 0.001983 0.000633 0.000823 0.003391 0.000775
0.685585 0.000986 0.028059 0.038426 0.113574 0.067290 0.000401 0.000365 0.001035 0.001124 0.009176 0.000200 0.004010 0.001094 0.001942 0.000212 0.001280 0.004538 0.000632 0.001676 0.001889 0.004747 0.000479 0.000392 0.003135 0.001655 0.009352 0.000743 0.001699 0.001126 0.012079 0.001100
0.707789 0.001292 0.006539 0.004541 0.100441 0.005402 0.001619 0.001025 0.004447 0.009664 0.039013 0.000986 0.003203 0.001454 0.008337 0.000458 0.004733 0.000945 0.002527 0.030572 0.003442 0.021305 0.001161 0.008281 0.001790 0.001722 0.003498 0.003058 0.004456 0.005335 0.008350 0.002614
0.685722 0.005700 0.001154 0.003682 0.002885 0.103348 0.002630 0.001559 0.011001 0.009028 0.029047 0.001342 0.011050 0.001514 0.001145 0.001449 0.001980 0.002532 0.004682 0.044411 0.005570 0.025070 0.001360 0.000967 0.002512 0.001959 0.005110 0.004425 0.003281 0.003148 0.018809 0.001931
0.558540 0.001087 0.127694 0.062353 0.060517 0.101301 0.000633 0.000599 0.005548 0.003940 0.005521 0.000494 0.019606 0.002594 0.005747 0.000358 0.003226 0.000761 0.002909 0.006065 0.001524 0.008535 0.000602 0.004981 0.002550 0.000496 0.000973 0.002429 0.000972 0.002288 0.001743 0.003415
0.519013 0.097566 0.006405 0.003117 0.004167 0.007461 0.002547 0.001137 0.196212 0.010867 0.009853 0.001141 0.009587 0.053993 0.003456 0.000908 0.001151 0.003468 0.001710 0.003694 0.000417 0.006221 0.000709 0.001096 0.040602 0.000815 0.000937 0.004509 0.000577 0.001012 0.003279 0.002371
0.311837 0.000096 0.000012 0.000073 0.000007 0.000021 0.000145 0.000103 0.000951 0.594228 0.000040 0.000014 0.000007 0.000214 0.000245 0.000393 0.000077 0.021646 0.000043 0.031807 0.000220 0.036012 0.000027 0.000203 0.000047 0.000030 0.000019 0.000549 0.000060 0.000395 0.000040 0.000439
0.417311 0.006278 0.000146 0.000401 0.000076 0.000146 0.001039 0.000401 0.007806 0.429828 0.000305 0.000103 0.000066 0.004516 0.000533 0.002476 0.000356 0.070916 0.000378 0.008883 0.000240 0.042044 0.000071 0.000508 0.000763 0.000150 0.000057 0.001714 0.000115 0.000786 0.000217 0.001368
0.545831 0.000256 0.000043 0.000433 0.000049 0.000093 0.000782 0.000355 0.002058 0.358430 0.000282 0.000051 0.000016 0.000289 0.000888 0.001500 0.000322 0.021667 0.000172 0.041631 0.000930 0.019536 0.000134 0.000553 0.000166 0.000155 0.000086 0.000687 0.000183 0.001155 0.000196 0.001069
0.565944 0.000084 0.000016 0.000270 0.000016 0.000038 0.000248 0.000113 0.001360 0.298263 0.000049 0.000020 0.000018 0.000183 0.000480 0.000130 0.000136 0.016449 0.000044 0.075377 0.000453 0.038094 0.000061 0.000272 0.000064 0.000055 0.000017 0.000560 0.000102 0.000607 0.000090 0.000384
0.389085 0.002472 0.000389 0.001654 0.013272 0.000181 0.002684 0.002330 0.003117 0.293978 0.000278 0.002265 0.000005 0.000191 0.010556 0.010774 0.030400 0.000215 0.003274 0.051101 0.007509 0.106573 0.017562 0.004761 0.000296 0.000230 0.000083 0.022350 0.000119 0.017158 0.000731 0.004405
0.583484 0.000116 0.000023 0.000115 0.000012 0.000042 0.000111 0.000119 0.001696 0.293751 0.000103 0.000013 0.000024 0.000388 0.000531 0.000151 0.000158 0.018937 0.000044 0.046732 0.000399 0.050963 0.000020 0.000232 0.000080 0.000038 0.000038 0.000558 0.000126 0.000526 0.000057 0.000413
0.653218 0.008020 0.000086 0.000967 0.000080 0.000101 0.002189 0.000638 0.004457 0.243966 0.000660 0.000148 0.000017 0.002165 0.000654 0.007009 0.000533 0.026219 0.000480 0.011592 0.000387 0.029605 0.000170 0.000359 0.000812 0.000219 0.000113 0.002045 0.000095 0.001229 0.000349 0.001414
0.550729 0.002312 0.000256 0.002679 0.001519 0.000442 0.000841 0.000717 0.003215 0.227680 0.002450 0.000586 0.000789 0.001110 0.004413 0.000989 0.002720 0.003256 0.001182 0.055161 0.004633 0.085854 0.002734 0.020318 0.000962 0.000250 0.000292 0.004603 0.001605 0.010569 0.001142 0.003993
0.729067 0.000010 0.000003 0.000036 0.000002 0.000006 0.000030 0.000028 0.000411 0.208283 0.000016 0.000003 0.000003 0.000056 0.000198 0.000026 0.000054 0.003993 0.000007 0.039624 0.000163 0.017419 0.000007 0.000049 0.000019 0.000010 0.000007 0.000120 0.000032 0.000204 0.000011 0.000104
0.664635 0.001916 0.000146 0.000777 0.001035 0.000326 0.000566 0.000527 0.003355 0.198381 0.002845 0.000334 0.000291 0.000528 0.002635 0.001458 0.002152 0.002605 0.000726 0.030764 0.002775 0.053028 0.001547 0.011280 0.000385 0.000210 0.000871 0.003512 0.001557 0.005335 0.000787 0.002710
0.456234 0.001399 0.000719 0.004024 0.004029 0.000471 0.000892 0.000958 0.000972 0.170410 0.000157 0.000979 0.000021 0.000679 0.024375 0.003494 0.018625 0.000440 0.001015 0.076429 0.009371 0.143120 0.000463 0.006414 0.001876 0.000139 0.000194 0.021722 0.000256 0.043617 0.001521 0.004984
0.713036 0.001985 0.000044 0.000834 0.000083 0.000154 0.004305 0.000875 0.003954 0.162635 0.000688 0.000187 0.000016 0.000457 0.000497 0.011798 0.000530 0.052969 0.000917 0.019802 0.001003 0.015523 0.000261 0.000641 0.000284 0.000370 0.000154 0.001303 0.000132 0.001689 0.000672 0.002202
0.416434 0.000930 0.000656 0.001037 0.016011 0.000345 0.002030 0.001765 0.004782 0.154996 0.000522 0.001699 0.000014 0.000361 0.006079 0.003745 0.013575 0.001333 0.003570 0.101875 0.009703 0.197663 0.005153 0.008718 0.000542 0.000572 0.000403 0.009564 0.000558 0.028793 0.003475 0.003096
0.814790 0.000333 0.000013 0.000594 0.000044 0.000142 0.000192 0.000203 0.000492 0.152902 0.000185 0.000069 0.000018 0.000153 0.000957 0.000581 0.000440 0.001644 0.000884 0.007153 0.000622 0.013397 0.000048 0.000608 0.000348 0.000040 0.000097 0.000581 0.000062 0.001409 0.000258 0.000742
0.155845 0.008621 0.008443 0.006004 0.173074 0.003463 0.011059 0.007920 0.019362 0.150608 0.002331 0.004687 0.000364 0.004139 0.038559 0.023413 0.048234 0.003723 0.038936 0.040204 0.014688 0.077370 0.002980 0.036926 0.004317 0.002092 0.001149 0.018414 0.001926 0.063394 0.012047 0.015711
0.265763 0.007302 0.003120 0.007083 0.036923 0.001648 0.005275 0.003139 0.007745 0.148625 0.001101 0.003294 0.000154 0.002515 0.041138 0.012923 0.060894 0.001690 0.007759 0.054645 0.021435 0.142151 0.001731 0.015471 0.003953 0.001152 0.000984 0.030280 0.001300 0.089392 0.007352 0.012063
0.336691 0.003022 0.004140 0.005418 0.020648 0.001052 0.003476 0.003179 0.003796 0.142313 0.004427 0.007353 0.000144 0.001409 0.028357 0.003893 0.030232 0.001433 0.004054 0.113673 0.030276 0.093893 0.020645 0.012194 0.001413 0.001259 0.002150 0.021808 0.002341 0.073658 0.016976 0.004678
0.711803 0.001970 0.000373 0.001444 0.002178 0.000402 0.000628 0.000605 0.004642 0.139942 0.003290 0.000438 0.000565 0.001012 0.005375 0.001023 0.002666 0.002103 0.000862 0.032575 0.003860 0.048011 0.001176 0.014770 0.000726 0.000263 0.000637 0.003958 0.001606 0.007118 0.001060 0.002918
0.431531 0.000182 0.000027 0.000653 0.000210 0.001415 0.001425 0.000865 0.001570 0.138002 0.000747 0.000390 0.000075 0.000236 0.000654 0.001458 0.001119 0.010518 0.002117 0.225866 0.008180 0.134623 0.007234 0.001593 0.000345 0.002354 0.001073 0.006374 0.000833 0.007918 0.007833 0.002580
0.801731 0.000304 0.000024 0.002034 0.000124 0.000291 0.000248 0.000308 0.001077 0.132437 0.000321 0.000140 0.000082 0.000185 0.001528 0.000509 0.000614 0.002107 0.000602 0.018926 0.001236 0.027183 0.000154 0.001262 0.000305 0.000099 0.000325 0.001265 0.000199 0.002759 0.000308 0.001313
0.507575 0.004331 0.000303 0.007601 0.001559 0.001707 0.002581 0.001194 0.010893 0.132252 0.002787 0.001145 0.000910 0.001678 0.003166 0.003031 0.003224 0.008028 0.004590 0.045743 0.003989 0.201484 0.001935 0.010563 0.001007 0.000660 0.000792 0.013116 0.001147 0.008188 0.002703 0.010117
0.622558 0.008570 0.001162 0.001228 0.049459 0.000298 0.007103 0.005555 0.012215 0.128449 0.001386 0.018872 0.000011 0.000311 0.002126 0.009015 0.018881 0.001507 0.004071 0.015350 0.003304 0.038005 0.017114 0.009457 0.000346 0.000591 0.000369 0.007142 0.000351 0.011751 0.001385 0.002059
0.271598 0.000072 0.000031 0.000197 0.000540 0.000187 0.000792 0.000506 0.000429 0.126902 0.000239 0.000311 0.000010 0.000149 0.003125 0.000546 0.001544 0.001450 0.001221 0.293056 0.007017 0.254196 0.005754 0.002956 0.000355 0.000819 0.000382 0.005399 0.000372 0.016132 0.002311 0.001402
0.853538 0.001445 0.000310 0.000267 0.000194 0.000027 0.000935 0.000214 0.002233 0.100667 0.000060 0.000111 0.000013 0.001496 0.001023 0.001350 0.000386 0.012126 0.000057 0.006811 0.000275 0.011803 0.000230 0.000441 0.000224 0.000197 0.000063 0.002342 0.000147 0.000429 0.000174 0.000412
0.585936 0.000229 0.000079 0.000598 0.000078 0.000292 0.000632 0.000242 0.000677 0.100432 0.000503 0.000115 0.000130 0.000673 0.007875 0.000674 0.003372 0.002258 0.002328 0.101119 0.008323 0.147537 0.000208 0.000995 0.002750 0.000111 0.000317 0.001261 0.000149 0.022731 0.004030 0.003345
0.360132 0.000009 0.002306 0.000159 0.000938 0.000004 0.000022 0.000016 0.000014 0.000292 0.000040 0.000012 0.000001 0.000140 0.630419 0.000012 0.001544 0.000008 0.000010 0.000381 0.000953 0.000821 0.000005 0.000073 0.000331 0.000014 0.000063 0.000142 0.000014 0.000844 0.000212 0.000074
0.425758 0.000085 0.012529 0.000767 0.004386 0.000022 0.000336 0.000216 0.000229 0.008092 0.000846 0.000315 0.000007 0.000515 0.516674 0.000129 0.005915 0.000140 0.000076 0.004685 0.007911 0.002169 0.000095 0.000525 0.000995 0.000141 0.000250 0.000456 0.000188 0.003748 0.001353 0.000448
0.614069 0.000029 0.088194 0.000184 0.000204 0.000013 0.000052 0.000031 0.000096 0.000360 0.000302 0.000042 0.000007 0.000243 0.273185 0.000026 0.011145 0.000012 0.000015 0.001191 0.006931 0.000705 0.000010 0.000111 0.000505 0.000027 0.000247 0.000197 0.000045 0.001168 0.000537 0.000117
0.721041 0.000024 0.003881 0.000384 0.000442 0.000020 0.000040 0.000029 0.000013 0.000459 0.000025 0.000043 0.000002 0.000141 0.266467 0.000024 0.002150 0.000017 0.000008 0.000848 0.000879 0.000499 0.000018 0.000267 0.000299 0.000036 0.000054 0.000408 0.000022 0.001135 0.000261 0.000061
0.755915 0.000030 0.001166 0.000218 0.000355 0.000013 0.000098 0.000065 0.000137 0.001930 0.000251 0.000047 0.000003 0.000237 0.210112 0.000052 0.005673 0.000104 0.000056 0.004370 0.008707 0.003068 0.000017 0.000067 0.000752 0.000083 0.000183 0.000507 0.000078 0.003338 0.002086 0.000281
0.821352 0.000000 0.000039 0.000003 0.000037 0.000000 0.000003 0.000001 0.000002 0.000202 0.000005 0.000002 0.000000 0.000005 0.177048 0.000001 0.000219 0.000000 0.000000 0.000615 0.000170 0.000080 0.000000 0.000003 0.000012 0.000002 0.000007 0.000029 0.000002 0.000144 0.000012 0.000005
0.749273 0.000014 0.049780 0.000232 0.000495 0.000005 0.000071 0.000053 0.000093 0.000521 0.000265 0.000063 0.000009 0.000314 0.172970 0.000025 0.012732 0.000035 0.000014 0.002787 0.005203 0.001342 0.000032 0.000163 0.000802 0.000051 0.000138 0.000162 0.000043 0.001447 0.000750 0.000115
0.590774 0.000283 0.085397 0.001100 0.020956 0.000163 0.000334 0.000235 0.001739 0.013460 0.001286 0.000420 0.000290 0.002875 0.151804 0.000295 0.023010 0.000392 0.000343 0.015266 0.020935 0.041866 0.000294 0.001577 0.001520 0.000364 0.000709 0.001497 0.001159 0.016324 0.002275 0.001057
0.571556 0.000734 0.004440 0.000964 0.014483 0.000119 0.000765 0.000951 0.003668 0.049151 0.001703 0.001529 0.000165 0.001180 0.130654 0.000753 0.013081 0.000377 0.001782 0.094393 0.009383 0.049014 0.002056 0.011600 0.001828 0.000398 0.001002 0.007252 0.000822 0.017807 0.002296 0.004095
0.728751 0.000773 0.003017 0.013171 0.002994 0.001745 0.001181 0.000651 0.001204 0.008482 0.000937 0.001294 0.000124 0.002548 0.130146 0.001050 0.014281 0.000407 0.000658 0.033320 0.003920 0.016065 0.000405 0.002020 0.004226 0.000762 0.000929 0.009336 0.000376 0.006135 0.006537 0.002554
0.844829 0.000149 0.011674 0.001478 0.001136 0.000215 0.000156 0.000113 0.000060 0.001427 0.000096 0.000170 0.000013 0.000446 0.119883 0.000113 0.004056 0.000097 0.000033 0.003064 0.001798 0.001580 0.000076 0.000882 0.000733 0.000124 0.000196 0.001176 0.000093 0.002901 0.000988 0.000248
0.853394 0.000161 0.004590 0.000676 0.001525 0.000027 0.000479 0.000107 0.000168 0.003393 0.000435 0.000110 0.000009 0.001073 0.102350 0.000094 0.007243 0.000731 0.000105 0.001451 0.007441 0.002566 0.000056 0.000287 0.001062 0.000271 0.000154 0.000496 0.000154 0.004321 0.004639 0.000431
0.437800 0.017609 0.000162 0.000993 0.000178 0.000176 0.003216 0.000686 0.012138 0.308894 0.000481 0.000203 0.000122 0.007900 0.000612 0.005762 0.000447 0.132988 0.000696 0.010992 0.000350 0.047259 0.000202 0.000648 0.001296 0.000372 0.000106 0.003364 0.000232 0.001163 0.000596 0.002357
0.271598 0.000072 0.000031 0.000197 0.000540 0.000187 0.000792 0.000506 0.000429 0.126902 0.000239 0.000311 0.000010 0.000149 0.003125 0.000546 0.001544 0.001450 0.001221 0.293056 0.007017 0.254196 0.005754 0.002956 0.000355 0.000819 0.000382 0.005399 0.000372 0.016132 0.002311 0.001402
0.525932 0.000756 0.000308 0.000957 0.001466 0.000688 0.000731 0.000263 0.001312 0.020466 0.002121 0.000298 0.000079 0.000263 0.011400 0.000453 0.002312 0.000919 0.000278 0.286989 0.017354 0.049666 0.000590 0.000637 0.000739 0.004365 0.003266 0.048657 0.002453 0.005620 0.007295 0.001364
0.433636 0.000193 0.000041 0.000421 0.000202 0.000584 0.001081 0.000741 0.000856 0.102776 0.000428 0.000549 0.000037 0.000224 0.001460 0.000786 0.001145 0.003157 0.001230 0.262240 0.008321 0.142811 0.006769 0.002550 0.000384 0.001834 0.000647 0.007957 0.000589 0.009367 0.005466 0.001520
0.594293 0.000719 0.000159 0.000697 0.000745 0.000636 0.000605 0.000173 0.001047 0.015635 0.002495 0.000167 0.000083 0.000302 0.011944 0.000192 0.002004 0.000845 0.000239 0.244269 0.010431 0.056898 0.000235 0.000521 0.001190 0.002786 0.005456 0.020455 0.001675 0.006922 0.014899 0.001285
0.693551 0.000027 0.000228 0.000208 0.000185 0.000036 0.000295 0.000176 0.000177 0.022501 0.002437 0.000534 0.000004 0.000041 0.015847 0.000113 0.003946 0.000050 0.000036 0.208419 0.015581 0.019394 0.000461 0.000556 0.000218 0.000262 0.001126 0.001510 0.000524 0.009160 0.002092 0.000300
0.473978 0.002376 0.000781 0.000606 0.001330 0.001075 0.002346 0.001887 0.004722 0.060910 0.004968 0.002395 0.000176 0.001575 0.038803 0.003073 0.018316 0.001482 0.002107 0.204743 0.028049 0.061634 0.000837 0.002952 0.003062 0.002322 0.003355 0.015959 0.002564 0.032767 0.013842 0.005008
0.569536 0.001779 0.001320 0.002416 0.002680 0.002008 0.001404 0.000744 0.002174 0.033203 0.004420 0.000924 0.000352 0.000893 0.014765 0.001216 0.006611 0.003029 0.000827 0.191618 0.024828 0.054423 0.001406 0.002531 0.002030 0.002812 0.004586 0.034152 0.003537 0.012088 0.012380 0.003309
0.468367 0.000011 0.000022 0.000038 0.000008 0.000024 0.000005 0.000005 0.000083 0.001895 0.000034 0.000004 0.000088 0.000099 0.000455 0.000002 0.000298 0.000045 0.000007 0.183327 0.000250 0.343177 0.000010 0.000128 0.000220 0.000006 0.000012 0.000251 0.000010 0.000895 0.000111 0.000112
0.744657 0.000006 0.000001 0.000055 0.000010 0.000091 0.000115 0.000085 0.000042 0.040646 0.000040 0.000067 0.000003 0.000012 0.000325 0.000064 0.000176 0.000353 0.000076 0.177103 0.002010 0.025605 0.000863 0.000431 0.000047 0.000507 0.000056 0.002723 0.000058 0.002211 0.001415 0.000149
0.564089 0.001783 0.001263 0.001088 0.002752 0.001673 0.001957 0.001264 0.002427 0.041920 0.002581 0.002284 0.000096 0.000410 0.010900 0.002869 0.004205 0.000987 0.000471 0.162464 0.014735 0.026408 0.001648 0.001467 0.000803 0.003439 0.002020 0.131118 0.001607 0.005000 0.002782 0.001491
0.422541 0.003982 0.001333 0.003955 0.002866 0.001750 0.002682 0.001021 0.004079 0.077833 0.003336 0.001832 0.000618 0.002635 0.011306 0.001169 0.005002 0.002702 0.001785 0.151223 0.008157 0.201995 0.002190 0.021306 0.002761 0.000686 0.000676 0.015815 0.002199 0.022263 0.011814 0.006488
0.795296 0.000007 0.000002 0.000051 0.000006 0.000104 0.000134 0.000083 0.000044 0.024110 0.000036 0.000059 0.000003 0.000017 0.000255 0.000053 0.000159 0.000468 0.000061 0.149295 0.001677 0.018912 0.000394 0.000370 0.000050 0.000810 0.000055 0.001729 0.000080 0.002271 0.003266 0.000144
0.468288 0.001908 0.001942 0.003783 0.007562 0.003017 0.006111 0.002209 0.001598 0.033124 0.005438 0.009272 0.000336 0.001716 0.013266 0.001631 0.010606 0.004282 0.003363 0.134609 0.027530 0.097333 0.001880 0.006289 0.002047 0.003185 0.002438 0.018548 0.002517 0.046028 0.075090 0.003054
0.827076 0.000114 0.000043 0.001818 0.000172 0.000186 0.000041 0.000132 0.000453 0.002829 0.003434 0.000140 0.000507 0.000116 0.001856 0.000071 0.002119 0.000052 0.000164 0.130436 0.002102 0.013296 0.000222 0.003217 0.000412 0.000040 0.000607 0.001601 0.000085 0.004382 0.000690 0.001589
0.619507 0.003304 0.000648 0.001986 0.003294 0.002265 0.001331 0.000657 0.004547 0.035254 0.009908 0.000534 0.000322 0.001226 0.008755 0.000879 0.004195 0.003180 0.001047 0.124373 0.012865 0.085060 0.000838 0.001286 0.003239 0.002951 0.006889 0.020615 0.003057 0.010276 0.022725 0.002990
0.747160 0.000001 0.000012 0.000049 0.000010 0.000017 0.000003 0.000002 0.000026 0.000614 0.000014 0.000002 0.000014 0.000016 0.001271 0.000001 0.000362 0.000012 0.000004 0.119243 0.000276 0.129469 0.000001 0.000038 0.000093 0.000005 0.000016 0.000073 0.000003 0.001008 0.000116 0.000069
0.746000 0.000053 0.000069 0.000287 0.000038 0.000082 0.000237 0.000068 0.000384 0.020576 0.000377 0.000041 0.000065 0.000316 0.006850 0.000129 0.003316 0.000543 0.000392 0.118127 0.006294 0.075054 0.000077 0.000304 0.001288 0.000072 0.000153 0.000553 0.000078 0.014337 0.002593 0.001245
0.684296 0.002592 0.001272 0.001153 0.001994 0.001617 0.001268 0.000745 0.002129 0.031732 0.004866 0.000609 0.000875 0.001326 0.010751 0.000940 0.006632 0.004276 0.000762 0.117820 0.012746 0.041938 0.000746 0.006349 0.002769 0.001483 0.003745 0.014482 0.003283 0.018014 0.011250 0.005545
0.336691 0.003022 0.004140 0.005418 0.020648 0.001052 0.003476 0.003179 0.003796 0.142313 0.004427 0.007353 0.000144 0.001409 0.028357 0.003893 0.030232 0.001433 0.004054 0.113673 0.030276 0.093893 0.020645 0.012194 0.001413 0.001259 0.002150 0.021808 0.002341 0.073658 0.016976 0.004678
0.843615 0.000002 0.000002 0.000200 0.000003 0.000015 0.000002 0.000002 0.000021 0.000194 0.000021 0.000003 0.000146 0.000013 0.000201 0.000001 0.000208 0.000006 0.000007 0.112470 0.000177 0.041267 0.000004 0.000168 0.000081 0.000002 0.000015 0.000129 0.000002 0.000864 0.000058 0.000100
0.387839 0.006921 0.005552 0.018631 0.014529 0.012575 0.018152 0.005878 0.008694 0.032307 0.013920 0.010396 0.002434 0.006709 0.018757 0.005414 0.015230 0.012941 0.006760 0.108809 0.024766 0.077349 0.005759 0.010958 0.006444 0.011719 0.004886 0.029868 0.006659 0.026035 0.075146 0.007963
0.674875 0.001055 0.000498 0.002154 0.000940 0.000707 0.001924 0.000669 0.002046 0.017238 0.000832 0.000533 0.000145 0.000838 0.014797 0.001863 0.014991 0.001608 0.001265 0.108041 0.021403 0.046863 0.000535 0.001339 0.002396 0.001648 0.001111 0.012439 0.000426 0.032155 0.028735 0.003932
0.811410 0.000028 0.000027 0.000028 0.000029 0.000007 0.000090 0.000035 0.000836 0.061723 0.000041 0.000029 0.000007 0.000151 0.002729 0.000056 0.000423 0.000220 0.000024 0.104348 0.000846 0.013054 0.000024 0.000109 0.000207 0.000038 0.000029 0.000444 0.000060 0.002596 0.000137 0.000216
0.517709 0.001488 0.002186 0.004205 0.057242 0.001810 0.002464 0.001171 0.005769 0.046673 0.012612 0.001312 0.001493 0.002488 0.016963 0.000692 0.014714 0.002387 0.005833 0.102785 0.014215 0.078557 0.001951 0.014583 0.002944 0.002031 0.002291 0.010918 0.004047 0.029275 0.031257 0.005937
0.416434 0.000930 0.000656 0.001037 0.016011 0.000345 0.002030 0.001765 0.004782 0.154996 0.000522 0.001699 0.000014 0.000361 0.006079 0.003745 0.013575 0.001333 0.003570 0.101875 0.009703 0.197663 0.005153 0.008718 0.000542 0.000572 0.000403 0.009564 0.000558 0.028793 0.003475 0.003096
0.393323 0.000002 0.000006 0.000008 0.000003 0.000002 0.000004 0.000001 0.000037 0.000126 0.000014 0.000002 0.000000 0.000005 0.000121 0.000000 0.000064 0.000007 0.000001 0.004598 0.000174 0.601329 0.000001 0.000007 0.000005 0.000004 0.000008 0.000017 0.000003 0.000081 0.000036 0.000010
0.446723 0.000009 0.000009 0.000150 0.000048 0.000089 0.000052 0.000022 0.000116 0.015755 0.000051 0.000024 0.000006 0.000023 0.000878 0.000018 0.000211 0.000211 0.000031 0.041156 0.001070 0.491256 0.000063 0.000215 0.000035 0.000023 0.000027 0.000261 0.000031 0.001044 0.000223 0.000172
0.502512 0.000017 0.000032 0.000085 0.000012 0.000018 0.000012 0.000003 0.000065 0.000692 0.000011 0.000007 0.000027 0.000101 0.000634 0.000002 0.000239 0.000046 0.000005 0.022296 0.000141 0.471849 0.000012 0.000084 0.000138 0.000008 0.000008 0.000303 0.000007 0.000467 0.000118 0.000050
0.549540 0.000361 0.000047 0.003089 0.000185 0.001113 0.000153 0.000077 0.001558 0.002422 0.002045 0.000108 0.002910 0.000300 0.000560 0.000078 0.000857 0.000516 0.000505 0.040973 0.001546 0.380941 0.000165 0.000943 0.000738 0.000163 0.000902 0.001541 0.000121 0.002737 0.001462 0.001347
0.505231 0.002032 0.000130 0.008278 0.000586 0.003738 0.001060 0.000375 0.005107 0.005164 0.008403 0.000418 0.002159 0.001126 0.001421 0.000429 0.002903 0.002619 0.001508 0.040560 0.005194 0.372444 0.000541 0.001535 0.001703 0.000928 0.002909 0.004047 0.000499 0.006865 0.007512 0.002575
0.618615 0.000000 0.000000 0.000002 0.000000 0.000001 0.000000 0.000000 0.000004 0.000046 0.000001 0.000000 0.000002 0.000002 0.000022 0.000000 0.000015 0.000002 0.000000 0.025506 0.000016 0.355690 0.000000 0.000002 0.000007 0.000000 0.000000 0.000002 0.000000 0.000053 0.000007 0.000003
0.468367 0.000011 0.000022 0.000038 0.000008 0.000024 0.000005 0.000005 0.000083 0.001895 0.000034 0.000004 0.000088 0.000099 0.000455 0.000002 0.000298 0.000045 0.000007 0.183327 0.000250 0.343177 0.000010 0.000128 0.000220 0.000006 0.000012 0.000251 0.000010 0.000895 0.000111 0.000112
0.484378 0.000041 0.000043 0.000318 0.000303 0.000171 0.000164 0.000112 0.000242 0.077591 0.000069 0.000096 0.000003 0.000078 0.003717 0.000310 0.001267 0.000282 0.000656 0.081321 0.001578 0.331283 0.000310 0.002080 0.000297 0.000062 0.000084 0.003035 0.000034 0.008763 0.000281 0.001032
0.457743 0.002751 0.000303 0.007280 0.001095 0.004327 0.001638 0.000942 0.008609 0.049945 0.005928 0.001034 0.002302 0.001525 0.002705 0.001671 0.003665 0.008152 0.004876 0.068900 0.004967 0.309644 0.001551 0.007610 0.001553 0.000566 0.001741 0.011879 0.000987 0.009475 0.003807 0.010831
0.649182 0.000000 0.000001 0.000012 0.000001 0.000005 0.000001 0.000000 0.000019 0.000193 0.000004 0.000000 0.000005 0.000006 0.000076 0.000000 0.000031 0.000009 0.000001 0.041729 0.000045 0.308491 0.000000 0.000010 0.000021 0.000001 0.000002 0.000011 0.000001 0.000107 0.000021 0.000014
0.271598 0.000072 0.000031 0.000197 0.000540 0.000187 0.000792 0.000506 0.000429 0.126902 0.000239 0.000311 0.000010 0.000149 0.003125 0.000546 0.001544 0.001450 0.001221 0.293056 0.007017 0.254196 0.005754 0.002956 0.000355 0.000819 0.000382 0.005399 0.000372 0.016132 0.002311 0.001402
0.477802 0.010570 0.000628 0.019389 0.001616 0.009902 0.002993 0.002009 0.012476 0.055829 0.012349 0.001682 0.006664 0.004006 0.004171 0.003137 0.004489 0.014825 0.008405 0.035728 0.005065 0.240606 0.001989 0.015575 0.003082 0.001022 0.001883 0.013283 0.001590 0.008257 0.003609 0.015370
0.726000 0.000195 0.000265 0.000739 0.000170 0.000080 0.000086 0.000027 0.000185 0.001530 0.000122 0.000054 0.000085 0.000340 0.003131 0.000031 0.001824 0.000203 0.000072 0.018389 0.001576 0.235236 0.000055 0.000146 0.000685 0.000077 0.000127 0.001221 0.000060 0.004953 0.002177 0.000158
0.609397 0.000505 0.000779 0.003789 0.001290 0.006514 0.000353 0.000238 0.003657 0.010963 0.003117 0.000364 0.006058 0.000967 0.003287 0.000251 0.003939 0.001031 0.001025 0.081946 0.002982 0.230763 0.000503 0.006237 0.001242 0.000171 0.001175 0.003453 0.000438 0.008334 0.002183 0.003046
0.626441 0.000122 0.002515 0.000444 0.000384 0.000053 0.000298 0.000114 0.000543 0.009679 0.000706 0.000374 0.000014 0.000420 0.018020 0.000046 0.009932 0.000190 0.000111 0.088015 0.008341 0.223294 0.000071 0.000455 0.000423 0.000247 0.000102 0.001064 0.000115 0.006181 0.000831 0.000454
0.708454 0.000057 0.000022 0.000965 0.000040 0.000398 0.000026 0.000017 0.000373 0.000990 0.000406 0.000026 0.002292 0.000109 0.000329 0.000014 0.000414 0.000102 0.000114 0.063289 0.000531 0.216861 0.000041 0.000600 0.000390 0.000024 0.000166 0.000520 0.000023 0.001523 0.000387 0.000500
0.548652 0.005644 0.000274 0.003498 0.001089 0.000640 0.014923 0.001278 0.040941 0.015510 0.001643 0.001895 0.000208 0.002496 0.000954 0.003644 0.002072 0.017385 0.003134 0.058005 0.003856 0.213410 0.001117 0.001814 0.001108 0.001771 0.001074 0.014443 0.000298 0.005579 0.027373 0.004272
0.422541 0.003982 0.001333 0.003955 0.002866 0.001750 0.002682 0.001021 0.004079 0.077833 0.003336 0.001832 0.000618 0.002635 0.011306 0.001169 0.005002 0.002702 0.001785 0.151223 0.008157 0.201995 0.002190 0.021306 0.002761 0.000686 0.000676 0.015815 0.002199 0.022263 0.011814 0.006488
0.507575 0.004331 0.000303 0.007601 0.001559 0.001707 0.002581 0.001194 0.010893 0.132252 0.002787 0.001145 0.000910 0.001678 0.003166 0.003031 0.003224 0.008028 0.004590 0.045743 0.003989 0.201484 0.001935 0.010563 0.001007 0.000660 0.000792 0.013116 0.001147 0.008188 0.002703 0.010117
0.416434 0.000930 0.000656 0.001037 0.016011 0.000345 0.002030 0.001765 0.004782 0.154996 0.000522 0.001699 0.000014 0.000361 0.006079 0.003745 0.013575 0.001333 0.003570 0.101875 0.009703 0.197663 0.005153 0.008718 0.000542 0.000572 0.000403 0.009564 0.000558 0.028793 0.003475 0.003096
0.501858 0.012604 0.000685 0.044873 0.001799 0.015535 0.004098 0.002130 0.011708 0.035615 0.013657 0.002443 0.010214 0.004776 0.004375 0.002741 0.006312 0.016675 0.009804 0.035282 0.006082 0.191871 0.002163 0.013775 0.004421 0.001277 0.001930 0.010999 0.001577 0.011009 0.005875 0.011835
0.503133 0.002815 0.000476 0.010357 0.002725 0.006160 0.001555 0.000850 0.001556 0.040609 0.002006 0.001486 0.001871 0.001917 0.005492 0.001269 0.004215 0.005805 0.002178 0.096791 0.006678 0.182547 0.001760 0.003055 0.002490 0.001328 0.002030 0.073036 0.000876 0.012888 0.017033 0.003013
0.396506 0.008378 0.001846 0.003728 0.021121 0.000728 0.006826 0.004971 0.006972 0.078402 0.001184 0.008686 0.000045 0.000718 0.009583 0.019211 0.086064 0.001211 0.013256 0.030102 0.016209 0.173579 0.000944 0.011047 0.001756 0.000701 0.000603 0.012649 0.000471 0.069690 0.005397 0.007416
0.702728 0.003340 0.000963 0.003093 0.000520 0.000320 0.001466 0.000344 0.005135 0.012730 0.000322 0.000981 0.000193 0.002512 0.003344 0.001125 0.004168 0.002078 0.000491 0.030825 0.002981 0.165381 0.001065 0.001227 0.001808 0.000437 0.000383 0.038410 0.000260 0.005376 0.004792 0.001202
0.437731 0.000631 0.000061 0.001431 0.000473 0.002635 0.002007 0.001103 0.002004 0.135443 0.001117 0.000758 0.000134 0.000457 0.000908 0.002292 0.001512 0.014477 0.002279 0.167490 0.008520 0.158219 0.014803 0.006312 0.000383 0.001602 0.001668 0.011022 0.001486 0.009751 0.008153 0.003138
0.585936 0.000229 0.000079 0.000598 0.000078 0.000292 0.000632 0.000242 0.000677 0.100432 0.000503 0.000115 0.000130 0.000673 0.007875 0.000674 0.003372 0.002258 0.002328 0.101119 0.008323 0.147537 0.000208 0.000995 0.002750 0.000111 0.000317 0.001261 0.000149 0.022731 0.004030 0.003345
0.456234 0.001399 0.000719 0.004024 0.004029 0.000471 0.000892 0.000958 0.000972 0.170410 0.000157 0.000979 0.000021 0.000679 0.024375 0.003494 0.018625 0.000440 0.001015 0.076429 0.009371 0.143120 0.000463 0.006414 0.001876 0.000139 0.000194 0.021722 0.000256 0.043617 0.001521 0.004984
0.265763 0.007302 0.003120 0.007083 0.036923 0.001648 0.005275 0.003139 0.007745 0.148625 0.001101 0.003294 0.000154 0.002515 0.041138 0.012923 0.060894 0.001690 0.007759 0.054645 0.021435 0.142151 0.001731 0.015471 0.003953 0.001152 0.000984 0.030280 0.001300 0.089392 0.007352 0.012063
0.721886 0.001452 0.000101 0.004801 0.000605 0.000892 0.000960 0.000364 0.004078 0.040041 0.002189 0.000540 0.000430 0.000574 0.001515 0.000836 0.002072 0.002459 0.001954 0.050075 0.003251 0.135873 0.000657 0.002009 0.000527 0.000370 0.000688 0.005044 0.000594 0.006697 0.002973 0.003492
0.747160 0.000001 0.000012 0.000049 0.000010 0.000017 0.000003 0.000002 0.000026 0.000614 0.000014 0.000002 0.000014 0.000016 0.001271 0.000001 0.000362 0.000012 0.000004 0.119243 0.000276 0.129469 0.000001 0.000038 0.000093 0.000005 0.000016 0.000073 0.000003 0.001008 0.000116 0.000069
0.305486 0.012002 0.005569 0.014686 0.048355 0.008247 0.006482 0.004334 0.016007 0.141678 0.001561 0.003577 0.000522 0.003827 0.030355 0.012107 0.042454 0.002971 0.016162 0.042374 0.013511 0.124527 0.002260 0.023447 0.004860 0.001421 0.000822 0.028519 0.001045 0.060098 0.008592 0.012143
0.730328 0.000556 0.000252 0.005150 0.001899 0.002783 0.000626 0.000488 0.001032 0.044790 0.000275 0.000508 0.000071 0.000243 0.003444 0.001279 0.004257 0.000878 0.000678 0.039301 0.003007 0.123774 0.001363 0.006032 0.000473 0.000296 0.000428 0.009716 0.000224 0.012766 0.001065 0.002022
0.389085 0.002472 0.000389 0.001654 0.013272 0.000181 0.002684 0.002330 0.003117 0.293978 0.000278 0.002265 0.000005 0.000191 0.010556 0.010774 0.030400 0.000215 0.003274 0.051101 0.007509 0.106573 0.017562 0.004761 0.000296 0.000230 0.000083 0.022350 0.000119 0.017158 0.000731 0.004405
0.564089 0.001783 0.001263 0.001088 0.002752 0.001673 0.001957 0.001264 0.002427 0.041920 0.002581 0.002284 0.000096 0.000410 0.010900 0.002869 0.004205 0.000987 0.000471 0.162464 0.014735 0.026408 0.001648 0.001467 0.000803 0.003439 0.002020 0.131118 0.001607 0.005000 0.002782 0.001491
0.824308 0.000278 0.001212 0.006476 0.001727 0.000435 0.001496 0.000154 0.000369 0.001457 0.001100 0.000131 0.000063 0.001414 0.004737 0.000171 0.007646 0.005638 0.000374 0.004070 0.007594 0.005255 0.000156 0.000238 0.002211 0.004787 0.002068 0.000840 0.000528 0.005597 0.106963 0.000509
