bed 446 351 729 520 0.109259 0.769477
chair 10 223 139 520 0.451579 0.275891
chair 21 109 165 358 0.40213 0.485529
chair 125 188 180 205 0.105444 0.854692
sofa 509 240 711 528 0.731784 0.220369
sofa 17 136 189 507 0.511125 0.352351
sofa 0 0 121 67 0.414616 0.213256
sofa 171 517 197 529 0.157548 0.621696
sofa 4 46 164 202 0.102298 0.717020
table 118 354 479 529 0.138674 0.156423
picture 289 3 365 78 0.645578 0.151177
picture 334 1 364 47 0.379087 0.477289
picture 211 1 229 77 0.342096 0.527499
picture 181 1 203 34 0.301546 0.547346
picture 211 4 293 109 0.193598 0.417163
picture 229 3 239 68 0.171066 0.675148
picture 349 30 360 41 0.153426 0.755005
picture 217 1 229 33 0.152962 0.796759
picture 335 32 349 38 0.142738 0.797163
picture 674 437 729 448 0.120329 0.565869
picture 715 447 729 454 0.109397 0.112606
picture 169 3 215 95 0.106691 0.523976
picture 342 37 352 42 0.102211 0.847299
picture 335 27 348 33 0.101909 0.849162
pillow 5 2 118 63 0.161954 0.213256
pillow 648 247 726 378 0.121232 0.386437
mirror 159 2 297 113 0.155481 0.465320
fridge 168 141 420 529 0.107429 0.321153
paper 293 63 317 69 0.569798 0.269684
paper 230 262 255 307 0.460338 0.418072
paper 290 38 307 50 0.444025 0.314215
paper 296 56 298 58 0.442069 0.387458
paper 212 253 257 360 0.431532 0.272566
paper 656 85 658 96 0.354083 0.427999
paper 655 14 691 119 0.326215 0.286897
paper 618 109 650 138 0.323221 0.496951
paper 229 307 252 324 0.312783 0.368265
paper 212 260 231 327 0.312716 0.485506
paper 288 64 322 98 0.310584 0.380301
paper 647 46 728 179 0.298471 0.358069
paper 636 85 638 90 0.297411 0.594824
paper 633 84 657 108 0.29028 0.343392
paper 289 0 327 68 0.289126 0.304138
paper 648 451 680 528 0.281095 0.444234
paper 131 499 135 503 0.275269 0.396546
paper 323 67 329 80 0.267252 0.532863
paper 674 47 679 49 0.265305 0.602166
paper 666 475 669 481 0.260991 0.543161
paper 648 479 657 486 0.256474 0.664467
paper 667 464 729 529 0.247674 0.148511
paper 679 255 729 348 0.235268 0.327774
paper 709 259 729 274 0.223848 0.254540
paper 708 304 729 319 0.223392 0.208027
paper 714 275 729 286 0.216028 0.282628
paper 219 266 224 272 0.209895 0.673631
paper 649 452 667 483 0.209509 0.687623
paper 723 269 725 272 0.201241 0.541807
paper 501 502 519 522 0.198329 0.520246
paper 704 316 723 332 0.194035 0.437317
paper 635 462 650 527 0.193008 0.635428
paper 649 454 656 473 0.192608 0.743223
paper 666 460 670 472 0.19024 0.638692
paper 27 511 53 522 0.185623 0.459872
paper 695 305 717 328 0.184853 0.514839
paper 659 31 673 35 0.182518 0.465603
paper 708 245 729 258 0.180438 0.209960
paper 657 484 668 493 0.179721 0.695062
paper 514 507 518 515 0.178643 0.589498
paper 620 98 634 112 0.177293 0.572451
paper 518 510 526 519 0.170882 0.512527
paper 508 514 519 522 0.170471 0.578957
paper 715 447 729 454 0.167421 0.112606
paper 188 26 191 27 0.160236 0.246333
paper 682 253 729 282 0.153867 0.523813
paper 710 318 729 347 0.153121 0.183273
paper 653 458 655 458 0.149942 0.764127
paper 653 448 665 451 0.148809 0.708158
paper 667 454 683 461 0.147084 0.680245
paper 26 523 40 527 0.146684 0.392460
paper 322 78 329 95 0.145716 0.659387
paper 51 457 162 529 0.144778 0.506992
paper 649 486 668 506 0.143764 0.737930
paper 322 0 361 76 0.143667 0.290532
paper 671 173 683 183 0.14111 0.618416
paper 440 489 460 517 0.140725 0.620783
paper 668 508 671 514 0.138642 0.517166
paper 67 498 68 500 0.137111 0.700420
paper 667 515 680 529 0.134624 0.281962
paper 328 76 333 80 0.133079 0.671525
paper 709 260 712 264 0.132353 0.516040
paper 530 522 535 529 0.131903 0.240040
paper 214 58 230 102 0.12971 0.456394
paper 665 313 729 381 0.127756 0.337198
paper 667 495 670 503 0.121218 0.653142
paper 181 344 189 351 0.119776 0.365245
paper 702 265 724 280 0.118625 0.684215
paper 713 455 729 466 0.116976 0.487376
paper 254 323 260 325 0.116974 0.688558
paper 208 74 216 99 0.114994 0.612433
paper 229 254 236 264 0.109911 0.695747
paper 618 3 660 97 0.108953 0.783839
paper 660 225 729 262 0.108411 0.419409
paper 662 1 729 42 0.101519 0.155448
paper 546 7 729 138 0.101277 0.612330
paper 571 527 582 529 0.100263 0.326549
towel 348 2 361 34 0.119054 0.585191
box 658 7 674 29 0.747286 0.240035
box 659 2 726 44 0.690462 0.155448
box 665 262 667 266 0.441773 0.496094
box 420 360 422 361 0.384738 0.503525
box 659 31 673 36 0.343978 0.465603
box 620 2 726 136 0.341476 0.357667
box 239 250 254 261 0.335008 0.527806
box 633 81 658 107 0.331525 0.343392
box 429 364 436 365 0.313429 0.570260
box 420 362 422 366 0.286225 0.663919
box 211 323 229 338 0.282974 0.468845
box 660 263 667 289 0.266926 0.645641
box 659 256 663 263 0.254911 0.677162
box 181 344 189 350 0.240072 0.365245
box 619 96 635 112 0.237654 0.572451
box 420 316 439 376 0.236809 0.396567
box 663 248 729 381 0.217607 0.256538
box 210 250 258 362 0.2144 0.272566
box 423 359 434 376 0.210753 0.441066
box 570 527 582 529 0.19403 0.326549
box 253 257 256 262 0.189969 0.698935
box 647 445 729 529 0.18922 0.307561
box 180 350 191 357 0.188599 0.627341
box 287 62 324 97 0.181265 0.380301
box 182 326 193 337 0.172272 0.570526
box 236 252 241 262 0.164246 0.718530
box 666 258 699 286 0.162969 0.744115
box 210 338 223 345 0.159223 0.754590
box 228 306 252 325 0.15736 0.368265
box 228 253 235 264 0.155644 0.695747
box 212 258 233 330 0.148574 0.485506
box 530 521 535 529 0.147284 0.240040
box 648 445 672 529 0.146544 0.508042
box 681 242 729 282 0.144913 0.445307
box 700 463 706 465 0.141659 0.553519
box 543 2 656 138 0.135464 0.630930
box 658 222 728 261 0.132347 0.419409
box 24 522 44 529 0.130746 0.192112
box 619 102 653 137 0.130449 0.496951
box 715 447 729 453 0.127243 0.112606
box 655 84 659 95 0.123408 0.427999
box 667 507 671 513 0.122962 0.517166
box 718 303 729 319 0.122455 0.224188
box 667 522 680 529 0.121227 0.468264
box 681 253 708 269 0.120602 0.709821
box 293 96 317 111 0.120372 0.714385
box 652 505 669 528 0.115755 0.461009
box 713 274 729 286 0.112409 0.282628
box 27 510 55 522 0.109618 0.459872
box 677 280 729 321 0.108599 0.460523
box 617 5 660 110 0.107948 0.766149
box 708 259 711 264 0.103801 0.516040
box 694 261 712 274 0.10217 0.698987
box 654 447 666 451 0.10124 0.708158
box 708 257 729 274 0.100467 0.254540
toilet 190 243 446 522 0.668064 0.147819
bathtub 307 388 314 390 0.125095 0.830962
garbage_bin 430 382 444 405 0.730635 0.258151
garbage_bin 188 340 432 529 0.432089 0.156423
garbage_bin 114 453 184 529 0.156388 0.579062
garbage_bin 432 370 439 379 0.153297 0.537342
garbage_bin 106 451 114 455 0.150532 0.799049
garbage_bin 422 360 435 377 0.131362 0.441066
