0.375973 0.000249 0.000034 0.007732 0.000052 0.510807 0.000030 0.000014 0.000449 0.000040 0.001779 0.000007 0.100308 0.000062 0.000006 0.000013 0.000014 0.000260 0.000058 0.000265 0.000030 0.000264 0.000047 0.000016 0.000189 0.000124 0.000676 0.000081 0.000099 0.000028 0.000203 0.000092
0.684214 0.001766 0.000098 0.000069 0.000198 0.199487 0.000019 0.000013 0.000661 0.000023 0.070169 0.000010 0.036411 0.000026 0.000002 0.000009 0.000003 0.000090 0.000017 0.000169 0.000013 0.000072 0.000094 0.000008 0.000036 0.000118 0.004830 0.000012 0.001190 0.000006 0.000154 0.000013
0.443946 0.028755 0.000714 0.005661 0.008126 0.002725 0.188181 0.008186 0.035714 0.037863 0.003018 0.008572 0.000087 0.002903 0.000913 0.073184 0.005653 0.021633 0.046741 0.007518 0.003928 0.016289 0.001780 0.003139 0.001289 0.007012 0.001377 0.003689 0.000415 0.005173 0.020211 0.005604
0.405919 0.046434 0.000666 0.007388 0.001995 0.001789 0.174668 0.009302 0.004485 0.016526 0.007056 0.095531 0.000377 0.005979 0.001686 0.017737 0.007969 0.027458 0.008494 0.018974 0.013934 0.029936 0.006462 0.003821 0.002786 0.009550 0.003163 0.008013 0.001814 0.014477 0.040285 0.005327
0.782370 0.004228 0.000017 0.000113 0.000037 0.000268 0.148897 0.001666 0.000550 0.002690 0.000182 0.008332 0.000000 0.000092 0.000044 0.030315 0.001788 0.002633 0.004137 0.000806 0.001043 0.003496 0.000084 0.000168 0.000100 0.000938 0.000128 0.000975 0.000013 0.000595 0.002773 0.000523
0.284454 0.012520 0.000408 0.003783 0.001848 0.000899 0.096800 0.004848 0.006870 0.100617 0.002316 0.018978 0.000195 0.003600 0.005724 0.015863 0.007276 0.015689 0.005463 0.124775 0.023559 0.153989 0.011509 0.006856 0.002749 0.010506 0.001628 0.019654 0.001651 0.027421 0.018689 0.008864
0.463453 0.002588 0.000465 0.001992 0.000262 0.220563 0.000235 0.000095 0.002866 0.000248 0.017669 0.000067 0.273923 0.000713 0.000036 0.000074 0.000061 0.001718 0.000250 0.001363 0.000180 0.001465 0.000210 0.000106 0.000774 0.000817 0.004914 0.000243 0.001227 0.000109 0.000976 0.000339
0.629411 0.000000 0.000000 0.000160 0.000000 0.000003 0.000000 0.000000 0.000000 0.000019 0.000001 0.000000 0.000003 0.000000 0.000020 0.000000 0.000003 0.000000 0.000000 0.369889 0.000017 0.000296 0.000000 0.000005 0.000006 0.000001 0.000013 0.000046 0.000000 0.000055 0.000007 0.000042
0.770224 0.000000 0.000000 0.001376 0.000009 0.000071 0.000002 0.000004 0.000009 0.000129 0.000004 0.000003 0.000054 0.000002 0.000081 0.000001 0.000021 0.000005 0.000008 0.225868 0.000068 0.000677 0.000005 0.000045 0.000030 0.000024 0.000101 0.000450 0.000002 0.000284 0.000033 0.000408
0.600740 0.000249 0.000363 0.000274 0.000055 0.000256 0.000331 0.000156 0.000774 0.007487 0.000773 0.000086 0.000258 0.001158 0.007479 0.000300 0.010351 0.000608 0.000543 0.214775 0.014389 0.093220 0.000112 0.000785 0.005117 0.000179 0.000479 0.002427 0.000126 0.024878 0.009361 0.001909
0.267050 0.003813 0.004834 0.012206 0.019278 0.029107 0.009080 0.004356 0.012228 0.042665 0.024917 0.003993 0.004355 0.006414 0.020676 0.002598 0.009371 0.007898 0.017942 0.208810 0.012837 0.104411 0.005276 0.008098 0.008809 0.006876 0.002910 0.024109 0.008367 0.024748 0.071424 0.010544
0.438142 0.001828 0.005877 0.005441 0.015029 0.028703 0.003810 0.001963 0.004443 0.025225 0.026943 0.001886 0.003843 0.004106 0.014010 0.000968 0.005008 0.004368 0.011472 0.207248 0.006797 0.092425 0.002251 0.005770 0.004992 0.003094 0.001377 0.009681 0.005963 0.013283 0.039032 0.005021
0.668449 0.000058 0.000340 0.000069 0.000012 0.000118 0.000094 0.000040 0.000263 0.003084 0.000186 0.000023 0.000151 0.000606 0.004499 0.000059 0.010098 0.000261 0.000166 0.202405 0.007711 0.077511 0.000022 0.000140 0.003661 0.000067 0.000173 0.000905 0.000041 0.013528 0.004617 0.000646
0.183943 0.004143 0.005819 0.016036 0.034869 0.032610 0.012520 0.007151 0.006450 0.059901 0.026286 0.005329 0.004780 0.006850 0.036386 0.004847 0.017972 0.008081 0.014963 0.153628 0.031453 0.071441 0.005453 0.013516 0.008799 0.016482 0.005413 0.031263 0.024025 0.049870 0.088521 0.011201
0.850251 0.000008 0.000001 0.002671 0.000006 0.000247 0.000005 0.000009 0.000032 0.000201 0.000074 0.000004 0.000329 0.000009 0.000074 0.000003 0.000053 0.000024 0.000026 0.141753 0.000114 0.002968 0.000007 0.000038 0.000248 0.000011 0.000032 0.000190 0.000004 0.000279 0.000111 0.000219
0.199691 0.004331 0.008004 0.019091 0.042567 0.041446 0.011397 0.008099 0.008317 0.048449 0.032885 0.005425 0.006104 0.007198 0.034450 0.004885 0.019459 0.007032 0.017086 0.138229 0.032064 0.066284 0.005257 0.012246 0.009687 0.012288 0.006567 0.029070 0.021702 0.047646 0.082147 0.010897
0.203553 0.015639 0.009689 0.008959 0.028335 0.039194 0.014286 0.007688 0.023391 0.040605 0.048996 0.007229 0.008133 0.012411 0.013473 0.003819 0.009639 0.014197 0.010798 0.137328 0.014481 0.081102 0.014088 0.010955 0.011278 0.014759 0.007575 0.029654 0.020012 0.017610 0.109234 0.011889
0.284454 0.012520 0.000408 0.003783 0.001848 0.000899 0.096800 0.004848 0.006870 0.100617 0.002316 0.018978 0.000195 0.003600 0.005724 0.015863 0.007276 0.015689 0.005463 0.124775 0.023559 0.153989 0.011509 0.006856 0.002749 0.010506 0.001628 0.019654 0.001651 0.027421 0.018689 0.008864
0.283277 0.005972 0.008422 0.011894 0.046833 0.012902 0.010185 0.008403 0.011604 0.038904 0.045913 0.006628 0.005986 0.006831 0.033597 0.003439 0.018195 0.005169 0.012166 0.121903 0.032811 0.052467 0.005367 0.016078 0.009188 0.010391 0.008228 0.020708 0.022071 0.044465 0.070688 0.009316
0.141975 0.026085 0.001480 0.006268 0.008614 0.002428 0.095348 0.010044 0.006085 0.072680 0.012597 0.044340 0.000344 0.006823 0.008968 0.018074 0.015756 0.014221 0.004499 0.117992 0.054289 0.090883 0.021765 0.014392 0.004045 0.009849 0.009397 0.024506 0.006723 0.041009 0.097454 0.011068
0.286906 0.008221 0.005983 0.010137 0.029653 0.043277 0.008569 0.005679 0.009612 0.032609 0.067690 0.004263 0.008484 0.006294 0.011544 0.003231 0.011820 0.005937 0.010598 0.114185 0.026995 0.055479 0.008932 0.010288 0.006695 0.009752 0.011117 0.017674 0.032558 0.029030 0.098580 0.008206
0.604075 0.001215 0.000134 0.002152 0.000671 0.000990 0.003188 0.000849 0.001119 0.043240 0.001887 0.002635 0.000415 0.001022 0.005554 0.001321 0.006905 0.003029 0.001652 0.112913 0.022529 0.118663 0.002272 0.002813 0.001771 0.001917 0.000853 0.008865 0.001384 0.025945 0.015321 0.002701
0.869816 0.000016 0.000007 0.006552 0.000295 0.001438 0.000041 0.000036 0.000208 0.000993 0.000109 0.000020 0.000999 0.000045 0.000267 0.000026 0.000129 0.000191 0.000127 0.108735 0.000289 0.002840 0.000077 0.000224 0.000342 0.000330 0.000925 0.001652 0.000055 0.000790 0.000575 0.001850
0.759952 0.000171 0.000380 0.000111 0.000022 0.000200 0.000313 0.000107 0.000582 0.006581 0.000349 0.000054 0.000137 0.000761 0.003181 0.000261 0.011848 0.000368 0.000263 0.105718 0.012892 0.071921 0.000074 0.000228 0.002333 0.000091 0.000214 0.001797 0.000061 0.014339 0.003728 0.000963
0.736213 0.000696 0.000090 0.000539 0.003703 0.000214 0.000696 0.000731 0.000903 0.038760 0.003512 0.001033 0.000045 0.000081 0.003964 0.001168 0.008242 0.000323 0.000601 0.103998 0.021632 0.029990 0.002533 0.002869 0.000181 0.000421 0.002257 0.007805 0.001577 0.014668 0.009247 0.001308
0.780655 0.000206 0.000066 0.003672 0.006281 0.001462 0.000300 0.000281 0.000295 0.017723 0.002238 0.000260 0.000904 0.000320 0.002033 0.000128 0.000786 0.002157 0.000852 0.101222 0.004413 0.035607 0.001834 0.001671 0.001021 0.001408 0.005207 0.005510 0.002674 0.007303 0.008123 0.003388
0.850503 0.000114 0.000038 0.007953 0.000655 0.000340 0.000244 0.000218 0.000282 0.003591 0.000887 0.000170 0.000269 0.000073 0.001636 0.000292 0.000805 0.000158 0.000263 0.100379 0.002217 0.005649 0.000678 0.002027 0.000322 0.001029 0.003905 0.004957 0.000954 0.004641 0.001399 0.003350
0.810170 0.000020 0.000007 0.000154 0.000005 0.000135 0.000010 0.000002 0.000035 0.000050 0.000039 0.000002 0.000177 0.000047 0.000032 0.000001 0.000128 0.000219 0.000086 0.001643 0.000151 0.184197 0.000001 0.000007 0.000277 0.000021 0.000063 0.000139 0.000003 0.000493 0.001630 0.000055
0.564159 0.002073 0.000547 0.035098 0.005089 0.028866 0.001478 0.001740 0.018001 0.011661 0.015253 0.001137 0.007395 0.001474 0.001786 0.000664 0.002114 0.002774 0.001714 0.070807 0.002937 0.172748 0.003056 0.006369 0.000912 0.001207 0.002068 0.013124 0.001480 0.007640 0.008985 0.005642
0.712512 0.002792 0.000305 0.001387 0.001492 0.000345 0.005503 0.000319 0.002887 0.003993 0.000953 0.000825 0.001128 0.002964 0.000698 0.000452 0.003603 0.021170 0.002033 0.011165 0.004605 0.170620 0.000384 0.000471 0.003313 0.003559 0.002554 0.001870 0.000535 0.004519 0.029251 0.001793
0.684338 0.000437 0.000127 0.001596 0.000423 0.000523 0.000580 0.000218 0.001206 0.026484 0.000447 0.000263 0.000123 0.000667 0.008062 0.000476 0.002754 0.000975 0.000808 0.058811 0.009409 0.168069 0.000324 0.001576 0.001262 0.000692 0.000538 0.006412 0.000437 0.015364 0.004659 0.001939
0.284454 0.012520 0.000408 0.003783 0.001848 0.000899 0.096800 0.004848 0.006870 0.100617 0.002316 0.018978 0.000195 0.003600 0.005724 0.015863 0.007276 0.015689 0.005463 0.124775 0.023559 0.153989 0.011509 0.006856 0.002749 0.010506 0.001628 0.019654 0.001651 0.027421 0.018689 0.008864
0.823384 0.000023 0.000016 0.000118 0.000161 0.000377 0.000023 0.000007 0.000048 0.000224 0.000652 0.000003 0.000125 0.000072 0.000191 0.000006 0.000941 0.000316 0.000059 0.009883 0.002038 0.144026 0.000010 0.000027 0.000306 0.000124 0.001596 0.000465 0.000077 0.005045 0.009533 0.000122
0.721744 0.000169 0.000075 0.000830 0.000083 0.000200 0.000330 0.000103 0.000707 0.015986 0.000141 0.000089 0.000047 0.000346 0.003577 0.000239 0.001093 0.000437 0.000380 0.090292 0.005892 0.142084 0.000141 0.000699 0.000688 0.000169 0.000212 0.001983 0.000100 0.008156 0.002110 0.000899
0.839898 0.000019 0.000035 0.000195 0.000215 0.000196 0.000017 0.000006 0.000046 0.000189 0.000306 0.000004 0.000173 0.000096 0.000267 0.000003 0.001520 0.000099 0.000033 0.006494 0.000829 0.140725 0.000007 0.000030 0.000348 0.000068 0.000488 0.000233 0.000067 0.003212 0.004073 0.000110
0.459049 0.003957 0.000686 0.008500 0.005131 0.001031 0.017963 0.003058 0.013724 0.068245 0.003198 0.011899 0.000685 0.002965 0.004112 0.014559 0.012388 0.015325 0.026363 0.048117 0.029634 0.133594 0.003857 0.013321 0.003117 0.004322 0.002153 0.013738 0.001274 0.042177 0.019055 0.012799
0.604075 0.001215 0.000134 0.002152 0.000671 0.000990 0.003188 0.000849 0.001119 0.043240 0.001887 0.002635 0.000415 0.001022 0.005554 0.001321 0.006905 0.003029 0.001652 0.112913 0.022529 0.118663 0.002272 0.002813 0.001771 0.001917 0.000853 0.008865 0.001384 0.025945 0.015321 0.002701
0.850292 0.000085 0.000174 0.000554 0.001173 0.000887 0.000072 0.000030 0.000264 0.000450 0.002603 0.000026 0.000456 0.000131 0.000438 0.000021 0.000803 0.000571 0.000149 0.012646 0.001415 0.114310 0.000032 0.000216 0.000512 0.000390 0.002606 0.000816 0.000300 0.002341 0.004711 0.000526
0.761679 0.000387 0.000101 0.001259 0.000517 0.000437 0.000656 0.000209 0.000734 0.026971 0.000700 0.000305 0.000151 0.000664 0.005612 0.000487 0.003496 0.001059 0.000628 0.042479 0.008436 0.113593 0.000331 0.001370 0.001262 0.000571 0.000303 0.004542 0.000437 0.014521 0.004758 0.001345
0.394681 0.017133 0.001168 0.004565 0.002904 0.001769 0.068455 0.007169 0.006646 0.052696 0.009829 0.030002 0.000329 0.005520 0.007483 0.010927 0.011154 0.012021 0.002615 0.096778 0.033048 0.108659 0.006889 0.006803 0.003628 0.006186 0.004517 0.011025 0.003022 0.022834 0.042535 0.007010
0.267050 0.003813 0.004834 0.012206 0.019278 0.029107 0.009080 0.004356 0.012228 0.042665 0.024917 0.003993 0.004355 0.006414 0.020676 0.002598 0.009371 0.007898 0.017942 0.208810 0.012837 0.104411 0.005276 0.008098 0.008809 0.006876 0.002910 0.024109 0.008367 0.024748 0.071424 0.010544
0.885980 0.000007 0.000012 0.000014 0.000005 0.000089 0.000006 0.000001 0.000023 0.000057 0.000045 0.000000 0.000018 0.000027 0.000046 0.000002 0.000223 0.000090 0.000018 0.004643 0.000432 0.104101 0.000001 0.000002 0.000130 0.000038 0.000264 0.000095 0.000009 0.000671 0.002919 0.000034
0.501875 0.002224 0.002236 0.002479 0.009013 0.001627 0.002703 0.000821 0.000787 0.039031 0.008439 0.003035 0.000511 0.001772 0.017734 0.000860 0.030007 0.001669 0.001165 0.077394 0.040674 0.037030 0.002763 0.003574 0.001966 0.004324 0.006526 0.021685 0.005447 0.053474 0.115134 0.002020
0.203553 0.015639 0.009689 0.008959 0.028335 0.039194 0.014286 0.007688 0.023391 0.040605 0.048996 0.007229 0.008133 0.012411 0.013473 0.003819 0.009639 0.014197 0.010798 0.137328 0.014481 0.081102 0.014088 0.010955 0.011278 0.014759 0.007575 0.029654 0.020012 0.017610 0.109234 0.011889
