0.526609 0.165447 0.000255 0.020359 0.007166 0.001067 0.098456 0.004256 0.004653 0.011225 0.008785 0.011024 0.000039 0.002169 0.001443 0.017032 0.002396 0.005818 0.001968 0.010005 0.004560 0.011488 0.043220 0.002650 0.000862 0.008212 0.002411 0.006612 0.003412 0.006499 0.008489 0.001415
0.047136 0.000002 0.000001 0.947946 0.000006 0.004600 0.000002 0.000001 0.000002 0.000002 0.000004 0.000001 0.000230 0.000002 0.000002 0.000001 0.000004 0.000008 0.000001 0.000002 0.000003 0.000007 0.000001 0.000006 0.000005 0.000002 0.000002 0.000002 0.000000 0.000005 0.000009 0.000006
0.116435 0.000039 0.000167 0.856835 0.000566 0.019680 0.000017 0.000021 0.000041 0.000072 0.000597 0.000018 0.002447 0.000032 0.000262 0.000015 0.000221 0.000076 0.000095 0.000252 0.000234 0.000622 0.000024 0.000063 0.000102 0.000019 0.000053 0.000078 0.000033 0.000347 0.000405 0.000133
0.060282 0.000040 0.000017 0.852140 0.000019 0.070890 0.000008 0.000008 0.000013 0.000015 0.000088 0.000006 0.015832 0.000016 0.000015 0.000006 0.000028 0.000049 0.000017 0.000019 0.000037 0.000091 0.000003 0.000036 0.000071 0.000012 0.000028 0.000029 0.000008 0.000048 0.000084 0.000045
0.326725 0.000006 0.000009 0.657295 0.000175 0.014773 0.000004 0.000003 0.000017 0.000011 0.000035 0.000003 0.000586 0.000005 0.000040 0.000002 0.000025 0.000007 0.000003 0.000045 0.000008 0.000035 0.000009 0.000050 0.000012 0.000004 0.000010 0.000027 0.000002 0.000032 0.000020 0.000024
0.228845 0.000064 0.000023 0.538147 0.000113 0.167618 0.000038 0.000034 0.000093 0.000114 0.000276 0.000017 0.061509 0.000058 0.000084 0.000018 0.000119 0.000107 0.000045 0.000406 0.000083 0.000524 0.000165 0.000242 0.000256 0.000036 0.000102 0.000155 0.000032 0.000198 0.000241 0.000238
0.620055 0.000140 0.000045 0.325274 0.000846 0.035236 0.000091 0.000112 0.001574 0.000485 0.000450 0.000082 0.006342 0.000080 0.000397 0.000061 0.000275 0.000250 0.000179 0.001804 0.000163 0.002065 0.000128 0.000882 0.000177 0.000105 0.000224 0.001179 0.000049 0.000357 0.000199 0.000694
0.710832 0.000037 0.000015 0.273820 0.000189 0.005070 0.000024 0.000025 0.000060 0.000203 0.000225 0.000029 0.001581 0.000018 0.000267 0.000022 0.000236 0.000052 0.000063 0.003486 0.000135 0.001573 0.000149 0.000224 0.000074 0.000031 0.000269 0.000344 0.000028 0.000417 0.000175 0.000328
0.684273 0.000212 0.000192 0.266519 0.001851 0.013368 0.000265 0.000292 0.002217 0.001290 0.000785 0.000285 0.001948 0.000181 0.001847 0.000217 0.000861 0.000314 0.000462 0.007076 0.000503 0.005957 0.000374 0.001898 0.000360 0.000204 0.000476 0.002464 0.000123 0.001151 0.000625 0.001409
0.685292 0.000160 0.000061 0.258523 0.000702 0.042084 0.000069 0.000094 0.000834 0.000521 0.000455 0.000077 0.003016 0.000069 0.000600 0.000051 0.000245 0.000132 0.000109 0.002163 0.000180 0.001683 0.000137 0.000548 0.000164 0.000080 0.000199 0.000635 0.000055 0.000411 0.000186 0.000466
0.736037 0.000008 0.000007 0.253277 0.000096 0.007831 0.000007 0.000008 0.000060 0.000046 0.000053 0.000010 0.000897 0.000005 0.000146 0.000005 0.000050 0.000011 0.000009 0.000631 0.000023 0.000262 0.000023 0.000115 0.000019 0.000007 0.000035 0.000132 0.000004 0.000090 0.000027 0.000069
0.752894 0.000183 0.000028 0.227391 0.001173 0.010886 0.000121 0.000065 0.000693 0.000290 0.000625 0.000081 0.000630 0.000049 0.000316 0.000047 0.000284 0.000059 0.000085 0.001004 0.000087 0.000785 0.000219 0.000546 0.000113 0.000069 0.000132 0.000491 0.000036 0.000193 0.000175 0.000250
0.769084 0.000050 0.000012 0.204672 0.000141 0.021022 0.000033 0.000044 0.000230 0.000231 0.000251 0.000047 0.000677 0.000024 0.000126 0.000026 0.000116 0.000091 0.000046 0.000939 0.000076 0.000538 0.000074 0.000216 0.000046 0.000052 0.000143 0.000544 0.000024 0.000127 0.000078 0.000217
0.708389 0.000734 0.000531 0.203280 0.007205 0.012206 0.000616 0.000507 0.005400 0.003955 0.002752 0.000428 0.002565 0.000479 0.003473 0.000446 0.001296 0.000654 0.000993 0.011256 0.001003 0.016096 0.000990 0.002845 0.000842 0.000505 0.000924 0.003443 0.000376 0.001859 0.001505 0.002443
0.549037 0.017499 0.000329 0.202561 0.015492 0.009053 0.018082 0.002260 0.004630 0.004099 0.013635 0.001944 0.000064 0.000503 0.000632 0.005967 0.000993 0.003825 0.001053 0.003316 0.001305 0.003361 0.113546 0.002181 0.000315 0.006648 0.002944 0.004403 0.003194 0.001671 0.004183 0.001275
0.768280 0.000061 0.000007 0.190389 0.000130 0.035135 0.000038 0.000042 0.000125 0.000232 0.000216 0.000052 0.000683 0.000029 0.000127 0.000029 0.000162 0.000155 0.000053 0.000876 0.000124 0.000620 0.000060 0.000143 0.000060 0.000099 0.000257 0.001082 0.000033 0.000174 0.000205 0.000320
0.807855 0.000048 0.000046 0.178361 0.000539 0.005893 0.000038 0.000052 0.000879 0.000306 0.000137 0.000056 0.000752 0.000023 0.000307 0.000034 0.000192 0.000057 0.000051 0.001281 0.000069 0.000781 0.000139 0.000970 0.000044 0.000025 0.000095 0.000467 0.000018 0.000168 0.000053 0.000264
0.827832 0.000005 0.000004 0.166896 0.000065 0.003746 0.000004 0.000005 0.000142 0.000043 0.000018 0.000006 0.000218 0.000002 0.000066 0.000004 0.000025 0.000008 0.000006 0.000323 0.000007 0.000166 0.000009 0.000213 0.000005 0.000002 0.000008 0.000083 0.000001 0.000031 0.000006 0.000048
0.778106 0.000119 0.000088 0.166622 0.001807 0.033264 0.000067 0.000082 0.003603 0.000258 0.000593 0.000074 0.009556 0.000059 0.000175 0.000045 0.000201 0.000151 0.000103 0.000937 0.000072 0.000930 0.000148 0.001338 0.000094 0.000055 0.000192 0.000521 0.000038 0.000184 0.000110 0.000412
0.827174 0.000008 0.000012 0.165625 0.000110 0.003638 0.000010 0.000013 0.000048 0.000101 0.000026 0.000009 0.000450 0.000010 0.000226 0.000009 0.000063 0.000020 0.000033 0.000707 0.000029 0.000822 0.000017 0.000196 0.000025 0.000012 0.000032 0.000216 0.000006 0.000147 0.000040 0.000166
0.825728 0.000008 0.000006 0.162741 0.000157 0.005981 0.000006 0.000009 0.000054 0.000048 0.000081 0.000010 0.003153 0.000005 0.000081 0.000006 0.000126 0.000014 0.000009 0.000841 0.000026 0.000236 0.000032 0.000106 0.000019 0.000007 0.000057 0.000158 0.000006 0.000135 0.000053 0.000099
0.743060 0.000178 0.000247 0.158581 0.000863 0.064233 0.000148 0.000214 0.001194 0.000745 0.002100 0.000139 0.013068 0.000137 0.000731 0.000141 0.000494 0.000325 0.000207 0.004861 0.000320 0.002512 0.000333 0.001479 0.000392 0.000104 0.000670 0.000921 0.000119 0.000564 0.000221 0.000702
0.814585 0.000075 0.000026 0.156983 0.000131 0.021828 0.000040 0.000048 0.000352 0.000375 0.000256 0.000053 0.000529 0.000034 0.000270 0.000037 0.000125 0.000076 0.000055 0.001470 0.000090 0.000994 0.000070 0.000328 0.000065 0.000036 0.000077 0.000511 0.000022 0.000171 0.000053 0.000235
0.799946 0.002232 0.000107 0.145016 0.001854 0.018034 0.000709 0.000259 0.006151 0.001072 0.003496 0.000295 0.002101 0.000286 0.000184 0.000387 0.000416 0.000839 0.000632 0.002235 0.000421 0.004795 0.001657 0.000600 0.000329 0.000437 0.001187 0.001097 0.000155 0.000566 0.001873 0.000634
0.788340 0.001230 0.000420 0.137395 0.007903 0.031818 0.000392 0.000293 0.003661 0.000971 0.005676 0.000229 0.007523 0.000276 0.000464 0.000207 0.000506 0.000550 0.000265 0.001623 0.000304 0.002104 0.001959 0.001304 0.000531 0.000391 0.000906 0.001024 0.000258 0.000394 0.000485 0.000602
0.798519 0.000085 0.000035 0.137366 0.000331 0.053981 0.000044 0.000055 0.000282 0.000307 0.000518 0.000047 0.003966 0.000035 0.000361 0.000038 0.000138 0.000066 0.000046 0.001166 0.000079 0.000719 0.000143 0.000430 0.000103 0.000038 0.000133 0.000479 0.000026 0.000191 0.000068 0.000204
0.717658 0.002487 0.001252 0.135482 0.007879 0.014951 0.001784 0.000960 0.016563 0.004376 0.004821 0.001797 0.005136 0.001006 0.002800 0.001079 0.002718 0.001877 0.001979 0.017667 0.002381 0.026080 0.003011 0.002999 0.002009 0.001550 0.002618 0.004672 0.001005 0.003188 0.003398 0.002819
0.845339 0.000011 0.000002 0.135363 0.000081 0.017639 0.000007 0.000006 0.000058 0.000039 0.000059 0.000006 0.000627 0.000004 0.000039 0.000003 0.000020 0.000010 0.000006 0.000243 0.000011 0.000176 0.000010 0.000037 0.000014 0.000008 0.000020 0.000083 0.000003 0.000027 0.000017 0.000033
0.779520 0.001178 0.000193 0.134746 0.002573 0.040470 0.000575 0.000308 0.001822 0.001314 0.004501 0.000352 0.005258 0.000365 0.000791 0.000292 0.001207 0.000449 0.000390 0.004724 0.000889 0.006289 0.001276 0.000960 0.000793 0.000519 0.001943 0.001959 0.000313 0.001362 0.001835 0.000829
0.701651 0.002651 0.002014 0.134744 0.014535 0.017745 0.001903 0.001166 0.018080 0.004897 0.006192 0.001852 0.006771 0.001250 0.003700 0.001166 0.003453 0.002062 0.001939 0.016156 0.002708 0.021445 0.003660 0.004275 0.002314 0.001947 0.002977 0.005295 0.001277 0.003345 0.003439 0.003391
0.871010 0.000005 0.000002 0.125303 0.000047 0.002021 0.000004 0.000003 0.000029 0.000025 0.000043 0.000005 0.000384 0.000002 0.000093 0.000002 0.000048 0.000006 0.000004 0.000414 0.000016 0.000197 0.000012 0.000058 0.000011 0.000004 0.000033 0.000066 0.000003 0.000079 0.000040 0.000031
0.859450 0.000015 0.000027 0.121884 0.000205 0.009526 0.000019 0.000033 0.000175 0.000175 0.000341 0.000026 0.001235 0.000016 0.000312 0.000029 0.000182 0.000048 0.000044 0.003030 0.000120 0.001305 0.000043 0.000285 0.000068 0.000018 0.000315 0.000392 0.000022 0.000325 0.000089 0.000248
0.805885 0.001497 0.000238 0.116075 0.000567 0.008659 0.000598 0.000623 0.007119 0.003849 0.002483 0.001211 0.000748 0.000348 0.002234 0.000612 0.000972 0.000803 0.000917 0.008660 0.000780 0.020247 0.000422 0.002052 0.000823 0.000498 0.001238 0.005297 0.000268 0.001636 0.000785 0.001855
0.842270 0.000283 0.000276 0.113668 0.000893 0.017675 0.000104 0.000149 0.000698 0.001316 0.001359 0.000128 0.000408 0.000098 0.002692 0.000139 0.000476 0.000145 0.000128 0.007318 0.000651 0.002947 0.000205 0.000801 0.000270 0.000176 0.000797 0.001438 0.000227 0.000958 0.000587 0.000722
0.735350 0.000059 0.000008 0.110244 0.000014 0.135789 0.000005 0.000007 0.000059 0.000013 0.000245 0.000007 0.017756 0.000006 0.000015 0.000003 0.000013 0.000017 0.000005 0.000100 0.000009 0.000076 0.000006 0.000023 0.000022 0.000006 0.000023 0.000046 0.000005 0.000019 0.000016 0.000034
0.850640 0.000177 0.000184 0.108871 0.002421 0.009566 0.000127 0.000167 0.005543 0.000515 0.001432 0.000154 0.005243 0.000103 0.000464 0.000088 0.000450 0.000214 0.000158 0.002538 0.000181 0.003628 0.000253 0.003726 0.000154 0.000088 0.000434 0.000839 0.000067 0.000499 0.000222 0.000853
0.620048 0.004830 0.003192 0.106495 0.027030 0.012404 0.001979 0.001744 0.015230 0.018782 0.007519 0.002264 0.004950 0.002402 0.008255 0.001338 0.005244 0.002417 0.003808 0.034789 0.004871 0.054608 0.004064 0.006396 0.003352 0.002036 0.002973 0.011651 0.002171 0.008152 0.009790 0.005216
0.873160 0.000202 0.000074 0.103802 0.000144 0.003293 0.000132 0.000081 0.001502 0.000678 0.000455 0.000119 0.000989 0.000081 0.000324 0.000091 0.000208 0.000276 0.000126 0.002982 0.000160 0.007753 0.000127 0.000677 0.000202 0.000098 0.000349 0.000969 0.000051 0.000301 0.000146 0.000449
0.015116 0.000015 0.000007 0.000931 0.000003 0.956180 0.000000 0.000000 0.000005 0.000001 0.000444 0.000000 0.027275 0.000001 0.000000 0.000000 0.000000 0.000002 0.000000 0.000001 0.000000 0.000001 0.000001 0.000001 0.000002 0.000001 0.000005 0.000001 0.000001 0.000000 0.000001 0.000002
0.385891 0.000075 0.000030 0.063289 0.000176 0.522022 0.000022 0.000018 0.000116 0.000057 0.000759 0.000011 0.026635 0.000027 0.000024 0.000011 0.000024 0.000059 0.000016 0.000081 0.000018 0.000070 0.000111 0.000123 0.000075 0.000023 0.000044 0.000048 0.000017 0.000030 0.000048 0.000051
0.336983 0.000050 0.000004 0.362285 0.000014 0.284483 0.000006 0.000006 0.000043 0.000010 0.000253 0.000004 0.015602 0.000006 0.000007 0.000003 0.000006 0.000029 0.000005 0.000023 0.000005 0.000031 0.000009 0.000019 0.000016 0.000008 0.000017 0.000016 0.000004 0.000009 0.000017 0.000028
0.653854 0.000709 0.000281 0.020163 0.001311 0.269352 0.000209 0.000125 0.000562 0.000609 0.006396 0.000069 0.036992 0.000269 0.000128 0.000090 0.000294 0.000510 0.000124 0.000790 0.000287 0.001160 0.000667 0.000649 0.000558 0.000230 0.001145 0.000308 0.000176 0.000381 0.001352 0.000247
0.696487 0.000243 0.000057 0.034782 0.000100 0.216339 0.000139 0.000073 0.000154 0.000978 0.000636 0.000034 0.042924 0.000159 0.000099 0.000045 0.000158 0.000675 0.000095 0.000856 0.000196 0.001356 0.000298 0.001060 0.000408 0.000072 0.000152 0.000259 0.000071 0.000358 0.000426 0.000309
0.365309 0.000033 0.000014 0.444974 0.000018 0.183140 0.000019 0.000010 0.000023 0.000033 0.000146 0.000007 0.005318 0.000031 0.000030 0.000008 0.000050 0.000116 0.000009 0.000063 0.000036 0.000085 0.000012 0.000050 0.000100 0.000027 0.000028 0.000040 0.000009 0.000061 0.000144 0.000059
0.557467 0.002976 0.000695 0.022397 0.001961 0.182889 0.002854 0.001877 0.003178 0.011100 0.034690 0.000488 0.007887 0.002002 0.002283 0.001349 0.002562 0.004878 0.002396 0.032389 0.011793 0.022840 0.002200 0.003244 0.002866 0.004366 0.004706 0.011211 0.004049 0.010668 0.040287 0.003450
0.279550 0.011019 0.001693 0.036373 0.004196 0.111623 0.017006 0.007384 0.004101 0.030282 0.028776 0.002802 0.007994 0.006751 0.007023 0.007933 0.008368 0.018208 0.007466 0.078997 0.030745 0.049422 0.039678 0.009687 0.006324 0.016718 0.009421 0.033615 0.020794 0.025440 0.070506 0.010108
0.615461 0.003333 0.000698 0.026532 0.001965 0.111273 0.004388 0.003379 0.003410 0.024713 0.023050 0.000967 0.002998 0.002042 0.003365 0.003189 0.004325 0.005304 0.004131 0.039092 0.013156 0.026532 0.006026 0.004809 0.002960 0.003551 0.003362 0.013230 0.004801 0.013312 0.019701 0.004943
0.837682 0.000057 0.000007 0.050839 0.000015 0.101389 0.000004 0.000005 0.000058 0.000016 0.000261 0.000006 0.009241 0.000005 0.000015 0.000002 0.000010 0.000011 0.000004 0.000124 0.000006 0.000081 0.000006 0.000015 0.000019 0.000005 0.000021 0.000041 0.000005 0.000016 0.000013 0.000023
0.270344 0.003855 0.000134 0.001181 0.000889 0.000115 0.009976 0.001373 0.002967 0.204938 0.000425 0.007736 0.000022 0.001128 0.013690 0.013085 0.014422 0.002676 0.002868 0.088220 0.017068 0.160139 0.001388 0.007096 0.002883 0.001144 0.000351 0.082187 0.000270 0.072663 0.007574 0.007193
0.471761 0.004423 0.000549 0.000946 0.000950 0.001022 0.016089 0.002429 0.004052 0.144584 0.003006 0.003247 0.000064 0.001487 0.006297 0.025506 0.015952 0.002407 0.003349 0.082640 0.044890 0.054896 0.003464 0.004396 0.001286 0.001469 0.001368 0.030407 0.000704 0.049163 0.012107 0.005090
0.135412 0.000119 0.000034 0.000170 0.000097 0.000028 0.005833 0.000722 0.000052 0.001132 0.000027 0.844771 0.000004 0.000018 0.000160 0.000194 0.000528 0.000062 0.000044 0.001396 0.000273 0.000514 0.005484 0.000799 0.000047 0.000224 0.000039 0.001033 0.000029 0.000414 0.000258 0.000083
0.219543 0.000900 0.000275 0.000336 0.000994 0.000311 0.012941 0.004241 0.000498 0.009718 0.000393 0.626512 0.000048 0.000145 0.000736 0.001075 0.001707 0.000665 0.000313 0.008319 0.000988 0.004055 0.090871 0.004888 0.000266 0.000617 0.000289 0.004662 0.000242 0.002281 0.000597 0.000574
0.625385 0.000628 0.000047 0.000246 0.000464 0.000010 0.006675 0.001130 0.001931 0.002647 0.000137 0.332149 0.000006 0.000020 0.000124 0.000540 0.000877 0.000120 0.000133 0.000746 0.000120 0.000477 0.022343 0.000835 0.000034 0.000221 0.000087 0.001249 0.000032 0.000279 0.000133 0.000174
0.576954 0.002400 0.000235 0.000290 0.001044 0.000659 0.014572 0.003440 0.000673 0.007810 0.006993 0.308321 0.000056 0.000268 0.001538 0.000667 0.001328 0.000717 0.000311 0.036503 0.003780 0.004646 0.001392 0.003743 0.000620 0.002573 0.001432 0.003692 0.000768 0.006867 0.005281 0.000427
0.398858 0.004613 0.000097 0.002312 0.002806 0.000340 0.054962 0.011320 0.009568 0.055250 0.001284 0.266183 0.000110 0.000380 0.001195 0.009824 0.004064 0.004101 0.001160 0.022547 0.002341 0.015584 0.075770 0.010721 0.000232 0.003514 0.001087 0.026742 0.000602 0.005210 0.004144 0.003080
0.600416 0.002051 0.000025 0.000885 0.000271 0.000210 0.060176 0.002794 0.000376 0.021521 0.000153 0.213455 0.000022 0.000319 0.000906 0.004740 0.004873 0.000767 0.000250 0.018053 0.008016 0.007439 0.014934 0.002020 0.000107 0.003915 0.000741 0.019063 0.000258 0.007815 0.002874 0.000558
0.721484 0.000598 0.000036 0.001568 0.000186 0.000343 0.021155 0.001457 0.000544 0.003176 0.000095 0.203351 0.000030 0.000052 0.000178 0.001564 0.001849 0.000312 0.000176 0.003051 0.000663 0.001782 0.028899 0.001357 0.000076 0.000716 0.000203 0.003275 0.000090 0.000871 0.000572 0.000290
0.696994 0.011496 0.000056 0.001464 0.001334 0.000418 0.020039 0.004110 0.003190 0.010483 0.001448 0.130109 0.000067 0.000186 0.000305 0.003650 0.001445 0.000521 0.000348 0.003314 0.000552 0.002668 0.090549 0.002966 0.000131 0.001274 0.001118 0.006542 0.000469 0.001179 0.000913 0.000661
0.837281 0.001471 0.000515 0.000889 0.000653 0.001833 0.004918 0.001871 0.001840 0.004042 0.000942 0.107318 0.000194 0.000154 0.000341 0.000616 0.001253 0.000594 0.000246 0.005910 0.000612 0.003342 0.014781 0.002709 0.000327 0.000716 0.000464 0.001963 0.000217 0.000866 0.000562 0.000559
0.204816 0.000457 0.000428 0.132424 0.000840 0.448252 0.000159 0.000133 0.000371 0.000565 0.001507 0.000061 0.202100 0.000333 0.000159 0.000084 0.000216 0.000503 0.000191 0.000394 0.000193 0.000764 0.000538 0.001695 0.000889 0.000130 0.000237 0.000248 0.000122 0.000455 0.000328 0.000409
0.020340 0.000083 0.000019 0.129622 0.000010 0.739139 0.000004 0.000005 0.000018 0.000006 0.000387 0.000003 0.110068 0.000011 0.000007 0.000004 0.000015 0.000017 0.000011 0.000012 0.000011 0.000024 0.000004 0.000016 0.000039 0.000006 0.000022 0.000020 0.000008 0.000013 0.000022 0.000034
0.722574 0.000035 0.000072 0.003950 0.000100 0.024795 0.000078 0.000082 0.000771 0.003525 0.000827 0.000068 0.000497 0.000087 0.000876 0.000050 0.001467 0.000160 0.000054 0.176355 0.003256 0.051013 0.000239 0.000269 0.000284 0.000271 0.000982 0.001225 0.000161 0.001696 0.003724 0.000456
0.270528 0.001549 0.000170 0.003181 0.003316 0.002443 0.003214 0.002522 0.032151 0.044477 0.002946 0.004456 0.000269 0.000444 0.002135 0.002167 0.003806 0.001906 0.001379 0.174569 0.005251 0.368474 0.027566 0.005308 0.000775 0.000994 0.001189 0.012435 0.000671 0.008899 0.005839 0.004970
0.749003 0.000040 0.000080 0.009713 0.000142 0.036725 0.000073 0.000079 0.000773 0.003355 0.001012 0.000061 0.000946 0.000119 0.001055 0.000044 0.001848 0.000200 0.000060 0.147276 0.002987 0.036107 0.000205 0.000391 0.000407 0.000309 0.000716 0.001228 0.000205 0.001772 0.002431 0.000638
0.497689 0.003093 0.000293 0.002738 0.002869 0.005331 0.003883 0.003347 0.028256 0.031261 0.003927 0.009506 0.000586 0.000583 0.001806 0.001406 0.003621 0.001896 0.001007 0.133093 0.003996 0.189883 0.028912 0.006069 0.001056 0.001183 0.001402 0.011669 0.000922 0.008139 0.006264 0.004314
0.555163 0.000943 0.000593 0.003873 0.002346 0.000408 0.002185 0.001295 0.001796 0.013632 0.016672 0.001590 0.000236 0.001388 0.034508 0.000886 0.030739 0.000774 0.002337 0.127405 0.036015 0.063333 0.000545 0.003616 0.005498 0.002406 0.002285 0.003431 0.001249 0.048081 0.031929 0.002840
0.729682 0.000366 0.000063 0.005767 0.002069 0.003075 0.000155 0.000418 0.000569 0.003384 0.022515 0.000199 0.000237 0.000113 0.012735 0.001035 0.010980 0.000185 0.000631 0.105109 0.013905 0.009976 0.000301 0.001180 0.000488 0.001219 0.014980 0.010212 0.001068 0.023737 0.020036 0.003608
0.519322 0.007036 0.000559 0.005709 0.002733 0.001269 0.023811 0.003229 0.013974 0.063547 0.004585 0.002239 0.000086 0.002744 0.004428 0.024799 0.004653 0.018581 0.006118 0.101310 0.014343 0.066525 0.002488 0.004051 0.002277 0.003433 0.001724 0.016618 0.001027 0.016887 0.051767 0.008128
0.632948 0.000988 0.000259 0.009049 0.002171 0.004599 0.001832 0.000984 0.000950 0.015559 0.003413 0.000793 0.001084 0.000804 0.020474 0.001498 0.006363 0.001001 0.001449 0.101132 0.015714 0.046926 0.001603 0.005380 0.001942 0.003774 0.003121 0.028044 0.002778 0.063851 0.013446 0.006069
0.270528 0.001549 0.000170 0.003181 0.003316 0.002443 0.003214 0.002522 0.032151 0.044477 0.002946 0.004456 0.000269 0.000444 0.002135 0.002167 0.003806 0.001906 0.001379 0.174569 0.005251 0.368474 0.027566 0.005308 0.000775 0.000994 0.001189 0.012435 0.000671 0.008899 0.005839 0.004970
0.497689 0.003093 0.000293 0.002738 0.002869 0.005331 0.003883 0.003347 0.028256 0.031261 0.003927 0.009506 0.000586 0.000583 0.001806 0.001406 0.003621 0.001896 0.001007 0.133093 0.003996 0.189883 0.028912 0.006069 0.001056 0.001183 0.001402 0.011669 0.000922 0.008139 0.006264 0.004314
0.270344 0.003855 0.000134 0.001181 0.000889 0.000115 0.009976 0.001373 0.002967 0.204938 0.000425 0.007736 0.000022 0.001128 0.013690 0.013085 0.014422 0.002676 0.002868 0.088220 0.017068 0.160139 0.001388 0.007096 0.002883 0.001144 0.000351 0.082187 0.000270 0.072663 0.007574 0.007193
0.550146 0.004641 0.000717 0.017504 0.007235 0.008026 0.002421 0.001787 0.004261 0.028153 0.013090 0.001085 0.002708 0.003032 0.021044 0.002071 0.009307 0.003201 0.003156 0.071956 0.012961 0.120149 0.002506 0.010715 0.003545 0.004190 0.005051 0.010490 0.005448 0.043864 0.017195 0.008343
0.800689 0.001952 0.000038 0.000625 0.001472 0.000084 0.001621 0.000251 0.002404 0.000376 0.000646 0.003324 0.000021 0.000015 0.000013 0.000260 0.000105 0.000153 0.000081 0.000073 0.000024 0.000100 0.184713 0.000176 0.000010 0.000198 0.000128 0.000223 0.000065 0.000047 0.000060 0.000053
0.255087 0.002403 0.000669 0.001042 0.003391 0.001049 0.019934 0.008043 0.002248 0.018325 0.001359 0.465053 0.000209 0.000427 0.001744 0.002096 0.003510 0.001828 0.000919 0.019850 0.002391 0.012252 0.143522 0.008572 0.000729 0.001640 0.000856 0.010797 0.000723 0.005358 0.002171 0.001803
0.684982 0.004741 0.000037 0.001207 0.000676 0.000309 0.021243 0.003610 0.001566 0.011005 0.000774 0.121288 0.000030 0.000141 0.000269 0.003474 0.001595 0.000388 0.000285 0.005595 0.000703 0.003624 0.117463 0.001932 0.000095 0.000940 0.000870 0.007878 0.000268 0.001453 0.000962 0.000597
