0.482177 0.001306 0.414147 0.018524 0.013978 0.025636 0.000351 0.000341 0.001679 0.001104 0.003332 0.000262 0.002584 0.003908 0.006321 0.000183 0.004361 0.000700 0.000212 0.001736 0.002182 0.003567 0.000263 0.000662 0.002989 0.000373 0.001023 0.000713 0.000643 0.001443 0.002707 0.000593
0.606962 0.001018 0.000308 0.205836 0.003925 0.010880 0.001878 0.001959 0.000915 0.010574 0.002229 0.001412 0.000284 0.000667 0.005399 0.013004 0.004782 0.002736 0.005832 0.024728 0.008441 0.024093 0.002791 0.003143 0.001049 0.001089 0.005542 0.023379 0.001170 0.008234 0.002116 0.013627
0.528183 0.001596 0.000420 0.176722 0.003795 0.009780 0.003755 0.002998 0.002036 0.023085 0.001713 0.001971 0.000294 0.001065 0.007229 0.034289 0.007223 0.003732 0.013683 0.026610 0.011605 0.035202 0.003691 0.005080 0.001470 0.001949 0.006219 0.046179 0.001136 0.012095 0.003034 0.022162
0.735007 0.004151 0.043869 0.110886 0.003795 0.007292 0.002065 0.000563 0.000980 0.003900 0.006423 0.000998 0.001351 0.006481 0.003439 0.002466 0.007843 0.007310 0.003908 0.001397 0.010795 0.004182 0.000521 0.000449 0.008853 0.001113 0.001760 0.000957 0.000838 0.003021 0.011973 0.001414
0.755349 0.000951 0.000240 0.108067 0.000921 0.038698 0.000123 0.000106 0.002752 0.001934 0.003310 0.000069 0.033317 0.000972 0.000370 0.000080 0.000546 0.001999 0.000382 0.003106 0.000715 0.037190 0.000059 0.001001 0.001517 0.000106 0.000842 0.000740 0.000157 0.001563 0.002040 0.000779
0.549669 0.007002 0.000629 0.034350 0.003162 0.128886 0.000420 0.000376 0.019849 0.004016 0.020204 0.000176 0.127099 0.003703 0.000542 0.000230 0.000934 0.010199 0.001304 0.005013 0.000958 0.057827 0.000199 0.001435 0.006617 0.000437 0.003413 0.001329 0.000642 0.002226 0.005394 0.001761
0.665011 0.005851 0.005642 0.000371 0.005444 0.001134 0.000353 0.000149 0.264120 0.001455 0.013584 0.000162 0.007497 0.001963 0.000298 0.000112 0.001579 0.002297 0.000274 0.001642 0.000460 0.012333 0.000090 0.000329 0.001243 0.000229 0.003508 0.000282 0.000298 0.000476 0.001412 0.000402
0.681366 0.006631 0.001136 0.001850 0.009679 0.020827 0.000654 0.000480 0.176084 0.003853 0.050503 0.000321 0.007491 0.001056 0.000312 0.000354 0.001268 0.007476 0.000499 0.003969 0.000652 0.009941 0.000473 0.001426 0.001077 0.001069 0.003196 0.000704 0.000885 0.000839 0.002974 0.000955
0.798858 0.005504 0.029840 0.000091 0.009973 0.000956 0.000303 0.000227 0.114727 0.003232 0.027954 0.000406 0.000437 0.000971 0.000245 0.000159 0.000541 0.001460 0.000127 0.000428 0.000135 0.000878 0.000073 0.000900 0.000167 0.000138 0.000361 0.000249 0.000122 0.000115 0.000179 0.000244
0.847167 0.001492 0.001470 0.000532 0.000956 0.005445 0.000146 0.000101 0.102367 0.001188 0.014111 0.000138 0.009741 0.000656 0.000208 0.000043 0.000243 0.000522 0.000110 0.004679 0.000135 0.005640 0.000121 0.000369 0.000478 0.000107 0.000495 0.000283 0.000135 0.000173 0.000424 0.000322
0.492303 0.001155 0.000100 0.000674 0.000458 0.000940 0.001013 0.000892 0.005377 0.346204 0.001405 0.000444 0.000063 0.000379 0.002750 0.001696 0.002416 0.004909 0.000718 0.055020 0.002640 0.058518 0.002399 0.002725 0.000317 0.000217 0.000514 0.002493 0.000421 0.007231 0.001534 0.002075
0.405877 0.001306 0.000140 0.001239 0.000669 0.000472 0.003916 0.002364 0.006129 0.342257 0.002180 0.001320 0.000077 0.000441 0.003138 0.010216 0.003706 0.011094 0.003116 0.091190 0.008301 0.051243 0.008654 0.007286 0.000501 0.000909 0.000758 0.005546 0.001275 0.013077 0.004298 0.007304
0.559616 0.000331 0.000091 0.000538 0.000871 0.000067 0.000496 0.000277 0.004065 0.307207 0.000734 0.000209 0.000035 0.000400 0.003696 0.002330 0.003412 0.002640 0.000861 0.044232 0.005314 0.041020 0.000088 0.002239 0.000238 0.000201 0.000220 0.003024 0.000337 0.011728 0.001248 0.002236
0.339827 0.000869 0.000313 0.002537 0.001293 0.000819 0.009868 0.003221 0.008147 0.277477 0.001299 0.001853 0.000066 0.000564 0.004738 0.020093 0.003939 0.010092 0.003463 0.191707 0.012703 0.051456 0.003372 0.003937 0.000907 0.002727 0.001251 0.015158 0.000820 0.012222 0.006635 0.006627
0.391010 0.002821 0.000683 0.001776 0.002769 0.002010 0.011743 0.003453 0.009091 0.254115 0.002139 0.001931 0.000138 0.001719 0.006650 0.024790 0.007026 0.019475 0.017278 0.088026 0.012593 0.053607 0.001040 0.004348 0.001504 0.007143 0.002004 0.019116 0.002238 0.017777 0.021000 0.008986
0.536756 0.001473 0.000196 0.002660 0.000717 0.000584 0.006070 0.001679 0.005092 0.181108 0.001857 0.000635 0.000050 0.000830 0.004822 0.009625 0.003192 0.014132 0.002426 0.115130 0.012770 0.049822 0.001447 0.003464 0.000917 0.001619 0.000516 0.005974 0.000846 0.014542 0.013505 0.005547
0.457813 0.010614 0.000629 0.002014 0.003466 0.001131 0.005496 0.002302 0.008894 0.160597 0.005613 0.011514 0.000497 0.002260 0.011306 0.004087 0.007734 0.004016 0.003430 0.080355 0.008843 0.049176 0.005551 0.013308 0.002515 0.002926 0.001782 0.088744 0.002624 0.024358 0.009687 0.006718
0.669572 0.001192 0.000404 0.003352 0.001460 0.000629 0.002183 0.001761 0.010358 0.158419 0.004163 0.000611 0.000333 0.000694 0.003620 0.002787 0.005381 0.005720 0.001398 0.047310 0.004098 0.036991 0.003351 0.009105 0.000634 0.000455 0.000787 0.004197 0.000745 0.010427 0.001787 0.006077
0.707849 0.001751 0.000569 0.000949 0.001218 0.000343 0.002433 0.001283 0.004164 0.156854 0.001049 0.000920 0.000038 0.000527 0.005289 0.001746 0.002500 0.006188 0.000724 0.047282 0.005089 0.029796 0.003334 0.001382 0.000379 0.000644 0.000268 0.002914 0.000510 0.006942 0.003222 0.001843
0.637480 0.002358 0.000146 0.000439 0.008287 0.000061 0.005272 0.001411 0.009136 0.151821 0.000198 0.004362 0.000002 0.000079 0.001968 0.006729 0.041778 0.000239 0.000490 0.021304 0.003194 0.071265 0.002683 0.001150 0.000120 0.000179 0.000069 0.007819 0.000053 0.018492 0.000384 0.001032
0.842601 0.000085 0.000044 0.000250 0.000065 0.000288 0.000091 0.000068 0.000880 0.139957 0.000264 0.000052 0.000012 0.000069 0.001052 0.000138 0.000818 0.000272 0.000044 0.003816 0.000265 0.006129 0.000032 0.000820 0.000038 0.000010 0.000039 0.000593 0.000022 0.000903 0.000058 0.000225
0.382144 0.000122 0.000084 0.000373 0.000232 0.000230 0.000680 0.000363 0.000978 0.118215 0.000500 0.000340 0.000022 0.000192 0.004385 0.000605 0.001087 0.002155 0.000657 0.340782 0.009315 0.109822 0.002098 0.001436 0.000388 0.000954 0.000307 0.006294 0.000442 0.008270 0.004522 0.002008
0.830606 0.000176 0.000026 0.000795 0.000086 0.000287 0.000532 0.000201 0.002184 0.114591 0.000655 0.000066 0.000044 0.000123 0.000701 0.000595 0.000985 0.004610 0.000154 0.020720 0.001217 0.015010 0.000113 0.000651 0.000110 0.000125 0.000174 0.000712 0.000156 0.002088 0.000666 0.000840
0.838373 0.000860 0.000044 0.000570 0.000604 0.000023 0.000603 0.000306 0.001599 0.108940 0.000322 0.001133 0.000030 0.000212 0.002131 0.001272 0.002851 0.000932 0.000148 0.005815 0.001325 0.001881 0.000718 0.008679 0.000166 0.000230 0.000166 0.015445 0.000135 0.003464 0.000183 0.000841
0.306095 0.002080 0.001570 0.002973 0.022123 0.000531 0.003329 0.001676 0.005833 0.108412 0.000549 0.001458 0.000049 0.000941 0.049318 0.007990 0.082257 0.000498 0.003492 0.076682 0.026528 0.146933 0.000959 0.009917 0.001461 0.000544 0.000581 0.028973 0.000806 0.091266 0.005133 0.009042
0.803011 0.002812 0.000377 0.000214 0.002253 0.000076 0.001084 0.000525 0.006775 0.105662 0.000836 0.001264 0.000014 0.000418 0.002009 0.001464 0.002401 0.001377 0.000369 0.016682 0.002402 0.039769 0.000551 0.000420 0.000238 0.000259 0.000134 0.002430 0.000212 0.002487 0.000878 0.000598
0.820258 0.000253 0.000072 0.000495 0.000064 0.000152 0.000264 0.000141 0.003165 0.105263 0.000309 0.000143 0.000092 0.000388 0.002352 0.000337 0.002855 0.001117 0.000167 0.032309 0.003119 0.016418 0.000052 0.000253 0.000601 0.000122 0.000146 0.001722 0.000115 0.005752 0.000604 0.000897
0.728447 0.000271 0.000802 0.000716 0.000458 0.000288 0.000758 0.000609 0.003436 0.103257 0.001099 0.000253 0.000055 0.000526 0.014429 0.000550 0.002750 0.001619 0.000529 0.084012 0.008534 0.028481 0.000170 0.000784 0.000592 0.000357 0.000459 0.002705 0.000398 0.008497 0.001873 0.002288
0.736861 0.015993 0.007676 0.000330 0.008001 0.001839 0.000738 0.000984 0.033137 0.010096 0.146312 0.000806 0.000834 0.003576 0.001425 0.000650 0.001401 0.001732 0.000587 0.004858 0.001413 0.008803 0.000257 0.001055 0.001920 0.000472 0.002000 0.000866 0.001029 0.001024 0.002509 0.000814
0.665060 0.011019 0.020186 0.023687 0.041654 0.015737 0.000952 0.000496 0.017168 0.001745 0.124659 0.000459 0.008222 0.004552 0.003351 0.000420 0.003019 0.001099 0.000844 0.004661 0.001308 0.021645 0.001426 0.001643 0.006869 0.001260 0.003719 0.002533 0.001238 0.001925 0.005948 0.001497
0.543067 0.015935 0.001082 0.001154 0.015643 0.039783 0.001032 0.000893 0.028821 0.008343 0.119899 0.000275 0.004865 0.004042 0.000762 0.000484 0.001666 0.039327 0.001172 0.016342 0.001982 0.092030 0.001312 0.001627 0.004493 0.002133 0.013800 0.001788 0.003144 0.003057 0.027912 0.002135
0.612168 0.010924 0.147736 0.003819 0.061701 0.004903 0.000620 0.000570 0.015409 0.001896 0.104318 0.000561 0.006365 0.004383 0.003471 0.000308 0.002317 0.001155 0.000486 0.000862 0.000994 0.001921 0.000647 0.002161 0.002576 0.000615 0.002631 0.000532 0.000724 0.000842 0.001694 0.000689
0.549669 0.007002 0.000629 0.034350 0.003162 0.128886 0.000420 0.000376 0.019849 0.004016 0.020204 0.000176 0.127099 0.003703 0.000542 0.000230 0.000934 0.010199 0.001304 0.005013 0.000958 0.057827 0.000199 0.001435 0.006617 0.000437 0.003413 0.001329 0.000642 0.002226 0.005394 0.001761
0.836619 0.000031 0.005994 0.000242 0.000126 0.000100 0.000020 0.000021 0.000141 0.000543 0.000142 0.000041 0.000011 0.000113 0.149070 0.000016 0.001685 0.000004 0.000005 0.002058 0.000344 0.000695 0.000007 0.000245 0.000213 0.000011 0.000066 0.000341 0.000012 0.000959 0.000050 0.000073
0.728976 0.000481 0.011278 0.003930 0.003054 0.000542 0.000832 0.001187 0.003997 0.015170 0.002392 0.001787 0.000168 0.001440 0.130443 0.000866 0.026896 0.000634 0.000347 0.014622 0.009280 0.005374 0.000366 0.006616 0.001373 0.000460 0.001126 0.007051 0.000422 0.014282 0.001663 0.002943
0.855130 0.000380 0.002683 0.000676 0.002755 0.000174 0.000382 0.000419 0.001190 0.004334 0.001005 0.000748 0.000024 0.000672 0.101135 0.000328 0.005406 0.000087 0.000124 0.006614 0.002143 0.001687 0.000112 0.001151 0.001011 0.000313 0.000383 0.003293 0.000215 0.003756 0.000841 0.000827
0.523080 0.000991 0.008675 0.005576 0.001144 0.000471 0.001722 0.000834 0.007442 0.032217 0.001486 0.001169 0.000358 0.003680 0.082992 0.002317 0.118853 0.001668 0.001517 0.017162 0.055202 0.036052 0.000190 0.004227 0.004733 0.000406 0.002528 0.008036 0.000339 0.066909 0.004113 0.003909
0.330290 0.000064 0.000073 0.000245 0.000099 0.000204 0.000410 0.000235 0.000538 0.014494 0.000483 0.000199 0.000049 0.000190 0.005253 0.000126 0.001742 0.000496 0.000248 0.563509 0.006195 0.059298 0.000690 0.000652 0.000854 0.000251 0.000256 0.000948 0.000175 0.007912 0.003140 0.000682
0.263731 0.000295 0.000100 0.000447 0.000226 0.000670 0.002120 0.000931 0.001408 0.109056 0.001002 0.000562 0.000098 0.000518 0.004847 0.001152 0.002494 0.003977 0.001414 0.440769 0.016078 0.100626 0.005243 0.002419 0.001306 0.001300 0.000530 0.004705 0.000774 0.016238 0.012574 0.002393
0.382144 0.000122 0.000084 0.000373 0.000232 0.000230 0.000680 0.000363 0.000978 0.118215 0.000500 0.000340 0.000022 0.000192 0.004385 0.000605 0.001087 0.002155 0.000657 0.340782 0.009315 0.109822 0.002098 0.001436 0.000388 0.000954 0.000307 0.006294 0.000442 0.008270 0.004522 0.002008
0.119797 0.001069 0.001096 0.004668 0.003724 0.001846 0.002428 0.001444 0.001963 0.028764 0.001260 0.001054 0.000746 0.003935 0.018394 0.001606 0.005435 0.005503 0.005709 0.333788 0.012369 0.365496 0.004814 0.003133 0.007232 0.000912 0.000841 0.007648 0.002060 0.027390 0.016091 0.007786
0.465471 0.000157 0.000276 0.001103 0.000698 0.000130 0.000373 0.000295 0.000264 0.013853 0.000424 0.000154 0.000085 0.001007 0.034572 0.000543 0.007225 0.000761 0.001488 0.249761 0.016541 0.150857 0.000518 0.000514 0.004359 0.000227 0.000384 0.001409 0.000368 0.037519 0.006054 0.002609
0.553441 0.000520 0.000362 0.002926 0.001048 0.002066 0.002222 0.001378 0.002607 0.067493 0.003501 0.001196 0.000167 0.000526 0.005766 0.002227 0.002732 0.002675 0.001894 0.220692 0.013493 0.060419 0.005121 0.003221 0.000839 0.002092 0.001913 0.013939 0.001022 0.010200 0.008448 0.003856
0.339827 0.000869 0.000313 0.002537 0.001293 0.000819 0.009868 0.003221 0.008147 0.277477 0.001299 0.001853 0.000066 0.000564 0.004738 0.020093 0.003939 0.010092 0.003463 0.191707 0.012703 0.051456 0.003372 0.003937 0.000907 0.002727 0.001251 0.015158 0.000820 0.012222 0.006635 0.006627
0.727060 0.000008 0.000061 0.000640 0.000118 0.000018 0.000041 0.000047 0.000027 0.001671 0.000070 0.000016 0.000011 0.000073 0.023885 0.000051 0.006398 0.000063 0.000070 0.178050 0.009704 0.033587 0.000043 0.000114 0.000578 0.000046 0.000108 0.000374 0.000044 0.014949 0.001503 0.000570
0.318950 0.001146 0.000190 0.000695 0.000589 0.000628 0.003543 0.002296 0.004833 0.299189 0.002058 0.001168 0.000120 0.000666 0.004194 0.006067 0.004552 0.010680 0.003267 0.177282 0.010680 0.090535 0.011037 0.006251 0.000978 0.000845 0.000713 0.005305 0.001207 0.018109 0.005557 0.006670
0.807786 0.000005 0.000064 0.000063 0.000004 0.000025 0.000031 0.000014 0.000080 0.001447 0.000031 0.000033 0.000026 0.000053 0.001504 0.000012 0.000640 0.000043 0.000082 0.156660 0.000570 0.027787 0.000015 0.000118 0.000439 0.000013 0.000024 0.000154 0.000007 0.001728 0.000255 0.000287
0.506173 0.003503 0.001034 0.007016 0.002478 0.008138 0.003700 0.002272 0.002070 0.050170 0.020299 0.001235 0.001204 0.002527 0.015730 0.002474 0.015923 0.001272 0.002021 0.144217 0.034168 0.056462 0.004611 0.004456 0.005486 0.002548 0.003090 0.021689 0.004338 0.046473 0.017595 0.005630
0.517127 0.000062 0.000252 0.006593 0.000362 0.000246 0.000251 0.000146 0.000224 0.004008 0.000152 0.000099 0.000235 0.000467 0.005296 0.000301 0.008725 0.000692 0.000556 0.134028 0.011859 0.280465 0.000325 0.000741 0.000767 0.000179 0.000779 0.002682 0.000288 0.013434 0.004726 0.003932
0.632496 0.003490 0.001002 0.001155 0.008916 0.000904 0.001206 0.002080 0.006071 0.047732 0.004483 0.002980 0.000101 0.000489 0.005808 0.000713 0.006150 0.001369 0.000667 0.128484 0.006004 0.074622 0.033695 0.003000 0.000637 0.000773 0.000782 0.005265 0.000904 0.012286 0.004115 0.001622
0.768776 0.000099 0.000155 0.000766 0.000519 0.000043 0.000260 0.000156 0.000231 0.008831 0.000573 0.000099 0.000039 0.000573 0.015814 0.000466 0.004991 0.000250 0.000617 0.115146 0.007635 0.050032 0.000198 0.000274 0.001499 0.000163 0.000207 0.000944 0.000163 0.016562 0.002497 0.001422
0.536756 0.001473 0.000196 0.002660 0.000717 0.000584 0.006070 0.001679 0.005092 0.181108 0.001857 0.000635 0.000050 0.000830 0.004822 0.009625 0.003192 0.014132 0.002426 0.115130 0.012770 0.049822 0.001447 0.003464 0.000917 0.001619 0.000516 0.005974 0.000846 0.014542 0.013505 0.005547
0.582337 0.000402 0.000121 0.000831 0.000327 0.000441 0.002780 0.001027 0.002841 0.182056 0.000975 0.000465 0.000042 0.000272 0.002480 0.003675 0.001878 0.009184 0.002550 0.114295 0.009513 0.054334 0.002661 0.002430 0.000388 0.000736 0.000299 0.003353 0.000535 0.008529 0.004696 0.003545
0.331723 0.005893 0.001499 0.003350 0.006585 0.005520 0.014429 0.005022 0.005467 0.090390 0.004589 0.003278 0.000541 0.003950 0.021462 0.010005 0.020305 0.008675 0.020355 0.105689 0.023693 0.061586 0.001591 0.007959 0.005089 0.029070 0.003949 0.044683 0.006286 0.048168 0.089788 0.009412
0.612729 0.000537 0.000168 0.008813 0.000677 0.003278 0.000289 0.000507 0.000893 0.016185 0.002326 0.000297 0.000989 0.001148 0.004737 0.000823 0.002825 0.001695 0.000237 0.102560 0.003089 0.196059 0.000969 0.002400 0.001385 0.000446 0.004520 0.013670 0.000713 0.006608 0.003794 0.004635
0.762673 0.000190 0.000707 0.000978 0.000016 0.000141 0.000173 0.000035 0.000035 0.001660 0.000096 0.000096 0.000003 0.000144 0.032058 0.000030 0.003264 0.000026 0.000024 0.101146 0.002380 0.026068 0.000049 0.000088 0.001028 0.000246 0.000057 0.062711 0.000028 0.002931 0.000605 0.000316
0.300003 0.001106 0.000221 0.007108 0.001056 0.004193 0.000506 0.000193 0.002060 0.039490 0.000172 0.000132 0.002457 0.003868 0.001537 0.000783 0.000821 0.019105 0.004391 0.028897 0.001585 0.549049 0.001303 0.001842 0.002974 0.000388 0.000699 0.007830 0.000416 0.002827 0.001915 0.011072
0.419280 0.001013 0.005190 0.000634 0.001236 0.000100 0.000285 0.000106 0.004474 0.004823 0.000537 0.000143 0.000731 0.004675 0.009652 0.000134 0.039842 0.000903 0.000661 0.003593 0.004347 0.462670 0.000028 0.001558 0.003775 0.000116 0.001099 0.001298 0.000103 0.022361 0.003577 0.001056
0.429439 0.001106 0.000046 0.000349 0.000255 0.003564 0.000169 0.000155 0.001210 0.035212 0.003036 0.000042 0.000631 0.001427 0.000766 0.000131 0.000596 0.013412 0.000656 0.049550 0.003005 0.426988 0.000064 0.000540 0.001590 0.000231 0.001254 0.001255 0.000545 0.005405 0.015999 0.001370
0.147787 0.000891 0.001655 0.004298 0.004202 0.000808 0.002255 0.001101 0.001828 0.024947 0.000812 0.000661 0.000532 0.005842 0.027372 0.001640 0.017752 0.005925 0.007475 0.184255 0.031334 0.413789 0.002352 0.002783 0.007038 0.000875 0.001129 0.006812 0.001907 0.054505 0.023398 0.012040
0.511052 0.000284 0.000495 0.001222 0.000495 0.000342 0.000442 0.000472 0.000896 0.012375 0.000621 0.000348 0.000117 0.002463 0.006312 0.000373 0.002858 0.001585 0.000256 0.047305 0.003515 0.376874 0.000833 0.002088 0.001253 0.000543 0.001926 0.005875 0.001071 0.007534 0.005663 0.002515
0.550666 0.000050 0.000056 0.006407 0.000085 0.000518 0.000105 0.000068 0.000152 0.001909 0.000098 0.000063 0.000600 0.000157 0.000865 0.000096 0.001015 0.000330 0.000222 0.117274 0.001738 0.306988 0.000293 0.000776 0.000414 0.000069 0.000285 0.001847 0.000089 0.003438 0.001374 0.001954
0.612729 0.000537 0.000168 0.008813 0.000677 0.003278 0.000289 0.000507 0.000893 0.016185 0.002326 0.000297 0.000989 0.001148 0.004737 0.000823 0.002825 0.001695 0.000237 0.102560 0.003089 0.196059 0.000969 0.002400 0.001385 0.000446 0.004520 0.013670 0.000713 0.006608 0.003794 0.004635
0.609469 0.001082 0.000249 0.000800 0.001174 0.000257 0.000636 0.000438 0.006767 0.049122 0.001784 0.001179 0.000117 0.000509 0.003659 0.000465 0.002859 0.000996 0.000545 0.091355 0.003864 0.185381 0.000319 0.004571 0.000332 0.000188 0.000312 0.015661 0.000375 0.010152 0.003993 0.001391
0.474900 0.000537 0.000119 0.000480 0.000733 0.000583 0.001027 0.000672 0.001936 0.080911 0.001063 0.000492 0.000053 0.000283 0.002431 0.000512 0.003119 0.002659 0.000554 0.226669 0.009321 0.154404 0.006376 0.001474 0.000426 0.000495 0.000332 0.003124 0.000387 0.015664 0.007012 0.001252
0.465471 0.000157 0.000276 0.001103 0.000698 0.000130 0.000373 0.000295 0.000264 0.013853 0.000424 0.000154 0.000085 0.001007 0.034572 0.000543 0.007225 0.000761 0.001488 0.249761 0.016541 0.150857 0.000518 0.000514 0.004359 0.000227 0.000384 0.001409 0.000368 0.037519 0.006054 0.002609
0.481388 0.010616 0.003115 0.008008 0.053890 0.003012 0.004467 0.004312 0.018473 0.081928 0.002688 0.003439 0.000156 0.001501 0.006938 0.004913 0.026505 0.002644 0.003485 0.036027 0.008844 0.147380 0.018577 0.007965 0.001411 0.000988 0.000860 0.012751 0.000860 0.031270 0.006164 0.005425
0.306095 0.002080 0.001570 0.002973 0.022123 0.000531 0.003329 0.001676 0.005833 0.108412 0.000549 0.001458 0.000049 0.000941 0.049318 0.007990 0.082257 0.000498 0.003492 0.076682 0.026528 0.146933 0.000959 0.009917 0.001461 0.000544 0.000581 0.028973 0.000806 0.091266 0.005133 0.009042
0.783107 0.000019 0.000009 0.007524 0.000038 0.000220 0.000040 0.000020 0.000074 0.001050 0.000057 0.000025 0.000531 0.000072 0.000320 0.000025 0.000328 0.000056 0.000044 0.070757 0.000534 0.130999 0.000087 0.000771 0.000143 0.000015 0.000085 0.000819 0.000017 0.001149 0.000338 0.000725
0.748645 0.000092 0.000012 0.001106 0.000108 0.000145 0.000198 0.000178 0.000324 0.045776 0.000126 0.000070 0.000049 0.000200 0.000474 0.000761 0.000389 0.005185 0.000769 0.057543 0.001616 0.127254 0.000336 0.000420 0.000271 0.000270 0.000914 0.001492 0.000565 0.001892 0.000393 0.002425
0.465336 0.000116 0.000081 0.000552 0.000282 0.000303 0.000572 0.000370 0.000655 0.089570 0.000468 0.000313 0.000021 0.000177 0.004578 0.000505 0.001206 0.001863 0.000531 0.271477 0.010151 0.120675 0.002630 0.001584 0.000367 0.001073 0.000332 0.008012 0.000432 0.008546 0.005653 0.001570
0.746096 0.001703 0.000557 0.000774 0.009264 0.000675 0.000542 0.000535 0.001749 0.007365 0.033590 0.000181 0.000148 0.000768 0.001695 0.000287 0.002780 0.001633 0.000149 0.033168 0.003155 0.118627 0.000230 0.002420 0.000700 0.001201 0.004677 0.001292 0.002667 0.003222 0.017080 0.001072
0.619231 0.003246 0.000973 0.010927 0.011656 0.004944 0.001551 0.001191 0.004990 0.065074 0.000659 0.001419 0.000340 0.000585 0.004774 0.002744 0.018898 0.000628 0.001725 0.055990 0.010475 0.116850 0.004925 0.003634 0.000863 0.000466 0.000771 0.023506 0.000587 0.020147 0.003064 0.003166
0.586156 0.000822 0.000135 0.000662 0.002758 0.000059 0.002550 0.000734 0.002888 0.096143 0.000088 0.001914 0.000001 0.000059 0.004427 0.011459 0.081484 0.000106 0.000444 0.033550 0.006680 0.114535 0.000437 0.001660 0.000118 0.000065 0.000059 0.012012 0.000036 0.035752 0.000459 0.001746
0.556119 0.006301 0.000831 0.003046 0.015600 0.001919 0.002102 0.003968 0.008055 0.059625 0.007996 0.006391 0.000275 0.000731 0.005014 0.000841 0.007738 0.002807 0.001053 0.087667 0.007713 0.112621 0.053728 0.003619 0.001128 0.002332 0.001873 0.009213 0.001771 0.018124 0.006916 0.002884
0.749690 0.000345 0.000293 0.003173 0.000595 0.000724 0.000520 0.000426 0.002196 0.010252 0.009178 0.000912 0.000187 0.000337 0.003460 0.000345 0.002952 0.000627 0.000660 0.066595 0.005465 0.110945 0.000286 0.002275 0.001073 0.000451 0.002657 0.006281 0.000547 0.008717 0.005917 0.001919
0.787596 0.000642 0.001478 0.012158 0.001002 0.000911 0.000586 0.000219 0.001515 0.001801 0.016441 0.000298 0.000218 0.000467 0.004628 0.000195 0.004996 0.000765 0.000342 0.022308 0.005828 0.104694 0.000178 0.001179 0.001690 0.001125 0.003077 0.001847 0.000522 0.006450 0.014128 0.000716
0.854388 0.000050 0.000020 0.009679 0.000025 0.000585 0.000053 0.000028 0.000106 0.000775 0.000080 0.000040 0.000601 0.000098 0.000272 0.000056 0.000356 0.000158 0.000137 0.022242 0.000711 0.104306 0.000105 0.000545 0.000127 0.000044 0.000236 0.001177 0.000034 0.001149 0.000392 0.001423
0.770438 0.000230 0.000080 0.001664 0.001924 0.000044 0.000237 0.000186 0.000759 0.017488 0.000078 0.000174 0.000001 0.000031 0.003746 0.001114 0.022486 0.000051 0.000181 0.020812 0.006260 0.100892 0.000087 0.002873 0.000062 0.000038 0.000063 0.006268 0.000075 0.039347 0.001328 0.000982
0.658505 0.004737 0.001867 0.037284 0.000648 0.004448 0.005433 0.001405 0.001457 0.014594 0.001132 0.002416 0.000147 0.003087 0.014353 0.005581 0.006683 0.001452 0.002064 0.031493 0.006753 0.038330 0.001817 0.001791 0.004231 0.003495 0.001289 0.122520 0.000551 0.009209 0.005692 0.005536
0.499717 0.001777 0.000592 0.000351 0.004978 0.000057 0.003867 0.001970 0.001398 0.074933 0.000365 0.005266 0.000005 0.000325 0.019013 0.006059 0.072561 0.000417 0.001334 0.045121 0.021041 0.088813 0.000323 0.005711 0.000529 0.000326 0.000219 0.014750 0.000300 0.120096 0.004957 0.002828
