0.014092 0.000000 0.000016 0.985173 0.000447 0.000189 0.000000 0.000000 0.000000 0.000000 0.000002 0.000000 0.000031 0.000001 0.000014 0.000000 0.000007 0.000001 0.000001 0.000001 0.000002 0.000004 0.000000 0.000002 0.000003 0.000001 0.000002 0.000002 0.000000 0.000004 0.000004 0.000002
0.034236 0.000062 0.000122 0.960151 0.000998 0.000936 0.000012 0.000007 0.000018 0.000017 0.000057 0.000008 0.002015 0.000041 0.000160 0.000017 0.000160 0.000037 0.000023 0.000039 0.000082 0.000111 0.000006 0.000051 0.000053 0.000132 0.000094 0.000034 0.000029 0.000101 0.000075 0.000114
0.060949 0.000001 0.000001 0.938058 0.000094 0.000539 0.000002 0.000001 0.000004 0.000002 0.000007 0.000001 0.000241 0.000001 0.000007 0.000001 0.000007 0.000004 0.000001 0.000005 0.000002 0.000010 0.000002 0.000007 0.000004 0.000006 0.000004 0.000008 0.000001 0.000007 0.000010 0.000012
0.063068 0.000006 0.000006 0.925878 0.000037 0.006972 0.000004 0.000002 0.000006 0.000006 0.000015 0.000002 0.003711 0.000010 0.000012 0.000003 0.000016 0.000018 0.000005 0.000010 0.000010 0.000027 0.000004 0.000013 0.000027 0.000013 0.000014 0.000019 0.000004 0.000025 0.000018 0.000039
0.317298 0.000006 0.000002 0.664407 0.000152 0.017414 0.000004 0.000004 0.000020 0.000007 0.000027 0.000004 0.000359 0.000002 0.000029 0.000002 0.000014 0.000008 0.000004 0.000036 0.000007 0.000025 0.000006 0.000029 0.000005 0.000006 0.000013 0.000052 0.000002 0.000013 0.000014 0.000029
0.342182 0.000016 0.000007 0.653542 0.000191 0.002572 0.000009 0.000006 0.000091 0.000021 0.000023 0.000008 0.000712 0.000006 0.000037 0.000006 0.000029 0.000019 0.000012 0.000079 0.000010 0.000068 0.000011 0.000105 0.000014 0.000008 0.000015 0.000064 0.000003 0.000035 0.000018 0.000080
0.349307 0.000023 0.000014 0.637843 0.003844 0.005386 0.000025 0.000028 0.000065 0.000102 0.000109 0.000039 0.000265 0.000015 0.000395 0.000025 0.000134 0.000044 0.000039 0.000271 0.000068 0.000231 0.000065 0.000395 0.000026 0.000038 0.000105 0.000436 0.000019 0.000195 0.000132 0.000318
0.418774 0.000013 0.000004 0.571204 0.000148 0.007595 0.000010 0.000008 0.000070 0.000026 0.000039 0.000008 0.001307 0.000007 0.000041 0.000005 0.000028 0.000019 0.000009 0.000115 0.000011 0.000100 0.000020 0.000175 0.000014 0.000009 0.000017 0.000082 0.000004 0.000033 0.000018 0.000088
0.427210 0.000010 0.000009 0.568413 0.002287 0.001120 0.000006 0.000006 0.000065 0.000019 0.000031 0.000006 0.000109 0.000005 0.000177 0.000006 0.000072 0.000009 0.000007 0.000043 0.000018 0.000056 0.000006 0.000087 0.000007 0.000009 0.000026 0.000057 0.000003 0.000049 0.000023 0.000049
0.445101 0.000221 0.000184 0.513185 0.004765 0.018491 0.000159 0.000156 0.001004 0.000583 0.000301 0.000217 0.003167 0.000128 0.000810 0.000133 0.000630 0.000206 0.000203 0.001067 0.000241 0.001232 0.000357 0.003208 0.000204 0.000135 0.000294 0.001655 0.000078 0.000735 0.000334 0.000814
0.478507 0.000025 0.000027 0.507482 0.001191 0.008403 0.000026 0.000024 0.000134 0.000104 0.000075 0.000030 0.000818 0.000019 0.000289 0.000016 0.000156 0.000034 0.000029 0.000412 0.000057 0.000400 0.000048 0.000757 0.000035 0.000027 0.000061 0.000328 0.000014 0.000182 0.000077 0.000213
0.434634 0.000297 0.006153 0.502898 0.007174 0.003145 0.000142 0.000107 0.000220 0.000849 0.000923 0.000087 0.004170 0.001713 0.012278 0.000128 0.001858 0.000268 0.000328 0.001817 0.001194 0.005528 0.000104 0.000667 0.002076 0.000676 0.001633 0.001670 0.000374 0.003051 0.002450 0.001389
0.526617 0.000028 0.000006 0.454569 0.000144 0.014308 0.000009 0.000007 0.000136 0.000013 0.000038 0.000007 0.003721 0.000007 0.000013 0.000004 0.000022 0.000016 0.000010 0.000029 0.000007 0.000036 0.000020 0.000061 0.000011 0.000010 0.000017 0.000045 0.000003 0.000019 0.000015 0.000052
0.572633 0.000443 0.000043 0.374306 0.007547 0.004068 0.000535 0.000261 0.001740 0.001650 0.000454 0.000283 0.002530 0.000297 0.001740 0.000397 0.002599 0.000851 0.001562 0.003627 0.001221 0.003580 0.000561 0.001310 0.000545 0.000819 0.000742 0.003370 0.000234 0.003644 0.003438 0.002967
0.644383 0.000000 0.000000 0.353176 0.000021 0.002315 0.000000 0.000000 0.000002 0.000001 0.000002 0.000000 0.000038 0.000000 0.000006 0.000000 0.000002 0.000001 0.000000 0.000016 0.000001 0.000008 0.000001 0.000006 0.000000 0.000000 0.000001 0.000009 0.000000 0.000003 0.000001 0.000004
0.653951 0.000001 0.000061 0.344508 0.000661 0.000082 0.000001 0.000001 0.000001 0.000007 0.000007 0.000001 0.000008 0.000002 0.000366 0.000001 0.000091 0.000001 0.000001 0.000023 0.000026 0.000062 0.000001 0.000022 0.000006 0.000002 0.000008 0.000014 0.000001 0.000060 0.000018 0.000006
0.635909 0.000046 0.000028 0.341034 0.000413 0.016676 0.000040 0.000046 0.000350 0.000191 0.000202 0.000067 0.000988 0.000026 0.000136 0.000029 0.000150 0.000062 0.000044 0.000934 0.000067 0.000634 0.000081 0.000586 0.000037 0.000036 0.000089 0.000519 0.000017 0.000146 0.000092 0.000325
0.651764 0.000018 0.000018 0.339583 0.001054 0.003381 0.000023 0.000023 0.000247 0.000143 0.000071 0.000052 0.000387 0.000011 0.000182 0.000018 0.000117 0.000024 0.000024 0.000504 0.000034 0.000373 0.000078 0.000966 0.000018 0.000020 0.000050 0.000430 0.000008 0.000116 0.000053 0.000209
0.663248 0.000018 0.000015 0.329668 0.000657 0.001771 0.000033 0.000025 0.000110 0.000132 0.000093 0.000058 0.000161 0.000012 0.000212 0.000017 0.000206 0.000030 0.000019 0.001001 0.000109 0.000576 0.000095 0.000475 0.000022 0.000039 0.000094 0.000507 0.000014 0.000249 0.000147 0.000187
0.667591 0.000002 0.000000 0.328025 0.000068 0.003986 0.000001 0.000001 0.000014 0.000005 0.000008 0.000001 0.000131 0.000000 0.000011 0.000000 0.000004 0.000002 0.000001 0.000043 0.000002 0.000032 0.000002 0.000021 0.000001 0.000001 0.000003 0.000024 0.000000 0.000004 0.000005 0.000011
0.672410 0.000000 0.000000 0.326314 0.000006 0.001232 0.000000 0.000000 0.000001 0.000000 0.000001 0.000000 0.000014 0.000000 0.000002 0.000000 0.000001 0.000000 0.000000 0.000007 0.000000 0.000003 0.000000 0.000002 0.000000 0.000000 0.000000 0.000003 0.000000 0.000001 0.000000 0.000001
0.654497 0.000029 0.000010 0.321807 0.000514 0.017687 0.000016 0.000022 0.000065 0.000238 0.000086 0.000042 0.000384 0.000025 0.000212 0.000023 0.000142 0.000032 0.000018 0.001105 0.000102 0.001018 0.000041 0.000312 0.000024 0.000016 0.000081 0.000874 0.000012 0.000215 0.000107 0.000244
0.691134 0.000000 0.000000 0.308556 0.000002 0.000295 0.000000 0.000000 0.000000 0.000000 0.000000 0.000000 0.000002 0.000000 0.000001 0.000000 0.000000 0.000000 0.000000 0.000004 0.000000 0.000001 0.000000 0.000001 0.000000 0.000000 0.000000 0.000001 0.000000 0.000000 0.000000 0.000000
0.694891 0.000037 0.000026 0.284600 0.001506 0.005071 0.000057 0.000040 0.000122 0.000669 0.000073 0.000128 0.000271 0.000034 0.000482 0.000038 0.000312 0.000059 0.000034 0.005013 0.000305 0.002132 0.000136 0.000377 0.000045 0.000058 0.000059 0.002223 0.000017 0.000586 0.000364 0.000235
0.722305 0.000004 0.000001 0.273306 0.000061 0.001873 0.000003 0.000003 0.000014 0.000028 0.000007 0.000005 0.000342 0.000004 0.000065 0.000004 0.000175 0.000004 0.000004 0.000103 0.000024 0.000186 0.000003 0.001023 0.000006 0.000002 0.000008 0.000102 0.000001 0.000244 0.000029 0.000059
0.740920 0.000028 0.000006 0.245591 0.000691 0.010721 0.000019 0.000019 0.000157 0.000060 0.000161 0.000021 0.000565 0.000009 0.000050 0.000012 0.000047 0.000027 0.000017 0.000107 0.000021 0.000065 0.000076 0.000183 0.000012 0.000028 0.000050 0.000153 0.000009 0.000037 0.000033 0.000104
0.745221 0.000010 0.000001 0.244433 0.000206 0.008586 0.000006 0.000007 0.000019 0.000031 0.000087 0.000008 0.000491 0.000004 0.000035 0.000003 0.000037 0.000014 0.000006 0.000230 0.000022 0.000166 0.000011 0.000065 0.000006 0.000007 0.000016 0.000096 0.000003 0.000056 0.000072 0.000043
0.720694 0.000085 0.000050 0.242476 0.001154 0.024934 0.000082 0.000076 0.000415 0.000251 0.000367 0.000080 0.003335 0.000048 0.000169 0.000039 0.000241 0.000169 0.000087 0.000974 0.000120 0.000785 0.000352 0.000852 0.000098 0.000104 0.000191 0.000671 0.000056 0.000287 0.000216 0.000543
0.757126 0.000012 0.000008 0.224575 0.000387 0.008010 0.000023 0.000025 0.000059 0.000312 0.000010 0.000022 0.001288 0.000021 0.000207 0.000023 0.000357 0.000036 0.000030 0.000705 0.000097 0.000738 0.000085 0.001358 0.000031 0.000027 0.000041 0.003287 0.000007 0.000464 0.000081 0.000551
0.746115 0.000047 0.000007 0.223200 0.000074 0.027071 0.000022 0.000009 0.000040 0.000058 0.000105 0.000008 0.001927 0.000020 0.000046 0.000010 0.000034 0.000055 0.000018 0.000187 0.000036 0.000235 0.000048 0.000091 0.000086 0.000025 0.000026 0.000179 0.000008 0.000085 0.000051 0.000081
0.779488 0.000031 0.000010 0.216824 0.000227 0.000601 0.000026 0.000014 0.000155 0.000081 0.000058 0.000014 0.000168 0.000013 0.000128 0.000016 0.000072 0.000047 0.000021 0.000590 0.000046 0.000546 0.000049 0.000184 0.000031 0.000020 0.000039 0.000210 0.000008 0.000106 0.000043 0.000132
0.794007 0.000006 0.000001 0.202873 0.000197 0.001429 0.000005 0.000005 0.000021 0.000042 0.000021 0.000007 0.000168 0.000003 0.000056 0.000005 0.000038 0.000009 0.000004 0.000212 0.000011 0.000166 0.000013 0.000407 0.000006 0.000007 0.000013 0.000107 0.000003 0.000070 0.000032 0.000054
0.795024 0.000015 0.000007 0.195503 0.000117 0.003969 0.000015 0.000011 0.000055 0.000071 0.000036 0.000010 0.001212 0.000016 0.000284 0.000006 0.000240 0.000030 0.000027 0.000639 0.000111 0.001175 0.000018 0.000111 0.000059 0.000029 0.000072 0.000333 0.000007 0.000501 0.000119 0.000179
0.807192 0.000004 0.000000 0.192264 0.000009 0.000077 0.000003 0.000001 0.000004 0.000008 0.000012 0.000001 0.000028 0.000002 0.000010 0.000001 0.000019 0.000009 0.000002 0.000059 0.000034 0.000095 0.000001 0.000005 0.000007 0.000014 0.000008 0.000042 0.000001 0.000043 0.000031 0.000016
0.799060 0.000046 0.000006 0.186143 0.001983 0.005808 0.000041 0.000033 0.000240 0.000202 0.000534 0.000036 0.000619 0.000022 0.000289 0.000017 0.000238 0.000055 0.000045 0.001372 0.000119 0.001302 0.000069 0.000253 0.000044 0.000054 0.000084 0.000486 0.000016 0.000285 0.000332 0.000168
0.801282 0.000041 0.000013 0.182772 0.000167 0.007410 0.000034 0.000035 0.000322 0.000237 0.000095 0.000030 0.001593 0.000021 0.000192 0.000020 0.000111 0.000098 0.000051 0.001879 0.000065 0.001487 0.000100 0.000696 0.000054 0.000021 0.000057 0.000472 0.000017 0.000217 0.000056 0.000356
0.813120 0.000048 0.000022 0.174015 0.000167 0.003724 0.000046 0.000038 0.000534 0.000410 0.000124 0.000044 0.000692 0.000024 0.000270 0.000030 0.000182 0.000084 0.000043 0.001770 0.000070 0.001235 0.000151 0.001859 0.000051 0.000019 0.000050 0.000505 0.000015 0.000278 0.000048 0.000329
0.772752 0.000127 0.000052 0.173981 0.000767 0.006173 0.000237 0.000183 0.000799 0.002690 0.000363 0.000458 0.000668 0.000093 0.000516 0.000182 0.000837 0.000371 0.000278 0.012899 0.000658 0.007182 0.000586 0.002341 0.000218 0.000281 0.000452 0.007790 0.000087 0.002114 0.001146 0.002719
0.803894 0.000342 0.000208 0.169371 0.003878 0.009420 0.000129 0.000093 0.000733 0.000358 0.000104 0.000114 0.003678 0.000159 0.000579 0.000095 0.000896 0.000207 0.000126 0.000439 0.000211 0.000378 0.000301 0.000647 0.000168 0.000163 0.000235 0.001739 0.000066 0.000529 0.000271 0.000467
0.819210 0.000039 0.000060 0.166790 0.001126 0.003521 0.000042 0.000050 0.000771 0.000353 0.000099 0.000089 0.000439 0.000028 0.000699 0.000052 0.000296 0.000044 0.000052 0.001299 0.000085 0.001126 0.000048 0.002013 0.000052 0.000029 0.000102 0.000637 0.000018 0.000398 0.000087 0.000346
0.821613 0.000045 0.000014 0.160808 0.000227 0.006363 0.000042 0.000040 0.000489 0.000322 0.000147 0.000028 0.001738 0.000027 0.000211 0.000021 0.000149 0.000124 0.000052 0.002153 0.000079 0.002121 0.000145 0.001538 0.000068 0.000021 0.000056 0.000515 0.000017 0.000334 0.000072 0.000420
0.830458 0.000015 0.000019 0.160428 0.001345 0.003803 0.000031 0.000027 0.000160 0.000123 0.000144 0.000036 0.000476 0.000011 0.000085 0.000013 0.000105 0.000037 0.000022 0.000850 0.000063 0.000353 0.000159 0.000359 0.000017 0.000054 0.000087 0.000374 0.000016 0.000105 0.000082 0.000142
0.815348 0.000121 0.000149 0.158952 0.000512 0.011099 0.000109 0.000071 0.000489 0.000355 0.000458 0.000143 0.001435 0.000077 0.000380 0.000042 0.000499 0.000177 0.000073 0.002717 0.000199 0.002498 0.000226 0.000995 0.000170 0.000102 0.000249 0.000835 0.000066 0.000568 0.000348 0.000540
0.839864 0.000048 0.000003 0.155711 0.000418 0.001795 0.000014 0.000007 0.000227 0.000017 0.000196 0.000007 0.001307 0.000006 0.000014 0.000004 0.000020 0.000028 0.000008 0.000024 0.000006 0.000024 0.000035 0.000039 0.000012 0.000024 0.000027 0.000031 0.000006 0.000014 0.000026 0.000037
0.804804 0.000106 0.000049 0.154147 0.000306 0.021215 0.000040 0.000063 0.000195 0.000394 0.000169 0.000067 0.000588 0.000084 0.001595 0.000054 0.000493 0.000088 0.000064 0.002172 0.000283 0.006225 0.000026 0.000669 0.000121 0.000045 0.000408 0.002850 0.000043 0.001044 0.000630 0.000963
0.804655 0.000223 0.000039 0.150803 0.001261 0.005988 0.000276 0.000169 0.000448 0.001528 0.000278 0.000253 0.001694 0.000130 0.001842 0.000140 0.001751 0.000327 0.000316 0.005008 0.001251 0.004413 0.000455 0.001037 0.000290 0.000403 0.000721 0.007695 0.000122 0.003024 0.001650 0.001810
0.735612 0.000999 0.000225 0.150156 0.001398 0.059756 0.000559 0.000410 0.001314 0.002306 0.001353 0.000337 0.011419 0.000763 0.001804 0.000373 0.002141 0.000863 0.000687 0.003826 0.001299 0.005385 0.000728 0.001971 0.001117 0.001210 0.001300 0.004632 0.000338 0.002886 0.001077 0.001756
0.152166 0.033377 0.007549 0.149755 0.013293 0.136249 0.009461 0.004774 0.004036 0.039328 0.035500 0.004687 0.017778 0.011365 0.025229 0.012852 0.012058 0.006899 0.017746 0.041489 0.019965 0.037268 0.007395 0.015773 0.006775 0.017894 0.013677 0.033802 0.051062 0.021691 0.020513 0.018594
0.850521 0.000028 0.000006 0.143979 0.000460 0.002340 0.000032 0.000022 0.000157 0.000111 0.000165 0.000044 0.000169 0.000009 0.000078 0.000014 0.000082 0.000028 0.000015 0.000327 0.000040 0.000261 0.000125 0.000313 0.000012 0.000039 0.000052 0.000364 0.000008 0.000060 0.000055 0.000084
0.852914 0.000010 0.000006 0.143380 0.000127 0.001876 0.000009 0.000008 0.000088 0.000059 0.000029 0.000015 0.000089 0.000004 0.000136 0.000008 0.000055 0.000010 0.000007 0.000409 0.000019 0.000195 0.000021 0.000238 0.000008 0.000005 0.000020 0.000121 0.000004 0.000066 0.000013 0.000051
0.858976 0.000006 0.000002 0.138614 0.000025 0.001408 0.000006 0.000003 0.000019 0.000035 0.000015 0.000004 0.000078 0.000003 0.000038 0.000004 0.000046 0.000008 0.000002 0.000180 0.000015 0.000087 0.000013 0.000179 0.000006 0.000004 0.000009 0.000107 0.000001 0.000063 0.000006 0.000035
0.867846 0.000044 0.000009 0.127782 0.000220 0.000798 0.000040 0.000012 0.000023 0.000067 0.000267 0.000017 0.000032 0.000019 0.000213 0.000013 0.000216 0.000053 0.000008 0.000525 0.000160 0.000436 0.000015 0.000060 0.000056 0.000084 0.000111 0.000105 0.000013 0.000227 0.000479 0.000051
0.863931 0.000018 0.000007 0.126267 0.000128 0.005228 0.000015 0.000013 0.000112 0.000076 0.000070 0.000009 0.001458 0.000015 0.000077 0.000006 0.000056 0.000046 0.000019 0.000744 0.000027 0.000784 0.000043 0.000299 0.000035 0.000012 0.000030 0.000176 0.000009 0.000106 0.000036 0.000145
0.849240 0.000191 0.000031 0.122272 0.000270 0.002676 0.000130 0.000107 0.000583 0.001736 0.000157 0.000413 0.000290 0.000081 0.000528 0.000169 0.000594 0.000148 0.000254 0.004295 0.000246 0.003012 0.000290 0.002589 0.000157 0.000093 0.000141 0.005822 0.000034 0.001315 0.000291 0.001845
0.852544 0.000290 0.000216 0.108951 0.000661 0.005524 0.000269 0.000147 0.000548 0.000790 0.000894 0.000227 0.000531 0.000206 0.002687 0.000102 0.001336 0.000340 0.000120 0.006392 0.000812 0.008324 0.000177 0.001171 0.000417 0.000273 0.000492 0.001403 0.000151 0.001795 0.001378 0.000832
0.847650 0.000089 0.000042 0.108369 0.000086 0.029630 0.000032 0.000023 0.000092 0.000099 0.000087 0.000016 0.010587 0.000085 0.000129 0.000030 0.000233 0.000136 0.000058 0.000232 0.000150 0.000332 0.000071 0.000246 0.000199 0.000049 0.000145 0.000364 0.000030 0.000354 0.000120 0.000235
0.885784 0.000018 0.000005 0.106785 0.000084 0.004654 0.000013 0.000010 0.000074 0.000072 0.000059 0.000008 0.000680 0.000011 0.000056 0.000006 0.000048 0.000031 0.000008 0.000388 0.000018 0.000294 0.000060 0.000430 0.000022 0.000008 0.000019 0.000156 0.000006 0.000084 0.000019 0.000091
0.787634 0.000454 0.009553 0.104544 0.002358 0.001963 0.000328 0.000161 0.000235 0.002793 0.000905 0.000319 0.000859 0.001320 0.040158 0.000448 0.005518 0.000195 0.000394 0.009646 0.004488 0.004534 0.000177 0.000851 0.001545 0.001175 0.002774 0.004978 0.000837 0.005469 0.001402 0.001986
0.152166 0.033377 0.007549 0.149755 0.013293 0.136249 0.009461 0.004774 0.004036 0.039328 0.035500 0.004687 0.017778 0.011365 0.025229 0.012852 0.012058 0.006899 0.017746 0.041489 0.019965 0.037268 0.007395 0.015773 0.006775 0.017894 0.013677 0.033802 0.051062 0.021691 0.020513 0.018594
0.428371 0.000827 0.003172 0.032144 0.017118 0.031393 0.004702 0.001422 0.000892 0.013646 0.011154 0.000837 0.001493 0.003946 0.034214 0.001590 0.006576 0.006103 0.004093 0.174713 0.013639 0.095995 0.001730 0.004191 0.004918 0.004181 0.000709 0.004846 0.008368 0.023059 0.056684 0.003271
0.491095 0.001554 0.001581 0.005552 0.008044 0.011449 0.002570 0.001082 0.002141 0.017493 0.018403 0.001085 0.003793 0.002746 0.012553 0.000568 0.004970 0.003729 0.003064 0.168650 0.010896 0.132315 0.000962 0.003042 0.005611 0.003873 0.002368 0.014066 0.004513 0.016982 0.038852 0.004396
0.346542 0.004064 0.015511 0.014337 0.034924 0.037368 0.010011 0.003850 0.003645 0.021710 0.029151 0.003988 0.007230 0.006694 0.019905 0.001375 0.008888 0.010242 0.008035 0.133945 0.009833 0.066483 0.004474 0.009335 0.007547 0.019940 0.002511 0.016144 0.019284 0.017058 0.097753 0.008223
0.601950 0.001996 0.006038 0.011336 0.017157 0.026089 0.003762 0.001429 0.002029 0.011866 0.022978 0.001721 0.007962 0.003639 0.013044 0.000759 0.005032 0.004603 0.004128 0.106119 0.007389 0.052759 0.001642 0.004980 0.004580 0.007263 0.002266 0.008863 0.008748 0.009947 0.034094 0.003832
0.491095 0.001554 0.001581 0.005552 0.008044 0.011449 0.002570 0.001082 0.002141 0.017493 0.018403 0.001085 0.003793 0.002746 0.012553 0.000568 0.004970 0.003729 0.003064 0.168650 0.010896 0.132315 0.000962 0.003042 0.005611 0.003873 0.002368 0.014066 0.004513 0.016982 0.038852 0.004396
0.755796 0.000486 0.000002 0.000085 0.000123 0.000006 0.000432 0.000096 0.000247 0.000600 0.000039 0.001776 0.000008 0.000006 0.000010 0.000067 0.000042 0.000050 0.000030 0.000067 0.000008 0.000029 0.239011 0.000052 0.000003 0.000034 0.000025 0.000780 0.000014 0.000023 0.000020 0.000033
0.800377 0.000168 0.000001 0.000139 0.000099 0.000001 0.000218 0.000044 0.000035 0.000256 0.000004 0.001061 0.000000 0.000001 0.000003 0.000049 0.000030 0.000022 0.000003 0.000026 0.000004 0.000009 0.196272 0.000023 0.000000 0.000011 0.000005 0.001114 0.000003 0.000008 0.000004 0.000007
0.136857 0.009572 0.012090 0.016230 0.036386 0.029370 0.020595 0.008575 0.009125 0.037055 0.026870 0.006526 0.006734 0.012953 0.026905 0.004034 0.015172 0.020645 0.012633 0.121836 0.018183 0.071913 0.008667 0.013867 0.014163 0.035102 0.005124 0.035037 0.027503 0.028370 0.156561 0.015348
