0.218349 0.177069 0.000103 0.001943 0.000373 0.003832 0.443568 0.002323 0.004171 0.004035 0.001710 0.002980 0.000202 0.005276 0.000135 0.011077 0.003454 0.038020 0.004073 0.002130 0.006585 0.012190 0.001512 0.000373 0.001495 0.015404 0.001834 0.001328 0.000390 0.003467 0.029413 0.001187
0.007429 0.000017 0.991513 0.000016 0.000263 0.000038 0.000003 0.000002 0.000006 0.000005 0.000043 0.000002 0.000023 0.000163 0.000178 0.000001 0.000105 0.000002 0.000003 0.000006 0.000038 0.000011 0.000001 0.000002 0.000058 0.000010 0.000010 0.000004 0.000018 0.000007 0.000017 0.000003
0.889581 0.000109 0.100906 0.000072 0.000421 0.000031 0.000037 0.000036 0.000072 0.000149 0.000738 0.000046 0.000040 0.000292 0.003510 0.000015 0.001182 0.000020 0.000018 0.000726 0.000500 0.000326 0.000039 0.000052 0.000384 0.000072 0.000081 0.000050 0.000124 0.000154 0.000176 0.000042
0.200914 0.006671 0.023496 0.016161 0.111786 0.030350 0.014681 0.009245 0.011391 0.035495 0.034814 0.005578 0.005934 0.010800 0.040891 0.003811 0.017520 0.006808 0.010105 0.108751 0.016976 0.050680 0.008100 0.016130 0.009140 0.016203 0.005695 0.022806 0.025825 0.038769 0.076415 0.008057
0.610220 0.011161 0.000714 0.004848 0.001804 0.181486 0.002070 0.001050 0.002986 0.012693 0.003626 0.000546 0.015705 0.003239 0.000780 0.003207 0.001644 0.014529 0.006924 0.005864 0.002053 0.007223 0.005185 0.000680 0.009239 0.004148 0.005330 0.061177 0.002116 0.001963 0.012460 0.003331
0.337986 0.027915 0.000139 0.001604 0.000356 0.001988 0.462107 0.006551 0.003530 0.018283 0.001992 0.012418 0.000058 0.001859 0.000376 0.017527 0.006275 0.005360 0.002557 0.013701 0.015962 0.016476 0.009983 0.001475 0.000791 0.005775 0.001125 0.004943 0.000368 0.010125 0.008711 0.001688
0.349289 0.158744 0.000227 0.000624 0.000521 0.002474 0.330156 0.001455 0.002783 0.001234 0.001834 0.002708 0.000162 0.003940 0.000057 0.005419 0.002382 0.048739 0.001298 0.001146 0.003644 0.004589 0.001341 0.000148 0.000568 0.030396 0.004526 0.001306 0.000735 0.001499 0.035455 0.000602
0.729546 0.002512 0.000046 0.000283 0.000070 0.000690 0.187632 0.002695 0.000897 0.010863 0.001016 0.003905 0.000007 0.000478 0.000149 0.011175 0.003523 0.002493 0.000419 0.009701 0.010669 0.006004 0.000486 0.000390 0.000218 0.001548 0.000513 0.003221 0.000077 0.004502 0.003621 0.000650
0.698690 0.002802 0.000084 0.000187 0.000130 0.000216 0.171264 0.003732 0.000958 0.022389 0.000514 0.008227 0.000005 0.000454 0.000334 0.018284 0.011598 0.002011 0.000756 0.009250 0.016431 0.004699 0.004084 0.000415 0.000255 0.002280 0.000304 0.005323 0.000132 0.007939 0.005410 0.000844
0.593186 0.053178 0.000154 0.000750 0.000238 0.001436 0.161844 0.002177 0.001483 0.011915 0.001045 0.005449 0.000209 0.004570 0.000253 0.015809 0.025941 0.018206 0.005741 0.004484 0.019602 0.015267 0.001960 0.000533 0.001170 0.005425 0.002072 0.004365 0.000372 0.012741 0.026445 0.001978
0.494378 0.004879 0.000314 0.000338 0.001197 0.000249 0.016652 0.002877 0.006274 0.219657 0.001351 0.002083 0.000018 0.000936 0.006070 0.011206 0.011582 0.000618 0.005649 0.091341 0.021072 0.043029 0.002113 0.001792 0.002095 0.000912 0.000447 0.009592 0.000343 0.030524 0.006175 0.004235
0.662552 0.005759 0.000275 0.000431 0.000883 0.000306 0.015364 0.002359 0.007726 0.128833 0.000984 0.001246 0.000035 0.001185 0.004458 0.010061 0.007802 0.000815 0.004779 0.059421 0.012470 0.027750 0.001344 0.001024 0.003179 0.000949 0.000347 0.007194 0.000237 0.021028 0.005377 0.003829
0.105871 0.007886 0.001365 0.013351 0.058622 0.006135 0.005074 0.002942 0.004817 0.121591 0.011835 0.003112 0.001491 0.004022 0.022640 0.003972 0.027301 0.004743 0.004120 0.118812 0.050556 0.094834 0.037853 0.015873 0.002297 0.009654 0.009468 0.056965 0.018789 0.065765 0.096972 0.011272
0.061557 0.011066 0.001771 0.015391 0.055604 0.005442 0.007359 0.003837 0.004845 0.120739 0.011317 0.004217 0.002071 0.005643 0.024589 0.004449 0.031471 0.005306 0.004506 0.119216 0.054607 0.083657 0.053561 0.021221 0.002915 0.013429 0.009559 0.061263 0.022580 0.070038 0.094025 0.012753
0.135795 0.010329 0.002035 0.019240 0.026553 0.010703 0.005192 0.004177 0.004830 0.118561 0.009078 0.003780 0.003291 0.004841 0.030912 0.004552 0.027477 0.004184 0.004009 0.126982 0.038418 0.066319 0.044763 0.020657 0.003580 0.011833 0.007755 0.092899 0.021591 0.057104 0.065598 0.012961
0.159390 0.005494 0.001285 0.010654 0.048432 0.005077 0.003155 0.001778 0.004025 0.113208 0.009712 0.001795 0.001012 0.003268 0.020591 0.002899 0.025060 0.003927 0.003413 0.118401 0.049184 0.122364 0.018135 0.010344 0.001879 0.006489 0.008431 0.051743 0.011241 0.059716 0.108699 0.009197
0.142054 0.009565 0.002089 0.020083 0.032939 0.009194 0.005182 0.003952 0.004486 0.111919 0.010188 0.003337 0.003265 0.004814 0.033386 0.004313 0.029415 0.003991 0.003916 0.127351 0.042480 0.071547 0.035361 0.021604 0.003510 0.013043 0.008719 0.071492 0.024291 0.061074 0.068071 0.013369
0.157726 0.008732 0.002214 0.022016 0.028625 0.010251 0.004961 0.004438 0.004919 0.109555 0.009783 0.003574 0.003030 0.004632 0.034999 0.004420 0.028337 0.004238 0.003902 0.129438 0.040277 0.068949 0.033124 0.021025 0.003690 0.012591 0.008250 0.075461 0.022263 0.058363 0.062473 0.013745
0.137125 0.008737 0.002150 0.019443 0.043172 0.008054 0.005208 0.003755 0.004337 0.107459 0.010770 0.003158 0.003126 0.004719 0.033087 0.004177 0.030626 0.004113 0.003952 0.122883 0.044515 0.078581 0.032425 0.021838 0.003250 0.013874 0.009796 0.060707 0.025233 0.064395 0.071975 0.013360
0.190953 0.007179 0.000781 0.003875 0.009995 0.001193 0.007104 0.001397 0.002210 0.106359 0.006282 0.002192 0.000472 0.004326 0.015607 0.002454 0.019962 0.003472 0.002503 0.176650 0.081049 0.102119 0.014993 0.005676 0.003178 0.006914 0.006302 0.035022 0.008406 0.073282 0.093252 0.004839
0.161098 0.006701 0.000855 0.004470 0.012599 0.001503 0.006973 0.001566 0.002379 0.105656 0.006628 0.002301 0.000555 0.004401 0.016729 0.002455 0.019202 0.004025 0.002649 0.182573 0.076911 0.106417 0.015769 0.006418 0.003042 0.007737 0.006741 0.036741 0.010079 0.071992 0.107735 0.005101
0.048866 0.008066 0.000934 0.004648 0.012155 0.005814 0.004592 0.002825 0.003899 0.103971 0.017151 0.002810 0.001476 0.004947 0.014748 0.002595 0.017881 0.006641 0.004375 0.234067 0.046778 0.112087 0.023147 0.008979 0.003952 0.008113 0.008492 0.054736 0.014356 0.051027 0.155909 0.009964
0.133985 0.005230 0.001004 0.004741 0.017464 0.001678 0.005980 0.001656 0.002402 0.102301 0.007449 0.002273 0.000621 0.004171 0.019115 0.002208 0.019884 0.004176 0.002641 0.192356 0.073700 0.109883 0.014805 0.007577 0.002732 0.007906 0.007230 0.037607 0.011263 0.072345 0.118143 0.005471
0.643536 0.007722 0.000394 0.000789 0.001213 0.000552 0.016956 0.002785 0.009458 0.101075 0.001470 0.001811 0.000067 0.001503 0.005530 0.010075 0.010217 0.000942 0.004129 0.068993 0.018839 0.035465 0.002419 0.001421 0.004062 0.001363 0.000668 0.011761 0.000386 0.023669 0.006427 0.004303
0.555762 0.000176 0.002458 0.000282 0.001922 0.000109 0.001348 0.000564 0.000564 0.033705 0.001841 0.000820 0.000010 0.000521 0.217581 0.000265 0.011701 0.000090 0.000179 0.116693 0.010655 0.017792 0.000453 0.001562 0.001540 0.000501 0.000335 0.001350 0.000885 0.013065 0.004349 0.000922
0.599955 0.003400 0.002190 0.001032 0.003498 0.000071 0.003121 0.000770 0.002162 0.024235 0.004839 0.001241 0.000019 0.003561 0.207610 0.001132 0.008840 0.000924 0.002116 0.047019 0.013955 0.027942 0.000707 0.001765 0.005751 0.001153 0.000652 0.006618 0.000604 0.014224 0.006148 0.002747
0.599955 0.003400 0.002190 0.001032 0.003498 0.000071 0.003121 0.000770 0.002162 0.024235 0.004839 0.001241 0.000019 0.003561 0.207610 0.001132 0.008840 0.000924 0.002116 0.047019 0.013955 0.027942 0.000707 0.001765 0.005751 0.001153 0.000652 0.006618 0.000604 0.014224 0.006148 0.002747
0.741913 0.002114 0.002322 0.000307 0.001300 0.000042 0.001132 0.000554 0.000771 0.015387 0.002234 0.000937 0.000019 0.002331 0.109674 0.000581 0.005900 0.000364 0.000905 0.058388 0.007855 0.016379 0.000716 0.001164 0.007891 0.000323 0.000321 0.004555 0.000436 0.008711 0.003190 0.001286
0.741851 0.000098 0.002821 0.000385 0.001181 0.000107 0.000665 0.000348 0.000444 0.020021 0.001257 0.000567 0.000009 0.000351 0.102638 0.000164 0.008452 0.000081 0.000093 0.086467 0.005531 0.010039 0.000232 0.001154 0.001044 0.000399 0.000299 0.000911 0.000504 0.008644 0.002568 0.000676
0.561110 0.000551 0.006857 0.007204 0.007808 0.002523 0.001362 0.000526 0.000604 0.006364 0.001640 0.000575 0.000717 0.003132 0.084490 0.000559 0.111469 0.000904 0.002057 0.017021 0.042839 0.040240 0.000250 0.003559 0.003238 0.000805 0.001629 0.003131 0.001158 0.062896 0.019686 0.003096
0.719825 0.000814 0.000112 0.002322 0.000677 0.000920 0.000690 0.000855 0.000413 0.006384 0.001376 0.000277 0.000164 0.000594 0.000988 0.001295 0.000640 0.001903 0.219483 0.009704 0.000687 0.004232 0.000516 0.000336 0.006749 0.000243 0.000509 0.000555 0.000391 0.002287 0.005712 0.008348
0.487758 0.012036 0.000532 0.018176 0.001960 0.060777 0.004619 0.001307 0.003317 0.013764 0.007720 0.000396 0.013677 0.008983 0.000611 0.002449 0.002564 0.054612 0.122903 0.006502 0.004149 0.009803 0.001201 0.000976 0.021347 0.003166 0.002632 0.002640 0.001641 0.006855 0.109122 0.011803
0.048866 0.008066 0.000934 0.004648 0.012155 0.005814 0.004592 0.002825 0.003899 0.103971 0.017151 0.002810 0.001476 0.004947 0.014748 0.002595 0.017881 0.006641 0.004375 0.234067 0.046778 0.112087 0.023147 0.008979 0.003952 0.008113 0.008492 0.054736 0.014356 0.051027 0.155909 0.009964
0.505602 0.006915 0.003684 0.004553 0.002082 0.001638 0.002283 0.002831 0.002340 0.029083 0.027413 0.002327 0.001612 0.003865 0.012223 0.001314 0.017168 0.001481 0.001384 0.213144 0.033809 0.036951 0.007934 0.004091 0.005813 0.003274 0.003496 0.007420 0.007850 0.019905 0.021965 0.004550
0.524989 0.006059 0.003308 0.004380 0.001798 0.001516 0.002020 0.002555 0.002236 0.027021 0.024564 0.002001 0.001520 0.003752 0.012506 0.001339 0.018948 0.001473 0.001326 0.203824 0.032488 0.038353 0.005751 0.003501 0.006058 0.002986 0.003306 0.007353 0.006900 0.020312 0.021219 0.004638
0.150242 0.008859 0.002421 0.007623 0.033151 0.006488 0.011901 0.005536 0.009519 0.083750 0.015179 0.005988 0.002048 0.005799 0.021204 0.005233 0.031865 0.005500 0.009553 0.202942 0.057477 0.096381 0.015808 0.009295 0.005229 0.007939 0.008304 0.033727 0.009873 0.046635 0.074543 0.009987
0.109848 0.016276 0.005444 0.009278 0.016245 0.005780 0.013278 0.007526 0.005498 0.064815 0.025501 0.009760 0.003663 0.009737 0.022705 0.004284 0.025309 0.009402 0.004842 0.199177 0.064225 0.080178 0.033684 0.013482 0.007537 0.013625 0.009850 0.030691 0.016589 0.049923 0.101034 0.010816
0.344678 0.013457 0.008860 0.003591 0.009883 0.001938 0.006440 0.005565 0.003828 0.052964 0.044449 0.006527 0.001286 0.005966 0.024672 0.002635 0.020506 0.002399 0.002365 0.193790 0.043865 0.044731 0.032472 0.010522 0.006769 0.005785 0.005854 0.014023 0.014753 0.026859 0.032426 0.006142
0.133985 0.005230 0.001004 0.004741 0.017464 0.001678 0.005980 0.001656 0.002402 0.102301 0.007449 0.002273 0.000621 0.004171 0.019115 0.002208 0.019884 0.004176 0.002641 0.192356 0.073700 0.109883 0.014805 0.007577 0.002732 0.007906 0.007230 0.037607 0.011263 0.072345 0.118143 0.005471
0.151418 0.017749 0.006034 0.010974 0.012658 0.005548 0.011609 0.008010 0.004870 0.067953 0.027493 0.010326 0.003704 0.009520 0.026120 0.004268 0.031556 0.006788 0.004688 0.190356 0.063303 0.072192 0.040881 0.015351 0.008716 0.010570 0.008433 0.027150 0.015608 0.047296 0.066506 0.012351
0.125898 0.005486 0.000822 0.006304 0.012892 0.002079 0.005371 0.001386 0.001793 0.099988 0.009115 0.002043 0.000571 0.003568 0.021318 0.002495 0.024281 0.003097 0.002964 0.187205 0.085060 0.104509 0.012398 0.007476 0.002832 0.005665 0.007173 0.038594 0.009787 0.080227 0.121567 0.006036
0.115807 0.012455 0.001127 0.005367 0.011351 0.002006 0.010493 0.002297 0.003308 0.067108 0.013771 0.003602 0.001123 0.006433 0.018625 0.002292 0.029377 0.003092 0.003454 0.182868 0.100218 0.115676 0.017139 0.005782 0.007387 0.010495 0.009480 0.039683 0.008574 0.071781 0.111460 0.006369
0.161098 0.006701 0.000855 0.004470 0.012599 0.001503 0.006973 0.001566 0.002379 0.105656 0.006628 0.002301 0.000555 0.004401 0.016729 0.002455 0.019202 0.004025 0.002649 0.182573 0.076911 0.106417 0.015769 0.006418 0.003042 0.007737 0.006741 0.036741 0.010079 0.071992 0.107735 0.005101
0.190953 0.007179 0.000781 0.003875 0.009995 0.001193 0.007104 0.001397 0.002210 0.106359 0.006282 0.002192 0.000472 0.004326 0.015607 0.002454 0.019962 0.003472 0.002503 0.176650 0.081049 0.102119 0.014993 0.005676 0.003178 0.006914 0.006302 0.035022 0.008406 0.073282 0.093252 0.004839
0.602491 0.004359 0.003589 0.003121 0.001374 0.001130 0.001460 0.002071 0.001717 0.020823 0.022404 0.001727 0.001278 0.003180 0.011142 0.001017 0.018396 0.001007 0.001067 0.172902 0.027059 0.032588 0.004724 0.002629 0.005644 0.002093 0.002441 0.005676 0.004589 0.016133 0.016579 0.003591
0.156253 0.014307 0.002751 0.012012 0.028617 0.010578 0.014837 0.007044 0.010310 0.073532 0.021451 0.006470 0.005649 0.008697 0.019187 0.006585 0.032005 0.006389 0.014249 0.165952 0.066120 0.084757 0.015907 0.010002 0.008342 0.009246 0.009603 0.027880 0.012033 0.048710 0.077987 0.012538
0.592760 0.004907 0.002854 0.005148 0.001463 0.001667 0.001580 0.002091 0.002008 0.021036 0.018871 0.001630 0.001508 0.003402 0.011695 0.001359 0.019231 0.001445 0.001325 0.160900 0.030697 0.037079 0.004114 0.002807 0.006123 0.002616 0.003024 0.007375 0.005785 0.020181 0.018713 0.004604
0.357158 0.003287 0.001526 0.002794 0.020337 0.001028 0.002059 0.002651 0.003592 0.086467 0.007853 0.003954 0.000146 0.000997 0.019764 0.002698 0.019965 0.001435 0.001963 0.159743 0.034331 0.108582 0.029856 0.009040 0.001869 0.002193 0.003370 0.029057 0.005182 0.046196 0.024677 0.006231
0.627062 0.003575 0.002716 0.003556 0.001190 0.001255 0.001182 0.001756 0.001593 0.018937 0.017842 0.001424 0.001219 0.002732 0.009673 0.001036 0.018783 0.001007 0.001162 0.154843 0.028260 0.035695 0.003874 0.002192 0.005423 0.001850 0.002230 0.005977 0.004241 0.017952 0.015924 0.003837
0.311806 0.019001 0.000585 0.001912 0.001286 0.001136 0.031402 0.004061 0.002733 0.044480 0.006943 0.015948 0.000532 0.006595 0.006068 0.006601 0.019220 0.004136 0.002401 0.152533 0.102553 0.071975 0.019822 0.005063 0.002550 0.012109 0.009412 0.023321 0.006154 0.056069 0.047630 0.003962
0.078492 0.019418 0.004660 0.012110 0.023034 0.005414 0.020233 0.008451 0.005114 0.075443 0.023201 0.014977 0.002506 0.009319 0.027622 0.005555 0.029946 0.009259 0.005024 0.147897 0.063673 0.068682 0.054722 0.018977 0.006858 0.016280 0.010593 0.037009 0.019550 0.056586 0.107610 0.011785
0.493447 0.013660 0.000310 0.001551 0.000675 0.001018 0.031405 0.003395 0.001904 0.021378 0.005526 0.011817 0.000244 0.004415 0.003100 0.006495 0.008444 0.005249 0.001168 0.146105 0.065914 0.054108 0.006976 0.003156 0.001296 0.014162 0.010739 0.011504 0.004706 0.033463 0.030259 0.002410
0.220623 0.041586 0.000949 0.003967 0.003253 0.001433 0.055976 0.005711 0.004503 0.038994 0.009155 0.014700 0.000762 0.010714 0.008187 0.006932 0.018086 0.007481 0.003252 0.143392 0.097238 0.075754 0.030949 0.006393 0.004420 0.020639 0.008514 0.023401 0.006281 0.055460 0.065425 0.005869
0.673133 0.002702 0.002259 0.002629 0.000909 0.000974 0.000845 0.001354 0.001244 0.015845 0.016457 0.001119 0.000958 0.002114 0.008148 0.000756 0.016817 0.000679 0.000911 0.143033 0.023291 0.032538 0.003100 0.001680 0.004649 0.001325 0.001642 0.004765 0.003125 0.014792 0.013145 0.003061
0.450544 0.027959 0.000353 0.001554 0.000968 0.001153 0.042684 0.004111 0.001972 0.019928 0.009560 0.015481 0.000300 0.005419 0.003186 0.006910 0.009548 0.005437 0.001027 0.139150 0.074179 0.041985 0.009472 0.003183 0.001603 0.017346 0.012548 0.013174 0.005817 0.033533 0.037428 0.002486
0.123572 0.005536 0.009184 0.016235 0.051147 0.030630 0.010894 0.007203 0.005155 0.055026 0.022877 0.004409 0.004915 0.007685 0.060499 0.004724 0.025004 0.007454 0.013042 0.138636 0.035424 0.052624 0.006071 0.013899 0.011214 0.021422 0.005463 0.042706 0.027053 0.067073 0.102210 0.011014
0.629280 0.000147 0.002753 0.000998 0.001531 0.000339 0.001073 0.000597 0.000623 0.044231 0.001481 0.001204 0.000020 0.000500 0.091633 0.000381 0.012300 0.000230 0.000228 0.136196 0.009431 0.026568 0.001002 0.002880 0.001297 0.000907 0.000496 0.001934 0.000904 0.022295 0.005052 0.001490
0.066647 0.006861 0.006022 0.008680 0.028934 0.011073 0.020829 0.009014 0.007372 0.072680 0.021048 0.005975 0.001430 0.009214 0.038157 0.004996 0.019642 0.010692 0.007638 0.135734 0.033939 0.064295 0.012164 0.018596 0.008177 0.023866 0.005537 0.046559 0.027756 0.062777 0.193225 0.010470
0.509887 0.023412 0.000285 0.001328 0.000683 0.000893 0.033461 0.003198 0.001534 0.017843 0.006988 0.012619 0.000234 0.004600 0.002755 0.006140 0.007530 0.004872 0.000863 0.135130 0.062668 0.041277 0.006452 0.002579 0.001384 0.017183 0.012177 0.010634 0.005684 0.031268 0.032448 0.001988
0.540404 0.012254 0.000283 0.001397 0.000555 0.000973 0.030742 0.003207 0.001928 0.020600 0.004980 0.011410 0.000250 0.004138 0.002658 0.006210 0.007743 0.004760 0.001126 0.131354 0.059573 0.048144 0.006396 0.002735 0.001212 0.012005 0.009664 0.010754 0.003866 0.029687 0.026764 0.002230
0.157726 0.008732 0.002214 0.022016 0.028625 0.010251 0.004961 0.004438 0.004919 0.109555 0.009783 0.003574 0.003030 0.004632 0.034999 0.004420 0.028337 0.004238 0.003902 0.129438 0.040277 0.068949 0.033124 0.021025 0.003690 0.012591 0.008250 0.075461 0.022263 0.058363 0.062473 0.013745
0.478539 0.027441 0.000300 0.001540 0.000570 0.001014 0.049524 0.003851 0.001710 0.018985 0.007197 0.015313 0.000344 0.005561 0.002733 0.006239 0.009341 0.004725 0.000914 0.128749 0.074815 0.042473 0.008477 0.002530 0.001538 0.014678 0.009270 0.011939 0.003596 0.031622 0.032105 0.002367
0.361630 0.002945 0.001720 0.010936 0.015649 0.008885 0.000998 0.000749 0.001242 0.058967 0.016889 0.000705 0.001427 0.002363 0.022849 0.001270 0.016868 0.001924 0.002652 0.128285 0.046566 0.067876 0.002541 0.004080 0.002842 0.005051 0.010548 0.037783 0.011003 0.045763 0.101417 0.005577
0.249019 0.010387 0.003010 0.023223 0.026779 0.023444 0.010335 0.006138 0.011575 0.050198 0.024053 0.004628 0.010728 0.007742 0.018677 0.005796 0.029670 0.006314 0.026264 0.127902 0.053500 0.077307 0.005691 0.008199 0.010169 0.006688 0.007998 0.019240 0.010160 0.042655 0.069295 0.013213
0.439845 0.019166 0.000355 0.002050 0.000736 0.001083 0.050920 0.004384 0.001916 0.024909 0.006177 0.017284 0.000366 0.005352 0.003604 0.007298 0.012473 0.004898 0.001380 0.127665 0.086480 0.048158 0.013391 0.003614 0.001595 0.013129 0.008474 0.015135 0.003874 0.039182 0.032108 0.002997
0.142054 0.009565 0.002089 0.020083 0.032939 0.009194 0.005182 0.003952 0.004486 0.111919 0.010188 0.003337 0.003265 0.004814 0.033386 0.004313 0.029415 0.003991 0.003916 0.127351 0.042480 0.071547 0.035361 0.021604 0.003510 0.013043 0.008719 0.071492 0.024291 0.061074 0.068071 0.013369
0.135795 0.010329 0.002035 0.019240 0.026553 0.010703 0.005192 0.004177 0.004830 0.118561 0.009078 0.003780 0.003291 0.004841 0.030912 0.004552 0.027477 0.004184 0.004009 0.126982 0.038418 0.066319 0.044763 0.020657 0.003580 0.011833 0.007755 0.092899 0.021591 0.057104 0.065598 0.012961
0.625978 0.015028 0.000088 0.000711 0.000142 0.000344 0.022223 0.001536 0.000792 0.011092 0.003826 0.006099 0.000124 0.003005 0.001473 0.006099 0.004973 0.003757 0.000595 0.126744 0.047651 0.036775 0.002241 0.001171 0.001030 0.014025 0.011132 0.006310 0.003776 0.021017 0.018894 0.001346
0.560980 0.013511 0.000170 0.000882 0.000330 0.000607 0.040488 0.002871 0.001153 0.016942 0.004587 0.013281 0.000193 0.003263 0.001914 0.004766 0.008048 0.002856 0.000633 0.125978 0.074141 0.034182 0.006511 0.001688 0.000936 0.008892 0.006122 0.010169 0.001930 0.027122 0.023188 0.001667
0.227854 0.004144 0.002506 0.019607 0.027760 0.004818 0.003934 0.001998 0.003065 0.074801 0.005418 0.002515 0.001379 0.003419 0.033596 0.002998 0.020361 0.004026 0.003279 0.124963 0.058874 0.084186 0.019582 0.008722 0.003006 0.012049 0.012338 0.057674 0.015689 0.056889 0.089632 0.008917
0.124560 0.005815 0.008778 0.017567 0.045754 0.032657 0.011283 0.006706 0.004293 0.056726 0.022101 0.004380 0.005313 0.007621 0.061601 0.004895 0.026952 0.006925 0.013741 0.124048 0.034338 0.051786 0.005516 0.014304 0.011699 0.027526 0.005954 0.045169 0.029605 0.070607 0.099688 0.012089
0.137125 0.008737 0.002150 0.019443 0.043172 0.008054 0.005208 0.003755 0.004337 0.107459 0.010770 0.003158 0.003126 0.004719 0.033087 0.004177 0.030626 0.004113 0.003952 0.122883 0.044515 0.078581 0.032425 0.021838 0.003250 0.013874 0.009796 0.060707 0.025233 0.064395 0.071975 0.013360
0.094366 0.014926 0.013863 0.017611 0.043190 0.019544 0.014213 0.009760 0.011074 0.051271 0.031808 0.007932 0.008769 0.013994 0.032607 0.004632 0.024201 0.015106 0.008484 0.122546 0.048920 0.062244 0.019148 0.015554 0.011769 0.021482 0.009608 0.033382 0.032098 0.049230 0.124195 0.012472
0.479197 0.034595 0.000328 0.001439 0.000675 0.000937 0.046036 0.003747 0.001781 0.019246 0.008185 0.015543 0.000367 0.006184 0.002949 0.006019 0.009141 0.004709 0.000910 0.121521 0.074923 0.038007 0.009047 0.002571 0.001787 0.015607 0.010371 0.011932 0.004391 0.031987 0.033603 0.002264
0.541806 0.017558 0.000195 0.000956 0.000416 0.000610 0.041485 0.003136 0.001223 0.017771 0.005807 0.014860 0.000211 0.003675 0.002236 0.005024 0.008936 0.002903 0.000682 0.121473 0.078981 0.032137 0.007366 0.001881 0.001158 0.010073 0.007019 0.010997 0.002385 0.029645 0.025631 0.001764
0.061557 0.011066 0.001771 0.015391 0.055604 0.005442 0.007359 0.003837 0.004845 0.120739 0.011317 0.004217 0.002071 0.005643 0.024589 0.004449 0.031471 0.005306 0.004506 0.119216 0.054607 0.083657 0.053561 0.021221 0.002915 0.013429 0.009559 0.061263 0.022580 0.070038 0.094025 0.012753
0.105871 0.007886 0.001365 0.013351 0.058622 0.006135 0.005074 0.002942 0.004817 0.121591 0.011835 0.003112 0.001491 0.004022 0.022640 0.003972 0.027301 0.004743 0.004120 0.118812 0.050556 0.094834 0.037853 0.015873 0.002297 0.009654 0.009468 0.056965 0.018789 0.065765 0.096972 0.011272
0.549109 0.006990 0.005004 0.008431 0.004173 0.002474 0.003380 0.002472 0.002980 0.023013 0.017277 0.002624 0.002277 0.004935 0.018061 0.002039 0.024904 0.002655 0.001819 0.118531 0.041763 0.036845 0.005970 0.003900 0.005512 0.006648 0.008490 0.009795 0.010661 0.028354 0.033722 0.005192
0.159390 0.005494 0.001285 0.010654 0.048432 0.005077 0.003155 0.001778 0.004025 0.113208 0.009712 0.001795 0.001012 0.003268 0.020591 0.002899 0.025060 0.003927 0.003413 0.118401 0.049184 0.122364 0.018135 0.010344 0.001879 0.006489 0.008431 0.051743 0.011241 0.059716 0.108699 0.009197
0.351291 0.022899 0.000630 0.003906 0.001279 0.001516 0.048568 0.004260 0.002822 0.036790 0.005453 0.020010 0.000689 0.007156 0.005889 0.011994 0.017832 0.007848 0.002843 0.118001 0.065433 0.078373 0.024387 0.006413 0.002420 0.015373 0.011917 0.026572 0.006195 0.044243 0.041600 0.005399
0.263273 0.004428 0.001302 0.017391 0.036850 0.006349 0.002580 0.002306 0.003926 0.097288 0.009462 0.001870 0.001704 0.002506 0.029179 0.003361 0.022285 0.002961 0.003137 0.117453 0.035253 0.093996 0.016396 0.015234 0.002126 0.009493 0.009173 0.049173 0.016854 0.053916 0.057424 0.011350
0.238235 0.004553 0.001486 0.015224 0.042688 0.006577 0.002819 0.002590 0.004617 0.092334 0.011186 0.002061 0.001508 0.002830 0.029662 0.003419 0.022945 0.003367 0.003065 0.117263 0.037352 0.094873 0.016509 0.014284 0.002186 0.010673 0.011089 0.047631 0.018377 0.054476 0.073528 0.010593
0.299312 0.008329 0.003092 0.026402 0.026720 0.024127 0.008566 0.005378 0.011310 0.047566 0.020692 0.003938 0.010985 0.007392 0.018701 0.005063 0.028752 0.005821 0.025747 0.117159 0.048791 0.073125 0.004378 0.007421 0.010427 0.006258 0.007285 0.017951 0.008631 0.039228 0.058683 0.012770
0.555762 0.000176 0.002458 0.000282 0.001922 0.000109 0.001348 0.000564 0.000564 0.033705 0.001841 0.000820 0.000010 0.000521 0.217581 0.000265 0.011701 0.000090 0.000179 0.116693 0.010655 0.017792 0.000453 0.001562 0.001540 0.000501 0.000335 0.001350 0.000885 0.013065 0.004349 0.000922
0.337904 0.019724 0.001360 0.004591 0.006110 0.001816 0.010835 0.001936 0.004983 0.033812 0.019383 0.003386 0.003427 0.013391 0.010604 0.001495 0.022516 0.003501 0.004260 0.116610 0.065251 0.095665 0.008267 0.002955 0.018288 0.009988 0.008201 0.021612 0.004261 0.049934 0.088585 0.005348
0.626500 0.017897 0.000110 0.000549 0.000217 0.000427 0.032151 0.002057 0.000852 0.012934 0.004975 0.010868 0.000138 0.002785 0.001276 0.004256 0.005755 0.002490 0.000384 0.116574 0.053435 0.027587 0.003654 0.001161 0.000791 0.009537 0.007144 0.007562 0.002104 0.021201 0.021492 0.001135
0.456055 0.001700 0.007359 0.020660 0.024023 0.011674 0.003553 0.001659 0.001722 0.028355 0.009403 0.002589 0.001069 0.004181 0.041138 0.001028 0.017910 0.003080 0.002995 0.113981 0.014627 0.093477 0.002556 0.009566 0.004084 0.003236 0.003391 0.022326 0.005616 0.032493 0.048778 0.005715
0.064315 0.007705 0.012475 0.008271 0.051504 0.012929 0.013470 0.006642 0.008746 0.084152 0.014086 0.004542 0.001169 0.011070 0.043928 0.007641 0.023141 0.012228 0.008845 0.113548 0.036269 0.115607 0.014285 0.019307 0.008170 0.020117 0.006159 0.058033 0.020479 0.052666 0.122333 0.016168
0.266413 0.038608 0.001243 0.006143 0.004984 0.002207 0.033527 0.004226 0.005226 0.033159 0.012018 0.008145 0.001369 0.010827 0.006854 0.004078 0.022919 0.005074 0.003383 0.113075 0.079628 0.084544 0.022274 0.005013 0.007754 0.026324 0.010872 0.028168 0.005951 0.051019 0.089159 0.005815
0.629527 0.020619 0.000117 0.000554 0.000238 0.000432 0.031053 0.002032 0.000889 0.012810 0.005383 0.010668 0.000153 0.003013 0.001315 0.004018 0.005571 0.002523 0.000383 0.112836 0.052958 0.026389 0.003597 0.001155 0.000868 0.009604 0.007257 0.007309 0.002220 0.021281 0.022116 0.001113
0.262849 0.039024 0.001653 0.004204 0.004326 0.002665 0.079032 0.008065 0.007912 0.040994 0.010869 0.020062 0.000681 0.010129 0.006220 0.013400 0.022141 0.008121 0.005260 0.112783 0.070328 0.061248 0.036304 0.005990 0.003642 0.016274 0.010655 0.025956 0.007364 0.035434 0.060834 0.005583
0.201877 0.034254 0.001192 0.005482 0.004837 0.001811 0.035445 0.003645 0.003708 0.036526 0.011415 0.009104 0.001241 0.012576 0.008549 0.005066 0.025900 0.005699 0.003798 0.112341 0.096490 0.090176 0.019082 0.005931 0.005368 0.025876 0.014699 0.032401 0.008143 0.060659 0.111319 0.005390
0.598924 0.012670 0.000213 0.000977 0.000369 0.000780 0.033653 0.002813 0.001897 0.019019 0.004930 0.010459 0.000206 0.004004 0.001919 0.006379 0.006211 0.004277 0.001081 0.111358 0.051442 0.041985 0.004129 0.001902 0.001103 0.008500 0.007898 0.008082 0.002591 0.023825 0.024508 0.001898
0.274506 0.039121 0.001253 0.006468 0.005099 0.002320 0.035701 0.004147 0.005080 0.033818 0.011837 0.007914 0.001305 0.010561 0.006918 0.004263 0.022464 0.005059 0.003415 0.111299 0.075743 0.084038 0.023215 0.004736 0.007548 0.025571 0.010702 0.027921 0.005847 0.048910 0.087537 0.005683
0.298267 0.034022 0.001157 0.006175 0.004983 0.001753 0.024197 0.003292 0.004719 0.036819 0.009990 0.006555 0.001566 0.010734 0.007289 0.003168 0.022538 0.005406 0.003462 0.110855 0.075095 0.086616 0.022194 0.005418 0.007057 0.019282 0.008979 0.028699 0.006078 0.054583 0.083561 0.005489
0.649609 0.015484 0.000090 0.000633 0.000145 0.000328 0.024109 0.001556 0.000870 0.011653 0.003680 0.006943 0.000125 0.003189 0.001389 0.005431 0.004961 0.003441 0.000603 0.110464 0.044952 0.035497 0.002208 0.001109 0.001032 0.012166 0.009219 0.005757 0.002876 0.020261 0.018948 0.001273
0.200914 0.006671 0.023496 0.016161 0.111786 0.030350 0.014681 0.009245 0.011391 0.035495 0.034814 0.005578 0.005934 0.010800 0.040891 0.003811 0.017520 0.006808 0.010105 0.108751 0.016976 0.050680 0.008100 0.016130 0.009140 0.016203 0.005695 0.022806 0.025825 0.038769 0.076415 0.008057
0.636808 0.021312 0.000122 0.000566 0.000256 0.000428 0.030504 0.002036 0.000914 0.012825 0.005542 0.010642 0.000152 0.002994 0.001341 0.004041 0.005510 0.002445 0.000389 0.108589 0.051345 0.025120 0.003647 0.001144 0.000904 0.009621 0.007302 0.007208 0.002315 0.021114 0.021763 0.001099
0.745931 0.002339 0.003405 0.002411 0.000825 0.000806 0.000865 0.001186 0.001100 0.011282 0.015098 0.000994 0.000927 0.002213 0.008044 0.000612 0.014243 0.000703 0.000658 0.106579 0.017940 0.022629 0.002139 0.001425 0.003947 0.001459 0.001799 0.003256 0.002764 0.010178 0.010042 0.002200
0.363029 0.034522 0.000679 0.003284 0.001283 0.001277 0.080085 0.005848 0.003257 0.025800 0.007608 0.023490 0.000559 0.007953 0.004572 0.008386 0.013424 0.007337 0.002546 0.105911 0.093903 0.047915 0.019285 0.005176 0.002321 0.016584 0.008527 0.013153 0.004259 0.042838 0.040912 0.004278
0.546333 0.020998 0.000256 0.001128 0.000560 0.000986 0.036990 0.003607 0.002299 0.021619 0.006890 0.011552 0.000334 0.005402 0.002290 0.006938 0.009628 0.003985 0.001499 0.105022 0.061986 0.046118 0.006560 0.001958 0.001959 0.010830 0.008816 0.010129 0.003126 0.029635 0.028185 0.002383
0.553404 0.010341 0.000223 0.000956 0.000359 0.000606 0.049963 0.003408 0.001628 0.021611 0.004079 0.013876 0.000172 0.003338 0.001978 0.008801 0.009920 0.004128 0.001108 0.104686 0.081586 0.034774 0.005280 0.002638 0.000914 0.007339 0.006251 0.009305 0.002039 0.031327 0.021774 0.002188
0.524226 0.004272 0.004198 0.021913 0.007612 0.002533 0.005658 0.001833 0.003282 0.033967 0.002228 0.003676 0.000634 0.005925 0.035085 0.001732 0.017857 0.006269 0.001597 0.102911 0.014722 0.048960 0.004012 0.005132 0.011986 0.005222 0.001969 0.042852 0.002209 0.024935 0.045525 0.005063
0.302004 0.010758 0.013963 0.014334 0.056355 0.011926 0.010571 0.008894 0.010137 0.039708 0.032411 0.007965 0.001364 0.005766 0.020940 0.004866 0.014372 0.006130 0.004764 0.100858 0.018375 0.087300 0.039666 0.016314 0.004731 0.011455 0.008591 0.027726 0.020533 0.027226 0.050013 0.009984
0.368562 0.011129 0.010416 0.012413 0.014960 0.006709 0.005883 0.004264 0.005059 0.040160 0.019177 0.004278 0.005604 0.009100 0.019504 0.003349 0.029032 0.010043 0.004023 0.100739 0.067921 0.046080 0.017084 0.007200 0.005869 0.011830 0.012095 0.021638 0.020182 0.035433 0.062425 0.007838
0.793345 0.000359 0.000206 0.000160 0.000439 0.000173 0.000346 0.000327 0.000517 0.022930 0.004065 0.000355 0.000051 0.000193 0.005389 0.000235 0.003920 0.000171 0.000287 0.100596 0.013872 0.024265 0.000396 0.000776 0.000566 0.000376 0.001026 0.004928 0.000608 0.012046 0.006370 0.000708
0.382090 0.005904 0.002777 0.026804 0.025937 0.027035 0.006831 0.004364 0.011124 0.044617 0.014538 0.003011 0.008699 0.005306 0.018169 0.005428 0.025479 0.004274 0.029102 0.100494 0.039959 0.071242 0.002814 0.006604 0.009276 0.004132 0.005251 0.016395 0.005760 0.035951 0.038591 0.012043
0.124161 0.020310 0.017621 0.019506 0.074948 0.019665 0.023408 0.010171 0.012860 0.028031 0.050648 0.009341 0.007183 0.013297 0.024910 0.004327 0.015674 0.010521 0.007476 0.100231 0.018485 0.054499 0.023775 0.017937 0.008708 0.026058 0.011382 0.031155 0.036074 0.031502 0.135544 0.010596
0.601817 0.008863 0.000139 0.000589 0.000207 0.000515 0.060234 0.003262 0.001283 0.017171 0.003922 0.013818 0.000102 0.002154 0.001068 0.005495 0.006245 0.002764 0.000744 0.100027 0.081679 0.026303 0.003956 0.001639 0.000581 0.004705 0.003503 0.005454 0.000864 0.022692 0.016572 0.001634
0.403265 0.002336 0.004219 0.003116 0.004334 0.001684 0.002067 0.000725 0.001012 0.028609 0.003900 0.001906 0.000239 0.002305 0.043318 0.001347 0.058756 0.001164 0.001283 0.072954 0.104298 0.052585 0.002206 0.003443 0.002500 0.002470 0.005557 0.023699 0.004022 0.104651 0.053265 0.002762
0.311806 0.019001 0.000585 0.001912 0.001286 0.001136 0.031402 0.004061 0.002733 0.044480 0.006943 0.015948 0.000532 0.006595 0.006068 0.006601 0.019220 0.004136 0.002401 0.152533 0.102553 0.071975 0.019822 0.005063 0.002550 0.012109 0.009412 0.023321 0.006154 0.056069 0.047630 0.003962
0.115807 0.012455 0.001127 0.005367 0.011351 0.002006 0.010493 0.002297 0.003308 0.067108 0.013771 0.003602 0.001123 0.006433 0.018625 0.002292 0.029377 0.003092 0.003454 0.182868 0.100218 0.115676 0.017139 0.005782 0.007387 0.010495 0.009480 0.039683 0.008574 0.071781 0.111460 0.006369
0.676855 0.000385 0.000575 0.000863 0.001379 0.000932 0.000156 0.000036 0.000118 0.000288 0.001961 0.000027 0.000364 0.000379 0.000820 0.000047 0.003152 0.000848 0.000512 0.011103 0.003282 0.168929 0.000033 0.000127 0.001939 0.003326 0.002182 0.000622 0.000826 0.007808 0.109421 0.000704
0.159390 0.005494 0.001285 0.010654 0.048432 0.005077 0.003155 0.001778 0.004025 0.113208 0.009712 0.001795 0.001012 0.003268 0.020591 0.002899 0.025060 0.003927 0.003413 0.118401 0.049184 0.122364 0.018135 0.010344 0.001879 0.006489 0.008431 0.051743 0.011241 0.059716 0.108699 0.009197
0.115807 0.012455 0.001127 0.005367 0.011351 0.002006 0.010493 0.002297 0.003308 0.067108 0.013771 0.003602 0.001123 0.006433 0.018625 0.002292 0.029377 0.003092 0.003454 0.182868 0.100218 0.115676 0.017139 0.005782 0.007387 0.010495 0.009480 0.039683 0.008574 0.071781 0.111460 0.006369
0.064315 0.007705 0.012475 0.008271 0.051504 0.012929 0.013470 0.006642 0.008746 0.084152 0.014086 0.004542 0.001169 0.011070 0.043928 0.007641 0.023141 0.012228 0.008845 0.113548 0.036269 0.115607 0.014285 0.019307 0.008170 0.020117 0.006159 0.058033 0.020479 0.052666 0.122333 0.016168
0.048866 0.008066 0.000934 0.004648 0.012155 0.005814 0.004592 0.002825 0.003899 0.103971 0.017151 0.002810 0.001476 0.004947 0.014748 0.002595 0.017881 0.006641 0.004375 0.234067 0.046778 0.112087 0.023147 0.008979 0.003952 0.008113 0.008492 0.054736 0.014356 0.051027 0.155909 0.009964
0.133985 0.005230 0.001004 0.004741 0.017464 0.001678 0.005980 0.001656 0.002402 0.102301 0.007449 0.002273 0.000621 0.004171 0.019115 0.002208 0.019884 0.004176 0.002641 0.192356 0.073700 0.109883 0.014805 0.007577 0.002732 0.007906 0.007230 0.037607 0.011263 0.072345 0.118143 0.005471
0.357158 0.003287 0.001526 0.002794 0.020337 0.001028 0.002059 0.002651 0.003592 0.086467 0.007853 0.003954 0.000146 0.000997 0.019764 0.002698 0.019965 0.001435 0.001963 0.159743 0.034331 0.108582 0.029856 0.009040 0.001869 0.002193 0.003370 0.029057 0.005182 0.046196 0.024677 0.006231
0.161098 0.006701 0.000855 0.004470 0.012599 0.001503 0.006973 0.001566 0.002379 0.105656 0.006628 0.002301 0.000555 0.004401 0.016729 0.002455 0.019202 0.004025 0.002649 0.182573 0.076911 0.106417 0.015769 0.006418 0.003042 0.007737 0.006741 0.036741 0.010079 0.071992 0.107735 0.005101
0.125898 0.005486 0.000822 0.006304 0.012892 0.002079 0.005371 0.001386 0.001793 0.099988 0.009115 0.002043 0.000571 0.003568 0.021318 0.002495 0.024281 0.003097 0.002964 0.187205 0.085060 0.104509 0.012398 0.007476 0.002832 0.005665 0.007173 0.038594 0.009787 0.080227 0.121567 0.006036
0.190953 0.007179 0.000781 0.003875 0.009995 0.001193 0.007104 0.001397 0.002210 0.106359 0.006282 0.002192 0.000472 0.004326 0.015607 0.002454 0.019962 0.003472 0.002503 0.176650 0.081049 0.102119 0.014993 0.005676 0.003178 0.006914 0.006302 0.035022 0.008406 0.073282 0.093252 0.004839
0.735826 0.006717 0.000604 0.000990 0.010235 0.000345 0.010940 0.000761 0.001133 0.004458 0.000331 0.003190 0.000420 0.001255 0.000290 0.001978 0.002330 0.015150 0.004191 0.000776 0.001121 0.001364 0.165605 0.000813 0.000439 0.005240 0.001005 0.012325 0.001711 0.001149 0.006066 0.001241
0.443866 0.000440 0.000773 0.000241 0.000100 0.000495 0.000172 0.000099 0.000073 0.015408 0.000052 0.000207 0.000014 0.000575 0.003493 0.000744 0.003336 0.000244 0.000223 0.003780 0.000983 0.001424 0.000144 0.000299 0.001492 0.000256 0.000134 0.517293 0.000062 0.001386 0.001825 0.000366
0.584831 0.000844 0.000102 0.005509 0.000621 0.006849 0.000707 0.000465 0.001731 0.020341 0.000216 0.000673 0.000716 0.000420 0.002673 0.001668 0.001831 0.001114 0.002588 0.012171 0.001066 0.008068 0.001941 0.001305 0.001352 0.000751 0.000427 0.329259 0.000126 0.003827 0.002841 0.002966
0.592008 0.004814 0.000436 0.004331 0.000367 0.025649 0.000548 0.000318 0.001935 0.018524 0.000483 0.000347 0.002506 0.002151 0.002331 0.001372 0.001828 0.000975 0.002643 0.007294 0.000950 0.007071 0.000406 0.000831 0.011596 0.000687 0.000728 0.298011 0.000103 0.003018 0.003436 0.002303
0.676262 0.000255 0.000305 0.000911 0.000094 0.000865 0.000303 0.000124 0.000107 0.005179 0.000067 0.000243 0.000040 0.000377 0.002087 0.000342 0.001943 0.000414 0.000090 0.009861 0.001285 0.004368 0.000226 0.000233 0.000929 0.000375 0.000210 0.288302 0.000081 0.001505 0.002203 0.000415
0.713002 0.000270 0.000074 0.001231 0.000039 0.000671 0.000222 0.000094 0.000115 0.005111 0.000042 0.000242 0.000016 0.000180 0.001648 0.000818 0.001091 0.000163 0.000065 0.007982 0.001033 0.002610 0.000187 0.000204 0.000494 0.000271 0.000181 0.259552 0.000040 0.001165 0.000779 0.000409
0.749915 0.000205 0.000212 0.000182 0.000054 0.000262 0.000081 0.000048 0.000074 0.006106 0.000017 0.000093 0.000005 0.000203 0.000920 0.000585 0.000727 0.000104 0.000139 0.001972 0.000197 0.000704 0.000051 0.000108 0.000814 0.000055 0.000028 0.235191 0.000010 0.000401 0.000321 0.000213
0.704953 0.000740 0.000533 0.007856 0.001417 0.001195 0.001820 0.000485 0.000710 0.028906 0.000158 0.001285 0.000140 0.001958 0.007828 0.001081 0.003195 0.002004 0.000933 0.027821 0.002494 0.009274 0.000867 0.001785 0.005384 0.001628 0.000203 0.165882 0.000205 0.005916 0.008978 0.002369
0.679910 0.001282 0.000261 0.004927 0.000840 0.000752 0.002065 0.000523 0.000859 0.053192 0.000177 0.001725 0.000100 0.001409 0.007863 0.001605 0.003138 0.001244 0.000724 0.047999 0.003873 0.015896 0.001620 0.001274 0.003513 0.001440 0.000235 0.148164 0.000234 0.006850 0.004328 0.001980
0.824907 0.000189 0.000084 0.000528 0.000086 0.000082 0.000307 0.000104 0.000189 0.013167 0.000025 0.000422 0.000004 0.000156 0.004093 0.001599 0.000944 0.000065 0.000129 0.007787 0.000733 0.000590 0.000154 0.000214 0.000703 0.000134 0.000041 0.140730 0.000018 0.001273 0.000239 0.000306
0.833343 0.000122 0.000144 0.000264 0.000036 0.001184 0.000045 0.000043 0.000064 0.004217 0.000167 0.000046 0.000024 0.000124 0.003125 0.000100 0.001437 0.000077 0.000105 0.007147 0.000792 0.004668 0.000037 0.000133 0.000403 0.000187 0.000392 0.137557 0.000039 0.001572 0.002091 0.000315
0.848518 0.000095 0.000292 0.000044 0.000042 0.000073 0.000056 0.000033 0.000040 0.006804 0.000026 0.000051 0.000002 0.000100 0.001665 0.000640 0.001501 0.000051 0.000063 0.001349 0.000340 0.000413 0.000011 0.000155 0.000271 0.000060 0.000047 0.136351 0.000013 0.000442 0.000317 0.000137
0.734274 0.000686 0.000056 0.002751 0.000242 0.000813 0.000915 0.000513 0.000772 0.069067 0.000164 0.001199 0.000059 0.000510 0.005142 0.008013 0.003379 0.000464 0.004296 0.022843 0.002387 0.006155 0.000729 0.002200 0.001269 0.000806 0.000382 0.117851 0.000104 0.007531 0.001372 0.003056
0.403265 0.002336 0.004219 0.003116 0.004334 0.001684 0.002067 0.000725 0.001012 0.028609 0.003900 0.001906 0.000239 0.002305 0.043318 0.001347 0.058756 0.001164 0.001283 0.072954 0.104298 0.052585 0.002206 0.003443 0.002500 0.002470 0.005557 0.023699 0.004022 0.104651 0.053265 0.002762
0.562650 0.013237 0.000111 0.001170 0.001230 0.001375 0.003228 0.000558 0.001572 0.002305 0.001733 0.000504 0.000137 0.001373 0.000802 0.000936 0.002203 0.009807 0.002911 0.011561 0.004243 0.033474 0.000802 0.000299 0.003775 0.033113 0.004247 0.009447 0.001798 0.003179 0.284507 0.001715
0.164419 0.017885 0.004653 0.006079 0.015782 0.010644 0.025994 0.005435 0.012051 0.037840 0.015514 0.006611 0.001496 0.012999 0.007441 0.012342 0.024351 0.025013 0.006298 0.061334 0.044030 0.074623 0.008002 0.008788 0.004960 0.027872 0.011482 0.041978 0.009583 0.031474 0.254657 0.008369
0.066647 0.006861 0.006022 0.008680 0.028934 0.011073 0.020829 0.009014 0.007372 0.072680 0.021048 0.005975 0.001430 0.009214 0.038157 0.004996 0.019642 0.010692 0.007638 0.135734 0.033939 0.064295 0.012164 0.018596 0.008177 0.023866 0.005537 0.046559 0.027756 0.062777 0.193225 0.010470
0.048866 0.008066 0.000934 0.004648 0.012155 0.005814 0.004592 0.002825 0.003899 0.103971 0.017151 0.002810 0.001476 0.004947 0.014748 0.002595 0.017881 0.006641 0.004375 0.234067 0.046778 0.112087 0.023147 0.008979 0.003952 0.008113 0.008492 0.054736 0.014356 0.051027 0.155909 0.009964
0.799211 0.000626 0.000038 0.000496 0.000264 0.000595 0.000261 0.000063 0.000104 0.000493 0.001145 0.000038 0.000039 0.000234 0.000867 0.000219 0.001988 0.000651 0.000243 0.005243 0.005679 0.015719 0.000034 0.000126 0.001716 0.014010 0.003901 0.004300 0.000622 0.003661 0.136910 0.000507
0.124161 0.020310 0.017621 0.019506 0.074948 0.019665 0.023408 0.010171 0.012860 0.028031 0.050648 0.009341 0.007183 0.013297 0.024910 0.004327 0.015674 0.010521 0.007476 0.100231 0.018485 0.054499 0.023775 0.017937 0.008708 0.026058 0.011382 0.031155 0.036074 0.031502 0.135544 0.010596
0.094366 0.014926 0.013863 0.017611 0.043190 0.019544 0.014213 0.009760 0.011074 0.051271 0.031808 0.007932 0.008769 0.013994 0.032607 0.004632 0.024201 0.015106 0.008484 0.122546 0.048920 0.062244 0.019148 0.015554 0.011769 0.021482 0.009608 0.033382 0.032098 0.049230 0.124195 0.012472
0.064315 0.007705 0.012475 0.008271 0.051504 0.012929 0.013470 0.006642 0.008746 0.084152 0.014086 0.004542 0.001169 0.011070 0.043928 0.007641 0.023141 0.012228 0.008845 0.113548 0.036269 0.115607 0.014285 0.019307 0.008170 0.020117 0.006159 0.058033 0.020479 0.052666 0.122333 0.016168
0.125898 0.005486 0.000822 0.006304 0.012892 0.002079 0.005371 0.001386 0.001793 0.099988 0.009115 0.002043 0.000571 0.003568 0.021318 0.002495 0.024281 0.003097 0.002964 0.187205 0.085060 0.104509 0.012398 0.007476 0.002832 0.005665 0.007173 0.038594 0.009787 0.080227 0.121567 0.006036
0.133985 0.005230 0.001004 0.004741 0.017464 0.001678 0.005980 0.001656 0.002402 0.102301 0.007449 0.002273 0.000621 0.004171 0.019115 0.002208 0.019884 0.004176 0.002641 0.192356 0.073700 0.109883 0.014805 0.007577 0.002732 0.007906 0.007230 0.037607 0.011263 0.072345 0.118143 0.005471
0.513907 0.010190 0.002457 0.002485 0.005802 0.007773 0.015691 0.003813 0.011115 0.025801 0.015880 0.002351 0.000747 0.007265 0.003016 0.015364 0.016242 0.018818 0.005034 0.040260 0.026604 0.061766 0.001899 0.004621 0.002940 0.013538 0.006719 0.019228 0.003546 0.017838 0.112403 0.004889
0.115807 0.012455 0.001127 0.005367 0.011351 0.002006 0.010493 0.002297 0.003308 0.067108 0.013771 0.003602 0.001123 0.006433 0.018625 0.002292 0.029377 0.003092 0.003454 0.182868 0.100218 0.115676 0.017139 0.005782 0.007387 0.010495 0.009480 0.039683 0.008574 0.071781 0.111460 0.006369
0.201877 0.034254 0.001192 0.005482 0.004837 0.001811 0.035445 0.003645 0.003708 0.036526 0.011415 0.009104 0.001241 0.012576 0.008549 0.005066 0.025900 0.005699 0.003798 0.112341 0.096490 0.090176 0.019082 0.005931 0.005368 0.025876 0.014699 0.032401 0.008143 0.060659 0.111319 0.005390
0.676855 0.000385 0.000575 0.000863 0.001379 0.000932 0.000156 0.000036 0.000118 0.000288 0.001961 0.000027 0.000364 0.000379 0.000820 0.000047 0.003152 0.000848 0.000512 0.011103 0.003282 0.168929 0.000033 0.000127 0.001939 0.003326 0.002182 0.000622 0.000826 0.007808 0.109421 0.000704
0.487758 0.012036 0.000532 0.018176 0.001960 0.060777 0.004619 0.001307 0.003317 0.013764 0.007720 0.000396 0.013677 0.008983 0.000611 0.002449 0.002564 0.054612 0.122903 0.006502 0.004149 0.009803 0.001201 0.000976 0.021347 0.003166 0.002632 0.002640 0.001641 0.006855 0.109122 0.011803
0.159390 0.005494 0.001285 0.010654 0.048432 0.005077 0.003155 0.001778 0.004025 0.113208 0.009712 0.001795 0.001012 0.003268 0.020591 0.002899 0.025060 0.003927 0.003413 0.118401 0.049184 0.122364 0.018135 0.010344 0.001879 0.006489 0.008431 0.051743 0.011241 0.059716 0.108699 0.009197
0.161098 0.006701 0.000855 0.004470 0.012599 0.001503 0.006973 0.001566 0.002379 0.105656 0.006628 0.002301 0.000555 0.004401 0.016729 0.002455 0.019202 0.004025 0.002649 0.182573 0.076911 0.106417 0.015769 0.006418 0.003042 0.007737 0.006741 0.036741 0.010079 0.071992 0.107735 0.005101
0.078492 0.019418 0.004660 0.012110 0.023034 0.005414 0.020233 0.008451 0.005114 0.075443 0.023201 0.014977 0.002506 0.009319 0.027622 0.005555 0.029946 0.009259 0.005024 0.147897 0.063673 0.068682 0.054722 0.018977 0.006858 0.016280 0.010593 0.037009 0.019550 0.056586 0.107610 0.011785
0.123572 0.005536 0.009184 0.016235 0.051147 0.030630 0.010894 0.007203 0.005155 0.055026 0.022877 0.004409 0.004915 0.007685 0.060499 0.004724 0.025004 0.007454 0.013042 0.138636 0.035424 0.052624 0.006071 0.013899 0.011214 0.021422 0.005463 0.042706 0.027053 0.067073 0.102210 0.011014
0.361630 0.002945 0.001720 0.010936 0.015649 0.008885 0.000998 0.000749 0.001242 0.058967 0.016889 0.000705 0.001427 0.002363 0.022849 0.001270 0.016868 0.001924 0.002652 0.128285 0.046566 0.067876 0.002541 0.004080 0.002842 0.005051 0.010548 0.037783 0.011003 0.045763 0.101417 0.005577
0.109848 0.016276 0.005444 0.009278 0.016245 0.005780 0.013278 0.007526 0.005498 0.064815 0.025501 0.009760 0.003663 0.009737 0.022705 0.004284 0.025309 0.009402 0.004842 0.199177 0.064225 0.080178 0.033684 0.013482 0.007537 0.013625 0.009850 0.030691 0.016589 0.049923 0.101034 0.010816
