chair 190 203 425 426 0.852654 0.124038
chair 390 216 618 454 0.61963 0.351737
chair 27 212 229 411 0.540146 0.337064
chair 218 138 306 184 0.514965 0.460188
chair 357 128 468 186 0.429923 0.561047
chair 521 74 582 118 0.406363 0.536780
chair 463 119 619 183 0.330885 0.649000
chair 26 144 229 193 0.316492 0.633215
chair 245 141 296 151 0.274988 0.706508
chair 398 109 402 125 0.267983 0.638095
chair 398 109 428 125 0.267327 0.672192
chair 398 135 431 143 0.255594 0.723029
chair 399 139 408 143 0.245144 0.723576
chair 391 108 397 125 0.244622 0.631814
chair 593 64 715 181 0.211554 0.677826
chair 355 107 373 111 0.200963 0.721553
chair 311 101 375 131 0.176111 0.760238
chair 547 80 584 94 0.174798 0.711047
chair 222 157 240 183 0.172364 0.762713
chair 259 137 634 226 0.167064 0.745794
chair 455 142 489 181 0.157983 0.831495
chair 526 83 547 95 0.157712 0.765433
chair 695 56 713 61 0.157579 0.788222
chair 617 75 708 112 0.148018 0.724941
chair 30 119 164 151 0.135755 0.835377
chair 493 94 515 118 0.132365 0.810371
chair 580 157 591 172 0.12506 0.827250
chair 532 69 586 87 0.121705 0.824776
chair 492 95 515 101 0.120012 0.834942
chair 309 92 321 105 0.119362 0.867677
chair 307 268 385 347 0.118832 0.876383
chair 103 130 116 145 0.117454 0.849927
chair 94 121 123 129 0.117004 0.855380
chair 326 93 375 110 0.113013 0.822775
chair 315 122 316 126 0.106363 0.821845
chair 258 104 322 135 0.104439 0.854929
sofa 717 54 729 66 0.126539 0.408445
table 216 144 729 442 0.986735 0.009633
table 12 160 425 418 0.838468 0.121721
table 0 396 697 529 0.610061 0.313269
table 282 111 705 182 0.19698 0.765674
table 382 263 631 453 0.166685 0.603984
table 579 102 712 230 0.134838 0.817408
table 518 81 623 118 0.117634 0.746527
door 135 2 191 105 0.139361 0.389439
picture 694 1 709 15 0.238922 0.542970
picture 535 1 707 31 0.229314 0.219471
picture 71 2 106 71 0.180505 0.395786
picture 220 4 241 64 0.133077 0.633959
picture 718 237 729 333 0.128378 0.159293
picture 345 2 368 54 0.12243 0.394231
picture 229 1 368 66 0.116566 0.115241
picture 138 4 191 96 0.105934 0.389439
blinds 6 5 106 139 0.680313 0.242719
desk 41 148 708 351 0.18712 0.426271
mirror 717 233 729 310 0.102541 0.193413
clothes 722 326 729 349 0.107943 0.187789
tv 226 3 348 68 0.722829 0.082658
tv 527 1 707 31 0.332118 0.219471
tv 362 2 494 60 0.193474 0.410406
paper 645 182 648 193 0.225501 0.584743
paper 716 79 724 83 0.191334 0.445248
paper 650 196 652 199 0.188874 0.685805
paper 719 68 729 78 0.13141 0.270079
paper 645 175 729 221 0.111122 0.500587
towel 680 288 717 413 0.120074 0.503013
towel 722 327 729 348 0.106704 0.187789
box 719 67 729 77 0.118037 0.270079
box 150 59 158 66 0.110192 0.345914
box 716 77 729 82 0.106909 0.281919
whiteboard 522 1 690 39 0.122173 0.498845
whiteboard 355 1 511 60 0.117777 0.372113
