0.192933 0.000041 0.000001 0.804444 0.000260 0.000800 0.000014 0.000007 0.000024 0.000027 0.000602 0.000008 0.000028 0.000003 0.000046 0.000022 0.000031 0.000010 0.000008 0.000064 0.000027 0.000080 0.000057 0.000023 0.000008 0.000048 0.000229 0.000052 0.000010 0.000022 0.000027 0.000045
0.113978 0.000146 0.000740 0.754005 0.112463 0.001392 0.000100 0.000047 0.000047 0.000132 0.001561 0.000036 0.000477 0.000142 0.001898 0.000075 0.000834 0.000361 0.000112 0.000183 0.001193 0.000347 0.000045 0.000216 0.000121 0.004134 0.000716 0.000095 0.001163 0.000646 0.002461 0.000133
0.384598 0.000255 0.000127 0.571263 0.009293 0.013571 0.000281 0.000244 0.001289 0.000526 0.000417 0.000162 0.001239 0.000201 0.001368 0.000133 0.000916 0.000572 0.000536 0.001506 0.000577 0.002559 0.000264 0.000888 0.000274 0.000284 0.000419 0.001778 0.000114 0.001140 0.002013 0.001193
0.402844 0.000159 0.000103 0.562653 0.006250 0.012233 0.000155 0.000161 0.000720 0.000415 0.000275 0.000124 0.001096 0.000131 0.001362 0.000083 0.000637 0.000315 0.000319 0.001451 0.000373 0.002246 0.000170 0.000801 0.000207 0.000172 0.000265 0.001250 0.000083 0.000980 0.001107 0.000861
0.426367 0.000191 0.000043 0.523684 0.002522 0.000873 0.000397 0.000221 0.000773 0.002785 0.000473 0.000281 0.000271 0.000158 0.002346 0.000367 0.001238 0.000361 0.000256 0.008935 0.001769 0.010547 0.001240 0.003077 0.000231 0.000392 0.000545 0.003659 0.000150 0.002974 0.000955 0.001917
0.469649 0.000125 0.000053 0.498366 0.019345 0.001246 0.000149 0.000060 0.000426 0.000351 0.001293 0.000059 0.000056 0.000063 0.000984 0.000103 0.000507 0.000231 0.000214 0.001038 0.000275 0.001454 0.000106 0.000251 0.000169 0.000253 0.000760 0.000328 0.000097 0.000508 0.001051 0.000430
0.397371 0.001344 0.000712 0.485682 0.004387 0.037173 0.001398 0.000597 0.001240 0.001672 0.001876 0.000352 0.014603 0.001876 0.002010 0.000683 0.002904 0.001989 0.001932 0.003619 0.001510 0.004901 0.001546 0.004036 0.006593 0.001188 0.000729 0.003354 0.000760 0.004132 0.004478 0.003352
0.554421 0.000817 0.000008 0.415466 0.000776 0.004842 0.000277 0.000146 0.000573 0.000811 0.003157 0.000237 0.000226 0.000067 0.001000 0.000267 0.000663 0.000176 0.000169 0.003444 0.000758 0.005538 0.000782 0.000585 0.000136 0.000423 0.001001 0.001047 0.000111 0.000830 0.000589 0.000655
0.596138 0.000018 0.000003 0.400931 0.000104 0.000721 0.000015 0.000010 0.000045 0.000082 0.000037 0.000016 0.000021 0.000007 0.000276 0.000016 0.000086 0.000012 0.000010 0.000397 0.000089 0.000358 0.000014 0.000122 0.000013 0.000016 0.000040 0.000124 0.000004 0.000146 0.000051 0.000083
0.410474 0.001082 0.004571 0.385485 0.036003 0.000300 0.001842 0.000692 0.000483 0.006690 0.002745 0.000738 0.000218 0.001325 0.072028 0.002892 0.011058 0.001345 0.000851 0.002289 0.014960 0.003758 0.001648 0.004296 0.002532 0.005540 0.003574 0.004896 0.001563 0.007329 0.004192 0.002602
0.402431 0.000996 0.000483 0.385104 0.012334 0.029465 0.000689 0.000276 0.000289 0.001402 0.003270 0.000225 0.001241 0.000552 0.003757 0.000796 0.005477 0.001964 0.001305 0.006139 0.007211 0.011558 0.000354 0.001336 0.001518 0.015569 0.011465 0.007132 0.002763 0.006401 0.074136 0.002364
0.396047 0.001584 0.001245 0.374229 0.008011 0.034596 0.002795 0.001357 0.002437 0.010131 0.003536 0.000631 0.020238 0.003521 0.005644 0.000918 0.004974 0.008048 0.002554 0.013746 0.005354 0.020665 0.006053 0.006368 0.010739 0.002723 0.001375 0.006237 0.001891 0.011521 0.022474 0.008358
0.634717 0.000088 0.000067 0.323439 0.006619 0.022477 0.000094 0.000087 0.000343 0.000263 0.000775 0.000054 0.002436 0.000114 0.000636 0.000040 0.000567 0.000216 0.000169 0.001440 0.000251 0.001540 0.000201 0.000351 0.000168 0.000093 0.000195 0.000623 0.000075 0.000470 0.000888 0.000502
0.515486 0.000679 0.000500 0.279824 0.135305 0.001817 0.000585 0.000372 0.000866 0.001974 0.002439 0.000472 0.001251 0.001006 0.014980 0.000344 0.011363 0.000291 0.000359 0.001568 0.002734 0.001055 0.000769 0.005614 0.001161 0.000623 0.001479 0.001822 0.000411 0.007863 0.002764 0.002224
0.489906 0.001065 0.002256 0.257399 0.072566 0.091526 0.000822 0.001024 0.005632 0.002030 0.006285 0.000667 0.018443 0.001412 0.004592 0.000394 0.004024 0.001697 0.001148 0.005104 0.001791 0.004852 0.001347 0.003596 0.001452 0.000790 0.002351 0.004825 0.000862 0.002492 0.004909 0.002742
0.729897 0.000044 0.000025 0.255099 0.000501 0.005408 0.000039 0.000044 0.000253 0.000415 0.000068 0.000059 0.000328 0.000030 0.000697 0.000035 0.000192 0.000063 0.000073 0.002153 0.000144 0.002072 0.000063 0.000428 0.000056 0.000030 0.000062 0.000841 0.000019 0.000446 0.000133 0.000283
0.723198 0.000499 0.000056 0.227169 0.020169 0.005787 0.000184 0.000116 0.001178 0.000577 0.011058 0.000100 0.000314 0.000120 0.000311 0.000123 0.000270 0.000886 0.000192 0.000896 0.000172 0.001171 0.001013 0.000452 0.000095 0.000247 0.001286 0.000609 0.000206 0.000253 0.000830 0.000462
0.714980 0.000624 0.000101 0.218231 0.012150 0.024204 0.000259 0.000242 0.001538 0.000599 0.001775 0.000123 0.006334 0.000314 0.000724 0.000081 0.000786 0.000622 0.000422 0.001828 0.000344 0.005833 0.000390 0.000695 0.000448 0.000233 0.000466 0.001371 0.000177 0.000824 0.002267 0.001013
0.664060 0.000842 0.000314 0.200542 0.034880 0.024432 0.000513 0.000441 0.006217 0.001851 0.004672 0.000342 0.014102 0.000598 0.002581 0.000285 0.003709 0.001108 0.000980 0.006116 0.001450 0.010569 0.000976 0.003610 0.000687 0.000379 0.001645 0.003168 0.000371 0.003186 0.003341 0.002035
0.769611 0.000132 0.000038 0.193101 0.006566 0.016203 0.000097 0.000112 0.000375 0.000371 0.000487 0.000049 0.001707 0.000092 0.000986 0.000041 0.000320 0.000309 0.000191 0.001733 0.000223 0.003129 0.000148 0.000447 0.000218 0.000105 0.000182 0.000749 0.000077 0.000666 0.000927 0.000608
0.750000 0.000199 0.000194 0.191703 0.029832 0.017459 0.000057 0.000045 0.000417 0.000215 0.001987 0.000030 0.002426 0.000177 0.000547 0.000020 0.000367 0.000129 0.000113 0.000246 0.000104 0.001065 0.000137 0.000409 0.000211 0.000076 0.000159 0.000195 0.000081 0.000306 0.000866 0.000225
0.577807 0.002070 0.000804 0.190484 0.153234 0.024516 0.000374 0.000340 0.005189 0.001091 0.005130 0.000240 0.012899 0.001268 0.002795 0.000143 0.002297 0.000819 0.000752 0.000878 0.000496 0.002911 0.000518 0.003422 0.000916 0.000337 0.000921 0.000921 0.000433 0.002104 0.002630 0.001260
0.805791 0.000040 0.000006 0.187776 0.000434 0.001108 0.000025 0.000021 0.000073 0.000226 0.000111 0.000042 0.000025 0.000011 0.001199 0.000031 0.000093 0.000025 0.000027 0.001017 0.000096 0.000727 0.000028 0.000178 0.000033 0.000031 0.000097 0.000239 0.000013 0.000261 0.000077 0.000139
0.637156 0.001549 0.000837 0.183918 0.016819 0.018549 0.000881 0.000858 0.013364 0.003601 0.009882 0.000553 0.029877 0.001162 0.003594 0.000435 0.005241 0.001827 0.001697 0.011370 0.002223 0.019407 0.001588 0.008064 0.001603 0.000975 0.002402 0.003892 0.000785 0.006973 0.005001 0.003918
0.606801 0.001213 0.000482 0.152533 0.017982 0.100198 0.000337 0.000306 0.003256 0.001013 0.015667 0.000177 0.072458 0.001262 0.000636 0.000127 0.000906 0.001210 0.000988 0.003088 0.000605 0.008030 0.000887 0.000866 0.001258 0.000345 0.001344 0.000989 0.000540 0.000902 0.002269 0.001324
0.807569 0.000351 0.000152 0.146387 0.005018 0.007825 0.000233 0.000333 0.000581 0.001893 0.000644 0.000185 0.001077 0.000196 0.001888 0.000275 0.000791 0.000738 0.003197 0.005431 0.000525 0.004025 0.000563 0.001335 0.000500 0.000175 0.000331 0.001411 0.000152 0.002129 0.001308 0.002780
0.616264 0.011631 0.000732 0.146060 0.006758 0.040639 0.001957 0.001387 0.010056 0.008079 0.015626 0.002437 0.002482 0.001943 0.004777 0.000826 0.005056 0.001796 0.000992 0.012706 0.002794 0.063929 0.000846 0.010048 0.002076 0.000738 0.001708 0.008763 0.001008 0.009009 0.004233 0.002645
0.778568 0.000321 0.000278 0.137311 0.036141 0.008411 0.000534 0.000397 0.002463 0.001383 0.001514 0.000327 0.002770 0.000265 0.002962 0.000253 0.002640 0.000747 0.000587 0.004280 0.001070 0.002854 0.001107 0.001631 0.000445 0.000608 0.001262 0.002292 0.000334 0.002169 0.002973 0.001101
0.818765 0.001232 0.000014 0.128759 0.000787 0.018828 0.000581 0.000201 0.000574 0.002132 0.004035 0.000334 0.000356 0.000129 0.000574 0.000518 0.001055 0.000288 0.000155 0.007957 0.001210 0.003017 0.001076 0.000976 0.000157 0.000674 0.000801 0.002355 0.000130 0.000759 0.000912 0.000658
0.742627 0.000638 0.000526 0.128112 0.060035 0.011521 0.001142 0.000812 0.002730 0.001884 0.002710 0.000569 0.002703 0.000511 0.005007 0.000445 0.004557 0.001203 0.000998 0.004252 0.001769 0.002958 0.001305 0.002741 0.000939 0.001415 0.001965 0.002946 0.000890 0.003041 0.005170 0.001878
0.454352 0.017709 0.000852 0.116957 0.007985 0.021714 0.007987 0.002672 0.015655 0.011687 0.026869 0.003303 0.006567 0.005114 0.005217 0.001749 0.008544 0.008609 0.004380 0.032119 0.008382 0.135082 0.002432 0.005712 0.003298 0.005020 0.002485 0.022783 0.002180 0.016389 0.031102 0.005093
0.644764 0.010951 0.001084 0.113837 0.004825 0.045963 0.001225 0.001229 0.015264 0.006924 0.012641 0.001318 0.005224 0.004712 0.005406 0.000737 0.003496 0.002514 0.002128 0.014449 0.001971 0.052943 0.000516 0.008624 0.003635 0.001047 0.003350 0.007295 0.000786 0.007804 0.009188 0.004153
0.847982 0.000199 0.000193 0.106694 0.004876 0.003278 0.000119 0.000137 0.000424 0.002400 0.000859 0.000123 0.000327 0.000128 0.004555 0.000191 0.001011 0.000215 0.000409 0.009203 0.001036 0.006724 0.000228 0.000965 0.000312 0.000096 0.000542 0.001722 0.000147 0.002817 0.001097 0.000993
0.666394 0.002184 0.001618 0.105821 0.003862 0.124739 0.002322 0.000885 0.001055 0.007646 0.003822 0.000560 0.006807 0.002235 0.002808 0.000570 0.001936 0.004945 0.001325 0.012699 0.002610 0.009164 0.004299 0.002574 0.003033 0.001360 0.000799 0.004968 0.002231 0.004168 0.007357 0.003199
0.831389 0.000275 0.000359 0.104485 0.007451 0.015875 0.000119 0.000177 0.000490 0.001734 0.003058 0.000080 0.001462 0.000385 0.001306 0.000052 0.000841 0.000514 0.000473 0.004875 0.000493 0.014837 0.000195 0.000870 0.000659 0.000137 0.000472 0.001142 0.000168 0.001556 0.002812 0.001257
0.851387 0.000098 0.000525 0.101252 0.003065 0.007813 0.000141 0.000199 0.000557 0.001788 0.001649 0.000141 0.000919 0.000241 0.001471 0.000085 0.001206 0.000431 0.000214 0.008045 0.000850 0.010854 0.000203 0.000742 0.000400 0.000157 0.000523 0.001521 0.000155 0.001302 0.001215 0.000849
0.359280 0.010080 0.006521 0.100528 0.013129 0.102026 0.012095 0.005530 0.007141 0.022201 0.011442 0.003778 0.028090 0.012333 0.011807 0.003913 0.011915 0.015679 0.013340 0.051925 0.012725 0.038880 0.006725 0.009287 0.015028 0.007972 0.003579 0.014468 0.007444 0.024151 0.045945 0.011043
0.285736 0.000456 0.000916 0.012890 0.668332 0.002527 0.000279 0.000203 0.000535 0.000395 0.004036 0.000116 0.001928 0.000627 0.004986 0.000043 0.001612 0.000242 0.000234 0.000709 0.000391 0.000986 0.000286 0.000636 0.001548 0.000950 0.000977 0.000384 0.000523 0.001022 0.004935 0.000559
0.375271 0.000122 0.000320 0.090879 0.522352 0.000382 0.000045 0.000012 0.000070 0.000025 0.002874 0.000008 0.000073 0.000034 0.000151 0.000015 0.000142 0.000139 0.000026 0.000023 0.000082 0.000035 0.000035 0.000044 0.000022 0.003503 0.000784 0.000029 0.000468 0.000056 0.001954 0.000026
0.578235 0.000158 0.000108 0.010621 0.380954 0.000379 0.000116 0.000078 0.000258 0.000249 0.001383 0.000050 0.000146 0.000097 0.017275 0.000023 0.001779 0.000080 0.000063 0.000379 0.000373 0.000424 0.000099 0.001043 0.000254 0.000396 0.000546 0.000424 0.000140 0.001468 0.002191 0.000209
0.677004 0.000232 0.000452 0.017450 0.291100 0.001279 0.000098 0.000070 0.001161 0.000206 0.002338 0.000049 0.002452 0.000303 0.001200 0.000028 0.000603 0.000147 0.000084 0.000251 0.000110 0.000226 0.000145 0.000425 0.000428 0.000213 0.000437 0.000137 0.000162 0.000304 0.000567 0.000340
0.443267 0.002999 0.005713 0.003464 0.264747 0.002056 0.002695 0.003392 0.010890 0.030228 0.001707 0.005755 0.000097 0.000606 0.013296 0.008499 0.070419 0.000630 0.003661 0.011933 0.015263 0.025175 0.006544 0.023156 0.000569 0.000395 0.001231 0.011808 0.000888 0.021624 0.003292 0.003999
0.474181 0.000434 0.001297 0.005690 0.256452 0.000549 0.001053 0.000842 0.002051 0.008414 0.000824 0.000814 0.000075 0.000689 0.067483 0.001728 0.054735 0.000586 0.001041 0.008629 0.027984 0.015346 0.000678 0.013976 0.000658 0.000458 0.001567 0.003905 0.001011 0.036631 0.007916 0.002305
0.634274 0.000574 0.000146 0.027599 0.256193 0.000682 0.000376 0.000314 0.000919 0.001801 0.002067 0.000546 0.000359 0.000662 0.020827 0.000356 0.020129 0.000159 0.000192 0.001359 0.003734 0.001305 0.000483 0.006890 0.000569 0.000378 0.001747 0.002360 0.000297 0.009492 0.001914 0.001299
0.638589 0.001764 0.002358 0.080655 0.200051 0.031009 0.000251 0.000280 0.007927 0.000705 0.005868 0.000240 0.014673 0.001106 0.002041 0.000106 0.001992 0.000394 0.000352 0.000481 0.000337 0.000933 0.000313 0.003024 0.000608 0.000209 0.000768 0.000446 0.000229 0.000849 0.000741 0.000702
0.720429 0.000934 0.000044 0.028071 0.163919 0.001904 0.001334 0.000676 0.012135 0.011142 0.016021 0.000520 0.000127 0.000192 0.001131 0.001774 0.002109 0.003280 0.000892 0.007169 0.001631 0.001808 0.005186 0.002229 0.000161 0.001954 0.002990 0.003605 0.001068 0.001633 0.002231 0.001702
0.795523 0.001201 0.000309 0.002986 0.148760 0.005349 0.000053 0.000049 0.001063 0.000174 0.032671 0.000033 0.007154 0.000220 0.000244 0.000019 0.000178 0.000144 0.000097 0.000186 0.000058 0.000456 0.000250 0.000270 0.000293 0.000086 0.000730 0.000152 0.000214 0.000123 0.000784 0.000172
0.819022 0.000337 0.000219 0.006055 0.144422 0.000734 0.000091 0.000084 0.000202 0.000430 0.001398 0.000037 0.000586 0.000434 0.005623 0.000018 0.001578 0.000137 0.000200 0.001211 0.000290 0.002417 0.000123 0.000459 0.001592 0.000253 0.000180 0.000377 0.000168 0.002096 0.008901 0.000326
0.659158 0.001069 0.000093 0.158712 0.135190 0.001898 0.000611 0.000319 0.005158 0.001429 0.018256 0.000316 0.000111 0.000142 0.001051 0.000682 0.000793 0.000939 0.000469 0.001032 0.000512 0.000658 0.001304 0.001219 0.000169 0.001058 0.003636 0.000991 0.000434 0.000551 0.001062 0.000982
0.851337 0.000782 0.001293 0.016265 0.109031 0.000050 0.000216 0.000118 0.000227 0.000712 0.004567 0.000125 0.000050 0.000237 0.008107 0.000219 0.000744 0.000243 0.000098 0.000179 0.000624 0.000212 0.000452 0.000686 0.000206 0.000860 0.000803 0.000336 0.000394 0.000329 0.000317 0.000181
0.840554 0.000651 0.000576 0.007528 0.101148 0.000783 0.000471 0.000351 0.000746 0.000542 0.003119 0.000200 0.000420 0.000861 0.017438 0.000094 0.005047 0.000200 0.000295 0.001841 0.000909 0.001009 0.000290 0.000521 0.002274 0.001119 0.001413 0.000579 0.000627 0.001880 0.005932 0.000582
0.606690 0.001570 0.001967 0.048727 0.058031 0.182473 0.000472 0.000540 0.009194 0.001499 0.015950 0.000407 0.037119 0.001437 0.002262 0.000192 0.003069 0.000875 0.000711 0.003791 0.000945 0.004112 0.000871 0.002016 0.001433 0.000423 0.002402 0.003104 0.000661 0.001365 0.004179 0.001513
0.604498 0.005444 0.000465 0.082776 0.010716 0.168340 0.000421 0.000440 0.008685 0.001922 0.018867 0.000337 0.027177 0.001652 0.001588 0.000201 0.001902 0.001550 0.001178 0.004595 0.000867 0.030210 0.000322 0.002426 0.001889 0.000307 0.002053 0.002800 0.000594 0.002378 0.010757 0.002646
0.669073 0.002080 0.002840 0.023740 0.039372 0.133007 0.000211 0.000274 0.021150 0.001023 0.030074 0.000210 0.056425 0.001103 0.000721 0.000129 0.000999 0.000439 0.000369 0.001795 0.000267 0.004869 0.000302 0.003067 0.000766 0.000145 0.001733 0.000801 0.000319 0.000643 0.001115 0.000940
0.666394 0.002184 0.001618 0.105821 0.003862 0.124739 0.002322 0.000885 0.001055 0.007646 0.003822 0.000560 0.006807 0.002235 0.002808 0.000570 0.001936 0.004945 0.001325 0.012699 0.002610 0.009164 0.004299 0.002574 0.003033 0.001360 0.000799 0.004968 0.002231 0.004168 0.007357 0.003199
0.213161 0.005057 0.003419 0.344440 0.013897 0.106600 0.007319 0.003768 0.006069 0.014861 0.007293 0.001719 0.050353 0.007891 0.007770 0.003615 0.007981 0.016061 0.009796 0.015172 0.007233 0.021208 0.012981 0.014811 0.016563 0.005431 0.002335 0.011487 0.004188 0.014847 0.025411 0.017266
0.359280 0.010080 0.006521 0.100528 0.013129 0.102026 0.012095 0.005530 0.007141 0.022201 0.011442 0.003778 0.028090 0.012333 0.011807 0.003913 0.011915 0.015679 0.013340 0.051925 0.012725 0.038880 0.006725 0.009287 0.015028 0.007972 0.003579 0.014468 0.007444 0.024151 0.045945 0.011043
0.631829 0.000499 0.000197 0.001553 0.000582 0.000234 0.002514 0.001147 0.002469 0.175026 0.000489 0.000390 0.000133 0.000390 0.006711 0.003653 0.003193 0.004153 0.002652 0.094728 0.006485 0.031833 0.002288 0.001636 0.000651 0.000605 0.000394 0.003834 0.000436 0.012665 0.001444 0.005184
0.170273 0.001948 0.000174 0.002903 0.001921 0.001441 0.007068 0.002213 0.002381 0.119645 0.001868 0.003675 0.000224 0.001085 0.002388 0.003435 0.003514 0.015240 0.003732 0.156101 0.010612 0.247772 0.191990 0.005998 0.001034 0.002462 0.001373 0.007743 0.002382 0.012977 0.010135 0.004292
0.863074 0.000001 0.000001 0.000012 0.000001 0.000003 0.000016 0.000007 0.000168 0.101787 0.000011 0.000002 0.000002 0.000009 0.000244 0.000011 0.000104 0.000391 0.000004 0.027915 0.000617 0.004616 0.000002 0.000026 0.000026 0.000007 0.000008 0.000121 0.000008 0.000663 0.000036 0.000105
0.306856 0.071671 0.000700 0.047929 0.023537 0.002277 0.022655 0.009509 0.014148 0.031155 0.279192 0.015733 0.000131 0.004260 0.017703 0.004607 0.008022 0.004803 0.003541 0.014980 0.005798 0.009976 0.009829 0.010141 0.004713 0.012341 0.007417 0.006351 0.001901 0.010198 0.030379 0.007548
0.536821 0.001685 0.000353 0.002835 0.010358 0.073499 0.000066 0.000060 0.001399 0.000201 0.047004 0.000035 0.318738 0.000414 0.000086 0.000025 0.000088 0.000300 0.000168 0.000347 0.000071 0.000621 0.000199 0.000135 0.000450 0.000320 0.001734 0.000120 0.000693 0.000094 0.000838 0.000240
0.690982 0.000472 0.002284 0.068301 0.006624 0.000023 0.000643 0.000243 0.000166 0.004220 0.000841 0.000367 0.000031 0.000710 0.185563 0.001165 0.009116 0.000235 0.000252 0.001745 0.009948 0.001440 0.000365 0.000822 0.001539 0.000806 0.001149 0.003303 0.000289 0.004476 0.000940 0.000942
0.485310 0.002215 0.008492 0.005945 0.143128 0.002179 0.002799 0.002056 0.008164 0.017265 0.001214 0.002949 0.000123 0.001141 0.046660 0.005090 0.129235 0.000503 0.003049 0.009802 0.023178 0.017798 0.001227 0.018154 0.001202 0.000387 0.001344 0.008313 0.000710 0.041472 0.005091 0.003804
0.497197 0.000349 0.000223 0.094387 0.138830 0.000849 0.000608 0.000360 0.000578 0.003092 0.001222 0.000706 0.000573 0.000787 0.056724 0.000650 0.105766 0.000202 0.000474 0.002488 0.017373 0.002653 0.000587 0.013990 0.000818 0.000670 0.002750 0.005572 0.000329 0.041281 0.003759 0.004153
0.361445 0.000481 0.000051 0.001530 0.000564 0.001852 0.003524 0.001420 0.001287 0.085780 0.001542 0.001483 0.000194 0.000359 0.001440 0.001778 0.001725 0.010704 0.001899 0.327164 0.008738 0.087336 0.056223 0.003414 0.000556 0.002921 0.000971 0.006149 0.001164 0.008365 0.015421 0.002519
0.478259 0.000591 0.000230 0.000958 0.000653 0.000766 0.001595 0.000662 0.001140 0.021257 0.001828 0.000423 0.000191 0.000717 0.006672 0.000410 0.002936 0.002749 0.001527 0.309133 0.007001 0.098452 0.002505 0.001149 0.002013 0.002381 0.000921 0.004537 0.000864 0.013896 0.031114 0.002471
0.387292 0.002231 0.001498 0.016251 0.004306 0.021909 0.005556 0.003361 0.002969 0.070892 0.017421 0.002230 0.003647 0.003672 0.018499 0.003061 0.008441 0.006742 0.004641 0.213270 0.020426 0.057300 0.009654 0.010920 0.005858 0.005849 0.003919 0.020260 0.011573 0.026712 0.021864 0.007777
0.611140 0.000207 0.000045 0.000463 0.000383 0.000532 0.001223 0.000718 0.000991 0.040837 0.001217 0.000277 0.000069 0.000224 0.002119 0.000455 0.001676 0.002537 0.001026 0.200474 0.007635 0.081488 0.002352 0.001486 0.000558 0.001857 0.000657 0.004859 0.000578 0.011598 0.018433 0.001887
0.570836 0.000390 0.000106 0.001677 0.000559 0.000391 0.003399 0.001845 0.000314 0.043910 0.001086 0.004861 0.000059 0.000569 0.005334 0.001355 0.002907 0.003961 0.000953 0.199970 0.014761 0.088607 0.004978 0.002569 0.000805 0.002034 0.000975 0.011101 0.001544 0.017852 0.007764 0.002527
0.640595 0.000090 0.000014 0.000451 0.000185 0.000471 0.000751 0.000546 0.000344 0.061453 0.000507 0.000232 0.000036 0.000114 0.001179 0.000386 0.000980 0.002259 0.000632 0.187519 0.005242 0.062521 0.004579 0.001610 0.000275 0.001612 0.000339 0.005294 0.000358 0.007214 0.011375 0.000835
0.613346 0.000069 0.000010 0.000497 0.000180 0.000367 0.000488 0.000285 0.000131 0.048575 0.000309 0.000293 0.000020 0.000078 0.001510 0.000232 0.000827 0.001345 0.000272 0.187229 0.005834 0.115797 0.004706 0.001233 0.000270 0.000815 0.000242 0.004733 0.000256 0.004959 0.004599 0.000492
0.628162 0.000299 0.000137 0.002427 0.000755 0.000415 0.001684 0.000952 0.000183 0.025294 0.000912 0.001978 0.000027 0.000469 0.010847 0.000517 0.002285 0.003616 0.000302 0.184511 0.008955 0.078067 0.003095 0.001774 0.000583 0.002568 0.000921 0.011626 0.002403 0.011841 0.010578 0.001817
0.738284 0.000013 0.000006 0.000523 0.000201 0.000460 0.000250 0.000191 0.000024 0.044618 0.000146 0.000175 0.000005 0.000018 0.001146 0.000120 0.000615 0.000695 0.000118 0.166481 0.005012 0.026022 0.003615 0.000880 0.000061 0.000217 0.000104 0.005948 0.000124 0.001851 0.001849 0.000229
0.617312 0.000181 0.000246 0.000765 0.000613 0.001144 0.000449 0.000216 0.001075 0.016812 0.000987 0.000092 0.002426 0.002326 0.003884 0.000329 0.019183 0.009283 0.000885 0.153921 0.024357 0.082477 0.000222 0.000703 0.003594 0.000714 0.002002 0.002792 0.001152 0.035967 0.011584 0.002309
0.606959 0.000560 0.000093 0.001311 0.000198 0.000649 0.004966 0.001704 0.001071 0.046481 0.001183 0.004470 0.000212 0.000591 0.002062 0.002844 0.005432 0.004814 0.002566 0.151001 0.029220 0.071351 0.005372 0.005677 0.000697 0.001817 0.000988 0.006585 0.000913 0.028493 0.006865 0.002857
0.628082 0.000112 0.000016 0.000484 0.000224 0.000318 0.000389 0.000185 0.000172 0.015520 0.000557 0.000155 0.000024 0.000108 0.000910 0.000171 0.000559 0.001064 0.000267 0.148719 0.004727 0.181121 0.002026 0.000882 0.000295 0.000467 0.000543 0.002172 0.000288 0.003717 0.005233 0.000493
0.405791 0.007008 0.000530 0.012441 0.005779 0.006740 0.004979 0.001909 0.037698 0.025719 0.008688 0.001801 0.012943 0.003044 0.002656 0.001756 0.002519 0.014624 0.011714 0.141633 0.009909 0.196569 0.004827 0.005433 0.004288 0.006677 0.004972 0.012482 0.003846 0.013949 0.015647 0.011431
0.707677 0.000075 0.000023 0.001835 0.000316 0.001317 0.000686 0.000454 0.000322 0.053338 0.000609 0.000688 0.000021 0.000045 0.000905 0.000441 0.001282 0.001103 0.000312 0.141488 0.006782 0.045221 0.015239 0.002311 0.000126 0.000562 0.000202 0.003373 0.000312 0.007334 0.004726 0.000874
0.636897 0.000489 0.000137 0.001247 0.000573 0.000348 0.002978 0.001234 0.000428 0.032731 0.001498 0.003168 0.000097 0.000632 0.006246 0.001776 0.004922 0.002841 0.001030 0.133505 0.024785 0.085960 0.001553 0.002113 0.001070 0.001670 0.001073 0.008661 0.001291 0.026137 0.010041 0.002870
0.810367 0.000007 0.000001 0.000084 0.000013 0.000081 0.000122 0.000074 0.000020 0.031934 0.000043 0.000059 0.000002 0.000008 0.000337 0.000066 0.000199 0.000387 0.000070 0.127684 0.001477 0.018725 0.001329 0.000329 0.000041 0.000359 0.000033 0.002673 0.000040 0.001704 0.001632 0.000101
0.380106 0.008528 0.001913 0.009554 0.005599 0.005485 0.011862 0.004223 0.019390 0.051701 0.011582 0.003539 0.002460 0.004599 0.009542 0.003118 0.004680 0.018067 0.006543 0.126995 0.012298 0.194942 0.009747 0.008876 0.004504 0.006342 0.002634 0.018198 0.004677 0.017875 0.021713 0.008711
0.428199 0.005893 0.000526 0.013512 0.003156 0.001176 0.026564 0.004876 0.001957 0.058334 0.007226 0.020766 0.000353 0.002970 0.008592 0.009936 0.011104 0.012915 0.003675 0.113460 0.029453 0.103672 0.031484 0.008562 0.002471 0.004438 0.003765 0.014097 0.003119 0.035801 0.020069 0.007877
0.674215 0.000765 0.000114 0.001604 0.000231 0.000469 0.005075 0.001380 0.000909 0.025099 0.001472 0.004172 0.000205 0.000628 0.001885 0.002216 0.006747 0.003618 0.001541 0.109903 0.040565 0.060228 0.003817 0.003718 0.000675 0.001915 0.001207 0.005057 0.001088 0.029665 0.007700 0.002115
0.329813 0.001207 0.000395 0.013299 0.003175 0.005087 0.000748 0.000900 0.004447 0.019933 0.012725 0.000899 0.000744 0.000755 0.003292 0.001259 0.002531 0.001676 0.002684 0.109884 0.007217 0.400802 0.000758 0.006350 0.001327 0.000749 0.008354 0.029679 0.001273 0.011872 0.010997 0.005168
0.572286 0.004387 0.001948 0.020301 0.007596 0.006743 0.009364 0.003338 0.008188 0.035619 0.015282 0.003011 0.003455 0.003253 0.007695 0.002311 0.003961 0.010186 0.003121 0.105733 0.008605 0.092545 0.007143 0.009760 0.002370 0.004395 0.002380 0.012167 0.004660 0.011761 0.010470 0.005964
0.722308 0.000013 0.000027 0.000607 0.000223 0.000110 0.000248 0.000101 0.000227 0.012285 0.000154 0.000059 0.000013 0.000108 0.000839 0.000377 0.004007 0.002635 0.000340 0.105522 0.019687 0.109062 0.000222 0.000232 0.000189 0.000419 0.000666 0.000969 0.000268 0.013403 0.003521 0.001160
0.589627 0.000227 0.001280 0.001463 0.001850 0.000359 0.000429 0.000214 0.002093 0.007064 0.002115 0.000223 0.000184 0.000999 0.037178 0.000118 0.012062 0.000380 0.000670 0.104313 0.011462 0.174174 0.000160 0.000699 0.001910 0.000410 0.001572 0.002013 0.000513 0.031408 0.010891 0.001939
0.230866 0.000401 0.000126 0.000586 0.000298 0.000599 0.000208 0.000070 0.000756 0.004882 0.000547 0.000103 0.000421 0.000868 0.001864 0.000076 0.002031 0.000381 0.000365 0.100208 0.002738 0.626254 0.000091 0.000439 0.001549 0.000176 0.000303 0.004225 0.000176 0.007491 0.010093 0.000810
0.764065 0.000397 0.000043 0.001634 0.001602 0.000784 0.000866 0.000334 0.000552 0.016175 0.006557 0.000645 0.000225 0.000192 0.001670 0.000966 0.003934 0.001132 0.000273 0.100197 0.013715 0.016144 0.001877 0.004655 0.000235 0.001201 0.001129 0.011969 0.001075 0.036489 0.007682 0.001588
0.242628 0.000147 0.000026 0.000515 0.000361 0.000227 0.000141 0.000051 0.000374 0.003531 0.000117 0.000061 0.000055 0.000138 0.000602 0.000063 0.000582 0.000486 0.000264 0.012981 0.001111 0.729591 0.000481 0.000755 0.000287 0.000132 0.000160 0.000813 0.000140 0.001993 0.000778 0.000410
0.230866 0.000401 0.000126 0.000586 0.000298 0.000599 0.000208 0.000070 0.000756 0.004882 0.000547 0.000103 0.000421 0.000868 0.001864 0.000076 0.002031 0.000381 0.000365 0.100208 0.002738 0.626254 0.000091 0.000439 0.001549 0.000176 0.000303 0.004225 0.000176 0.007491 0.010093 0.000810
0.412436 0.000299 0.000041 0.001278 0.000464 0.000367 0.001258 0.000441 0.000955 0.042746 0.000191 0.000496 0.000016 0.000151 0.001849 0.001425 0.003507 0.001647 0.000574 0.048517 0.005376 0.446318 0.005195 0.003287 0.000374 0.000252 0.000329 0.005084 0.000309 0.010666 0.002082 0.002070
0.329813 0.001207 0.000395 0.013299 0.003175 0.005087 0.000748 0.000900 0.004447 0.019933 0.012725 0.000899 0.000744 0.000755 0.003292 0.001259 0.002531 0.001676 0.002684 0.109884 0.007217 0.400802 0.000758 0.006350 0.001327 0.000749 0.008354 0.029679 0.001273 0.011872 0.010997 0.005168
0.373119 0.003779 0.000192 0.006742 0.001596 0.000765 0.005432 0.001409 0.021881 0.049737 0.002149 0.001157 0.001160 0.001762 0.001783 0.002897 0.002234 0.012122 0.005550 0.089635 0.007245 0.346256 0.007897 0.005617 0.001759 0.001927 0.000953 0.015988 0.000971 0.011125 0.005421 0.009741
0.450460 0.006347 0.001539 0.030255 0.018216 0.004067 0.003923 0.001521 0.005584 0.027990 0.008732 0.003397 0.000942 0.003988 0.005705 0.001249 0.005571 0.007982 0.004079 0.039313 0.004652 0.283498 0.017133 0.005417 0.002272 0.001053 0.002982 0.009340 0.002276 0.012160 0.022309 0.006047
0.628684 0.000223 0.000103 0.000895 0.000377 0.000291 0.000192 0.000066 0.001013 0.007933 0.000475 0.000083 0.000379 0.000438 0.002421 0.000079 0.001636 0.000436 0.000513 0.070227 0.002193 0.264382 0.000142 0.000714 0.001074 0.000123 0.000245 0.003541 0.000097 0.006273 0.003575 0.001179
0.559681 0.010291 0.000404 0.069134 0.003212 0.014376 0.001636 0.000950 0.006172 0.007417 0.007586 0.001733 0.001602 0.003460 0.005066 0.000592 0.004959 0.001406 0.000869 0.013678 0.002014 0.248681 0.000390 0.005645 0.002473 0.000612 0.001425 0.007621 0.000598 0.009056 0.004811 0.002454
0.603363 0.004310 0.000413 0.012912 0.001165 0.006985 0.000995 0.000420 0.005206 0.010183 0.014034 0.000419 0.001861 0.002755 0.002287 0.000428 0.002154 0.003751 0.001605 0.034482 0.004612 0.237084 0.000288 0.001998 0.001684 0.001039 0.001559 0.005706 0.000692 0.008982 0.024740 0.001884
0.569035 0.003716 0.000411 0.024116 0.036242 0.005425 0.001319 0.000596 0.004093 0.005169 0.008570 0.000529 0.003554 0.002353 0.004486 0.000262 0.005070 0.002582 0.001699 0.015299 0.002324 0.218636 0.000778 0.005434 0.002320 0.002535 0.002184 0.011544 0.001387 0.014452 0.040217 0.003663
0.560160 0.000763 0.000511 0.012894 0.002538 0.006064 0.000808 0.001479 0.002189 0.016075 0.011677 0.000969 0.000692 0.000911 0.003354 0.001524 0.002538 0.002475 0.001962 0.095864 0.007222 0.207840 0.001084 0.004312 0.001678 0.000914 0.010719 0.019530 0.001713 0.006910 0.005613 0.007020
0.485000 0.002749 0.000853 0.012008 0.002111 0.002475 0.001616 0.000967 0.003585 0.074939 0.005003 0.000732 0.001133 0.002036 0.012134 0.001457 0.005931 0.003988 0.004797 0.079322 0.008622 0.205676 0.002208 0.010594 0.002707 0.000878 0.000685 0.020899 0.001009 0.023292 0.013685 0.006908
0.615425 0.000301 0.001299 0.011591 0.020038 0.005908 0.000345 0.000637 0.001853 0.004569 0.003455 0.000532 0.001020 0.000364 0.004304 0.000267 0.005112 0.000838 0.001119 0.049957 0.007155 0.204982 0.001369 0.002811 0.000796 0.001021 0.011615 0.006936 0.002876 0.008595 0.017887 0.005020
0.405791 0.007008 0.000530 0.012441 0.005779 0.006740 0.004979 0.001909 0.037698 0.025719 0.008688 0.001801 0.012943 0.003044 0.002656 0.001756 0.002519 0.014624 0.011714 0.141633 0.009909 0.196569 0.004827 0.005433 0.004288 0.006677 0.004972 0.012482 0.003846 0.013949 0.015647 0.011431
0.380106 0.008528 0.001913 0.009554 0.005599 0.005485 0.011862 0.004223 0.019390 0.051701 0.011582 0.003539 0.002460 0.004599 0.009542 0.003118 0.004680 0.018067 0.006543 0.126995 0.012298 0.194942 0.009747 0.008876 0.004504 0.006342 0.002634 0.018198 0.004677 0.017875 0.021713 0.008711
0.572015 0.003140 0.000241 0.008694 0.001350 0.002808 0.001703 0.000255 0.000507 0.003277 0.005207 0.000266 0.000347 0.001962 0.003087 0.000303 0.002804 0.004496 0.002310 0.009722 0.003764 0.190921 0.000267 0.000999 0.003450 0.002434 0.001349 0.002793 0.000460 0.009465 0.157660 0.001943
0.641649 0.000062 0.000486 0.002713 0.001406 0.002409 0.000172 0.000164 0.000543 0.004360 0.001549 0.000174 0.000245 0.000289 0.004840 0.000090 0.003885 0.000767 0.000364 0.099783 0.010139 0.185013 0.000341 0.000593 0.000926 0.000942 0.008514 0.004237 0.001559 0.008588 0.011069 0.002133
0.628082 0.000112 0.000016 0.000484 0.000224 0.000318 0.000389 0.000185 0.000172 0.015520 0.000557 0.000155 0.000024 0.000108 0.000910 0.000171 0.000559 0.001064 0.000267 0.148719 0.004727 0.181121 0.002026 0.000882 0.000295 0.000467 0.000543 0.002172 0.000288 0.003717 0.005233 0.000493
0.587796 0.001890 0.000841 0.027451 0.002345 0.013643 0.003014 0.002677 0.004415 0.013812 0.008577 0.004791 0.003434 0.002124 0.004055 0.001147 0.004449 0.003305 0.002409 0.056816 0.006274 0.176705 0.001667 0.008208 0.003463 0.001693 0.001685 0.014575 0.001183 0.018055 0.009990 0.007512
0.581123 0.010713 0.000510 0.088831 0.005782 0.018633 0.001952 0.001106 0.010838 0.012721 0.008647 0.002102 0.001650 0.002219 0.004652 0.001013 0.005191 0.001971 0.001189 0.020211 0.002786 0.174297 0.001026 0.007158 0.001331 0.000715 0.001528 0.013064 0.000827 0.008871 0.004350 0.002992
0.589627 0.000227 0.001280 0.001463 0.001850 0.000359 0.000429 0.000214 0.002093 0.007064 0.002115 0.000223 0.000184 0.000999 0.037178 0.000118 0.012062 0.000380 0.000670 0.104313 0.011462 0.174174 0.000160 0.000699 0.001910 0.000410 0.001572 0.002013 0.000513 0.031408 0.010891 0.001939
0.552376 0.011092 0.000331 0.086390 0.003652 0.013020 0.004114 0.001551 0.011995 0.009580 0.013940 0.001991 0.004767 0.002640 0.003193 0.001485 0.004889 0.006819 0.003003 0.028507 0.006062 0.173485 0.001392 0.004169 0.001885 0.002525 0.001750 0.013743 0.001166 0.010929 0.014385 0.003172
0.605811 0.002721 0.000983 0.055097 0.014963 0.021850 0.000615 0.000560 0.005742 0.004079 0.008329 0.000383 0.017245 0.001608 0.003314 0.000302 0.003561 0.002455 0.004762 0.025515 0.002996 0.167220 0.000472 0.003521 0.004891 0.000499 0.001800 0.002670 0.000794 0.010310 0.018332 0.006600
0.621952 0.001079 0.000093 0.148596 0.006383 0.010458 0.000462 0.000286 0.002542 0.002031 0.001913 0.000220 0.002862 0.000593 0.001581 0.000151 0.001643 0.001307 0.000877 0.007901 0.001092 0.167077 0.000416 0.001428 0.000774 0.000376 0.000492 0.004187 0.000193 0.003359 0.005895 0.001780
0.692630 0.000647 0.000318 0.009990 0.000368 0.002431 0.000779 0.000789 0.006984 0.006287 0.007244 0.000727 0.001159 0.000673 0.001740 0.000688 0.002185 0.001151 0.000782 0.058878 0.004938 0.164154 0.000383 0.001742 0.001101 0.000795 0.005059 0.010195 0.000538 0.005941 0.005477 0.003227
0.613607 0.000239 0.000775 0.003525 0.004222 0.005589 0.000566 0.000614 0.000795 0.008401 0.002204 0.000485 0.000327 0.000581 0.004990 0.000387 0.005661 0.002690 0.001056 0.095237 0.012581 0.158092 0.000899 0.000797 0.001253 0.002060 0.014001 0.015517 0.003917 0.011338 0.024434 0.003155
0.531358 0.020280 0.000848 0.075003 0.003363 0.042801 0.001463 0.001268 0.015943 0.011401 0.015740 0.001402 0.007667 0.008363 0.006039 0.000738 0.004784 0.003122 0.002814 0.022366 0.002770 0.153016 0.000558 0.009631 0.006339 0.001076 0.003090 0.011257 0.000864 0.012885 0.016729 0.005020
0.637298 0.001258 0.000708 0.020928 0.003153 0.017402 0.001890 0.001939 0.002983 0.017449 0.013171 0.003367 0.005997 0.001302 0.003033 0.001032 0.004002 0.002528 0.001267 0.060899 0.004417 0.137299 0.003916 0.010209 0.002037 0.001141 0.002871 0.013611 0.001375 0.009860 0.005864 0.005794
0.594643 0.001034 0.000443 0.036097 0.007395 0.007176 0.000455 0.000325 0.000516 0.032574 0.005676 0.000255 0.000976 0.000833 0.007080 0.000926 0.004609 0.001860 0.003074 0.077849 0.012879 0.136412 0.001134 0.004604 0.001331 0.000580 0.004103 0.014505 0.002123 0.020158 0.014534 0.003844
0.454352 0.017709 0.000852 0.116957 0.007985 0.021714 0.007987 0.002672 0.015655 0.011687 0.026869 0.003303 0.006567 0.005114 0.005217 0.001749 0.008544 0.008609 0.004380 0.032119 0.008382 0.135082 0.002432 0.005712 0.003298 0.005020 0.002485 0.022783 0.002180 0.016389 0.031102 0.005093
0.691322 0.000242 0.002342 0.000302 0.001710 0.000208 0.000236 0.000130 0.002675 0.004071 0.001437 0.000103 0.000327 0.001510 0.035431 0.000052 0.008529 0.000282 0.000283 0.080581 0.004963 0.133617 0.000086 0.000364 0.002550 0.000225 0.000686 0.000828 0.000435 0.016357 0.007085 0.001031
0.669132 0.002195 0.000440 0.019873 0.006927 0.007668 0.000579 0.000402 0.002312 0.015199 0.008991 0.000500 0.001659 0.000701 0.002191 0.001156 0.002699 0.001666 0.001868 0.063725 0.004611 0.133214 0.003580 0.004503 0.000804 0.000470 0.007308 0.016504 0.001437 0.006082 0.007636 0.003969
0.447734 0.002839 0.000414 0.006430 0.001893 0.000859 0.013913 0.003551 0.001495 0.060693 0.004527 0.011498 0.000277 0.002197 0.009085 0.006716 0.010225 0.009445 0.003154 0.128517 0.033632 0.131995 0.011321 0.006232 0.002365 0.003117 0.002582 0.014490 0.002384 0.039940 0.018925 0.007557
0.843666 0.000085 0.000127 0.003125 0.000171 0.000271 0.000275 0.000060 0.000502 0.001639 0.000530 0.000058 0.000296 0.000390 0.000475 0.000061 0.000884 0.000779 0.000439 0.012581 0.001117 0.126888 0.000147 0.000308 0.000355 0.000263 0.000320 0.000406 0.000114 0.001732 0.001173 0.000763
0.721516 0.000106 0.000447 0.000579 0.000395 0.000131 0.000166 0.000071 0.000852 0.003455 0.000646 0.000090 0.000074 0.000455 0.026072 0.000044 0.005316 0.000116 0.000191 0.087145 0.004872 0.126630 0.000058 0.000246 0.001164 0.000119 0.000437 0.001130 0.000134 0.012416 0.004234 0.000693
0.577655 0.005775 0.000576 0.013855 0.001623 0.007025 0.002625 0.000472 0.001102 0.005546 0.006308 0.000462 0.000876 0.004293 0.004927 0.000630 0.004202 0.008301 0.004155 0.015159 0.006739 0.125855 0.000478 0.001532 0.007175 0.003144 0.002170 0.005849 0.000745 0.013743 0.163782 0.003219
0.494136 0.000827 0.000196 0.001195 0.001314 0.001101 0.002380 0.001330 0.001875 0.039522 0.003313 0.000676 0.000234 0.000710 0.005384 0.000761 0.002843 0.004425 0.002398 0.216703 0.009816 0.122857 0.004393 0.002281 0.001532 0.005093 0.001767 0.008734 0.001881 0.014840 0.041791 0.003691
0.727565 0.000601 0.000260 0.024760 0.002712 0.005323 0.000379 0.000673 0.002296 0.007596 0.005284 0.000610 0.000841 0.000451 0.002557 0.000673 0.001567 0.001947 0.001797 0.038684 0.002922 0.121062 0.000745 0.002774 0.000912 0.000703 0.010218 0.014691 0.001062 0.004209 0.005799 0.008326
0.735599 0.000200 0.000120 0.005646 0.000762 0.001719 0.000178 0.000117 0.001266 0.006126 0.000701 0.000116 0.004909 0.000464 0.002012 0.000215 0.004692 0.000505 0.000789 0.093569 0.003349 0.113464 0.000184 0.002630 0.000910 0.000106 0.000710 0.003136 0.000172 0.010318 0.002478 0.002837
0.428997 0.000366 0.000020 0.000904 0.000271 0.000701 0.002607 0.000721 0.000794 0.090336 0.000490 0.000968 0.000075 0.000200 0.000744 0.001147 0.000982 0.008252 0.001025 0.261042 0.005024 0.112143 0.060232 0.002105 0.000304 0.001926 0.000459 0.003700 0.000595 0.005370 0.006257 0.001243
0.722308 0.000013 0.000027 0.000607 0.000223 0.000110 0.000248 0.000101 0.000227 0.012285 0.000154 0.000059 0.000013 0.000108 0.000839 0.000377 0.004007 0.002635 0.000340 0.105522 0.019687 0.109062 0.000222 0.000232 0.000189 0.000419 0.000666 0.000969 0.000268 0.013403 0.003521 0.001160
0.787045 0.000041 0.000012 0.000279 0.000570 0.000136 0.000217 0.000110 0.000103 0.024417 0.000061 0.000108 0.000005 0.000036 0.001147 0.000126 0.000631 0.000684 0.000093 0.063230 0.003585 0.106147 0.003697 0.000899 0.000087 0.000198 0.000063 0.001529 0.000131 0.003077 0.001340 0.000199
0.721466 0.001020 0.000174 0.008127 0.000909 0.000743 0.000679 0.000385 0.001447 0.062699 0.002221 0.000322 0.000325 0.000561 0.004720 0.000814 0.002458 0.002015 0.001540 0.043314 0.005316 0.104950 0.001104 0.003721 0.000760 0.000368 0.000462 0.009080 0.000534 0.011011 0.004136 0.002620
0.820602 0.000125 0.000089 0.002130 0.001227 0.000495 0.000135 0.000150 0.005129 0.001626 0.000981 0.000207 0.001389 0.000175 0.001327 0.000068 0.001724 0.000254 0.001555 0.037998 0.001013 0.104936 0.000112 0.001314 0.000721 0.000204 0.001248 0.002887 0.000102 0.003754 0.001627 0.004697
0.879497 0.000079 0.000107 0.002721 0.000107 0.000266 0.000146 0.000040 0.000521 0.001413 0.000632 0.000043 0.000231 0.000337 0.000258 0.000051 0.000579 0.000498 0.000272 0.007267 0.000694 0.101072 0.000103 0.000249 0.000207 0.000144 0.000255 0.000280 0.000077 0.000996 0.000472 0.000384
0.772078 0.003045 0.000295 0.006473 0.002783 0.004917 0.000368 0.000353 0.008347 0.006729 0.008996 0.000359 0.009852 0.001012 0.000886 0.000316 0.001078 0.002608 0.009727 0.030743 0.001777 0.101024 0.000565 0.001904 0.002346 0.000222 0.001177 0.002907 0.000685 0.004928 0.007637 0.003865
0.365036 0.004926 0.000977 0.009135 0.009615 0.005731 0.006897 0.004386 0.009314 0.042553 0.018147 0.005664 0.000832 0.001492 0.002929 0.002939 0.004359 0.020296 0.003437 0.040519 0.003960 0.036202 0.357420 0.008763 0.000969 0.001853 0.003476 0.007660 0.003341 0.004946 0.007974 0.004253
0.569318 0.008014 0.000616 0.039048 0.053662 0.003085 0.006582 0.003551 0.026926 0.018340 0.023672 0.004387 0.000883 0.000927 0.001836 0.003034 0.003640 0.019615 0.003102 0.010015 0.002382 0.007981 0.153468 0.007732 0.000696 0.003424 0.005102 0.004457 0.003729 0.002762 0.004729 0.003284
0.356450 0.000965 0.000220 0.001934 0.001186 0.003940 0.002394 0.001013 0.000357 0.006052 0.001867 0.000907 0.000078 0.000697 0.004900 0.001780 0.018663 0.008865 0.004209 0.032455 0.029239 0.073492 0.001606 0.002408 0.001700 0.109174 0.009366 0.026200 0.004897 0.030883 0.258383 0.003719
0.356450 0.000965 0.000220 0.001934 0.001186 0.003940 0.002394 0.001013 0.000357 0.006052 0.001867 0.000907 0.000078 0.000697 0.004900 0.001780 0.018663 0.008865 0.004209 0.032455 0.029239 0.073492 0.001606 0.002408 0.001700 0.109174 0.009366 0.026200 0.004897 0.030883 0.258383 0.003719
0.632416 0.000522 0.000143 0.000737 0.000421 0.000363 0.003866 0.000452 0.001465 0.011013 0.000729 0.000360 0.000016 0.000717 0.002019 0.003453 0.008856 0.003933 0.001378 0.056201 0.042246 0.022485 0.000231 0.000879 0.000986 0.005444 0.001047 0.005317 0.000425 0.022023 0.167541 0.002316
0.577655 0.005775 0.000576 0.013855 0.001623 0.007025 0.002625 0.000472 0.001102 0.005546 0.006308 0.000462 0.000876 0.004293 0.004927 0.000630 0.004202 0.008301 0.004155 0.015159 0.006739 0.125855 0.000478 0.001532 0.007175 0.003144 0.002170 0.005849 0.000745 0.013743 0.163782 0.003219
0.574537 0.006035 0.000657 0.024204 0.002932 0.010609 0.003394 0.000729 0.001935 0.005285 0.007590 0.000642 0.000933 0.003001 0.004241 0.000751 0.004176 0.010440 0.003080 0.018792 0.006035 0.114605 0.000628 0.001782 0.005510 0.004321 0.002888 0.006504 0.000941 0.010227 0.159130 0.003467
0.536133 0.002122 0.000580 0.153918 0.018258 0.021223 0.001114 0.000388 0.000432 0.001436 0.005233 0.000302 0.000616 0.000768 0.004881 0.001094 0.006382 0.003040 0.001223 0.007365 0.008081 0.009874 0.000423 0.001074 0.001974 0.039439 0.019042 0.007572 0.005404 0.005509 0.133101 0.002000
