0.002019 0.000001 0.997903 0.000000 0.000040 0.000006 0.000000 0.000000 0.000005 0.000000 0.000003 0.000000 0.000002 0.000006 0.000005 0.000000 0.000003 0.000000 0.000000 0.000000 0.000001 0.000000 0.000000 0.000000 0.000001 0.000001 0.000001 0.000000 0.000001 0.000000 0.000000 0.000000
0.330027 0.000578 0.627408 0.000463 0.003099 0.000224 0.000195 0.000203 0.000949 0.000429 0.000530 0.000262 0.000455 0.003307 0.016725 0.000081 0.007254 0.000165 0.000155 0.000590 0.001048 0.001040 0.000237 0.000354 0.001858 0.000142 0.000204 0.000363 0.000148 0.000743 0.000398 0.000366
0.621749 0.000333 0.000656 0.331370 0.001711 0.008635 0.000373 0.000170 0.000364 0.001444 0.000835 0.000101 0.001026 0.000735 0.001434 0.000208 0.002222 0.000733 0.000301 0.002506 0.001612 0.006324 0.000358 0.000654 0.001429 0.000239 0.000229 0.000563 0.000147 0.004282 0.006546 0.000709
0.489338 0.005031 0.004193 0.163334 0.222796 0.003171 0.006949 0.001167 0.010526 0.005054 0.003018 0.000973 0.002108 0.006358 0.002507 0.002280 0.003977 0.013927 0.003652 0.001758 0.001761 0.008657 0.005328 0.002571 0.002466 0.004796 0.001586 0.002263 0.001064 0.002857 0.011570 0.002966
0.869691 0.000102 0.000048 0.119089 0.000079 0.000312 0.000187 0.000037 0.000092 0.000157 0.000125 0.000034 0.000244 0.000139 0.000223 0.000055 0.000841 0.000424 0.000069 0.001017 0.000598 0.001464 0.000317 0.000107 0.000357 0.000231 0.000160 0.001899 0.000039 0.000697 0.000531 0.000634
0.524097 0.001767 0.004171 0.105095 0.239960 0.003029 0.000797 0.000561 0.003012 0.009521 0.002921 0.000656 0.001616 0.001052 0.016212 0.000946 0.012661 0.000533 0.007828 0.005907 0.008823 0.018936 0.000820 0.004883 0.000871 0.000371 0.001161 0.002202 0.001105 0.011430 0.003339 0.003716
0.308651 0.005566 0.008743 0.048733 0.470879 0.003811 0.008891 0.002633 0.012907 0.006389 0.005544 0.001968 0.001287 0.005616 0.010089 0.003310 0.010558 0.007054 0.003576 0.004908 0.004142 0.011211 0.004817 0.003753 0.003850 0.006512 0.003988 0.003294 0.002412 0.005793 0.015839 0.003274
0.524097 0.001767 0.004171 0.105095 0.239960 0.003029 0.000797 0.000561 0.003012 0.009521 0.002921 0.000656 0.001616 0.001052 0.016212 0.000946 0.012661 0.000533 0.007828 0.005907 0.008823 0.018936 0.000820 0.004883 0.000871 0.000371 0.001161 0.002202 0.001105 0.011430 0.003339 0.003716
0.450443 0.036286 0.005288 0.006147 0.014902 0.007114 0.104668 0.006446 0.048427 0.007871 0.020033 0.004288 0.000651 0.013730 0.002502 0.023980 0.019463 0.035485 0.005076 0.010317 0.007890 0.011766 0.002605 0.001583 0.007186 0.042675 0.007664 0.003961 0.003105 0.003712 0.081060 0.003678
0.571821 0.013869 0.001771 0.012779 0.002017 0.002729 0.003994 0.001284 0.267447 0.010055 0.005810 0.001147 0.003009 0.005287 0.001157 0.001432 0.002239 0.007657 0.004092 0.010080 0.001018 0.033221 0.001085 0.001743 0.009645 0.001136 0.001351 0.004795 0.000425 0.002789 0.009044 0.004069
0.674503 0.010456 0.000681 0.009431 0.000638 0.000565 0.007961 0.001441 0.164278 0.022750 0.003825 0.001554 0.000401 0.002229 0.001179 0.004197 0.001699 0.008358 0.002710 0.013535 0.001418 0.041468 0.001108 0.000980 0.004254 0.001575 0.001191 0.004266 0.000416 0.002637 0.005192 0.003107
0.718371 0.009656 0.001206 0.006091 0.000578 0.001193 0.003697 0.001179 0.117007 0.010816 0.010476 0.001263 0.001614 0.003538 0.001376 0.001053 0.002210 0.005664 0.001847 0.020936 0.002906 0.053209 0.000644 0.000905 0.006485 0.001321 0.001755 0.002083 0.000577 0.003274 0.005026 0.002044
0.792058 0.003126 0.005988 0.000464 0.000552 0.000555 0.000997 0.000761 0.110066 0.017872 0.008470 0.000772 0.000242 0.001329 0.000978 0.000689 0.000831 0.002287 0.000871 0.015027 0.001089 0.027154 0.000301 0.000816 0.001023 0.000254 0.000519 0.001461 0.000332 0.000770 0.001441 0.000908
0.375952 0.000404 0.000089 0.001144 0.000184 0.000289 0.002024 0.000711 0.005240 0.468667 0.000263 0.000216 0.000041 0.000290 0.001736 0.006249 0.001065 0.013134 0.001370 0.056284 0.003421 0.044872 0.000650 0.001643 0.000417 0.000276 0.000128 0.003414 0.000207 0.005383 0.000767 0.003469
0.349052 0.002186 0.000108 0.001430 0.000496 0.000291 0.007665 0.001490 0.005049 0.447430 0.000792 0.000424 0.000042 0.000629 0.001087 0.008849 0.000561 0.063483 0.001259 0.065849 0.001860 0.024335 0.003482 0.001312 0.000366 0.001038 0.000187 0.002155 0.000541 0.002779 0.001521 0.002252
0.538314 0.000546 0.000067 0.000500 0.000122 0.000084 0.002372 0.000513 0.004822 0.376451 0.000107 0.000192 0.000010 0.000149 0.001228 0.014456 0.000915 0.005289 0.000684 0.027324 0.001563 0.013532 0.000367 0.001029 0.000238 0.000217 0.000084 0.004409 0.000066 0.002452 0.000345 0.001554
0.499059 0.002063 0.000295 0.002034 0.000676 0.000804 0.004815 0.001135 0.020946 0.341594 0.000315 0.000523 0.000156 0.000858 0.002519 0.008260 0.001699 0.017641 0.003542 0.034836 0.002355 0.026520 0.000737 0.002653 0.000969 0.000805 0.000182 0.012062 0.000260 0.003772 0.001733 0.004184
0.397208 0.003211 0.000099 0.001394 0.000636 0.000407 0.007668 0.001226 0.004364 0.335539 0.001249 0.000536 0.000040 0.000854 0.000970 0.006431 0.000626 0.069900 0.003005 0.077838 0.003611 0.060431 0.004018 0.002183 0.000655 0.001370 0.000291 0.002635 0.000622 0.004155 0.003636 0.003190
0.565965 0.001549 0.000064 0.000642 0.000084 0.000141 0.002269 0.000466 0.007623 0.334641 0.000090 0.000268 0.000010 0.000195 0.000853 0.015905 0.000907 0.005033 0.000616 0.025325 0.000803 0.014193 0.000317 0.000789 0.000284 0.000241 0.000066 0.016387 0.000050 0.002042 0.000424 0.001757
0.641162 0.000484 0.000048 0.001222 0.000087 0.000202 0.001451 0.000437 0.002131 0.276789 0.000326 0.000153 0.000062 0.000187 0.001544 0.002794 0.000632 0.006423 0.000625 0.037160 0.001879 0.014696 0.000575 0.001370 0.000273 0.000237 0.000123 0.002196 0.000171 0.002455 0.000349 0.001754
0.580909 0.022752 0.000206 0.004090 0.002601 0.000620 0.007204 0.003274 0.006292 0.249913 0.003298 0.002146 0.000048 0.001740 0.002243 0.028893 0.003721 0.010681 0.003782 0.016155 0.003050 0.024284 0.001204 0.003058 0.000947 0.000465 0.000905 0.003518 0.000811 0.005756 0.002068 0.003363
0.311450 0.009929 0.000380 0.009469 0.001041 0.001455 0.016618 0.004866 0.018965 0.249360 0.002032 0.001986 0.000181 0.002343 0.003364 0.035576 0.003000 0.035407 0.005294 0.082452 0.005863 0.128744 0.006914 0.009037 0.001742 0.001220 0.000755 0.016230 0.001119 0.011849 0.007203 0.014156
0.564751 0.005670 0.000105 0.003527 0.000355 0.000807 0.005537 0.001214 0.003317 0.228003 0.002384 0.000549 0.000187 0.001673 0.002442 0.003891 0.000900 0.048423 0.002069 0.056510 0.003241 0.038018 0.004581 0.004416 0.001023 0.001017 0.000342 0.002731 0.001008 0.005274 0.002358 0.003678
0.552714 0.000659 0.000261 0.002474 0.000720 0.000429 0.002922 0.001149 0.005634 0.208873 0.000774 0.000442 0.000067 0.000481 0.008108 0.004410 0.002041 0.005730 0.001234 0.131023 0.006577 0.036915 0.000591 0.001775 0.001093 0.000819 0.000408 0.004470 0.000758 0.008288 0.003259 0.004901
0.659095 0.000198 0.000064 0.001010 0.000080 0.000355 0.000761 0.000346 0.002572 0.184890 0.000523 0.000140 0.000049 0.000153 0.001635 0.000891 0.000390 0.003713 0.000428 0.097946 0.001916 0.034943 0.000295 0.001048 0.000370 0.000140 0.000157 0.001434 0.000179 0.002172 0.000413 0.001692
0.344790 0.006235 0.002445 0.018828 0.004746 0.012951 0.007138 0.004518 0.025158 0.168928 0.002920 0.002127 0.001895 0.005595 0.010811 0.008970 0.005717 0.024844 0.009547 0.070241 0.007487 0.160498 0.002939 0.021665 0.004037 0.001254 0.001013 0.021754 0.001931 0.016633 0.008353 0.014031
0.687540 0.007431 0.000321 0.002547 0.000484 0.000548 0.005031 0.001309 0.008663 0.157915 0.001480 0.000713 0.000291 0.002675 0.002566 0.003344 0.001196 0.042710 0.001812 0.031225 0.002084 0.017872 0.001319 0.001781 0.001484 0.001577 0.000471 0.003512 0.001008 0.003729 0.002261 0.003100
0.711660 0.000432 0.000154 0.000659 0.000075 0.000445 0.000786 0.000438 0.004846 0.123822 0.001462 0.000248 0.000060 0.000256 0.001966 0.000911 0.000485 0.002749 0.000461 0.085396 0.001707 0.052848 0.000222 0.001220 0.000631 0.000157 0.000234 0.001570 0.000185 0.001920 0.000519 0.001477
0.568934 0.001266 0.000517 0.000855 0.000177 0.000553 0.001650 0.001155 0.011122 0.120524 0.004888 0.000733 0.000077 0.000597 0.003109 0.002407 0.000976 0.004438 0.001371 0.107862 0.004036 0.144087 0.000396 0.002429 0.001260 0.000345 0.000842 0.004885 0.000404 0.003409 0.001751 0.002944
0.662301 0.000219 0.000066 0.001549 0.000692 0.002102 0.001308 0.000637 0.000286 0.113783 0.002401 0.000347 0.000054 0.000242 0.001651 0.000724 0.000677 0.008323 0.001434 0.111254 0.005679 0.062322 0.005395 0.003532 0.000355 0.000727 0.000340 0.002760 0.000663 0.004386 0.002711 0.001079
0.436019 0.010304 0.001351 0.014166 0.007437 0.003303 0.004012 0.003634 0.003446 0.106423 0.013398 0.004052 0.000312 0.002626 0.019006 0.004212 0.009275 0.001453 0.002553 0.078645 0.010336 0.095174 0.008841 0.090882 0.002612 0.001010 0.001056 0.013795 0.002462 0.028985 0.007543 0.011679
0.414895 0.003044 0.000887 0.001703 0.000573 0.000627 0.004222 0.002889 0.035309 0.101765 0.010994 0.002580 0.000265 0.001420 0.003769 0.006379 0.002518 0.007566 0.004943 0.125139 0.007041 0.220122 0.000844 0.006334 0.001902 0.000870 0.001951 0.010065 0.000987 0.007909 0.003496 0.006992
0.256566 0.000000 0.000007 0.000000 0.000102 0.000000 0.000000 0.000000 0.000000 0.000005 0.000000 0.000000 0.000000 0.000000 0.743252 0.000000 0.000017 0.000000 0.000000 0.000015 0.000019 0.000003 0.000000 0.000000 0.000000 0.000000 0.000000 0.000001 0.000000 0.000010 0.000000 0.000000
0.508956 0.000002 0.000054 0.000005 0.000119 0.000000 0.000008 0.000004 0.000005 0.000418 0.000010 0.000007 0.000000 0.000013 0.488768 0.000003 0.000344 0.000001 0.000000 0.000329 0.000319 0.000170 0.000002 0.000011 0.000021 0.000005 0.000009 0.000092 0.000003 0.000299 0.000013 0.000012
0.699036 0.000350 0.017214 0.002186 0.001299 0.000254 0.000080 0.000060 0.000049 0.001237 0.000146 0.000050 0.000045 0.002582 0.250443 0.000026 0.006154 0.000063 0.000104 0.000559 0.001058 0.005585 0.000022 0.000241 0.004303 0.000058 0.000049 0.000646 0.000058 0.003313 0.002503 0.000229
0.673188 0.000208 0.001115 0.000910 0.012126 0.000047 0.000384 0.000200 0.000212 0.009749 0.001250 0.000171 0.000019 0.000846 0.230611 0.000242 0.005012 0.000158 0.000168 0.012669 0.009521 0.018200 0.000146 0.000507 0.001562 0.000280 0.000177 0.003077 0.000307 0.012222 0.004131 0.000582
0.776687 0.000000 0.000001 0.000000 0.000003 0.000000 0.000000 0.000000 0.000000 0.000011 0.000000 0.000000 0.000000 0.000000 0.223213 0.000000 0.000008 0.000000 0.000000 0.000049 0.000018 0.000003 0.000000 0.000000 0.000000 0.000000 0.000000 0.000000 0.000000 0.000006 0.000000 0.000000
0.773055 0.000081 0.020340 0.000098 0.000545 0.000005 0.000040 0.000042 0.000040 0.000230 0.000086 0.000086 0.000007 0.000530 0.198803 0.000014 0.003547 0.000008 0.000012 0.000256 0.000408 0.000306 0.000052 0.000126 0.000576 0.000025 0.000034 0.000172 0.000012 0.000286 0.000107 0.000073
0.815046 0.000001 0.000074 0.000006 0.000177 0.000000 0.000006 0.000003 0.000006 0.000293 0.000008 0.000006 0.000000 0.000009 0.183063 0.000002 0.000178 0.000000 0.000000 0.000605 0.000147 0.000081 0.000002 0.000011 0.000029 0.000007 0.000006 0.000105 0.000003 0.000109 0.000011 0.000008
0.825017 0.000003 0.000523 0.000053 0.000066 0.000001 0.000006 0.000003 0.000007 0.000115 0.000021 0.000005 0.000000 0.000035 0.172143 0.000001 0.000399 0.000001 0.000001 0.000847 0.000178 0.000154 0.000002 0.000019 0.000060 0.000002 0.000002 0.000021 0.000001 0.000276 0.000026 0.000011
0.824694 0.000063 0.002835 0.000123 0.000222 0.000010 0.000051 0.000048 0.000032 0.000380 0.000074 0.000061 0.000003 0.000405 0.165169 0.000018 0.002313 0.000006 0.000009 0.001234 0.000137 0.000307 0.000024 0.000136 0.000799 0.000039 0.000025 0.000297 0.000016 0.000296 0.000112 0.000062
0.472145 0.001279 0.005250 0.003587 0.039560 0.001187 0.002743 0.001503 0.002508 0.013225 0.005827 0.001363 0.000400 0.006383 0.102340 0.000612 0.054310 0.001760 0.001362 0.016442 0.011916 0.077363 0.000819 0.004153 0.006137 0.004519 0.003732 0.013138 0.002814 0.095242 0.041858 0.004525
0.451708 0.001064 0.164818 0.002231 0.003521 0.000587 0.000846 0.000951 0.001438 0.003117 0.001841 0.000704 0.001246 0.007595 0.105504 0.000426 0.147900 0.000655 0.000881 0.007943 0.025017 0.024124 0.000740 0.001670 0.010395 0.001005 0.002027 0.002805 0.000836 0.015679 0.007801 0.002925
0.346614 0.003263 0.004526 0.001060 0.036414 0.000666 0.005003 0.001672 0.003473 0.077403 0.000621 0.001629 0.000033 0.002067 0.099390 0.010390 0.137529 0.000257 0.004663 0.041924 0.029527 0.088298 0.000597 0.028252 0.001368 0.000437 0.000379 0.015613 0.001042 0.047490 0.002748 0.005652
0.351766 0.006840 0.000073 0.001277 0.000416 0.000276 0.011493 0.001264 0.007066 0.376392 0.001092 0.000461 0.000066 0.001138 0.000721 0.008374 0.000419 0.139864 0.002286 0.039456 0.001531 0.031576 0.003536 0.001714 0.000551 0.001271 0.000172 0.001660 0.000518 0.002332 0.001828 0.002571
0.177572 0.004546 0.006385 0.013254 0.019360 0.029964 0.010145 0.006993 0.006919 0.053253 0.033326 0.005041 0.006851 0.007697 0.039217 0.005370 0.020241 0.006561 0.015993 0.163877 0.033777 0.092508 0.004591 0.012712 0.011793 0.011256 0.006572 0.035849 0.021564 0.054850 0.069201 0.012757
0.370634 0.002666 0.002843 0.019073 0.019023 0.020628 0.004823 0.002715 0.007520 0.042191 0.008708 0.001838 0.004307 0.004042 0.037231 0.002859 0.013558 0.004198 0.013698 0.158360 0.023350 0.109701 0.001610 0.004820 0.010673 0.004674 0.002943 0.024274 0.004268 0.036251 0.027386 0.009135
0.694167 0.000190 0.000113 0.002153 0.001539 0.002083 0.001311 0.000824 0.000430 0.060429 0.002898 0.000466 0.000043 0.000239 0.001832 0.000811 0.000856 0.004269 0.001820 0.150806 0.005390 0.041080 0.004738 0.003202 0.000360 0.000643 0.000808 0.005959 0.000620 0.004303 0.004327 0.001291
0.442387 0.003310 0.004355 0.020028 0.016791 0.013546 0.006331 0.003466 0.006009 0.027070 0.011245 0.002647 0.005361 0.006726 0.021378 0.001805 0.009245 0.008752 0.005816 0.150594 0.016207 0.091690 0.002585 0.009160 0.007236 0.004658 0.001836 0.013432 0.007753 0.029087 0.040691 0.008801
0.160083 0.003101 0.005099 0.012652 0.025533 0.017775 0.006490 0.004273 0.010034 0.093249 0.011762 0.003454 0.002002 0.005760 0.021291 0.004997 0.014289 0.010040 0.049182 0.144106 0.017610 0.205651 0.009989 0.012875 0.005163 0.005896 0.001886 0.029142 0.007558 0.037865 0.042295 0.018899
0.386959 0.002483 0.004433 0.024385 0.023199 0.024433 0.004957 0.003064 0.005666 0.032685 0.011009 0.001950 0.005238 0.005081 0.036554 0.002335 0.014657 0.005446 0.010017 0.140041 0.023612 0.094500 0.001775 0.004928 0.009137 0.005938 0.002582 0.019303 0.006210 0.038085 0.041886 0.007451
0.247634 0.004432 0.007845 0.020419 0.029961 0.042785 0.013383 0.007258 0.005130 0.037205 0.024774 0.004030 0.008626 0.009503 0.029886 0.003908 0.015061 0.012757 0.014630 0.139411 0.018668 0.061336 0.005472 0.011968 0.012491 0.018820 0.003609 0.023648 0.018990 0.030657 0.105558 0.010143
0.479109 0.002166 0.000916 0.002977 0.002829 0.001810 0.001646 0.001252 0.026556 0.049212 0.005067 0.000986 0.000520 0.001429 0.004972 0.001015 0.003035 0.003182 0.003479 0.134261 0.006385 0.197364 0.000946 0.003749 0.002050 0.000567 0.000877 0.011933 0.001125 0.016898 0.026474 0.005215
0.552714 0.000659 0.000261 0.002474 0.000720 0.000429 0.002922 0.001149 0.005634 0.208873 0.000774 0.000442 0.000067 0.000481 0.008108 0.004410 0.002041 0.005730 0.001234 0.131023 0.006577 0.036915 0.000591 0.001775 0.001093 0.000819 0.000408 0.004470 0.000758 0.008288 0.003259 0.004901
0.358829 0.004499 0.004545 0.011774 0.009485 0.021742 0.005335 0.005356 0.011479 0.036643 0.024202 0.003667 0.008499 0.006516 0.015908 0.003161 0.011446 0.006069 0.012745 0.129543 0.017625 0.138135 0.002165 0.010609 0.009940 0.005480 0.004919 0.023038 0.007414 0.034896 0.041848 0.012487
0.361590 0.004809 0.015372 0.013525 0.020720 0.019811 0.007848 0.005153 0.005884 0.033692 0.024138 0.004379 0.006271 0.008766 0.040722 0.002758 0.017117 0.004901 0.005147 0.127542 0.015984 0.081254 0.005550 0.028182 0.007077 0.005777 0.004721 0.025939 0.018084 0.037781 0.028589 0.010918
0.703660 0.000555 0.000360 0.001535 0.000679 0.000779 0.000718 0.000397 0.000686 0.002816 0.003426 0.000442 0.000613 0.000290 0.004596 0.000157 0.002516 0.002573 0.000428 0.127131 0.013368 0.080927 0.000809 0.000823 0.001285 0.002539 0.010446 0.012753 0.002024 0.007031 0.009495 0.004143
0.414895 0.003044 0.000887 0.001703 0.000573 0.000627 0.004222 0.002889 0.035309 0.101765 0.010994 0.002580 0.000265 0.001420 0.003769 0.006379 0.002518 0.007566 0.004943 0.125139 0.007041 0.220122 0.000844 0.006334 0.001902 0.000870 0.001951 0.010065 0.000987 0.007909 0.003496 0.006992
0.690380 0.000130 0.000037 0.001503 0.000511 0.002511 0.000870 0.000461 0.000157 0.098279 0.001801 0.000267 0.000048 0.000159 0.001562 0.000437 0.000652 0.005552 0.000931 0.117049 0.004333 0.051483 0.005222 0.003610 0.000241 0.000651 0.000268 0.003276 0.000541 0.003910 0.002313 0.000853
0.764423 0.000150 0.000091 0.001497 0.000395 0.000269 0.000215 0.000125 0.000296 0.002162 0.002033 0.000154 0.000112 0.000118 0.005882 0.000058 0.002225 0.000482 0.000302 0.110844 0.009904 0.065449 0.000287 0.000363 0.000702 0.001376 0.003089 0.007123 0.000507 0.008262 0.008518 0.002587
0.546631 0.000841 0.000498 0.005433 0.002316 0.002730 0.001004 0.000600 0.003345 0.014180 0.002047 0.000614 0.000724 0.001859 0.002819 0.000513 0.003523 0.002152 0.000721 0.110316 0.003870 0.233730 0.000812 0.008010 0.000856 0.000467 0.000662 0.014494 0.000912 0.019764 0.010211 0.003347
0.645105 0.000183 0.000390 0.001241 0.000898 0.000346 0.000296 0.000186 0.000444 0.003466 0.003174 0.000203 0.000112 0.000385 0.008099 0.000088 0.003383 0.000737 0.000403 0.110207 0.015920 0.175539 0.000827 0.000403 0.001135 0.000952 0.001460 0.002920 0.000692 0.009588 0.009798 0.001421
0.777520 0.000172 0.000074 0.001861 0.001053 0.001823 0.001033 0.000536 0.000290 0.043297 0.002347 0.000295 0.000025 0.000169 0.001190 0.000574 0.000538 0.003630 0.001157 0.109995 0.003797 0.030377 0.002907 0.002207 0.000230 0.000394 0.000596 0.004669 0.000360 0.002744 0.003268 0.000874
0.568934 0.001266 0.000517 0.000855 0.000177 0.000553 0.001650 0.001155 0.011122 0.120524 0.004888 0.000733 0.000077 0.000597 0.003109 0.002407 0.000976 0.004438 0.001371 0.107862 0.004036 0.144087 0.000396 0.002429 0.001260 0.000345 0.000842 0.004885 0.000404 0.003409 0.001751 0.002944
0.711925 0.000291 0.000075 0.002558 0.001043 0.002654 0.001534 0.000647 0.000282 0.086481 0.002126 0.000358 0.000036 0.000263 0.001799 0.000829 0.000724 0.007065 0.001142 0.106973 0.004945 0.042172 0.006357 0.003805 0.000258 0.000510 0.000389 0.004422 0.000461 0.003749 0.003039 0.001090
0.798041 0.000228 0.000718 0.000701 0.000721 0.000393 0.000397 0.000493 0.002279 0.021677 0.002212 0.000305 0.000082 0.000197 0.001704 0.000644 0.001624 0.001055 0.000331 0.103849 0.006756 0.042868 0.000570 0.001360 0.000399 0.000421 0.000883 0.003526 0.000678 0.002502 0.001446 0.000941
0.590591 0.001566 0.002785 0.015914 0.008968 0.020091 0.002939 0.001742 0.008918 0.017677 0.006814 0.001295 0.006789 0.002753 0.016827 0.001612 0.010654 0.002910 0.010278 0.102605 0.014069 0.075850 0.000896 0.002489 0.008847 0.002649 0.002561 0.015577 0.002053 0.017918 0.017399 0.005962
0.645208 0.000360 0.000122 0.002913 0.001310 0.001582 0.001987 0.000710 0.000608 0.133642 0.001863 0.000333 0.000031 0.000326 0.001915 0.001113 0.000704 0.010437 0.001498 0.102499 0.005310 0.062311 0.005733 0.003612 0.000380 0.000567 0.000354 0.003579 0.000442 0.004100 0.002926 0.001526
0.257985 0.008163 0.005110 0.015370 0.014821 0.043635 0.009591 0.005927 0.007693 0.032643 0.033995 0.003205 0.014532 0.007536 0.023630 0.004998 0.018265 0.008210 0.021348 0.101395 0.035077 0.056714 0.002884 0.007564 0.016972 0.013809 0.008324 0.020967 0.016965 0.044331 0.128856 0.009484
0.323409 0.004281 0.001326 0.012751 0.001512 0.010033 0.002145 0.002874 0.011540 0.092944 0.003301 0.000895 0.002194 0.003961 0.007424 0.005002 0.004538 0.016708 0.003583 0.058741 0.007330 0.331886 0.001913 0.021013 0.002952 0.000578 0.001662 0.019833 0.001916 0.019175 0.005516 0.017063
0.628667 0.001937 0.001087 0.002072 0.001526 0.000444 0.000603 0.000166 0.001729 0.004100 0.001545 0.000231 0.000338 0.005399 0.001295 0.000183 0.001393 0.000952 0.000298 0.007315 0.001026 0.326053 0.001155 0.002412 0.001623 0.000219 0.000546 0.001351 0.000372 0.001791 0.001292 0.000880
0.546631 0.000841 0.000498 0.005433 0.002316 0.002730 0.001004 0.000600 0.003345 0.014180 0.002047 0.000614 0.000724 0.001859 0.002819 0.000513 0.003523 0.002152 0.000721 0.110316 0.003870 0.233730 0.000812 0.008010 0.000856 0.000467 0.000662 0.014494 0.000912 0.019764 0.010211 0.003347
0.414895 0.003044 0.000887 0.001703 0.000573 0.000627 0.004222 0.002889 0.035309 0.101765 0.010994 0.002580 0.000265 0.001420 0.003769 0.006379 0.002518 0.007566 0.004943 0.125139 0.007041 0.220122 0.000844 0.006334 0.001902 0.000870 0.001951 0.010065 0.000987 0.007909 0.003496 0.006992
0.676659 0.001632 0.000410 0.005514 0.000591 0.003997 0.000318 0.000588 0.002746 0.025189 0.002508 0.000253 0.000801 0.001209 0.001048 0.000483 0.001313 0.001558 0.000441 0.028006 0.001457 0.213330 0.000541 0.013747 0.000711 0.000088 0.000290 0.005116 0.000404 0.005044 0.001130 0.002876
0.160083 0.003101 0.005099 0.012652 0.025533 0.017775 0.006490 0.004273 0.010034 0.093249 0.011762 0.003454 0.002002 0.005760 0.021291 0.004997 0.014289 0.010040 0.049182 0.144106 0.017610 0.205651 0.009989 0.012875 0.005163 0.005896 0.001886 0.029142 0.007558 0.037865 0.042295 0.018899
0.591379 0.001808 0.000639 0.003511 0.000399 0.001595 0.001322 0.001390 0.020208 0.008337 0.030071 0.001514 0.000538 0.000914 0.002417 0.001126 0.002317 0.001286 0.001393 0.082727 0.005898 0.200883 0.000353 0.002367 0.001753 0.000747 0.005778 0.009283 0.000572 0.007910 0.006241 0.003324
0.479109 0.002166 0.000916 0.002977 0.002829 0.001810 0.001646 0.001252 0.026556 0.049212 0.005067 0.000986 0.000520 0.001429 0.004972 0.001015 0.003035 0.003182 0.003479 0.134261 0.006385 0.197364 0.000946 0.003749 0.002050 0.000567 0.000877 0.011933 0.001125 0.016898 0.026474 0.005215
0.523422 0.004927 0.001693 0.003721 0.000959 0.001630 0.004179 0.002914 0.044235 0.030688 0.026000 0.002699 0.000900 0.002922 0.004142 0.003215 0.003620 0.006611 0.003267 0.090246 0.009002 0.179992 0.000628 0.004644 0.004004 0.001632 0.004693 0.008878 0.001527 0.008852 0.008555 0.005602
0.740358 0.000051 0.000099 0.000496 0.000590 0.000066 0.000104 0.000082 0.000269 0.001188 0.001506 0.000060 0.000025 0.000140 0.004740 0.000023 0.001400 0.000306 0.000244 0.046380 0.008777 0.178995 0.000151 0.000173 0.000529 0.000358 0.000807 0.000902 0.000140 0.004392 0.005920 0.000728
0.561690 0.001753 0.001440 0.018317 0.003148 0.018520 0.001833 0.001665 0.005265 0.026910 0.009646 0.001441 0.003493 0.002432 0.005308 0.001600 0.006082 0.002842 0.007457 0.060214 0.007302 0.177336 0.000981 0.006034 0.002857 0.001213 0.001601 0.016693 0.001451 0.020054 0.014215 0.009207
0.645105 0.000183 0.000390 0.001241 0.000898 0.000346 0.000296 0.000186 0.000444 0.003466 0.003174 0.000203 0.000112 0.000385 0.008099 0.000088 0.003383 0.000737 0.000403 0.110207 0.015920 0.175539 0.000827 0.000403 0.001135 0.000952 0.001460 0.002920 0.000692 0.009588 0.009798 0.001421
0.507812 0.006409 0.001739 0.008244 0.005361 0.002228 0.003986 0.001567 0.032249 0.035303 0.002592 0.001332 0.001304 0.007425 0.007444 0.002084 0.011504 0.008058 0.011887 0.055425 0.006143 0.165488 0.002250 0.003772 0.016542 0.001190 0.001285 0.020388 0.000711 0.017790 0.038457 0.012031
0.344790 0.006235 0.002445 0.018828 0.004746 0.012951 0.007138 0.004518 0.025158 0.168928 0.002920 0.002127 0.001895 0.005595 0.010811 0.008970 0.005717 0.024844 0.009547 0.070241 0.007487 0.160498 0.002939 0.021665 0.004037 0.001254 0.001013 0.021754 0.001931 0.016633 0.008353 0.014031
0.679992 0.000754 0.000287 0.001293 0.000184 0.000291 0.000828 0.000787 0.011138 0.016432 0.010055 0.001469 0.000084 0.000234 0.001211 0.001191 0.001364 0.000714 0.000995 0.086283 0.003492 0.159727 0.000345 0.001988 0.000592 0.000311 0.002176 0.007661 0.000261 0.003862 0.001940 0.002061
0.568934 0.001266 0.000517 0.000855 0.000177 0.000553 0.001650 0.001155 0.011122 0.120524 0.004888 0.000733 0.000077 0.000597 0.003109 0.002407 0.000976 0.004438 0.001371 0.107862 0.004036 0.144087 0.000396 0.002429 0.001260 0.000345 0.000842 0.004885 0.000404 0.003409 0.001751 0.002944
0.705722 0.001107 0.000495 0.004488 0.000353 0.000941 0.001047 0.000965 0.019708 0.005356 0.017463 0.001673 0.000423 0.000526 0.001528 0.000607 0.001825 0.000827 0.001020 0.064393 0.003511 0.141275 0.000229 0.001760 0.001420 0.000580 0.003676 0.005807 0.000356 0.005459 0.003356 0.002103
0.557717 0.002896 0.004333 0.024599 0.007041 0.013773 0.003040 0.001991 0.004903 0.017645 0.008949 0.002085 0.003936 0.005026 0.009939 0.001321 0.007798 0.002865 0.002170 0.081413 0.007405 0.133503 0.002208 0.021969 0.002965 0.001460 0.002365 0.019097 0.003406 0.020139 0.013254 0.008791
0.805715 0.000051 0.000109 0.001191 0.000596 0.000123 0.000135 0.000058 0.000345 0.001336 0.000690 0.000048 0.000091 0.000196 0.001765 0.000035 0.001562 0.000533 0.000283 0.037927 0.004635 0.132125 0.000127 0.000156 0.000543 0.000412 0.000490 0.001000 0.000122 0.003211 0.003583 0.000806
0.648790 0.000609 0.001796 0.001552 0.000974 0.000709 0.001209 0.001598 0.013626 0.033740 0.010788 0.001659 0.000322 0.000860 0.003965 0.001296 0.003931 0.001909 0.001299 0.096717 0.009019 0.129654 0.000672 0.004282 0.001290 0.000824 0.003275 0.007986 0.001183 0.006211 0.004524 0.003731
0.311450 0.009929 0.000380 0.009469 0.001041 0.001455 0.016618 0.004866 0.018965 0.249360 0.002032 0.001986 0.000181 0.002343 0.003364 0.035576 0.003000 0.035407 0.005294 0.082452 0.005863 0.128744 0.006914 0.009037 0.001742 0.001220 0.000755 0.016230 0.001119 0.011849 0.007203 0.014156
0.548445 0.003329 0.005839 0.013828 0.010373 0.036325 0.002094 0.002346 0.006075 0.019697 0.036308 0.001805 0.009450 0.004573 0.011231 0.001865 0.006085 0.002192 0.007403 0.063669 0.007384 0.122349 0.001003 0.008135 0.005355 0.002281 0.005451 0.012695 0.005383 0.016591 0.013280 0.007162
0.765158 0.000023 0.000260 0.001159 0.001289 0.000161 0.000107 0.000050 0.001085 0.002294 0.000917 0.000037 0.000093 0.000190 0.004224 0.000026 0.001260 0.000511 0.000214 0.086331 0.003980 0.118158 0.000115 0.000196 0.000729 0.000387 0.000678 0.000981 0.000133 0.003918 0.004469 0.000864
0.592792 0.002903 0.000367 0.003543 0.002177 0.000839 0.003094 0.001205 0.034121 0.042471 0.004705 0.000704 0.000411 0.001591 0.005595 0.001325 0.002302 0.006268 0.003113 0.097755 0.005032 0.114028 0.000742 0.002451 0.002088 0.001139 0.001057 0.008154 0.001340 0.017201 0.034297 0.005193
0.656031 0.004827 0.000279 0.005649 0.000474 0.000294 0.005732 0.001416 0.094056 0.034371 0.005703 0.002173 0.000146 0.000874 0.001180 0.003422 0.001815 0.003854 0.006447 0.031699 0.002303 0.112952 0.000824 0.001416 0.001839 0.000811 0.000979 0.004657 0.000259 0.004747 0.004831 0.003942
0.862450 0.001481 0.000726 0.001303 0.000782 0.000362 0.000387 0.000092 0.001294 0.001767 0.000634 0.000108 0.000273 0.003066 0.000799 0.000080 0.000694 0.000476 0.000141 0.004215 0.000409 0.112230 0.000406 0.000667 0.001246 0.000171 0.000263 0.000990 0.000144 0.000842 0.001051 0.000452
0.370634 0.002666 0.002843 0.019073 0.019023 0.020628 0.004823 0.002715 0.007520 0.042191 0.008708 0.001838 0.004307 0.004042 0.037231 0.002859 0.013558 0.004198 0.013698 0.158360 0.023350 0.109701 0.001610 0.004820 0.010673 0.004674 0.002943 0.024274 0.004268 0.036251 0.027386 0.009135
0.719796 0.018093 0.000126 0.006622 0.000997 0.004229 0.009037 0.001453 0.021608 0.020983 0.003272 0.001397 0.000994 0.002138 0.000631 0.004176 0.001160 0.009979 0.002064 0.030793 0.002200 0.109264 0.003863 0.000976 0.000975 0.000881 0.000599 0.007194 0.000310 0.003702 0.007838 0.002648
0.738523 0.000074 0.000165 0.001225 0.000799 0.000166 0.000125 0.000085 0.000266 0.002283 0.001552 0.000075 0.000074 0.000148 0.011675 0.000054 0.003008 0.000329 0.000302 0.087950 0.012203 0.106292 0.000211 0.000267 0.000838 0.000933 0.002719 0.005144 0.000361 0.009862 0.010183 0.002109
0.687513 0.003168 0.001675 0.003201 0.001193 0.000787 0.001346 0.001431 0.047567 0.027343 0.015388 0.001813 0.001108 0.002062 0.003229 0.001233 0.002379 0.003630 0.002447 0.052540 0.003878 0.106234 0.000485 0.005086 0.002218 0.000538 0.001639 0.005423 0.000888 0.005965 0.002759 0.003834
0.834827 0.000284 0.000058 0.000867 0.000167 0.000173 0.000242 0.000170 0.000141 0.014785 0.000073 0.000815 0.000007 0.000075 0.001991 0.000789 0.001016 0.000063 0.000103 0.008222 0.000675 0.001177 0.000841 0.000585 0.000184 0.000060 0.000064 0.129930 0.000034 0.001082 0.000168 0.000334
0.257985 0.008163 0.005110 0.015370 0.014821 0.043635 0.009591 0.005927 0.007693 0.032643 0.033995 0.003205 0.014532 0.007536 0.023630 0.004998 0.018265 0.008210 0.021348 0.101395 0.035077 0.056714 0.002884 0.007564 0.016972 0.013809 0.008324 0.020967 0.016965 0.044331 0.128856 0.009484
0.661054 0.001406 0.000114 0.000425 0.000074 0.000330 0.003402 0.000403 0.005297 0.016767 0.000932 0.000230 0.000156 0.001924 0.000807 0.000438 0.030760 0.001747 0.000439 0.053870 0.044414 0.024522 0.000157 0.000764 0.001269 0.001313 0.000632 0.003608 0.000153 0.025109 0.115851 0.001634
0.585173 0.032533 0.001178 0.001620 0.003543 0.001589 0.052052 0.002876 0.061361 0.008115 0.016743 0.001778 0.000222 0.006546 0.001120 0.010554 0.015962 0.015199 0.002221 0.012654 0.008230 0.011646 0.001357 0.000842 0.002959 0.015773 0.004407 0.002747 0.000992 0.003343 0.112522 0.002143
0.247634 0.004432 0.007845 0.020419 0.029961 0.042785 0.013383 0.007258 0.005130 0.037205 0.024774 0.004030 0.008626 0.009503 0.029886 0.003908 0.015061 0.012757 0.014630 0.139411 0.018668 0.061336 0.005472 0.011968 0.012491 0.018820 0.003609 0.023648 0.018990 0.030657 0.105558 0.010143
