0.007835 0.000003 0.000001 0.990908 0.000027 0.001076 0.000001 0.000000 0.000001 0.000001 0.000005 0.000000 0.000071 0.000001 0.000002 0.000001 0.000003 0.000007 0.000004 0.000002 0.000006 0.000008 0.000001 0.000002 0.000003 0.000003 0.000003 0.000003 0.000001 0.000005 0.000013 0.000003
0.010300 0.000000 0.000000 0.989402 0.000005 0.000275 0.000000 0.000000 0.000000 0.000000 0.000002 0.000000 0.000004 0.000000 0.000001 0.000000 0.000000 0.000001 0.000000 0.000000 0.000000 0.000001 0.000000 0.000000 0.000000 0.000000 0.000000 0.000000 0.000000 0.000000 0.000002 0.000001
0.259509 0.000018 0.000003 0.739367 0.000091 0.000583 0.000007 0.000004 0.000033 0.000011 0.000024 0.000005 0.000049 0.000003 0.000036 0.000007 0.000025 0.000007 0.000003 0.000028 0.000009 0.000031 0.000008 0.000039 0.000007 0.000005 0.000011 0.000025 0.000002 0.000019 0.000012 0.000020
0.361117 0.000033 0.000015 0.631988 0.001826 0.003049 0.000018 0.000007 0.000046 0.000019 0.000662 0.000004 0.000181 0.000024 0.000041 0.000006 0.000042 0.000121 0.000014 0.000075 0.000029 0.000086 0.000021 0.000010 0.000041 0.000052 0.000051 0.000062 0.000021 0.000037 0.000271 0.000030
0.490702 0.000680 0.000301 0.345422 0.077580 0.005839 0.000744 0.000699 0.002359 0.006587 0.000659 0.001118 0.001266 0.000731 0.015385 0.000644 0.002210 0.000676 0.000884 0.006249 0.001163 0.008206 0.001235 0.006251 0.000865 0.000595 0.000803 0.010362 0.000318 0.004510 0.001537 0.003418
0.669508 0.000132 0.000005 0.317898 0.000707 0.008339 0.000024 0.000026 0.000356 0.000120 0.000709 0.000027 0.000258 0.000018 0.000244 0.000021 0.000067 0.000034 0.000018 0.000189 0.000031 0.000192 0.000038 0.000152 0.000051 0.000036 0.000174 0.000226 0.000016 0.000115 0.000172 0.000096
0.615114 0.000737 0.000279 0.307750 0.054344 0.007317 0.000148 0.000101 0.000210 0.000192 0.001564 0.000068 0.000273 0.000335 0.003752 0.000072 0.000595 0.000119 0.000090 0.000423 0.000240 0.000373 0.000084 0.000563 0.000550 0.000409 0.000479 0.000795 0.000173 0.000678 0.001682 0.000492
0.654549 0.008199 0.000196 0.249647 0.002447 0.033233 0.000837 0.000652 0.002266 0.001661 0.007607 0.000684 0.007766 0.001335 0.001721 0.000449 0.001727 0.001383 0.000686 0.002396 0.000881 0.005975 0.000775 0.003044 0.001241 0.000595 0.000789 0.002420 0.000369 0.002105 0.001238 0.001127
0.784111 0.000063 0.000023 0.192707 0.000234 0.012230 0.000044 0.000036 0.000125 0.000340 0.000171 0.000038 0.000411 0.000043 0.001225 0.000038 0.000273 0.000064 0.000077 0.001563 0.000264 0.002256 0.000038 0.000279 0.000100 0.000056 0.000160 0.001341 0.000036 0.000855 0.000414 0.000389
0.834968 0.000009 0.000004 0.161100 0.000636 0.002155 0.000007 0.000005 0.000054 0.000058 0.000017 0.000009 0.000019 0.000003 0.000272 0.000007 0.000023 0.000003 0.000006 0.000143 0.000006 0.000090 0.000007 0.000207 0.000006 0.000004 0.000013 0.000079 0.000002 0.000033 0.000013 0.000037
0.823280 0.000148 0.000030 0.150978 0.011165 0.004676 0.000093 0.000064 0.000227 0.000621 0.000694 0.000165 0.000159 0.000046 0.001277 0.000037 0.000341 0.000047 0.000062 0.001331 0.000139 0.000748 0.000083 0.000953 0.000109 0.000159 0.000138 0.000927 0.000042 0.000386 0.000531 0.000342
0.853577 0.000063 0.000010 0.137627 0.000333 0.003703 0.000031 0.000024 0.000294 0.000177 0.000469 0.000033 0.000110 0.000026 0.000698 0.000021 0.000150 0.000031 0.000020 0.000554 0.000059 0.000487 0.000021 0.000198 0.000072 0.000038 0.000178 0.000262 0.000016 0.000257 0.000337 0.000125
0.859377 0.000003 0.000003 0.137061 0.000337 0.002075 0.000003 0.000004 0.000022 0.000026 0.000017 0.000006 0.000042 0.000002 0.000166 0.000003 0.000023 0.000003 0.000003 0.000296 0.000009 0.000082 0.000004 0.000250 0.000005 0.000003 0.000010 0.000070 0.000002 0.000049 0.000012 0.000031
0.762964 0.000594 0.000242 0.136805 0.000969 0.008580 0.000713 0.000551 0.000870 0.005576 0.000651 0.000658 0.000796 0.000307 0.007681 0.001081 0.001716 0.001011 0.000834 0.020745 0.002792 0.010315 0.001872 0.003222 0.000778 0.000757 0.002254 0.012226 0.000988 0.005922 0.001883 0.003646
0.638295 0.001431 0.000482 0.125174 0.002839 0.020884 0.002109 0.001508 0.002651 0.008553 0.003123 0.001552 0.002000 0.000705 0.010625 0.002444 0.003520 0.003099 0.002883 0.033738 0.005915 0.019298 0.003999 0.003747 0.002214 0.004772 0.020025 0.036296 0.003161 0.010330 0.010953 0.011676
0.861220 0.000447 0.000009 0.125139 0.001596 0.006410 0.000017 0.000010 0.000143 0.000030 0.003905 0.000008 0.000030 0.000019 0.000060 0.000011 0.000019 0.000015 0.000007 0.000079 0.000012 0.000035 0.000015 0.000024 0.000036 0.000079 0.000222 0.000130 0.000018 0.000021 0.000183 0.000051
0.784705 0.003527 0.000891 0.104586 0.017233 0.017349 0.001089 0.000849 0.005186 0.001391 0.003421 0.000458 0.004441 0.001976 0.000797 0.000372 0.003129 0.005560 0.001631 0.002438 0.001079 0.012654 0.002292 0.001516 0.001892 0.000865 0.000858 0.003415 0.000444 0.004535 0.007924 0.001499
0.877620 0.000029 0.000023 0.100514 0.000358 0.001772 0.000055 0.000067 0.000112 0.000355 0.000358 0.000045 0.000565 0.000052 0.000263 0.000161 0.000855 0.000315 0.000075 0.003457 0.000846 0.003292 0.000118 0.000164 0.000065 0.000156 0.002895 0.002472 0.000130 0.001567 0.000806 0.000438
0.296125 0.000082 0.000062 0.060507 0.630636 0.000267 0.000122 0.000077 0.000381 0.000284 0.000470 0.000048 0.000052 0.000095 0.003954 0.000041 0.001025 0.000117 0.000164 0.000236 0.000302 0.000571 0.000102 0.000332 0.000097 0.000128 0.000192 0.000626 0.000048 0.001180 0.001354 0.000323
0.518720 0.000329 0.000293 0.152675 0.274713 0.003905 0.000346 0.000254 0.000533 0.000504 0.001605 0.000160 0.000203 0.000292 0.019588 0.000152 0.003661 0.000361 0.000289 0.001117 0.001480 0.001764 0.000185 0.000655 0.000600 0.000729 0.001097 0.001420 0.000320 0.003415 0.007550 0.001087
0.003217 0.000009 0.000006 0.001388 0.000006 0.985920 0.000000 0.000000 0.000002 0.000001 0.000088 0.000000 0.009334 0.000001 0.000000 0.000000 0.000000 0.000003 0.000001 0.000001 0.000001 0.000002 0.000000 0.000001 0.000004 0.000001 0.000006 0.000001 0.000001 0.000000 0.000003 0.000001
0.717914 0.019805 0.000258 0.016393 0.001300 0.140211 0.003757 0.001323 0.007670 0.003720 0.008876 0.000867 0.001841 0.000995 0.000406 0.002244 0.002092 0.003939 0.001134 0.005605 0.002293 0.015444 0.003765 0.001012 0.002136 0.001575 0.003100 0.017235 0.000558 0.002883 0.007604 0.002047
0.753348 0.000856 0.000070 0.068919 0.000357 0.132866 0.000287 0.000144 0.000356 0.000778 0.001603 0.000082 0.017751 0.000223 0.000377 0.000376 0.000655 0.000576 0.000834 0.001949 0.001531 0.005585 0.000369 0.000601 0.000904 0.000259 0.001278 0.001778 0.000283 0.001697 0.002471 0.000839
0.368215 0.006717 0.000727 0.001818 0.005032 0.000259 0.028911 0.003512 0.020258 0.275257 0.000868 0.005952 0.000012 0.000861 0.009477 0.031049 0.020729 0.000713 0.005135 0.068947 0.011119 0.067566 0.007509 0.005239 0.002516 0.000860 0.000415 0.014239 0.000295 0.027453 0.002040 0.006296
0.584658 0.000923 0.000150 0.000491 0.000324 0.000048 0.006678 0.000735 0.002792 0.186993 0.000099 0.000690 0.000002 0.000363 0.003948 0.047776 0.007625 0.000560 0.000977 0.064855 0.008638 0.043912 0.001187 0.001536 0.000522 0.000295 0.000173 0.015767 0.000060 0.013822 0.001058 0.002341
0.422468 0.005508 0.000015 0.004064 0.004030 0.009484 0.000141 0.000117 0.001849 0.000196 0.527185 0.000068 0.000287 0.000058 0.000121 0.000131 0.000079 0.000111 0.000063 0.001125 0.000178 0.000509 0.000285 0.000229 0.000212 0.000748 0.014502 0.000475 0.001081 0.000199 0.004143 0.000339
0.575891 0.016654 0.000163 0.001958 0.013646 0.002869 0.001506 0.001116 0.007405 0.004962 0.261696 0.000765 0.000827 0.000545 0.002299 0.001150 0.002142 0.000743 0.000949 0.027179 0.004765 0.011977 0.003997 0.002980 0.001521 0.001920 0.017763 0.002435 0.005704 0.003207 0.017050 0.002214
0.509410 0.004187 0.002097 0.057794 0.005022 0.012069 0.016328 0.005282 0.006181 0.015020 0.004556 0.115602 0.001669 0.002531 0.003960 0.001530 0.010335 0.007486 0.003726 0.062979 0.008296 0.042888 0.003333 0.015612 0.005090 0.004811 0.001749 0.016476 0.001069 0.011819 0.030363 0.010730
0.130173 0.000091 0.000003 0.001663 0.000003 0.728274 0.000001 0.000001 0.000028 0.000002 0.001702 0.000001 0.137967 0.000002 0.000001 0.000001 0.000001 0.000010 0.000002 0.000006 0.000002 0.000007 0.000002 0.000002 0.000008 0.000001 0.000026 0.000003 0.000003 0.000001 0.000006 0.000004
0.724612 0.000003 0.000006 0.000196 0.000002 0.000037 0.000011 0.000005 0.000015 0.000216 0.000010 0.000004 0.000006 0.000010 0.001244 0.000004 0.000736 0.000005 0.000008 0.263746 0.000693 0.005896 0.000006 0.000023 0.000190 0.000005 0.000014 0.000084 0.000003 0.001851 0.000292 0.000068
0.693054 0.000071 0.000127 0.001007 0.000100 0.000425 0.000108 0.000050 0.000135 0.002927 0.000201 0.000043 0.000144 0.000216 0.007692 0.000097 0.008905 0.000097 0.000206 0.186887 0.008263 0.060180 0.000079 0.000280 0.001491 0.000072 0.000240 0.002001 0.000078 0.017559 0.006499 0.000767
0.482582 0.003028 0.002984 0.004206 0.008237 0.007470 0.007981 0.001732 0.003955 0.014206 0.012140 0.001799 0.000773 0.003028 0.006992 0.001665 0.003615 0.014430 0.002760 0.155722 0.021587 0.057975 0.001174 0.002570 0.002161 0.011478 0.002742 0.012281 0.006017 0.014677 0.125418 0.002617
0.202092 0.006195 0.003836 0.084144 0.022437 0.045614 0.011942 0.005809 0.008385 0.027414 0.024774 0.007379 0.005250 0.009394 0.016864 0.005287 0.014580 0.011508 0.011279 0.123010 0.026506 0.130449 0.007431 0.015631 0.010001 0.007096 0.004399 0.027348 0.006610 0.033136 0.067486 0.016714
0.712793 0.000272 0.000328 0.001575 0.000746 0.005287 0.000799 0.000532 0.000623 0.016963 0.002430 0.000202 0.000190 0.000661 0.002689 0.000208 0.001641 0.008234 0.000540 0.115798 0.004223 0.059248 0.000536 0.000850 0.000608 0.000819 0.000437 0.007482 0.000915 0.007487 0.043529 0.001356
0.419790 0.005819 0.001545 0.031744 0.007992 0.029013 0.007863 0.004199 0.005055 0.020979 0.016936 0.003170 0.001328 0.004763 0.011490 0.007662 0.011222 0.012124 0.004824 0.114978 0.029860 0.093681 0.006909 0.009889 0.005367 0.007300 0.009675 0.018934 0.011307 0.036110 0.037729 0.010744
0.677037 0.000714 0.000656 0.007966 0.003511 0.031624 0.001373 0.001701 0.002909 0.015856 0.006550 0.000972 0.001212 0.001043 0.004432 0.000881 0.002688 0.003581 0.002267 0.109984 0.007809 0.062243 0.001038 0.003742 0.001040 0.000835 0.001307 0.007564 0.001697 0.011587 0.021380 0.002802
0.292958 0.010995 0.000984 0.003678 0.011667 0.001183 0.023464 0.005310 0.032083 0.187462 0.002434 0.005420 0.000194 0.002771 0.015301 0.013661 0.026943 0.001536 0.010257 0.109897 0.018688 0.105870 0.008253 0.006951 0.009721 0.003012 0.001434 0.028000 0.000984 0.041349 0.007645 0.009895
0.741753 0.000292 0.000156 0.003200 0.000514 0.000808 0.000403 0.000170 0.000902 0.001774 0.000582 0.000192 0.000295 0.000762 0.002690 0.000118 0.002293 0.001519 0.000385 0.020285 0.002034 0.201565 0.000128 0.000419 0.002102 0.000473 0.000780 0.002043 0.000225 0.003017 0.006894 0.001227
0.714724 0.000513 0.000613 0.006199 0.001053 0.003837 0.000357 0.000638 0.001356 0.008301 0.009823 0.000350 0.000688 0.000874 0.005248 0.000562 0.003328 0.000984 0.000744 0.045178 0.008273 0.138812 0.000247 0.002466 0.001847 0.000499 0.005921 0.013108 0.000757 0.010273 0.008863 0.003563
0.202092 0.006195 0.003836 0.084144 0.022437 0.045614 0.011942 0.005809 0.008385 0.027414 0.024774 0.007379 0.005250 0.009394 0.016864 0.005287 0.014580 0.011508 0.011279 0.123010 0.026506 0.130449 0.007431 0.015631 0.010001 0.007096 0.004399 0.027348 0.006610 0.033136 0.067486 0.016714
0.287456 0.013016 0.000928 0.003694 0.010915 0.001202 0.023259 0.004850 0.037530 0.186735 0.002173 0.004656 0.000259 0.003389 0.014578 0.012028 0.023545 0.001748 0.011686 0.102485 0.017442 0.118692 0.007261 0.005933 0.012364 0.003350 0.001243 0.027563 0.000906 0.040672 0.008325 0.010115
0.464438 0.003256 0.001588 0.078681 0.009028 0.032288 0.010435 0.002718 0.008410 0.026796 0.013236 0.004474 0.002692 0.007167 0.005336 0.003793 0.008026 0.012464 0.020150 0.065928 0.011261 0.104130 0.003847 0.014206 0.003507 0.001784 0.001283 0.010702 0.001486 0.020616 0.033952 0.012321
0.292440 0.000466 0.000001 0.000114 0.000189 0.000003 0.000306 0.000068 0.000057 0.001424 0.000008 0.000452 0.000002 0.000013 0.000011 0.000440 0.000028 0.000250 0.000084 0.000104 0.000013 0.000121 0.701499 0.000050 0.000005 0.000040 0.000028 0.001625 0.000049 0.000023 0.000014 0.000070
0.816380 0.003931 0.001963 0.002701 0.001127 0.000428 0.001627 0.000577 0.001862 0.016372 0.000260 0.000989 0.000053 0.002104 0.006816 0.006139 0.003371 0.000756 0.000916 0.002995 0.001361 0.001115 0.000446 0.001143 0.002348 0.001553 0.000244 0.114975 0.000277 0.001911 0.001763 0.001496
0.398996 0.006464 0.003017 0.005721 0.008966 0.004929 0.016312 0.003490 0.015180 0.012417 0.008857 0.003572 0.000789 0.006716 0.003052 0.011177 0.016634 0.027939 0.004581 0.028355 0.018569 0.030702 0.001095 0.003580 0.002475 0.033077 0.008020 0.016988 0.002959 0.013206 0.277063 0.005099
0.678511 0.000118 0.000056 0.000937 0.001180 0.011232 0.000108 0.000072 0.000336 0.000657 0.008358 0.000030 0.000326 0.000106 0.000583 0.000030 0.000892 0.000316 0.000118 0.034354 0.001162 0.046937 0.000081 0.000289 0.001098 0.001416 0.001411 0.002682 0.000732 0.002545 0.202416 0.000908
0.742409 0.001162 0.000330 0.001849 0.000913 0.001282 0.000895 0.000320 0.000598 0.003448 0.004877 0.000108 0.000196 0.001457 0.003615 0.000386 0.005735 0.004241 0.000559 0.007218 0.006859 0.030290 0.000096 0.000813 0.004933 0.002238 0.005887 0.001143 0.000871 0.006986 0.157302 0.000985
0.448738 0.008035 0.004757 0.009280 0.015678 0.013630 0.030364 0.004394 0.006471 0.016139 0.017912 0.003609 0.000918 0.006182 0.006492 0.007466 0.006875 0.038017 0.006718 0.072544 0.028057 0.032951 0.002655 0.006185 0.002896 0.026507 0.004836 0.014942 0.008095 0.015896 0.127973 0.004788
