chair 138 112 447 514 0.979684 0.017178
chair 273 42 501 342 0.596807 0.356102
chair 161 151 305 268 0.146439 0.803954
chair 105 38 114 50 0.124622 0.804124
chair 374 50 380 61 0.102871 0.883185
table 44 132 439 501 0.572269 0.144916
table 328 65 706 391 0.408541 0.124961
table 211 74 357 267 0.248319 0.582309
bookshelf 15 5 289 271 0.92858 0.066030
bookshelf 5 3 202 88 0.706569 0.286431
bookshelf 68 2 112 73 0.465483 0.524382
picture 188 5 251 84 0.174988 0.545093
picture 221 3 232 61 0.150542 0.632568
desk 208 55 696 467 0.92164 0.054228
desk 61 61 346 468 0.471558 0.458597
desk 209 65 376 275 0.132234 0.571898
pillow 181 242 210 259 0.282096 0.714090
pillow 192 241 245 263 0.171029 0.789993
pillow 167 200 291 272 0.155799 0.766959
pillow 631 72 651 85 0.137041 0.794255
paper 320 63 348 87 0.473205 0.349467
paper 527 62 546 66 0.409175 0.554057
paper 9 243 84 282 0.383573 0.578084
paper 323 62 334 69 0.364538 0.578192
paper 54 86 82 99 0.360981 0.632423
paper 697 49 729 63 0.358704 0.330274
paper 516 114 523 119 0.341642 0.616174
paper 48 86 142 131 0.306198 0.659870
paper 258 60 373 102 0.297784 0.534154
paper 336 60 368 85 0.297513 0.434367
paper 50 82 114 91 0.278825 0.711180
paper 8 247 32 255 0.260898 0.731025
paper 203 29 229 80 0.240675 0.610845
paper 315 36 368 88 0.231546 0.553367
paper 63 109 113 130 0.228746 0.670909
paper 203 19 225 45 0.216969 0.730958
paper 110 26 206 74 0.212452 0.574383
paper 94 183 105 207 0.207909 0.542925
paper 489 92 507 115 0.175611 0.814998
paper 323 34 346 69 0.168269 0.681126
paper 202 46 207 51 0.165381 0.805712
paper 284 73 324 95 0.159701 0.650392
paper 7 214 144 295 0.153162 0.657659
paper 19 225 99 251 0.151661 0.584542
paper 78 173 96 208 0.143771 0.674246
paper 8 250 12 253 0.143557 0.850275
paper 92 171 97 179 0.143312 0.764789
paper 314 64 323 74 0.13923 0.757610
paper 87 176 93 181 0.133378 0.792569
paper 81 95 113 105 0.1323 0.740208
paper 654 103 657 105 0.132197 0.747418
paper 104 184 109 187 0.132021 0.620769
paper 106 165 111 166 0.124396 0.658441
paper 212 42 220 59 0.123492 0.840429
paper 221 0 232 58 0.121615 0.632568
paper 480 90 631 157 0.121177 0.856308
paper 583 76 670 147 0.118657 0.667795
paper 334 33 381 62 0.112473 0.643402
paper 200 56 209 62 0.111334 0.819016
paper 104 186 108 191 0.104977 0.630333
paper 92 167 121 188 0.104026 0.714233
box 57 169 106 208 0.463423 0.430480
box 56 202 97 230 0.199961 0.756701
box 697 48 728 64 0.186951 0.330274
box 201 10 233 80 0.106643 0.574398
box 319 60 378 88 0.10233 0.435597
box 55 151 167 220 0.100241 0.746142
lamp 10 310 58 319 0.222676 0.704198
lamp 112 22 172 75 0.174259 0.505762
lamp 11 315 35 319 0.135562 0.733134
