0.004182 0.995385 0.000000 0.000000 0.000000 0.000001 0.000011 0.000001 0.000005 0.000001 0.000254 0.000001 0.000000 0.000070 0.000000 0.000001 0.000000 0.000006 0.000003 0.000000 0.000000 0.000002 0.000001 0.000000 0.000038 0.000002 0.000017 0.000000 0.000004 0.000000 0.000013 0.000000
0.193787 0.710555 0.000015 0.000016 0.000019 0.000049 0.000230 0.000064 0.000627 0.000382 0.017262 0.000066 0.000445 0.010963 0.000071 0.000042 0.000074 0.000169 0.000385 0.000439 0.000150 0.001093 0.000018 0.000024 0.057616 0.000244 0.000966 0.000111 0.000091 0.000150 0.003762 0.000115
0.452627 0.245907 0.000030 0.000119 0.000202 0.007038 0.000037 0.000013 0.000509 0.000011 0.287892 0.000007 0.000674 0.000192 0.000001 0.000009 0.000003 0.000137 0.000017 0.000023 0.000010 0.000018 0.000021 0.000003 0.000086 0.000083 0.003492 0.000002 0.000506 0.000003 0.000323 0.000006
0.658378 0.206374 0.000083 0.000050 0.000023 0.000543 0.000860 0.000052 0.000666 0.000219 0.004432 0.000029 0.000380 0.008247 0.000092 0.000043 0.000277 0.004019 0.000408 0.001267 0.000480 0.010634 0.000018 0.000010 0.026068 0.002282 0.001112 0.000078 0.000225 0.000450 0.072100 0.000103
0.659402 0.165867 0.000122 0.002682 0.000723 0.000289 0.011257 0.001334 0.000610 0.004796 0.032301 0.003710 0.000331 0.008147 0.001132 0.001705 0.002306 0.001593 0.000425 0.025935 0.012048 0.005782 0.003559 0.001192 0.002859 0.005233 0.012608 0.004223 0.004904 0.008307 0.013646 0.000972
0.795506 0.000508 0.000207 0.131181 0.003736 0.005946 0.000296 0.000272 0.002747 0.002278 0.001480 0.000249 0.001882 0.000227 0.002386 0.000301 0.002324 0.000652 0.001579 0.007014 0.000988 0.019502 0.000329 0.003149 0.000820 0.000158 0.000537 0.003605 0.000171 0.004271 0.003135 0.002562
0.842658 0.003833 0.000016 0.003542 0.000301 0.116342 0.000053 0.000009 0.000073 0.000006 0.027328 0.000005 0.000152 0.000032 0.000001 0.000018 0.000005 0.002034 0.000028 0.000053 0.000028 0.000066 0.000117 0.000005 0.000020 0.000154 0.002048 0.000008 0.000552 0.000007 0.000492 0.000014
0.466084 0.011500 0.000338 0.002744 0.000522 0.002966 0.001541 0.000894 0.002986 0.326496 0.000902 0.001374 0.000829 0.006169 0.004229 0.003415 0.002755 0.006447 0.008153 0.011380 0.001983 0.031276 0.001595 0.005338 0.007325 0.000747 0.000362 0.070757 0.000474 0.010238 0.002369 0.005817
0.692867 0.001779 0.000203 0.000864 0.000274 0.003423 0.000368 0.000496 0.008402 0.182184 0.000782 0.000218 0.000334 0.001225 0.001812 0.001210 0.001007 0.008338 0.001152 0.022297 0.000694 0.047432 0.000246 0.001014 0.002523 0.000531 0.000540 0.009895 0.000214 0.004051 0.000802 0.002824
0.081963 0.002418 0.000320 0.005785 0.003297 0.004108 0.051918 0.014778 0.001782 0.157129 0.003597 0.060167 0.000187 0.000524 0.003568 0.018920 0.008219 0.008818 0.011358 0.091946 0.019697 0.044304 0.334171 0.009126 0.000908 0.004792 0.001555 0.014277 0.001930 0.020293 0.008810 0.009335
0.261936 0.053544 0.000148 0.000127 0.000435 0.000988 0.000284 0.000327 0.007380 0.001913 0.645502 0.000321 0.001861 0.001920 0.000218 0.000720 0.000316 0.000699 0.000894 0.002214 0.000451 0.001720 0.000563 0.000468 0.002646 0.000487 0.007425 0.000427 0.001200 0.000228 0.001685 0.000953
0.550308 0.003889 0.000001 0.000005 0.000015 0.000026 0.000004 0.000026 0.000238 0.000091 0.443017 0.000014 0.000022 0.000065 0.000010 0.000011 0.000027 0.000004 0.000062 0.000336 0.000017 0.000352 0.000004 0.000006 0.000640 0.000004 0.000617 0.000076 0.000006 0.000017 0.000053 0.000039
0.657404 0.024994 0.000089 0.000230 0.001298 0.000984 0.001307 0.001855 0.005428 0.006605 0.257563 0.000895 0.001695 0.001465 0.000504 0.001061 0.001265 0.000525 0.002966 0.010193 0.002255 0.005859 0.000650 0.000839 0.002128 0.000395 0.003024 0.000504 0.001465 0.001396 0.002237 0.000922
0.759119 0.030932 0.000014 0.000068 0.000178 0.000049 0.000129 0.000601 0.000527 0.002558 0.190480 0.000589 0.000036 0.000582 0.000349 0.000296 0.000435 0.000044 0.000652 0.003641 0.000297 0.001245 0.000308 0.000125 0.002913 0.000068 0.000925 0.001803 0.000207 0.000268 0.000254 0.000306
0.762386 0.013057 0.000221 0.001116 0.002705 0.003738 0.001965 0.002221 0.007333 0.005101 0.154590 0.001704 0.002594 0.001011 0.000314 0.000590 0.001329 0.000919 0.004246 0.010084 0.001886 0.008413 0.000927 0.001062 0.001132 0.000376 0.002295 0.000789 0.000711 0.001638 0.002333 0.001219
0.863199 0.001768 0.000003 0.000028 0.000104 0.000007 0.000041 0.000092 0.000096 0.000575 0.117506 0.000033 0.000020 0.000041 0.000205 0.000116 0.000161 0.000032 0.000095 0.005945 0.001985 0.001148 0.000052 0.000041 0.000507 0.000074 0.004241 0.000099 0.000699 0.000524 0.000469 0.000094
0.774432 0.045957 0.000190 0.000612 0.001083 0.004955 0.000962 0.000928 0.003747 0.004813 0.114559 0.000499 0.002297 0.001455 0.000570 0.001050 0.000561 0.000813 0.005699 0.011102 0.001705 0.004873 0.000575 0.000517 0.003620 0.001009 0.002339 0.000712 0.002893 0.001346 0.003210 0.000916
0.250307 0.002793 0.000166 0.000729 0.001808 0.000595 0.071652 0.014862 0.001138 0.116118 0.001620 0.158108 0.000039 0.000298 0.001163 0.019601 0.006547 0.014666 0.015755 0.032822 0.008528 0.025236 0.202388 0.004622 0.000422 0.004308 0.000726 0.018374 0.001110 0.008077 0.006927 0.008493
0.742140 0.000115 0.000644 0.000728 0.002194 0.000041 0.000143 0.000048 0.000073 0.002639 0.000696 0.000070 0.000002 0.000414 0.154169 0.000060 0.025432 0.000101 0.000052 0.003976 0.021514 0.025096 0.000017 0.000047 0.000233 0.000087 0.000051 0.000552 0.000139 0.015568 0.002619 0.000341
0.753735 0.000154 0.001198 0.000521 0.004360 0.000066 0.000777 0.000259 0.000428 0.011323 0.000838 0.000747 0.000009 0.000527 0.123021 0.000333 0.008878 0.000110 0.000163 0.041764 0.015317 0.017893 0.000167 0.000371 0.000581 0.000177 0.000143 0.004425 0.000350 0.007389 0.003326 0.000649
0.773322 0.000294 0.001886 0.000955 0.005444 0.000134 0.000568 0.000171 0.000354 0.005050 0.001529 0.000358 0.000011 0.000774 0.122298 0.000267 0.014463 0.000195 0.000199 0.013653 0.016555 0.022040 0.000119 0.000225 0.000628 0.000292 0.000171 0.002411 0.000465 0.009958 0.004377 0.000838
0.388933 0.012442 0.000088 0.006101 0.003370 0.013063 0.013894 0.001026 0.004703 0.012627 0.003630 0.000412 0.000595 0.003809 0.000374 0.005676 0.001666 0.305043 0.040707 0.004939 0.006637 0.021999 0.001733 0.001281 0.002800 0.010553 0.003036 0.002073 0.001357 0.009817 0.108181 0.007438
0.376637 0.137965 0.012232 0.000278 0.010142 0.013956 0.014076 0.003135 0.047350 0.005690 0.195765 0.004640 0.002939 0.009874 0.000165 0.007094 0.000723 0.107128 0.005467 0.001426 0.000530 0.004242 0.005927 0.003221 0.001210 0.007595 0.007253 0.001047 0.006584 0.000257 0.003268 0.002184
0.454676 0.000185 0.000097 0.017934 0.000891 0.008200 0.000240 0.000178 0.000381 0.002760 0.003800 0.000072 0.000152 0.000198 0.002036 0.000264 0.000669 0.001319 0.000123 0.397588 0.004655 0.083463 0.000558 0.000405 0.000680 0.000722 0.000750 0.003755 0.001717 0.005931 0.004977 0.000623
0.495526 0.000060 0.000025 0.007930 0.000393 0.002730 0.000080 0.000076 0.000175 0.001786 0.001622 0.000029 0.000051 0.000060 0.001391 0.000112 0.000421 0.000440 0.000040 0.394098 0.002806 0.078190 0.000209 0.000207 0.000249 0.000246 0.000343 0.002779 0.000671 0.004062 0.002884 0.000311
0.404112 0.000313 0.000136 0.043599 0.001132 0.014999 0.000454 0.000247 0.000544 0.002808 0.004668 0.000101 0.000233 0.000362 0.002105 0.000465 0.000876 0.002254 0.000224 0.382168 0.006715 0.102458 0.000796 0.000575 0.001189 0.001328 0.001054 0.004682 0.002448 0.008603 0.007385 0.000969
0.257535 0.002043 0.000659 0.035724 0.006349 0.015122 0.002733 0.002197 0.003063 0.016561 0.011620 0.001039 0.001101 0.001761 0.010466 0.003700 0.004725 0.006219 0.001635 0.360227 0.018981 0.129600 0.008842 0.004528 0.003954 0.006239 0.005292 0.025046 0.008793 0.020432 0.017937 0.005879
0.506573 0.000385 0.000103 0.018917 0.001178 0.007764 0.000442 0.000327 0.000657 0.003551 0.009688 0.000134 0.000208 0.000210 0.002955 0.000418 0.000562 0.001015 0.000166 0.349730 0.003831 0.069058 0.000746 0.000888 0.000778 0.001094 0.000882 0.005547 0.001726 0.004520 0.004922 0.001025
0.378359 0.002085 0.000540 0.034455 0.005064 0.015061 0.001764 0.001504 0.002760 0.011075 0.016398 0.000658 0.000847 0.001228 0.007500 0.001892 0.002375 0.005058 0.000874 0.335435 0.010670 0.093541 0.003269 0.002744 0.002490 0.004261 0.002661 0.012816 0.006780 0.013009 0.019555 0.003269
0.509398 0.000577 0.000207 0.014451 0.000849 0.007422 0.001007 0.000614 0.000725 0.006154 0.005406 0.000283 0.000398 0.000415 0.004052 0.001337 0.001391 0.002001 0.000327 0.335410 0.008624 0.060589 0.001614 0.001422 0.001509 0.003056 0.003390 0.009348 0.003738 0.008038 0.004257 0.001989
0.360460 0.001457 0.000379 0.025597 0.003696 0.016364 0.002038 0.001164 0.002156 0.010912 0.022421 0.000549 0.000705 0.000991 0.006773 0.001206 0.002193 0.003246 0.001119 0.327641 0.009711 0.128854 0.003753 0.002084 0.002691 0.003485 0.002256 0.012635 0.006253 0.012014 0.021668 0.003531
0.459956 0.000870 0.000466 0.023632 0.002170 0.010013 0.001367 0.000876 0.000932 0.008435 0.006430 0.000458 0.000459 0.000890 0.006607 0.001940 0.002394 0.003264 0.000667 0.316402 0.014024 0.078768 0.003050 0.002145 0.002233 0.003701 0.004136 0.011971 0.006735 0.015408 0.006439 0.003162
0.467185 0.001135 0.000327 0.024055 0.001429 0.009979 0.001783 0.001007 0.001314 0.008099 0.007917 0.000474 0.000560 0.000791 0.005589 0.002028 0.002171 0.003201 0.000637 0.310282 0.011832 0.079264 0.002387 0.002519 0.002497 0.005140 0.003802 0.012368 0.005595 0.013558 0.008183 0.002892
0.535434 0.000293 0.000190 0.026273 0.002013 0.013216 0.000397 0.000451 0.000708 0.005399 0.006157 0.000197 0.000427 0.000405 0.005197 0.000532 0.001078 0.001684 0.000330 0.299975 0.006017 0.064073 0.001814 0.001057 0.001032 0.000888 0.001487 0.005600 0.002885 0.007676 0.005507 0.001608
0.493786 0.000934 0.000460 0.023740 0.001922 0.009971 0.001908 0.001024 0.001122 0.009365 0.005116 0.000585 0.000565 0.000799 0.007414 0.002592 0.002532 0.003282 0.000657 0.294680 0.012469 0.066041 0.002552 0.002306 0.002414 0.005231 0.005337 0.013059 0.006630 0.011347 0.007003 0.003161
0.485705 0.001066 0.000359 0.026332 0.001543 0.010279 0.001701 0.000989 0.001324 0.007047 0.009419 0.000417 0.000517 0.000810 0.005797 0.001945 0.002259 0.003069 0.000574 0.288610 0.012158 0.077841 0.002103 0.002322 0.002646 0.005668 0.004520 0.010776 0.006072 0.012502 0.010757 0.002875
0.331018 0.002944 0.001077 0.056276 0.004933 0.021105 0.004512 0.002384 0.003442 0.014427 0.015217 0.001406 0.001842 0.002425 0.010253 0.004140 0.004145 0.006772 0.002048 0.280690 0.017017 0.107413 0.006556 0.005756 0.006209 0.009400 0.006699 0.018204 0.010488 0.018145 0.017189 0.005869
0.489084 0.001428 0.000529 0.027092 0.001489 0.016498 0.001983 0.001031 0.001510 0.007983 0.013852 0.000520 0.001012 0.001143 0.005272 0.001881 0.002377 0.003701 0.000660 0.276189 0.011297 0.071860 0.002579 0.002481 0.003188 0.005866 0.006075 0.009985 0.006981 0.011350 0.010114 0.002991
0.178693 0.003992 0.001496 0.053723 0.007924 0.022239 0.007026 0.003804 0.004772 0.020560 0.012964 0.002118 0.001858 0.003725 0.013269 0.008071 0.008547 0.011055 0.003642 0.275713 0.027588 0.154141 0.011061 0.007847 0.007889 0.015187 0.009177 0.031264 0.015537 0.028591 0.035687 0.010841
0.548305 0.000746 0.000309 0.027026 0.002643 0.017070 0.000718 0.000542 0.001192 0.005458 0.014584 0.000225 0.000499 0.000523 0.003800 0.000573 0.000763 0.001899 0.000373 0.274008 0.004135 0.063769 0.000968 0.001384 0.001097 0.001576 0.001052 0.005517 0.003439 0.005584 0.008550 0.001672
0.535250 0.001095 0.000293 0.018475 0.004450 0.013706 0.000892 0.001123 0.002255 0.009158 0.017077 0.000479 0.000517 0.000626 0.005213 0.001110 0.001682 0.002750 0.000696 0.261548 0.007580 0.061433 0.002702 0.001748 0.001098 0.002025 0.002398 0.007513 0.006744 0.009176 0.017156 0.002033
0.684427 0.000048 0.000011 0.007184 0.000099 0.003181 0.000057 0.000030 0.000095 0.000577 0.002194 0.000011 0.000022 0.000018 0.000383 0.000052 0.000107 0.000186 0.000011 0.261143 0.001040 0.034463 0.000057 0.000104 0.000137 0.000245 0.000261 0.001373 0.000351 0.001107 0.000917 0.000108
0.608558 0.000180 0.000141 0.023788 0.001212 0.011630 0.000264 0.000292 0.000426 0.003584 0.004193 0.000137 0.000361 0.000258 0.004040 0.000372 0.000687 0.001188 0.000221 0.259100 0.004400 0.054727 0.000941 0.000793 0.000816 0.000545 0.001201 0.003984 0.002018 0.005486 0.003244 0.001212
0.606929 0.000245 0.000134 0.024302 0.000654 0.018076 0.000411 0.000268 0.000350 0.003323 0.004559 0.000119 0.000563 0.000280 0.002865 0.000489 0.000647 0.001739 0.000188 0.257321 0.005599 0.049708 0.001093 0.000633 0.001075 0.001085 0.001689 0.004890 0.002052 0.004576 0.002809 0.001325
0.197945 0.004925 0.001733 0.063241 0.008269 0.028845 0.006456 0.003860 0.005537 0.019553 0.031944 0.002266 0.003297 0.004607 0.013795 0.004979 0.006860 0.009221 0.004654 0.249451 0.024534 0.149567 0.012243 0.007905 0.009201 0.010307 0.008158 0.020543 0.015052 0.022689 0.038003 0.010360
0.411959 0.001983 0.001219 0.038887 0.004035 0.017843 0.004190 0.002007 0.002156 0.018297 0.009051 0.001284 0.001329 0.002204 0.013793 0.005012 0.005072 0.006615 0.001884 0.246768 0.019026 0.087565 0.005537 0.004965 0.004706 0.007153 0.008288 0.015056 0.011845 0.019958 0.014605 0.005708
0.447307 0.002086 0.001096 0.050578 0.004106 0.033190 0.003779 0.001620 0.002330 0.011516 0.011510 0.001010 0.001739 0.002256 0.008313 0.002897 0.003394 0.006263 0.001908 0.232633 0.013427 0.075682 0.004065 0.004904 0.004906 0.006659 0.004356 0.012534 0.009441 0.018761 0.011616 0.004121
0.661221 0.000413 0.000082 0.018664 0.000613 0.006266 0.000616 0.000339 0.000512 0.003078 0.006349 0.000134 0.000165 0.000201 0.002205 0.000645 0.000627 0.001214 0.000130 0.230960 0.004057 0.039579 0.000922 0.000811 0.000761 0.002098 0.001540 0.005227 0.002033 0.003903 0.003614 0.001024
0.603067 0.000638 0.000390 0.031823 0.001684 0.010074 0.001113 0.000528 0.000515 0.006295 0.003541 0.000319 0.000363 0.000680 0.005612 0.001234 0.001821 0.002700 0.000503 0.222708 0.009370 0.055929 0.002269 0.001385 0.001886 0.002465 0.002348 0.007157 0.003691 0.011769 0.004004 0.002119
0.557002 0.001182 0.000578 0.042755 0.002926 0.027538 0.001511 0.000591 0.001673 0.005012 0.008171 0.000308 0.000424 0.000677 0.002455 0.000820 0.001149 0.004600 0.000411 0.218056 0.005385 0.076235 0.000704 0.001386 0.001120 0.003716 0.001274 0.006032 0.004418 0.007107 0.013593 0.001193
0.658103 0.000211 0.000124 0.023730 0.000730 0.012239 0.000567 0.000261 0.000305 0.004373 0.002999 0.000146 0.000406 0.000286 0.003277 0.000562 0.000848 0.001798 0.000204 0.209109 0.006361 0.051174 0.001177 0.000713 0.001148 0.001207 0.001590 0.005135 0.001852 0.005228 0.002655 0.001480
0.728367 0.000230 0.000039 0.012955 0.000474 0.005512 0.000222 0.000165 0.000387 0.001457 0.007510 0.000052 0.000082 0.000085 0.001171 0.000191 0.000294 0.000483 0.000061 0.199134 0.001728 0.027272 0.000225 0.000419 0.000367 0.000891 0.000674 0.002716 0.000978 0.002155 0.003259 0.000445
0.664189 0.000434 0.000313 0.030897 0.001522 0.013126 0.001208 0.000526 0.000502 0.007428 0.003637 0.000330 0.000549 0.000580 0.005039 0.000993 0.001571 0.002735 0.000452 0.173200 0.007761 0.050940 0.002490 0.001438 0.002018 0.001826 0.001958 0.006632 0.002581 0.007448 0.003403 0.002276
0.216417 0.006250 0.003872 0.072361 0.010620 0.048123 0.010669 0.004920 0.006697 0.025009 0.016056 0.003598 0.004696 0.008584 0.016982 0.008935 0.011104 0.015112 0.007271 0.172003 0.026970 0.115577 0.011335 0.014855 0.011324 0.015405 0.010289 0.024913 0.019238 0.037232 0.031814 0.011770
0.526693 0.001084 0.000789 0.036306 0.005865 0.012416 0.002515 0.002858 0.006353 0.041917 0.007392 0.004023 0.004561 0.001422 0.009426 0.002275 0.005189 0.003636 0.003290 0.170184 0.011713 0.031377 0.021379 0.011363 0.001906 0.004092 0.004664 0.035570 0.001712 0.012348 0.003787 0.011896
0.612061 0.000517 0.000216 0.003679 0.000711 0.000559 0.001432 0.000709 0.000368 0.070549 0.000776 0.003656 0.000209 0.000656 0.012122 0.000693 0.003608 0.001757 0.000461 0.161058 0.008729 0.040134 0.014415 0.003808 0.001654 0.001262 0.000483 0.036069 0.000808 0.011554 0.002886 0.002399
0.186896 0.006400 0.005587 0.085754 0.024573 0.042445 0.012134 0.005937 0.007210 0.028597 0.014754 0.004657 0.003732 0.008558 0.022195 0.012087 0.016405 0.015060 0.009625 0.156659 0.030077 0.101454 0.013115 0.016883 0.012580 0.012637 0.008063 0.023027 0.015536 0.044088 0.039112 0.014163
0.588548 0.000837 0.000509 0.006916 0.003736 0.009857 0.001018 0.001110 0.001273 0.015586 0.007451 0.000621 0.000635 0.000757 0.006093 0.001201 0.003437 0.001859 0.002245 0.145646 0.024825 0.082973 0.001001 0.002579 0.001228 0.001127 0.005791 0.005770 0.003766 0.030651 0.038323 0.002629
0.521980 0.001210 0.000244 0.005478 0.010381 0.002511 0.002047 0.001339 0.002357 0.034293 0.024010 0.002169 0.000351 0.000719 0.014026 0.002616 0.015898 0.001336 0.001920 0.144903 0.033148 0.050468 0.000657 0.011282 0.001181 0.002179 0.023409 0.030055 0.005037 0.034755 0.011903 0.006139
0.759305 0.000387 0.000067 0.004889 0.001849 0.008418 0.000215 0.000300 0.000626 0.003722 0.012153 0.000113 0.000209 0.000150 0.001504 0.000291 0.000761 0.000883 0.000188 0.139100 0.004638 0.032461 0.000699 0.000367 0.000361 0.000716 0.002324 0.001818 0.005318 0.003464 0.012060 0.000642
0.467957 0.001257 0.000471 0.007033 0.023852 0.002874 0.002062 0.002056 0.003176 0.038203 0.035959 0.002706 0.000872 0.000982 0.017900 0.002449 0.020946 0.001578 0.002585 0.134379 0.037194 0.044298 0.001617 0.025335 0.001284 0.002400 0.026563 0.029142 0.007338 0.036199 0.010802 0.008532
0.831890 0.000065 0.000011 0.007794 0.000153 0.005864 0.000074 0.000058 0.000113 0.000876 0.003198 0.000024 0.000081 0.000034 0.000719 0.000123 0.000142 0.000321 0.000036 0.123556 0.001492 0.017276 0.000192 0.000173 0.000160 0.000282 0.000476 0.001582 0.000572 0.001353 0.001030 0.000282
0.723356 0.000680 0.000364 0.000762 0.001449 0.001006 0.001655 0.001087 0.003779 0.013135 0.003048 0.000948 0.000106 0.000424 0.001882 0.001077 0.001668 0.001495 0.001164 0.121541 0.017510 0.045837 0.000606 0.001282 0.000496 0.000733 0.004130 0.003212 0.001116 0.015145 0.028003 0.001304
0.833653 0.000002 0.000013 0.000046 0.000005 0.000006 0.000005 0.000003 0.000015 0.000280 0.000011 0.000003 0.000006 0.000020 0.003333 0.000002 0.001304 0.000015 0.000007 0.115003 0.001454 0.038785 0.000004 0.000036 0.000243 0.000006 0.000008 0.000123 0.000003 0.004996 0.000489 0.000121
0.872693 0.000011 0.000001 0.002785 0.000019 0.001307 0.000010 0.000006 0.000021 0.000129 0.001297 0.000002 0.000004 0.000003 0.000112 0.000010 0.000026 0.000037 0.000002 0.111332 0.000263 0.008727 0.000008 0.000024 0.000027 0.000053 0.000081 0.000245 0.000096 0.000320 0.000320 0.000028
0.178693 0.003992 0.001496 0.053723 0.007924 0.022239 0.007026 0.003804 0.004772 0.020560 0.012964 0.002118 0.001858 0.003725 0.013269 0.008071 0.008547 0.011055 0.003642 0.275713 0.027588 0.154141 0.011061 0.007847 0.007889 0.015187 0.009177 0.031264 0.015537 0.028591 0.035687 0.010841
0.197945 0.004925 0.001733 0.063241 0.008269 0.028845 0.006456 0.003860 0.005537 0.019553 0.031944 0.002266 0.003297 0.004607 0.013795 0.004979 0.006860 0.009221 0.004654 0.249451 0.024534 0.149567 0.012243 0.007905 0.009201 0.010307 0.008158 0.020543 0.015052 0.022689 0.038003 0.010360
0.692223 0.000408 0.000133 0.009995 0.001196 0.011050 0.000290 0.000219 0.001247 0.001774 0.001160 0.000316 0.000937 0.000300 0.001756 0.000100 0.001910 0.000517 0.000765 0.065309 0.002006 0.134605 0.000167 0.001113 0.001830 0.001646 0.001724 0.026622 0.000261 0.006198 0.025455 0.006768
0.257535 0.002043 0.000659 0.035724 0.006349 0.015122 0.002733 0.002197 0.003063 0.016561 0.011620 0.001039 0.001101 0.001761 0.010466 0.003700 0.004725 0.006219 0.001635 0.360227 0.018981 0.129600 0.008842 0.004528 0.003954 0.006239 0.005292 0.025046 0.008793 0.020432 0.017937 0.005879
0.360460 0.001457 0.000379 0.025597 0.003696 0.016364 0.002038 0.001164 0.002156 0.010912 0.022421 0.000549 0.000705 0.000991 0.006773 0.001206 0.002193 0.003246 0.001119 0.327641 0.009711 0.128854 0.003753 0.002084 0.002691 0.003485 0.002256 0.012635 0.006253 0.012014 0.021668 0.003531
0.216417 0.006250 0.003872 0.072361 0.010620 0.048123 0.010669 0.004920 0.006697 0.025009 0.016056 0.003598 0.004696 0.008584 0.016982 0.008935 0.011104 0.015112 0.007271 0.172003 0.026970 0.115577 0.011335 0.014855 0.011324 0.015405 0.010289 0.024913 0.019238 0.037232 0.031814 0.011770
0.690851 0.000537 0.001111 0.005793 0.002003 0.005422 0.000797 0.001183 0.004856 0.009845 0.002714 0.000642 0.002071 0.001062 0.004966 0.000338 0.003750 0.003265 0.003132 0.076079 0.009061 0.109834 0.001037 0.002714 0.003657 0.002602 0.003913 0.008170 0.001271 0.017478 0.014392 0.005454
0.307354 0.001282 0.000450 0.027231 0.004493 0.012439 0.001850 0.001532 0.001933 0.014079 0.009680 0.000720 0.000820 0.001250 0.008898 0.002529 0.003516 0.004353 0.001221 0.388486 0.015522 0.108455 0.007014 0.003387 0.002985 0.004110 0.004072 0.019222 0.007188 0.017664 0.011802 0.004462
0.331018 0.002944 0.001077 0.056276 0.004933 0.021105 0.004512 0.002384 0.003442 0.014427 0.015217 0.001406 0.001842 0.002425 0.010253 0.004140 0.004145 0.006772 0.002048 0.280690 0.017017 0.107413 0.006556 0.005756 0.006209 0.009400 0.006699 0.018204 0.010488 0.018145 0.017189 0.005869
0.404112 0.000313 0.000136 0.043599 0.001132 0.014999 0.000454 0.000247 0.000544 0.002808 0.004668 0.000101 0.000233 0.000362 0.002105 0.000465 0.000876 0.002254 0.000224 0.382168 0.006715 0.102458 0.000796 0.000575 0.001189 0.001328 0.001054 0.004682 0.002448 0.008603 0.007385 0.000969
0.186896 0.006400 0.005587 0.085754 0.024573 0.042445 0.012134 0.005937 0.007210 0.028597 0.014754 0.004657 0.003732 0.008558 0.022195 0.012087 0.016405 0.015060 0.009625 0.156659 0.030077 0.101454 0.013115 0.016883 0.012580 0.012637 0.008063 0.023027 0.015536 0.044088 0.039112 0.014163
0.081963 0.002418 0.000320 0.005785 0.003297 0.004108 0.051918 0.014778 0.001782 0.157129 0.003597 0.060167 0.000187 0.000524 0.003568 0.018920 0.008219 0.008818 0.011358 0.091946 0.019697 0.044304 0.334171 0.009126 0.000908 0.004792 0.001555 0.014277 0.001930 0.020293 0.008810 0.009335
0.364878 0.010683 0.001880 0.028898 0.023672 0.010324 0.032597 0.002115 0.005336 0.003247 0.006606 0.001763 0.000275 0.003256 0.002069 0.020937 0.014730 0.026620 0.009660 0.004540 0.031208 0.009733 0.000911 0.003310 0.002043 0.141473 0.027186 0.006410 0.006824 0.011142 0.181127 0.004548
0.693654 0.006773 0.000069 0.001631 0.000217 0.000454 0.010981 0.000170 0.000592 0.000345 0.000254 0.000094 0.000026 0.001020 0.000027 0.000776 0.000492 0.099504 0.003148 0.000746 0.001275 0.006488 0.000128 0.000045 0.000254 0.119721 0.001105 0.000366 0.000207 0.000504 0.048367 0.000564
0.681324 0.002824 0.000037 0.001040 0.000173 0.000197 0.000508 0.000205 0.000764 0.020135 0.000028 0.001050 0.000028 0.000481 0.000781 0.002064 0.001088 0.001020 0.001875 0.000621 0.000159 0.002015 0.000126 0.001297 0.000988 0.000198 0.000048 0.273811 0.000022 0.001894 0.000587 0.002613
0.667339 0.001158 0.000247 0.003676 0.000403 0.006381 0.000633 0.000447 0.001741 0.017124 0.000458 0.000475 0.001057 0.000919 0.002917 0.003152 0.005433 0.002433 0.002931 0.011659 0.004258 0.012514 0.000530 0.001259 0.001531 0.000709 0.001637 0.233188 0.000431 0.008130 0.002750 0.002480
0.653090 0.002815 0.000199 0.005461 0.000337 0.002251 0.001127 0.000533 0.001290 0.079320 0.000266 0.001626 0.000243 0.001417 0.003427 0.002888 0.003255 0.001382 0.002683 0.004343 0.000966 0.005148 0.000780 0.004251 0.002134 0.000480 0.000193 0.207659 0.000153 0.005693 0.002119 0.002470
0.729633 0.000189 0.000075 0.001037 0.000097 0.000493 0.000376 0.000277 0.000928 0.028877 0.000057 0.000293 0.000069 0.000182 0.002342 0.003612 0.003763 0.000755 0.000777 0.014038 0.001364 0.006002 0.000230 0.000661 0.000399 0.000255 0.000231 0.197838 0.000064 0.003512 0.000454 0.001119
0.742308 0.000221 0.000049 0.004356 0.000798 0.000215 0.000927 0.000405 0.000960 0.022505 0.000097 0.000621 0.000026 0.000121 0.003006 0.006827 0.008017 0.000776 0.000652 0.015996 0.004027 0.004079 0.000615 0.001039 0.000262 0.000401 0.000483 0.170991 0.000135 0.006423 0.001152 0.001510
0.695546 0.002013 0.000287 0.003116 0.000813 0.006674 0.001133 0.000192 0.000285 0.001581 0.000655 0.000335 0.000153 0.000554 0.001945 0.000322 0.003539 0.007463 0.000910 0.008404 0.003754 0.020797 0.000781 0.000459 0.005231 0.007600 0.003756 0.158631 0.000289 0.003635 0.057691 0.001455
0.829309 0.000267 0.000023 0.000711 0.000124 0.000069 0.000351 0.000127 0.000516 0.012263 0.000021 0.000278 0.000013 0.000092 0.000717 0.003220 0.001582 0.000742 0.000265 0.004295 0.000490 0.001425 0.000206 0.000154 0.000180 0.000213 0.000108 0.140538 0.000038 0.000983 0.000189 0.000490
0.789737 0.002107 0.001302 0.005887 0.003653 0.002389 0.000737 0.000384 0.001797 0.017078 0.000480 0.000673 0.000094 0.001373 0.006623 0.003322 0.004829 0.000400 0.001160 0.002609 0.001121 0.002508 0.000111 0.003586 0.002626 0.000455 0.000392 0.133763 0.000110 0.003074 0.001946 0.003675
0.821494 0.000346 0.000125 0.000898 0.000103 0.004462 0.000419 0.000268 0.001504 0.012398 0.000168 0.000133 0.000452 0.000374 0.000829 0.001353 0.001978 0.005254 0.000946 0.013238 0.001065 0.011480 0.000369 0.000266 0.000721 0.000828 0.000671 0.113458 0.000107 0.002208 0.000883 0.001203
0.794049 0.000675 0.000098 0.000450 0.000319 0.001255 0.000730 0.000156 0.000196 0.003609 0.000241 0.000216 0.000093 0.000460 0.000813 0.000312 0.002717 0.006947 0.000732 0.011858 0.003852 0.014027 0.000406 0.000750 0.001457 0.002576 0.001284 0.104474 0.000237 0.003364 0.040800 0.000850
0.444535 0.006993 0.002340 0.014226 0.023268 0.005016 0.029181 0.001713 0.004296 0.003499 0.005478 0.001429 0.000132 0.002676 0.001731 0.016788 0.011675 0.020246 0.008014 0.004950 0.031556 0.006889 0.000520 0.002728 0.001618 0.107570 0.018502 0.004328 0.003881 0.010243 0.200108 0.003868
0.700019 0.000679 0.000365 0.000668 0.000440 0.000251 0.000267 0.000121 0.000197 0.001383 0.002165 0.000116 0.000016 0.000819 0.022185 0.000118 0.035296 0.000415 0.000464 0.012594 0.019267 0.032249 0.000050 0.000067 0.002539 0.001742 0.000506 0.002570 0.000308 0.015245 0.145652 0.001227
0.777339 0.004859 0.000646 0.002602 0.000868 0.009558 0.001489 0.000499 0.006644 0.001210 0.011975 0.000180 0.002447 0.002140 0.000542 0.000290 0.001559 0.006175 0.000632 0.009079 0.002673 0.011367 0.000168 0.000237 0.005114 0.003341 0.005148 0.000949 0.000449 0.001782 0.127191 0.000849
0.863077 0.000244 0.000021 0.000041 0.000014 0.000261 0.000634 0.000037 0.000300 0.000314 0.000468 0.000010 0.000010 0.000189 0.000029 0.000074 0.000115 0.003546 0.000079 0.003403 0.000751 0.002937 0.000004 0.000017 0.000133 0.000819 0.000276 0.000134 0.000018 0.000244 0.121718 0.000083
0.744820 0.001956 0.000607 0.001465 0.004421 0.016667 0.000677 0.000274 0.000573 0.001129 0.002055 0.000223 0.001167 0.000805 0.000968 0.000221 0.003097 0.011418 0.001791 0.006003 0.002337 0.022588 0.000425 0.000469 0.006973 0.006321 0.005337 0.032919 0.000639 0.002494 0.117248 0.001913
0.828157 0.004057 0.000202 0.000780 0.000062 0.003321 0.000993 0.000078 0.000501 0.000691 0.001024 0.000024 0.000087 0.002098 0.000087 0.000200 0.000354 0.020596 0.000743 0.001346 0.001407 0.007878 0.000013 0.000065 0.001258 0.005371 0.000817 0.000494 0.000087 0.000455 0.116447 0.000307
0.716838 0.009810 0.000056 0.000538 0.000085 0.000922 0.005123 0.000158 0.000321 0.000498 0.000506 0.000064 0.000069 0.002070 0.000057 0.000715 0.000787 0.049929 0.004111 0.001485 0.003549 0.013104 0.000068 0.000056 0.001086 0.068346 0.002462 0.000421 0.000399 0.001222 0.114582 0.000559
0.585271 0.040080 0.000500 0.002276 0.000969 0.004501 0.004646 0.000355 0.006974 0.003621 0.006842 0.000136 0.000941 0.010940 0.000163 0.000825 0.000558 0.157375 0.017218 0.001732 0.002640 0.014626 0.000128 0.000359 0.008531 0.005848 0.002824 0.000538 0.000543 0.002869 0.112696 0.002475
0.771377 0.007586 0.000047 0.003838 0.000294 0.029501 0.001626 0.000112 0.001213 0.000416 0.008215 0.000031 0.000932 0.001020 0.000041 0.000216 0.000170 0.047387 0.000904 0.000868 0.000621 0.005600 0.000051 0.000034 0.000945 0.003317 0.003573 0.000127 0.000291 0.000363 0.108943 0.000339
