cabinet 355 300 520 492 0.219328 0.205074
chair 24 269 206 442 0.855433 0.130147
chair 328 521 333 524 0.326417 0.429770
chair 518 373 729 524 0.259357 0.471267
chair 516 515 520 518 0.201106 0.721658
chair 109 276 207 358 0.197961 0.790872
chair 326 521 336 529 0.11611 0.333516
chair 368 307 554 523 0.110008 0.612881
chair 12 306 57 343 0.102174 0.862575
sofa 715 375 727 380 0.88224 0.028809
sofa 550 350 727 522 0.828746 0.021815
table 0 353 129 508 0.355887 0.564036
table 190 257 381 445 0.175375 0.694257
table 472 337 729 521 0.132359 0.264450
door 96 2 309 258 0.248899 0.461375
door 0 2 88 260 0.117914 0.384716
picture 5 173 87 250 0.147885 0.522769
picture 6 9 88 244 0.146162 0.384716
picture 450 5 458 109 0.123685 0.630645
desk 214 249 358 466 0.934221 0.019252
desk 345 295 583 432 0.210014 0.280959
desk 130 268 563 494 0.141857 0.779455
desk 311 186 398 305 0.10154 0.760577
dresser 371 299 568 429 0.107755 0.280959
pillow 569 250 697 354 0.216782 0.495174
mirror 449 2 459 113 0.17499 0.630645
clothes 449 503 467 524 0.329281 0.391654
clothes 433 489 467 529 0.316676 0.432687
clothes 300 264 371 317 0.217538 0.412629
clothes 446 484 505 529 0.178277 0.342542
clothes 607 363 727 521 0.159 0.059789
clothes 604 246 698 353 0.151212 0.387014
fridge 378 288 569 503 0.140571 0.273115
paper 2 354 67 402 0.841458 0.157352
paper 42 373 58 383 0.680179 0.311589
paper 42 378 50 383 0.600483 0.391884
paper 15 334 64 363 0.517508 0.474584
paper 1 378 24 401 0.399938 0.599300
paper 5 376 100 421 0.253137 0.738984
paper 12 385 16 391 0.219125 0.779924
paper 265 238 266 243 0.121321 0.631630
paper 724 257 729 258 0.118159 0.454161
towel 612 255 700 362 0.180098 0.446619
box 314 241 318 243 0.362383 0.503615
box 315 239 323 243 0.362383 0.503615
box 499 246 563 307 0.171158 0.680819
box 313 239 323 258 0.120454 0.833725
box 531 304 573 339 0.109181 0.711999
whiteboard 448 5 729 256 0.327692 0.468381
whiteboard 124 28 256 276 0.216729 0.639237
person 608 499 640 529 0.135576 0.707613
night_stand 368 299 567 407 0.355788 0.315239
lamp 573 233 721 378 0.346273 0.324318
lamp 724 256 729 259 0.115256 0.454161
bag 420 489 536 529 0.591981 0.248593
bag 430 505 466 529 0.378877 0.324391
bag 297 266 371 316 0.214268 0.412629
bag 484 519 500 529 0.194683 0.744310
bag 431 517 447 529 0.1805 0.696852
bag 484 512 501 522 0.1775 0.814516
bag 602 364 722 529 0.157984 0.059789
bag 469 414 547 528 0.145845 0.755715
bag 614 260 698 358 0.13582 0.446619
bag 444 513 452 520 0.106953 0.808149
garbage_bin 199 360 199 364 0.165608 0.645617
garbage_bin 375 298 532 482 0.132814 0.226498
garbage_bin 545 251 556 269 0.106139 0.770539
