0.842660 0.141615 0.000037 0.000027 0.000057 0.000092 0.002512 0.000135 0.002157 0.000833 0.001491 0.000428 0.000049 0.000716 0.000017 0.000469 0.000146 0.001505 0.000335 0.000162 0.000053 0.001995 0.001504 0.000043 0.000174 0.000052 0.000092 0.000164 0.000029 0.000088 0.000250 0.000112
0.370875 0.008623 0.027855 0.008174 0.242575 0.024578 0.003908 0.001686 0.003321 0.010883 0.023108 0.001124 0.018081 0.022890 0.015763 0.001274 0.004866 0.008156 0.010258 0.016345 0.009540 0.017531 0.001763 0.004384 0.012107 0.013085 0.011335 0.006009 0.030193 0.013914 0.052848 0.002950
0.339083 0.039143 0.000030 0.000098 0.000162 0.000032 0.114122 0.003832 0.001201 0.093870 0.000216 0.037292 0.000000 0.000319 0.000433 0.316565 0.006092 0.001393 0.002520 0.010178 0.003222 0.008149 0.003133 0.000670 0.000223 0.000296 0.000129 0.009053 0.000076 0.005256 0.001433 0.001776
0.487192 0.000100 0.000011 0.000199 0.000063 0.000182 0.000443 0.000420 0.002522 0.301034 0.000379 0.000104 0.000041 0.000104 0.000741 0.000265 0.000396 0.005593 0.000112 0.147363 0.001829 0.043532 0.000670 0.000707 0.000096 0.000455 0.000190 0.001530 0.000309 0.001889 0.000748 0.000781
0.476684 0.000110 0.000010 0.000135 0.000039 0.000143 0.000348 0.000254 0.002362 0.265000 0.000277 0.000085 0.000040 0.000150 0.000795 0.000183 0.000329 0.003720 0.000102 0.139113 0.001463 0.102464 0.000454 0.000584 0.000135 0.000303 0.000124 0.001267 0.000169 0.001999 0.000513 0.000646
0.506869 0.001162 0.000059 0.001510 0.000330 0.000170 0.002940 0.000695 0.001202 0.261753 0.000623 0.000536 0.000026 0.000676 0.006147 0.009984 0.004010 0.002943 0.001177 0.084050 0.009521 0.069087 0.001007 0.001083 0.000911 0.000703 0.000461 0.010559 0.000409 0.012343 0.004096 0.002957
0.278387 0.000189 0.000017 0.000093 0.000062 0.000072 0.000244 0.000259 0.000579 0.248855 0.000206 0.000180 0.000041 0.000260 0.001296 0.000086 0.000996 0.001739 0.000109 0.215473 0.001578 0.237407 0.002077 0.000405 0.000409 0.000198 0.000039 0.001731 0.000119 0.005172 0.001050 0.000675
0.593089 0.000074 0.000008 0.000221 0.000045 0.000125 0.000192 0.000172 0.001745 0.247454 0.000198 0.000053 0.000022 0.000090 0.000565 0.000202 0.000309 0.003317 0.000118 0.069032 0.000968 0.076903 0.000251 0.000770 0.000079 0.000120 0.000080 0.000647 0.000118 0.002175 0.000253 0.000602
0.365355 0.002952 0.001207 0.011309 0.009670 0.004212 0.012212 0.004862 0.003967 0.246320 0.003144 0.004486 0.000516 0.003363 0.010712 0.021921 0.009201 0.017673 0.044938 0.091520 0.009195 0.033749 0.003905 0.007514 0.003488 0.004710 0.001296 0.009874 0.002799 0.015671 0.025271 0.012986
0.683675 0.000182 0.000040 0.001267 0.000319 0.000337 0.000538 0.000449 0.000486 0.212456 0.000223 0.000271 0.000032 0.000162 0.001568 0.001821 0.001052 0.001691 0.009006 0.048982 0.001201 0.024796 0.000338 0.000733 0.000352 0.000148 0.000087 0.001649 0.000119 0.003327 0.000653 0.002037
0.708570 0.000008 0.000001 0.000034 0.000003 0.000014 0.000047 0.000040 0.000359 0.188108 0.000035 0.000010 0.000002 0.000009 0.000218 0.000043 0.000061 0.000904 0.000013 0.084604 0.000441 0.015258 0.000032 0.000085 0.000016 0.000034 0.000013 0.000308 0.000020 0.000512 0.000072 0.000125
0.677768 0.000207 0.000017 0.000101 0.000039 0.000065 0.000181 0.000118 0.000929 0.177820 0.000230 0.000096 0.000023 0.000222 0.002176 0.000099 0.000815 0.001022 0.000057 0.091038 0.001268 0.037898 0.000073 0.000296 0.000338 0.000081 0.000052 0.001488 0.000064 0.004508 0.000442 0.000466
0.418770 0.021402 0.000036 0.000407 0.000292 0.000105 0.061163 0.003834 0.002679 0.167252 0.000468 0.012958 0.000005 0.000833 0.001297 0.067174 0.006990 0.005259 0.005885 0.069603 0.011337 0.083829 0.005798 0.001659 0.000639 0.000887 0.000337 0.019903 0.000198 0.014892 0.007143 0.006965
0.200552 0.000183 0.000013 0.000217 0.000157 0.000087 0.000141 0.000161 0.000238 0.155126 0.000327 0.000117 0.000040 0.000138 0.001011 0.000106 0.000815 0.001425 0.000238 0.099517 0.001390 0.525050 0.003606 0.000618 0.000295 0.000078 0.000043 0.002444 0.000108 0.003696 0.000941 0.001122
0.629594 0.001941 0.000291 0.000186 0.000506 0.000108 0.012877 0.001860 0.002735 0.124076 0.000528 0.005902 0.000008 0.000485 0.004118 0.010896 0.032224 0.000442 0.001417 0.047221 0.038002 0.026823 0.001207 0.002004 0.000689 0.000869 0.000449 0.016022 0.000291 0.029628 0.004913 0.001689
0.443734 0.006768 0.000312 0.003291 0.005786 0.004747 0.002558 0.003759 0.014884 0.119055 0.036316 0.001188 0.002591 0.002802 0.003994 0.001511 0.004391 0.009140 0.002137 0.122099 0.005464 0.115652 0.022305 0.007548 0.002147 0.003632 0.004571 0.011370 0.004616 0.011452 0.013360 0.006822
0.522836 0.002320 0.000239 0.002456 0.001364 0.000539 0.008227 0.001300 0.004572 0.109402 0.001798 0.001194 0.000030 0.001282 0.005747 0.018431 0.008836 0.004669 0.003709 0.103611 0.028315 0.066643 0.001177 0.002922 0.001192 0.001978 0.001632 0.019103 0.000853 0.031443 0.037030 0.005153
0.744554 0.000485 0.000051 0.000137 0.000106 0.000022 0.009201 0.000982 0.000979 0.103592 0.000041 0.004075 0.000001 0.000084 0.001453 0.055976 0.005679 0.000215 0.001914 0.030703 0.004562 0.008628 0.000537 0.000739 0.000167 0.000177 0.000036 0.011783 0.000023 0.010795 0.000704 0.001599
0.566723 0.000615 0.000147 0.001384 0.000906 0.001304 0.001493 0.001140 0.000897 0.100712 0.001802 0.001073 0.000121 0.000535 0.004568 0.001304 0.003646 0.003435 0.001956 0.143473 0.012944 0.083820 0.009747 0.004162 0.000816 0.002163 0.000870 0.013354 0.001999 0.018094 0.012276 0.002521
0.619630 0.009437 0.000037 0.000139 0.000197 0.002898 0.000348 0.000509 0.016234 0.002866 0.320379 0.000520 0.000177 0.000093 0.000120 0.001010 0.000168 0.000271 0.000199 0.002855 0.000237 0.002002 0.003200 0.000302 0.000092 0.000553 0.012220 0.000780 0.001334 0.000141 0.000699 0.000356
0.717722 0.036766 0.000019 0.000610 0.000073 0.001809 0.000262 0.000484 0.001900 0.003193 0.209788 0.000454 0.000727 0.000263 0.000369 0.000731 0.000370 0.000361 0.000690 0.003340 0.001046 0.002339 0.002632 0.000477 0.000696 0.000533 0.006047 0.002516 0.001872 0.000767 0.000638 0.000505
0.339083 0.039143 0.000030 0.000098 0.000162 0.000032 0.114122 0.003832 0.001201 0.093870 0.000216 0.037292 0.000000 0.000319 0.000433 0.316565 0.006092 0.001393 0.002520 0.010178 0.003222 0.008149 0.003133 0.000670 0.000223 0.000296 0.000129 0.009053 0.000076 0.005256 0.001433 0.001776
0.344641 0.000024 0.000050 0.000091 0.000022 0.000047 0.000088 0.000066 0.000243 0.020594 0.000146 0.000037 0.000032 0.000164 0.007185 0.000085 0.002352 0.000193 0.000113 0.567870 0.005525 0.034331 0.000033 0.000230 0.000993 0.000064 0.000140 0.000850 0.000064 0.011867 0.001002 0.000859
0.514424 0.000094 0.000567 0.000710 0.000356 0.000316 0.000220 0.000194 0.000370 0.008788 0.000207 0.000165 0.000092 0.000533 0.021173 0.000404 0.029031 0.000184 0.000257 0.333385 0.016225 0.030922 0.000269 0.001154 0.001934 0.000153 0.000359 0.004581 0.000206 0.024874 0.006421 0.001430
0.533521 0.000050 0.000095 0.000200 0.000062 0.000055 0.000274 0.000141 0.000786 0.032656 0.000448 0.000131 0.000048 0.000185 0.009909 0.000280 0.003433 0.000359 0.000246 0.327178 0.016796 0.046923 0.000120 0.000379 0.000914 0.000159 0.000732 0.002352 0.000149 0.018132 0.001855 0.001435
0.644529 0.000037 0.000088 0.000179 0.000029 0.000074 0.000124 0.000059 0.000215 0.018630 0.000138 0.000040 0.000056 0.000241 0.008468 0.000104 0.003485 0.000276 0.000106 0.264355 0.006839 0.037114 0.000034 0.000210 0.001054 0.000083 0.000129 0.001008 0.000071 0.010199 0.001300 0.000724
0.626037 0.000089 0.000173 0.000492 0.000104 0.000250 0.000151 0.000065 0.000191 0.003373 0.000257 0.000057 0.000120 0.000332 0.011487 0.000121 0.010139 0.000136 0.000244 0.254494 0.010312 0.049493 0.000079 0.000296 0.002378 0.000115 0.000304 0.001887 0.000103 0.018739 0.007115 0.000865
0.278387 0.000189 0.000017 0.000093 0.000062 0.000072 0.000244 0.000259 0.000579 0.248855 0.000206 0.000180 0.000041 0.000260 0.001296 0.000086 0.000996 0.001739 0.000109 0.215473 0.001578 0.237407 0.002077 0.000405 0.000409 0.000198 0.000039 0.001731 0.000119 0.005172 0.001050 0.000675
0.404675 0.000545 0.000310 0.008709 0.002303 0.003238 0.000630 0.000470 0.002800 0.024912 0.005163 0.000412 0.000847 0.000965 0.008782 0.000520 0.008890 0.000881 0.001394 0.201400 0.010470 0.216462 0.000461 0.004298 0.001547 0.000451 0.001248 0.017926 0.000516 0.034612 0.029156 0.005005
0.475573 0.000045 0.000032 0.000005 0.000007 0.000079 0.000061 0.000038 0.000778 0.033675 0.000075 0.000012 0.000049 0.000243 0.000204 0.000020 0.000154 0.003024 0.000058 0.197205 0.000959 0.284623 0.000211 0.000079 0.000314 0.000029 0.000047 0.000172 0.000049 0.001259 0.000506 0.000416
0.399137 0.000436 0.000187 0.003398 0.001276 0.001474 0.000875 0.000509 0.001090 0.102192 0.001039 0.000488 0.000127 0.000662 0.006141 0.001244 0.003132 0.002193 0.003216 0.195413 0.005810 0.231581 0.000414 0.001465 0.000796 0.000526 0.000569 0.009053 0.000786 0.013708 0.007971 0.003093
0.542100 0.000516 0.000565 0.001680 0.003439 0.000790 0.001242 0.001457 0.001909 0.028076 0.008643 0.000829 0.000138 0.000652 0.010403 0.001363 0.004176 0.001860 0.001523 0.193887 0.022628 0.115277 0.001643 0.003314 0.001304 0.002340 0.012489 0.004586 0.005719 0.012400 0.008085 0.004969
0.533340 0.000458 0.000192 0.001765 0.001666 0.001353 0.001059 0.001032 0.000980 0.074204 0.003516 0.001281 0.000122 0.000286 0.004063 0.001128 0.003404 0.001856 0.002396 0.172315 0.014397 0.109576 0.007513 0.005206 0.000496 0.001692 0.001434 0.011360 0.002625 0.021081 0.015084 0.003122
0.552099 0.000092 0.000026 0.000807 0.000044 0.000668 0.000059 0.000031 0.000112 0.015795 0.000598 0.000021 0.000248 0.000158 0.001948 0.000080 0.000732 0.000392 0.000375 0.169486 0.004407 0.229966 0.000036 0.000237 0.001211 0.000158 0.000375 0.002362 0.000187 0.009785 0.006505 0.000997
0.465527 0.002472 0.000590 0.012025 0.004145 0.003142 0.003979 0.001367 0.010890 0.027494 0.003900 0.002636 0.000756 0.001631 0.006521 0.001458 0.005718 0.005427 0.001583 0.164550 0.009644 0.148343 0.001653 0.003954 0.001357 0.002600 0.001778 0.042082 0.001449 0.016264 0.040681 0.004384
0.612808 0.000046 0.000067 0.000263 0.000090 0.000876 0.000064 0.000052 0.000225 0.001171 0.000557 0.000011 0.001146 0.000302 0.000989 0.000037 0.001901 0.001456 0.000216 0.159912 0.004568 0.173071 0.000049 0.000081 0.002182 0.000284 0.001945 0.000902 0.000161 0.006484 0.027309 0.000776
0.500889 0.001183 0.000883 0.004863 0.007814 0.002925 0.001464 0.001402 0.003330 0.030159 0.008819 0.001111 0.001078 0.001921 0.006336 0.000879 0.005495 0.002921 0.001664 0.157726 0.017004 0.125931 0.004000 0.001729 0.002014 0.001717 0.001840 0.009780 0.005392 0.021073 0.064066 0.002592
0.381499 0.005645 0.013200 0.015157 0.024348 0.027107 0.008887 0.004139 0.007137 0.021996 0.028252 0.004232 0.008287 0.007658 0.027877 0.002801 0.011095 0.006594 0.008489 0.154572 0.015350 0.080291 0.004577 0.008984 0.007786 0.009179 0.004391 0.016643 0.015316 0.022615 0.038455 0.007441
0.539968 0.000496 0.000277 0.002623 0.000684 0.001550 0.000482 0.000207 0.000645 0.024309 0.002546 0.000197 0.000450 0.001048 0.007720 0.000564 0.009262 0.000826 0.001568 0.153828 0.017788 0.143262 0.000782 0.001434 0.001657 0.000569 0.002341 0.008446 0.001080 0.043568 0.027288 0.002535
0.487192 0.000100 0.000011 0.000199 0.000063 0.000182 0.000443 0.000420 0.002522 0.301034 0.000379 0.000104 0.000041 0.000104 0.000741 0.000265 0.000396 0.005593 0.000112 0.147363 0.001829 0.043532 0.000670 0.000707 0.000096 0.000455 0.000190 0.001530 0.000309 0.001889 0.000748 0.000781
0.566723 0.000615 0.000147 0.001384 0.000906 0.001304 0.001493 0.001140 0.000897 0.100712 0.001802 0.001073 0.000121 0.000535 0.004568 0.001304 0.003646 0.003435 0.001956 0.143473 0.012944 0.083820 0.009747 0.004162 0.000816 0.002163 0.000870 0.013354 0.001999 0.018094 0.012276 0.002521
0.456529 0.002660 0.001098 0.015326 0.006243 0.004100 0.004691 0.002349 0.025629 0.021941 0.007376 0.004244 0.001372 0.001696 0.005788 0.001474 0.006665 0.005590 0.002238 0.140233 0.008926 0.163697 0.002810 0.006142 0.001547 0.002969 0.003621 0.030371 0.001882 0.018282 0.036477 0.006033
0.476684 0.000110 0.000010 0.000135 0.000039 0.000143 0.000348 0.000254 0.002362 0.265000 0.000277 0.000085 0.000040 0.000150 0.000795 0.000183 0.000329 0.003720 0.000102 0.139113 0.001463 0.102464 0.000454 0.000584 0.000135 0.000303 0.000124 0.001267 0.000169 0.001999 0.000513 0.000646
0.228534 0.010385 0.000278 0.004982 0.004668 0.001232 0.039222 0.005552 0.003688 0.166831 0.003150 0.011434 0.000162 0.001764 0.005350 0.010206 0.007721 0.012266 0.003160 0.133468 0.018397 0.157291 0.105659 0.004044 0.001835 0.002444 0.000762 0.013220 0.001386 0.017061 0.016474 0.007373
0.237345 0.000117 0.000024 0.000581 0.000243 0.000140 0.000186 0.000223 0.000262 0.146535 0.000292 0.000176 0.000080 0.000139 0.001903 0.000201 0.001307 0.001397 0.000368 0.131355 0.002378 0.457639 0.002356 0.001033 0.000297 0.000070 0.000059 0.003089 0.000138 0.006543 0.001483 0.002043
0.608978 0.000541 0.000204 0.001417 0.002545 0.001506 0.000885 0.000902 0.001282 0.087113 0.003140 0.000948 0.000112 0.000342 0.002801 0.000762 0.002757 0.001891 0.001703 0.122738 0.008316 0.089873 0.007653 0.005370 0.000468 0.000839 0.000621 0.010304 0.001596 0.018253 0.011865 0.002275
0.443734 0.006768 0.000312 0.003291 0.005786 0.004747 0.002558 0.003759 0.014884 0.119055 0.036316 0.001188 0.002591 0.002802 0.003994 0.001511 0.004391 0.009140 0.002137 0.122099 0.005464 0.115652 0.022305 0.007548 0.002147 0.003632 0.004571 0.011370 0.004616 0.011452 0.013360 0.006822
0.454670 0.000012 0.000016 0.000121 0.000011 0.000089 0.000024 0.000013 0.000094 0.001411 0.000049 0.000011 0.000036 0.000044 0.001114 0.000007 0.000851 0.000089 0.000030 0.117665 0.001456 0.416010 0.000045 0.000121 0.000319 0.000029 0.000028 0.000233 0.000016 0.003543 0.001601 0.000243
0.582454 0.001134 0.000476 0.000360 0.000649 0.000333 0.002133 0.000811 0.000654 0.019131 0.003913 0.003167 0.000068 0.000668 0.004779 0.001172 0.018115 0.000459 0.000653 0.111284 0.120874 0.033538 0.000921 0.002578 0.000988 0.001207 0.004747 0.010506 0.001380 0.042427 0.026793 0.001628
0.518075 0.002048 0.000272 0.003222 0.001737 0.000650 0.006555 0.001249 0.004615 0.105484 0.001965 0.000894 0.000037 0.001338 0.007055 0.014888 0.008279 0.005083 0.003535 0.110167 0.026760 0.070580 0.001034 0.002924 0.001416 0.002070 0.001643 0.018183 0.000894 0.030926 0.040920 0.005503
0.561359 0.000020 0.000035 0.000150 0.000032 0.000057 0.000054 0.000023 0.000128 0.002068 0.000074 0.000018 0.000014 0.000059 0.003106 0.000018 0.001347 0.000154 0.000042 0.110076 0.003383 0.307478 0.000064 0.000141 0.000387 0.000087 0.000061 0.000475 0.000041 0.005712 0.003020 0.000320
0.420030 0.000956 0.000702 0.019653 0.012019 0.004438 0.001447 0.000758 0.009393 0.020368 0.006658 0.000515 0.001409 0.001302 0.012421 0.000656 0.022207 0.002044 0.004304 0.107561 0.010046 0.233507 0.001079 0.003330 0.002354 0.000625 0.001091 0.011716 0.000559 0.035986 0.043420 0.007446
0.615949 0.001546 0.000511 0.013751 0.004027 0.001463 0.001820 0.000743 0.008879 0.015533 0.003119 0.001324 0.000454 0.000880 0.004765 0.000841 0.005093 0.001908 0.001040 0.103605 0.005401 0.150909 0.001041 0.003076 0.000961 0.000807 0.000959 0.016692 0.000616 0.010723 0.018506 0.003060
0.310822 0.006457 0.002552 0.007809 0.010984 0.003266 0.030220 0.006168 0.037922 0.074321 0.004271 0.004378 0.000563 0.004989 0.008646 0.041870 0.011649 0.037435 0.006893 0.102674 0.021577 0.082746 0.004133 0.005298 0.003800 0.013282 0.005698 0.031680 0.002789 0.021580 0.084192 0.009337
0.540396 0.001047 0.004521 0.010321 0.025241 0.012828 0.002483 0.001695 0.000992 0.018536 0.005894 0.001738 0.001129 0.003619 0.038194 0.001208 0.015519 0.002914 0.008316 0.101782 0.013269 0.074199 0.001788 0.004814 0.004567 0.003648 0.001357 0.008369 0.006615 0.021942 0.055429 0.005632
0.590642 0.002658 0.000318 0.000391 0.000565 0.000414 0.009572 0.001771 0.003328 0.073388 0.003073 0.002514 0.000058 0.001229 0.003126 0.012219 0.012910 0.001916 0.002155 0.101412 0.064120 0.038425 0.001549 0.002500 0.000883 0.001631 0.002148 0.012270 0.001133 0.028730 0.020298 0.002654
0.582454 0.001134 0.000476 0.000360 0.000649 0.000333 0.002133 0.000811 0.000654 0.019131 0.003913 0.003167 0.000068 0.000668 0.004779 0.001172 0.018115 0.000459 0.000653 0.111284 0.120874 0.033538 0.000921 0.002578 0.000988 0.001207 0.004747 0.010506 0.001380 0.042427 0.026793 0.001628
0.709688 0.001252 0.000153 0.000323 0.000109 0.000221 0.007690 0.000904 0.000397 0.009872 0.001158 0.009853 0.000051 0.000697 0.001640 0.003826 0.015692 0.000546 0.000412 0.060128 0.111159 0.013846 0.001081 0.002180 0.000542 0.001563 0.003569 0.007727 0.000937 0.023886 0.007787 0.001112
0.715407 0.000819 0.000318 0.000588 0.000444 0.000376 0.001723 0.000515 0.000624 0.009457 0.001781 0.001400 0.000048 0.000612 0.002899 0.001288 0.012618 0.000410 0.000381 0.061984 0.108973 0.019663 0.000507 0.002301 0.000580 0.000700 0.002789 0.007196 0.000805 0.028802 0.012680 0.001312
0.250108 0.000329 0.000004 0.000061 0.000051 0.000132 0.000067 0.000041 0.000843 0.016391 0.000605 0.000021 0.000232 0.000327 0.000164 0.000018 0.000230 0.000891 0.000078 0.020660 0.000197 0.705043 0.000136 0.000404 0.000202 0.000042 0.000077 0.000513 0.000059 0.001265 0.000484 0.000322
0.382757 0.000006 0.000004 0.000014 0.000003 0.000008 0.000006 0.000002 0.000034 0.000217 0.000020 0.000003 0.000004 0.000023 0.000173 0.000001 0.000155 0.000020 0.000007 0.010274 0.000331 0.604949 0.000005 0.000041 0.000058 0.000013 0.000022 0.000055 0.000006 0.000435 0.000326 0.000025
0.337928 0.000021 0.000052 0.000102 0.000041 0.000156 0.000034 0.000012 0.000173 0.000568 0.000138 0.000005 0.000035 0.000167 0.000679 0.000007 0.000791 0.000617 0.000055 0.034371 0.002508 0.597850 0.000011 0.000053 0.000688 0.000130 0.000171 0.000256 0.000033 0.003221 0.018855 0.000272
0.200552 0.000183 0.000013 0.000217 0.000157 0.000087 0.000141 0.000161 0.000238 0.155126 0.000327 0.000117 0.000040 0.000138 0.001011 0.000106 0.000815 0.001425 0.000238 0.099517 0.001390 0.525050 0.003606 0.000618 0.000295 0.000078 0.000043 0.002444 0.000108 0.003696 0.000941 0.001122
0.301015 0.006483 0.000082 0.000385 0.000586 0.000604 0.001140 0.000795 0.002843 0.082524 0.003544 0.000657 0.000273 0.001960 0.001069 0.000212 0.003217 0.005587 0.000449 0.052897 0.002385 0.495776 0.013258 0.001315 0.002992 0.001335 0.000323 0.003338 0.000825 0.006932 0.003360 0.001840
0.454670 0.000012 0.000016 0.000121 0.000011 0.000089 0.000024 0.000013 0.000094 0.001411 0.000049 0.000011 0.000036 0.000044 0.001114 0.000007 0.000851 0.000089 0.000030 0.117665 0.001456 0.416010 0.000045 0.000121 0.000319 0.000029 0.000028 0.000233 0.000016 0.003543 0.001601 0.000243
0.468882 0.000014 0.000021 0.000146 0.000018 0.000082 0.000031 0.000016 0.000100 0.001567 0.000058 0.000013 0.000024 0.000046 0.001803 0.000010 0.001069 0.000095 0.000032 0.104173 0.002139 0.411734 0.000053 0.000134 0.000346 0.000043 0.000042 0.000320 0.000024 0.004510 0.002180 0.000275
0.557437 0.000027 0.000025 0.000107 0.000034 0.000027 0.000046 0.000021 0.000159 0.001830 0.000063 0.000018 0.000003 0.000067 0.002195 0.000017 0.000769 0.000113 0.000042 0.029760 0.003647 0.394486 0.000034 0.000216 0.000191 0.000091 0.000078 0.000647 0.000036 0.005177 0.002437 0.000199
0.475573 0.000045 0.000032 0.000005 0.000007 0.000079 0.000061 0.000038 0.000778 0.033675 0.000075 0.000012 0.000049 0.000243 0.000204 0.000020 0.000154 0.003024 0.000058 0.197205 0.000959 0.284623 0.000211 0.000079 0.000314 0.000029 0.000047 0.000172 0.000049 0.001259 0.000506 0.000416
0.608823 0.000036 0.000039 0.000243 0.000051 0.000056 0.000079 0.000027 0.000216 0.002460 0.000073 0.000019 0.000009 0.000084 0.003778 0.000027 0.001275 0.000228 0.000047 0.084951 0.003362 0.283548 0.000059 0.000139 0.000433 0.000116 0.000067 0.000672 0.000045 0.005084 0.003569 0.000385
0.278387 0.000189 0.000017 0.000093 0.000062 0.000072 0.000244 0.000259 0.000579 0.248855 0.000206 0.000180 0.000041 0.000260 0.001296 0.000086 0.000996 0.001739 0.000109 0.215473 0.001578 0.237407 0.002077 0.000405 0.000409 0.000198 0.000039 0.001731 0.000119 0.005172 0.001050 0.000675
0.420030 0.000956 0.000702 0.019653 0.012019 0.004438 0.001447 0.000758 0.009393 0.020368 0.006658 0.000515 0.001409 0.001302 0.012421 0.000656 0.022207 0.002044 0.004304 0.107561 0.010046 0.233507 0.001079 0.003330 0.002354 0.000625 0.001091 0.011716 0.000559 0.035986 0.043420 0.007446
0.399137 0.000436 0.000187 0.003398 0.001276 0.001474 0.000875 0.000509 0.001090 0.102192 0.001039 0.000488 0.000127 0.000662 0.006141 0.001244 0.003132 0.002193 0.003216 0.195413 0.005810 0.231581 0.000414 0.001465 0.000796 0.000526 0.000569 0.009053 0.000786 0.013708 0.007971 0.003093
0.552099 0.000092 0.000026 0.000807 0.000044 0.000668 0.000059 0.000031 0.000112 0.015795 0.000598 0.000021 0.000248 0.000158 0.001948 0.000080 0.000732 0.000392 0.000375 0.169486 0.004407 0.229966 0.000036 0.000237 0.001211 0.000158 0.000375 0.002362 0.000187 0.009785 0.006505 0.000997
0.731332 0.000015 0.000020 0.000128 0.000038 0.000025 0.000024 0.000014 0.000083 0.001076 0.000050 0.000011 0.000008 0.000039 0.002970 0.000009 0.001132 0.000064 0.000017 0.026031 0.002618 0.227003 0.000054 0.000142 0.000198 0.000049 0.000043 0.000515 0.000024 0.004486 0.001616 0.000168
0.404675 0.000545 0.000310 0.008709 0.002303 0.003238 0.000630 0.000470 0.002800 0.024912 0.005163 0.000412 0.000847 0.000965 0.008782 0.000520 0.008890 0.000881 0.001394 0.201400 0.010470 0.216462 0.000461 0.004298 0.001547 0.000451 0.001248 0.017926 0.000516 0.034612 0.029156 0.005005
0.678955 0.007474 0.000034 0.000670 0.000473 0.000274 0.000855 0.000561 0.002818 0.014767 0.023419 0.000525 0.000327 0.001419 0.001659 0.000361 0.002051 0.001370 0.000567 0.024194 0.002564 0.215197 0.000637 0.000903 0.002555 0.001023 0.002277 0.001710 0.000772 0.005734 0.002573 0.001282
0.727775 0.000051 0.000036 0.000213 0.000066 0.000059 0.000064 0.000027 0.000277 0.001656 0.000141 0.000015 0.000006 0.000084 0.004160 0.000025 0.000822 0.000168 0.000050 0.044841 0.003322 0.204275 0.000032 0.000138 0.000341 0.000163 0.000131 0.000988 0.000051 0.004831 0.004820 0.000370
0.470602 0.002020 0.000656 0.013071 0.005047 0.002589 0.003530 0.001605 0.017264 0.022078 0.005145 0.003205 0.000866 0.001169 0.005565 0.001191 0.005664 0.004120 0.001754 0.145563 0.008129 0.182358 0.002140 0.005403 0.001123 0.002006 0.002343 0.029758 0.001374 0.016300 0.031396 0.004966
0.755570 0.000075 0.000033 0.000221 0.000102 0.000079 0.000101 0.000033 0.000463 0.001595 0.000249 0.000019 0.000007 0.000135 0.002325 0.000028 0.000667 0.000240 0.000098 0.038494 0.002589 0.181333 0.000021 0.000117 0.000391 0.000227 0.000168 0.001066 0.000041 0.003866 0.009213 0.000435
0.189885 0.012256 0.000498 0.009425 0.008771 0.002235 0.044888 0.006823 0.004354 0.157806 0.005176 0.011559 0.000316 0.003109 0.008331 0.012243 0.008975 0.020894 0.004805 0.122876 0.027195 0.179585 0.067216 0.006306 0.002296 0.003218 0.001336 0.011767 0.002287 0.023688 0.029201 0.010679
0.721654 0.000190 0.000042 0.000223 0.000039 0.001038 0.000059 0.000021 0.000096 0.003296 0.001732 0.000017 0.000112 0.000309 0.000576 0.000062 0.000947 0.000706 0.000293 0.031033 0.005055 0.177343 0.000021 0.000178 0.000730 0.000319 0.001414 0.001208 0.000190 0.005273 0.045483 0.000343
0.612808 0.000046 0.000067 0.000263 0.000090 0.000876 0.000064 0.000052 0.000225 0.001171 0.000557 0.000011 0.001146 0.000302 0.000989 0.000037 0.001901 0.001456 0.000216 0.159912 0.004568 0.173071 0.000049 0.000081 0.002182 0.000284 0.001945 0.000902 0.000161 0.006484 0.027309 0.000776
0.730141 0.002236 0.000007 0.000073 0.000137 0.000057 0.000373 0.000190 0.001579 0.029154 0.009515 0.000197 0.000040 0.000420 0.000375 0.000912 0.001159 0.000746 0.000312 0.033762 0.001907 0.168872 0.000190 0.001127 0.000374 0.000145 0.006050 0.002516 0.000603 0.004026 0.001359 0.001445
0.618904 0.004090 0.000480 0.019430 0.004387 0.001861 0.003254 0.001129 0.026221 0.014530 0.005145 0.002160 0.000580 0.001088 0.002128 0.001171 0.002757 0.003655 0.001320 0.067358 0.003672 0.162807 0.001480 0.003977 0.000776 0.001021 0.000994 0.016692 0.000665 0.007477 0.015856 0.002936
0.669292 0.001505 0.000712 0.009509 0.001664 0.010187 0.000692 0.000584 0.003915 0.009183 0.021765 0.000389 0.001503 0.000842 0.002617 0.000440 0.001580 0.002461 0.001548 0.065381 0.004379 0.162265 0.000597 0.002261 0.001336 0.000597 0.004215 0.003600 0.001131 0.005470 0.005556 0.002825
0.756605 0.000172 0.000129 0.000605 0.000577 0.000108 0.000320 0.000121 0.000736 0.008550 0.000282 0.000145 0.000039 0.000293 0.003048 0.000194 0.002212 0.001084 0.000374 0.036339 0.006434 0.159963 0.000297 0.000649 0.000505 0.000483 0.000307 0.003003 0.000359 0.010926 0.004223 0.000916
0.736957 0.000195 0.000026 0.000200 0.000029 0.000830 0.000065 0.000022 0.000089 0.001600 0.001462 0.000017 0.000091 0.000271 0.000324 0.000051 0.000710 0.000972 0.000225 0.018780 0.004199 0.159479 0.000015 0.000167 0.000627 0.000482 0.001866 0.000928 0.000161 0.003865 0.065027 0.000270
0.787804 0.000158 0.000027 0.000138 0.000026 0.000375 0.000063 0.000020 0.000081 0.001289 0.000886 0.000016 0.000046 0.000192 0.000366 0.000043 0.000644 0.000732 0.000149 0.015000 0.003290 0.152767 0.000015 0.000164 0.000509 0.000429 0.001708 0.000673 0.000138 0.003492 0.028510 0.000249
0.615949 0.001546 0.000511 0.013751 0.004027 0.001463 0.001820 0.000743 0.008879 0.015533 0.003119 0.001324 0.000454 0.000880 0.004765 0.000841 0.005093 0.001908 0.001040 0.103605 0.005401 0.150909 0.001041 0.003076 0.000961 0.000807 0.000959 0.016692 0.000616 0.010723 0.018506 0.003060
0.813601 0.000009 0.000008 0.000034 0.000017 0.000009 0.000014 0.000005 0.000087 0.000384 0.000045 0.000003 0.000001 0.000023 0.001688 0.000003 0.000330 0.000042 0.000011 0.025405 0.001723 0.149836 0.000004 0.000033 0.000127 0.000036 0.000035 0.000328 0.000008 0.002506 0.003551 0.000096
0.803605 0.000015 0.000018 0.000099 0.000028 0.000017 0.000024 0.000013 0.000098 0.001208 0.000044 0.000008 0.000002 0.000030 0.003557 0.000010 0.000867 0.000060 0.000015 0.031382 0.003055 0.148022 0.000025 0.000108 0.000138 0.000037 0.000036 0.000509 0.000022 0.005256 0.001546 0.000142
0.832494 0.000002 0.000013 0.000002 0.000000 0.000002 0.000002 0.000001 0.000014 0.000056 0.000004 0.000000 0.000000 0.000032 0.000497 0.000000 0.001087 0.000007 0.000005 0.013896 0.000567 0.147942 0.000000 0.000002 0.000347 0.000002 0.000003 0.000023 0.000000 0.001430 0.001552 0.000015
0.709191 0.001311 0.000067 0.001892 0.000319 0.003723 0.003575 0.000892 0.004520 0.010667 0.004964 0.000407 0.000199 0.000883 0.000560 0.003951 0.001854 0.004104 0.003920 0.039681 0.006053 0.147868 0.000305 0.000897 0.000622 0.000721 0.000976 0.008362 0.000214 0.008866 0.023754 0.004683
0.654841 0.001183 0.023401 0.000571 0.002395 0.000536 0.000351 0.000134 0.002046 0.002721 0.001049 0.000125 0.001489 0.007712 0.012733 0.000075 0.026973 0.001459 0.000633 0.020355 0.011005 0.145543 0.000301 0.000543 0.014944 0.000968 0.000833 0.001879 0.000478 0.020166 0.041389 0.001167
0.539968 0.000496 0.000277 0.002623 0.000684 0.001550 0.000482 0.000207 0.000645 0.024309 0.002546 0.000197 0.000450 0.001048 0.007720 0.000564 0.009262 0.000826 0.001568 0.153828 0.017788 0.143262 0.000782 0.001434 0.001657 0.000569 0.002341 0.008446 0.001080 0.043568 0.027288 0.002535
0.835397 0.000003 0.000004 0.000026 0.000005 0.000004 0.000004 0.000002 0.000030 0.000362 0.000013 0.000001 0.000000 0.000008 0.001930 0.000002 0.000395 0.000013 0.000003 0.019843 0.001534 0.136350 0.000004 0.000031 0.000049 0.000009 0.000012 0.000199 0.000004 0.002936 0.000781 0.000046
0.842575 0.000002 0.000002 0.000016 0.000002 0.000002 0.000002 0.000001 0.000020 0.000273 0.000006 0.000001 0.000000 0.000006 0.001355 0.000001 0.000239 0.000007 0.000002 0.017327 0.001157 0.134071 0.000002 0.000020 0.000035 0.000004 0.000007 0.000133 0.000002 0.002140 0.000563 0.000027
0.813923 0.000011 0.000017 0.000105 0.000031 0.000017 0.000021 0.000011 0.000079 0.000888 0.000051 0.000008 0.000004 0.000025 0.004006 0.000008 0.001041 0.000052 0.000014 0.034727 0.003236 0.133252 0.000030 0.000090 0.000162 0.000044 0.000042 0.000547 0.000022 0.005525 0.001864 0.000149
0.584574 0.003385 0.002231 0.040836 0.014001 0.008389 0.002712 0.001727 0.038494 0.013463 0.012069 0.002553 0.003904 0.002326 0.004136 0.001023 0.005042 0.003692 0.002074 0.054995 0.004697 0.129665 0.001766 0.007242 0.001783 0.001781 0.003462 0.015067 0.001728 0.010045 0.015295 0.005843
0.500889 0.001183 0.000883 0.004863 0.007814 0.002925 0.001464 0.001402 0.003330 0.030159 0.008819 0.001111 0.001078 0.001921 0.006336 0.000879 0.005495 0.002921 0.001664 0.157726 0.017004 0.125931 0.004000 0.001729 0.002014 0.001717 0.001840 0.009780 0.005392 0.021073 0.064066 0.002592
0.443734 0.006768 0.000312 0.003291 0.005786 0.004747 0.002558 0.003759 0.014884 0.119055 0.036316 0.001188 0.002591 0.002802 0.003994 0.001511 0.004391 0.009140 0.002137 0.122099 0.005464 0.115652 0.022305 0.007548 0.002147 0.003632 0.004571 0.011370 0.004616 0.011452 0.013360 0.006822
0.542100 0.000516 0.000565 0.001680 0.003439 0.000790 0.001242 0.001457 0.001909 0.028076 0.008643 0.000829 0.000138 0.000652 0.010403 0.001363 0.004176 0.001860 0.001523 0.193887 0.022628 0.115277 0.001643 0.003314 0.001304 0.002340 0.012489 0.004586 0.005719 0.012400 0.008085 0.004969
0.533340 0.000458 0.000192 0.001765 0.001666 0.001353 0.001059 0.001032 0.000980 0.074204 0.003516 0.001281 0.000122 0.000286 0.004063 0.001128 0.003404 0.001856 0.002396 0.172315 0.014397 0.109576 0.007513 0.005206 0.000496 0.001692 0.001434 0.011360 0.002625 0.021081 0.015084 0.003122
0.715975 0.001519 0.000196 0.007599 0.006035 0.001274 0.001426 0.000693 0.003127 0.021878 0.005953 0.000765 0.000217 0.000511 0.005216 0.002108 0.006004 0.001859 0.002943 0.051248 0.008108 0.106163 0.001532 0.003126 0.000820 0.000767 0.002477 0.008836 0.000946 0.013117 0.011862 0.005699
0.733381 0.000403 0.000094 0.000656 0.000064 0.001426 0.000224 0.000062 0.000189 0.003299 0.002663 0.000047 0.000057 0.000469 0.001714 0.000117 0.001883 0.001469 0.000405 0.033837 0.005935 0.103229 0.000038 0.000214 0.001606 0.000649 0.001631 0.001572 0.000215 0.007418 0.094361 0.000674
0.885661 0.000001 0.000009 0.000001 0.000000 0.000000 0.000000 0.000000 0.000003 0.000012 0.000002 0.000000 0.000000 0.000009 0.000331 0.000000 0.000436 0.000001 0.000000 0.009641 0.000155 0.102871 0.000000 0.000001 0.000116 0.000001 0.000001 0.000004 0.000000 0.000488 0.000255 0.000003
0.476684 0.000110 0.000010 0.000135 0.000039 0.000143 0.000348 0.000254 0.002362 0.265000 0.000277 0.000085 0.000040 0.000150 0.000795 0.000183 0.000329 0.003720 0.000102 0.139113 0.001463 0.102464 0.000454 0.000584 0.000135 0.000303 0.000124 0.001267 0.000169 0.001999 0.000513 0.000646
0.654989 0.102024 0.000545 0.000251 0.001013 0.002656 0.001216 0.000483 0.018594 0.009616 0.029747 0.000481 0.010097 0.014694 0.000829 0.000577 0.002273 0.003393 0.001458 0.008449 0.001295 0.102045 0.005544 0.001073 0.010384 0.000359 0.002728 0.003653 0.001069 0.002580 0.003618 0.002268
0.795068 0.000146 0.000029 0.000143 0.000060 0.000126 0.000150 0.000110 0.000675 0.034650 0.000905 0.000072 0.000051 0.000341 0.001645 0.000103 0.001028 0.000520 0.000105 0.053190 0.001744 0.101642 0.000046 0.000220 0.000432 0.000149 0.000551 0.000962 0.000214 0.003439 0.000758 0.000725
0.228534 0.010385 0.000278 0.004982 0.004668 0.001232 0.039222 0.005552 0.003688 0.166831 0.003150 0.011434 0.000162 0.001764 0.005350 0.010206 0.007721 0.012266 0.003160 0.133468 0.018397 0.157291 0.105659 0.004044 0.001835 0.002444 0.000762 0.013220 0.001386 0.017061 0.016474 0.007373
0.690400 0.001959 0.000050 0.001117 0.000249 0.004128 0.000483 0.000319 0.000831 0.001780 0.008968 0.000305 0.000014 0.000125 0.002466 0.000650 0.001034 0.000274 0.000201 0.010669 0.002486 0.002730 0.000122 0.000356 0.000251 0.020992 0.173947 0.011609 0.003481 0.001657 0.055493 0.000853
0.498372 0.037982 0.000247 0.002058 0.000649 0.008181 0.001934 0.001933 0.003812 0.007856 0.098060 0.001533 0.000501 0.001565 0.004742 0.002332 0.004459 0.002918 0.002180 0.023447 0.017947 0.017942 0.002512 0.002285 0.003286 0.026276 0.110842 0.016712 0.017812 0.010413 0.066960 0.002252
0.049460 0.000007 0.000005 0.001377 0.000051 0.000135 0.000012 0.000002 0.000001 0.000007 0.000014 0.000000 0.000004 0.000095 0.000106 0.000001 0.002743 0.000157 0.000018 0.000034 0.000610 0.002097 0.000000 0.000004 0.000232 0.000535 0.000016 0.000020 0.000009 0.001115 0.941119 0.000013
0.091589 0.000047 0.000011 0.000203 0.000012 0.001431 0.000034 0.000007 0.000005 0.000025 0.000484 0.000003 0.000022 0.000040 0.000081 0.000009 0.000859 0.000477 0.000036 0.000269 0.001650 0.001515 0.000002 0.000010 0.000192 0.009533 0.002284 0.000342 0.000076 0.000599 0.888076 0.000079
0.162778 0.000000 0.000000 0.000002 0.000000 0.000002 0.000000 0.000000 0.000000 0.000000 0.000001 0.000000 0.000000 0.000001 0.000000 0.000000 0.000068 0.000017 0.000000 0.000004 0.000032 0.000343 0.000000 0.000000 0.000004 0.000075 0.000004 0.000001 0.000000 0.000033 0.836634 0.000000
0.267296 0.000003 0.000001 0.000080 0.000014 0.000285 0.000003 0.000000 0.000003 0.000002 0.000314 0.000000 0.000002 0.000004 0.000026 0.000000 0.000089 0.000031 0.000002 0.000259 0.000044 0.000359 0.000000 0.000000 0.000150 0.000383 0.000074 0.000008 0.000009 0.000031 0.730524 0.000004
0.297967 0.000536 0.000085 0.000483 0.000087 0.002886 0.000226 0.000048 0.000041 0.000087 0.002133 0.000022 0.000102 0.000242 0.000289 0.000047 0.002239 0.002422 0.000095 0.000770 0.002914 0.002867 0.000024 0.000054 0.000924 0.012167 0.006287 0.000417 0.000242 0.001859 0.661293 0.000147
0.566306 0.000002 0.000001 0.000035 0.000011 0.000027 0.000005 0.000001 0.000002 0.000006 0.000146 0.000000 0.000001 0.000004 0.000069 0.000000 0.000250 0.000026 0.000001 0.000903 0.000181 0.002045 0.000000 0.000002 0.000088 0.000154 0.000078 0.000007 0.000006 0.000337 0.429300 0.000006
0.519214 0.000224 0.004634 0.000187 0.000135 0.004155 0.000099 0.000037 0.000300 0.000256 0.000770 0.000010 0.000585 0.002350 0.000605 0.000016 0.008760 0.002782 0.000134 0.009937 0.004868 0.068055 0.000023 0.000033 0.005348 0.001082 0.001740 0.000534 0.000241 0.003721 0.358846 0.000321
0.665068 0.000000 0.000000 0.000000 0.000000 0.000001 0.000000 0.000000 0.000000 0.000000 0.000013 0.000000 0.000000 0.000000 0.000001 0.000000 0.000011 0.000001 0.000000 0.000096 0.000008 0.000176 0.000000 0.000000 0.000007 0.000014 0.000004 0.000000 0.000000 0.000013 0.334584 0.000000
0.628244 0.000104 0.000157 0.000880 0.001010 0.000257 0.000370 0.000075 0.000101 0.000672 0.000907 0.000048 0.000039 0.000309 0.003113 0.000039 0.008987 0.000733 0.000130 0.004647 0.002463 0.009923 0.000048 0.000260 0.002623 0.004494 0.001354 0.001124 0.000376 0.009929 0.316133 0.000448
0.550143 0.000069 0.000025 0.001595 0.000248 0.003356 0.000376 0.000106 0.000177 0.002048 0.001244 0.000037 0.000209 0.000252 0.000824 0.000258 0.003894 0.003917 0.000482 0.024338 0.023264 0.049826 0.000132 0.000176 0.001387 0.005251 0.008352 0.004566 0.000991 0.015897 0.295046 0.001513
0.722985 0.000000 0.000000 0.000000 0.000000 0.000001 0.000000 0.000000 0.000000 0.000000 0.000002 0.000000 0.000000 0.000000 0.000000 0.000000 0.000005 0.000001 0.000000 0.000021 0.000004 0.000059 0.000000 0.000000 0.000001 0.000002 0.000001 0.000000 0.000000 0.000004 0.276914 0.000000
0.682595 0.000107 0.000009 0.000326 0.000022 0.001132 0.000042 0.000022 0.000029 0.000092 0.001300 0.000012 0.000009 0.000041 0.000228 0.000020 0.000306 0.000465 0.000073 0.002835 0.002061 0.004853 0.000006 0.000043 0.000236 0.010970 0.013816 0.000909 0.000159 0.000962 0.276168 0.000155
0.690343 0.000192 0.000223 0.001683 0.001662 0.000790 0.000523 0.000114 0.000186 0.000633 0.001506 0.000066 0.000163 0.000411 0.001879 0.000055 0.005880 0.001103 0.000175 0.005627 0.001886 0.009246 0.000099 0.000255 0.003467 0.002628 0.000989 0.000762 0.000385 0.005640 0.260995 0.000435
0.355526 0.006678 0.005490 0.019116 0.025697 0.013626 0.010184 0.003558 0.010057 0.015093 0.010830 0.004741 0.002355 0.006491 0.008130 0.005897 0.012824 0.027921 0.004199 0.065851 0.018938 0.051949 0.002389 0.007141 0.005486 0.032693 0.014158 0.018740 0.006681 0.009065 0.212807 0.005690
0.793078 0.000740 0.000060 0.000279 0.000099 0.002544 0.000133 0.000039 0.000144 0.000096 0.004352 0.000021 0.000510 0.000221 0.000132 0.000018 0.001916 0.000777 0.000035 0.000655 0.000941 0.001164 0.000031 0.000029 0.000898 0.002192 0.002498 0.000294 0.000190 0.000792 0.185051 0.000071
0.669341 0.000341 0.000074 0.003428 0.000521 0.002894 0.001969 0.000381 0.000703 0.005612 0.001428 0.000314 0.000197 0.000705 0.001141 0.001697 0.010868 0.006435 0.003492 0.020668 0.021607 0.017409 0.000241 0.000444 0.001039 0.010709 0.003222 0.007963 0.000393 0.016702 0.183566 0.004497
0.302965 0.006606 0.009561 0.027122 0.062377 0.012850 0.013007 0.004968 0.012438 0.019138 0.012633 0.006434 0.002140 0.007644 0.015002 0.007484 0.017190 0.027998 0.007913 0.055649 0.019310 0.046609 0.005437 0.008205 0.006338 0.041666 0.012468 0.017314 0.011270 0.012294 0.180851 0.007118
0.621684 0.000016 0.000038 0.000233 0.000185 0.001228 0.000024 0.000012 0.000063 0.000176 0.000485 0.000004 0.000342 0.000116 0.000486 0.000006 0.000945 0.000812 0.000056 0.025130 0.001953 0.182311 0.000015 0.000030 0.001522 0.000434 0.001331 0.000406 0.000163 0.003481 0.155993 0.000323
0.797666 0.000289 0.000026 0.000423 0.000019 0.000866 0.000173 0.000036 0.000100 0.000620 0.001536 0.000026 0.000020 0.000232 0.000521 0.000051 0.001184 0.000824 0.000149 0.007988 0.003134 0.031041 0.000011 0.000116 0.000759 0.000697 0.000960 0.000799 0.000067 0.003246 0.146194 0.000223
0.753616 0.001893 0.000164 0.001102 0.000122 0.001729 0.001035 0.000227 0.000868 0.004436 0.007640 0.000249 0.000049 0.001066 0.003234 0.000357 0.005444 0.000773 0.000447 0.022003 0.010087 0.028460 0.000132 0.000757 0.001423 0.001600 0.002585 0.002610 0.000523 0.010520 0.134085 0.000761
0.825226 0.000129 0.000214 0.000740 0.001474 0.000128 0.000385 0.000106 0.000129 0.001917 0.000792 0.000048 0.000055 0.000458 0.003587 0.000060 0.009918 0.000654 0.000222 0.003901 0.001691 0.006630 0.000083 0.000502 0.002467 0.001913 0.000628 0.002022 0.000412 0.012182 0.120709 0.000619
0.682866 0.000111 0.000031 0.000307 0.000030 0.000740 0.000057 0.000025 0.000066 0.001613 0.001616 0.000016 0.000072 0.000207 0.001137 0.000037 0.000746 0.000581 0.000235 0.044059 0.005292 0.134039 0.000011 0.000106 0.001572 0.000494 0.001057 0.001375 0.000178 0.005115 0.115777 0.000435
0.791214 0.001440 0.003130 0.001416 0.034111 0.003338 0.000331 0.000092 0.000345 0.000727 0.010120 0.000038 0.001413 0.004634 0.002190 0.000059 0.000868 0.001946 0.000558 0.003377 0.001145 0.008052 0.000066 0.000171 0.004266 0.004267 0.003567 0.000532 0.004351 0.001616 0.110377 0.000243
