chair 113 189 375 513 0.950839 0.047302
chair 570 191 725 378 0.914979 0.027186
chair 133 177 273 367 0.108633 0.889363
chair 641 133 726 210 0.103381 0.654231
table 26 179 464 441 0.903118 0.043356
table 503 156 729 296 0.548565 0.122079
table 266 176 429 380 0.234189 0.735395
picture 644 3 665 52 0.152397 0.693541
picture 639 4 727 95 0.1342 0.590287
picture 336 1 345 73 0.112785 0.426677
desk 521 154 729 356 0.781246 0.050179
desk 37 154 392 481 0.514827 0.127331
clothes 696 517 729 529 0.107229 0.289950
tv 111 93 202 190 0.259182 0.654975
paper 342 112 377 132 0.322209 0.586659
paper 576 145 591 156 0.277219 0.682055
paper 576 160 600 175 0.242368 0.744083
paper 577 150 643 179 0.222143 0.771585
paper 32 5 53 33 0.220955 0.450574
paper 585 145 590 148 0.210636 0.733981
paper 598 166 624 178 0.18516 0.813536
paper 441 158 462 175 0.170223 0.481405
paper 1 133 48 152 0.169841 0.247920
paper 1 191 41 213 0.159801 0.793310
paper 713 133 729 194 0.109173 0.288237
paper 695 219 729 236 0.104032 0.618503
paper 336 0 344 71 0.100648 0.426677
box 381 22 420 53 0.878623 0.120683
box 352 10 422 78 0.848032 0.145865
box 438 21 442 23 0.813468 0.186105
box 427 25 482 86 0.775412 0.218214
box 39 5 155 62 0.73807 0.168239
box 411 3 440 23 0.616318 0.378402
box 449 54 474 62 0.461697 0.435347
box 32 7 56 53 0.457762 0.313682
box 391 56 407 67 0.425429 0.441552
box 358 11 624 89 0.298266 0.607158
box 448 60 471 77 0.28892 0.605871
box 62 10 437 83 0.281064 0.525330
box 342 2 353 69 0.212859 0.441637
box 0 1 38 50 0.186489 0.228512
box 483 47 544 81 0.167797 0.320340
box 652 60 673 78 0.156535 0.618162
box 0 134 49 151 0.142258 0.247920
box 288 57 304 68 0.128461 0.517458
box 336 2 345 69 0.127732 0.426677
box 277 48 290 67 0.122374 0.427179
box 412 4 514 35 0.106716 0.806888
whiteboard 176 2 337 70 0.774068 0.102434
person 1 0 39 51 0.218369 0.228512
lamp 445 0 516 34 0.114114 0.808415
bag 695 517 728 529 0.179226 0.289950
bag 1 2 38 51 0.106865 0.228512
garbage_bin 348 253 417 374 0.18109 0.769435
garbage_bin 426 230 446 310 0.122366 0.868020
