0.499244 0.000081 0.000280 0.392630 0.008402 0.092005 0.000033 0.000037 0.000236 0.000171 0.000376 0.000024 0.002494 0.000075 0.000984 0.000038 0.000184 0.000055 0.000059 0.000305 0.000097 0.000386 0.000032 0.000348 0.000149 0.000046 0.000156 0.000382 0.000035 0.000207 0.000180 0.000271
0.803720 0.000105 0.000216 0.163838 0.000864 0.016152 0.000074 0.000082 0.000354 0.000626 0.000527 0.000059 0.002401 0.000132 0.001367 0.000084 0.000329 0.000189 0.000114 0.001792 0.000323 0.002730 0.000102 0.000814 0.000224 0.000090 0.000293 0.000676 0.000071 0.000833 0.000299 0.000519
0.766467 0.000645 0.000195 0.162995 0.001271 0.038004 0.000184 0.000147 0.000497 0.001796 0.003658 0.000250 0.000191 0.000160 0.002033 0.000393 0.000613 0.000191 0.000150 0.004288 0.000834 0.003813 0.000190 0.001105 0.000224 0.000210 0.002980 0.002414 0.000360 0.001631 0.001086 0.001026
0.831512 0.000179 0.000074 0.119742 0.000736 0.034770 0.000067 0.000080 0.000386 0.000530 0.000914 0.000093 0.000708 0.000089 0.000716 0.000068 0.000296 0.000098 0.000060 0.002174 0.000253 0.002319 0.000097 0.000777 0.000129 0.000079 0.000305 0.001161 0.000088 0.000539 0.000492 0.000470
0.341736 0.000124 0.000033 0.000151 0.000021 0.623056 0.000004 0.000003 0.000131 0.000042 0.001675 0.000002 0.032720 0.000009 0.000001 0.000002 0.000002 0.000042 0.000005 0.000020 0.000004 0.000011 0.000043 0.000006 0.000004 0.000009 0.000054 0.000018 0.000042 0.000004 0.000022 0.000006
0.318886 0.001572 0.007598 0.015290 0.053439 0.377944 0.000823 0.000783 0.001290 0.007375 0.032244 0.000404 0.007084 0.001783 0.009765 0.000240 0.001664 0.004100 0.001847 0.028024 0.007260 0.037073 0.000388 0.001164 0.001994 0.010829 0.010264 0.006448 0.007064 0.007303 0.036092 0.001963
0.802770 0.000120 0.000219 0.010911 0.000458 0.175757 0.000022 0.000037 0.001048 0.000288 0.001637 0.000023 0.004059 0.000029 0.000056 0.000018 0.000062 0.000042 0.000066 0.000777 0.000041 0.000577 0.000108 0.000129 0.000061 0.000017 0.000155 0.000233 0.000037 0.000058 0.000069 0.000119
0.680310 0.000192 0.000090 0.144580 0.001205 0.169373 0.000032 0.000028 0.000212 0.000164 0.000918 0.000028 0.000529 0.000031 0.000256 0.000060 0.000070 0.000037 0.000030 0.000234 0.000052 0.000187 0.000033 0.000139 0.000052 0.000038 0.000307 0.000423 0.000026 0.000083 0.000112 0.000168
0.233910 0.001887 0.000007 0.000261 0.000103 0.000019 0.004106 0.000879 0.000569 0.715171 0.000094 0.001307 0.000001 0.000051 0.000274 0.026042 0.001419 0.001280 0.000659 0.004374 0.000532 0.004037 0.000223 0.000354 0.000051 0.000048 0.000032 0.000670 0.000024 0.001109 0.000056 0.000450
0.684426 0.002367 0.000009 0.000333 0.000096 0.000010 0.017146 0.000610 0.000950 0.175451 0.000145 0.001051 0.000000 0.000092 0.000194 0.104788 0.001345 0.002354 0.000820 0.002566 0.000667 0.001797 0.000319 0.000266 0.000048 0.000152 0.000039 0.000600 0.000027 0.000592 0.000244 0.000498
0.874326 0.000383 0.000004 0.000547 0.000044 0.000068 0.000304 0.000192 0.000800 0.102349 0.000206 0.000295 0.000006 0.000036 0.000321 0.000972 0.000415 0.000468 0.000062 0.008618 0.000274 0.007024 0.000054 0.000155 0.000076 0.000027 0.000090 0.000934 0.000025 0.000579 0.000079 0.000266
0.785521 0.001303 0.000486 0.000334 0.000270 0.000166 0.012534 0.001123 0.000556 0.003597 0.001862 0.157383 0.000017 0.000373 0.000989 0.000416 0.004990 0.000553 0.000290 0.009169 0.002020 0.004674 0.000289 0.001118 0.000616 0.000876 0.000579 0.001260 0.000105 0.002849 0.003299 0.000382
0.760717 0.001259 0.000622 0.000338 0.000603 0.000155 0.013427 0.001732 0.000888 0.014626 0.002915 0.131588 0.000027 0.000511 0.002712 0.000569 0.004446 0.000689 0.000333 0.029345 0.002979 0.009034 0.000773 0.003324 0.000884 0.001060 0.000480 0.003452 0.000172 0.006558 0.003036 0.000746
0.684426 0.002367 0.000009 0.000333 0.000096 0.000010 0.017146 0.000610 0.000950 0.175451 0.000145 0.001051 0.000000 0.000092 0.000194 0.104788 0.001345 0.002354 0.000820 0.002566 0.000667 0.001797 0.000319 0.000266 0.000048 0.000152 0.000039 0.000600 0.000027 0.000592 0.000244 0.000498
0.601531 0.000889 0.001140 0.002416 0.002277 0.009585 0.002040 0.000797 0.002081 0.011336 0.013033 0.000968 0.000783 0.000779 0.004595 0.000453 0.001721 0.002248 0.001172 0.232374 0.004321 0.052565 0.000834 0.001364 0.000982 0.001552 0.001292 0.006786 0.002290 0.007410 0.027174 0.001215
0.449195 0.002999 0.003268 0.007372 0.005736 0.017471 0.007053 0.002895 0.007652 0.018385 0.022689 0.003264 0.002150 0.002326 0.008529 0.001627 0.004952 0.006437 0.003030 0.227332 0.010018 0.061790 0.003225 0.003473 0.002854 0.006137 0.003983 0.015774 0.006369 0.013779 0.064281 0.003952
0.415656 0.004461 0.004004 0.011027 0.012389 0.013544 0.013170 0.006233 0.014328 0.031710 0.025203 0.009772 0.001363 0.002797 0.011078 0.003057 0.007938 0.006436 0.004306 0.191869 0.012124 0.066700 0.009596 0.010417 0.003561 0.006876 0.004415 0.021043 0.006411 0.015990 0.043646 0.008879
0.193303 0.004433 0.007580 0.010897 0.020094 0.013787 0.016916 0.008526 0.008645 0.075520 0.020858 0.005726 0.002308 0.007225 0.050443 0.007688 0.020058 0.010453 0.012362 0.160575 0.036452 0.064590 0.005858 0.014183 0.010118 0.014569 0.005677 0.033047 0.017487 0.054670 0.073407 0.012546
0.545781 0.003851 0.005691 0.006130 0.021352 0.008518 0.007857 0.005190 0.012442 0.028003 0.028002 0.004707 0.001239 0.002503 0.014057 0.001970 0.008161 0.003998 0.003387 0.126290 0.015190 0.042489 0.005497 0.008003 0.003842 0.006068 0.004140 0.011925 0.007532 0.016672 0.034150 0.005362
0.705205 0.001641 0.000266 0.021008 0.000655 0.014335 0.001018 0.000817 0.001305 0.016645 0.001176 0.000648 0.000890 0.000674 0.003461 0.001774 0.004445 0.002987 0.004514 0.028611 0.009295 0.139133 0.000725 0.002642 0.002235 0.000506 0.000849 0.015254 0.000268 0.008019 0.004075 0.004921
0.710557 0.000574 0.000466 0.004003 0.001000 0.000737 0.001189 0.000564 0.000476 0.012346 0.002122 0.002931 0.000047 0.000242 0.005215 0.001068 0.006893 0.001265 0.000645 0.045692 0.013355 0.129316 0.000685 0.003305 0.000698 0.000607 0.002159 0.013119 0.000517 0.031079 0.005049 0.002077
0.703155 0.000932 0.000346 0.021955 0.003459 0.005299 0.000883 0.000616 0.002501 0.009027 0.008835 0.000843 0.000459 0.000641 0.002509 0.000519 0.004444 0.001197 0.001083 0.044254 0.007430 0.121361 0.000520 0.006149 0.000465 0.000404 0.001292 0.007447 0.000671 0.015353 0.022800 0.003150
0.565459 0.002548 0.001107 0.007631 0.009858 0.003826 0.003674 0.002875 0.009610 0.021513 0.022511 0.006174 0.000384 0.000843 0.005617 0.001225 0.007611 0.002138 0.001484 0.118689 0.010579 0.105281 0.005320 0.008354 0.001399 0.001858 0.003964 0.013699 0.002270 0.018344 0.029684 0.004470
0.629057 0.002911 0.000396 0.009666 0.001444 0.002885 0.012924 0.002320 0.002924 0.026548 0.004690 0.001305 0.000068 0.001709 0.004686 0.017396 0.008684 0.010116 0.004257 0.035976 0.028905 0.037987 0.000635 0.003232 0.001496 0.003715 0.003764 0.011074 0.001090 0.020008 0.102720 0.005412
