chair 196 154 478 529 0.971376 0.027826
chair 0 224 131 306 0.292587 0.537061
chair 350 497 369 512 0.184037 0.806219
chair 1 197 63 280 0.155167 0.678235
chair 321 512 328 515 0.151073 0.749782
chair 305 510 317 519 0.114234 0.801223
chair 475 470 481 479 0.109616 0.412083
chair 432 471 489 500 0.107499 0.834657
sofa 720 433 729 446 0.114061 0.131873
table 0 218 125 457 0.416891 0.216708
table 280 486 584 529 0.384912 0.423942
table 15 43 186 334 0.215317 0.705466
table 0 184 63 305 0.189644 0.585757
door 528 7 591 313 0.175583 0.699633
bookshelf 10 0 185 59 0.793734 0.191975
bookshelf 17 3 185 233 0.636015 0.322585
bookshelf 40 1 153 25 0.397074 0.590606
bookshelf 90 0 113 26 0.116406 0.865344
picture 194 258 202 272 0.155468 0.679085
blinds 626 362 729 481 0.116685 0.801556
blinds 494 2 723 463 0.101134 0.799495
desk 6 213 116 454 0.186952 0.234508
desk 18 23 189 309 0.103268 0.601526
clothes 401 62 457 171 0.119052 0.455369
clothes 440 65 460 149 0.103064 0.715823
fridge 6 304 121 471 0.125443 0.242581
paper 110 18 191 35 0.275348 0.556984
paper 110 31 138 35 0.218927 0.418495
paper 476 466 479 470 0.190705 0.297464
paper 99 18 110 25 0.164201 0.610691
paper 83 23 109 33 0.155019 0.617836
paper 727 504 729 507 0.153096 0.261299
paper 627 479 700 529 0.151344 0.422879
paper 509 240 515 250 0.147995 0.815258
paper 93 11 129 21 0.137843 0.649887
paper 513 240 518 251 0.13429 0.816432
paper 64 225 73 229 0.129526 0.683594
paper 727 406 729 409 0.128628 0.268034
paper 722 395 729 406 0.113052 0.325907
paper 719 501 729 515 0.109638 0.389400
towel 402 61 457 177 0.107875 0.517875
box 49 291 59 294 0.201924 0.732651
box 476 465 479 470 0.199126 0.297464
box 110 12 194 36 0.195371 0.531981
box 476 471 481 478 0.177285 0.412083
box 109 31 139 36 0.129152 0.418495
box 99 17 110 24 0.128547 0.610691
box 627 475 701 528 0.108346 0.422879
box 92 11 129 22 0.10707 0.649887
box 82 22 109 33 0.101738 0.617836
box 104 8 114 10 0.100516 0.746562
person 383 412 438 445 0.178454 0.753985
