chair 534 0 572 52 0.105506 0.645569
table 355 223 401 381 0.443998 0.390522
table 18 208 395 453 0.403901 0.384523
table 346 199 594 384 0.401787 0.443810
table 2 171 114 490 0.151258 0.452886
table 569 9 687 128 0.127065 0.647608
table 266 214 424 390 0.102536 0.720638
door 668 164 723 529 0.157889 0.268698
door 429 4 520 190 0.124195 0.763376
door 506 2 574 216 0.103789 0.645261
bookshelf 525 10 673 222 0.110663 0.769829
picture 372 2 432 48 0.884588 0.056606
picture 371 78 472 186 0.268369 0.248799
picture 527 1 537 11 0.233269 0.658997
picture 685 130 729 379 0.205953 0.316776
picture 529 2 570 31 0.181384 0.702809
picture 700 152 729 212 0.163057 0.543481
picture 401 138 405 145 0.157794 0.545013
picture 727 1 729 33 0.143836 0.201814
picture 524 8 535 34 0.102368 0.810371
desk 14 235 254 450 0.746119 0.160380
desk 157 199 377 428 0.494278 0.399923
mirror 679 137 728 426 0.159666 0.399515
fridge 665 117 729 529 0.202481 0.233948
paper 1 186 47 222 0.829651 0.115476
paper 35 163 41 189 0.80012 0.182758
paper 30 138 73 189 0.749203 0.188926
paper 4 119 85 268 0.71511 0.143158
paper 26 109 73 162 0.600376 0.255119
paper 424 93 450 130 0.418595 0.432953
paper 83 254 93 261 0.417464 0.573792
paper 100 233 267 280 0.341733 0.609894
paper 87 260 96 264 0.308303 0.685833
paper 78 261 181 291 0.281721 0.707713
paper 445 126 452 133 0.235588 0.623712
paper 75 149 78 164 0.200159 0.679807
paper 370 84 443 131 0.18692 0.577883
paper 143 268 175 274 0.183488 0.808684
paper 91 261 101 279 0.160087 0.835281
paper 664 521 664 529 0.158814 0.158015
paper 386 109 410 138 0.158141 0.585217
paper 2 216 67 243 0.140693 0.399852
paper 158 235 182 247 0.132026 0.804471
paper 51 113 67 115 0.126757 0.714925
paper 436 172 461 182 0.117484 0.641840
paper 186 220 270 234 0.11402 0.804127
paper 488 247 490 252 0.112904 0.762813
paper 259 238 270 240 0.11091 0.879017
paper 724 368 729 370 0.107779 0.229303
paper 19 287 100 433 0.106835 0.303422
paper 388 128 389 133 0.106542 0.701029
paper 250 230 258 245 0.106174 0.852498
paper 727 1 729 32 0.10401 0.201814
box 574 3 698 49 0.971337 0.009392
box 668 2 700 35 0.729104 0.097490
box 574 1 584 45 0.698727 0.183244
box 661 3 670 38 0.657162 0.151979
box 357 188 384 237 0.481956 0.486956
box 667 1 671 8 0.479268 0.307644
box 424 93 459 165 0.43202 0.274829
box 355 72 468 225 0.410679 0.446300
box 1 214 64 244 0.407468 0.399852
box 698 32 700 34 0.407209 0.389421
box 578 31 581 37 0.401774 0.509835
box 395 57 424 85 0.387414 0.430645
box 414 175 489 210 0.334049 0.477001
box 345 169 370 234 0.295367 0.642602
box 353 173 484 249 0.284665 0.604150
box 5 214 85 294 0.250142 0.544526
box 6 147 85 487 0.244088 0.407925
box 664 520 665 529 0.24119 0.158015
box 343 42 392 120 0.236659 0.668782
box 438 133 459 166 0.225731 0.536879
box 699 0 729 34 0.198528 0.197867
box 368 82 446 132 0.197487 0.577883
box 355 58 390 80 0.197201 0.667862
box 435 172 473 182 0.196743 0.625394
box 660 36 699 46 0.177289 0.611785
box 369 44 416 82 0.166119 0.716756
box 1 113 88 225 0.156317 0.102708
box 140 370 199 448 0.146626 0.324492
box 592 47 600 48 0.145943 0.739593
box 722 0 729 39 0.143771 0.171223
box 417 194 471 238 0.139507 0.612100
box 726 126 729 127 0.128043 0.511769
box 656 41 664 48 0.1177 0.630779
box 682 36 685 37 0.116488 0.662642
box 384 198 398 231 0.111161 0.861162
box 438 223 493 252 0.107371 0.763302
box 534 4 575 48 0.105177 0.645569
box 395 212 398 214 0.104026 0.876464
box 168 151 237 183 0.103864 0.646439
box 394 215 400 226 0.102445 0.871645
box 589 44 604 48 0.101972 0.766048
toilet 664 218 729 498 0.116302 0.299854
lamp 701 0 717 35 0.346045 0.268602
lamp 722 0 729 40 0.287762 0.171223
lamp 670 1 728 40 0.105881 0.098163
garbage_bin 309 314 366 393 0.972058 0.027356
garbage_bin 388 232 482 387 0.971307 0.014596
garbage_bin 383 250 412 276 0.645921 0.348101
garbage_bin 126 327 200 455 0.634938 0.147142
garbage_bin 393 248 461 277 0.595473 0.392033
garbage_bin 129 370 163 397 0.584433 0.291218
garbage_bin 411 277 429 298 0.581666 0.404844
garbage_bin 382 250 392 268 0.428394 0.564852
garbage_bin 133 372 146 375 0.416577 0.561575
garbage_bin 409 277 414 283 0.393014 0.599883
garbage_bin 575 183 651 347 0.298458 0.590954
garbage_bin 364 233 389 377 0.273745 0.603511
garbage_bin 159 375 174 385 0.207945 0.509168
garbage_bin 154 363 190 380 0.189947 0.695736
garbage_bin 396 251 403 254 0.172313 0.813848
garbage_bin 417 280 426 285 0.168539 0.828340
garbage_bin 300 225 388 381 0.164995 0.720638
garbage_bin 295 329 313 351 0.160293 0.828119
garbage_bin 133 339 172 375 0.159379 0.667038
garbage_bin 559 254 643 299 0.149368 0.792197
garbage_bin 310 327 320 346 0.138838 0.857198
garbage_bin 294 341 294 347 0.10277 0.869647
