0.471031 0.000419 0.000233 0.424490 0.005086 0.024337 0.000113 0.000111 0.000895 0.001390 0.000898 0.000085 0.004264 0.000308 0.000963 0.000103 0.000809 0.000453 0.000744 0.002535 0.000666 0.051181 0.000234 0.000890 0.000546 0.000145 0.000242 0.001763 0.000076 0.002594 0.001097 0.001300
0.137768 0.000272 0.000075 0.277630 0.000129 0.555803 0.000041 0.000031 0.000087 0.000232 0.001409 0.000014 0.020629 0.000116 0.000074 0.000042 0.000099 0.000320 0.000162 0.000395 0.000507 0.001107 0.000082 0.000070 0.000223 0.000174 0.000555 0.000344 0.000165 0.000298 0.000944 0.000204
0.580885 0.002656 0.001040 0.167506 0.005256 0.035512 0.001764 0.001346 0.002135 0.016022 0.002596 0.000878 0.004128 0.003188 0.007047 0.002376 0.006788 0.005263 0.006556 0.011605 0.007663 0.061488 0.001487 0.013097 0.003171 0.001926 0.001506 0.009181 0.001242 0.021057 0.006972 0.006664
0.757549 0.000771 0.000163 0.113882 0.000862 0.069373 0.000506 0.000372 0.000499 0.003965 0.000994 0.000252 0.002011 0.000628 0.001081 0.000833 0.001659 0.001285 0.001168 0.003546 0.001329 0.014596 0.001021 0.004694 0.000633 0.000584 0.000648 0.006778 0.000456 0.004332 0.001661 0.001870
0.012658 0.000141 0.000070 0.000417 0.000039 0.949394 0.000007 0.000007 0.000101 0.000024 0.001463 0.000005 0.035127 0.000027 0.000005 0.000006 0.000004 0.000032 0.000015 0.000038 0.000009 0.000026 0.000013 0.000013 0.000039 0.000031 0.000145 0.000032 0.000038 0.000011 0.000039 0.000026
0.033581 0.001900 0.002929 0.001540 0.000506 0.816227 0.000062 0.000042 0.000224 0.000146 0.005470 0.000031 0.131652 0.001370 0.000087 0.000036 0.000074 0.000220 0.000172 0.000176 0.000124 0.000269 0.000058 0.000092 0.000874 0.000230 0.000722 0.000410 0.000268 0.000088 0.000345 0.000075
0.470260 0.001411 0.000413 0.261847 0.001951 0.117799 0.000613 0.000406 0.000877 0.003728 0.001553 0.000282 0.006418 0.001284 0.001701 0.000707 0.002509 0.001841 0.002636 0.007535 0.001794 0.081976 0.001281 0.003851 0.002392 0.000526 0.000681 0.007369 0.000359 0.006586 0.003015 0.004401
0.531302 0.018328 0.004398 0.081129 0.010842 0.107813 0.003386 0.004448 0.030553 0.008104 0.016888 0.002184 0.029366 0.006050 0.001626 0.002251 0.004224 0.008180 0.012194 0.008954 0.002681 0.058329 0.001710 0.009326 0.006455 0.000936 0.001469 0.003005 0.001340 0.008511 0.006539 0.007482
0.406182 0.002160 0.000051 0.000227 0.000247 0.000203 0.131195 0.006554 0.001498 0.216295 0.001014 0.008713 0.000005 0.000422 0.001266 0.058227 0.011257 0.003103 0.001387 0.058281 0.028636 0.021613 0.006642 0.001821 0.000389 0.002161 0.000337 0.008591 0.000474 0.015617 0.003221 0.002208
0.138896 0.000383 0.000002 0.000025 0.000102 0.000010 0.000067 0.000021 0.859565 0.000108 0.000100 0.000030 0.000013 0.000003 0.000001 0.000012 0.000004 0.000049 0.000057 0.000084 0.000002 0.000248 0.000082 0.000014 0.000006 0.000015 0.000012 0.000030 0.000002 0.000004 0.000011 0.000045
0.239105 0.001236 0.000016 0.001383 0.000352 0.001098 0.000120 0.000108 0.741456 0.000283 0.003588 0.000043 0.001109 0.000078 0.000046 0.000026 0.000040 0.000411 0.000248 0.001420 0.000044 0.005851 0.000079 0.000132 0.000160 0.000085 0.000280 0.000170 0.000044 0.000130 0.000506 0.000353
0.244916 0.013011 0.000107 0.000421 0.000312 0.000795 0.001484 0.000344 0.645719 0.006723 0.000225 0.000150 0.000936 0.002122 0.000130 0.000869 0.000270 0.007713 0.048479 0.001699 0.000127 0.011930 0.000078 0.000266 0.002737 0.000337 0.000058 0.001325 0.000061 0.000680 0.003620 0.002355
0.368852 0.002543 0.000064 0.002846 0.001030 0.001435 0.000363 0.000267 0.574669 0.000720 0.007283 0.000121 0.002430 0.000319 0.000169 0.000059 0.000182 0.001353 0.000492 0.003631 0.000185 0.025815 0.000174 0.000362 0.000401 0.000215 0.000432 0.000357 0.000141 0.000518 0.001972 0.000600
0.547355 0.008768 0.000230 0.003480 0.001217 0.001238 0.001044 0.000567 0.391210 0.002272 0.005518 0.000733 0.002274 0.000881 0.000214 0.000208 0.000334 0.001507 0.001924 0.005134 0.000295 0.015642 0.000710 0.000625 0.001654 0.000427 0.000351 0.000606 0.000176 0.000729 0.001544 0.001134
0.667368 0.002191 0.000001 0.000082 0.000026 0.000005 0.000804 0.000068 0.326473 0.000153 0.000080 0.000220 0.000002 0.000003 0.000001 0.000045 0.000006 0.000068 0.000047 0.000052 0.000001 0.000224 0.001970 0.000010 0.000003 0.000030 0.000007 0.000022 0.000002 0.000004 0.000013 0.000022
0.655287 0.003415 0.000054 0.003024 0.000633 0.001292 0.000679 0.000279 0.309705 0.000799 0.004423 0.000165 0.000946 0.000211 0.000139 0.000058 0.000192 0.001973 0.000222 0.002985 0.000153 0.009889 0.000254 0.000322 0.000262 0.000432 0.000343 0.000270 0.000158 0.000293 0.000854 0.000287
0.697364 0.000742 0.000059 0.002416 0.000386 0.000946 0.000256 0.000254 0.240901 0.001363 0.003385 0.000152 0.001338 0.000226 0.000344 0.000089 0.000256 0.000714 0.000600 0.007935 0.000348 0.034111 0.000139 0.000544 0.000418 0.000208 0.000479 0.000753 0.000130 0.000938 0.001160 0.001043
0.663143 0.006400 0.000098 0.005425 0.003169 0.001404 0.001595 0.000728 0.240081 0.001993 0.009456 0.000372 0.001420 0.000495 0.000298 0.000174 0.000500 0.003275 0.000561 0.005836 0.000432 0.042808 0.001440 0.000744 0.000414 0.001169 0.000743 0.000719 0.000492 0.000893 0.002925 0.000800
0.801251 0.000509 0.000036 0.000134 0.000108 0.000096 0.000110 0.000033 0.190759 0.000323 0.000292 0.000022 0.000288 0.000108 0.000076 0.000009 0.000057 0.000286 0.000132 0.002057 0.000074 0.001533 0.000004 0.000045 0.000195 0.000102 0.000058 0.000076 0.000023 0.000203 0.000889 0.000110
0.787749 0.000386 0.000031 0.001915 0.000110 0.000677 0.000148 0.000109 0.186772 0.000512 0.001966 0.000075 0.000494 0.000081 0.000167 0.000035 0.000133 0.000282 0.000143 0.005583 0.000138 0.010341 0.000045 0.000227 0.000213 0.000124 0.000193 0.000288 0.000053 0.000336 0.000366 0.000307
0.680945 0.002147 0.000117 0.005329 0.001010 0.002012 0.000753 0.000505 0.150223 0.003393 0.005517 0.000378 0.002125 0.000673 0.000626 0.000196 0.000405 0.003023 0.001514 0.024510 0.000772 0.096623 0.000447 0.001347 0.001039 0.000312 0.001055 0.002323 0.000217 0.002232 0.005488 0.002744
0.817010 0.003145 0.000118 0.002224 0.000497 0.000506 0.000926 0.000451 0.130015 0.002703 0.004709 0.000558 0.002248 0.000697 0.000192 0.000108 0.000361 0.001574 0.002370 0.008815 0.000449 0.012565 0.000381 0.000426 0.002261 0.000405 0.000313 0.000454 0.000105 0.000794 0.001226 0.001395
0.755655 0.031247 0.000047 0.008236 0.001271 0.000900 0.017253 0.001640 0.125630 0.006371 0.003580 0.002045 0.000146 0.000504 0.000514 0.001808 0.000912 0.001737 0.000894 0.005498 0.000448 0.013227 0.005912 0.000507 0.000600 0.002803 0.000847 0.002205 0.000506 0.001199 0.004482 0.001376
0.728643 0.002352 0.000034 0.003749 0.000846 0.000726 0.000904 0.000370 0.111409 0.003101 0.002705 0.000503 0.000267 0.000174 0.000257 0.000133 0.000421 0.001855 0.000351 0.011720 0.000469 0.121610 0.000704 0.000675 0.000192 0.000307 0.000247 0.001047 0.000106 0.001517 0.001956 0.000648
0.779577 0.003949 0.000876 0.010475 0.002154 0.010168 0.000752 0.000589 0.104880 0.004217 0.005342 0.000788 0.003914 0.000964 0.000340 0.000484 0.000991 0.000705 0.002796 0.009367 0.000584 0.043006 0.000233 0.004742 0.001011 0.000177 0.000403 0.001513 0.000184 0.001707 0.001147 0.001965
0.406182 0.002160 0.000051 0.000227 0.000247 0.000203 0.131195 0.006554 0.001498 0.216295 0.001014 0.008713 0.000005 0.000422 0.001266 0.058227 0.011257 0.003103 0.001387 0.058281 0.028636 0.021613 0.006642 0.001821 0.000389 0.002161 0.000337 0.008591 0.000474 0.015617 0.003221 0.002208
0.600327 0.006134 0.002461 0.001008 0.008185 0.000727 0.003378 0.001521 0.017775 0.195110 0.000898 0.001702 0.000063 0.002434 0.027391 0.011149 0.012687 0.000731 0.012005 0.022097 0.003789 0.016689 0.000506 0.012288 0.003093 0.000268 0.000228 0.009074 0.000219 0.017870 0.001727 0.006469
0.772606 0.000773 0.000467 0.000047 0.000218 0.000036 0.001265 0.000371 0.006802 0.170236 0.000061 0.000463 0.000002 0.000236 0.003103 0.008494 0.007108 0.000078 0.001553 0.007387 0.002929 0.003603 0.000074 0.001477 0.000371 0.000029 0.000019 0.002427 0.000010 0.006574 0.000179 0.001003
0.774674 0.000756 0.000026 0.001417 0.000159 0.000126 0.000649 0.000260 0.000478 0.158742 0.000017 0.001384 0.000003 0.000103 0.001408 0.007104 0.000527 0.000216 0.000672 0.004943 0.000192 0.003204 0.001760 0.000891 0.000065 0.000045 0.000007 0.039057 0.000013 0.000571 0.000042 0.000490
0.572756 0.021375 0.000393 0.001600 0.002815 0.000564 0.002438 0.001174 0.019877 0.144366 0.000659 0.000918 0.000103 0.002790 0.007548 0.004668 0.002600 0.001608 0.004961 0.075010 0.003881 0.069025 0.001239 0.004005 0.011338 0.000748 0.000213 0.020295 0.000281 0.013426 0.003205 0.004120
0.728654 0.003061 0.000352 0.001723 0.000493 0.000285 0.002875 0.001188 0.001047 0.128659 0.000113 0.004947 0.000009 0.000235 0.005703 0.023114 0.003035 0.000407 0.000715 0.018027 0.001158 0.004648 0.003043 0.002377 0.000408 0.000306 0.000047 0.059860 0.000102 0.002106 0.000188 0.001116
0.679581 0.000271 0.000070 0.000993 0.000163 0.000030 0.000729 0.000235 0.005852 0.111985 0.000056 0.000942 0.000001 0.000075 0.002245 0.006226 0.002557 0.000197 0.002012 0.041738 0.001551 0.102295 0.000234 0.004708 0.000253 0.000017 0.000028 0.020584 0.000006 0.011318 0.000191 0.002856
0.602519 0.006191 0.000562 0.010884 0.048946 0.009588 0.001291 0.001256 0.008029 0.008246 0.108486 0.000519 0.001233 0.001313 0.004027 0.000498 0.002011 0.001969 0.001511 0.037656 0.003112 0.048865 0.001929 0.004035 0.001489 0.002469 0.004092 0.004940 0.003095 0.007664 0.058452 0.003124
0.581914 0.005719 0.000617 0.010160 0.041860 0.005516 0.001525 0.001151 0.007495 0.006847 0.107427 0.000479 0.001011 0.001313 0.004472 0.000482 0.001811 0.002236 0.001271 0.048398 0.003373 0.056616 0.001551 0.003138 0.001720 0.003261 0.004665 0.004288 0.003234 0.007517 0.075772 0.003163
0.052411 0.005606 0.003720 0.001122 0.000464 0.547218 0.000097 0.000045 0.000898 0.000116 0.012482 0.000034 0.368633 0.003164 0.000047 0.000036 0.000048 0.000340 0.000213 0.000115 0.000064 0.000211 0.000064 0.000138 0.001107 0.000225 0.000547 0.000169 0.000263 0.000056 0.000255 0.000093
0.033973 0.000540 0.000141 0.000236 0.000043 0.850579 0.000006 0.000003 0.000049 0.000008 0.006775 0.000002 0.107208 0.000052 0.000002 0.000004 0.000003 0.000027 0.000009 0.000010 0.000006 0.000010 0.000009 0.000007 0.000046 0.000019 0.000163 0.000008 0.000034 0.000004 0.000018 0.000007
0.284027 0.003425 0.000174 0.001120 0.000447 0.000589 0.004338 0.000860 0.016209 0.013822 0.002882 0.002110 0.000278 0.001221 0.001705 0.000913 0.001400 0.007527 0.001466 0.289744 0.006567 0.302108 0.001727 0.001671 0.001906 0.001413 0.000604 0.012416 0.000311 0.008000 0.025118 0.003904
0.409430 0.003516 0.008586 0.007501 0.010980 0.027152 0.005538 0.002291 0.004343 0.017560 0.023888 0.002909 0.005001 0.004975 0.014273 0.001251 0.005948 0.006650 0.003752 0.201721 0.011287 0.103978 0.002875 0.005994 0.004412 0.007592 0.002433 0.013024 0.011863 0.014440 0.050214 0.004622
0.205797 0.007034 0.008266 0.010852 0.017843 0.022128 0.013048 0.005363 0.010734 0.036535 0.021780 0.005730 0.004275 0.009033 0.022953 0.003549 0.012980 0.013603 0.006954 0.196784 0.020933 0.103581 0.006738 0.009241 0.007875 0.015421 0.004233 0.029570 0.017270 0.029764 0.110735 0.009399
0.483162 0.000411 0.000101 0.001464 0.000518 0.000105 0.001718 0.000494 0.003931 0.057871 0.000263 0.001304 0.000009 0.000274 0.005585 0.006093 0.002935 0.001017 0.001843 0.183083 0.005701 0.176562 0.000846 0.003964 0.000613 0.000169 0.000237 0.029670 0.000052 0.020745 0.002608 0.006653
0.281298 0.008059 0.007201 0.011580 0.012470 0.024318 0.013507 0.005385 0.011216 0.024137 0.023965 0.006537 0.008529 0.009224 0.015742 0.003209 0.010821 0.014793 0.005954 0.172060 0.021503 0.084701 0.006241 0.009724 0.008436 0.015416 0.006839 0.029267 0.016118 0.024806 0.097280 0.009661
0.199379 0.007719 0.009645 0.013970 0.023673 0.025130 0.017361 0.006555 0.016486 0.035149 0.022398 0.006280 0.004695 0.010766 0.020288 0.004887 0.013999 0.016505 0.011329 0.170488 0.019437 0.095836 0.006311 0.009977 0.008689 0.016695 0.004121 0.027075 0.015031 0.027131 0.122029 0.010967
0.504899 0.000265 0.000236 0.011281 0.004275 0.008295 0.000587 0.000662 0.000362 0.010403 0.002804 0.000346 0.000555 0.000488 0.006255 0.000480 0.004421 0.003186 0.004191 0.149954 0.015885 0.135848 0.000441 0.002112 0.003342 0.002289 0.009623 0.031477 0.002027 0.018980 0.054803 0.009229
0.625161 0.009244 0.001089 0.003180 0.004283 0.001274 0.001663 0.001781 0.017993 0.024138 0.006260 0.002380 0.000615 0.001565 0.003967 0.001156 0.003547 0.001251 0.001530 0.138442 0.006346 0.081455 0.026738 0.002829 0.004479 0.001451 0.001375 0.006382 0.002000 0.009102 0.004735 0.002590
0.542753 0.000240 0.000098 0.002461 0.000302 0.002552 0.001575 0.000889 0.001703 0.094827 0.001376 0.000352 0.000283 0.000545 0.002032 0.002275 0.004347 0.032022 0.003922 0.132823 0.016149 0.087622 0.000729 0.002152 0.000721 0.004031 0.003348 0.008823 0.001303 0.016940 0.017993 0.012811
0.695053 0.006146 0.000906 0.002698 0.003812 0.000995 0.001180 0.001317 0.014909 0.020818 0.003892 0.001581 0.000352 0.001157 0.004126 0.000941 0.002582 0.000826 0.001082 0.131577 0.005577 0.057203 0.012865 0.002348 0.003177 0.001054 0.001026 0.006277 0.001563 0.007526 0.003398 0.002040
0.445841 0.002416 0.003596 0.012979 0.013883 0.019705 0.004816 0.002219 0.005691 0.028546 0.010924 0.002038 0.003289 0.006215 0.017934 0.001409 0.011722 0.005169 0.004128 0.130102 0.012925 0.108243 0.002590 0.013096 0.004391 0.003283 0.002002 0.020448 0.007387 0.037927 0.048439 0.006647
0.597620 0.003167 0.004635 0.006687 0.005350 0.011012 0.003536 0.001550 0.003203 0.016384 0.011829 0.002576 0.002998 0.003804 0.012584 0.000913 0.005400 0.002739 0.001802 0.125831 0.008830 0.091669 0.002045 0.007203 0.002969 0.003604 0.002420 0.014242 0.004711 0.015492 0.019207 0.003988
0.284682 0.000702 0.000605 0.003591 0.001341 0.029074 0.001333 0.002085 0.002110 0.036024 0.009257 0.000516 0.002146 0.001218 0.004034 0.001935 0.005648 0.028975 0.004198 0.124423 0.017363 0.273856 0.001340 0.004022 0.002223 0.010311 0.025509 0.026628 0.005360 0.013972 0.054803 0.020716
0.425519 0.000217 0.000128 0.000282 0.000535 0.001280 0.000129 0.000153 0.000389 0.001046 0.016425 0.000062 0.000373 0.000308 0.002437 0.000058 0.002757 0.000824 0.000136 0.116061 0.003935 0.190343 0.000073 0.000647 0.001732 0.001798 0.009219 0.005845 0.001668 0.004512 0.208122 0.002987
0.353862 0.004221 0.006056 0.021926 0.024777 0.023790 0.009086 0.003598 0.011670 0.029573 0.015695 0.003691 0.005425 0.010580 0.018781 0.002095 0.014493 0.006903 0.005684 0.112608 0.011276 0.114044 0.004396 0.020642 0.006096 0.006114 0.002450 0.026528 0.009025 0.034014 0.070670 0.010228
0.518051 0.007273 0.001552 0.002220 0.002314 0.003159 0.011856 0.004568 0.002213 0.054581 0.006959 0.009270 0.000490 0.003241 0.011882 0.003112 0.009689 0.007333 0.002849 0.108569 0.025693 0.060485 0.012053 0.004774 0.003404 0.010217 0.003079 0.022790 0.007546 0.020968 0.053159 0.004651
0.341803 0.007008 0.006721 0.016016 0.022868 0.026340 0.012551 0.005282 0.011012 0.041264 0.023632 0.004861 0.004061 0.010515 0.023906 0.002722 0.015052 0.007478 0.006460 0.108407 0.012407 0.112680 0.005301 0.020370 0.007140 0.008310 0.003168 0.026472 0.012978 0.030683 0.051322 0.011213
0.574028 0.000441 0.000074 0.000023 0.000036 0.000072 0.017898 0.002010 0.000731 0.050621 0.000731 0.001375 0.000001 0.000263 0.001149 0.008961 0.017464 0.000458 0.000414 0.102248 0.144423 0.027595 0.000674 0.000812 0.000445 0.000266 0.000359 0.007069 0.000110 0.034077 0.003858 0.001314
0.574028 0.000441 0.000074 0.000023 0.000036 0.000072 0.017898 0.002010 0.000731 0.050621 0.000731 0.001375 0.000001 0.000263 0.001149 0.008961 0.017464 0.000458 0.000414 0.102248 0.144423 0.027595 0.000674 0.000812 0.000445 0.000266 0.000359 0.007069 0.000110 0.034077 0.003858 0.001314
0.429475 0.004728 0.000117 0.005685 0.002965 0.002558 0.001603 0.000864 0.092366 0.005035 0.008479 0.000585 0.001046 0.000731 0.000619 0.000201 0.000858 0.005439 0.000685 0.032878 0.001346 0.379164 0.001278 0.001176 0.000495 0.000867 0.000862 0.002754 0.000492 0.003399 0.009720 0.001531
0.284027 0.003425 0.000174 0.001120 0.000447 0.000589 0.004338 0.000860 0.016209 0.013822 0.002882 0.002110 0.000278 0.001221 0.001705 0.000913 0.001400 0.007527 0.001466 0.289744 0.006567 0.302108 0.001727 0.001671 0.001906 0.001413 0.000604 0.012416 0.000311 0.008000 0.025118 0.003904
0.273796 0.000643 0.000528 0.004842 0.002744 0.032910 0.001064 0.001709 0.001362 0.021253 0.009922 0.000494 0.002315 0.000904 0.004183 0.001229 0.006255 0.015641 0.002783 0.101412 0.013694 0.284736 0.001587 0.006245 0.002369 0.011262 0.027826 0.032717 0.006495 0.013059 0.093888 0.020136
0.561891 0.000834 0.000109 0.076583 0.003602 0.006755 0.000581 0.000356 0.001380 0.012574 0.001064 0.000268 0.001482 0.000731 0.002239 0.000678 0.003573 0.001841 0.003501 0.019843 0.003721 0.248031 0.001554 0.006825 0.001468 0.000291 0.000820 0.009923 0.000340 0.015581 0.005520 0.006039
0.662181 0.002107 0.000095 0.001801 0.000235 0.000192 0.001359 0.000417 0.029913 0.009616 0.001007 0.001013 0.000124 0.000445 0.000913 0.000340 0.000692 0.003217 0.000463 0.063345 0.001424 0.202422 0.001489 0.001153 0.000873 0.000368 0.000241 0.004397 0.000073 0.002979 0.003516 0.001591
0.425519 0.000217 0.000128 0.000282 0.000535 0.001280 0.000129 0.000153 0.000389 0.001046 0.016425 0.000062 0.000373 0.000308 0.002437 0.000058 0.002757 0.000824 0.000136 0.116061 0.003935 0.190343 0.000073 0.000647 0.001732 0.001798 0.009219 0.005845 0.001668 0.004512 0.208122 0.002987
0.736950 0.000040 0.000008 0.000114 0.000088 0.000001 0.000694 0.000050 0.000076 0.006011 0.000035 0.000051 0.000001 0.000331 0.000117 0.000345 0.000886 0.004331 0.000044 0.050529 0.003177 0.187100 0.000782 0.000090 0.000032 0.000361 0.000256 0.000695 0.000825 0.005046 0.000663 0.000271
0.483162 0.000411 0.000101 0.001464 0.000518 0.000105 0.001718 0.000494 0.003931 0.057871 0.000263 0.001304 0.000009 0.000274 0.005585 0.006093 0.002935 0.001017 0.001843 0.183083 0.005701 0.176562 0.000846 0.003964 0.000613 0.000169 0.000237 0.029670 0.000052 0.020745 0.002608 0.006653
0.612161 0.002960 0.000174 0.003965 0.001692 0.002775 0.000609 0.000605 0.132044 0.005387 0.011215 0.000300 0.003732 0.001075 0.001113 0.000213 0.000646 0.002860 0.002411 0.026283 0.001195 0.160801 0.000361 0.001909 0.001732 0.000374 0.001516 0.003225 0.000375 0.004000 0.008531 0.003759
0.663286 0.000315 0.000764 0.001513 0.000411 0.004255 0.000397 0.000802 0.002819 0.006508 0.011269 0.000182 0.001896 0.001190 0.006633 0.000369 0.003607 0.001994 0.000451 0.092257 0.007770 0.143385 0.000106 0.001211 0.001748 0.001552 0.007088 0.005697 0.002213 0.008872 0.015829 0.003613
0.585164 0.029972 0.000936 0.003536 0.002661 0.003543 0.002394 0.001888 0.009797 0.027277 0.021010 0.002983 0.001867 0.003597 0.003797 0.001249 0.007228 0.004069 0.002540 0.063740 0.007639 0.139551 0.019719 0.001967 0.010020 0.001960 0.001892 0.004030 0.001778 0.014761 0.014190 0.003246
0.608948 0.001322 0.000273 0.047629 0.005335 0.017950 0.000556 0.000370 0.000805 0.018595 0.001735 0.000347 0.005503 0.001259 0.003575 0.000557 0.001777 0.003565 0.003588 0.052315 0.004569 0.139546 0.001341 0.003492 0.004728 0.001273 0.002658 0.035651 0.001294 0.011275 0.011593 0.006576
0.686801 0.003501 0.000052 0.000894 0.000182 0.000081 0.024498 0.000810 0.016295 0.020200 0.000185 0.001014 0.000028 0.000498 0.000669 0.002204 0.001425 0.002321 0.000642 0.075625 0.003925 0.137837 0.004203 0.000304 0.001439 0.003510 0.000237 0.002860 0.000189 0.004030 0.002296 0.001246
0.504899 0.000265 0.000236 0.011281 0.004275 0.008295 0.000587 0.000662 0.000362 0.010403 0.002804 0.000346 0.000555 0.000488 0.006255 0.000480 0.004421 0.003186 0.004191 0.149954 0.015885 0.135848 0.000441 0.002112 0.003342 0.002289 0.009623 0.031477 0.002027 0.018980 0.054803 0.009229
0.784736 0.000669 0.000036 0.011335 0.000437 0.005427 0.000187 0.000140 0.000640 0.012577 0.000844 0.000121 0.000476 0.000331 0.000552 0.000332 0.001240 0.000653 0.001295 0.022901 0.002204 0.131368 0.001143 0.001965 0.000507 0.000074 0.000502 0.004341 0.000220 0.007195 0.002687 0.002864
0.808278 0.000077 0.000046 0.003575 0.000349 0.001196 0.000111 0.000054 0.000439 0.001428 0.000368 0.000065 0.000461 0.000115 0.000511 0.000022 0.000542 0.000324 0.000184 0.043699 0.000744 0.127011 0.000047 0.000374 0.000350 0.000085 0.000162 0.002576 0.000040 0.002186 0.003694 0.000888
0.728643 0.002352 0.000034 0.003749 0.000846 0.000726 0.000904 0.000370 0.111409 0.003101 0.002705 0.000503 0.000267 0.000174 0.000257 0.000133 0.000421 0.001855 0.000351 0.011720 0.000469 0.121610 0.000704 0.000675 0.000192 0.000307 0.000247 0.001047 0.000106 0.001517 0.001956 0.000648
0.710311 0.000081 0.000037 0.000284 0.002263 0.000510 0.000055 0.000064 0.000364 0.000597 0.015553 0.000033 0.000300 0.000063 0.001294 0.000023 0.001623 0.000170 0.000062 0.079585 0.001170 0.117723 0.000050 0.000875 0.000463 0.000422 0.003406 0.002571 0.000580 0.002564 0.055242 0.001661
0.576527 0.006071 0.005310 0.020015 0.010544 0.039028 0.005889 0.001750 0.008814 0.012914 0.027476 0.002332 0.009288 0.007884 0.008047 0.000956 0.005708 0.003674 0.003450 0.048646 0.004305 0.115524 0.001744 0.016992 0.004361 0.002837 0.002229 0.010229 0.004632 0.009552 0.017917 0.005357
0.353862 0.004221 0.006056 0.021926 0.024777 0.023790 0.009086 0.003598 0.011670 0.029573 0.015695 0.003691 0.005425 0.010580 0.018781 0.002095 0.014493 0.006903 0.005684 0.112608 0.011276 0.114044 0.004396 0.020642 0.006096 0.006114 0.002450 0.026528 0.009025 0.034014 0.070670 0.010228
0.341803 0.007008 0.006721 0.016016 0.022868 0.026340 0.012551 0.005282 0.011012 0.041264 0.023632 0.004861 0.004061 0.010515 0.023906 0.002722 0.015052 0.007478 0.006460 0.108407 0.012407 0.112680 0.005301 0.020370 0.007140 0.008310 0.003168 0.026472 0.012978 0.030683 0.051322 0.011213
0.409430 0.003516 0.008586 0.007501 0.010980 0.027152 0.005538 0.002291 0.004343 0.017560 0.023888 0.002909 0.005001 0.004975 0.014273 0.001251 0.005948 0.006650 0.003752 0.201721 0.011287 0.103978 0.002875 0.005994 0.004412 0.007592 0.002433 0.013024 0.011863 0.014440 0.050214 0.004622
0.205797 0.007034 0.008266 0.010852 0.017843 0.022128 0.013048 0.005363 0.010734 0.036535 0.021780 0.005730 0.004275 0.009033 0.022953 0.003549 0.012980 0.013603 0.006954 0.196784 0.020933 0.103581 0.006738 0.009241 0.007875 0.015421 0.004233 0.029570 0.017270 0.029764 0.110735 0.009399
0.630235 0.029721 0.000735 0.005130 0.003764 0.002750 0.002701 0.002202 0.014792 0.038697 0.027792 0.003122 0.001315 0.002974 0.002516 0.001765 0.004981 0.006060 0.002023 0.036103 0.007158 0.102716 0.027245 0.002512 0.004267 0.002268 0.002718 0.004229 0.002336 0.011955 0.010183 0.003034
0.679581 0.000271 0.000070 0.000993 0.000163 0.000030 0.000729 0.000235 0.005852 0.111985 0.000056 0.000942 0.000001 0.000075 0.002245 0.006226 0.002557 0.000197 0.002012 0.041738 0.001551 0.102295 0.000234 0.004708 0.000253 0.000017 0.000028 0.020584 0.000006 0.011318 0.000191 0.002856
0.167740 0.005186 0.000041 0.000286 0.000457 0.000011 0.001388 0.000710 0.012723 0.038812 0.000243 0.002237 0.000011 0.000148 0.000341 0.000893 0.000393 0.000671 0.000560 0.047360 0.000669 0.052533 0.657799 0.001170 0.000386 0.000138 0.000041 0.004137 0.000129 0.001740 0.000216 0.000827
0.774712 0.000249 0.000036 0.001028 0.000294 0.000061 0.000838 0.000207 0.000545 0.048449 0.000007 0.000758 0.000007 0.000088 0.000660 0.002418 0.000358 0.000949 0.000488 0.004838 0.000166 0.004049 0.016366 0.000736 0.000115 0.000149 0.000019 0.140147 0.000024 0.000446 0.000107 0.000688
0.650171 0.001736 0.000246 0.007048 0.000585 0.000098 0.014759 0.000669 0.000995 0.061253 0.000037 0.001687 0.000012 0.000360 0.001185 0.086402 0.001704 0.005723 0.000558 0.018993 0.001397 0.004371 0.032483 0.000816 0.000437 0.002266 0.000180 0.100430 0.000570 0.001792 0.000145 0.000893
0.425519 0.000217 0.000128 0.000282 0.000535 0.001280 0.000129 0.000153 0.000389 0.001046 0.016425 0.000062 0.000373 0.000308 0.002437 0.000058 0.002757 0.000824 0.000136 0.116061 0.003935 0.190343 0.000073 0.000647 0.001732 0.001798 0.009219 0.005845 0.001668 0.004512 0.208122 0.002987
0.802864 0.000030 0.000003 0.000071 0.000659 0.000672 0.000014 0.000007 0.000074 0.000055 0.001334 0.000003 0.000082 0.000013 0.000144 0.000003 0.000086 0.000163 0.000041 0.011953 0.000124 0.015376 0.000005 0.000010 0.000519 0.000412 0.000557 0.000260 0.000127 0.000379 0.163715 0.000245
0.199379 0.007719 0.009645 0.013970 0.023673 0.025130 0.017361 0.006555 0.016486 0.035149 0.022398 0.006280 0.004695 0.010766 0.020288 0.004887 0.013999 0.016505 0.011329 0.170488 0.019437 0.095836 0.006311 0.009977 0.008689 0.016695 0.004121 0.027075 0.015031 0.027131 0.122029 0.010967
0.205797 0.007034 0.008266 0.010852 0.017843 0.022128 0.013048 0.005363 0.010734 0.036535 0.021780 0.005730 0.004275 0.009033 0.022953 0.003549 0.012980 0.013603 0.006954 0.196784 0.020933 0.103581 0.006738 0.009241 0.007875 0.015421 0.004233 0.029570 0.017270 0.029764 0.110735 0.009399
0.428810 0.000464 0.000513 0.006245 0.004817 0.027596 0.000789 0.001072 0.001220 0.009992 0.009068 0.000449 0.002335 0.000540 0.003212 0.000650 0.005078 0.008374 0.001667 0.071624 0.007478 0.203408 0.001131 0.004849 0.001915 0.008883 0.025996 0.031911 0.004416 0.008434 0.100893 0.016172
