chair 1 253 151 431 0.996995 0.002991
chair 281 199 364 330 0.945436 0.027315
chair 276 247 299 279 0.20349 0.790776
chair 603 392 729 527 0.1169 0.532172
chair 311 156 334 163 0.113094 0.801998
chair 267 150 310 170 0.111207 0.796957
chair 316 146 345 156 0.107764 0.855551
table 167 284 292 386 0.909997 0.064633
table 262 218 368 348 0.160679 0.521257
table 607 392 729 524 0.107898 0.532172
door 405 0 464 331 0.294018 0.522067
picture 595 130 673 175 0.677829 0.170829
picture 41 76 80 105 0.656114 0.249151
picture 206 82 266 122 0.536804 0.444839
picture 133 112 195 117 0.48754 0.421816
picture 594 134 621 170 0.398478 0.303605
picture 243 83 261 108 0.357732 0.625574
picture 1 84 14 105 0.347322 0.593466
picture 617 129 631 171 0.290573 0.398417
picture 162 88 171 97 0.289295 0.543892
picture 123 49 265 124 0.244083 0.740867
picture 60 94 81 105 0.236954 0.668756
picture 26 88 61 105 0.222543 0.642981
picture 672 51 728 260 0.207484 0.383766
picture 212 85 220 94 0.1552 0.823873
picture 137 80 146 93 0.149823 0.820141
picture 322 3 398 66 0.131404 0.583419
picture 11 58 106 104 0.124282 0.841635
picture 54 76 74 87 0.1124 0.801342
counter 172 187 175 191 0.101784 0.778478
mirror 535 81 550 187 0.135716 0.568685
fridge 404 197 491 343 0.172453 0.588253
tv 217 0 240 7 0.23633 0.687667
tv 217 5 223 8 0.143383 0.810945
paper 618 128 630 169 0.208086 0.398417
paper 628 133 660 172 0.207464 0.376520
paper 631 135 653 143 0.168152 0.638079
paper 163 88 171 97 0.146233 0.543892
paper 594 134 620 169 0.124986 0.303605
paper 176 81 189 90 0.121999 0.723060
paper 1 28 16 36 0.112672 0.300778
box 259 173 261 175 0.364149 0.496312
box 263 169 273 173 0.335611 0.495007
box 256 154 268 168 0.20821 0.636501
box 269 164 282 171 0.172684 0.649303
box 398 132 398 136 0.162366 0.518833
box 246 164 271 174 0.152661 0.764742
box 361 248 365 251 0.13964 0.746702
box 352 251 363 261 0.11297 0.787814
lamp 533 167 541 209 0.223738 0.720498
lamp 211 291 234 299 0.133345 0.804191
garbage_bin 483 215 563 350 0.918884 0.072671
garbage_bin 538 225 564 348 0.882935 0.105376
garbage_bin 485 215 505 344 0.638002 0.338498
garbage_bin 494 212 533 227 0.582409 0.414479
garbage_bin 553 315 556 331 0.558219 0.407012
garbage_bin 552 284 559 331 0.520429 0.393128
garbage_bin 402 224 536 326 0.482324 0.449982
garbage_bin 511 217 546 222 0.47258 0.522817
garbage_bin 486 323 496 347 0.466625 0.513998
garbage_bin 553 332 555 339 0.368419 0.608417
garbage_bin 541 225 658 355 0.33863 0.574493
garbage_bin 486 342 487 345 0.290946 0.690121
garbage_bin 481 217 493 224 0.243352 0.729324
garbage_bin 534 217 547 221 0.207744 0.772828
garbage_bin 534 220 552 267 0.202594 0.785585
garbage_bin 719 502 729 529 0.187437 0.116502
garbage_bin 548 223 565 262 0.144914 0.817143
garbage_bin 517 213 518 216 0.134242 0.820502
garbage_bin 520 212 532 217 0.124111 0.809720
