0.049921 0.000021 0.000009 0.914871 0.000025 0.027347 0.000007 0.000005 0.000006 0.000007 0.000050 0.000004 0.007252 0.000017 0.000010 0.000005 0.000036 0.000030 0.000013 0.000008 0.000031 0.000025 0.000003 0.000019 0.000060 0.000018 0.000032 0.000024 0.000006 0.000057 0.000057 0.000026
0.443570 0.003030 0.000330 0.197634 0.005305 0.208568 0.000489 0.000245 0.001819 0.000588 0.019781 0.000174 0.093120 0.000903 0.000457 0.000178 0.000475 0.000895 0.000425 0.002141 0.000579 0.005121 0.000851 0.000446 0.005217 0.000628 0.001582 0.001233 0.000350 0.000641 0.002245 0.000979
0.802340 0.000046 0.000002 0.143361 0.000026 0.044617 0.000011 0.000010 0.000047 0.000061 0.000371 0.000006 0.006330 0.000012 0.000032 0.000011 0.000077 0.000048 0.000055 0.000284 0.000127 0.001016 0.000023 0.000023 0.000049 0.000015 0.000117 0.000102 0.000020 0.000197 0.000481 0.000085
0.000744 0.000001 0.000000 0.000021 0.000000 0.985474 0.000000 0.000000 0.000000 0.000000 0.000002 0.000000 0.013754 0.000000 0.000000 0.000000 0.000000 0.000000 0.000000 0.000000 0.000000 0.000000 0.000000 0.000000 0.000001 0.000000 0.000000 0.000000 0.000000 0.000000 0.000000 0.000000
0.528708 0.002044 0.000159 0.099900 0.002782 0.299557 0.000376 0.000161 0.000963 0.000593 0.019171 0.000101 0.018869 0.000575 0.000444 0.000168 0.000527 0.000650 0.000327 0.002738 0.000733 0.006963 0.000646 0.000295 0.004041 0.000513 0.001511 0.001611 0.000221 0.000686 0.003260 0.000706
0.647927 0.040877 0.002787 0.008255 0.001497 0.213012 0.000770 0.000101 0.002053 0.000270 0.011368 0.000041 0.048357 0.008841 0.000041 0.000149 0.000082 0.003113 0.000818 0.000162 0.000209 0.000792 0.000299 0.000059 0.002007 0.000956 0.000844 0.000204 0.000583 0.000142 0.003240 0.000144
0.120784 0.000013 0.000001 0.000073 0.000005 0.000013 0.000043 0.000055 0.000061 0.822025 0.000025 0.000011 0.000003 0.000018 0.000258 0.000202 0.000056 0.000605 0.000065 0.033757 0.000294 0.019192 0.000050 0.000353 0.000017 0.000015 0.000013 0.000817 0.000031 0.000705 0.000012 0.000425
0.292174 0.003774 0.000083 0.001186 0.002952 0.000211 0.025975 0.005292 0.009291 0.388195 0.000401 0.007711 0.000004 0.000194 0.000607 0.130814 0.005330 0.000982 0.067047 0.010239 0.001102 0.010865 0.019201 0.003163 0.000233 0.000327 0.000119 0.003871 0.000152 0.003272 0.000581 0.004652
0.458882 0.017449 0.000015 0.002013 0.000424 0.000046 0.019410 0.000860 0.008555 0.353226 0.000222 0.002291 0.000163 0.007257 0.000373 0.004069 0.000702 0.013763 0.008381 0.016018 0.000631 0.047148 0.005970 0.003656 0.002067 0.001452 0.000047 0.014225 0.000168 0.004897 0.001462 0.004163
0.659590 0.000133 0.000001 0.000005 0.000103 0.000003 0.000229 0.000058 0.000154 0.263670 0.000008 0.000184 0.000000 0.000002 0.000215 0.003386 0.000294 0.000004 0.018133 0.047573 0.000136 0.004623 0.000228 0.000064 0.000050 0.000004 0.000001 0.000448 0.000001 0.000540 0.000009 0.000153
0.445248 0.000884 0.000369 0.016751 0.005651 0.000685 0.003350 0.000975 0.002481 0.116422 0.000407 0.001921 0.000197 0.001025 0.021995 0.006104 0.006900 0.001372 0.005397 0.148413 0.007293 0.064831 0.003884 0.006360 0.001762 0.002233 0.000515 0.088200 0.000623 0.023481 0.004725 0.009549
0.066537 0.000030 0.000002 0.000179 0.000001 0.315439 0.000001 0.000000 0.000024 0.000003 0.000061 0.000000 0.617678 0.000004 0.000000 0.000000 0.000000 0.000003 0.000001 0.000003 0.000000 0.000003 0.000005 0.000002 0.000008 0.000002 0.000003 0.000003 0.000001 0.000001 0.000001 0.000002
0.380000 0.001803 0.000060 0.084776 0.001349 0.138672 0.000121 0.000070 0.004813 0.000242 0.005502 0.000036 0.375599 0.000361 0.000049 0.000041 0.000073 0.000553 0.000292 0.000469 0.000082 0.001088 0.000253 0.000154 0.001800 0.000130 0.000253 0.000304 0.000069 0.000116 0.000405 0.000466
0.292174 0.003774 0.000083 0.001186 0.002952 0.000211 0.025975 0.005292 0.009291 0.388195 0.000401 0.007711 0.000004 0.000194 0.000607 0.130814 0.005330 0.000982 0.067047 0.010239 0.001102 0.010865 0.019201 0.003163 0.000233 0.000327 0.000119 0.003871 0.000152 0.003272 0.000581 0.004652
0.269854 0.020001 0.003405 0.027369 0.013243 0.005050 0.077403 0.009570 0.024424 0.049773 0.003863 0.006546 0.000247 0.012271 0.011387 0.107819 0.012023 0.035395 0.008319 0.042122 0.018579 0.049372 0.008007 0.007368 0.005322 0.031753 0.004907 0.052390 0.003316 0.014265 0.052498 0.012138
0.307032 0.003069 0.002139 0.027287 0.013541 0.017752 0.009575 0.004868 0.007566 0.067773 0.010765 0.005841 0.002992 0.006169 0.015172 0.005819 0.008621 0.006387 0.110410 0.133487 0.011125 0.091019 0.005758 0.008378 0.007633 0.003448 0.001293 0.014221 0.003626 0.024718 0.041728 0.020787
0.220769 0.000015 0.000036 0.000058 0.000045 0.000035 0.000073 0.000042 0.000199 0.005665 0.000438 0.000039 0.000021 0.000082 0.003323 0.000031 0.001655 0.000081 0.000077 0.608192 0.010101 0.136774 0.000059 0.000076 0.000446 0.000094 0.000724 0.000705 0.000101 0.007679 0.002040 0.000326
0.564572 0.000002 0.000013 0.000023 0.000008 0.000005 0.000025 0.000011 0.000061 0.002352 0.000115 0.000010 0.000004 0.000026 0.003736 0.000008 0.001183 0.000024 0.000018 0.386767 0.006043 0.028644 0.000012 0.000023 0.000191 0.000048 0.000351 0.000187 0.000030 0.004731 0.000641 0.000136
0.633397 0.000020 0.000059 0.000301 0.000129 0.000043 0.000107 0.000060 0.000254 0.002078 0.000312 0.000059 0.000030 0.000090 0.006762 0.000046 0.003094 0.000080 0.000071 0.304974 0.007650 0.029418 0.000061 0.000137 0.000459 0.000185 0.001130 0.000591 0.000116 0.005965 0.001926 0.000396
0.421214 0.002146 0.000611 0.001047 0.003275 0.005053 0.003336 0.001028 0.007959 0.016183 0.014278 0.000918 0.000955 0.001937 0.002579 0.000852 0.001578 0.003311 0.001884 0.303856 0.008314 0.116488 0.000811 0.001378 0.001538 0.001772 0.002074 0.007629 0.003689 0.007638 0.052494 0.002173
0.476249 0.001509 0.001783 0.007614 0.006953 0.023014 0.004035 0.001376 0.004500 0.013098 0.013587 0.001610 0.001140 0.001732 0.006938 0.000857 0.002219 0.004362 0.003238 0.268170 0.007911 0.076041 0.001147 0.001825 0.001740 0.001881 0.000796 0.007050 0.003122 0.010165 0.041935 0.002403
0.623437 0.000391 0.000325 0.018188 0.001371 0.002513 0.000394 0.000377 0.006936 0.008744 0.001618 0.000470 0.001462 0.000497 0.003776 0.000200 0.001705 0.000378 0.000654 0.261399 0.002029 0.043877 0.000438 0.001957 0.001845 0.000544 0.000923 0.004491 0.000322 0.004593 0.001914 0.002231
0.627880 0.000419 0.000580 0.015977 0.004827 0.003740 0.000597 0.000469 0.005625 0.008461 0.001611 0.000578 0.002560 0.000875 0.005733 0.000277 0.003648 0.000497 0.000725 0.242428 0.003074 0.040884 0.000615 0.002223 0.002731 0.000841 0.001157 0.004093 0.000484 0.009253 0.004815 0.002324
0.650255 0.000801 0.000401 0.011656 0.001808 0.003472 0.000477 0.000561 0.012864 0.013942 0.002190 0.000736 0.001637 0.000595 0.003214 0.000331 0.002025 0.000499 0.000863 0.221319 0.002103 0.043875 0.000907 0.002519 0.001778 0.000630 0.001065 0.007412 0.000403 0.004804 0.002404 0.002453
0.722345 0.000135 0.000186 0.013268 0.002172 0.001794 0.000271 0.000192 0.004189 0.005229 0.000734 0.000284 0.001710 0.000358 0.002808 0.000126 0.001191 0.000217 0.000444 0.202346 0.001470 0.023197 0.000288 0.001221 0.001480 0.000493 0.000716 0.002702 0.000228 0.004298 0.001893 0.002013
0.767319 0.000150 0.000091 0.011743 0.000516 0.002137 0.000108 0.000121 0.004026 0.005282 0.000766 0.000157 0.000962 0.000152 0.001321 0.000068 0.000376 0.000127 0.000250 0.179067 0.000665 0.015981 0.000253 0.000755 0.000599 0.000236 0.000474 0.002819 0.000123 0.001545 0.000611 0.001203
0.727510 0.000640 0.000654 0.005426 0.002366 0.002210 0.000714 0.000539 0.003476 0.007611 0.001403 0.000489 0.000657 0.000969 0.005120 0.000451 0.008695 0.000642 0.000455 0.151708 0.003226 0.041647 0.000412 0.001699 0.003368 0.000739 0.000789 0.005819 0.000363 0.011152 0.007751 0.001299
0.445248 0.000884 0.000369 0.016751 0.005651 0.000685 0.003350 0.000975 0.002481 0.116422 0.000407 0.001921 0.000197 0.001025 0.021995 0.006104 0.006900 0.001372 0.005397 0.148413 0.007293 0.064831 0.003884 0.006360 0.001762 0.002233 0.000515 0.088200 0.000623 0.023481 0.004725 0.009549
0.509737 0.000521 0.000082 0.002668 0.000429 0.000462 0.000780 0.000263 0.001485 0.041578 0.000821 0.000282 0.000132 0.000402 0.002546 0.000431 0.001398 0.001332 0.000475 0.143058 0.005712 0.260338 0.000313 0.000859 0.000424 0.000419 0.000275 0.005405 0.000464 0.007831 0.007790 0.001286
0.307032 0.003069 0.002139 0.027287 0.013541 0.017752 0.009575 0.004868 0.007566 0.067773 0.010765 0.005841 0.002992 0.006169 0.015172 0.005819 0.008621 0.006387 0.110410 0.133487 0.011125 0.091019 0.005758 0.008378 0.007633 0.003448 0.001293 0.014221 0.003626 0.024718 0.041728 0.020787
0.591842 0.000352 0.000041 0.004221 0.000728 0.002336 0.000449 0.000538 0.000845 0.049740 0.001756 0.000380 0.000295 0.000278 0.002472 0.001633 0.001960 0.001135 0.012287 0.121315 0.008693 0.150464 0.002808 0.001121 0.000540 0.000369 0.001423 0.012347 0.001224 0.014116 0.006890 0.005401
0.742401 0.000188 0.000753 0.004880 0.003554 0.007320 0.000922 0.000208 0.000469 0.004735 0.005331 0.000476 0.001348 0.000785 0.004611 0.000103 0.004165 0.000888 0.000680 0.118915 0.003691 0.053698 0.000116 0.000941 0.000987 0.000602 0.000430 0.002819 0.000905 0.009219 0.023065 0.000797
0.686612 0.001746 0.001285 0.008624 0.003734 0.002132 0.001493 0.001391 0.011989 0.017740 0.003119 0.001960 0.000733 0.001493 0.006497 0.001062 0.009689 0.001036 0.001318 0.111919 0.004534 0.069563 0.001147 0.005289 0.004100 0.001189 0.001633 0.014313 0.000721 0.011841 0.006824 0.003272
0.640308 0.000281 0.000132 0.001969 0.000229 0.000319 0.000550 0.000281 0.000939 0.031854 0.000344 0.000319 0.000066 0.000335 0.004055 0.001469 0.003044 0.000514 0.000727 0.107041 0.011684 0.153656 0.000846 0.000426 0.000793 0.000425 0.000635 0.018388 0.000310 0.014017 0.002820 0.001225
0.212344 0.007958 0.005430 0.080537 0.031451 0.033737 0.016772 0.006714 0.014553 0.032076 0.024576 0.009820 0.004594 0.010285 0.022120 0.006068 0.016147 0.010238 0.019400 0.106573 0.018564 0.103325 0.008511 0.017431 0.009817 0.006781 0.003862 0.026261 0.006915 0.035092 0.073137 0.018911
0.727965 0.001537 0.000168 0.001295 0.000391 0.001243 0.006699 0.001339 0.005934 0.043655 0.002437 0.000611 0.000117 0.000816 0.001200 0.010767 0.001887 0.004758 0.002311 0.102245 0.008628 0.034764 0.001724 0.000789 0.000723 0.000832 0.001601 0.005581 0.000413 0.009040 0.015234 0.003296
0.368363 0.000262 0.000116 0.003951 0.000191 0.000986 0.000313 0.000697 0.001570 0.025345 0.001494 0.000296 0.000608 0.000479 0.001751 0.000671 0.001437 0.001967 0.000569 0.067494 0.005368 0.484874 0.000442 0.002563 0.000658 0.000298 0.001082 0.011512 0.000425 0.007989 0.001373 0.004855
0.493020 0.002305 0.000124 0.003156 0.003658 0.003011 0.000509 0.000405 0.007997 0.008066 0.008943 0.000253 0.002143 0.001048 0.001607 0.000181 0.001858 0.001063 0.000651 0.054609 0.003118 0.372842 0.001011 0.002206 0.001451 0.000541 0.002128 0.003624 0.000919 0.006964 0.008602 0.001986
0.611431 0.001619 0.000165 0.020018 0.002068 0.006175 0.000767 0.000456 0.009924 0.007930 0.001482 0.000595 0.001165 0.000796 0.001399 0.000274 0.001005 0.003564 0.001179 0.031557 0.001699 0.268959 0.000884 0.002182 0.000636 0.000596 0.001109 0.007680 0.000353 0.004763 0.005022 0.002550
0.411593 0.000520 0.000201 0.001728 0.000515 0.001015 0.000592 0.000369 0.001370 0.038052 0.001206 0.000390 0.000172 0.000492 0.006340 0.001252 0.004361 0.000511 0.001072 0.194127 0.017987 0.263203 0.001033 0.000764 0.001344 0.000505 0.001658 0.017433 0.000756 0.020094 0.007539 0.001804
0.509737 0.000521 0.000082 0.002668 0.000429 0.000462 0.000780 0.000263 0.001485 0.041578 0.000821 0.000282 0.000132 0.000402 0.002546 0.000431 0.001398 0.001332 0.000475 0.143058 0.005712 0.260338 0.000313 0.000859 0.000424 0.000419 0.000275 0.005405 0.000464 0.007831 0.007790 0.001286
0.585353 0.001426 0.000190 0.005147 0.000645 0.002264 0.001417 0.000481 0.010728 0.009029 0.002191 0.000845 0.000748 0.000756 0.001654 0.000487 0.001501 0.002286 0.001186 0.093698 0.002970 0.234146 0.000305 0.001350 0.001280 0.000699 0.000825 0.017160 0.000248 0.006946 0.009602 0.002437
0.665328 0.007187 0.000085 0.008882 0.003518 0.005643 0.000939 0.000344 0.021964 0.006183 0.006333 0.000245 0.012088 0.003690 0.000882 0.000172 0.001229 0.002819 0.001769 0.019878 0.001696 0.203219 0.000897 0.001195 0.003985 0.000892 0.001506 0.003117 0.000583 0.003606 0.008037 0.002088
0.714017 0.000205 0.001263 0.001854 0.000241 0.000946 0.000076 0.000062 0.000180 0.003768 0.000172 0.000032 0.000469 0.000526 0.005268 0.000045 0.004507 0.000395 0.000249 0.044972 0.002695 0.195445 0.000074 0.000336 0.003515 0.000128 0.000209 0.006883 0.000085 0.005313 0.005247 0.000823
0.685037 0.002192 0.000470 0.010826 0.006417 0.012851 0.000822 0.000660 0.007633 0.005462 0.003415 0.000498 0.006756 0.001762 0.002627 0.000290 0.003160 0.002696 0.001160 0.019967 0.002647 0.193496 0.001393 0.002564 0.001983 0.000987 0.002001 0.004867 0.001109 0.005545 0.006549 0.002157
0.730821 0.000274 0.000161 0.006716 0.000337 0.005178 0.000250 0.000441 0.000655 0.004511 0.004917 0.000143 0.001300 0.000655 0.001869 0.000230 0.001607 0.000817 0.000331 0.019241 0.004821 0.178369 0.000124 0.001881 0.000959 0.000519 0.002031 0.014856 0.000502 0.006066 0.006019 0.003401
0.682876 0.000688 0.000096 0.002718 0.000552 0.001167 0.001061 0.000255 0.004714 0.006052 0.001313 0.000444 0.000327 0.000471 0.001226 0.000280 0.000992 0.001985 0.000970 0.082500 0.002524 0.170373 0.000139 0.000734 0.000841 0.000756 0.000554 0.012863 0.000162 0.005040 0.013526 0.001802
0.654890 0.007869 0.000107 0.024737 0.002190 0.004818 0.002275 0.000883 0.012628 0.012014 0.006258 0.000759 0.003828 0.001784 0.001278 0.001614 0.002011 0.004364 0.001610 0.040385 0.003799 0.163823 0.003360 0.001838 0.001725 0.001880 0.002242 0.009727 0.000921 0.008020 0.013295 0.003068
0.591842 0.000352 0.000041 0.004221 0.000728 0.002336 0.000449 0.000538 0.000845 0.049740 0.001756 0.000380 0.000295 0.000278 0.002472 0.001633 0.001960 0.001135 0.012287 0.121315 0.008693 0.150464 0.002808 0.001121 0.000540 0.000369 0.001423 0.012347 0.001224 0.014116 0.006890 0.005401
0.497890 0.001109 0.000115 0.000817 0.000096 0.020516 0.000561 0.000117 0.000528 0.001741 0.004098 0.000033 0.002879 0.001798 0.000464 0.000133 0.003254 0.006629 0.000867 0.016489 0.007896 0.142789 0.000210 0.000083 0.011835 0.003387 0.008930 0.002064 0.000609 0.006388 0.254172 0.001502
0.645004 0.002193 0.000234 0.008024 0.000408 0.001717 0.002735 0.001694 0.003612 0.058823 0.001292 0.001254 0.000505 0.001576 0.001929 0.005506 0.001897 0.008442 0.001972 0.054954 0.004884 0.142686 0.003705 0.003670 0.001318 0.000963 0.001305 0.019730 0.000803 0.007574 0.002742 0.006847
0.416485 0.002337 0.000588 0.001383 0.002870 0.005128 0.004702 0.001305 0.011028 0.019230 0.010562 0.001489 0.000748 0.001840 0.002519 0.001156 0.001742 0.004184 0.002655 0.291244 0.008201 0.128121 0.000958 0.001557 0.001448 0.002046 0.001640 0.009469 0.002967 0.007967 0.049669 0.002761
0.695651 0.000837 0.000062 0.002219 0.000298 0.003670 0.000706 0.000405 0.002743 0.026306 0.002222 0.000392 0.000441 0.000470 0.002027 0.000964 0.001819 0.001267 0.001830 0.090815 0.007822 0.122112 0.000750 0.000660 0.000859 0.000306 0.001517 0.013796 0.000447 0.008341 0.006789 0.001458
0.798804 0.001451 0.000125 0.009657 0.001787 0.006974 0.000766 0.000330 0.012307 0.004259 0.001677 0.000333 0.001101 0.000647 0.000823 0.000209 0.000709 0.003056 0.000998 0.016839 0.001207 0.120433 0.000482 0.000856 0.000697 0.000616 0.001603 0.003495 0.000363 0.002039 0.003701 0.001657
0.748558 0.002425 0.000187 0.016368 0.006970 0.002689 0.001021 0.000678 0.007616 0.005061 0.008146 0.000447 0.001817 0.001182 0.003028 0.000369 0.003957 0.000980 0.000510 0.031341 0.002457 0.119955 0.000851 0.003754 0.001299 0.000834 0.002392 0.003117 0.000869 0.009642 0.009493 0.001988
0.248379 0.008405 0.003455 0.038492 0.018772 0.033137 0.015617 0.007839 0.017740 0.039168 0.023443 0.011467 0.003710 0.007031 0.017317 0.005850 0.013091 0.010958 0.014755 0.142400 0.017043 0.106826 0.007917 0.014913 0.007948 0.006088 0.003912 0.033891 0.007356 0.028262 0.068647 0.016172
0.212344 0.007958 0.005430 0.080537 0.031451 0.033737 0.016772 0.006714 0.014553 0.032076 0.024576 0.009820 0.004594 0.010285 0.022120 0.006068 0.016147 0.010238 0.019400 0.106573 0.018564 0.103325 0.008511 0.017431 0.009817 0.006781 0.003862 0.026261 0.006915 0.035092 0.073137 0.018911
0.312393 0.004107 0.000011 0.000697 0.001039 0.000111 0.006646 0.002218 0.002064 0.046691 0.000452 0.004017 0.000003 0.000036 0.000087 0.011179 0.000469 0.000510 0.004542 0.003637 0.000224 0.004228 0.590838 0.000452 0.000040 0.000099 0.000058 0.001648 0.000090 0.000518 0.000166 0.000729
0.680014 0.006593 0.000819 0.003245 0.001208 0.001310 0.003922 0.002280 0.003102 0.032259 0.000421 0.006532 0.000181 0.000316 0.000986 0.005279 0.004923 0.000755 0.000777 0.019355 0.002726 0.014235 0.155069 0.001259 0.000657 0.001071 0.000349 0.046607 0.000530 0.001666 0.000824 0.000731
0.804137 0.002039 0.000023 0.000331 0.000232 0.000029 0.001954 0.000725 0.000258 0.019034 0.000105 0.003025 0.000008 0.000024 0.000107 0.002259 0.000741 0.000248 0.000153 0.003873 0.000404 0.001328 0.154264 0.000120 0.000043 0.000345 0.000035 0.003699 0.000068 0.000276 0.000040 0.000074
0.652030 0.000069 0.000005 0.000367 0.000005 0.000030 0.000100 0.000019 0.000017 0.004664 0.000001 0.000213 0.000002 0.000036 0.000326 0.000100 0.000139 0.000016 0.000014 0.001367 0.000040 0.000170 0.000218 0.000053 0.000138 0.000023 0.000001 0.339635 0.000001 0.000123 0.000041 0.000038
0.827383 0.000148 0.000165 0.000411 0.000031 0.000840 0.000291 0.000350 0.000272 0.006293 0.000058 0.001157 0.000020 0.000064 0.001371 0.000838 0.002064 0.000039 0.000154 0.008057 0.001322 0.001610 0.000274 0.000371 0.000220 0.000069 0.000043 0.143976 0.000023 0.001529 0.000340 0.000216
0.497890 0.001109 0.000115 0.000817 0.000096 0.020516 0.000561 0.000117 0.000528 0.001741 0.004098 0.000033 0.002879 0.001798 0.000464 0.000133 0.003254 0.006629 0.000867 0.016489 0.007896 0.142789 0.000210 0.000083 0.011835 0.003387 0.008930 0.002064 0.000609 0.006388 0.254172 0.001502
0.863609 0.000003 0.000005 0.000055 0.000010 0.000052 0.000015 0.000004 0.000005 0.000048 0.000120 0.000002 0.000001 0.000016 0.000176 0.000001 0.000445 0.000078 0.000003 0.003551 0.000467 0.001268 0.000000 0.000009 0.000182 0.000696 0.000177 0.000063 0.000021 0.000607 0.128294 0.000018
