0.629492 0.001572 0.000117 0.113633 0.004750 0.005074 0.001569 0.001088 0.004243 0.020996 0.004456 0.001634 0.000977 0.000776 0.003262 0.002508 0.005073 0.003614 0.003973 0.043841 0.007359 0.043091 0.006080 0.004182 0.001225 0.001214 0.003889 0.050679 0.001351 0.012002 0.007449 0.008834
0.585096 0.003134 0.002093 0.105159 0.016088 0.013506 0.006768 0.003207 0.020022 0.016875 0.007442 0.005889 0.003714 0.002628 0.008235 0.001947 0.006722 0.003033 0.002862 0.034104 0.004609 0.036099 0.012947 0.006426 0.004833 0.008475 0.003681 0.035195 0.002865 0.009986 0.018551 0.007811
0.791115 0.003877 0.000055 0.000087 0.000023 0.117480 0.000027 0.000003 0.000440 0.000023 0.002330 0.000002 0.075456 0.001215 0.000001 0.000006 0.000020 0.006043 0.000054 0.000036 0.000016 0.000268 0.000005 0.000007 0.000326 0.000037 0.000260 0.000021 0.000026 0.000015 0.000712 0.000017
0.579642 0.048306 0.000329 0.007843 0.000982 0.001313 0.207942 0.005334 0.013404 0.006695 0.003639 0.022305 0.000478 0.002533 0.000703 0.008338 0.003822 0.011528 0.001614 0.006318 0.002265 0.005426 0.011199 0.000971 0.001545 0.016450 0.001580 0.008359 0.000603 0.002292 0.014203 0.002039
0.391469 0.000283 0.000126 0.000634 0.000049 0.000282 0.000098 0.000045 0.599269 0.000958 0.000083 0.000040 0.000859 0.000115 0.000078 0.000035 0.000100 0.000144 0.000198 0.001600 0.000053 0.001774 0.000025 0.000110 0.000237 0.000052 0.000031 0.000677 0.000011 0.000132 0.000099 0.000334
0.747915 0.006318 0.000215 0.000795 0.001491 0.000195 0.009793 0.000354 0.109760 0.003196 0.000732 0.000499 0.001163 0.001843 0.000158 0.000362 0.000750 0.051551 0.001015 0.002876 0.000933 0.012387 0.001231 0.000253 0.000737 0.019713 0.001600 0.001759 0.000573 0.001062 0.017281 0.001491
0.882481 0.000160 0.000018 0.000278 0.000029 0.000095 0.000144 0.000049 0.102739 0.000990 0.000155 0.000052 0.000063 0.000035 0.000082 0.000052 0.000063 0.000126 0.000138 0.006014 0.000173 0.004439 0.000047 0.000120 0.000076 0.000050 0.000061 0.000438 0.000010 0.000260 0.000254 0.000310
0.305872 0.000117 0.000167 0.000381 0.000217 0.001357 0.000263 0.000119 0.000549 0.118841 0.000531 0.000119 0.000290 0.000706 0.002998 0.000104 0.003036 0.004264 0.000415 0.297721 0.011676 0.200269 0.000228 0.001039 0.000850 0.000282 0.000185 0.001869 0.000375 0.039866 0.004102 0.001193
0.668403 0.000319 0.000040 0.002348 0.000991 0.000699 0.002070 0.000721 0.000641 0.115987 0.000547 0.000373 0.000178 0.000178 0.000515 0.003736 0.001359 0.061849 0.001802 0.076024 0.010917 0.020342 0.001646 0.001881 0.000186 0.001274 0.000774 0.007903 0.001231 0.009747 0.001473 0.003844
0.526779 0.001542 0.000510 0.001121 0.000610 0.000352 0.010892 0.002423 0.002534 0.103937 0.000355 0.045414 0.000026 0.000625 0.007865 0.010014 0.016927 0.000862 0.004410 0.075541 0.011445 0.047206 0.001848 0.006295 0.001294 0.001224 0.000225 0.090134 0.000316 0.017379 0.006489 0.003405
0.600857 0.006168 0.000201 0.001031 0.001616 0.000365 0.014478 0.000385 0.047519 0.002419 0.000500 0.000702 0.000917 0.001877 0.000106 0.000559 0.001082 0.204956 0.002142 0.002892 0.001623 0.021374 0.002298 0.000141 0.000666 0.036614 0.002375 0.001773 0.000760 0.001245 0.038369 0.001991
0.357724 0.000033 0.000018 0.000092 0.000024 0.000295 0.000070 0.000034 0.000231 0.086777 0.000145 0.000035 0.000055 0.000151 0.000973 0.000023 0.001154 0.001193 0.000113 0.363492 0.003623 0.158634 0.000055 0.000269 0.000351 0.000054 0.000037 0.000612 0.000052 0.021766 0.001507 0.000407
0.636849 0.000006 0.000002 0.000032 0.000009 0.000007 0.000027 0.000018 0.000058 0.029243 0.000026 0.000011 0.000001 0.000007 0.000607 0.000012 0.000105 0.000425 0.000020 0.273369 0.000921 0.053017 0.000124 0.000090 0.000032 0.000051 0.000007 0.000206 0.000024 0.004135 0.000477 0.000084
0.462942 0.001560 0.000619 0.000943 0.000505 0.001405 0.001286 0.000562 0.002315 0.039257 0.001100 0.000860 0.000386 0.001523 0.008755 0.000711 0.003867 0.001769 0.000674 0.258398 0.009454 0.159988 0.000792 0.001821 0.001884 0.000858 0.000448 0.011767 0.000866 0.010625 0.010172 0.001889
0.525156 0.001024 0.000503 0.001121 0.000496 0.001364 0.000941 0.000423 0.001139 0.032352 0.001127 0.000592 0.000365 0.001388 0.012298 0.000552 0.004314 0.001570 0.000539 0.238972 0.009788 0.126364 0.000514 0.001659 0.002061 0.000592 0.000492 0.007374 0.000964 0.012577 0.009573 0.001804
0.454795 0.000189 0.000164 0.001126 0.000300 0.000778 0.000645 0.000237 0.000935 0.005540 0.000893 0.000203 0.000181 0.000465 0.001639 0.000125 0.002642 0.003632 0.000559 0.213876 0.012001 0.249735 0.000351 0.000648 0.001033 0.000735 0.000347 0.004628 0.000250 0.017190 0.022143 0.002016
0.595056 0.000397 0.000099 0.000844 0.000805 0.003575 0.001166 0.000171 0.000334 0.015177 0.002636 0.000234 0.000471 0.001652 0.001301 0.000334 0.003710 0.011434 0.000626 0.185784 0.016538 0.053343 0.000142 0.000770 0.000762 0.003126 0.002372 0.009032 0.001990 0.010501 0.074295 0.001323
0.408811 0.002709 0.001416 0.011963 0.003005 0.003322 0.003300 0.001130 0.004630 0.041411 0.002276 0.002678 0.000695 0.002985 0.010234 0.001428 0.009639 0.003181 0.001460 0.175471 0.016207 0.141849 0.001254 0.004245 0.002343 0.002425 0.000763 0.054541 0.001243 0.032498 0.046897 0.003990
0.492241 0.000147 0.000101 0.000142 0.000095 0.001330 0.000183 0.000053 0.000341 0.016167 0.000778 0.000060 0.000409 0.001611 0.001659 0.000050 0.010747 0.002041 0.000189 0.173572 0.010112 0.217045 0.000049 0.000768 0.001485 0.000118 0.000472 0.003882 0.000211 0.043327 0.019667 0.000951
0.647801 0.001951 0.000410 0.000540 0.000451 0.000278 0.001994 0.000595 0.007093 0.028304 0.000982 0.001112 0.000121 0.001546 0.005287 0.001187 0.003026 0.001758 0.000933 0.164514 0.009232 0.094828 0.000918 0.001385 0.001248 0.000696 0.000382 0.007149 0.000463 0.006070 0.005735 0.002008
0.568401 0.001736 0.000755 0.000697 0.000769 0.047679 0.000757 0.000344 0.001858 0.012500 0.023013 0.000419 0.007713 0.002410 0.001382 0.000298 0.001822 0.005214 0.000703 0.156980 0.004474 0.112219 0.000933 0.001172 0.002429 0.001541 0.006358 0.004594 0.008437 0.006150 0.014655 0.001589
0.751323 0.000066 0.000015 0.000309 0.000132 0.000084 0.000366 0.000121 0.000428 0.014559 0.000206 0.000080 0.000022 0.000112 0.000468 0.000140 0.000455 0.005048 0.000426 0.150684 0.002891 0.055097 0.000287 0.000243 0.000266 0.000453 0.000087 0.000945 0.000135 0.008718 0.005116 0.000718
0.658533 0.000068 0.000062 0.000335 0.000115 0.000743 0.000204 0.000053 0.000456 0.017377 0.000202 0.000058 0.000208 0.000365 0.000776 0.000058 0.003912 0.001962 0.000264 0.149156 0.006787 0.118255 0.000090 0.000437 0.000558 0.000165 0.000109 0.001841 0.000122 0.029598 0.006352 0.000780
0.557893 0.000219 0.000106 0.001039 0.000132 0.002029 0.000456 0.000141 0.001004 0.004978 0.001042 0.000160 0.000417 0.000514 0.000761 0.000107 0.005944 0.002311 0.000607 0.146473 0.013302 0.204158 0.000173 0.000619 0.000952 0.000503 0.000591 0.006886 0.000154 0.020331 0.024213 0.001786
0.574023 0.001038 0.000791 0.001944 0.001787 0.000275 0.002235 0.000886 0.002187 0.038817 0.000737 0.001147 0.000083 0.002802 0.019191 0.001410 0.010944 0.004379 0.001815 0.142617 0.019070 0.131443 0.001176 0.001518 0.002131 0.001174 0.000508 0.008419 0.001182 0.012630 0.008217 0.003425
0.761690 0.000379 0.000171 0.000750 0.000204 0.000436 0.000386 0.000170 0.000320 0.018236 0.000472 0.000281 0.000103 0.000543 0.013340 0.000278 0.002819 0.000441 0.000198 0.121066 0.005579 0.053946 0.000198 0.000939 0.001112 0.000175 0.000217 0.002689 0.000321 0.008272 0.003288 0.000980
0.115683 0.008809 0.005835 0.043174 0.027260 0.041753 0.011645 0.009031 0.007594 0.036735 0.026417 0.003953 0.004962 0.011168 0.029050 0.012325 0.026875 0.012091 0.013301 0.113662 0.039627 0.100654 0.009447 0.010772 0.013162 0.027711 0.006455 0.022901 0.022964 0.061488 0.109040 0.014453
0.461934 0.000001 0.000001 0.000003 0.000000 0.000108 0.000000 0.000000 0.000005 0.000090 0.000013 0.000000 0.000016 0.000009 0.000028 0.000000 0.000051 0.000037 0.000001 0.011008 0.000138 0.524671 0.000000 0.000002 0.000083 0.000003 0.000024 0.000009 0.000002 0.000224 0.001528 0.000009
0.474623 0.000025 0.000020 0.000469 0.000128 0.000148 0.000035 0.000014 0.000110 0.001247 0.000056 0.000018 0.000053 0.000080 0.000591 0.000022 0.001413 0.000186 0.000080 0.015165 0.002274 0.495690 0.000040 0.000250 0.000150 0.000070 0.000109 0.000507 0.000038 0.004307 0.001818 0.000265
0.526554 0.000034 0.000012 0.000269 0.000056 0.000251 0.000089 0.000031 0.000232 0.009289 0.000092 0.000023 0.000048 0.000103 0.000632 0.000081 0.000613 0.001428 0.000170 0.034354 0.002977 0.414352 0.000063 0.000157 0.000242 0.000184 0.000117 0.000506 0.000066 0.003608 0.002811 0.000558
0.298000 0.000093 0.000120 0.000101 0.000161 0.002105 0.000254 0.000059 0.000278 0.065800 0.000573 0.000054 0.000232 0.001067 0.000864 0.000078 0.002195 0.017885 0.000478 0.187987 0.008433 0.376264 0.000162 0.000913 0.000439 0.000287 0.000244 0.001804 0.000576 0.024018 0.007515 0.000961
0.454795 0.000189 0.000164 0.001126 0.000300 0.000778 0.000645 0.000237 0.000935 0.005540 0.000893 0.000203 0.000181 0.000465 0.001639 0.000125 0.002642 0.003632 0.000559 0.213876 0.012001 0.249735 0.000351 0.000648 0.001033 0.000735 0.000347 0.004628 0.000250 0.017190 0.022143 0.002016
0.645575 0.000030 0.000021 0.000230 0.000043 0.001627 0.000089 0.000020 0.000060 0.006216 0.000338 0.000007 0.000269 0.000297 0.000246 0.000039 0.000390 0.023647 0.000225 0.034969 0.005373 0.242992 0.000020 0.000041 0.000524 0.001048 0.001133 0.000596 0.000201 0.003119 0.030101 0.000512
0.428939 0.002077 0.000609 0.003941 0.001662 0.001346 0.002849 0.000989 0.010411 0.028512 0.001896 0.002210 0.000334 0.001121 0.006183 0.001169 0.004420 0.002208 0.001455 0.198205 0.009873 0.215293 0.001274 0.002654 0.001326 0.001977 0.000935 0.023663 0.000849 0.014457 0.023848 0.003316
0.557893 0.000219 0.000106 0.001039 0.000132 0.002029 0.000456 0.000141 0.001004 0.004978 0.001042 0.000160 0.000417 0.000514 0.000761 0.000107 0.005944 0.002311 0.000607 0.146473 0.013302 0.204158 0.000173 0.000619 0.000952 0.000503 0.000591 0.006886 0.000154 0.020331 0.024213 0.001786
0.715854 0.002577 0.000052 0.008753 0.000619 0.017748 0.000723 0.000372 0.013288 0.010632 0.002551 0.000246 0.001087 0.000806 0.000499 0.000230 0.000449 0.001705 0.001290 0.025750 0.000918 0.174410 0.000421 0.000586 0.000867 0.000453 0.000273 0.006168 0.000113 0.002316 0.006747 0.001497
0.571117 0.001759 0.001077 0.015107 0.001798 0.003334 0.000869 0.001246 0.002295 0.040320 0.003021 0.000991 0.005056 0.002013 0.004361 0.001407 0.004052 0.004250 0.001448 0.086078 0.009414 0.173543 0.004045 0.008886 0.002470 0.000671 0.002133 0.021276 0.001598 0.014786 0.003107 0.006472
0.478609 0.001925 0.000879 0.000956 0.001042 0.000412 0.002297 0.000831 0.002951 0.044438 0.001056 0.001350 0.000219 0.003663 0.017963 0.001261 0.008993 0.003426 0.001245 0.212949 0.019038 0.146923 0.001296 0.001927 0.002759 0.001327 0.000600 0.011145 0.001513 0.013483 0.010464 0.003061
0.408811 0.002709 0.001416 0.011963 0.003005 0.003322 0.003300 0.001130 0.004630 0.041411 0.002276 0.002678 0.000695 0.002985 0.010234 0.001428 0.009639 0.003181 0.001460 0.175471 0.016207 0.141849 0.001254 0.004245 0.002343 0.002425 0.000763 0.054541 0.001243 0.032498 0.046897 0.003990
0.525156 0.001024 0.000503 0.001121 0.000496 0.001364 0.000941 0.000423 0.001139 0.032352 0.001127 0.000592 0.000365 0.001388 0.012298 0.000552 0.004314 0.001570 0.000539 0.238972 0.009788 0.126364 0.000514 0.001659 0.002061 0.000592 0.000492 0.007374 0.000964 0.012577 0.009573 0.001804
0.649847 0.000171 0.000090 0.002924 0.003840 0.000641 0.000455 0.000168 0.000528 0.011601 0.000765 0.000222 0.000138 0.000538 0.003666 0.000526 0.011239 0.002356 0.000922 0.062116 0.036369 0.125755 0.000423 0.001106 0.000490 0.001482 0.000989 0.010508 0.001075 0.039873 0.027437 0.001738
0.658533 0.000068 0.000062 0.000335 0.000115 0.000743 0.000204 0.000053 0.000456 0.017377 0.000202 0.000058 0.000208 0.000365 0.000776 0.000058 0.003912 0.001962 0.000264 0.149156 0.006787 0.118255 0.000090 0.000437 0.000558 0.000165 0.000109 0.001841 0.000122 0.029598 0.006352 0.000780
0.832486 0.000072 0.000028 0.000249 0.000049 0.000546 0.000036 0.000009 0.000247 0.000759 0.000352 0.000009 0.000058 0.000176 0.000191 0.000008 0.002039 0.000134 0.000021 0.019687 0.000746 0.114041 0.000001 0.000077 0.000458 0.000065 0.000090 0.001109 0.000019 0.007073 0.019025 0.000139
0.729831 0.000096 0.000239 0.002527 0.000922 0.001503 0.000364 0.000660 0.001176 0.047399 0.001401 0.000217 0.000044 0.000261 0.001984 0.001524 0.001443 0.001812 0.000599 0.074916 0.004249 0.113536 0.000201 0.000936 0.000379 0.000281 0.002052 0.003479 0.000396 0.003313 0.000495 0.001763
0.568401 0.001736 0.000755 0.000697 0.000769 0.047679 0.000757 0.000344 0.001858 0.012500 0.023013 0.000419 0.007713 0.002410 0.001382 0.000298 0.001822 0.005214 0.000703 0.156980 0.004474 0.112219 0.000933 0.001172 0.002429 0.001541 0.006358 0.004594 0.008437 0.006150 0.014655 0.001589
0.562856 0.006170 0.004629 0.015650 0.009280 0.007368 0.003567 0.001726 0.004980 0.016290 0.006853 0.001488 0.001661 0.018821 0.008086 0.002207 0.019572 0.005793 0.004574 0.027048 0.015864 0.110675 0.001261 0.023523 0.008786 0.002916 0.002167 0.013601 0.002938 0.053765 0.029573 0.006313
0.115683 0.008809 0.005835 0.043174 0.027260 0.041753 0.011645 0.009031 0.007594 0.036735 0.026417 0.003953 0.004962 0.011168 0.029050 0.012325 0.026875 0.012091 0.013301 0.113662 0.039627 0.100654 0.009447 0.010772 0.013162 0.027711 0.006455 0.022901 0.022964 0.061488 0.109040 0.014453
0.421670 0.006008 0.000764 0.007773 0.008424 0.004850 0.014507 0.000601 0.009550 0.000704 0.004345 0.000573 0.003706 0.004879 0.000164 0.000895 0.002304 0.081616 0.004629 0.001163 0.005238 0.005405 0.000456 0.000133 0.001738 0.154133 0.015708 0.001004 0.002530 0.001943 0.231087 0.001499
0.803750 0.000712 0.000830 0.000682 0.002464 0.000458 0.000864 0.000157 0.000496 0.000839 0.001729 0.000076 0.000190 0.000310 0.000164 0.000395 0.000145 0.002165 0.000118 0.002304 0.001757 0.000689 0.000372 0.000033 0.000090 0.009103 0.002574 0.000097 0.162727 0.000245 0.003394 0.000072
0.394934 0.003146 0.001030 0.009157 0.006897 0.009976 0.013776 0.004932 0.003839 0.048420 0.008250 0.002478 0.000739 0.001551 0.014140 0.017444 0.006947 0.005762 0.005223 0.068765 0.030023 0.021631 0.004941 0.011191 0.002058 0.032148 0.024901 0.031475 0.143838 0.023864 0.037363 0.009165
0.840041 0.000507 0.000276 0.000040 0.002134 0.000035 0.000394 0.000145 0.000204 0.001076 0.002858 0.000146 0.000013 0.000028 0.000196 0.000914 0.000184 0.000216 0.000077 0.002173 0.002129 0.000557 0.000828 0.000075 0.000021 0.002111 0.004487 0.000082 0.137092 0.000169 0.000740 0.000055
0.491040 0.001976 0.000053 0.004712 0.000940 0.001435 0.003809 0.000187 0.000635 0.000975 0.001525 0.000110 0.000402 0.001272 0.000237 0.000583 0.001642 0.027026 0.001034 0.004162 0.007433 0.011308 0.000175 0.000076 0.001398 0.059419 0.006862 0.001078 0.001756 0.003554 0.362446 0.000741
0.549384 0.006292 0.000537 0.015828 0.001220 0.001603 0.014098 0.000719 0.002612 0.001679 0.001492 0.000627 0.000735 0.008130 0.000678 0.001083 0.005784 0.012925 0.002618 0.007040 0.011808 0.014232 0.000287 0.000470 0.003723 0.075451 0.003306 0.003087 0.001115 0.009810 0.240063 0.001565
0.749083 0.000409 0.000167 0.001056 0.000313 0.002257 0.000670 0.000215 0.000227 0.001583 0.001974 0.000174 0.000098 0.000761 0.001262 0.000040 0.003617 0.002507 0.000159 0.023669 0.004787 0.029002 0.000138 0.000465 0.001688 0.008491 0.003944 0.001160 0.000850 0.005170 0.153600 0.000468
0.800301 0.000043 0.000006 0.000013 0.000003 0.000220 0.000095 0.000002 0.000016 0.000039 0.000041 0.000001 0.000025 0.000217 0.000002 0.000007 0.000058 0.025789 0.000024 0.000406 0.000680 0.013238 0.000000 0.000001 0.000086 0.005779 0.002328 0.000037 0.000022 0.000113 0.150388 0.000019
0.646407 0.008442 0.001574 0.010556 0.003186 0.001547 0.011331 0.001241 0.006354 0.004433 0.004351 0.001021 0.001224 0.009920 0.002096 0.000899 0.004162 0.009320 0.001422 0.022188 0.009380 0.027012 0.000374 0.000805 0.004620 0.050645 0.002916 0.003390 0.002618 0.009699 0.135298 0.001569
0.838501 0.000307 0.000014 0.001671 0.000229 0.000448 0.000853 0.000062 0.000082 0.000205 0.000158 0.000044 0.000027 0.000339 0.000110 0.000149 0.005703 0.002569 0.000237 0.000937 0.003275 0.001554 0.000021 0.000046 0.000318 0.018408 0.000899 0.000517 0.000250 0.002802 0.119113 0.000147
0.115683 0.008809 0.005835 0.043174 0.027260 0.041753 0.011645 0.009031 0.007594 0.036735 0.026417 0.003953 0.004962 0.011168 0.029050 0.012325 0.026875 0.012091 0.013301 0.113662 0.039627 0.100654 0.009447 0.010772 0.013162 0.027711 0.006455 0.022901 0.022964 0.061488 0.109040 0.014453
0.853157 0.000226 0.000003 0.001670 0.000098 0.000200 0.001320 0.000054 0.000035 0.000306 0.000048 0.000027 0.000010 0.000270 0.000057 0.000315 0.003684 0.006748 0.000604 0.000540 0.003360 0.002223 0.000018 0.000031 0.000232 0.014383 0.000578 0.000289 0.000121 0.003176 0.106012 0.000206
