cabinet 253 13 329 465 0.112533 0.598383
chair 110 101 410 506 0.880531 0.076249
chair 93 175 153 225 0.246192 0.719497
chair 29 154 162 379 0.129098 0.753963
sofa 0 130 703 473 0.117163 0.835157
table 194 389 412 529 0.534354 0.309261
table 30 253 522 525 0.178931 0.744783
table 605 255 729 381 0.163801 0.203396
table 199 454 307 529 0.11167 0.343661
door 260 32 321 439 0.189593 0.598383
door 313 250 323 335 0.135823 0.693560
picture 428 202 482 258 0.46203 0.375322
picture 415 111 513 273 0.346225 0.565808
picture 480 211 497 228 0.319765 0.486443
picture 56 116 91 162 0.294191 0.520200
picture 365 202 388 217 0.266713 0.487869
picture 494 135 555 260 0.243142 0.687260
picture 427 209 443 256 0.240781 0.474953
picture 458 121 471 148 0.234575 0.694581
picture 439 114 485 161 0.231452 0.703797
picture 620 162 713 342 0.229391 0.347735
picture 463 203 501 244 0.222505 0.654905
picture 448 119 459 147 0.218892 0.714404
picture 463 225 481 246 0.19498 0.723985
picture 463 218 475 234 0.183197 0.680382
picture 454 143 459 146 0.153394 0.806908
picture 693 258 729 366 0.153105 0.385157
picture 496 229 499 242 0.152606 0.724992
picture 470 1 596 19 0.151265 0.390665
picture 468 124 484 160 0.15069 0.797275
picture 460 121 467 127 0.149912 0.723504
picture 472 204 483 227 0.143175 0.689668
picture 438 134 460 155 0.142937 0.789361
picture 517 202 530 222 0.140145 0.760564
picture 473 3 727 134 0.139739 0.509108
picture 670 144 729 191 0.139662 0.659670
picture 723 358 729 361 0.132578 0.528809
picture 451 145 461 149 0.129596 0.833070
picture 716 167 729 191 0.124931 0.639636
picture 438 143 451 168 0.123832 0.803535
picture 617 174 670 255 0.120159 0.710038
picture 509 193 518 217 0.112902 0.736215
picture 1 2 18 52 0.11252 0.225223
picture 426 111 451 265 0.110574 0.791964
picture 450 133 472 164 0.106252 0.853322
picture 476 233 480 243 0.104636 0.770231
picture 678 174 728 466 0.103536 0.358663
picture 461 147 465 152 0.102389 0.866278
picture 512 139 535 172 0.101306 0.854478
picture 677 414 729 473 0.101182 0.296656
picture 438 115 451 140 0.100125 0.793783
blinds 689 0 729 143 0.296954 0.501026
mirror 597 143 729 393 0.65698 0.064529
mirror 691 163 729 383 0.226434 0.372026
fridge 396 109 575 337 0.154176 0.529242
tv 463 1 590 18 0.135602 0.390665
paper 582 509 602 516 0.194008 0.390035
paper 578 508 616 524 0.188919 0.380973
paper 206 485 272 529 0.187213 0.335845
paper 598 514 615 523 0.177412 0.418218
paper 677 416 729 472 0.165552 0.296656
paper 452 0 463 9 0.159452 0.200557
paper 593 0 729 145 0.145179 0.508014
paper 427 306 450 325 0.144171 0.640960
paper 264 230 266 239 0.140298 0.506147
paper 636 278 699 344 0.139624 0.594339
paper 545 499 634 529 0.137797 0.460032
paper 691 461 729 472 0.134664 0.412249
paper 474 16 482 19 0.133756 0.688491
paper 639 298 642 303 0.131855 0.667554
paper 434 314 444 319 0.13012 0.696244
paper 481 211 497 227 0.119101 0.486443
paper 7 109 21 151 0.117901 0.577014
paper 471 205 483 226 0.114565 0.689668
paper 496 309 514 322 0.111564 0.729261
paper 27 222 95 278 0.1098 0.701858
paper 656 464 729 529 0.100697 0.527907
paper 587 96 702 107 0.100597 0.741894
box 26 387 32 390 0.453044 0.543771
box 675 410 729 471 0.376296 0.296656
box 57 155 93 162 0.321982 0.581574
box 676 361 728 423 0.283586 0.616295
box 676 198 729 462 0.201583 0.394860
box 426 306 450 325 0.190836 0.640960
box 319 61 326 69 0.17842 0.729535
box 24 113 94 166 0.175094 0.389919
box 57 160 70 169 0.174593 0.685309
box 451 1 464 9 0.155594 0.200557
box 205 481 276 529 0.149632 0.335845
box 434 314 444 319 0.147619 0.696244
box 661 409 676 435 0.145924 0.760522
box 615 525 630 529 0.130026 0.419124
box 1 4 17 51 0.129022 0.225223
box 645 207 671 245 0.125831 0.548500
box 412 159 565 320 0.114698 0.594085
box 692 276 729 362 0.111626 0.414012
box 581 509 599 515 0.107956 0.419161
box 6 501 74 529 0.106166 0.363829
box 26 222 96 277 0.10595 0.701858
box 4 35 94 379 0.104093 0.782686
box 346 317 350 333 0.103888 0.750826
box 576 507 618 523 0.102725 0.380973
whiteboard 499 3 726 151 0.10874 0.492737
lamp 607 221 693 379 0.476171 0.093920
lamp 645 225 660 245 0.300438 0.500046
lamp 659 208 671 244 0.111987 0.628590
bag 452 1 463 8 0.105138 0.200557
garbage_bin 391 247 450 376 0.554346 0.394198
garbage_bin 604 316 611 338 0.366172 0.476482
garbage_bin 604 331 610 338 0.366172 0.476482
garbage_bin 602 336 608 363 0.185676 0.723684
garbage_bin 410 258 452 279 0.145158 0.816180
garbage_bin 554 220 565 274 0.144511 0.765532
garbage_bin 580 266 607 366 0.126677 0.809906
garbage_bin 609 295 690 379 0.123504 0.350525
