0.145853 0.000071 0.000009 0.842178 0.000538 0.009935 0.000016 0.000008 0.000028 0.000027 0.000121 0.000006 0.000181 0.000008 0.000070 0.000012 0.000070 0.000023 0.000021 0.000028 0.000104 0.000068 0.000012 0.000016 0.000020 0.000090 0.000045 0.000092 0.000012 0.000072 0.000234 0.000034
0.049454 0.000408 0.000269 0.000189 0.944519 0.000110 0.000082 0.000027 0.001889 0.000025 0.002050 0.000019 0.000001 0.000007 0.000014 0.000073 0.000013 0.000022 0.000037 0.000001 0.000012 0.000003 0.000112 0.000015 0.000002 0.000154 0.000335 0.000012 0.000104 0.000004 0.000031 0.000008
0.553729 0.011960 0.000598 0.000686 0.209605 0.005857 0.000806 0.000467 0.066603 0.002948 0.114682 0.000268 0.000729 0.000482 0.000810 0.000675 0.000898 0.000446 0.002559 0.003123 0.001150 0.002945 0.000589 0.000610 0.001310 0.000807 0.006491 0.001402 0.001044 0.000713 0.003801 0.001206
0.644673 0.008720 0.000157 0.000367 0.025621 0.002235 0.002007 0.000634 0.258830 0.011149 0.025151 0.000641 0.000101 0.000203 0.000197 0.002158 0.000413 0.001034 0.004148 0.001877 0.000372 0.002983 0.000718 0.000338 0.000229 0.000321 0.001507 0.000862 0.000244 0.000272 0.000788 0.001050
0.183419 0.000208 0.000035 0.000169 0.000184 0.000103 0.002774 0.000958 0.001954 0.615971 0.000083 0.001182 0.000004 0.000089 0.001728 0.010935 0.004081 0.001351 0.001562 0.062267 0.007557 0.085341 0.000948 0.001438 0.000283 0.000406 0.000232 0.003271 0.000224 0.008601 0.000931 0.001711
0.148236 0.005586 0.000150 0.000419 0.000786 0.000298 0.009604 0.003016 0.002776 0.500378 0.000352 0.006001 0.000008 0.000447 0.004500 0.156734 0.014851 0.003693 0.012159 0.012151 0.008115 0.026494 0.007656 0.006646 0.000649 0.000887 0.000741 0.040166 0.000981 0.017304 0.001863 0.006354
0.495592 0.000015 0.000002 0.000178 0.000043 0.000032 0.000087 0.000100 0.000195 0.442200 0.000039 0.000027 0.000002 0.000014 0.000524 0.000210 0.000301 0.000761 0.000084 0.042959 0.000958 0.012694 0.000079 0.000207 0.000048 0.000036 0.000023 0.000406 0.000044 0.001768 0.000116 0.000256
0.311787 0.000279 0.000044 0.000418 0.000180 0.000125 0.001678 0.000415 0.001213 0.408262 0.000198 0.000254 0.000011 0.000210 0.005142 0.004866 0.001770 0.001665 0.000766 0.186446 0.007289 0.042799 0.000591 0.000938 0.000514 0.000395 0.000182 0.005794 0.000260 0.011434 0.001520 0.002556
0.562688 0.000010 0.000003 0.000113 0.000028 0.000027 0.000063 0.000065 0.000152 0.379441 0.000040 0.000019 0.000002 0.000013 0.000596 0.000124 0.000252 0.000547 0.000097 0.043544 0.000770 0.009073 0.000039 0.000176 0.000046 0.000022 0.000014 0.000269 0.000031 0.001419 0.000084 0.000231
0.466020 0.000041 0.000044 0.000252 0.000248 0.000139 0.000150 0.000209 0.000440 0.364857 0.000224 0.000073 0.000015 0.000089 0.003722 0.000494 0.001290 0.001588 0.000611 0.074323 0.004987 0.066787 0.000270 0.001087 0.000233 0.000108 0.000128 0.001225 0.000306 0.007685 0.000705 0.001652
0.333553 0.000886 0.000861 0.001755 0.014621 0.000559 0.002041 0.001248 0.008708 0.333195 0.000561 0.000924 0.000027 0.000823 0.016980 0.007197 0.009148 0.001091 0.017019 0.075375 0.006283 0.114990 0.001379 0.007317 0.001425 0.000214 0.000189 0.014104 0.000165 0.015279 0.001510 0.010573
0.361214 0.000043 0.000014 0.000730 0.000387 0.000179 0.000304 0.000377 0.000350 0.318616 0.000178 0.000153 0.000011 0.000045 0.003238 0.000769 0.001629 0.001242 0.000468 0.166642 0.006898 0.118997 0.000654 0.001413 0.000200 0.000193 0.000292 0.001629 0.000454 0.009998 0.001203 0.001479
0.608646 0.001468 0.000023 0.000316 0.000354 0.000446 0.000819 0.000689 0.015805 0.277705 0.001430 0.000609 0.000045 0.000108 0.000332 0.003841 0.000677 0.000668 0.004925 0.033468 0.000619 0.038127 0.001907 0.000625 0.000197 0.000063 0.000251 0.002312 0.000096 0.001053 0.000175 0.002200
0.457941 0.000192 0.000040 0.000617 0.000145 0.000382 0.001023 0.000405 0.001376 0.276721 0.000392 0.000150 0.000094 0.000305 0.003573 0.002953 0.001703 0.005332 0.001106 0.148530 0.009694 0.060292 0.000309 0.000437 0.001413 0.000728 0.000693 0.003854 0.000521 0.011573 0.003825 0.003680
0.350915 0.000452 0.000118 0.007118 0.003287 0.001524 0.001295 0.001950 0.000937 0.272827 0.001269 0.001293 0.000101 0.000336 0.008638 0.002897 0.004999 0.003526 0.001482 0.144413 0.013373 0.129850 0.004901 0.006327 0.000714 0.001019 0.001635 0.006506 0.002299 0.017791 0.002603 0.003601
0.455273 0.000188 0.000041 0.000464 0.000050 0.000156 0.000420 0.000348 0.004373 0.270157 0.000321 0.000121 0.000123 0.000283 0.001058 0.000560 0.000601 0.004759 0.000424 0.140684 0.001907 0.109559 0.000154 0.000597 0.000376 0.000184 0.000206 0.001593 0.000206 0.002919 0.000369 0.001524
0.707892 0.000004 0.000001 0.000031 0.000004 0.000007 0.000021 0.000017 0.000082 0.264239 0.000012 0.000005 0.000001 0.000004 0.000204 0.000040 0.000085 0.000223 0.000038 0.022968 0.000229 0.003110 0.000008 0.000041 0.000018 0.000007 0.000003 0.000090 0.000006 0.000499 0.000030 0.000081
0.482136 0.000551 0.000014 0.000229 0.000036 0.000094 0.000367 0.000288 0.007319 0.253372 0.000401 0.000110 0.000080 0.000186 0.000160 0.000474 0.000241 0.002935 0.000587 0.085319 0.000452 0.160541 0.000349 0.000368 0.000241 0.000083 0.000064 0.000958 0.000050 0.000831 0.000110 0.001053
0.615998 0.000250 0.000007 0.000251 0.000124 0.000277 0.000190 0.000341 0.001593 0.249349 0.000324 0.000107 0.000061 0.000077 0.000353 0.000993 0.000604 0.000716 0.004845 0.067123 0.000937 0.050486 0.000307 0.000330 0.000198 0.000043 0.000080 0.001033 0.000060 0.001514 0.000118 0.001313
0.606224 0.000098 0.000047 0.000584 0.000260 0.000195 0.000242 0.000268 0.000872 0.219627 0.000440 0.000129 0.000036 0.000193 0.003024 0.000426 0.001376 0.001694 0.000253 0.088654 0.003762 0.058838 0.000177 0.001282 0.000257 0.000178 0.000279 0.001621 0.000391 0.006677 0.000679 0.001219
0.384075 0.001371 0.000233 0.001363 0.001227 0.000402 0.006215 0.001378 0.003425 0.211525 0.000920 0.000998 0.000019 0.000757 0.010175 0.017989 0.005529 0.004349 0.003551 0.175595 0.022523 0.067018 0.002653 0.003645 0.001307 0.001431 0.000785 0.019065 0.000703 0.029952 0.013651 0.006170
0.333742 0.003162 0.003288 0.011810 0.068573 0.004740 0.004241 0.004327 0.022990 0.197775 0.003710 0.002999 0.000306 0.002084 0.015199 0.010628 0.018167 0.002488 0.046964 0.068185 0.009724 0.081975 0.004459 0.017639 0.002557 0.000697 0.000981 0.014554 0.000809 0.020213 0.003544 0.017472
0.574582 0.002375 0.000140 0.001218 0.001221 0.000243 0.004536 0.001003 0.003026 0.182277 0.004488 0.002117 0.000045 0.000833 0.008134 0.005402 0.004932 0.001829 0.003068 0.110643 0.008024 0.039319 0.001594 0.003519 0.000795 0.000564 0.000478 0.009875 0.000527 0.014421 0.004768 0.004002
0.715284 0.000821 0.000056 0.005149 0.002084 0.000983 0.000900 0.001181 0.010638 0.180949 0.000936 0.000329 0.000597 0.000331 0.000448 0.001249 0.001969 0.001894 0.013882 0.018834 0.001124 0.031465 0.000544 0.001199 0.000490 0.000224 0.000193 0.000743 0.000254 0.001899 0.000223 0.003130
0.565800 0.002788 0.000043 0.000785 0.001058 0.000632 0.002157 0.001050 0.044801 0.171796 0.001552 0.001082 0.000098 0.000274 0.000698 0.004070 0.001535 0.000663 0.005341 0.112606 0.001339 0.062960 0.004372 0.000825 0.000536 0.000178 0.000204 0.004563 0.000130 0.002650 0.000571 0.002844
0.347178 0.000839 0.000300 0.011545 0.007005 0.002783 0.002012 0.002803 0.001112 0.169319 0.002408 0.002217 0.000195 0.000589 0.015799 0.003841 0.008823 0.004157 0.002249 0.154810 0.022059 0.159876 0.008506 0.010181 0.001290 0.001872 0.003610 0.010248 0.004609 0.026815 0.005856 0.005093
0.805265 0.000011 0.000002 0.000039 0.000005 0.000014 0.000038 0.000020 0.000295 0.164317 0.000021 0.000007 0.000003 0.000010 0.000250 0.000055 0.000096 0.000344 0.000061 0.024737 0.000209 0.003255 0.000007 0.000043 0.000036 0.000011 0.000005 0.000131 0.000009 0.000500 0.000046 0.000159
0.794395 0.000010 0.000004 0.000052 0.000010 0.000014 0.000037 0.000030 0.000252 0.161498 0.000037 0.000009 0.000003 0.000017 0.000473 0.000037 0.000174 0.000441 0.000037 0.034401 0.000404 0.006144 0.000009 0.000078 0.000045 0.000016 0.000009 0.000158 0.000017 0.000965 0.000066 0.000157
0.440953 0.053338 0.000276 0.000987 0.000515 0.000371 0.017923 0.002658 0.002248 0.147641 0.001187 0.006467 0.000033 0.001606 0.005058 0.151711 0.016848 0.009389 0.009756 0.016475 0.012903 0.016661 0.006915 0.007957 0.001192 0.001247 0.001936 0.033786 0.002071 0.018585 0.002849 0.008456
0.566798 0.000370 0.000047 0.000824 0.000566 0.000371 0.000896 0.000619 0.000913 0.145706 0.000837 0.000298 0.000016 0.000172 0.003369 0.002048 0.001876 0.002492 0.001743 0.114226 0.010707 0.110805 0.001183 0.001112 0.000532 0.000788 0.001312 0.003732 0.000870 0.012238 0.010034 0.002503
0.446917 0.000432 0.000071 0.001070 0.000179 0.000439 0.000698 0.000340 0.002261 0.123951 0.001152 0.000250 0.000205 0.000556 0.002638 0.000904 0.001716 0.002962 0.001056 0.163662 0.006636 0.218875 0.000392 0.000817 0.000685 0.000712 0.000952 0.004995 0.000653 0.007673 0.003501 0.002647
0.549939 0.002399 0.000252 0.001157 0.000904 0.000392 0.009578 0.001860 0.003074 0.120394 0.003665 0.016459 0.000066 0.000987 0.008221 0.005292 0.006877 0.001625 0.006088 0.153498 0.008385 0.046401 0.001655 0.004656 0.001652 0.001218 0.000558 0.010432 0.000486 0.018565 0.008116 0.005149
0.418467 0.000375 0.000403 0.002635 0.003279 0.000744 0.000358 0.000436 0.000781 0.120012 0.001274 0.000307 0.000090 0.000663 0.012019 0.000903 0.007869 0.001156 0.001149 0.069340 0.019509 0.273190 0.000923 0.007208 0.000788 0.000459 0.001406 0.008054 0.001767 0.033843 0.007431 0.003161
0.553729 0.011960 0.000598 0.000686 0.209605 0.005857 0.000806 0.000467 0.066603 0.002948 0.114682 0.000268 0.000729 0.000482 0.000810 0.000675 0.000898 0.000446 0.002559 0.003123 0.001150 0.002945 0.000589 0.000610 0.001310 0.000807 0.006491 0.001402 0.001044 0.000713 0.003801 0.001206
0.829995 0.000620 0.000189 0.001078 0.018764 0.000466 0.000233 0.000238 0.004274 0.001253 0.101006 0.000224 0.000159 0.000094 0.001643 0.000130 0.001196 0.000173 0.000233 0.013855 0.001164 0.003316 0.000402 0.004452 0.000277 0.000390 0.004924 0.000879 0.000443 0.001654 0.005438 0.000836
0.438045 0.003173 0.000512 0.001497 0.002666 0.000426 0.023141 0.004788 0.002452 0.097742 0.001753 0.114460 0.000086 0.001139 0.010310 0.009245 0.020920 0.003484 0.004254 0.087814 0.020782 0.046655 0.006939 0.009818 0.001940 0.003429 0.001800 0.020841 0.001441 0.039266 0.013581 0.005600
0.376456 0.009479 0.000178 0.000253 0.000738 0.000475 0.012152 0.003430 0.005835 0.153830 0.000860 0.007358 0.000003 0.000295 0.001040 0.338666 0.010127 0.002107 0.010861 0.005578 0.005628 0.015405 0.005006 0.002357 0.000433 0.000714 0.001887 0.020438 0.000919 0.004182 0.000975 0.002337
0.327743 0.028109 0.000428 0.000267 0.000332 0.000131 0.014790 0.002442 0.001887 0.215507 0.000430 0.005051 0.000007 0.001189 0.006230 0.229578 0.037033 0.003457 0.006201 0.008034 0.007457 0.007308 0.002888 0.006237 0.001118 0.000375 0.000371 0.057033 0.000519 0.021449 0.001302 0.005096
0.409324 0.000015 0.000160 0.000158 0.000048 0.000057 0.000038 0.000029 0.000134 0.002628 0.000096 0.000025 0.000025 0.000107 0.006902 0.000023 0.003575 0.000040 0.000058 0.525539 0.003674 0.036959 0.000051 0.000095 0.000684 0.000041 0.000076 0.000730 0.000034 0.006365 0.001953 0.000357
0.430143 0.000233 0.000519 0.001811 0.000956 0.000778 0.000261 0.000209 0.000508 0.009188 0.000646 0.000249 0.000465 0.000772 0.013057 0.000159 0.005174 0.000504 0.000565 0.375335 0.009144 0.116279 0.000471 0.001090 0.003447 0.000233 0.000438 0.005089 0.000303 0.012018 0.007936 0.002019
0.395444 0.000602 0.000125 0.000666 0.002332 0.000181 0.001729 0.000597 0.012536 0.166053 0.000643 0.000623 0.000011 0.000359 0.004280 0.002114 0.003577 0.000548 0.003028 0.220498 0.004744 0.154904 0.001302 0.001895 0.000570 0.000181 0.000210 0.007276 0.000113 0.007798 0.001884 0.003178
0.397984 0.001231 0.000182 0.001404 0.000755 0.000493 0.001925 0.000550 0.003467 0.060607 0.002124 0.000556 0.000195 0.001154 0.004138 0.001898 0.002874 0.005610 0.002415 0.215996 0.016362 0.213617 0.000976 0.001485 0.001126 0.002345 0.002324 0.013404 0.001311 0.015098 0.022671 0.003721
0.663405 0.002188 0.000464 0.000499 0.001383 0.000884 0.000646 0.000566 0.009364 0.027150 0.003843 0.000749 0.000200 0.000623 0.003312 0.000468 0.002614 0.000205 0.001064 0.203200 0.002290 0.057389 0.001482 0.000581 0.001798 0.000229 0.000555 0.005758 0.000218 0.003337 0.001985 0.001552
0.253908 0.000129 0.000077 0.001261 0.001145 0.000657 0.000622 0.000777 0.000622 0.252247 0.000504 0.000368 0.000052 0.000164 0.007345 0.001330 0.003463 0.002702 0.001325 0.191817 0.012948 0.227137 0.001726 0.003738 0.000622 0.000481 0.000854 0.003453 0.001357 0.020785 0.003087 0.003296
0.311787 0.000279 0.000044 0.000418 0.000180 0.000125 0.001678 0.000415 0.001213 0.408262 0.000198 0.000254 0.000011 0.000210 0.005142 0.004866 0.001770 0.001665 0.000766 0.186446 0.007289 0.042799 0.000591 0.000938 0.000514 0.000395 0.000182 0.005794 0.000260 0.011434 0.001520 0.002556
0.384075 0.001371 0.000233 0.001363 0.001227 0.000402 0.006215 0.001378 0.003425 0.211525 0.000920 0.000998 0.000019 0.000757 0.010175 0.017989 0.005529 0.004349 0.003551 0.175595 0.022523 0.067018 0.002653 0.003645 0.001307 0.001431 0.000785 0.019065 0.000703 0.029952 0.013651 0.006170
0.582724 0.000133 0.000884 0.003352 0.001092 0.001636 0.000361 0.000246 0.000755 0.012863 0.003219 0.000265 0.000411 0.000926 0.010555 0.000237 0.005748 0.001272 0.000601 0.169113 0.012854 0.152056 0.000934 0.001103 0.001048 0.000455 0.001158 0.006489 0.000673 0.016649 0.007617 0.002569
0.427575 0.000208 0.000065 0.002066 0.001882 0.000499 0.000787 0.000862 0.000735 0.124097 0.000930 0.000490 0.000032 0.000158 0.007673 0.001543 0.003744 0.002154 0.001165 0.163247 0.015472 0.197594 0.002055 0.003135 0.000576 0.001007 0.001838 0.003944 0.001968 0.022008 0.007922 0.002567
0.347178 0.000839 0.000300 0.011545 0.007005 0.002783 0.002012 0.002803 0.001112 0.169319 0.002408 0.002217 0.000195 0.000589 0.015799 0.003841 0.008823 0.004157 0.002249 0.154810 0.022059 0.159876 0.008506 0.010181 0.001290 0.001872 0.003610 0.010248 0.004609 0.026815 0.005856 0.005093
0.549939 0.002399 0.000252 0.001157 0.000904 0.000392 0.009578 0.001860 0.003074 0.120394 0.003665 0.016459 0.000066 0.000987 0.008221 0.005292 0.006877 0.001625 0.006088 0.153498 0.008385 0.046401 0.001655 0.004656 0.001652 0.001218 0.000558 0.010432 0.000486 0.018565 0.008116 0.005149
0.206941 0.005043 0.002680 0.016131 0.010323 0.016637 0.004678 0.002818 0.008092 0.037102 0.010467 0.004169 0.003106 0.005800 0.022749 0.002412 0.017965 0.005314 0.009515 0.153490 0.028405 0.221317 0.002380 0.007060 0.007863 0.005782 0.003968 0.050977 0.003520 0.044023 0.066920 0.012352
0.213983 0.015146 0.000621 0.003519 0.002899 0.004045 0.014425 0.002227 0.003990 0.061289 0.012767 0.004088 0.001449 0.007343 0.006457 0.006260 0.018087 0.005817 0.003583 0.152909 0.092208 0.113099 0.019387 0.004386 0.003063 0.009353 0.013246 0.033210 0.010141 0.065517 0.089976 0.005510
0.425570 0.003419 0.009385 0.012045 0.016027 0.029503 0.007768 0.002938 0.004452 0.023089 0.024387 0.002942 0.003764 0.006930 0.023398 0.001366 0.006788 0.005381 0.003937 0.152448 0.009515 0.095504 0.002874 0.006861 0.005671 0.007931 0.001533 0.015811 0.012461 0.015601 0.054883 0.005816
0.548788 0.001477 0.000301 0.001436 0.000887 0.000315 0.006122 0.001358 0.001891 0.068761 0.001486 0.010854 0.000062 0.000696 0.006604 0.002559 0.009482 0.003306 0.001351 0.150387 0.023727 0.068474 0.002292 0.003230 0.001235 0.002306 0.001795 0.016626 0.001019 0.037557 0.020685 0.002929
0.457941 0.000192 0.000040 0.000617 0.000145 0.000382 0.001023 0.000405 0.001376 0.276721 0.000392 0.000150 0.000094 0.000305 0.003573 0.002953 0.001703 0.005332 0.001106 0.148530 0.009694 0.060292 0.000309 0.000437 0.001413 0.000728 0.000693 0.003854 0.000521 0.011573 0.003825 0.003680
0.305233 0.006905 0.000554 0.003935 0.004869 0.005013 0.004280 0.000891 0.002554 0.067820 0.015274 0.001114 0.001162 0.003522 0.007071 0.003221 0.015010 0.003303 0.002944 0.144735 0.068269 0.112326 0.006688 0.003216 0.002196 0.004067 0.011535 0.029077 0.007650 0.055008 0.095953 0.004603
0.350915 0.000452 0.000118 0.007118 0.003287 0.001524 0.001295 0.001950 0.000937 0.272827 0.001269 0.001293 0.000101 0.000336 0.008638 0.002897 0.004999 0.003526 0.001482 0.144413 0.013373 0.129850 0.004901 0.006327 0.000714 0.001019 0.001635 0.006506 0.002299 0.017791 0.002603 0.003601
0.455273 0.000188 0.000041 0.000464 0.000050 0.000156 0.000420 0.000348 0.004373 0.270157 0.000321 0.000121 0.000123 0.000283 0.001058 0.000560 0.000601 0.004759 0.000424 0.140684 0.001907 0.109559 0.000154 0.000597 0.000376 0.000184 0.000206 0.001593 0.000206 0.002919 0.000369 0.001524
0.239063 0.014138 0.000673 0.002978 0.002311 0.003610 0.015539 0.002106 0.003416 0.055786 0.010632 0.005138 0.001306 0.007544 0.006026 0.006401 0.019392 0.006608 0.003470 0.136906 0.092547 0.097634 0.014942 0.004679 0.002604 0.010960 0.013899 0.033431 0.011370 0.064145 0.105893 0.004854
0.620704 0.000637 0.000022 0.001075 0.000109 0.000234 0.000502 0.000363 0.003243 0.070368 0.000489 0.000279 0.000212 0.000148 0.000367 0.000345 0.000556 0.002729 0.000331 0.133098 0.001228 0.154370 0.002373 0.000658 0.000267 0.000153 0.000115 0.001453 0.000097 0.002051 0.000419 0.001004
0.705413 0.000316 0.000054 0.004989 0.000702 0.000807 0.000719 0.000629 0.000948 0.010487 0.008117 0.000190 0.000080 0.000253 0.005065 0.001494 0.003406 0.001145 0.000610 0.131830 0.016668 0.049244 0.001146 0.002368 0.000636 0.001898 0.003893 0.005029 0.002631 0.023648 0.011437 0.004146
0.358094 0.000474 0.000347 0.008836 0.005063 0.001800 0.001333 0.001498 0.000799 0.055439 0.001821 0.001320 0.000189 0.000431 0.018315 0.001556 0.010750 0.002260 0.001260 0.128818 0.025436 0.298557 0.005519 0.008504 0.001408 0.001624 0.004097 0.007194 0.004131 0.030907 0.007516 0.004703
0.433455 0.001233 0.000441 0.026891 0.019555 0.004136 0.002295 0.003594 0.001135 0.071181 0.003457 0.003145 0.000260 0.000801 0.022957 0.003513 0.011934 0.003860 0.002088 0.128570 0.026819 0.136663 0.010374 0.011337 0.001622 0.002308 0.005006 0.014273 0.005559 0.027943 0.009228 0.004367
0.456792 0.001992 0.001619 0.001487 0.002698 0.000309 0.003477 0.001256 0.003166 0.081099 0.003424 0.004584 0.000063 0.000864 0.012446 0.003661 0.023583 0.001179 0.002290 0.127819 0.075986 0.071433 0.003151 0.004341 0.000950 0.002212 0.003865 0.029478 0.002248 0.043463 0.026008 0.003057
0.237141 0.000176 0.000204 0.000531 0.000700 0.000200 0.002085 0.001894 0.000833 0.275493 0.000162 0.002268 0.000007 0.000142 0.010417 0.008325 0.012914 0.001036 0.001432 0.123781 0.019390 0.246078 0.005315 0.004788 0.000725 0.000952 0.000581 0.005380 0.000607 0.031966 0.001752 0.002724
0.611643 0.000944 0.000295 0.001190 0.001654 0.000402 0.002598 0.000898 0.000533 0.045622 0.002237 0.007428 0.000082 0.000749 0.017754 0.001223 0.016393 0.000739 0.000944 0.115929 0.023830 0.048065 0.001260 0.004091 0.001326 0.000865 0.001598 0.013969 0.000996 0.057643 0.014951 0.002151
0.543921 0.001807 0.000448 0.002017 0.000980 0.000435 0.014550 0.002723 0.001191 0.065029 0.001186 0.072865 0.000101 0.000899 0.011753 0.003166 0.015324 0.002050 0.001461 0.115535 0.018444 0.029225 0.003101 0.007668 0.002215 0.002765 0.001061 0.021136 0.000808 0.041337 0.011751 0.003051
0.401267 0.000743 0.000701 0.010253 0.008555 0.002656 0.001954 0.002244 0.001004 0.071954 0.002376 0.001995 0.000202 0.000734 0.025991 0.002320 0.014591 0.002708 0.001810 0.114347 0.034167 0.193783 0.008679 0.011994 0.001866 0.002044 0.003673 0.009780 0.004541 0.043396 0.012906 0.004768
0.565800 0.002788 0.000043 0.000785 0.001058 0.000632 0.002157 0.001050 0.044801 0.171796 0.001552 0.001082 0.000098 0.000274 0.000698 0.004070 0.001535 0.000663 0.005341 0.112606 0.001339 0.062960 0.004372 0.000825 0.000536 0.000178 0.000204 0.004563 0.000130 0.002650 0.000571 0.002844
0.814791 0.000519 0.000244 0.000574 0.001021 0.001549 0.000588 0.000335 0.004640 0.014455 0.008107 0.000333 0.000083 0.000269 0.001684 0.000284 0.001899 0.000140 0.000653 0.112589 0.002019 0.023045 0.000388 0.000684 0.000521 0.000270 0.000687 0.001228 0.000346 0.002315 0.003197 0.000544
0.531224 0.000146 0.001140 0.002119 0.001404 0.001019 0.000360 0.000247 0.000929 0.010298 0.001724 0.000229 0.000253 0.000977 0.014700 0.000305 0.007208 0.001002 0.000733 0.110775 0.019413 0.247911 0.000464 0.001426 0.001662 0.000382 0.000835 0.006576 0.000397 0.020039 0.010900 0.003205
0.574582 0.002375 0.000140 0.001218 0.001221 0.000243 0.004536 0.001003 0.003026 0.182277 0.004488 0.002117 0.000045 0.000833 0.008134 0.005402 0.004932 0.001829 0.003068 0.110643 0.008024 0.039319 0.001594 0.003519 0.000795 0.000564 0.000478 0.009875 0.000527 0.014421 0.004768 0.004002
0.339486 0.023796 0.000601 0.003064 0.002144 0.002883 0.058425 0.004840 0.003518 0.031329 0.011303 0.012150 0.000810 0.006736 0.003833 0.011285 0.013010 0.008673 0.003173 0.108933 0.075305 0.059796 0.020481 0.004014 0.002415 0.014061 0.012588 0.024027 0.005949 0.042742 0.083602 0.005031
0.800025 0.004904 0.000181 0.001315 0.001147 0.002685 0.000460 0.000552 0.005193 0.010163 0.008394 0.000505 0.000447 0.000580 0.002228 0.000405 0.002716 0.000095 0.001007 0.104901 0.001433 0.034803 0.001348 0.000447 0.003675 0.000247 0.000613 0.003958 0.000178 0.002552 0.001677 0.001166
0.629450 0.004444 0.000184 0.002974 0.003046 0.001293 0.005707 0.001676 0.012684 0.067697 0.029897 0.001795 0.000145 0.001210 0.007514 0.002565 0.004373 0.002392 0.002490 0.103923 0.008560 0.052870 0.001680 0.003401 0.001189 0.001811 0.002165 0.005863 0.001260 0.015412 0.016525 0.003805
0.545333 0.002716 0.000386 0.001172 0.003109 0.000312 0.007849 0.002997 0.002043 0.089055 0.003277 0.040471 0.000089 0.000699 0.010484 0.004426 0.021017 0.001722 0.002311 0.100741 0.018570 0.047997 0.009460 0.008942 0.001246 0.001688 0.003205 0.017268 0.002234 0.036394 0.008613 0.004175
0.236465 0.001998 0.001352 0.000719 0.001239 0.000564 0.005938 0.001899 0.001811 0.038743 0.002887 0.003819 0.000142 0.002357 0.017120 0.002533 0.058849 0.001796 0.001418 0.094433 0.241670 0.052812 0.002386 0.003005 0.002095 0.003210 0.002986 0.020914 0.001797 0.110253 0.078781 0.004009
0.508749 0.004453 0.000795 0.000319 0.000658 0.000455 0.017229 0.001837 0.001674 0.029109 0.002092 0.006163 0.000042 0.001849 0.006565 0.004419 0.042529 0.001809 0.001257 0.051710 0.127540 0.034642 0.001787 0.001505 0.001384 0.003405 0.002080 0.015192 0.001014 0.050777 0.074848 0.002109
0.489007 0.000383 0.000030 0.001325 0.000071 0.000299 0.000248 0.000192 0.000777 0.008160 0.000178 0.000139 0.000012 0.000179 0.001128 0.000603 0.001991 0.000199 0.000139 0.016707 0.001255 0.464158 0.000070 0.000854 0.000215 0.000051 0.000321 0.005205 0.000050 0.003588 0.000929 0.001536
0.397574 0.001759 0.000205 0.001709 0.000521 0.000791 0.001207 0.000935 0.001216 0.042428 0.000421 0.000906 0.000022 0.000682 0.005464 0.004646 0.009220 0.000672 0.000568 0.044435 0.004399 0.437910 0.000438 0.004145 0.000682 0.000182 0.001027 0.020225 0.000391 0.008384 0.002092 0.004745
0.347355 0.002459 0.000357 0.004224 0.004116 0.001418 0.001676 0.000804 0.003722 0.051124 0.003059 0.001094 0.000618 0.005624 0.010628 0.000521 0.004953 0.001483 0.001219 0.075601 0.003334 0.411323 0.000889 0.004452 0.003301 0.000979 0.000729 0.008362 0.002168 0.018303 0.020131 0.003973
0.423778 0.000122 0.000224 0.000653 0.000597 0.000122 0.000994 0.000496 0.000364 0.014771 0.000113 0.000862 0.000008 0.000238 0.017625 0.001259 0.013633 0.000440 0.000349 0.060703 0.014772 0.407334 0.001492 0.001823 0.000925 0.000975 0.000532 0.004237 0.000314 0.025694 0.003327 0.001224
0.568860 0.000098 0.000347 0.000561 0.000370 0.000182 0.000144 0.000098 0.000345 0.003598 0.000324 0.000076 0.000059 0.000408 0.005161 0.000102 0.003465 0.000367 0.000189 0.018543 0.004868 0.369728 0.000141 0.000751 0.000966 0.000637 0.000474 0.001453 0.000376 0.012940 0.003518 0.000852
0.358094 0.000474 0.000347 0.008836 0.005063 0.001800 0.001333 0.001498 0.000799 0.055439 0.001821 0.001320 0.000189 0.000431 0.018315 0.001556 0.010750 0.002260 0.001260 0.128818 0.025436 0.298557 0.005519 0.008504 0.001408 0.001624 0.004097 0.007194 0.004131 0.030907 0.007516 0.004703
0.418467 0.000375 0.000403 0.002635 0.003279 0.000744 0.000358 0.000436 0.000781 0.120012 0.001274 0.000307 0.000090 0.000663 0.012019 0.000903 0.007869 0.001156 0.001149 0.069340 0.019509 0.273190 0.000923 0.007208 0.000788 0.000459 0.001406 0.008054 0.001767 0.033843 0.007431 0.003161
0.691949 0.000909 0.000108 0.000326 0.000272 0.000362 0.000147 0.000111 0.001392 0.004701 0.000880 0.000084 0.000087 0.001536 0.002909 0.000045 0.000873 0.000170 0.000109 0.014878 0.000649 0.267913 0.000038 0.000187 0.003290 0.000167 0.000289 0.000756 0.000160 0.002482 0.001899 0.000324
0.506413 0.002988 0.000235 0.001228 0.000168 0.000624 0.000877 0.000837 0.005653 0.093584 0.002551 0.000257 0.000453 0.002529 0.001137 0.001150 0.001079 0.007510 0.000905 0.099002 0.002390 0.252950 0.000489 0.000851 0.003064 0.000383 0.000600 0.002680 0.000412 0.003549 0.001047 0.002405
0.531224 0.000146 0.001140 0.002119 0.001404 0.001019 0.000360 0.000247 0.000929 0.010298 0.001724 0.000229 0.000253 0.000977 0.014700 0.000305 0.007208 0.001002 0.000733 0.110775 0.019413 0.247911 0.000464 0.001426 0.001662 0.000382 0.000835 0.006576 0.000397 0.020039 0.010900 0.003205
0.658725 0.000053 0.000073 0.000307 0.000120 0.000194 0.000150 0.000164 0.000547 0.023944 0.000213 0.000065 0.000044 0.000150 0.002801 0.000132 0.001789 0.000840 0.000299 0.047596 0.004547 0.238589 0.000242 0.000760 0.000428 0.000420 0.000181 0.001390 0.000225 0.011722 0.001984 0.001305
0.164293 0.000301 0.000148 0.000608 0.000874 0.000275 0.002262 0.001807 0.001216 0.382543 0.000247 0.002030 0.000011 0.000204 0.008386 0.010415 0.010408 0.001419 0.002167 0.101517 0.016441 0.236475 0.005615 0.004516 0.000813 0.001304 0.000809 0.008048 0.000920 0.027375 0.002636 0.003917
0.206941 0.005043 0.002680 0.016131 0.010323 0.016637 0.004678 0.002818 0.008092 0.037102 0.010467 0.004169 0.003106 0.005800 0.022749 0.002412 0.017965 0.005314 0.009515 0.153490 0.028405 0.221317 0.002380 0.007060 0.007863 0.005782 0.003968 0.050977 0.003520 0.044023 0.066920 0.012352
0.446917 0.000432 0.000071 0.001070 0.000179 0.000439 0.000698 0.000340 0.002261 0.123951 0.001152 0.000250 0.000205 0.000556 0.002638 0.000904 0.001716 0.002962 0.001056 0.163662 0.006636 0.218875 0.000392 0.000817 0.000685 0.000712 0.000952 0.004995 0.000653 0.007673 0.003501 0.002647
0.427575 0.000208 0.000065 0.002066 0.001882 0.000499 0.000787 0.000862 0.000735 0.124097 0.000930 0.000490 0.000032 0.000158 0.007673 0.001543 0.003744 0.002154 0.001165 0.163247 0.015472 0.197594 0.002055 0.003135 0.000576 0.001007 0.001838 0.003944 0.001968 0.022008 0.007922 0.002567
0.401267 0.000743 0.000701 0.010253 0.008555 0.002656 0.001954 0.002244 0.001004 0.071954 0.002376 0.001995 0.000202 0.000734 0.025991 0.002320 0.014591 0.002708 0.001810 0.114347 0.034167 0.193783 0.008679 0.011994 0.001866 0.002044 0.003673 0.009780 0.004541 0.043396 0.012906 0.004768
0.717280 0.000041 0.000070 0.000360 0.000132 0.000146 0.000114 0.000130 0.000262 0.012971 0.000148 0.000063 0.000025 0.000105 0.004301 0.000087 0.002078 0.000388 0.000151 0.042506 0.005435 0.193517 0.000255 0.000793 0.000426 0.000259 0.000135 0.001317 0.000149 0.013579 0.001968 0.000811
0.595843 0.000246 0.000223 0.018622 0.006386 0.001385 0.000747 0.000796 0.000314 0.012241 0.000826 0.000876 0.000096 0.000220 0.018929 0.000582 0.008378 0.001147 0.000430 0.093277 0.019290 0.175762 0.002056 0.003644 0.000786 0.000858 0.002820 0.004219 0.001646 0.019544 0.005685 0.002123
0.755300 0.000026 0.000041 0.000174 0.000057 0.000105 0.000072 0.000080 0.000246 0.012683 0.000109 0.000030 0.000023 0.000079 0.002454 0.000054 0.001267 0.000370 0.000131 0.036795 0.003236 0.173389 0.000123 0.000411 0.000277 0.000219 0.000085 0.000829 0.000101 0.009217 0.001333 0.000686
0.690006 0.000124 0.000216 0.001250 0.000688 0.000426 0.000304 0.000356 0.000451 0.015063 0.000420 0.000214 0.000065 0.000246 0.009520 0.000232 0.004792 0.000695 0.000339 0.050945 0.012230 0.170853 0.000827 0.002452 0.000927 0.000529 0.000473 0.002660 0.000489 0.026075 0.004754 0.001377
0.416740 0.004947 0.001198 0.049244 0.006671 0.026426 0.007566 0.003272 0.007214 0.019455 0.010196 0.002454 0.001910 0.004199 0.008265 0.003640 0.006149 0.007724 0.003633 0.094551 0.012819 0.166387 0.003448 0.005470 0.003816 0.006220 0.005065 0.025761 0.004950 0.020975 0.052065 0.007571
0.482136 0.000551 0.000014 0.000229 0.000036 0.000094 0.000367 0.000288 0.007319 0.253372 0.000401 0.000110 0.000080 0.000186 0.000160 0.000474 0.000241 0.002935 0.000587 0.085319 0.000452 0.160541 0.000349 0.000368 0.000241 0.000083 0.000064 0.000958 0.000050 0.000831 0.000110 0.001053
0.347178 0.000839 0.000300 0.011545 0.007005 0.002783 0.002012 0.002803 0.001112 0.169319 0.002408 0.002217 0.000195 0.000589 0.015799 0.003841 0.008823 0.004157 0.002249 0.154810 0.022059 0.159876 0.008506 0.010181 0.001290 0.001872 0.003610 0.010248 0.004609 0.026815 0.005856 0.005093
0.395444 0.000602 0.000125 0.000666 0.002332 0.000181 0.001729 0.000597 0.012536 0.166053 0.000643 0.000623 0.000011 0.000359 0.004280 0.002114 0.003577 0.000548 0.003028 0.220498 0.004744 0.154904 0.001302 0.001895 0.000570 0.000181 0.000210 0.007276 0.000113 0.007798 0.001884 0.003178
0.620704 0.000637 0.000022 0.001075 0.000109 0.000234 0.000502 0.000363 0.003243 0.070368 0.000489 0.000279 0.000212 0.000148 0.000367 0.000345 0.000556 0.002729 0.000331 0.133098 0.001228 0.154370 0.002373 0.000658 0.000267 0.000153 0.000115 0.001453 0.000097 0.002051 0.000419 0.001004
0.726629 0.000175 0.000275 0.001251 0.000722 0.000520 0.000336 0.000168 0.000883 0.007861 0.000948 0.000115 0.000096 0.000585 0.005150 0.000265 0.003160 0.000678 0.000753 0.051915 0.009976 0.154358 0.000108 0.000987 0.001170 0.000390 0.000543 0.003009 0.000192 0.011479 0.013175 0.002128
0.582724 0.000133 0.000884 0.003352 0.001092 0.001636 0.000361 0.000246 0.000755 0.012863 0.003219 0.000265 0.000411 0.000926 0.010555 0.000237 0.005748 0.001272 0.000601 0.169113 0.012854 0.152056 0.000934 0.001103 0.001048 0.000455 0.001158 0.006489 0.000673 0.016649 0.007617 0.002569
0.433455 0.001233 0.000441 0.026891 0.019555 0.004136 0.002295 0.003594 0.001135 0.071181 0.003457 0.003145 0.000260 0.000801 0.022957 0.003513 0.011934 0.003860 0.002088 0.128570 0.026819 0.136663 0.010374 0.011337 0.001622 0.002308 0.005006 0.014273 0.005559 0.027943 0.009228 0.004367
0.803042 0.000023 0.000046 0.000212 0.000069 0.000088 0.000059 0.000069 0.000168 0.006999 0.000099 0.000029 0.000019 0.000067 0.003219 0.000037 0.001463 0.000222 0.000083 0.031714 0.003328 0.135550 0.000125 0.000444 0.000302 0.000161 0.000076 0.000772 0.000082 0.009608 0.001338 0.000486
0.350915 0.000452 0.000118 0.007118 0.003287 0.001524 0.001295 0.001950 0.000937 0.272827 0.001269 0.001293 0.000101 0.000336 0.008638 0.002897 0.004999 0.003526 0.001482 0.144413 0.013373 0.129850 0.004901 0.006327 0.000714 0.001019 0.001635 0.006506 0.002299 0.017791 0.002603 0.003601
0.663117 0.000382 0.000676 0.003147 0.005041 0.005121 0.000327 0.000379 0.002032 0.037814 0.008151 0.000134 0.001133 0.001007 0.006235 0.000318 0.003790 0.002478 0.001296 0.070596 0.009029 0.127105 0.000262 0.002128 0.000996 0.000699 0.002335 0.004514 0.002342 0.020226 0.013992 0.003195
0.361214 0.000043 0.000014 0.000730 0.000387 0.000179 0.000304 0.000377 0.000350 0.318616 0.000178 0.000153 0.000011 0.000045 0.003238 0.000769 0.001629 0.001242 0.000468 0.166642 0.006898 0.118997 0.000654 0.001413 0.000200 0.000193 0.000292 0.001629 0.000454 0.009998 0.001203 0.001479
0.585432 0.005003 0.000255 0.001787 0.001148 0.002423 0.007320 0.000987 0.007022 0.016073 0.004944 0.000733 0.000203 0.003365 0.001911 0.001947 0.002553 0.006450 0.003439 0.077067 0.008128 0.118989 0.000431 0.000937 0.002391 0.002713 0.001627 0.008249 0.000521 0.009640 0.112148 0.004165
0.430143 0.000233 0.000519 0.001811 0.000956 0.000778 0.000261 0.000209 0.000508 0.009188 0.000646 0.000249 0.000465 0.000772 0.013057 0.000159 0.005174 0.000504 0.000565 0.375335 0.009144 0.116279 0.000471 0.001090 0.003447 0.000233 0.000438 0.005089 0.000303 0.012018 0.007936 0.002019
0.213983 0.015146 0.000621 0.003519 0.002899 0.004045 0.014425 0.002227 0.003990 0.061289 0.012767 0.004088 0.001449 0.007343 0.006457 0.006260 0.018087 0.005817 0.003583 0.152909 0.092208 0.113099 0.019387 0.004386 0.003063 0.009353 0.013246 0.033210 0.010141 0.065517 0.089976 0.005510
0.305233 0.006905 0.000554 0.003935 0.004869 0.005013 0.004280 0.000891 0.002554 0.067820 0.015274 0.001114 0.001162 0.003522 0.007071 0.003221 0.015010 0.003303 0.002944 0.144735 0.068269 0.112326 0.006688 0.003216 0.002196 0.004067 0.011535 0.029077 0.007650 0.055008 0.095953 0.004603
0.455273 0.000188 0.000041 0.000464 0.000050 0.000156 0.000420 0.000348 0.004373 0.270157 0.000321 0.000121 0.000123 0.000283 0.001058 0.000560 0.000601 0.004759 0.000424 0.140684 0.001907 0.109559 0.000154 0.000597 0.000376 0.000184 0.000206 0.001593 0.000206 0.002919 0.000369 0.001524
0.418112 0.007440 0.003358 0.001007 0.000548 0.000385 0.004813 0.001571 0.003389 0.094229 0.000381 0.002155 0.000046 0.002543 0.032002 0.032495 0.069853 0.001817 0.002733 0.018394 0.021814 0.022578 0.001365 0.012680 0.003112 0.000748 0.000562 0.158019 0.000565 0.071102 0.003318 0.006866
0.845303 0.000153 0.000044 0.002585 0.000028 0.001842 0.000282 0.000272 0.000249 0.008753 0.000071 0.000320 0.000042 0.000095 0.002404 0.000934 0.003369 0.000115 0.000120 0.012431 0.002161 0.004977 0.000329 0.000406 0.000376 0.000092 0.000077 0.103303 0.000028 0.007198 0.000740 0.000900
0.236465 0.001998 0.001352 0.000719 0.001239 0.000564 0.005938 0.001899 0.001811 0.038743 0.002887 0.003819 0.000142 0.002357 0.017120 0.002533 0.058849 0.001796 0.001418 0.094433 0.241670 0.052812 0.002386 0.003005 0.002095 0.003210 0.002986 0.020914 0.001797 0.110253 0.078781 0.004009
0.683010 0.004018 0.000586 0.005244 0.007813 0.001016 0.002844 0.001186 0.001799 0.008065 0.038634 0.000714 0.000161 0.001840 0.015901 0.000496 0.006803 0.002706 0.000702 0.022360 0.007356 0.018470 0.000372 0.002038 0.003510 0.007996 0.004631 0.002479 0.002454 0.008826 0.133650 0.002322
0.260671 0.026992 0.000667 0.004539 0.004299 0.005122 0.040825 0.004859 0.007113 0.046854 0.015070 0.008648 0.001655 0.009373 0.005767 0.016940 0.019213 0.014343 0.005486 0.096810 0.051987 0.074705 0.026030 0.005844 0.003892 0.013834 0.014391 0.021428 0.011262 0.043882 0.131089 0.006410
0.585432 0.005003 0.000255 0.001787 0.001148 0.002423 0.007320 0.000987 0.007022 0.016073 0.004944 0.000733 0.000203 0.003365 0.001911 0.001947 0.002553 0.006450 0.003439 0.077067 0.008128 0.118989 0.000431 0.000937 0.002391 0.002713 0.001627 0.008249 0.000521 0.009640 0.112148 0.004165
0.239063 0.014138 0.000673 0.002978 0.002311 0.003610 0.015539 0.002106 0.003416 0.055786 0.010632 0.005138 0.001306 0.007544 0.006026 0.006401 0.019392 0.006608 0.003470 0.136906 0.092547 0.097634 0.014942 0.004679 0.002604 0.010960 0.013899 0.033431 0.011370 0.064145 0.105893 0.004854
0.581516 0.014341 0.000309 0.010794 0.012870 0.001668 0.008345 0.003001 0.005073 0.021296 0.070817 0.003090 0.000154 0.002598 0.018687 0.001759 0.011817 0.003463 0.001635 0.034966 0.012266 0.018757 0.001767 0.005929 0.002984 0.011325 0.005765 0.006812 0.002925 0.016558 0.102401 0.004312
