0.112464 0.873070 0.000004 0.000042 0.000013 0.000044 0.000095 0.000014 0.000071 0.000065 0.005375 0.000009 0.000187 0.003656 0.000004 0.000019 0.000007 0.000121 0.000053 0.000025 0.000034 0.000077 0.000016 0.000006 0.003066 0.000086 0.000512 0.000012 0.000140 0.000034 0.000664 0.000011
0.620294 0.153374 0.000374 0.001707 0.002447 0.000251 0.005450 0.001320 0.001144 0.008414 0.069076 0.002881 0.000538 0.008555 0.003001 0.001634 0.002553 0.001611 0.000993 0.024961 0.013320 0.006886 0.002493 0.001798 0.006317 0.004554 0.011650 0.003325 0.008721 0.010697 0.018511 0.001153
0.670171 0.107725 0.000101 0.008327 0.000069 0.012571 0.000964 0.000110 0.000379 0.000422 0.003293 0.000054 0.011387 0.017688 0.000093 0.000129 0.000293 0.011421 0.001485 0.000472 0.000853 0.021534 0.000057 0.000137 0.028381 0.001471 0.000834 0.000183 0.000167 0.001050 0.097709 0.000468
0.008125 0.000002 0.000004 0.987906 0.000083 0.003677 0.000001 0.000001 0.000001 0.000002 0.000016 0.000001 0.000087 0.000001 0.000007 0.000001 0.000004 0.000004 0.000001 0.000004 0.000006 0.000005 0.000001 0.000002 0.000003 0.000013 0.000007 0.000009 0.000002 0.000004 0.000011 0.000005
0.261701 0.000007 0.000003 0.736532 0.000430 0.000546 0.000005 0.000002 0.000006 0.000014 0.000056 0.000003 0.000026 0.000003 0.000106 0.000004 0.000056 0.000004 0.000006 0.000028 0.000037 0.000055 0.000004 0.000029 0.000010 0.000018 0.000035 0.000083 0.000001 0.000051 0.000107 0.000033
0.404469 0.000078 0.000008 0.558389 0.000414 0.034925 0.000019 0.000007 0.000027 0.000029 0.000624 0.000010 0.000468 0.000009 0.000024 0.000007 0.000019 0.000016 0.000007 0.000018 0.000016 0.000014 0.000064 0.000031 0.000012 0.000065 0.000050 0.000059 0.000023 0.000014 0.000057 0.000025
0.503392 0.002024 0.000188 0.258169 0.003157 0.008488 0.002256 0.001472 0.003940 0.005709 0.002675 0.001761 0.020652 0.001921 0.005409 0.001837 0.010722 0.003526 0.006927 0.021574 0.005586 0.027727 0.002544 0.009287 0.004799 0.002913 0.004955 0.012811 0.000740 0.018563 0.010375 0.033901
0.792509 0.000040 0.000001 0.203619 0.000073 0.001768 0.000012 0.000008 0.000053 0.000102 0.000180 0.000021 0.000015 0.000005 0.000171 0.000014 0.000067 0.000014 0.000007 0.000422 0.000088 0.000102 0.000011 0.000058 0.000010 0.000041 0.000068 0.000302 0.000006 0.000093 0.000078 0.000043
0.857764 0.000192 0.000001 0.135724 0.000068 0.000681 0.000063 0.000031 0.000143 0.000418 0.000336 0.000087 0.000012 0.000014 0.000508 0.000062 0.000181 0.000033 0.000031 0.001265 0.000247 0.000339 0.000042 0.000134 0.000022 0.000140 0.000145 0.000668 0.000014 0.000312 0.000196 0.000127
0.665831 0.006520 0.000058 0.130734 0.034120 0.004188 0.004204 0.001064 0.004863 0.014029 0.032213 0.002079 0.000386 0.000581 0.003772 0.002087 0.008901 0.002429 0.001364 0.014185 0.012945 0.008408 0.004212 0.003025 0.000318 0.006694 0.001490 0.005179 0.001268 0.007126 0.013544 0.002182
0.853658 0.000214 0.000007 0.126611 0.001888 0.002317 0.000155 0.000072 0.000379 0.000477 0.002265 0.000067 0.000111 0.000050 0.000889 0.000069 0.000551 0.000122 0.000137 0.001121 0.000409 0.002740 0.000066 0.000573 0.000171 0.000244 0.000500 0.001172 0.000060 0.000947 0.001469 0.000493
0.879664 0.000001 0.000002 0.119193 0.000022 0.000153 0.000004 0.000002 0.000003 0.000031 0.000031 0.000002 0.000016 0.000002 0.000062 0.000003 0.000037 0.000007 0.000002 0.000251 0.000059 0.000193 0.000005 0.000018 0.000007 0.000009 0.000048 0.000026 0.000005 0.000064 0.000058 0.000020
0.674285 0.002102 0.001955 0.109661 0.005289 0.112566 0.000679 0.000330 0.000566 0.001220 0.036680 0.000232 0.008222 0.001341 0.000932 0.000176 0.000903 0.001402 0.000185 0.007159 0.001973 0.002627 0.001049 0.000783 0.000943 0.003925 0.003896 0.001642 0.004763 0.002379 0.009502 0.000632
0.722813 0.008362 0.000118 0.105757 0.006957 0.001645 0.007404 0.002244 0.005705 0.017174 0.015522 0.003072 0.000109 0.000663 0.010697 0.003901 0.004966 0.001096 0.001867 0.012286 0.003557 0.007149 0.004915 0.008271 0.000907 0.003249 0.002729 0.010860 0.001304 0.011003 0.009220 0.004479
0.895280 0.000003 0.000000 0.101138 0.000069 0.003094 0.000001 0.000001 0.000008 0.000009 0.000255 0.000001 0.000010 0.000000 0.000004 0.000001 0.000012 0.000001 0.000001 0.000038 0.000007 0.000006 0.000001 0.000007 0.000001 0.000005 0.000008 0.000023 0.000000 0.000004 0.000009 0.000003
0.013872 0.000007 0.000011 0.000081 0.985559 0.000041 0.000002 0.000001 0.000013 0.000001 0.000243 0.000001 0.000010 0.000001 0.000007 0.000000 0.000005 0.000002 0.000001 0.000001 0.000002 0.000002 0.000002 0.000001 0.000002 0.000026 0.000064 0.000002 0.000012 0.000001 0.000028 0.000001
0.028941 0.000071 0.000044 0.000075 0.968676 0.000111 0.000013 0.000007 0.000347 0.000015 0.001205 0.000004 0.000027 0.000008 0.000020 0.000005 0.000021 0.000010 0.000009 0.000003 0.000008 0.000006 0.000019 0.000026 0.000005 0.000068 0.000110 0.000013 0.000055 0.000009 0.000058 0.000010
0.625427 0.000026 0.000194 0.000984 0.371228 0.000306 0.000008 0.000009 0.000048 0.000066 0.000234 0.000007 0.000101 0.000006 0.000177 0.000004 0.000057 0.000010 0.000009 0.000110 0.000049 0.000110 0.000031 0.000086 0.000014 0.000116 0.000204 0.000047 0.000163 0.000029 0.000115 0.000024
0.650241 0.000628 0.000016 0.037454 0.294551 0.002153 0.000195 0.000099 0.002004 0.000194 0.003621 0.000051 0.000270 0.000074 0.001135 0.000044 0.000771 0.000116 0.000124 0.000384 0.000167 0.000544 0.000254 0.000119 0.000245 0.000377 0.001274 0.000677 0.000104 0.000213 0.001706 0.000196
0.776497 0.000148 0.000487 0.004824 0.201035 0.000385 0.000118 0.000101 0.000175 0.000459 0.000679 0.000073 0.000129 0.000124 0.009242 0.000036 0.001048 0.000088 0.000055 0.000534 0.000295 0.000460 0.000215 0.000431 0.000243 0.000171 0.000178 0.000280 0.000145 0.000558 0.000634 0.000152
0.849290 0.000174 0.000050 0.006221 0.125679 0.000648 0.000073 0.000041 0.000161 0.000735 0.004228 0.000036 0.000035 0.000076 0.003288 0.000027 0.001410 0.000036 0.000055 0.001333 0.000716 0.001015 0.000032 0.000382 0.000135 0.000194 0.000431 0.000457 0.000106 0.000794 0.002005 0.000140
0.740992 0.011987 0.000147 0.018027 0.121145 0.000634 0.002221 0.001112 0.015594 0.002799 0.052050 0.001269 0.000159 0.000502 0.004756 0.000698 0.001588 0.000621 0.000703 0.001200 0.000759 0.001212 0.002525 0.002550 0.000502 0.001412 0.003751 0.002181 0.000950 0.001067 0.003740 0.001144
0.746933 0.000391 0.000748 0.003968 0.100799 0.000455 0.000583 0.000409 0.002780 0.006229 0.004580 0.000243 0.000109 0.001024 0.062114 0.000230 0.009957 0.000631 0.000465 0.007906 0.003860 0.018149 0.000317 0.000502 0.001033 0.000313 0.001117 0.002235 0.000779 0.007659 0.012003 0.001476
0.061109 0.000012 0.000006 0.070172 0.000020 0.866500 0.000004 0.000004 0.000006 0.000019 0.000033 0.000003 0.001694 0.000004 0.000009 0.000004 0.000009 0.000013 0.000007 0.000028 0.000017 0.000016 0.000010 0.000017 0.000014 0.000015 0.000039 0.000147 0.000009 0.000019 0.000019 0.000022
0.752421 0.000454 0.000012 0.015363 0.000577 0.207364 0.000038 0.000046 0.000545 0.000229 0.011909 0.000031 0.006044 0.000050 0.000050 0.000030 0.000081 0.000142 0.000053 0.000697 0.000137 0.000894 0.000058 0.000101 0.000080 0.000178 0.001492 0.000266 0.000105 0.000078 0.000350 0.000124
0.674285 0.002102 0.001955 0.109661 0.005289 0.112566 0.000679 0.000330 0.000566 0.001220 0.036680 0.000232 0.008222 0.001341 0.000932 0.000176 0.000903 0.001402 0.000185 0.007159 0.001973 0.002627 0.001049 0.000783 0.000943 0.003925 0.003896 0.001642 0.004763 0.002379 0.009502 0.000632
0.041072 0.000007 0.000045 0.848560 0.000296 0.108930 0.000005 0.000003 0.000004 0.000009 0.000061 0.000002 0.000649 0.000007 0.000020 0.000003 0.000017 0.000012 0.000005 0.000013 0.000021 0.000009 0.000004 0.000011 0.000019 0.000035 0.000028 0.000074 0.000009 0.000014 0.000036 0.000020
0.132926 0.000155 0.000023 0.000212 0.000092 0.000039 0.000831 0.000379 0.000654 0.798393 0.000067 0.000279 0.000004 0.000073 0.001251 0.004390 0.001011 0.000504 0.000276 0.037586 0.000649 0.012822 0.000278 0.001184 0.000105 0.000068 0.000032 0.002202 0.000058 0.002278 0.000085 0.001093
0.255009 0.000803 0.000262 0.000399 0.000442 0.000146 0.002367 0.001156 0.002559 0.622532 0.000410 0.001154 0.000016 0.000451 0.003246 0.008563 0.003075 0.001539 0.000681 0.063260 0.001650 0.014899 0.000581 0.002667 0.000519 0.000320 0.000184 0.005693 0.000268 0.003091 0.000404 0.001656
0.510776 0.000356 0.000190 0.000750 0.000162 0.000273 0.001330 0.000744 0.001458 0.384749 0.000545 0.000541 0.000037 0.000287 0.002322 0.003173 0.001681 0.002295 0.000439 0.064906 0.001453 0.011444 0.000410 0.001710 0.000445 0.000285 0.000190 0.002279 0.000270 0.002869 0.000285 0.001350
0.566245 0.000901 0.000169 0.000717 0.000227 0.000140 0.004712 0.001190 0.002939 0.331028 0.000157 0.002479 0.000006 0.000198 0.002582 0.020080 0.004936 0.000317 0.000561 0.033919 0.001793 0.008349 0.000735 0.002308 0.000421 0.000269 0.000121 0.008078 0.000088 0.002756 0.000280 0.001299
0.591423 0.000872 0.000145 0.001650 0.000855 0.000124 0.004541 0.001248 0.001290 0.291311 0.000370 0.001495 0.000006 0.000214 0.003230 0.018614 0.004065 0.001649 0.000301 0.045520 0.001842 0.012520 0.001478 0.002714 0.000246 0.000327 0.000295 0.005738 0.000319 0.003663 0.000411 0.001524
0.480269 0.001509 0.000441 0.000631 0.000342 0.000102 0.006745 0.001524 0.002354 0.242533 0.000151 0.003693 0.000005 0.000354 0.011379 0.030693 0.020194 0.000206 0.001014 0.080141 0.011840 0.037048 0.001071 0.002928 0.001913 0.000444 0.000231 0.035606 0.000133 0.020741 0.001012 0.002752
0.607805 0.001102 0.000155 0.001393 0.000289 0.000195 0.003159 0.000966 0.002069 0.212023 0.000299 0.000896 0.000007 0.000341 0.004111 0.018768 0.004995 0.000695 0.001416 0.035691 0.003514 0.071190 0.000684 0.003008 0.000539 0.000196 0.000158 0.009094 0.000116 0.009869 0.000777 0.004477
0.135214 0.039325 0.002471 0.000972 0.019431 0.000865 0.012465 0.008957 0.016707 0.210052 0.002615 0.014026 0.000142 0.001086 0.001814 0.024263 0.005579 0.005157 0.007017 0.024387 0.007153 0.037361 0.382018 0.006423 0.000888 0.003616 0.001356 0.008567 0.009799 0.005162 0.001990 0.003123
0.656294 0.000557 0.000242 0.001464 0.000179 0.000127 0.002766 0.000760 0.000997 0.205340 0.000174 0.001308 0.000004 0.000271 0.008808 0.020886 0.006346 0.000328 0.000787 0.044137 0.003182 0.016939 0.000507 0.002948 0.000862 0.000157 0.000112 0.010396 0.000118 0.009566 0.000385 0.003052
0.582767 0.001578 0.000574 0.001709 0.000867 0.000166 0.008960 0.001893 0.002633 0.182897 0.000304 0.004811 0.000010 0.000703 0.016600 0.034135 0.011842 0.000368 0.000963 0.077672 0.004663 0.013818 0.001322 0.003443 0.001764 0.000671 0.000261 0.028262 0.000203 0.010070 0.001258 0.002814
0.637141 0.000608 0.000685 0.001105 0.000418 0.000183 0.002975 0.001147 0.001466 0.152800 0.000411 0.002825 0.000012 0.000391 0.023707 0.011427 0.013890 0.000287 0.000994 0.089135 0.004815 0.012978 0.000578 0.006734 0.001468 0.000255 0.000194 0.010831 0.000286 0.016410 0.000406 0.003434
0.227653 0.010720 0.000728 0.012882 0.009704 0.005377 0.009561 0.006396 0.007627 0.144365 0.010427 0.004484 0.000996 0.005574 0.020588 0.045300 0.026811 0.008129 0.008151 0.077240 0.045057 0.066361 0.003068 0.013531 0.004544 0.008380 0.006018 0.103864 0.004293 0.055215 0.029160 0.017797
0.660027 0.002398 0.000931 0.002909 0.001806 0.001639 0.003025 0.002193 0.006466 0.126716 0.004749 0.002286 0.000113 0.001002 0.004188 0.005577 0.003857 0.002366 0.000625 0.073900 0.002952 0.064643 0.001769 0.003761 0.000911 0.000568 0.001316 0.008380 0.001136 0.003431 0.001668 0.002695
0.524565 0.001154 0.000686 0.002663 0.004079 0.001209 0.002040 0.001918 0.003688 0.126463 0.002465 0.001653 0.000060 0.000660 0.005781 0.003903 0.004776 0.001855 0.000642 0.143723 0.005474 0.129144 0.001733 0.002697 0.000646 0.000739 0.001551 0.011989 0.001495 0.005240 0.002753 0.002557
0.746953 0.000998 0.000132 0.001375 0.001111 0.000069 0.010696 0.001540 0.001731 0.114052 0.000220 0.001831 0.000001 0.000129 0.001982 0.058777 0.006697 0.001068 0.000360 0.021847 0.002503 0.010362 0.001329 0.001846 0.000157 0.000285 0.000268 0.006361 0.000145 0.003300 0.000671 0.001203
0.627464 0.147627 0.000005 0.000038 0.000086 0.000037 0.000285 0.000098 0.000697 0.001349 0.213326 0.000229 0.000207 0.001294 0.000024 0.000083 0.000047 0.000423 0.000105 0.000394 0.000148 0.000557 0.000120 0.000091 0.001686 0.000313 0.001248 0.000119 0.000231 0.000095 0.001477 0.000098
0.652067 0.025238 0.000375 0.009104 0.043664 0.000371 0.004088 0.001862 0.010681 0.010288 0.163465 0.002776 0.000099 0.002107 0.021109 0.001207 0.003589 0.000781 0.000963 0.005011 0.002025 0.005835 0.002302 0.002819 0.001692 0.002265 0.005626 0.002863 0.002832 0.003103 0.008072 0.001720
0.714235 0.026528 0.000168 0.005229 0.030209 0.000275 0.004023 0.001465 0.015282 0.006297 0.149837 0.002721 0.000089 0.000738 0.008860 0.001014 0.001966 0.000483 0.000701 0.001975 0.000980 0.001416 0.003182 0.003311 0.000636 0.001826 0.005000 0.002255 0.001677 0.001662 0.004860 0.001101
0.861514 0.002696 0.000000 0.000014 0.000014 0.000001 0.000019 0.000014 0.000008 0.000333 0.133656 0.000008 0.000004 0.000051 0.000024 0.000025 0.000019 0.000019 0.000012 0.000599 0.000105 0.000226 0.000019 0.000017 0.000088 0.000025 0.000172 0.000014 0.000189 0.000071 0.000030 0.000013
0.741700 0.001387 0.000117 0.000828 0.020457 0.007514 0.000397 0.000532 0.007425 0.011620 0.104079 0.000400 0.002773 0.000246 0.001257 0.000218 0.000887 0.000764 0.000858 0.046554 0.001672 0.021997 0.004101 0.003022 0.000563 0.000623 0.006191 0.002806 0.001697 0.001802 0.004113 0.001400
0.785683 0.000180 0.000014 0.027290 0.000117 0.005714 0.000110 0.000068 0.000490 0.000387 0.000186 0.000070 0.148856 0.000270 0.000101 0.000051 0.000283 0.000939 0.000940 0.009658 0.000114 0.006162 0.000176 0.000437 0.001322 0.000130 0.000376 0.000935 0.000045 0.000602 0.000885 0.007410
0.764888 0.000137 0.001167 0.000846 0.013012 0.000050 0.000328 0.000175 0.000439 0.007757 0.002815 0.000107 0.000020 0.000623 0.139679 0.000173 0.007781 0.000248 0.000164 0.005907 0.017864 0.015207 0.000089 0.000336 0.000616 0.000250 0.000301 0.001376 0.000447 0.011743 0.004823 0.000630
0.725489 0.000183 0.001631 0.000548 0.025923 0.000050 0.000589 0.000244 0.000613 0.022697 0.002976 0.000311 0.000018 0.001058 0.100352 0.000228 0.010604 0.000294 0.000295 0.014426 0.026535 0.026891 0.000195 0.000744 0.000760 0.000543 0.000356 0.005351 0.000980 0.019262 0.008927 0.000927
0.240280 0.001599 0.000527 0.009982 0.005991 0.005522 0.001064 0.001195 0.003240 0.015476 0.007956 0.000560 0.000822 0.001136 0.006473 0.001905 0.010930 0.005282 0.001063 0.332595 0.022880 0.198068 0.001817 0.002004 0.001313 0.004280 0.001608 0.018309 0.005027 0.036254 0.052399 0.002443
0.269946 0.002046 0.000921 0.008423 0.006422 0.015056 0.001191 0.001623 0.004341 0.015259 0.010426 0.000647 0.001686 0.001756 0.008027 0.002188 0.008855 0.006364 0.001338 0.326476 0.024076 0.147523 0.002447 0.002377 0.001756 0.005883 0.001946 0.017664 0.009801 0.033992 0.056866 0.002678
0.389333 0.001664 0.000707 0.007229 0.004881 0.006289 0.001307 0.001151 0.002384 0.011608 0.006775 0.000657 0.000406 0.001168 0.006241 0.001924 0.006517 0.004676 0.000864 0.261348 0.017812 0.150163 0.001415 0.001627 0.001281 0.004105 0.002053 0.014529 0.007374 0.024519 0.056017 0.001976
0.524565 0.001154 0.000686 0.002663 0.004079 0.001209 0.002040 0.001918 0.003688 0.126463 0.002465 0.001653 0.000060 0.000660 0.005781 0.003903 0.004776 0.001855 0.000642 0.143723 0.005474 0.129144 0.001733 0.002697 0.000646 0.000739 0.001551 0.011989 0.001495 0.005240 0.002753 0.002557
0.363072 0.008102 0.006091 0.020881 0.010905 0.015744 0.024706 0.009383 0.010477 0.084334 0.012835 0.010990 0.001554 0.007567 0.022363 0.012789 0.015071 0.006754 0.005959 0.139315 0.013399 0.054379 0.012203 0.018502 0.009737 0.007322 0.003916 0.026745 0.006409 0.027059 0.019606 0.011831
0.443939 0.002392 0.001007 0.002449 0.001515 0.001176 0.004668 0.003548 0.004978 0.254622 0.003734 0.003259 0.000079 0.001112 0.005876 0.010380 0.006611 0.003736 0.000989 0.137646 0.005300 0.065277 0.002338 0.004359 0.001283 0.000926 0.001508 0.012341 0.001363 0.006091 0.001825 0.003669
0.704636 0.000997 0.000532 0.012117 0.001574 0.007358 0.000868 0.000786 0.000861 0.012783 0.022652 0.000569 0.004483 0.001207 0.004094 0.000766 0.002562 0.001375 0.001384 0.123797 0.011925 0.032915 0.000973 0.002654 0.002632 0.001610 0.008416 0.003910 0.008097 0.010113 0.008434 0.002919
0.862940 0.000009 0.000003 0.004503 0.000027 0.000141 0.000015 0.000012 0.000069 0.000700 0.000021 0.000024 0.002068 0.000033 0.000200 0.000009 0.000147 0.000023 0.000062 0.123025 0.000092 0.002549 0.000018 0.000477 0.000203 0.000011 0.000042 0.000507 0.000007 0.000796 0.000053 0.001215
0.379278 0.002278 0.000897 0.002098 0.004545 0.005756 0.001185 0.001920 0.014446 0.028065 0.022583 0.001270 0.001738 0.001794 0.002864 0.000795 0.002938 0.002900 0.001150 0.115511 0.006776 0.341072 0.002043 0.003673 0.001281 0.001405 0.003294 0.013199 0.003297 0.009371 0.016976 0.003600
0.570971 0.001742 0.000364 0.022852 0.001700 0.002611 0.004155 0.001477 0.002854 0.056421 0.001005 0.001504 0.000143 0.000947 0.008688 0.010287 0.007455 0.001533 0.002969 0.107113 0.006888 0.104387 0.004510 0.004827 0.002264 0.001049 0.000813 0.027169 0.000587 0.022815 0.007383 0.010519
0.714211 0.001179 0.000736 0.011424 0.004315 0.009298 0.001513 0.001457 0.002609 0.006937 0.007644 0.000414 0.000591 0.001024 0.005715 0.001653 0.008601 0.002522 0.000457 0.106411 0.011826 0.030657 0.000706 0.001602 0.001020 0.007303 0.002281 0.005442 0.005978 0.022185 0.020644 0.001645
0.610146 0.003995 0.000223 0.001999 0.000554 0.004312 0.001432 0.000673 0.003435 0.011074 0.005467 0.001186 0.000921 0.001222 0.002292 0.000368 0.001873 0.003311 0.001436 0.104256 0.004242 0.138834 0.000508 0.001182 0.002927 0.001674 0.000666 0.031982 0.000623 0.008159 0.047038 0.001990
0.379278 0.002278 0.000897 0.002098 0.004545 0.005756 0.001185 0.001920 0.014446 0.028065 0.022583 0.001270 0.001738 0.001794 0.002864 0.000795 0.002938 0.002900 0.001150 0.115511 0.006776 0.341072 0.002043 0.003673 0.001281 0.001405 0.003294 0.013199 0.003297 0.009371 0.016976 0.003600
0.660971 0.000219 0.000054 0.006068 0.000491 0.001006 0.000125 0.000219 0.000840 0.006304 0.005840 0.000113 0.000426 0.000230 0.001564 0.000200 0.001403 0.000285 0.000289 0.019764 0.001889 0.274121 0.000088 0.004134 0.000316 0.000080 0.000804 0.003012 0.000148 0.005597 0.001518 0.001883
0.693116 0.000206 0.000032 0.005188 0.000388 0.000986 0.000085 0.000133 0.000428 0.006990 0.004810 0.000081 0.000315 0.000156 0.001718 0.000141 0.001181 0.000190 0.000260 0.020965 0.001643 0.244628 0.000077 0.002942 0.000269 0.000062 0.000554 0.002964 0.000130 0.006338 0.001748 0.001276
0.604754 0.000753 0.000436 0.002747 0.000757 0.002221 0.000299 0.000618 0.002385 0.020452 0.010693 0.000275 0.000692 0.000899 0.004190 0.000528 0.002908 0.000895 0.000556 0.064091 0.004899 0.243593 0.000271 0.002345 0.001030 0.000326 0.001975 0.007488 0.000786 0.007981 0.005369 0.002787
0.240280 0.001599 0.000527 0.009982 0.005991 0.005522 0.001064 0.001195 0.003240 0.015476 0.007956 0.000560 0.000822 0.001136 0.006473 0.001905 0.010930 0.005282 0.001063 0.332595 0.022880 0.198068 0.001817 0.002004 0.001313 0.004280 0.001608 0.018309 0.005027 0.036254 0.052399 0.002443
0.389333 0.001664 0.000707 0.007229 0.004881 0.006289 0.001307 0.001151 0.002384 0.011608 0.006775 0.000657 0.000406 0.001168 0.006241 0.001924 0.006517 0.004676 0.000864 0.261348 0.017812 0.150163 0.001415 0.001627 0.001281 0.004105 0.002053 0.014529 0.007374 0.024519 0.056017 0.001976
0.269946 0.002046 0.000921 0.008423 0.006422 0.015056 0.001191 0.001623 0.004341 0.015259 0.010426 0.000647 0.001686 0.001756 0.008027 0.002188 0.008855 0.006364 0.001338 0.326476 0.024076 0.147523 0.002447 0.002377 0.001756 0.005883 0.001946 0.017664 0.009801 0.033992 0.056866 0.002678
0.610146 0.003995 0.000223 0.001999 0.000554 0.004312 0.001432 0.000673 0.003435 0.011074 0.005467 0.001186 0.000921 0.001222 0.002292 0.000368 0.001873 0.003311 0.001436 0.104256 0.004242 0.138834 0.000508 0.001182 0.002927 0.001674 0.000666 0.031982 0.000623 0.008159 0.047038 0.001990
0.524565 0.001154 0.000686 0.002663 0.004079 0.001209 0.002040 0.001918 0.003688 0.126463 0.002465 0.001653 0.000060 0.000660 0.005781 0.003903 0.004776 0.001855 0.000642 0.143723 0.005474 0.129144 0.001733 0.002697 0.000646 0.000739 0.001551 0.011989 0.001495 0.005240 0.002753 0.002557
0.633274 0.001356 0.000083 0.002677 0.000364 0.000265 0.003114 0.001076 0.001702 0.110700 0.000674 0.001014 0.000015 0.000338 0.006390 0.015623 0.007011 0.000676 0.001516 0.036286 0.005279 0.126913 0.000891 0.004790 0.000738 0.000227 0.000356 0.012462 0.000172 0.015793 0.001356 0.006869
0.674927 0.001713 0.000284 0.050976 0.013598 0.005342 0.000916 0.000961 0.008580 0.008083 0.007465 0.000751 0.001102 0.000955 0.002596 0.000414 0.002555 0.002159 0.001360 0.035603 0.003757 0.118700 0.000975 0.004557 0.000949 0.000692 0.001123 0.007695 0.000728 0.011372 0.025962 0.003151
0.761883 0.001178 0.000532 0.004988 0.004241 0.003219 0.000925 0.000812 0.006292 0.020780 0.004501 0.000726 0.000230 0.000828 0.002860 0.000809 0.002120 0.000767 0.000525 0.039694 0.002890 0.118422 0.000561 0.001906 0.000692 0.000368 0.001326 0.005618 0.001040 0.003955 0.003557 0.001755
0.752930 0.000601 0.000247 0.000681 0.006268 0.001360 0.000210 0.000199 0.001255 0.003824 0.006669 0.000101 0.000440 0.000467 0.002206 0.000115 0.004999 0.000366 0.000613 0.046316 0.004127 0.105048 0.000242 0.000934 0.001555 0.000862 0.004081 0.003622 0.001043 0.007631 0.039801 0.001189
0.570971 0.001742 0.000364 0.022852 0.001700 0.002611 0.004155 0.001477 0.002854 0.056421 0.001005 0.001504 0.000143 0.000947 0.008688 0.010287 0.007455 0.001533 0.002969 0.107113 0.006888 0.104387 0.004510 0.004827 0.002264 0.001049 0.000813 0.027169 0.000587 0.022815 0.007383 0.010519
0.135214 0.039325 0.002471 0.000972 0.019431 0.000865 0.012465 0.008957 0.016707 0.210052 0.002615 0.014026 0.000142 0.001086 0.001814 0.024263 0.005579 0.005157 0.007017 0.024387 0.007153 0.037361 0.382018 0.006423 0.000888 0.003616 0.001356 0.008567 0.009799 0.005162 0.001990 0.003123
0.573629 0.005575 0.000491 0.004303 0.000462 0.013077 0.001586 0.000939 0.005150 0.019661 0.002122 0.002510 0.000546 0.001281 0.004348 0.001151 0.003167 0.001740 0.001233 0.056618 0.003453 0.045012 0.000908 0.002323 0.002899 0.001069 0.000824 0.223627 0.000638 0.006606 0.011146 0.001906
0.682368 0.001650 0.000472 0.013097 0.000824 0.000978 0.001323 0.000436 0.001390 0.021026 0.000245 0.001768 0.000039 0.000335 0.004962 0.002248 0.001763 0.000380 0.000300 0.030635 0.000985 0.006575 0.005326 0.001185 0.000894 0.000554 0.000184 0.213766 0.000244 0.001935 0.000736 0.001379
0.227653 0.010720 0.000728 0.012882 0.009704 0.005377 0.009561 0.006396 0.007627 0.144365 0.010427 0.004484 0.000996 0.005574 0.020588 0.045300 0.026811 0.008129 0.008151 0.077240 0.045057 0.066361 0.003068 0.013531 0.004544 0.008380 0.006018 0.103864 0.004293 0.055215 0.029160 0.017797
0.800384 0.000128 0.000193 0.001648 0.004990 0.001171 0.000218 0.000109 0.000210 0.001175 0.004208 0.000064 0.000133 0.000239 0.001213 0.000093 0.003132 0.001180 0.000204 0.019634 0.004099 0.030374 0.000140 0.000332 0.001198 0.003450 0.005516 0.003542 0.001215 0.006201 0.102474 0.001134
