chair 115 112 521 516 0.842178 0.145853
sofa 9 135 721 407 0.944519 0.049454
sofa 3 159 130 310 0.209605 0.553729
bookshelf 4 51 122 326 0.25883 0.644673
picture 397 5 463 82 0.615971 0.183419
picture 182 1 456 78 0.500378 0.148236
picture 418 45 429 56 0.4422 0.495592
picture 445 40 451 59 0.408262 0.311787
picture 400 44 447 73 0.379441 0.562688
picture 318 39 456 83 0.364857 0.466020
picture 2 1 61 14 0.333195 0.333553
picture 405 30 451 58 0.318616 0.361214
picture 8 73 92 179 0.277705 0.608646
picture 446 32 458 81 0.276721 0.457941
picture 406 46 411 54 0.272827 0.350915
picture 18 140 41 161 0.270157 0.455273
picture 430 44 437 66 0.264239 0.707892
picture 3 119 49 167 0.253372 0.482136
picture 2 88 42 119 0.249349 0.615998
picture 398 54 410 68 0.219627 0.606224
picture 449 36 451 41 0.211525 0.384075
picture 1 7 14 11 0.197775 0.333742
picture 51 94 70 105 0.182277 0.574582
picture 1 98 5 113 0.180949 0.715284
picture 8 12 77 119 0.171796 0.565800
picture 398 38 411 62 0.169319 0.347178
picture 443 62 449 71 0.164317 0.805265
picture 403 54 423 71 0.161498 0.794395
picture 188 0 268 66 0.147641 0.440953
picture 434 32 448 41 0.145706 0.566798
picture 38 139 47 154 0.123951 0.446917
picture 43 89 90 136 0.120394 0.549939
picture 386 59 398 69 0.120012 0.418467
counter 0 175 142 308 0.114682 0.553729
counter 101 306 105 307 0.101006 0.829995
blinds 44 130 95 166 0.11446 0.438045
mirror 115 0 493 116 0.338666 0.376456
mirror 172 1 322 75 0.229578 0.327743
paper 15 34 30 49 0.525539 0.409324
paper 31 33 65 37 0.375335 0.430143
paper 4 0 64 37 0.220498 0.395444
paper 41 139 46 145 0.215996 0.397984
paper 5 29 67 60 0.2032 0.663405
paper 387 29 450 72 0.191817 0.253908
paper 446 39 451 58 0.186446 0.311787
paper 449 35 451 41 0.175595 0.384075
paper 9 8 23 11 0.169113 0.582724
paper 417 31 447 41 0.163247 0.427575
paper 399 39 410 62 0.15481 0.347178
paper 42 87 90 135 0.153498 0.549939
paper 1 497 18 529 0.15349 0.206941
paper 490 191 496 200 0.152909 0.213983
paper 717 326 725 326 0.152448 0.425570
paper 48 136 55 145 0.150387 0.548788
paper 447 32 458 80 0.14853 0.457941
paper 493 167 502 192 0.144735 0.305233
paper 407 46 410 54 0.144413 0.350915
paper 19 140 40 161 0.140684 0.455273
paper 487 201 495 216 0.136906 0.239063
paper 2 128 36 140 0.133098 0.620704
paper 383 402 386 408 0.13183 0.705413
paper 387 30 407 69 0.128818 0.358094
paper 409 39 410 46 0.12857 0.433455
paper 143 35 151 62 0.127819 0.456792
paper 326 0 458 72 0.123781 0.237141
paper 81 156 86 157 0.115929 0.611643
paper 48 132 64 136 0.115535 0.543921
paper 379 44 389 59 0.114347 0.401267
paper 6 6 73 121 0.112606 0.565800
paper 1 27 7 46 0.112589 0.814791
paper 9 9 59 13 0.110775 0.531224
paper 51 93 70 105 0.110643 0.574582
paper 506 61 525 121 0.108933 0.339486
paper 2 43 24 57 0.104901 0.800025
paper 50 89 64 96 0.103923 0.629450
paper 48 144 87 166 0.100741 0.545333
towel 519 0 539 62 0.24167 0.236465
towel 500 0 538 157 0.12754 0.508749
box 679 2 705 54 0.464158 0.489007
box 619 1 729 54 0.43791 0.397574
box 723 38 729 48 0.411323 0.347355
box 316 3 392 48 0.407334 0.423778
box 322 24 326 39 0.369728 0.568860
box 385 28 408 70 0.298557 0.358094
box 386 59 397 69 0.27319 0.418467
box 692 51 708 53 0.267913 0.691949
box 1 140 21 166 0.25295 0.506413
box 9 8 57 14 0.247911 0.531224
box 334 47 341 51 0.238589 0.658725
box 313 2 460 84 0.236475 0.164293
box 1 495 18 529 0.221317 0.206941
box 38 139 47 153 0.218875 0.446917
box 414 31 448 41 0.197594 0.427575
box 378 44 389 59 0.193783 0.401267
box 333 41 377 54 0.193517 0.717280
box 391 30 408 39 0.175762 0.595843
box 334 41 349 51 0.173389 0.755300
box 365 43 377 54 0.170853 0.690006
box 700 271 729 325 0.166387 0.416740
box 1 120 51 166 0.160541 0.482136
box 398 39 411 62 0.159876 0.347178
box 1 2 65 36 0.154904 0.395444
box 1 128 41 140 0.15437 0.620704
box 46 8 58 14 0.154358 0.726629
box 9 8 22 12 0.152056 0.582724
box 408 39 410 46 0.136663 0.433455
box 356 42 364 52 0.13555 0.803042
box 406 46 411 54 0.12985 0.350915
box 322 56 327 73 0.127105 0.663117
box 405 30 451 57 0.118997 0.361214
box 93 172 101 176 0.118989 0.585432
box 30 32 66 38 0.116279 0.430143
box 491 192 497 201 0.113099 0.213983
box 493 167 503 192 0.112326 0.305233
box 18 140 42 160 0.109559 0.455273
lamp 243 2 325 76 0.158019 0.418112
lamp 300 32 303 38 0.103303 0.845303
bag 519 1 539 59 0.110253 0.236465
garbage_bin 457 293 471 298 0.13365 0.683010
garbage_bin 481 193 497 252 0.131089 0.260671
garbage_bin 92 172 101 175 0.112148 0.585432
garbage_bin 487 201 496 217 0.105893 0.239063
garbage_bin 459 278 473 292 0.102401 0.581516
