chair 282 79 536 355 0.94775 0.050432
chair 120 77 226 183 0.678574 0.276532
chair 401 61 529 211 0.572884 0.415605
chair 5 90 198 323 0.491499 0.030042
chair 8 0 125 100 0.40297 0.576104
chair 12 22 176 190 0.261383 0.711396
chair 448 13 499 69 0.259912 0.684837
chair 490 62 493 65 0.240444 0.619602
chair 348 76 427 292 0.204406 0.794964
chair 567 50 579 56 0.20386 0.719834
chair 551 47 565 66 0.197909 0.753391
chair 353 81 409 137 0.187298 0.731207
chair 564 48 569 56 0.178627 0.715436
chair 471 42 492 68 0.161374 0.797261
chair 648 4 729 135 0.140019 0.703512
chair 563 29 583 56 0.13148 0.809712
chair 370 47 685 252 0.129584 0.797793
chair 483 77 493 80 0.120684 0.838367
chair 506 80 509 85 0.111791 0.885935
chair 460 68 491 80 0.108666 0.855128
chair 463 56 473 65 0.105434 0.872406
chair 363 89 367 95 0.100402 0.812073
sofa 202 13 599 85 0.761787 0.229010
sofa 266 35 428 127 0.364668 0.573773
sofa 255 36 512 244 0.206331 0.754165
sofa 290 69 427 90 0.126208 0.839816
table 359 95 703 529 0.867482 0.006112
table 2 84 241 315 0.739709 0.011437
table 644 55 729 133 0.103312 0.701570
bookshelf 126 6 316 77 0.674043 0.298801
bookshelf 106 4 180 82 0.471667 0.510844
bookshelf 144 39 200 63 0.194015 0.760991
picture 655 279 729 323 0.126207 0.353177
desk 376 78 719 529 0.621107 0.046160
desk 5 121 237 314 0.18609 0.345471
paper 123 92 124 94 0.755292 0.243282
paper 648 143 718 181 0.601749 0.154018
paper 118 90 128 95 0.564948 0.423927
paper 130 76 144 95 0.432436 0.545858
paper 118 93 122 94 0.422985 0.568799
paper 104 88 122 95 0.183723 0.763538
paper 614 1 636 7 0.15817 0.418345
paper 701 116 729 180 0.155988 0.500146
paper 717 73 729 77 0.147161 0.320978
paper 624 1 639 4 0.134523 0.453073
paper 719 424 724 428 0.134518 0.274139
paper 658 282 729 322 0.124981 0.353177
paper 649 166 681 178 0.112334 0.809166
paper 117 76 166 128 0.109282 0.835838
box 134 63 142 72 0.164996 0.545583
box 615 1 637 6 0.16375 0.418345
box 649 1 729 42 0.155905 0.557390
box 723 29 729 32 0.15428 0.707755
box 657 278 726 322 0.151681 0.353177
box 709 44 719 47 0.149539 0.605473
box 121 61 127 72 0.145858 0.604889
box 143 69 148 74 0.14504 0.485316
box 100 61 116 76 0.139731 0.524646
box 624 1 640 3 0.13913 0.453073
box 138 59 148 74 0.13143 0.566968
box 187 41 203 46 0.11999 0.672637
box 648 15 729 175 0.11611 0.617176
box 417 516 425 529 0.11461 0.355973
box 149 59 159 63 0.111921 0.650283
box 679 27 714 39 0.106572 0.840046
box 676 31 725 57 0.105582 0.788693
box 176 36 185 38 0.101361 0.735220
garbage_bin 226 144 227 148 0.173017 0.717069
garbage_bin 218 91 239 155 0.10717 0.824849
garbage_bin 226 144 232 160 0.101069 0.786539
