0.014682 0.925362 0.000016 0.000382 0.000110 0.000360 0.000650 0.000202 0.001251 0.000279 0.032749 0.000165 0.000082 0.000250 0.000077 0.001204 0.000133 0.000091 0.000279 0.000265 0.000397 0.000153 0.000395 0.000082 0.000185 0.001419 0.010062 0.000133 0.007604 0.000108 0.000749 0.000125
0.727955 0.122377 0.000018 0.000763 0.000091 0.001265 0.060263 0.001450 0.005382 0.001415 0.020116 0.015484 0.000062 0.000203 0.000075 0.004506 0.000847 0.002806 0.000685 0.002606 0.000832 0.002248 0.002246 0.000511 0.000384 0.007215 0.006403 0.001665 0.001005 0.000715 0.007516 0.000891
0.119216 0.000034 0.000012 0.849411 0.000024 0.025967 0.000015 0.000010 0.000032 0.000021 0.000176 0.000005 0.003515 0.000026 0.000049 0.000006 0.000067 0.000056 0.000021 0.000087 0.000052 0.000222 0.000010 0.000023 0.000162 0.000037 0.000083 0.000063 0.000013 0.000099 0.000410 0.000074
0.312893 0.000451 0.001812 0.642812 0.011453 0.018482 0.000147 0.000069 0.000155 0.000075 0.003346 0.000053 0.001197 0.000229 0.000176 0.000077 0.000218 0.000477 0.000094 0.000123 0.000184 0.000142 0.000114 0.000089 0.000252 0.001358 0.001708 0.000111 0.000411 0.000132 0.001062 0.000097
0.576590 0.000041 0.000001 0.401902 0.000069 0.019264 0.000007 0.000004 0.000017 0.000025 0.000458 0.000004 0.000017 0.000003 0.000046 0.000005 0.000018 0.000008 0.000004 0.000154 0.000044 0.000094 0.000005 0.000011 0.000008 0.000207 0.000353 0.000139 0.000039 0.000033 0.000407 0.000019
0.785688 0.000245 0.000025 0.184552 0.000363 0.020995 0.000039 0.000031 0.000135 0.000212 0.000750 0.000064 0.000077 0.000026 0.000516 0.000027 0.000130 0.000025 0.000017 0.000733 0.000085 0.000152 0.000050 0.000064 0.000048 0.000182 0.000787 0.003384 0.000039 0.000092 0.000308 0.000162
0.761784 0.000037 0.000008 0.159243 0.000030 0.074001 0.000021 0.000009 0.000040 0.000036 0.000197 0.000005 0.002951 0.000019 0.000022 0.000011 0.000062 0.000065 0.000025 0.000129 0.000056 0.000230 0.000017 0.000027 0.000099 0.000058 0.000073 0.000162 0.000021 0.000074 0.000437 0.000053
0.779607 0.001252 0.002221 0.137278 0.013383 0.000958 0.000901 0.000338 0.000580 0.001531 0.001341 0.000412 0.000290 0.001104 0.028102 0.000122 0.004881 0.000333 0.000147 0.004616 0.000882 0.003791 0.000657 0.001406 0.000715 0.001653 0.000619 0.001891 0.000825 0.002078 0.005167 0.000921
0.112648 0.000070 0.000029 0.024115 0.000045 0.848749 0.000018 0.000017 0.000079 0.000039 0.000314 0.000012 0.012750 0.000021 0.000027 0.000012 0.000037 0.000044 0.000023 0.000094 0.000027 0.000058 0.000024 0.000032 0.000081 0.000033 0.000129 0.000218 0.000029 0.000035 0.000140 0.000051
0.761411 0.000051 0.000005 0.010748 0.000149 0.223303 0.000011 0.000012 0.000075 0.000087 0.000631 0.000010 0.000554 0.000005 0.000082 0.000009 0.000057 0.000013 0.000010 0.000435 0.000070 0.000335 0.000020 0.000039 0.000038 0.000025 0.000287 0.001211 0.000019 0.000069 0.000190 0.000038
0.697957 0.053197 0.000026 0.001303 0.000169 0.002615 0.154591 0.002684 0.006741 0.003980 0.012658 0.006428 0.000041 0.000253 0.000075 0.008740 0.000811 0.008752 0.001798 0.004529 0.000997 0.008487 0.005041 0.000417 0.000337 0.005626 0.002203 0.001201 0.000383 0.000925 0.005937 0.001098
0.622986 0.004889 0.000850 0.004125 0.015255 0.001610 0.007040 0.004855 0.004951 0.129118 0.005943 0.015003 0.000133 0.001379 0.008228 0.004528 0.010523 0.002529 0.031275 0.025881 0.007504 0.035402 0.001422 0.006752 0.002999 0.001284 0.000619 0.009470 0.000671 0.018940 0.008908 0.004930
0.248878 0.017125 0.001563 0.003874 0.017471 0.000773 0.006178 0.006236 0.003358 0.109282 0.019512 0.010591 0.000364 0.004012 0.075570 0.003027 0.015520 0.001937 0.002193 0.178521 0.037891 0.040236 0.048809 0.020153 0.004150 0.002955 0.004176 0.032376 0.009336 0.043227 0.021630 0.009076
0.564492 0.025948 0.000051 0.000141 0.000138 0.000092 0.000215 0.000245 0.000905 0.002355 0.383502 0.000226 0.000032 0.000317 0.000693 0.000719 0.000283 0.000036 0.000090 0.004835 0.000885 0.000743 0.000215 0.000360 0.000235 0.000391 0.004193 0.000296 0.006032 0.000325 0.000845 0.000166
0.321842 0.286212 0.000066 0.000166 0.000686 0.000375 0.000678 0.000322 0.006435 0.001162 0.361172 0.000623 0.000259 0.000261 0.000172 0.001563 0.000160 0.000059 0.000319 0.000366 0.000232 0.000170 0.001046 0.000241 0.000113 0.000728 0.008066 0.000225 0.005032 0.000098 0.000987 0.000166
0.750861 0.000107 0.000000 0.000000 0.000000 0.000000 0.000000 0.000001 0.000002 0.000024 0.247810 0.000000 0.000000 0.000000 0.000002 0.000006 0.000001 0.000000 0.000000 0.000383 0.000008 0.000005 0.000000 0.000002 0.000000 0.000002 0.000335 0.000001 0.000439 0.000002 0.000007 0.000000
0.791753 0.000597 0.000007 0.000007 0.000039 0.000006 0.000034 0.000057 0.000141 0.001026 0.195491 0.000058 0.000000 0.000015 0.000140 0.000323 0.000081 0.000008 0.000011 0.003721 0.000249 0.000237 0.000026 0.000096 0.000009 0.000091 0.003100 0.000059 0.002294 0.000072 0.000223 0.000030
0.819804 0.000426 0.000000 0.000003 0.000001 0.000001 0.000002 0.000003 0.000005 0.000086 0.174704 0.000001 0.000000 0.000002 0.000013 0.000049 0.000005 0.000001 0.000001 0.001536 0.000064 0.000039 0.000001 0.000011 0.000001 0.000014 0.001481 0.000006 0.001687 0.000013 0.000041 0.000002
0.574672 0.243845 0.000007 0.002394 0.000030 0.000606 0.000733 0.000155 0.001581 0.000706 0.133999 0.000100 0.000022 0.000146 0.000101 0.001580 0.000112 0.000037 0.000079 0.001810 0.000727 0.000259 0.000164 0.000139 0.000098 0.002205 0.013719 0.000258 0.018412 0.000177 0.001031 0.000098
0.877626 0.000076 0.000000 0.000001 0.000000 0.000000 0.000000 0.000001 0.000002 0.000055 0.120391 0.000000 0.000000 0.000001 0.000005 0.000004 0.000002 0.000000 0.000000 0.001062 0.000015 0.000012 0.000000 0.000002 0.000000 0.000003 0.000197 0.000001 0.000525 0.000005 0.000013 0.000001
0.865282 0.009230 0.000059 0.000048 0.000504 0.000221 0.000489 0.000271 0.003056 0.001454 0.107045 0.001232 0.000103 0.000056 0.000058 0.000602 0.000082 0.000089 0.000061 0.000353 0.000112 0.000125 0.003594 0.000161 0.000030 0.000499 0.002319 0.000195 0.002039 0.000046 0.000493 0.000095
0.507183 0.004793 0.001027 0.001204 0.001154 0.000890 0.056326 0.004067 0.002924 0.017560 0.002207 0.330776 0.000160 0.000647 0.001929 0.002039 0.005316 0.002388 0.001644 0.010524 0.003563 0.006975 0.003490 0.005359 0.001571 0.005470 0.000625 0.004855 0.000523 0.005107 0.006466 0.001238
0.366482 0.013168 0.002149 0.003887 0.024094 0.000550 0.005122 0.005395 0.003131 0.094928 0.016826 0.009745 0.000300 0.003406 0.102289 0.003043 0.014402 0.001656 0.001960 0.115832 0.028888 0.028460 0.032385 0.018856 0.004037 0.002866 0.004028 0.025763 0.009943 0.032988 0.015887 0.007532
0.269420 0.008944 0.001553 0.005347 0.004309 0.002324 0.004083 0.004840 0.003493 0.051693 0.025769 0.004876 0.000821 0.004249 0.021771 0.001597 0.012137 0.002688 0.001505 0.350348 0.037905 0.043287 0.016089 0.009221 0.005136 0.002840 0.004145 0.018871 0.005447 0.042322 0.026752 0.006215
0.234782 0.010125 0.001694 0.005883 0.005393 0.002514 0.005211 0.005561 0.004144 0.058039 0.026598 0.006236 0.000912 0.005212 0.025663 0.001980 0.014216 0.002823 0.001736 0.342797 0.040148 0.045997 0.018639 0.010925 0.005811 0.003537 0.004887 0.022822 0.005764 0.044444 0.028487 0.007019
0.553767 0.000089 0.000077 0.000316 0.000195 0.000043 0.001097 0.000563 0.001332 0.055213 0.000245 0.001116 0.000017 0.000108 0.002735 0.002789 0.005425 0.000263 0.001458 0.316071 0.007543 0.033167 0.000965 0.001002 0.000303 0.000181 0.000419 0.003659 0.000138 0.006888 0.000568 0.002246
0.612830 0.000516 0.000105 0.000953 0.000754 0.000234 0.002530 0.000900 0.000741 0.027733 0.001865 0.001355 0.000085 0.000382 0.014767 0.000745 0.004706 0.000412 0.000268 0.210033 0.024667 0.055055 0.001493 0.001167 0.000786 0.000458 0.000847 0.007407 0.000460 0.020180 0.003797 0.001768
0.625081 0.000478 0.000092 0.000822 0.000365 0.001004 0.001108 0.000479 0.001645 0.017736 0.002477 0.000718 0.000392 0.000811 0.003904 0.000236 0.005246 0.001251 0.000619 0.185363 0.009537 0.067083 0.000402 0.001161 0.000867 0.000563 0.000737 0.014485 0.000274 0.034620 0.018603 0.001841
0.248878 0.017125 0.001563 0.003874 0.017471 0.000773 0.006178 0.006236 0.003358 0.109282 0.019512 0.010591 0.000364 0.004012 0.075570 0.003027 0.015520 0.001937 0.002193 0.178521 0.037891 0.040236 0.048809 0.020153 0.004150 0.002955 0.004176 0.032376 0.009336 0.043227 0.021630 0.009076
0.453710 0.002855 0.000400 0.001391 0.003753 0.003137 0.002120 0.002082 0.005176 0.082254 0.049425 0.002581 0.000152 0.000948 0.029115 0.005995 0.009042 0.000723 0.001576 0.141060 0.034281 0.067400 0.002164 0.002566 0.001210 0.002519 0.009201 0.013919 0.007741 0.030200 0.026518 0.004783
0.293542 0.001668 0.003262 0.008091 0.035087 0.009111 0.002714 0.001416 0.004033 0.065055 0.009237 0.001432 0.000650 0.002626 0.025996 0.001590 0.016150 0.002623 0.005934 0.140617 0.029874 0.149149 0.001588 0.004307 0.003081 0.004305 0.003779 0.025095 0.008238 0.045541 0.089440 0.004770
0.288161 0.001586 0.003700 0.007277 0.029418 0.007480 0.003938 0.001887 0.002324 0.076575 0.008197 0.001960 0.000323 0.002877 0.046798 0.003035 0.020718 0.002509 0.006207 0.132533 0.033946 0.131011 0.001422 0.006557 0.003709 0.005973 0.004275 0.023629 0.010982 0.060966 0.064306 0.005721
0.245696 0.004782 0.016170 0.026077 0.057773 0.036278 0.007320 0.004738 0.006353 0.028100 0.022096 0.004217 0.004912 0.009949 0.028991 0.002517 0.014729 0.009225 0.011445 0.113379 0.018434 0.140077 0.004210 0.011845 0.008804 0.009724 0.003934 0.019007 0.012801 0.031685 0.076488 0.008241
0.227180 0.002660 0.006386 0.012384 0.063037 0.015670 0.004054 0.002471 0.005330 0.079239 0.011800 0.002069 0.001224 0.004924 0.043588 0.002821 0.020157 0.003753 0.010589 0.110091 0.029813 0.132322 0.001932 0.006690 0.004929 0.006105 0.003989 0.031218 0.010672 0.053523 0.081730 0.007650
0.512726 0.003282 0.000319 0.002977 0.008300 0.002685 0.001247 0.000837 0.002792 0.007881 0.051597 0.001026 0.001249 0.001110 0.011676 0.000345 0.005058 0.000988 0.001288 0.109078 0.017139 0.084821 0.001764 0.001572 0.005998 0.004993 0.018905 0.004648 0.011874 0.016103 0.101697 0.004024
0.767924 0.000322 0.000248 0.000334 0.000281 0.000289 0.000389 0.000196 0.001137 0.010740 0.000836 0.000418 0.000114 0.000773 0.006271 0.000253 0.010949 0.000270 0.000295 0.104244 0.008955 0.032130 0.000137 0.000755 0.000742 0.000446 0.000713 0.004237 0.000288 0.033284 0.011083 0.000944
0.527055 0.000526 0.000527 0.012409 0.003080 0.002430 0.000756 0.000309 0.001110 0.012253 0.003642 0.000592 0.000171 0.000555 0.007020 0.000345 0.004783 0.001196 0.000863 0.097405 0.011135 0.231257 0.000474 0.002194 0.000834 0.000909 0.001085 0.012157 0.000837 0.020856 0.039334 0.001901
0.339821 0.012039 0.001086 0.005703 0.019470 0.006021 0.013111 0.004234 0.011381 0.011406 0.061731 0.008501 0.002433 0.002734 0.005833 0.001677 0.007275 0.010000 0.007410 0.067652 0.016376 0.154538 0.010702 0.004777 0.007808 0.017622 0.014576 0.013255 0.007007 0.016381 0.127042 0.010396
0.293542 0.001668 0.003262 0.008091 0.035087 0.009111 0.002714 0.001416 0.004033 0.065055 0.009237 0.001432 0.000650 0.002626 0.025996 0.001590 0.016150 0.002623 0.005934 0.140617 0.029874 0.149149 0.001588 0.004307 0.003081 0.004305 0.003779 0.025095 0.008238 0.045541 0.089440 0.004770
0.245696 0.004782 0.016170 0.026077 0.057773 0.036278 0.007320 0.004738 0.006353 0.028100 0.022096 0.004217 0.004912 0.009949 0.028991 0.002517 0.014729 0.009225 0.011445 0.113379 0.018434 0.140077 0.004210 0.011845 0.008804 0.009724 0.003934 0.019007 0.012801 0.031685 0.076488 0.008241
0.265477 0.002851 0.007536 0.008549 0.052286 0.010198 0.004840 0.002426 0.004315 0.083007 0.010698 0.002947 0.000470 0.004093 0.039602 0.003793 0.023656 0.003536 0.009658 0.091311 0.028169 0.136389 0.001673 0.008285 0.004711 0.005908 0.003533 0.032271 0.008251 0.054282 0.078358 0.006923
0.227180 0.002660 0.006386 0.012384 0.063037 0.015670 0.004054 0.002471 0.005330 0.079239 0.011800 0.002069 0.001224 0.004924 0.043588 0.002821 0.020157 0.003753 0.010589 0.110091 0.029813 0.132322 0.001932 0.006690 0.004929 0.006105 0.003989 0.031218 0.010672 0.053523 0.081730 0.007650
0.288161 0.001586 0.003700 0.007277 0.029418 0.007480 0.003938 0.001887 0.002324 0.076575 0.008197 0.001960 0.000323 0.002877 0.046798 0.003035 0.020718 0.002509 0.006207 0.132533 0.033946 0.131011 0.001422 0.006557 0.003709 0.005973 0.004275 0.023629 0.010982 0.060966 0.064306 0.005721
0.311013 0.003875 0.014580 0.018527 0.070117 0.029804 0.005295 0.004072 0.006374 0.046491 0.018426 0.003043 0.003082 0.007628 0.043213 0.002780 0.016550 0.004988 0.011289 0.086995 0.019047 0.102758 0.002364 0.010416 0.006939 0.007471 0.004312 0.020420 0.013731 0.039139 0.058162 0.007101
0.435979 0.130033 0.000152 0.019160 0.002794 0.008552 0.002569 0.001307 0.003324 0.003953 0.058944 0.000842 0.000473 0.000939 0.004713 0.003717 0.004186 0.001152 0.001250 0.021962 0.011392 0.006696 0.000933 0.001106 0.001864 0.051942 0.149401 0.006134 0.022555 0.005331 0.034152 0.002492
0.786639 0.000889 0.000159 0.001013 0.000506 0.000273 0.001304 0.000192 0.000481 0.002882 0.012741 0.000159 0.000032 0.000635 0.003216 0.000128 0.004035 0.001025 0.000193 0.008407 0.002209 0.005167 0.000069 0.000276 0.001845 0.002444 0.001401 0.000637 0.000617 0.004153 0.155815 0.000458
0.587911 0.004081 0.002643 0.001577 0.003403 0.006662 0.005872 0.001912 0.001856 0.012661 0.027428 0.015987 0.000632 0.001199 0.005927 0.000821 0.008754 0.002687 0.001833 0.049622 0.018527 0.044930 0.001723 0.002076 0.002802 0.007476 0.007075 0.009969 0.004096 0.018455 0.137439 0.001964
0.752327 0.001918 0.000277 0.003137 0.001368 0.000370 0.003221 0.000508 0.001270 0.005822 0.023844 0.000553 0.000044 0.001287 0.008309 0.000330 0.008286 0.001835 0.000491 0.015222 0.004887 0.009750 0.000207 0.000814 0.003263 0.004621 0.002597 0.001629 0.000878 0.008540 0.131180 0.001215
0.339821 0.012039 0.001086 0.005703 0.019470 0.006021 0.013111 0.004234 0.011381 0.011406 0.061731 0.008501 0.002433 0.002734 0.005833 0.001677 0.007275 0.010000 0.007410 0.067652 0.016376 0.154538 0.010702 0.004777 0.007808 0.017622 0.014576 0.013255 0.007007 0.016381 0.127042 0.010396
0.542003 0.002525 0.006179 0.013921 0.049965 0.008927 0.003197 0.001400 0.004309 0.011928 0.036480 0.001646 0.000430 0.001868 0.009739 0.000891 0.007604 0.003775 0.001058 0.059658 0.012145 0.052616 0.002019 0.004308 0.002573 0.011127 0.008246 0.007626 0.010266 0.011019 0.107891 0.002663
0.499080 0.002716 0.005977 0.007344 0.057496 0.007860 0.004022 0.001741 0.003767 0.014871 0.044038 0.002314 0.000435 0.002226 0.013534 0.000950 0.009222 0.004217 0.001137 0.073080 0.014700 0.038126 0.003411 0.005922 0.003253 0.012621 0.011559 0.011076 0.019334 0.015943 0.104416 0.003611
0.512726 0.003282 0.000319 0.002977 0.008300 0.002685 0.001247 0.000837 0.002792 0.007881 0.051597 0.001026 0.001249 0.001110 0.011676 0.000345 0.005058 0.000988 0.001288 0.109078 0.017139 0.084821 0.001764 0.001572 0.005998 0.004993 0.018905 0.004648 0.011874 0.016103 0.101697 0.004024
0.727985 0.001426 0.001320 0.001513 0.031277 0.001180 0.002674 0.000724 0.002083 0.006273 0.025865 0.000601 0.000081 0.000713 0.004097 0.001011 0.004847 0.000897 0.000449 0.010959 0.004992 0.005603 0.000438 0.001229 0.000869 0.020145 0.011633 0.002849 0.021471 0.003440 0.100481 0.000879
