0.408613 0.457875 0.001168 0.000420 0.005015 0.000348 0.015717 0.001106 0.002286 0.002064 0.012331 0.001434 0.000167 0.009525 0.000475 0.003034 0.001624 0.004839 0.000990 0.002467 0.004796 0.002525 0.001870 0.000864 0.002537 0.005834 0.025316 0.001478 0.005500 0.002561 0.014730 0.000494
0.589140 0.348714 0.000092 0.000036 0.001938 0.000091 0.015403 0.000440 0.007142 0.000512 0.008752 0.000811 0.000017 0.000460 0.000018 0.001586 0.000100 0.002306 0.000311 0.000330 0.000250 0.000442 0.001409 0.000062 0.000150 0.003118 0.010388 0.000127 0.001762 0.000127 0.003875 0.000092
0.191609 0.106303 0.001615 0.006202 0.010802 0.014068 0.066110 0.011348 0.029625 0.042282 0.011446 0.010658 0.002898 0.012042 0.001861 0.023324 0.006701 0.070056 0.024129 0.031511 0.014206 0.059408 0.127189 0.004230 0.004966 0.008939 0.011200 0.014380 0.008013 0.011851 0.051933 0.009093
0.644282 0.000558 0.000519 0.144763 0.003340 0.018219 0.000609 0.000381 0.002330 0.017161 0.000615 0.000631 0.001911 0.000779 0.004738 0.000471 0.003132 0.001036 0.000880 0.038748 0.003374 0.060253 0.001281 0.004971 0.000918 0.000349 0.000371 0.025308 0.000361 0.008775 0.005693 0.003242
0.400055 0.000341 0.001041 0.003515 0.003808 0.001400 0.000676 0.000342 0.000838 0.004968 0.000703 0.000434 0.001112 0.001241 0.026085 0.000493 0.191811 0.000696 0.000954 0.013245 0.036484 0.041795 0.000386 0.005723 0.002670 0.000548 0.001493 0.015524 0.000472 0.209269 0.025741 0.006134
0.794406 0.000011 0.000044 0.000620 0.000038 0.000045 0.000058 0.000017 0.000055 0.000269 0.000042 0.000014 0.000027 0.000076 0.006232 0.000025 0.106388 0.000029 0.000053 0.003154 0.013444 0.014142 0.000019 0.000141 0.000208 0.000078 0.000224 0.001226 0.000023 0.052456 0.005788 0.000646
0.302625 0.001247 0.001383 0.007371 0.005372 0.003586 0.002241 0.001012 0.003537 0.028614 0.004527 0.001778 0.000845 0.001738 0.009981 0.000915 0.005336 0.004338 0.001544 0.298629 0.013808 0.192935 0.002453 0.002644 0.001920 0.002335 0.001786 0.022183 0.002601 0.018421 0.049023 0.003270
0.251803 0.001620 0.001101 0.003488 0.008694 0.005778 0.002069 0.000851 0.001881 0.021588 0.007271 0.000881 0.000840 0.001759 0.010610 0.000596 0.004038 0.005102 0.001410 0.294581 0.013928 0.165348 0.001387 0.002853 0.002205 0.005614 0.003781 0.021755 0.006556 0.022905 0.124587 0.003121
0.312436 0.001429 0.001299 0.007540 0.004295 0.003737 0.002676 0.000975 0.003366 0.023287 0.004384 0.001789 0.000802 0.001671 0.009195 0.000868 0.005080 0.004602 0.001461 0.290830 0.013260 0.196942 0.001976 0.002604 0.001930 0.002688 0.001851 0.022121 0.002362 0.017320 0.051923 0.003302
0.284625 0.002114 0.001252 0.006140 0.004812 0.003292 0.003560 0.001349 0.004137 0.031869 0.004575 0.002293 0.000772 0.002003 0.009205 0.001313 0.006488 0.005149 0.001933 0.269512 0.019074 0.193603 0.002603 0.002743 0.002087 0.003014 0.001784 0.026733 0.002792 0.024275 0.071191 0.003706
0.491399 0.000811 0.000598 0.001149 0.004604 0.004753 0.001611 0.000482 0.001849 0.019940 0.006927 0.000419 0.000642 0.001203 0.003249 0.000429 0.001549 0.004210 0.000925 0.266864 0.010405 0.079302 0.000528 0.001387 0.001194 0.002833 0.002323 0.008122 0.004679 0.007511 0.066329 0.001776
0.207866 0.003399 0.001972 0.008401 0.012084 0.004249 0.006326 0.001732 0.003632 0.015710 0.008368 0.001924 0.000538 0.002847 0.010956 0.001080 0.005994 0.008474 0.001391 0.264228 0.018143 0.171182 0.002932 0.003562 0.002596 0.008025 0.003908 0.022039 0.006660 0.023964 0.161631 0.004184
0.253451 0.002908 0.001918 0.009864 0.009373 0.004192 0.005753 0.001706 0.003903 0.018677 0.006375 0.002167 0.000608 0.002612 0.010539 0.001285 0.005626 0.007627 0.001532 0.258242 0.014864 0.207059 0.003506 0.003868 0.002325 0.006694 0.003698 0.024581 0.006260 0.021549 0.093168 0.004070
0.561971 0.001226 0.001306 0.003164 0.006033 0.015606 0.002979 0.000975 0.002568 0.013061 0.010814 0.000955 0.000906 0.001337 0.005049 0.000656 0.001665 0.004448 0.001450 0.239569 0.006558 0.055239 0.000757 0.001409 0.001208 0.001999 0.001207 0.006141 0.004058 0.006110 0.037873 0.001705
0.125695 0.009054 0.002851 0.010868 0.013539 0.004833 0.016780 0.003937 0.007244 0.032689 0.009125 0.006788 0.001649 0.005629 0.011812 0.002921 0.010771 0.015819 0.003888 0.234241 0.032042 0.161801 0.011047 0.006799 0.004474 0.011053 0.004133 0.040969 0.006351 0.029393 0.152789 0.009017
0.093744 0.011508 0.002723 0.009978 0.017353 0.004325 0.020312 0.004353 0.006957 0.033725 0.009719 0.006961 0.001606 0.006709 0.011955 0.002851 0.010720 0.017917 0.004076 0.221942 0.034884 0.149947 0.013866 0.007290 0.004765 0.012442 0.004335 0.038896 0.007546 0.030733 0.185594 0.010268
0.386898 0.001137 0.003244 0.049479 0.021671 0.044272 0.005517 0.001614 0.003033 0.019341 0.015192 0.001968 0.001479 0.003179 0.012006 0.001360 0.004150 0.006232 0.006859 0.221378 0.010874 0.085145 0.002046 0.004338 0.002714 0.002503 0.000639 0.006553 0.003598 0.016180 0.050859 0.004542
0.556991 0.001668 0.000369 0.001142 0.003030 0.007364 0.004610 0.000997 0.004457 0.026283 0.009276 0.001136 0.000822 0.001216 0.002350 0.001285 0.001647 0.003362 0.002371 0.220762 0.010513 0.077288 0.000752 0.001714 0.001165 0.002088 0.002027 0.007912 0.003924 0.006363 0.032446 0.002672
0.150634 0.005559 0.002236 0.010284 0.028994 0.006876 0.007098 0.005861 0.010916 0.056628 0.023376 0.005288 0.003021 0.005224 0.027101 0.003396 0.022913 0.006753 0.003538 0.214009 0.045530 0.090592 0.018323 0.014808 0.004568 0.012633 0.017061 0.043709 0.016041 0.056349 0.071089 0.009593
0.227258 0.006513 0.004409 0.006126 0.041478 0.010302 0.006024 0.003579 0.007781 0.019729 0.036300 0.002529 0.002083 0.004224 0.011407 0.001278 0.006322 0.009751 0.001859 0.208890 0.012873 0.089196 0.005682 0.007361 0.003883 0.017610 0.014569 0.018947 0.021304 0.022255 0.163352 0.005125
0.327038 0.002140 0.006087 0.041950 0.029053 0.051007 0.008775 0.003439 0.003792 0.028077 0.028030 0.002985 0.004026 0.005178 0.029489 0.003035 0.007368 0.006344 0.012322 0.205746 0.015411 0.066015 0.004438 0.007304 0.006367 0.004735 0.001627 0.007996 0.011167 0.022320 0.040492 0.006247
0.640638 0.000575 0.000292 0.000555 0.002485 0.003049 0.001094 0.000366 0.001456 0.013825 0.005321 0.000265 0.000355 0.000579 0.001945 0.000345 0.001001 0.002714 0.000608 0.201045 0.008626 0.048657 0.000323 0.000712 0.000751 0.001614 0.002336 0.004412 0.002983 0.005647 0.044358 0.001064
0.074099 0.008191 0.002545 0.011237 0.030223 0.005954 0.011313 0.007297 0.010119 0.071096 0.020040 0.007872 0.003074 0.007371 0.026064 0.004187 0.023493 0.009274 0.004361 0.195913 0.054397 0.099161 0.031888 0.017555 0.005127 0.015678 0.012992 0.049781 0.016244 0.057380 0.094807 0.011268
0.060861 0.009227 0.002532 0.011181 0.030400 0.005589 0.012629 0.007216 0.009504 0.073217 0.018894 0.008067 0.002893 0.007926 0.025074 0.004249 0.023131 0.009931 0.004544 0.190367 0.056848 0.103540 0.034899 0.017120 0.005119 0.016099 0.011435 0.049688 0.015859 0.056306 0.104228 0.011424
0.058046 0.009096 0.002670 0.010988 0.032714 0.005453 0.013280 0.007450 0.009461 0.072554 0.018577 0.009138 0.002714 0.007832 0.024334 0.003953 0.022774 0.010378 0.004376 0.188716 0.055959 0.097598 0.034643 0.016944 0.005041 0.017333 0.011074 0.050289 0.015816 0.055453 0.114303 0.011042
0.064397 0.009179 0.002565 0.011719 0.031196 0.005742 0.012661 0.007482 0.009879 0.073583 0.019344 0.008362 0.002959 0.007927 0.025886 0.004409 0.023912 0.009725 0.004636 0.186987 0.056085 0.100185 0.036301 0.017957 0.005177 0.016060 0.011914 0.050206 0.015965 0.057200 0.098651 0.011748
0.069329 0.008827 0.002963 0.011912 0.033808 0.006643 0.012528 0.008010 0.011159 0.069701 0.020162 0.008957 0.003058 0.007660 0.023502 0.004249 0.021963 0.011037 0.004608 0.186753 0.050657 0.094064 0.034002 0.017746 0.005111 0.018921 0.012152 0.052488 0.017847 0.053598 0.105390 0.011197
0.059520 0.009228 0.002921 0.011383 0.033168 0.006010 0.013236 0.007747 0.010142 0.069550 0.019813 0.009391 0.002969 0.008143 0.023872 0.003999 0.022872 0.011043 0.004609 0.183783 0.055414 0.097505 0.033609 0.017284 0.005247 0.018289 0.011910 0.050685 0.016227 0.054368 0.114792 0.011272
0.164562 0.013413 0.001848 0.011385 0.049424 0.006904 0.009225 0.004074 0.008534 0.035974 0.065260 0.003738 0.001224 0.004249 0.021817 0.003018 0.015992 0.004868 0.002894 0.182074 0.038502 0.068326 0.014215 0.012523 0.004308 0.012914 0.019277 0.022372 0.017666 0.052311 0.120679 0.006430
0.422115 0.003588 0.005205 0.003559 0.037888 0.012031 0.003377 0.001774 0.003213 0.014062 0.038160 0.001404 0.001419 0.002697 0.007388 0.000875 0.003242 0.007650 0.001568 0.176193 0.013933 0.063219 0.002013 0.002686 0.002807 0.011140 0.011627 0.009988 0.019578 0.011704 0.101517 0.002379
0.289119 0.001761 0.002222 0.003956 0.034251 0.006352 0.003166 0.001112 0.003013 0.021577 0.023173 0.000988 0.000719 0.003023 0.009014 0.000678 0.005018 0.006206 0.001841 0.171529 0.016688 0.096932 0.001516 0.003301 0.003855 0.014126 0.008372 0.012905 0.010770 0.015725 0.223086 0.004005
0.306891 0.003974 0.002605 0.010347 0.031320 0.009589 0.005778 0.005667 0.007971 0.035297 0.025659 0.004252 0.002349 0.004503 0.024477 0.002248 0.014269 0.009647 0.002687 0.169240 0.027800 0.068266 0.008578 0.010140 0.003899 0.013261 0.015853 0.024871 0.018563 0.044647 0.079341 0.006010
0.604918 0.002603 0.000749 0.001589 0.005518 0.015203 0.005502 0.001771 0.010261 0.019884 0.017342 0.001787 0.001708 0.001734 0.002496 0.001265 0.002092 0.003521 0.004306 0.166639 0.009462 0.055463 0.000856 0.001916 0.001729 0.002804 0.002791 0.005714 0.006148 0.006189 0.033211 0.002831
0.479313 0.002977 0.002328 0.014467 0.015377 0.051476 0.009368 0.004597 0.007830 0.029253 0.023341 0.003439 0.004020 0.003292 0.010342 0.002925 0.004550 0.005830 0.011721 0.160925 0.012890 0.056419 0.002938 0.004592 0.003995 0.004189 0.002191 0.007209 0.009531 0.012862 0.031302 0.004512
0.136681 0.005167 0.005996 0.028807 0.027915 0.005909 0.009231 0.006287 0.006170 0.037106 0.010103 0.012774 0.001558 0.006591 0.034489 0.003533 0.036027 0.007559 0.006006 0.144273 0.039031 0.148338 0.022410 0.015754 0.006632 0.010225 0.006774 0.060829 0.007501 0.048379 0.086834 0.015112
0.465085 0.003106 0.000544 0.008785 0.019981 0.003189 0.002676 0.000885 0.001659 0.019336 0.042722 0.000961 0.000940 0.001463 0.013866 0.001042 0.006703 0.002364 0.001317 0.141924 0.029380 0.052022 0.003450 0.002937 0.004274 0.006082 0.017037 0.009786 0.007543 0.027428 0.098344 0.003170
0.572428 0.001619 0.000556 0.002916 0.019115 0.005892 0.001315 0.000719 0.001732 0.006252 0.030975 0.000309 0.000314 0.000615 0.005850 0.000390 0.001595 0.003125 0.000403 0.138787 0.008222 0.044478 0.000892 0.001577 0.001083 0.007168 0.010630 0.005959 0.010947 0.011827 0.101049 0.001264
0.375497 0.003441 0.001173 0.006101 0.048962 0.013386 0.002735 0.001616 0.003469 0.019508 0.054413 0.000920 0.001752 0.002177 0.014464 0.000755 0.004646 0.003968 0.001602 0.137277 0.012774 0.063129 0.002604 0.005027 0.003588 0.009506 0.011395 0.010834 0.013021 0.025102 0.141599 0.003560
0.600070 0.000844 0.000513 0.001222 0.010640 0.005293 0.001151 0.000437 0.001551 0.012550 0.016912 0.000272 0.000359 0.000804 0.003142 0.000309 0.001875 0.002555 0.000587 0.128390 0.010435 0.041565 0.000496 0.001000 0.001507 0.004201 0.008219 0.004456 0.005711 0.007447 0.124111 0.001375
0.236016 0.003725 0.004598 0.021203 0.019864 0.004075 0.007772 0.005515 0.004295 0.050858 0.007128 0.013650 0.001144 0.004795 0.037244 0.003497 0.042161 0.004929 0.006509 0.127428 0.051035 0.103678 0.023194 0.013959 0.005511 0.007986 0.004937 0.054016 0.006261 0.051361 0.058578 0.013080
0.220674 0.003789 0.005546 0.027077 0.022889 0.004581 0.007289 0.005921 0.005491 0.047980 0.007806 0.013063 0.001707 0.005346 0.039766 0.003595 0.043650 0.005896 0.006813 0.125329 0.046319 0.111375 0.025091 0.016763 0.006532 0.008258 0.005555 0.058988 0.006021 0.046506 0.049150 0.015234
0.645388 0.000775 0.000308 0.001353 0.007474 0.005335 0.001029 0.000418 0.001397 0.014260 0.012327 0.000280 0.000374 0.000580 0.002332 0.000385 0.001985 0.002363 0.000652 0.118678 0.012176 0.036153 0.000562 0.000968 0.001091 0.002652 0.006265 0.004969 0.003613 0.009015 0.103450 0.001392
0.504249 0.003492 0.003374 0.022047 0.022883 0.062274 0.010070 0.005890 0.010838 0.024126 0.023202 0.003909 0.006259 0.003890 0.009980 0.003321 0.005602 0.005535 0.013275 0.113198 0.012990 0.044996 0.002852 0.004353 0.004962 0.004970 0.002932 0.006151 0.010773 0.013345 0.029662 0.004601
0.253128 0.004759 0.015945 0.032899 0.050417 0.007532 0.006620 0.004798 0.008317 0.026921 0.010901 0.008323 0.002319 0.007185 0.033681 0.002760 0.030982 0.010526 0.004145 0.108611 0.032088 0.116144 0.011797 0.010976 0.006538 0.012130 0.006997 0.045695 0.009173 0.035566 0.071843 0.010282
0.560909 0.000861 0.001500 0.002827 0.025065 0.007837 0.001396 0.000639 0.002168 0.013173 0.018919 0.000393 0.000500 0.001525 0.006122 0.000407 0.002976 0.003452 0.001124 0.108039 0.010280 0.068711 0.000541 0.001744 0.002468 0.006285 0.006499 0.006395 0.005877 0.008338 0.120800 0.002229
0.485379 0.000895 0.001136 0.023656 0.032970 0.013739 0.001659 0.001295 0.003298 0.029684 0.011879 0.001617 0.004906 0.001905 0.010995 0.000910 0.009119 0.004335 0.004989 0.106641 0.016143 0.116975 0.009544 0.014257 0.003187 0.002394 0.007088 0.018110 0.004292 0.029111 0.017161 0.010729
0.229287 0.006681 0.013378 0.037685 0.040958 0.008753 0.010099 0.005648 0.007875 0.023704 0.010421 0.010863 0.001870 0.007343 0.029306 0.003245 0.031856 0.011093 0.004181 0.103384 0.035977 0.105689 0.010349 0.011602 0.006132 0.015209 0.006426 0.050812 0.007828 0.041862 0.100053 0.010430
0.205095 0.007822 0.007455 0.036406 0.033022 0.041348 0.017018 0.009141 0.010400 0.049200 0.027402 0.007784 0.012521 0.013779 0.045591 0.010113 0.022787 0.007316 0.031137 0.101437 0.029466 0.063963 0.006484 0.017501 0.017752 0.012515 0.007064 0.017193 0.019104 0.051236 0.047689 0.013257
0.253451 0.002908 0.001918 0.009864 0.009373 0.004192 0.005753 0.001706 0.003903 0.018677 0.006375 0.002167 0.000608 0.002612 0.010539 0.001285 0.005626 0.007627 0.001532 0.258242 0.014864 0.207059 0.003506 0.003868 0.002325 0.006694 0.003698 0.024581 0.006260 0.021549 0.093168 0.004070
0.312436 0.001429 0.001299 0.007540 0.004295 0.003737 0.002676 0.000975 0.003366 0.023287 0.004384 0.001789 0.000802 0.001671 0.009195 0.000868 0.005080 0.004602 0.001461 0.290830 0.013260 0.196942 0.001976 0.002604 0.001930 0.002688 0.001851 0.022121 0.002362 0.017320 0.051923 0.003302
0.284625 0.002114 0.001252 0.006140 0.004812 0.003292 0.003560 0.001349 0.004137 0.031869 0.004575 0.002293 0.000772 0.002003 0.009205 0.001313 0.006488 0.005149 0.001933 0.269512 0.019074 0.193603 0.002603 0.002743 0.002087 0.003014 0.001784 0.026733 0.002792 0.024275 0.071191 0.003706
0.302625 0.001247 0.001383 0.007371 0.005372 0.003586 0.002241 0.001012 0.003537 0.028614 0.004527 0.001778 0.000845 0.001738 0.009981 0.000915 0.005336 0.004338 0.001544 0.298629 0.013808 0.192935 0.002453 0.002644 0.001920 0.002335 0.001786 0.022183 0.002601 0.018421 0.049023 0.003270
0.207866 0.003399 0.001972 0.008401 0.012084 0.004249 0.006326 0.001732 0.003632 0.015710 0.008368 0.001924 0.000538 0.002847 0.010956 0.001080 0.005994 0.008474 0.001391 0.264228 0.018143 0.171182 0.002932 0.003562 0.002596 0.008025 0.003908 0.022039 0.006660 0.023964 0.161631 0.004184
0.251803 0.001620 0.001101 0.003488 0.008694 0.005778 0.002069 0.000851 0.001881 0.021588 0.007271 0.000881 0.000840 0.001759 0.010610 0.000596 0.004038 0.005102 0.001410 0.294581 0.013928 0.165348 0.001387 0.002853 0.002205 0.005614 0.003781 0.021755 0.006556 0.022905 0.124587 0.003121
0.125695 0.009054 0.002851 0.010868 0.013539 0.004833 0.016780 0.003937 0.007244 0.032689 0.009125 0.006788 0.001649 0.005629 0.011812 0.002921 0.010771 0.015819 0.003888 0.234241 0.032042 0.161801 0.011047 0.006799 0.004474 0.011053 0.004133 0.040969 0.006351 0.029393 0.152789 0.009017
0.673015 0.000362 0.000817 0.001413 0.000415 0.000558 0.000502 0.000221 0.000547 0.006138 0.001744 0.000168 0.000184 0.000892 0.020324 0.000396 0.025495 0.000316 0.000786 0.030720 0.020081 0.161741 0.000426 0.001344 0.001733 0.000387 0.000983 0.004124 0.000310 0.035695 0.004889 0.003276
0.827294 0.000153 0.000045 0.000369 0.000094 0.000257 0.000233 0.000016 0.000263 0.000163 0.000040 0.000012 0.000019 0.000207 0.000063 0.000031 0.000282 0.001739 0.000077 0.001882 0.000308 0.158975 0.000004 0.000068 0.000124 0.000535 0.000110 0.000524 0.000058 0.000396 0.005521 0.000138
0.719132 0.000034 0.000240 0.001268 0.000765 0.000479 0.000203 0.000096 0.000325 0.004296 0.000899 0.000112 0.000070 0.000204 0.007563 0.000086 0.006137 0.000295 0.000527 0.062764 0.009392 0.155978 0.000321 0.000904 0.000651 0.000282 0.001289 0.003717 0.000203 0.016701 0.003169 0.001898
0.093744 0.011508 0.002723 0.009978 0.017353 0.004325 0.020312 0.004353 0.006957 0.033725 0.009719 0.006961 0.001606 0.006709 0.011955 0.002851 0.010720 0.017917 0.004076 0.221942 0.034884 0.149947 0.013866 0.007290 0.004765 0.012442 0.004335 0.038896 0.007546 0.030733 0.185594 0.010268
0.136681 0.005167 0.005996 0.028807 0.027915 0.005909 0.009231 0.006287 0.006170 0.037106 0.010103 0.012774 0.001558 0.006591 0.034489 0.003533 0.036027 0.007559 0.006006 0.144273 0.039031 0.148338 0.022410 0.015754 0.006632 0.010225 0.006774 0.060829 0.007501 0.048379 0.086834 0.015112
0.301372 0.004267 0.002785 0.028422 0.018807 0.006777 0.004953 0.002738 0.004603 0.053611 0.009548 0.003995 0.002044 0.009569 0.018211 0.004901 0.025237 0.007144 0.008431 0.050468 0.031468 0.139899 0.002948 0.082288 0.006063 0.002806 0.003485 0.031289 0.004550 0.080767 0.034309 0.012244
0.511932 0.000867 0.005433 0.004121 0.023794 0.002303 0.001380 0.000841 0.003290 0.016106 0.006039 0.000812 0.001822 0.003202 0.043448 0.000778 0.037625 0.002063 0.002769 0.047948 0.030978 0.139257 0.002886 0.007326 0.003522 0.001511 0.003723 0.009582 0.001979 0.057338 0.018529 0.006794
0.606321 0.002712 0.000181 0.000980 0.000988 0.001214 0.002393 0.001125 0.011381 0.037518 0.003401 0.002283 0.000314 0.000881 0.002224 0.004153 0.005420 0.005232 0.006563 0.040625 0.004609 0.132035 0.000692 0.005741 0.001386 0.000781 0.002184 0.064862 0.000540 0.014464 0.026841 0.009955
0.536237 0.000688 0.002503 0.008725 0.010019 0.006173 0.001899 0.001287 0.003390 0.011480 0.004064 0.000979 0.002275 0.002469 0.021131 0.000997 0.037161 0.005250 0.003326 0.059165 0.029686 0.125618 0.003630 0.005481 0.004759 0.002687 0.007722 0.015441 0.002059 0.048945 0.022757 0.011997
0.691914 0.001158 0.000099 0.002199 0.000825 0.001604 0.001377 0.000643 0.009282 0.012343 0.003009 0.001240 0.000239 0.000557 0.001158 0.001895 0.004463 0.003155 0.003015 0.037294 0.002513 0.120752 0.000351 0.004763 0.000683 0.000386 0.001407 0.053054 0.000270 0.009338 0.020236 0.008776
0.639757 0.000460 0.001326 0.008259 0.005786 0.004162 0.001050 0.000561 0.000870 0.014769 0.005383 0.000729 0.000981 0.001412 0.015995 0.000531 0.014763 0.001943 0.001968 0.060876 0.022622 0.120730 0.002503 0.004305 0.002945 0.001656 0.004690 0.007998 0.002181 0.029866 0.012629 0.006296
0.568961 0.002192 0.001606 0.013744 0.007791 0.005251 0.003350 0.000955 0.002611 0.020836 0.004803 0.001472 0.001120 0.003195 0.006348 0.001234 0.005345 0.007799 0.002425 0.095367 0.016253 0.120035 0.001108 0.010032 0.001804 0.002952 0.001441 0.020120 0.002250 0.026471 0.037150 0.003977
0.485379 0.000895 0.001136 0.023656 0.032970 0.013739 0.001659 0.001295 0.003298 0.029684 0.011879 0.001617 0.004906 0.001905 0.010995 0.000910 0.009119 0.004335 0.004989 0.106641 0.016143 0.116975 0.009544 0.014257 0.003187 0.002394 0.007088 0.018110 0.004292 0.029111 0.017161 0.010729
0.253128 0.004759 0.015945 0.032899 0.050417 0.007532 0.006620 0.004798 0.008317 0.026921 0.010901 0.008323 0.002319 0.007185 0.033681 0.002760 0.030982 0.010526 0.004145 0.108611 0.032088 0.116144 0.011797 0.010976 0.006538 0.012130 0.006997 0.045695 0.009173 0.035566 0.071843 0.010282
0.372661 0.004521 0.003600 0.052580 0.027760 0.007745 0.005600 0.002661 0.006567 0.031157 0.011568 0.004460 0.002262 0.009224 0.015249 0.003772 0.023973 0.006322 0.005829 0.046029 0.024746 0.113680 0.003204 0.055925 0.005135 0.002980 0.002948 0.031504 0.003318 0.066808 0.035089 0.011123
0.220674 0.003789 0.005546 0.027077 0.022889 0.004581 0.007289 0.005921 0.005491 0.047980 0.007806 0.013063 0.001707 0.005346 0.039766 0.003595 0.043650 0.005896 0.006813 0.125329 0.046319 0.111375 0.025091 0.016763 0.006532 0.008258 0.005555 0.058988 0.006021 0.046506 0.049150 0.015234
0.748842 0.000067 0.000318 0.004235 0.002122 0.001917 0.000336 0.000193 0.000409 0.006907 0.001902 0.000262 0.000208 0.000310 0.005057 0.000128 0.005042 0.001131 0.000691 0.069547 0.008985 0.105693 0.000836 0.001496 0.000994 0.000686 0.003536 0.006259 0.000826 0.012494 0.005839 0.002730
0.229287 0.006681 0.013378 0.037685 0.040958 0.008753 0.010099 0.005648 0.007875 0.023704 0.010421 0.010863 0.001870 0.007343 0.029306 0.003245 0.031856 0.011093 0.004181 0.103384 0.035977 0.105689 0.010349 0.011602 0.006132 0.015209 0.006426 0.050812 0.007828 0.041862 0.100053 0.010430
0.656849 0.000790 0.002783 0.001936 0.006285 0.000461 0.000620 0.000399 0.002282 0.009887 0.002406 0.000367 0.000655 0.002093 0.041109 0.000542 0.039264 0.000582 0.000899 0.021717 0.023947 0.104484 0.000480 0.003745 0.001857 0.000382 0.000758 0.005773 0.000619 0.053452 0.009774 0.002802
0.236016 0.003725 0.004598 0.021203 0.019864 0.004075 0.007772 0.005515 0.004295 0.050858 0.007128 0.013650 0.001144 0.004795 0.037244 0.003497 0.042161 0.004929 0.006509 0.127428 0.051035 0.103678 0.023194 0.013959 0.005511 0.007986 0.004937 0.054016 0.006261 0.051361 0.058578 0.013080
0.060861 0.009227 0.002532 0.011181 0.030400 0.005589 0.012629 0.007216 0.009504 0.073217 0.018894 0.008067 0.002893 0.007926 0.025074 0.004249 0.023131 0.009931 0.004544 0.190367 0.056848 0.103540 0.034899 0.017120 0.005119 0.016099 0.011435 0.049688 0.015859 0.056306 0.104228 0.011424
0.277046 0.002693 0.004441 0.019401 0.026127 0.034151 0.002190 0.002177 0.002128 0.060956 0.006438 0.002121 0.005087 0.007165 0.053746 0.004490 0.044862 0.003662 0.028415 0.059871 0.039078 0.101526 0.002298 0.048918 0.010875 0.001239 0.001443 0.027905 0.002891 0.087521 0.017521 0.011618
0.668478 0.007056 0.000654 0.006460 0.002432 0.003547 0.010204 0.001050 0.004083 0.006239 0.001611 0.000928 0.000210 0.003046 0.001575 0.008017 0.004833 0.027868 0.002619 0.026830 0.013022 0.101198 0.000841 0.002105 0.001351 0.012574 0.003197 0.017607 0.002324 0.009353 0.044738 0.003951
0.064397 0.009179 0.002565 0.011719 0.031196 0.005742 0.012661 0.007482 0.009879 0.073583 0.019344 0.008362 0.002959 0.007927 0.025886 0.004409 0.023912 0.009725 0.004636 0.186987 0.056085 0.100185 0.036301 0.017957 0.005177 0.016060 0.011914 0.050206 0.015965 0.057200 0.098651 0.011748
0.191609 0.106303 0.001615 0.006202 0.010802 0.014068 0.066110 0.011348 0.029625 0.042282 0.011446 0.010658 0.002898 0.012042 0.001861 0.023324 0.006701 0.070056 0.024129 0.031511 0.014206 0.059408 0.127189 0.004230 0.004966 0.008939 0.011200 0.014380 0.008013 0.011851 0.051933 0.009093
0.470873 0.002923 0.001317 0.017520 0.011274 0.005716 0.001988 0.001409 0.002821 0.022460 0.008050 0.001695 0.001454 0.006517 0.008948 0.003445 0.031340 0.002277 0.002484 0.010008 0.020219 0.019430 0.001052 0.256257 0.003059 0.000956 0.001824 0.009466 0.001891 0.059816 0.007164 0.004346
0.514463 0.001712 0.002382 0.005734 0.006302 0.004318 0.000840 0.000644 0.001061 0.027324 0.004439 0.000604 0.001747 0.006207 0.018272 0.001676 0.038591 0.001810 0.003042 0.015888 0.036460 0.039853 0.000572 0.108808 0.003406 0.000474 0.001014 0.009816 0.001519 0.127775 0.010086 0.003162
0.400055 0.000341 0.001041 0.003515 0.003808 0.001400 0.000676 0.000342 0.000838 0.004968 0.000703 0.000434 0.001112 0.001241 0.026085 0.000493 0.191811 0.000696 0.000954 0.013245 0.036484 0.041795 0.000386 0.005723 0.002670 0.000548 0.001493 0.015524 0.000472 0.209269 0.025741 0.006134
0.514463 0.001712 0.002382 0.005734 0.006302 0.004318 0.000840 0.000644 0.001061 0.027324 0.004439 0.000604 0.001747 0.006207 0.018272 0.001676 0.038591 0.001810 0.003042 0.015888 0.036460 0.039853 0.000572 0.108808 0.003406 0.000474 0.001014 0.009816 0.001519 0.127775 0.010086 0.003162
0.659208 0.000075 0.000625 0.002164 0.000735 0.000300 0.000300 0.000129 0.000388 0.001747 0.000386 0.000115 0.000239 0.000444 0.021352 0.000156 0.092465 0.000269 0.000330 0.012199 0.026418 0.053917 0.000224 0.001316 0.000844 0.000324 0.000918 0.003213 0.000161 0.107305 0.009256 0.002480
0.077217 0.000001 0.000000 0.000019 0.000001 0.000038 0.000002 0.000000 0.000000 0.000001 0.000009 0.000000 0.000000 0.000003 0.000002 0.000000 0.000142 0.000147 0.000002 0.000025 0.000183 0.000565 0.000000 0.000000 0.000008 0.002481 0.000095 0.000006 0.000002 0.000069 0.918979 0.000002
0.296262 0.000005 0.000003 0.000164 0.000013 0.000244 0.000013 0.000002 0.000005 0.000018 0.000093 0.000001 0.000001 0.000015 0.000115 0.000002 0.001946 0.000161 0.000025 0.000692 0.001001 0.003130 0.000000 0.000002 0.000094 0.001003 0.000251 0.000073 0.000010 0.001028 0.693598 0.000027
0.527866 0.000005 0.000000 0.000020 0.000000 0.000454 0.000002 0.000001 0.000003 0.000005 0.000043 0.000000 0.000001 0.000004 0.000008 0.000000 0.000087 0.000140 0.000003 0.000891 0.000086 0.002850 0.000000 0.000000 0.000090 0.000038 0.000039 0.000016 0.000001 0.000088 0.467255 0.000005
0.578677 0.000034 0.000030 0.000281 0.000072 0.001666 0.000051 0.000008 0.000062 0.000040 0.000838 0.000005 0.000030 0.000080 0.000084 0.000007 0.002031 0.001086 0.000060 0.001477 0.000931 0.003484 0.000003 0.000007 0.000272 0.002736 0.001426 0.000202 0.000069 0.000566 0.403591 0.000093
0.622240 0.000013 0.000010 0.000111 0.000093 0.000378 0.000026 0.000005 0.000006 0.000031 0.000663 0.000003 0.000009 0.000021 0.000818 0.000003 0.002363 0.000067 0.000011 0.005218 0.001087 0.008854 0.000001 0.000011 0.000397 0.001324 0.001041 0.000226 0.000077 0.002203 0.352603 0.000085
0.681611 0.000018 0.000015 0.000154 0.000092 0.000302 0.000033 0.000008 0.000011 0.000053 0.000713 0.000005 0.000012 0.000027 0.001314 0.000004 0.002998 0.000071 0.000015 0.007706 0.001507 0.012118 0.000002 0.000018 0.000465 0.001271 0.000874 0.000293 0.000083 0.002867 0.285234 0.000107
0.690832 0.000119 0.000123 0.001352 0.003289 0.001998 0.000113 0.000027 0.000083 0.000089 0.011965 0.000015 0.000066 0.000093 0.000325 0.000025 0.000492 0.000776 0.000052 0.003498 0.001079 0.004073 0.000036 0.000024 0.001251 0.005778 0.011782 0.000238 0.001011 0.001038 0.258185 0.000172
0.716598 0.000066 0.000030 0.000778 0.000788 0.001770 0.000058 0.000013 0.000046 0.000054 0.006357 0.000006 0.000038 0.000038 0.000176 0.000021 0.000243 0.000607 0.000045 0.003204 0.000822 0.004181 0.000017 0.000011 0.000752 0.003524 0.009319 0.000207 0.000677 0.000718 0.248709 0.000129
0.724655 0.000022 0.000025 0.000184 0.000303 0.000585 0.000041 0.000011 0.000020 0.000049 0.001406 0.000007 0.000028 0.000035 0.000866 0.000005 0.001551 0.000117 0.000018 0.008443 0.000893 0.007622 0.000003 0.000019 0.000586 0.001536 0.001169 0.000238 0.000128 0.001814 0.247498 0.000123
0.678960 0.000293 0.000665 0.002933 0.012611 0.004190 0.000245 0.000067 0.000153 0.000188 0.028128 0.000043 0.000213 0.000254 0.000851 0.000038 0.001053 0.000813 0.000081 0.005175 0.001690 0.006560 0.000069 0.000073 0.002387 0.007383 0.010890 0.000376 0.001471 0.001698 0.230194 0.000257
0.289119 0.001761 0.002222 0.003956 0.034251 0.006352 0.003166 0.001112 0.003013 0.021577 0.023173 0.000988 0.000719 0.003023 0.009014 0.000678 0.005018 0.006206 0.001841 0.171529 0.016688 0.096932 0.001516 0.003301 0.003855 0.014126 0.008372 0.012905 0.010770 0.015725 0.223086 0.004005
0.776723 0.000003 0.000009 0.000025 0.000017 0.000192 0.000007 0.000001 0.000008 0.000010 0.000228 0.000001 0.000002 0.000011 0.000078 0.000001 0.001842 0.000066 0.000011 0.001315 0.000572 0.003095 0.000000 0.000002 0.000074 0.000507 0.000511 0.000088 0.000013 0.000548 0.214008 0.000032
0.782264 0.000005 0.000000 0.000010 0.000000 0.000045 0.000001 0.000000 0.000008 0.000007 0.000046 0.000000 0.000000 0.000005 0.000025 0.000000 0.000103 0.000021 0.000002 0.000839 0.000084 0.005824 0.000000 0.000000 0.000089 0.000018 0.000005 0.000010 0.000000 0.000096 0.210488 0.000003
0.714066 0.000559 0.000329 0.002029 0.008055 0.003766 0.000423 0.000114 0.000356 0.000269 0.017525 0.000064 0.000202 0.000285 0.000504 0.000096 0.000840 0.002203 0.000200 0.003689 0.001527 0.008055 0.000152 0.000096 0.001524 0.010110 0.017129 0.000557 0.001869 0.001337 0.201609 0.000463
0.093744 0.011508 0.002723 0.009978 0.017353 0.004325 0.020312 0.004353 0.006957 0.033725 0.009719 0.006961 0.001606 0.006709 0.011955 0.002851 0.010720 0.017917 0.004076 0.221942 0.034884 0.149947 0.013866 0.007290 0.004765 0.012442 0.004335 0.038896 0.007546 0.030733 0.185594 0.010268
0.795065 0.000035 0.000004 0.000193 0.000003 0.002188 0.000020 0.000010 0.000046 0.000058 0.000248 0.000002 0.000008 0.000026 0.000056 0.000004 0.000366 0.001358 0.000040 0.004222 0.000471 0.011914 0.000001 0.000005 0.000327 0.000342 0.001003 0.000209 0.000022 0.000387 0.181264 0.000102
0.227258 0.006513 0.004409 0.006126 0.041478 0.010302 0.006024 0.003579 0.007781 0.019729 0.036300 0.002529 0.002083 0.004224 0.011407 0.001278 0.006322 0.009751 0.001859 0.208890 0.012873 0.089196 0.005682 0.007361 0.003883 0.017610 0.014569 0.018947 0.021304 0.022255 0.163352 0.005125
0.796320 0.000079 0.000017 0.000826 0.000017 0.001371 0.000107 0.000044 0.000056 0.000241 0.000210 0.000009 0.000009 0.000125 0.000451 0.000020 0.002635 0.003083 0.000123 0.005940 0.001698 0.019948 0.000006 0.000023 0.000898 0.000773 0.000570 0.000349 0.000058 0.001783 0.162019 0.000190
0.207866 0.003399 0.001972 0.008401 0.012084 0.004249 0.006326 0.001732 0.003632 0.015710 0.008368 0.001924 0.000538 0.002847 0.010956 0.001080 0.005994 0.008474 0.001391 0.264228 0.018143 0.171182 0.002932 0.003562 0.002596 0.008025 0.003908 0.022039 0.006660 0.023964 0.161631 0.004184
0.125695 0.009054 0.002851 0.010868 0.013539 0.004833 0.016780 0.003937 0.007244 0.032689 0.009125 0.006788 0.001649 0.005629 0.011812 0.002921 0.010771 0.015819 0.003888 0.234241 0.032042 0.161801 0.011047 0.006799 0.004474 0.011053 0.004133 0.040969 0.006351 0.029393 0.152789 0.009017
0.827718 0.000020 0.000023 0.000902 0.002154 0.001304 0.000078 0.000015 0.000026 0.000119 0.001105 0.000011 0.000012 0.000048 0.000318 0.000032 0.002803 0.000781 0.000061 0.002664 0.003837 0.001603 0.000015 0.000019 0.000294 0.005565 0.003578 0.000826 0.000518 0.001745 0.141698 0.000113
0.375497 0.003441 0.001173 0.006101 0.048962 0.013386 0.002735 0.001616 0.003469 0.019508 0.054413 0.000920 0.001752 0.002177 0.014464 0.000755 0.004646 0.003968 0.001602 0.137277 0.012774 0.063129 0.002604 0.005027 0.003588 0.009506 0.011395 0.010834 0.013021 0.025102 0.141599 0.003560
0.799044 0.000112 0.000493 0.003379 0.012818 0.002516 0.000142 0.000035 0.000082 0.000127 0.019119 0.000024 0.000070 0.000133 0.000686 0.000022 0.000790 0.000629 0.000043 0.003230 0.001366 0.003556 0.000048 0.000037 0.001199 0.006495 0.008971 0.000256 0.001003 0.001252 0.132189 0.000135
0.824163 0.000041 0.000023 0.000370 0.000115 0.000400 0.000103 0.000023 0.000049 0.000298 0.000290 0.000019 0.000027 0.000118 0.000291 0.000045 0.006903 0.001249 0.000272 0.003635 0.007164 0.009712 0.000010 0.000044 0.000304 0.004448 0.001929 0.000692 0.000098 0.005074 0.131801 0.000289
0.251803 0.001620 0.001101 0.003488 0.008694 0.005778 0.002069 0.000851 0.001881 0.021588 0.007271 0.000881 0.000840 0.001759 0.010610 0.000596 0.004038 0.005102 0.001410 0.294581 0.013928 0.165348 0.001387 0.002853 0.002205 0.005614 0.003781 0.021755 0.006556 0.022905 0.124587 0.003121
0.600070 0.000844 0.000513 0.001222 0.010640 0.005293 0.001151 0.000437 0.001551 0.012550 0.016912 0.000272 0.000359 0.000804 0.003142 0.000309 0.001875 0.002555 0.000587 0.128390 0.010435 0.041565 0.000496 0.001000 0.001507 0.004201 0.008219 0.004456 0.005711 0.007447 0.124111 0.001375
0.560909 0.000861 0.001500 0.002827 0.025065 0.007837 0.001396 0.000639 0.002168 0.013173 0.018919 0.000393 0.000500 0.001525 0.006122 0.000407 0.002976 0.003452 0.001124 0.108039 0.010280 0.068711 0.000541 0.001744 0.002468 0.006285 0.006499 0.006395 0.005877 0.008338 0.120800 0.002229
0.164562 0.013413 0.001848 0.011385 0.049424 0.006904 0.009225 0.004074 0.008534 0.035974 0.065260 0.003738 0.001224 0.004249 0.021817 0.003018 0.015992 0.004868 0.002894 0.182074 0.038502 0.068326 0.014215 0.012523 0.004308 0.012914 0.019277 0.022372 0.017666 0.052311 0.120679 0.006430
0.614369 0.001585 0.001289 0.019625 0.038736 0.004651 0.001892 0.000586 0.001454 0.004480 0.053704 0.000553 0.000667 0.001011 0.007280 0.000376 0.003873 0.002519 0.000517 0.046149 0.008890 0.019349 0.001328 0.001408 0.004581 0.012064 0.013949 0.003540 0.004692 0.007261 0.116300 0.001323
0.059520 0.009228 0.002921 0.011383 0.033168 0.006010 0.013236 0.007747 0.010142 0.069550 0.019813 0.009391 0.002969 0.008143 0.023872 0.003999 0.022872 0.011043 0.004609 0.183783 0.055414 0.097505 0.033609 0.017284 0.005247 0.018289 0.011910 0.050685 0.016227 0.054368 0.114792 0.011272
0.058046 0.009096 0.002670 0.010988 0.032714 0.005453 0.013280 0.007450 0.009461 0.072554 0.018577 0.009138 0.002714 0.007832 0.024334 0.003953 0.022774 0.010378 0.004376 0.188716 0.055959 0.097598 0.034643 0.016944 0.005041 0.017333 0.011074 0.050289 0.015816 0.055453 0.114303 0.011042
0.771939 0.000104 0.000070 0.001509 0.002409 0.001670 0.000158 0.000050 0.000074 0.000481 0.002862 0.000020 0.000074 0.000150 0.000755 0.000053 0.001020 0.002700 0.000144 0.015637 0.004904 0.041608 0.000057 0.000072 0.000719 0.008600 0.019592 0.002252 0.000992 0.005570 0.113346 0.000411
0.841309 0.000022 0.000005 0.000571 0.000376 0.000372 0.000042 0.000016 0.000015 0.000149 0.000700 0.000008 0.000028 0.000037 0.000620 0.000029 0.001452 0.000692 0.000074 0.006698 0.002703 0.018839 0.000016 0.000027 0.000392 0.003104 0.006132 0.001192 0.000461 0.006725 0.106914 0.000282
0.886815 0.000000 0.000000 0.000003 0.000005 0.000018 0.000001 0.000000 0.000001 0.000002 0.000027 0.000000 0.000000 0.000001 0.000030 0.000000 0.002390 0.000009 0.000001 0.001101 0.000690 0.001407 0.000000 0.000000 0.000013 0.000169 0.000173 0.000029 0.000006 0.000700 0.106401 0.000008
0.879104 0.000003 0.000004 0.000134 0.000063 0.000105 0.000010 0.000002 0.000008 0.000031 0.000177 0.000002 0.000002 0.000012 0.000259 0.000003 0.004231 0.000054 0.000014 0.001720 0.001980 0.002490 0.000001 0.000007 0.000067 0.000397 0.000268 0.000102 0.000019 0.002311 0.106385 0.000038
0.885573 0.000000 0.000000 0.000005 0.000006 0.000020 0.000002 0.000000 0.000001 0.000005 0.000031 0.000000 0.000000 0.000002 0.000061 0.000000 0.002367 0.000015 0.000003 0.001413 0.001022 0.001832 0.000000 0.000000 0.000018 0.000185 0.000136 0.000058 0.000004 0.001304 0.105922 0.000015
0.069329 0.008827 0.002963 0.011912 0.033808 0.006643 0.012528 0.008010 0.011159 0.069701 0.020162 0.008957 0.003058 0.007660 0.023502 0.004249 0.021963 0.011037 0.004608 0.186753 0.050657 0.094064 0.034002 0.017746 0.005111 0.018921 0.012152 0.052488 0.017847 0.053598 0.105390 0.011197
0.060861 0.009227 0.002532 0.011181 0.030400 0.005589 0.012629 0.007216 0.009504 0.073217 0.018894 0.008067 0.002893 0.007926 0.025074 0.004249 0.023131 0.009931 0.004544 0.190367 0.056848 0.103540 0.034899 0.017120 0.005119 0.016099 0.011435 0.049688 0.015859 0.056306 0.104228 0.011424
0.645388 0.000775 0.000308 0.001353 0.007474 0.005335 0.001029 0.000418 0.001397 0.014260 0.012327 0.000280 0.000374 0.000580 0.002332 0.000385 0.001985 0.002363 0.000652 0.118678 0.012176 0.036153 0.000562 0.000968 0.001091 0.002652 0.006265 0.004969 0.003613 0.009015 0.103450 0.001392
0.892765 0.000005 0.000000 0.000015 0.000000 0.000060 0.000001 0.000000 0.000006 0.000005 0.000026 0.000000 0.000000 0.000004 0.000009 0.000000 0.000045 0.000030 0.000002 0.000503 0.000052 0.003525 0.000000 0.000000 0.000072 0.000011 0.000003 0.000007 0.000000 0.000052 0.102800 0.000002
0.422115 0.003588 0.005205 0.003559 0.037888 0.012031 0.003377 0.001774 0.003213 0.014062 0.038160 0.001404 0.001419 0.002697 0.007388 0.000875 0.003242 0.007650 0.001568 0.176193 0.013933 0.063219 0.002013 0.002686 0.002807 0.011140 0.011627 0.009988 0.019578 0.011704 0.101517 0.002379
0.572428 0.001619 0.000556 0.002916 0.019115 0.005892 0.001315 0.000719 0.001732 0.006252 0.030975 0.000309 0.000314 0.000615 0.005850 0.000390 0.001595 0.003125 0.000403 0.138787 0.008222 0.044478 0.000892 0.001577 0.001083 0.007168 0.010630 0.005959 0.010947 0.011827 0.101049 0.001264
0.229287 0.006681 0.013378 0.037685 0.040958 0.008753 0.010099 0.005648 0.007875 0.023704 0.010421 0.010863 0.001870 0.007343 0.029306 0.003245 0.031856 0.011093 0.004181 0.103384 0.035977 0.105689 0.010349 0.011602 0.006132 0.015209 0.006426 0.050812 0.007828 0.041862 0.100053 0.010430
