0.406784 0.000001 0.000000 0.592750 0.000019 0.000264 0.000001 0.000001 0.000004 0.000004 0.000005 0.000000 0.000058 0.000000 0.000004 0.000001 0.000003 0.000003 0.000003 0.000011 0.000003 0.000016 0.000004 0.000003 0.000001 0.000001 0.000008 0.000018 0.000001 0.000006 0.000006 0.000018
0.410260 0.007291 0.001500 0.152060 0.014827 0.243166 0.001742 0.001342 0.008002 0.004485 0.010909 0.000742 0.044024 0.002593 0.001754 0.001291 0.001617 0.005317 0.013021 0.012840 0.003553 0.023323 0.000540 0.000986 0.004721 0.003468 0.001990 0.002408 0.002319 0.003554 0.011671 0.002680
0.652019 0.003121 0.000298 0.135884 0.008660 0.132590 0.000430 0.000351 0.003510 0.001601 0.005539 0.000118 0.020525 0.000570 0.000470 0.000277 0.000407 0.001158 0.005414 0.004507 0.001545 0.009002 0.000078 0.000201 0.001952 0.001084 0.000767 0.000458 0.000665 0.001178 0.004987 0.000633
0.230194 0.002210 0.005679 0.120162 0.037025 0.088261 0.007478 0.003206 0.001870 0.013841 0.010709 0.002019 0.004791 0.007277 0.028133 0.003982 0.011344 0.014127 0.012328 0.115973 0.022324 0.098745 0.004593 0.006519 0.008638 0.012083 0.001965 0.010263 0.012290 0.027211 0.066143 0.008621
0.316362 0.001355 0.005104 0.102012 0.026719 0.055024 0.006135 0.002722 0.001253 0.017213 0.009849 0.002058 0.004727 0.008065 0.048847 0.003278 0.018147 0.009946 0.011461 0.088187 0.032982 0.072107 0.004314 0.009208 0.009505 0.010550 0.002445 0.009027 0.012002 0.043922 0.046110 0.009361
0.227972 0.013469 0.009463 0.101977 0.021936 0.041432 0.013859 0.007171 0.013762 0.035569 0.008958 0.010520 0.007730 0.010282 0.018921 0.009511 0.020602 0.013190 0.024563 0.060643 0.021981 0.119966 0.008476 0.014306 0.010544 0.014168 0.005395 0.033839 0.006241 0.036168 0.037771 0.019614
0.008180 0.000011 0.000003 0.000128 0.000001 0.983689 0.000001 0.000001 0.000004 0.000004 0.000126 0.000000 0.007811 0.000002 0.000000 0.000001 0.000000 0.000004 0.000001 0.000004 0.000001 0.000002 0.000004 0.000001 0.000001 0.000002 0.000005 0.000003 0.000007 0.000001 0.000002 0.000002
0.101271 0.000386 0.000054 0.010313 0.000110 0.832593 0.000021 0.000021 0.000270 0.000059 0.001658 0.000019 0.051817 0.000036 0.000017 0.000020 0.000022 0.000030 0.000081 0.000084 0.000049 0.000084 0.000115 0.000072 0.000090 0.000057 0.000238 0.000103 0.000122 0.000039 0.000053 0.000099
0.410260 0.007291 0.001500 0.152060 0.014827 0.243166 0.001742 0.001342 0.008002 0.004485 0.010909 0.000742 0.044024 0.002593 0.001754 0.001291 0.001617 0.005317 0.013021 0.012840 0.003553 0.023323 0.000540 0.000986 0.004721 0.003468 0.001990 0.002408 0.002319 0.003554 0.011671 0.002680
0.610028 0.012122 0.000193 0.027965 0.001524 0.229629 0.000436 0.000329 0.011355 0.002258 0.005662 0.000115 0.056661 0.001126 0.000252 0.000203 0.000273 0.001414 0.005563 0.004316 0.000832 0.013775 0.000104 0.000157 0.004982 0.001169 0.000728 0.000649 0.000483 0.000808 0.004237 0.000654
0.317786 0.029902 0.002958 0.064201 0.012494 0.210159 0.004771 0.004489 0.033933 0.019198 0.013556 0.003253 0.027666 0.008526 0.004136 0.004313 0.005000 0.007673 0.037714 0.019874 0.006656 0.070761 0.002440 0.003232 0.018053 0.008387 0.004847 0.009162 0.003209 0.008739 0.024556 0.008357
0.775965 0.009878 0.000039 0.007882 0.000154 0.138593 0.000116 0.000108 0.004986 0.001141 0.002697 0.000028 0.036177 0.000609 0.000062 0.000040 0.000072 0.000383 0.001202 0.002285 0.000288 0.009440 0.000050 0.000048 0.004911 0.000305 0.000200 0.000202 0.000129 0.000360 0.001436 0.000215
0.652019 0.003121 0.000298 0.135884 0.008660 0.132590 0.000430 0.000351 0.003510 0.001601 0.005539 0.000118 0.020525 0.000570 0.000470 0.000277 0.000407 0.001158 0.005414 0.004507 0.001545 0.009002 0.000078 0.000201 0.001952 0.001084 0.000767 0.000458 0.000665 0.001178 0.004987 0.000633
0.196025 0.000930 0.000096 0.008544 0.000161 0.676800 0.000031 0.000036 0.000557 0.000120 0.003829 0.000041 0.110287 0.000066 0.000032 0.000029 0.000037 0.000050 0.000163 0.000212 0.000100 0.000181 0.000197 0.000102 0.000175 0.000079 0.000395 0.000157 0.000250 0.000070 0.000094 0.000153
0.714582 0.000865 0.000049 0.028184 0.000341 0.003595 0.001577 0.001451 0.001516 0.014884 0.000367 0.000966 0.000449 0.000347 0.000505 0.006929 0.000684 0.003300 0.126419 0.015626 0.000936 0.010851 0.001689 0.001790 0.001619 0.000866 0.000714 0.003465 0.000201 0.003174 0.001133 0.050925
0.508756 0.000235 0.000209 0.000563 0.000626 0.000494 0.000437 0.000294 0.000482 0.010057 0.002809 0.000291 0.000203 0.000504 0.016469 0.000424 0.014774 0.000235 0.000318 0.260495 0.031509 0.090394 0.000172 0.000838 0.001630 0.000508 0.006232 0.003305 0.001562 0.028667 0.015242 0.001267
0.292238 0.001974 0.001211 0.006791 0.005077 0.003415 0.004413 0.001144 0.002762 0.018982 0.004042 0.001732 0.000481 0.002105 0.009168 0.000848 0.005102 0.006622 0.001541 0.246837 0.015329 0.201893 0.001582 0.002717 0.002072 0.004036 0.001674 0.022261 0.002745 0.019595 0.106117 0.003493
0.324426 0.001485 0.000840 0.006381 0.004118 0.003059 0.002560 0.000827 0.002894 0.019894 0.003421 0.001213 0.000471 0.001682 0.008649 0.000748 0.004575 0.004088 0.001442 0.235483 0.011901 0.238396 0.001084 0.002390 0.001768 0.002717 0.001473 0.021000 0.002053 0.020258 0.065410 0.003292
0.293795 0.001655 0.000805 0.006605 0.004644 0.002942 0.002447 0.000849 0.003060 0.022143 0.003725 0.001141 0.000538 0.001842 0.008809 0.000798 0.005123 0.003819 0.001674 0.234668 0.012612 0.259033 0.001213 0.002525 0.001871 0.002644 0.001546 0.022361 0.002184 0.023307 0.065920 0.003700
0.323646 0.001538 0.000835 0.006673 0.004197 0.003143 0.002516 0.000852 0.003006 0.021183 0.003371 0.001203 0.000479 0.001698 0.009138 0.000789 0.004887 0.003964 0.001522 0.228582 0.012183 0.241359 0.001122 0.002443 0.001814 0.002757 0.001519 0.021931 0.002100 0.021393 0.064759 0.003396
0.781433 0.000001 0.000001 0.000758 0.000004 0.000007 0.000001 0.000001 0.000003 0.000089 0.000020 0.000001 0.000012 0.000002 0.000240 0.000001 0.000056 0.000002 0.000002 0.215543 0.000141 0.000985 0.000002 0.000025 0.000028 0.000002 0.000016 0.000193 0.000001 0.000317 0.000021 0.000095
0.238823 0.004005 0.001787 0.012028 0.007591 0.004473 0.008147 0.002273 0.005637 0.028452 0.005756 0.003756 0.000921 0.004028 0.011412 0.001857 0.007940 0.008912 0.003357 0.213905 0.018174 0.225422 0.003841 0.005310 0.003501 0.005966 0.002590 0.031302 0.003856 0.026290 0.091663 0.007027
0.396268 0.000868 0.000817 0.005919 0.004603 0.003118 0.001917 0.000739 0.001502 0.017923 0.002740 0.000898 0.000297 0.001498 0.012480 0.000567 0.004355 0.003911 0.001296 0.205509 0.011165 0.206468 0.000867 0.002367 0.001733 0.002444 0.001206 0.015423 0.002177 0.018852 0.067292 0.002781
0.422075 0.000710 0.000742 0.005540 0.004400 0.002951 0.001550 0.000672 0.001365 0.017700 0.002460 0.000784 0.000268 0.001339 0.012633 0.000515 0.004083 0.003487 0.001237 0.195535 0.010559 0.203924 0.000791 0.002156 0.001607 0.002111 0.001089 0.013860 0.002118 0.018240 0.060953 0.002548
0.658101 0.000171 0.000161 0.000572 0.000976 0.000748 0.000409 0.000302 0.000276 0.013444 0.002064 0.000224 0.000248 0.000275 0.018379 0.000233 0.006307 0.000308 0.000277 0.178904 0.022099 0.065084 0.000226 0.000663 0.000797 0.000448 0.001565 0.002339 0.001777 0.012182 0.009601 0.000839
0.121347 0.003227 0.001231 0.006025 0.030692 0.003357 0.003476 0.001533 0.002315 0.093049 0.009650 0.001959 0.000778 0.003082 0.023536 0.001816 0.024604 0.003267 0.002233 0.176481 0.062785 0.102785 0.012740 0.008712 0.002247 0.008352 0.009364 0.051599 0.013616 0.073215 0.134922 0.006003
0.828841 0.000004 0.000002 0.001436 0.000004 0.000048 0.000005 0.000009 0.000023 0.000332 0.000079 0.000007 0.000106 0.000011 0.000339 0.000004 0.000153 0.000012 0.000009 0.159577 0.000262 0.006630 0.000006 0.000127 0.000073 0.000010 0.000081 0.000472 0.000005 0.000774 0.000114 0.000445
0.173098 0.005106 0.004900 0.011302 0.048288 0.012141 0.008616 0.006103 0.009758 0.037024 0.024354 0.005332 0.003023 0.006149 0.019186 0.002172 0.015401 0.016358 0.003111 0.158826 0.026574 0.062255 0.010122 0.012148 0.004062 0.028406 0.016489 0.036152 0.021082 0.038516 0.166434 0.007514
0.118298 0.007133 0.004660 0.012221 0.045134 0.009448 0.009887 0.007778 0.012405 0.053107 0.024572 0.007153 0.003540 0.007852 0.023901 0.004004 0.021100 0.014192 0.004305 0.155544 0.039192 0.079222 0.019094 0.015286 0.005208 0.024895 0.019090 0.047200 0.021697 0.048707 0.124084 0.010090
0.846647 0.000000 0.000001 0.000764 0.000005 0.000006 0.000001 0.000001 0.000002 0.000066 0.000010 0.000002 0.000009 0.000002 0.000433 0.000001 0.000078 0.000001 0.000002 0.150396 0.000171 0.000739 0.000001 0.000023 0.000025 0.000002 0.000011 0.000209 0.000001 0.000294 0.000022 0.000075
0.170301 0.005058 0.006072 0.010349 0.052136 0.015150 0.009193 0.006354 0.011015 0.031777 0.027322 0.005525 0.003130 0.006617 0.014684 0.001874 0.014102 0.018392 0.002967 0.149774 0.022468 0.056647 0.009102 0.012606 0.003844 0.035962 0.017106 0.034699 0.022314 0.032334 0.183399 0.007726
0.167378 0.004645 0.003720 0.010164 0.039166 0.008770 0.007386 0.005172 0.007545 0.049491 0.020029 0.004794 0.002044 0.006295 0.024170 0.002758 0.019025 0.012126 0.003463 0.149573 0.034275 0.077165 0.011675 0.011162 0.004182 0.024767 0.016755 0.041993 0.021345 0.052555 0.147610 0.008800
0.180626 0.005698 0.010961 0.023417 0.036952 0.042827 0.014269 0.008823 0.010308 0.050097 0.025321 0.005398 0.006828 0.008903 0.037050 0.006991 0.018824 0.011059 0.021920 0.147559 0.027774 0.068671 0.005617 0.011190 0.012587 0.014092 0.005403 0.027640 0.017095 0.042559 0.080330 0.013210
0.139115 0.005004 0.003848 0.010926 0.046323 0.008688 0.007600 0.005378 0.008123 0.051261 0.021062 0.004923 0.002027 0.006473 0.023478 0.002835 0.019945 0.012411 0.003457 0.147131 0.035246 0.081133 0.014317 0.011983 0.004175 0.025235 0.017268 0.044116 0.022062 0.051635 0.153490 0.009331
0.173701 0.004753 0.006290 0.010420 0.053593 0.015838 0.008642 0.006043 0.010880 0.030925 0.027861 0.005183 0.002929 0.006548 0.015349 0.001837 0.013969 0.018001 0.003036 0.144154 0.021956 0.059168 0.008399 0.012512 0.003935 0.035787 0.017032 0.034462 0.022270 0.033033 0.183562 0.007930
0.196945 0.004775 0.006545 0.011419 0.065590 0.015788 0.009303 0.006137 0.011369 0.029348 0.026399 0.005057 0.002849 0.006989 0.013380 0.001480 0.012364 0.018804 0.002666 0.142866 0.017646 0.050724 0.008160 0.013520 0.003636 0.037889 0.015530 0.031709 0.020935 0.029402 0.172931 0.007844
0.194045 0.004911 0.006553 0.011543 0.066323 0.015775 0.009545 0.006306 0.011389 0.029978 0.026290 0.005160 0.002904 0.007126 0.013566 0.001526 0.012554 0.019025 0.002717 0.142400 0.017931 0.050641 0.008432 0.013810 0.003677 0.038131 0.015526 0.032012 0.021143 0.029813 0.171350 0.007897
0.187469 0.005396 0.006119 0.011107 0.056976 0.014298 0.009609 0.007397 0.011264 0.035683 0.025979 0.005935 0.003648 0.007745 0.017293 0.002270 0.015094 0.019194 0.003494 0.142128 0.022758 0.055139 0.010121 0.014772 0.004248 0.037455 0.017483 0.033840 0.023504 0.035280 0.148902 0.008400
0.205230 0.004431 0.006573 0.011130 0.063304 0.016316 0.008522 0.005843 0.010932 0.028591 0.026960 0.004757 0.002711 0.006885 0.014351 0.001471 0.012275 0.017990 0.002758 0.139609 0.017496 0.053768 0.007389 0.013385 0.003781 0.036252 0.015476 0.031173 0.021164 0.030116 0.171298 0.008061
0.865504 0.000000 0.000000 0.000733 0.000000 0.000007 0.000001 0.000001 0.000003 0.000039 0.000008 0.000001 0.000088 0.000001 0.000033 0.000000 0.000021 0.000001 0.000001 0.131287 0.000036 0.001774 0.000001 0.000016 0.000020 0.000001 0.000009 0.000100 0.000000 0.000169 0.000008 0.000138
0.118880 0.009080 0.011178 0.018181 0.040794 0.015935 0.016261 0.010534 0.011755 0.038418 0.025528 0.014939 0.003917 0.010768 0.029677 0.003879 0.027108 0.014175 0.007460 0.126487 0.029625 0.075100 0.021060 0.021406 0.008326 0.026141 0.013108 0.051053 0.020659 0.046844 0.114633 0.017091
0.740169 0.000208 0.000142 0.001695 0.001352 0.002641 0.000545 0.000420 0.000275 0.013754 0.003096 0.000256 0.000876 0.000339 0.009313 0.000343 0.004694 0.000613 0.000444 0.124206 0.016180 0.042418 0.000362 0.000973 0.000860 0.000766 0.002058 0.003603 0.002120 0.011550 0.012378 0.001350
0.269698 0.003724 0.007684 0.033157 0.023741 0.006547 0.008245 0.004636 0.004294 0.033524 0.010742 0.011483 0.001584 0.006638 0.042121 0.002499 0.038713 0.004122 0.007095 0.121979 0.031138 0.110338 0.010443 0.015510 0.006535 0.007219 0.004324 0.040536 0.004993 0.052711 0.061366 0.012665
0.139213 0.008364 0.008911 0.014719 0.054893 0.017771 0.012881 0.011321 0.017587 0.041528 0.029229 0.008950 0.006452 0.011679 0.019369 0.004657 0.019823 0.020972 0.005817 0.121178 0.027358 0.061872 0.016436 0.018449 0.006616 0.042141 0.021423 0.039358 0.024912 0.037714 0.116423 0.011984
0.370922 0.002590 0.004538 0.044871 0.011196 0.085258 0.003191 0.001252 0.001508 0.009833 0.009046 0.001048 0.003203 0.003184 0.011247 0.001508 0.004384 0.012427 0.004575 0.119498 0.014220 0.135268 0.001533 0.002075 0.004463 0.018254 0.002769 0.013753 0.008027 0.016186 0.074821 0.003352
0.143203 0.007959 0.009750 0.014208 0.055627 0.020003 0.012419 0.010788 0.018346 0.036297 0.032567 0.008678 0.006440 0.010883 0.016464 0.004098 0.018580 0.021356 0.005210 0.119489 0.024872 0.057623 0.014119 0.017592 0.006089 0.044645 0.022878 0.037393 0.025781 0.035023 0.130036 0.011583
0.136484 0.007803 0.009710 0.014882 0.061421 0.018910 0.012356 0.010745 0.017810 0.037962 0.031198 0.008386 0.005931 0.011280 0.018082 0.004143 0.019387 0.021494 0.005449 0.116801 0.025257 0.060620 0.014630 0.017927 0.006322 0.045603 0.022130 0.038426 0.025430 0.035293 0.125849 0.012277
0.286527 0.008480 0.011000 0.022363 0.023120 0.021867 0.028244 0.011304 0.008420 0.060504 0.016555 0.010564 0.003120 0.010617 0.045138 0.009195 0.016100 0.011599 0.008999 0.116413 0.015561 0.042165 0.011609 0.020640 0.011330 0.023658 0.004386 0.045997 0.016883 0.029972 0.038387 0.009284
0.230194 0.002210 0.005679 0.120162 0.037025 0.088261 0.007478 0.003206 0.001870 0.013841 0.010709 0.002019 0.004791 0.007277 0.028133 0.003982 0.011344 0.014127 0.012328 0.115973 0.022324 0.098745 0.004593 0.006519 0.008638 0.012083 0.001965 0.010263 0.012290 0.027211 0.066143 0.008621
0.686043 0.000479 0.000127 0.003265 0.005321 0.002365 0.000456 0.000334 0.000341 0.014203 0.002805 0.000293 0.001055 0.000583 0.015429 0.000476 0.007116 0.000429 0.000572 0.113840 0.014144 0.084375 0.000397 0.001416 0.001890 0.000677 0.005223 0.006679 0.002591 0.014931 0.010335 0.001809
0.497663 0.009252 0.005802 0.007916 0.014421 0.013931 0.002106 0.003235 0.019810 0.050638 0.014109 0.002156 0.004868 0.004383 0.011118 0.001316 0.004202 0.003438 0.010832 0.109894 0.013637 0.093188 0.003634 0.002772 0.010843 0.002462 0.002350 0.011123 0.006633 0.019684 0.037901 0.004680
0.888399 0.000000 0.000000 0.001132 0.000003 0.000006 0.000001 0.000001 0.000002 0.000043 0.000003 0.000001 0.000028 0.000001 0.000165 0.000001 0.000042 0.000001 0.000002 0.108817 0.000075 0.000783 0.000001 0.000015 0.000018 0.000002 0.000009 0.000136 0.000000 0.000195 0.000010 0.000110
0.684877 0.000576 0.000202 0.002186 0.000896 0.001160 0.000396 0.000281 0.000687 0.022212 0.004456 0.000365 0.000252 0.001094 0.011740 0.000681 0.012053 0.000243 0.000547 0.104601 0.013849 0.068140 0.000162 0.001135 0.001853 0.000393 0.005853 0.009054 0.001225 0.029348 0.016808 0.002676
0.795441 0.000075 0.000138 0.002297 0.000768 0.006787 0.000249 0.000086 0.000056 0.005623 0.000930 0.000096 0.000125 0.000177 0.002593 0.000052 0.000660 0.001687 0.000189 0.104227 0.002969 0.035930 0.000089 0.000311 0.000279 0.001489 0.000374 0.006143 0.000933 0.003769 0.025067 0.000392
0.621455 0.001548 0.001283 0.005442 0.001586 0.016776 0.001687 0.000417 0.001194 0.007607 0.004037 0.000609 0.000797 0.000827 0.002994 0.000538 0.001836 0.006504 0.001184 0.102047 0.006440 0.106010 0.000409 0.000739 0.001277 0.021283 0.002796 0.019614 0.002097 0.010487 0.046992 0.001492
0.293795 0.001655 0.000805 0.006605 0.004644 0.002942 0.002447 0.000849 0.003060 0.022143 0.003725 0.001141 0.000538 0.001842 0.008809 0.000798 0.005123 0.003819 0.001674 0.234668 0.012612 0.259033 0.001213 0.002525 0.001871 0.002644 0.001546 0.022361 0.002184 0.023307 0.065920 0.003700
0.323646 0.001538 0.000835 0.006673 0.004197 0.003143 0.002516 0.000852 0.003006 0.021183 0.003371 0.001203 0.000479 0.001698 0.009138 0.000789 0.004887 0.003964 0.001522 0.228582 0.012183 0.241359 0.001122 0.002443 0.001814 0.002757 0.001519 0.021931 0.002100 0.021393 0.064759 0.003396
0.324426 0.001485 0.000840 0.006381 0.004118 0.003059 0.002560 0.000827 0.002894 0.019894 0.003421 0.001213 0.000471 0.001682 0.008649 0.000748 0.004575 0.004088 0.001442 0.235483 0.011901 0.238396 0.001084 0.002390 0.001768 0.002717 0.001473 0.021000 0.002053 0.020258 0.065410 0.003292
0.238823 0.004005 0.001787 0.012028 0.007591 0.004473 0.008147 0.002273 0.005637 0.028452 0.005756 0.003756 0.000921 0.004028 0.011412 0.001857 0.007940 0.008912 0.003357 0.213905 0.018174 0.225422 0.003841 0.005310 0.003501 0.005966 0.002590 0.031302 0.003856 0.026290 0.091663 0.007027
0.396268 0.000868 0.000817 0.005919 0.004603 0.003118 0.001917 0.000739 0.001502 0.017923 0.002740 0.000898 0.000297 0.001498 0.012480 0.000567 0.004355 0.003911 0.001296 0.205509 0.011165 0.206468 0.000867 0.002367 0.001733 0.002444 0.001206 0.015423 0.002177 0.018852 0.067292 0.002781
0.422075 0.000710 0.000742 0.005540 0.004400 0.002951 0.001550 0.000672 0.001365 0.017700 0.002460 0.000784 0.000268 0.001339 0.012633 0.000515 0.004083 0.003487 0.001237 0.195535 0.010559 0.203924 0.000791 0.002156 0.001607 0.002111 0.001089 0.013860 0.002118 0.018240 0.060953 0.002548
0.292238 0.001974 0.001211 0.006791 0.005077 0.003415 0.004413 0.001144 0.002762 0.018982 0.004042 0.001732 0.000481 0.002105 0.009168 0.000848 0.005102 0.006622 0.001541 0.246837 0.015329 0.201893 0.001582 0.002717 0.002072 0.004036 0.001674 0.022261 0.002745 0.019595 0.106117 0.003493
0.370922 0.002590 0.004538 0.044871 0.011196 0.085258 0.003191 0.001252 0.001508 0.009833 0.009046 0.001048 0.003203 0.003184 0.011247 0.001508 0.004384 0.012427 0.004575 0.119498 0.014220 0.135268 0.001533 0.002075 0.004463 0.018254 0.002769 0.013753 0.008027 0.016186 0.074821 0.003352
0.690329 0.004944 0.000471 0.004059 0.000710 0.016302 0.001331 0.000354 0.002484 0.010043 0.002581 0.000406 0.000960 0.001235 0.001460 0.000786 0.000768 0.002992 0.002083 0.059602 0.003856 0.127524 0.000422 0.000432 0.002862 0.009307 0.002174 0.013307 0.000794 0.005955 0.028184 0.001285
0.200184 0.021111 0.009342 0.071870 0.012925 0.095489 0.009990 0.006317 0.011198 0.029944 0.013396 0.006644 0.012407 0.013477 0.016401 0.008573 0.013223 0.015166 0.020718 0.063503 0.020386 0.123383 0.008245 0.008519 0.019168 0.021159 0.007928 0.034245 0.008980 0.026228 0.054614 0.015267
0.227972 0.013469 0.009463 0.101977 0.021936 0.041432 0.013859 0.007171 0.013762 0.035569 0.008958 0.010520 0.007730 0.010282 0.018921 0.009511 0.020602 0.013190 0.024563 0.060643 0.021981 0.119966 0.008476 0.014306 0.010544 0.014168 0.005395 0.033839 0.006241 0.036168 0.037771 0.019614
0.378296 0.007664 0.005557 0.052012 0.018260 0.047377 0.008381 0.003191 0.006061 0.015741 0.010813 0.004078 0.006986 0.005311 0.012411 0.004045 0.007266 0.014562 0.010655 0.097051 0.017059 0.115823 0.003495 0.004815 0.006175 0.016946 0.004009 0.020065 0.009416 0.026629 0.052840 0.007009
0.577677 0.023288 0.001466 0.009287 0.002059 0.037830 0.003323 0.001191 0.006782 0.013447 0.005915 0.000984 0.006059 0.004667 0.003366 0.001869 0.001597 0.005178 0.005118 0.067114 0.007603 0.115147 0.001513 0.001061 0.011349 0.012316 0.003675 0.012805 0.003172 0.011312 0.039438 0.002392
0.170600 0.007919 0.008099 0.065099 0.022716 0.080773 0.010666 0.006149 0.004625 0.033240 0.014661 0.006681 0.008025 0.009616 0.026502 0.007570 0.020328 0.015907 0.017066 0.083776 0.029642 0.114366 0.009045 0.011828 0.013180 0.026264 0.006868 0.034140 0.014030 0.034680 0.068487 0.017452
0.269698 0.003724 0.007684 0.033157 0.023741 0.006547 0.008245 0.004636 0.004294 0.033524 0.010742 0.011483 0.001584 0.006638 0.042121 0.002499 0.038713 0.004122 0.007095 0.121979 0.031138 0.110338 0.010443 0.015510 0.006535 0.007219 0.004324 0.040536 0.004993 0.052711 0.061366 0.012665
0.621455 0.001548 0.001283 0.005442 0.001586 0.016776 0.001687 0.000417 0.001194 0.007607 0.004037 0.000609 0.000797 0.000827 0.002994 0.000538 0.001836 0.006504 0.001184 0.102047 0.006440 0.106010 0.000409 0.000739 0.001277 0.021283 0.002796 0.019614 0.002097 0.010487 0.046992 0.001492
0.121347 0.003227 0.001231 0.006025 0.030692 0.003357 0.003476 0.001533 0.002315 0.093049 0.009650 0.001959 0.000778 0.003082 0.023536 0.001816 0.024604 0.003267 0.002233 0.176481 0.062785 0.102785 0.012740 0.008712 0.002247 0.008352 0.009364 0.051599 0.013616 0.073215 0.134922 0.006003
0.588696 0.001376 0.000080 0.048630 0.001224 0.001504 0.003329 0.001019 0.001670 0.044502 0.000669 0.002951 0.000508 0.000827 0.005401 0.005279 0.004003 0.002359 0.002299 0.056622 0.012444 0.012364 0.007175 0.006404 0.002059 0.005286 0.001548 0.140309 0.001074 0.023747 0.005749 0.008890
0.173701 0.004753 0.006290 0.010420 0.053593 0.015838 0.008642 0.006043 0.010880 0.030925 0.027861 0.005183 0.002929 0.006548 0.015349 0.001837 0.013969 0.018001 0.003036 0.144154 0.021956 0.059168 0.008399 0.012512 0.003935 0.035787 0.017032 0.034462 0.022270 0.033033 0.183562 0.007930
0.170301 0.005058 0.006072 0.010349 0.052136 0.015150 0.009193 0.006354 0.011015 0.031777 0.027322 0.005525 0.003130 0.006617 0.014684 0.001874 0.014102 0.018392 0.002967 0.149774 0.022468 0.056647 0.009102 0.012606 0.003844 0.035962 0.017106 0.034699 0.022314 0.032334 0.183399 0.007726
0.196945 0.004775 0.006545 0.011419 0.065590 0.015788 0.009303 0.006137 0.011369 0.029348 0.026399 0.005057 0.002849 0.006989 0.013380 0.001480 0.012364 0.018804 0.002666 0.142866 0.017646 0.050724 0.008160 0.013520 0.003636 0.037889 0.015530 0.031709 0.020935 0.029402 0.172931 0.007844
0.194045 0.004911 0.006553 0.011543 0.066323 0.015775 0.009545 0.006306 0.011389 0.029978 0.026290 0.005160 0.002904 0.007126 0.013566 0.001526 0.012554 0.019025 0.002717 0.142400 0.017931 0.050641 0.008432 0.013810 0.003677 0.038131 0.015526 0.032012 0.021143 0.029813 0.171350 0.007897
0.205230 0.004431 0.006573 0.011130 0.063304 0.016316 0.008522 0.005843 0.010932 0.028591 0.026960 0.004757 0.002711 0.006885 0.014351 0.001471 0.012275 0.017990 0.002758 0.139609 0.017496 0.053768 0.007389 0.013385 0.003781 0.036252 0.015476 0.031173 0.021164 0.030116 0.171298 0.008061
0.173098 0.005106 0.004900 0.011302 0.048288 0.012141 0.008616 0.006103 0.009758 0.037024 0.024354 0.005332 0.003023 0.006149 0.019186 0.002172 0.015401 0.016358 0.003111 0.158826 0.026574 0.062255 0.010122 0.012148 0.004062 0.028406 0.016489 0.036152 0.021082 0.038516 0.166434 0.007514
0.139115 0.005004 0.003848 0.010926 0.046323 0.008688 0.007600 0.005378 0.008123 0.051261 0.021062 0.004923 0.002027 0.006473 0.023478 0.002835 0.019945 0.012411 0.003457 0.147131 0.035246 0.081133 0.014317 0.011983 0.004175 0.025235 0.017268 0.044116 0.022062 0.051635 0.153490 0.009331
0.187469 0.005396 0.006119 0.011107 0.056976 0.014298 0.009609 0.007397 0.011264 0.035683 0.025979 0.005935 0.003648 0.007745 0.017293 0.002270 0.015094 0.019194 0.003494 0.142128 0.022758 0.055139 0.010121 0.014772 0.004248 0.037455 0.017483 0.033840 0.023504 0.035280 0.148902 0.008400
0.167378 0.004645 0.003720 0.010164 0.039166 0.008770 0.007386 0.005172 0.007545 0.049491 0.020029 0.004794 0.002044 0.006295 0.024170 0.002758 0.019025 0.012126 0.003463 0.149573 0.034275 0.077165 0.011675 0.011162 0.004182 0.024767 0.016755 0.041993 0.021345 0.052555 0.147610 0.008800
0.121347 0.003227 0.001231 0.006025 0.030692 0.003357 0.003476 0.001533 0.002315 0.093049 0.009650 0.001959 0.000778 0.003082 0.023536 0.001816 0.024604 0.003267 0.002233 0.176481 0.062785 0.102785 0.012740 0.008712 0.002247 0.008352 0.009364 0.051599 0.013616 0.073215 0.134922 0.006003
0.143203 0.007959 0.009750 0.014208 0.055627 0.020003 0.012419 0.010788 0.018346 0.036297 0.032567 0.008678 0.006440 0.010883 0.016464 0.004098 0.018580 0.021356 0.005210 0.119489 0.024872 0.057623 0.014119 0.017592 0.006089 0.044645 0.022878 0.037393 0.025781 0.035023 0.130036 0.011583
0.136484 0.007803 0.009710 0.014882 0.061421 0.018910 0.012356 0.010745 0.017810 0.037962 0.031198 0.008386 0.005931 0.011280 0.018082 0.004143 0.019387 0.021494 0.005449 0.116801 0.025257 0.060620 0.014630 0.017927 0.006322 0.045603 0.022130 0.038426 0.025430 0.035293 0.125849 0.012277
0.118298 0.007133 0.004660 0.012221 0.045134 0.009448 0.009887 0.007778 0.012405 0.053107 0.024572 0.007153 0.003540 0.007852 0.023901 0.004004 0.021100 0.014192 0.004305 0.155544 0.039192 0.079222 0.019094 0.015286 0.005208 0.024895 0.019090 0.047200 0.021697 0.048707 0.124084 0.010090
0.139213 0.008364 0.008911 0.014719 0.054893 0.017771 0.012881 0.011321 0.017587 0.041528 0.029229 0.008950 0.006452 0.011679 0.019369 0.004657 0.019823 0.020972 0.005817 0.121178 0.027358 0.061872 0.016436 0.018449 0.006616 0.042141 0.021423 0.039358 0.024912 0.037714 0.116423 0.011984
0.118880 0.009080 0.011178 0.018181 0.040794 0.015935 0.016261 0.010534 0.011755 0.038418 0.025528 0.014939 0.003917 0.010768 0.029677 0.003879 0.027108 0.014175 0.007460 0.126487 0.029625 0.075100 0.021060 0.021406 0.008326 0.026141 0.013108 0.051053 0.020659 0.046844 0.114633 0.017091
0.292238 0.001974 0.001211 0.006791 0.005077 0.003415 0.004413 0.001144 0.002762 0.018982 0.004042 0.001732 0.000481 0.002105 0.009168 0.000848 0.005102 0.006622 0.001541 0.246837 0.015329 0.201893 0.001582 0.002717 0.002072 0.004036 0.001674 0.022261 0.002745 0.019595 0.106117 0.003493
