chair 8 206 249 394 0.982363 0.017487
chair 255 137 468 371 0.857973 0.137378
chair 338 85 461 211 0.600452 0.376108
chair 28 74 163 232 0.460038 0.502268
chair 321 171 387 258 0.242857 0.754497
chair 4 192 160 263 0.212703 0.784393
table 77 153 417 395 0.974491 0.014185
table 326 30 406 200 0.115995 0.721212
door 529 2 560 153 0.197561 0.372048
door 454 1 608 144 0.111223 0.671485
picture 10 4 133 63 0.408133 0.252897
picture 560 1 562 6 0.313705 0.508872
picture 22 2 66 47 0.246209 0.430937
picture 533 5 590 157 0.167175 0.278745
mirror 529 3 561 145 0.260474 0.376020
mirror 523 3 619 169 0.256644 0.350361
paper 21 0 66 47 0.28595 0.430937
paper 4 0 128 63 0.221524 0.252897
paper 724 187 729 225 0.172033 0.179069
box 398 215 402 221 0.313795 0.589572
box 365 73 371 84 0.165849 0.765857
box 381 212 399 221 0.161992 0.763282
box 376 202 391 211 0.130958 0.826989
box 724 183 729 223 0.108485 0.179069
box 351 6 401 86 0.102748 0.824181
lamp 598 12 725 166 0.30713 0.584415
lamp 606 57 630 132 0.157577 0.775998
lamp 631 163 651 177 0.143434 0.800145
lamp 531 48 631 158 0.121725 0.617758
garbage_bin 372 45 378 48 0.597419 0.393956
garbage_bin 346 29 394 56 0.482409 0.464538
garbage_bin 363 45 395 55 0.383153 0.578666
garbage_bin 363 45 371 53 0.35031 0.628862
garbage_bin 375 33 394 48 0.346818 0.606140
garbage_bin 724 184 729 226 0.127934 0.179069
