0.280794 0.001009 0.000113 0.665979 0.017153 0.007184 0.000758 0.000161 0.001486 0.000595 0.006360 0.000151 0.000308 0.000504 0.000592 0.000213 0.000751 0.001123 0.000277 0.000621 0.000452 0.002395 0.000916 0.000365 0.000984 0.001156 0.000773 0.001003 0.000356 0.000494 0.004481 0.000490
0.034311 0.000022 0.000414 0.000051 0.963154 0.000189 0.000011 0.000007 0.000207 0.000005 0.000555 0.000005 0.000206 0.000017 0.000066 0.000002 0.000059 0.000007 0.000005 0.000009 0.000025 0.000012 0.000006 0.000009 0.000028 0.000069 0.000352 0.000011 0.000047 0.000009 0.000123 0.000008
0.802672 0.001116 0.001122 0.000071 0.158178 0.000109 0.001821 0.000083 0.000662 0.000181 0.000481 0.000074 0.000028 0.000439 0.000160 0.000101 0.000279 0.002956 0.000145 0.000068 0.000248 0.000137 0.000669 0.000080 0.000141 0.019927 0.000686 0.000102 0.001797 0.000078 0.005348 0.000038
0.756978 0.000267 0.000165 0.001516 0.129584 0.000159 0.000215 0.000323 0.000472 0.001915 0.016854 0.000157 0.000068 0.000140 0.034943 0.000123 0.003848 0.000146 0.000088 0.008648 0.010710 0.004990 0.000081 0.000737 0.000319 0.000384 0.001004 0.001723 0.000974 0.009640 0.012547 0.000281
0.130110 0.000067 0.000032 0.000905 0.000201 0.000105 0.000616 0.000386 0.000587 0.145384 0.000119 0.000419 0.000050 0.000156 0.002164 0.000677 0.001011 0.003030 0.001454 0.595474 0.006253 0.074813 0.006233 0.002967 0.000503 0.000969 0.000432 0.008000 0.000397 0.012415 0.000696 0.003376
0.378868 0.000803 0.000296 0.000433 0.000443 0.000077 0.037094 0.002635 0.000218 0.006354 0.000295 0.548786 0.000003 0.000061 0.000771 0.001942 0.003315 0.000551 0.000508 0.003265 0.001356 0.002107 0.001710 0.002633 0.000202 0.000631 0.000218 0.001139 0.000130 0.002104 0.000642 0.000409
0.588129 0.004988 0.002251 0.000177 0.002080 0.000123 0.015268 0.003990 0.004150 0.018229 0.010830 0.185527 0.000010 0.000416 0.004925 0.002466 0.026762 0.000919 0.001288 0.024588 0.023999 0.021183 0.001613 0.002605 0.001028 0.001059 0.002131 0.009306 0.000676 0.017558 0.020178 0.001545
0.771707 0.004492 0.003237 0.000077 0.001579 0.000232 0.015602 0.003012 0.002713 0.002625 0.004126 0.175093 0.000007 0.000107 0.000357 0.000838 0.002928 0.000259 0.000144 0.001265 0.001596 0.000662 0.002716 0.000597 0.000182 0.000444 0.000417 0.000884 0.000204 0.000649 0.001097 0.000153
0.612048 0.002798 0.001901 0.006186 0.002286 0.000563 0.018583 0.005577 0.001400 0.014959 0.002144 0.169194 0.000091 0.000856 0.007820 0.001417 0.025616 0.002089 0.001267 0.024784 0.014211 0.022217 0.004045 0.004705 0.002544 0.003814 0.001286 0.007833 0.000956 0.021621 0.012908 0.002280
0.844564 0.000024 0.000231 0.000796 0.000971 0.000049 0.000021 0.000025 0.000022 0.000135 0.000135 0.000015 0.000017 0.000051 0.137931 0.000016 0.006512 0.000010 0.000008 0.000521 0.003980 0.000557 0.000006 0.000100 0.000119 0.000044 0.000524 0.000184 0.000042 0.001699 0.000583 0.000109
0.886636 0.000002 0.000026 0.000020 0.000035 0.000003 0.000006 0.000003 0.000005 0.000058 0.000010 0.000004 0.000000 0.000010 0.108549 0.000002 0.002553 0.000001 0.000002 0.000488 0.000161 0.000287 0.000001 0.000011 0.000056 0.000002 0.000008 0.000036 0.000002 0.000956 0.000056 0.000011
0.130110 0.000067 0.000032 0.000905 0.000201 0.000105 0.000616 0.000386 0.000587 0.145384 0.000119 0.000419 0.000050 0.000156 0.002164 0.000677 0.001011 0.003030 0.001454 0.595474 0.006253 0.074813 0.006233 0.002967 0.000503 0.000969 0.000432 0.008000 0.000397 0.012415 0.000696 0.003376
0.545832 0.000004 0.000006 0.000198 0.000141 0.000013 0.000028 0.000022 0.000088 0.005644 0.000046 0.000014 0.000002 0.000011 0.001869 0.000020 0.000412 0.000145 0.000192 0.345397 0.002157 0.083925 0.000472 0.000667 0.000075 0.000165 0.000078 0.000592 0.000044 0.011020 0.000378 0.000343
0.693563 0.000021 0.000020 0.004278 0.000081 0.000150 0.000140 0.000083 0.000159 0.001979 0.000119 0.000143 0.000366 0.000074 0.004258 0.000177 0.001803 0.000080 0.000355 0.230909 0.003708 0.028949 0.000127 0.000819 0.000806 0.000319 0.000995 0.008314 0.000089 0.011971 0.001125 0.004021
0.773988 0.000016 0.000018 0.004602 0.000086 0.000178 0.000130 0.000091 0.000129 0.002200 0.000122 0.000131 0.000169 0.000050 0.004708 0.000232 0.002049 0.000070 0.000294 0.153355 0.004317 0.025152 0.000147 0.000746 0.000468 0.000302 0.000998 0.007576 0.000116 0.012937 0.001793 0.002830
0.661438 0.002955 0.000683 0.000521 0.002813 0.001333 0.001242 0.001313 0.015067 0.044332 0.008635 0.002534 0.000339 0.000838 0.001577 0.001028 0.002839 0.001187 0.000803 0.136436 0.009419 0.064523 0.002971 0.000727 0.000904 0.001017 0.003289 0.007170 0.003276 0.006287 0.010860 0.001646
0.150658 0.005145 0.006954 0.012584 0.091735 0.024251 0.014371 0.008418 0.013406 0.088898 0.012354 0.005751 0.004589 0.009073 0.051363 0.009644 0.018994 0.011257 0.029820 0.113757 0.030963 0.074945 0.008015 0.018820 0.014553 0.011146 0.005623 0.034322 0.013689 0.054060 0.032851 0.017992
0.788156 0.000797 0.000300 0.000115 0.001677 0.000259 0.000382 0.000540 0.006995 0.035272 0.003777 0.001188 0.000083 0.000247 0.001047 0.000293 0.001381 0.000262 0.000238 0.101230 0.005291 0.033607 0.001851 0.000331 0.000382 0.000291 0.000882 0.003036 0.001032 0.003272 0.005235 0.000552
0.643320 0.006594 0.000206 0.005196 0.001904 0.000914 0.007977 0.001029 0.050786 0.013432 0.002972 0.001413 0.001563 0.002382 0.001414 0.000523 0.002024 0.012778 0.000554 0.066874 0.003443 0.110264 0.001244 0.001054 0.001186 0.012451 0.000934 0.004680 0.001505 0.006081 0.031411 0.001894
0.657304 0.004316 0.004314 0.000790 0.025574 0.000707 0.004704 0.000344 0.001146 0.000558 0.004421 0.000294 0.000120 0.003005 0.000827 0.000318 0.001474 0.007677 0.000661 0.001339 0.002194 0.002082 0.000267 0.000195 0.002491 0.100853 0.007826 0.000543 0.004212 0.000753 0.158414 0.000277
0.461819 0.011422 0.003080 0.009616 0.013515 0.020934 0.015842 0.001890 0.003138 0.008114 0.006889 0.001427 0.002316 0.006240 0.003403 0.004594 0.004951 0.034580 0.015410 0.015664 0.023027 0.050671 0.001829 0.001436 0.005523 0.049992 0.015249 0.007659 0.007722 0.012868 0.173313 0.005864
0.822110 0.000219 0.000023 0.000169 0.000261 0.000020 0.000445 0.000087 0.000117 0.003547 0.005873 0.000044 0.000003 0.000190 0.007668 0.000048 0.003811 0.000121 0.000069 0.009877 0.002264 0.003969 0.000020 0.000414 0.000782 0.002610 0.000737 0.000403 0.000506 0.010968 0.122352 0.000272
