bed 513 101 710 528 0.126349 0.465811
chair 382 126 686 529 0.710201 0.134221
chair 634 92 729 180 0.586198 0.238784
chair 656 124 725 145 0.554839 0.424680
chair 271 90 405 204 0.489902 0.423005
chair 397 102 624 257 0.401766 0.567972
chair 68 133 329 415 0.352803 0.464563
chair 655 94 717 128 0.280352 0.651506
chair 248 150 351 210 0.27619 0.715743
chair 2 194 68 367 0.24587 0.362110
chair 419 44 491 94 0.240931 0.739366
chair 30 236 185 388 0.192597 0.802085
chair 654 104 665 128 0.176036 0.776044
chair 217 140 269 208 0.142642 0.849162
chair 345 155 358 195 0.123318 0.865893
chair 685 43 714 62 0.121173 0.852215
chair 367 51 515 169 0.119228 0.869296
chair 704 119 719 126 0.117886 0.790603
sofa 389 75 523 241 0.713544 0.215945
sofa 50 110 236 315 0.667046 0.316464
sofa 276 73 394 217 0.666285 0.240380
sofa 2 176 69 370 0.329055 0.323904
sofa 309 122 625 521 0.31207 0.545639
sofa 270 170 361 208 0.151527 0.679663
table 64 259 354 409 0.911165 0.055472
table 628 89 729 187 0.136281 0.279308
bookshelf 603 32 729 154 0.287874 0.585713
picture 16 4 244 133 0.161062 0.476467
picture 719 1 729 10 0.123088 0.472923
picture 175 1 219 101 0.115096 0.806512
pillow 2 213 54 250 0.336841 0.632945
pillow 340 317 542 438 0.264019 0.686319
pillow 538 426 557 451 0.249419 0.746084
pillow 547 405 569 472 0.18817 0.791852
pillow 542 451 547 453 0.180916 0.816129
pillow 277 406 484 495 0.178892 0.662320
pillow 412 95 511 165 0.176211 0.696974
pillow 292 440 661 526 0.158075 0.312227
pillow 511 378 537 445 0.150037 0.824098
pillow 418 199 583 339 0.111923 0.855959
paper 364 478 429 512 0.287132 0.434901
paper 439 491 448 503 0.281353 0.407277
paper 274 129 279 133 0.276588 0.396235
paper 462 495 488 514 0.259602 0.469023
paper 365 478 541 529 0.192533 0.330791
paper 77 42 91 56 0.140119 0.172143
paper 560 450 613 529 0.135313 0.479487
paper 485 499 516 518 0.134209 0.492922
paper 307 506 312 509 0.132906 0.513245
paper 271 113 282 133 0.126612 0.686818
paper 594 427 625 448 0.120486 0.335973
paper 596 474 610 487 0.118324 0.481173
paper 360 460 402 493 0.11614 0.762208
paper 543 495 565 521 0.114701 0.580656
paper 551 473 578 526 0.111987 0.707823
paper 589 435 600 449 0.110839 0.486898
box 274 128 279 132 0.165012 0.396235
box 715 108 723 125 0.149855 0.605970
box 439 490 449 503 0.148915 0.407277
box 721 104 729 126 0.134449 0.606506
box 719 97 729 106 0.132256 0.644052
box 288 441 443 526 0.126138 0.223586
box 463 494 490 514 0.123995 0.469023
box 604 514 626 529 0.111945 0.274810
box 629 526 634 529 0.108525 0.208193
box 299 491 315 528 0.108524 0.361193
box 271 113 283 132 0.107638 0.686818
box 596 474 611 486 0.106003 0.481173
box 604 514 616 521 0.102241 0.456274
whiteboard 9 1 189 151 0.140578 0.500175
lamp 694 20 720 23 0.126257 0.593604
garbage_bin 76 42 92 56 0.234049 0.172143
garbage_bin 293 448 441 529 0.21641 0.218183
garbage_bin 306 505 312 509 0.137857 0.513245
