bed 617 134 728 273 0.455287 0.427972
chair 236 141 528 514 0.995924 0.003868
chair 647 76 722 143 0.39503 0.582496
chair 15 105 196 250 0.345627 0.556212
chair 706 92 713 135 0.234766 0.641104
chair 659 106 693 144 0.227145 0.701042
chair 285 82 411 414 0.198503 0.792448
chair 568 49 716 117 0.175087 0.643087
chair 682 106 687 127 0.171262 0.816007
chair 699 83 723 139 0.16612 0.683050
chair 445 70 551 406 0.125113 0.748498
chair 338 237 429 316 0.105024 0.893285
table 477 64 716 374 0.752954 0.108005
table 8 127 288 529 0.668354 0.084734
table 483 38 716 155 0.334995 0.578623
picture 693 201 729 242 0.19517 0.652976
counter 0 102 452 529 0.128991 0.053943
desk 19 130 312 509 0.837623 0.032679
desk 477 79 719 335 0.29812 0.292291
desk 485 43 635 124 0.213059 0.567354
mirror 0 0 61 173 0.109606 0.578940
paper 544 129 589 163 0.402824 0.559606
paper 555 148 565 153 0.280048 0.704521
paper 543 132 635 187 0.267201 0.617837
paper 571 153 584 163 0.248531 0.686714
paper 2 122 57 169 0.238804 0.605271
paper 554 121 600 139 0.195735 0.777458
paper 688 313 729 350 0.179925 0.358529
paper 546 137 554 143 0.176027 0.805581
paper 610 172 635 187 0.170374 0.672164
paper 713 344 715 345 0.169174 0.502678
paper 581 156 629 170 0.167349 0.649425
paper 612 168 616 171 0.163168 0.691106
paper 712 339 729 357 0.161162 0.270915
paper 544 128 563 142 0.15592 0.835716
paper 603 165 622 177 0.155657 0.688228
paper 705 336 711 341 0.153762 0.619431
paper 723 350 729 358 0.152795 0.142193
paper 690 354 729 435 0.152723 0.227359
paper 725 242 729 260 0.152155 0.184924
paper 595 99 602 106 0.142557 0.566309
paper 714 246 717 251 0.13985 0.349059
paper 704 466 709 471 0.138523 0.548582
paper 723 488 729 500 0.13685 0.311798
paper 716 343 720 348 0.135049 0.307179
paper 302 22 312 29 0.13314 0.046057
paper 707 231 717 250 0.128643 0.594161
paper 719 93 729 137 0.118588 0.357945
paper 697 327 697 329 0.117183 0.745809
paper 601 170 607 172 0.116808 0.718029
paper 575 164 592 171 0.111529 0.645602
paper 698 328 701 334 0.111151 0.745062
paper 621 151 626 159 0.11113 0.817196
paper 599 166 604 171 0.103631 0.718484
paper 648 408 729 513 0.102437 0.713871
box 237 489 239 495 0.411338 0.467728
box 688 219 699 242 0.190742 0.653670
box 239 425 244 428 0.189523 0.770582
box 689 349 729 436 0.158287 0.227359
box 687 310 729 350 0.142683 0.358529
box 719 92 729 136 0.140512 0.357945
box 550 85 592 115 0.135587 0.617964
box 682 238 729 330 0.134537 0.281370
box 704 335 711 342 0.115927 0.619431
box 647 339 729 512 0.112215 0.609850
box 8 407 261 527 0.106191 0.527257
box 302 22 313 28 0.106053 0.046057
box 235 506 240 511 0.10478 0.572937
whiteboard 241 1 392 93 0.519992 0.423409
whiteboard 5 300 264 471 0.178675 0.591891
whiteboard 55 1 240 121 0.109864 0.850655
lamp 706 2 729 40 0.300966 0.461814
lamp 593 62 594 70 0.123678 0.787640
bag 596 108 605 109 0.137012 0.604853
garbage_bin 234 506 239 511 0.148015 0.572937
garbage_bin 712 338 729 358 0.113608 0.270915
