0.027657 0.000005 0.000007 0.971256 0.000141 0.000567 0.000002 0.000001 0.000002 0.000003 0.000010 0.000002 0.000101 0.000002 0.000034 0.000002 0.000031 0.000003 0.000003 0.000005 0.000013 0.000023 0.000001 0.000008 0.000010 0.000011 0.000008 0.000017 0.000001 0.000023 0.000035 0.000014
0.045415 0.000007 0.000003 0.947132 0.000132 0.006751 0.000002 0.000001 0.000006 0.000005 0.000020 0.000002 0.000292 0.000002 0.000022 0.000002 0.000010 0.000003 0.000004 0.000014 0.000006 0.000024 0.000002 0.000010 0.000007 0.000014 0.000021 0.000042 0.000001 0.000012 0.000014 0.000021
0.072934 0.000001 0.000001 0.926795 0.000031 0.000109 0.000001 0.000001 0.000002 0.000002 0.000002 0.000001 0.000015 0.000001 0.000009 0.000001 0.000010 0.000001 0.000001 0.000006 0.000004 0.000009 0.000002 0.000015 0.000002 0.000003 0.000002 0.000009 0.000000 0.000013 0.000006 0.000011
0.092932 0.000001 0.000003 0.905793 0.000413 0.000428 0.000002 0.000002 0.000007 0.000005 0.000010 0.000002 0.000054 0.000002 0.000056 0.000001 0.000021 0.000004 0.000003 0.000023 0.000009 0.000079 0.000001 0.000034 0.000004 0.000003 0.000008 0.000020 0.000001 0.000035 0.000022 0.000022
0.192896 0.000004 0.000002 0.805100 0.000243 0.001212 0.000004 0.000003 0.000015 0.000007 0.000024 0.000003 0.000104 0.000003 0.000046 0.000002 0.000017 0.000010 0.000003 0.000047 0.000009 0.000082 0.000004 0.000023 0.000007 0.000007 0.000014 0.000028 0.000002 0.000023 0.000030 0.000027
0.205087 0.000021 0.000019 0.773456 0.005712 0.013037 0.000013 0.000012 0.000068 0.000037 0.000170 0.000014 0.001060 0.000014 0.000257 0.000006 0.000072 0.000024 0.000021 0.000096 0.000026 0.000147 0.000017 0.000144 0.000034 0.000019 0.000046 0.000115 0.000010 0.000091 0.000062 0.000093
0.234673 0.000122 0.000051 0.741278 0.001720 0.012985 0.000103 0.000064 0.000389 0.000332 0.000175 0.000085 0.001897 0.000099 0.000580 0.000053 0.000270 0.000115 0.000133 0.000777 0.000134 0.000834 0.000098 0.000742 0.000167 0.000115 0.000089 0.000756 0.000045 0.000385 0.000187 0.000547
0.343205 0.000002 0.000000 0.656559 0.000034 0.000022 0.000002 0.000001 0.000004 0.000005 0.000005 0.000002 0.000002 0.000000 0.000028 0.000002 0.000008 0.000001 0.000001 0.000021 0.000005 0.000013 0.000003 0.000006 0.000001 0.000003 0.000007 0.000035 0.000000 0.000010 0.000003 0.000010
0.414964 0.000102 0.000165 0.489038 0.050314 0.031106 0.000062 0.000065 0.000331 0.000283 0.000472 0.000066 0.003587 0.000114 0.003000 0.000034 0.000605 0.000109 0.000134 0.000705 0.000195 0.001053 0.000067 0.000597 0.000288 0.000093 0.000228 0.000601 0.000066 0.000782 0.000382 0.000393
0.546866 0.000076 0.000004 0.432703 0.000124 0.014994 0.000028 0.000020 0.000142 0.000179 0.000076 0.000034 0.000906 0.000022 0.000223 0.000016 0.000092 0.000021 0.000035 0.000886 0.000062 0.000623 0.000030 0.000249 0.000041 0.000039 0.000034 0.000885 0.000011 0.000262 0.000057 0.000258
0.551899 0.000061 0.000022 0.432537 0.003277 0.008699 0.000027 0.000028 0.000334 0.000060 0.000310 0.000028 0.000970 0.000020 0.000167 0.000014 0.000095 0.000066 0.000033 0.000186 0.000031 0.000244 0.000048 0.000167 0.000034 0.000038 0.000112 0.000150 0.000016 0.000085 0.000077 0.000170
0.568084 0.000025 0.000011 0.413790 0.000379 0.014072 0.000016 0.000017 0.000158 0.000053 0.000096 0.000015 0.001540 0.000012 0.000069 0.000009 0.000073 0.000041 0.000022 0.000233 0.000029 0.000421 0.000029 0.000269 0.000024 0.000019 0.000043 0.000212 0.000007 0.000080 0.000033 0.000121
0.679849 0.000003 0.000015 0.315270 0.000328 0.000240 0.000006 0.000004 0.000022 0.000051 0.000015 0.000004 0.000073 0.000009 0.000909 0.000005 0.000124 0.000012 0.000017 0.000587 0.000099 0.001582 0.000004 0.000073 0.000038 0.000006 0.000027 0.000088 0.000003 0.000352 0.000078 0.000105
0.633930 0.000045 0.000135 0.305993 0.011944 0.038734 0.000034 0.000035 0.000178 0.000128 0.000421 0.000026 0.003460 0.000065 0.001061 0.000014 0.000348 0.000112 0.000049 0.000506 0.000108 0.000665 0.000023 0.000293 0.000199 0.000079 0.000157 0.000261 0.000048 0.000384 0.000370 0.000195
0.648777 0.000028 0.000019 0.302117 0.000316 0.040008 0.000025 0.000022 0.000138 0.000082 0.000200 0.000029 0.002024 0.000025 0.000140 0.000014 0.000126 0.000139 0.000052 0.001736 0.000086 0.001665 0.000015 0.000218 0.000095 0.000036 0.000117 0.000750 0.000015 0.000257 0.000330 0.000399
0.690722 0.000190 0.000031 0.297988 0.001031 0.004892 0.000037 0.000027 0.000283 0.000049 0.001291 0.000027 0.002076 0.000019 0.000080 0.000026 0.000050 0.000044 0.000031 0.000087 0.000030 0.000120 0.000099 0.000112 0.000047 0.000073 0.000178 0.000116 0.000029 0.000042 0.000073 0.000098
0.679617 0.000091 0.000029 0.293880 0.001592 0.015662 0.000054 0.000063 0.000781 0.000268 0.000427 0.000061 0.002476 0.000038 0.000273 0.000031 0.000221 0.000123 0.000071 0.000813 0.000081 0.001034 0.000105 0.000845 0.000071 0.000048 0.000109 0.000463 0.000022 0.000221 0.000124 0.000306
0.705170 0.000070 0.000064 0.271595 0.001627 0.010460 0.000095 0.000059 0.000390 0.000181 0.000424 0.000066 0.001911 0.000073 0.000299 0.000025 0.000301 0.000273 0.000073 0.001869 0.000175 0.001905 0.000092 0.000291 0.000189 0.000119 0.000240 0.000525 0.000057 0.000371 0.000648 0.000363
0.712388 0.000010 0.000005 0.269901 0.000207 0.015349 0.000007 0.000007 0.000060 0.000018 0.000112 0.000007 0.000872 0.000006 0.000034 0.000004 0.000037 0.000028 0.000009 0.000256 0.000018 0.000221 0.000013 0.000075 0.000018 0.000012 0.000058 0.000094 0.000006 0.000045 0.000057 0.000065
0.704343 0.000085 0.000127 0.267878 0.001712 0.013926 0.000056 0.000079 0.000484 0.000341 0.000308 0.000107 0.001346 0.000062 0.001239 0.000051 0.000288 0.000103 0.000073 0.002173 0.000145 0.001500 0.000116 0.001305 0.000116 0.000056 0.000157 0.000729 0.000055 0.000473 0.000179 0.000389
0.710141 0.000027 0.000023 0.264316 0.000809 0.020673 0.000015 0.000020 0.000228 0.000063 0.000108 0.000020 0.001436 0.000015 0.000164 0.000010 0.000088 0.000041 0.000020 0.000343 0.000027 0.000454 0.000024 0.000441 0.000025 0.000013 0.000040 0.000156 0.000009 0.000104 0.000037 0.000112
0.736996 0.000003 0.000001 0.259613 0.000019 0.001790 0.000005 0.000002 0.000005 0.000016 0.000008 0.000002 0.000508 0.000001 0.000017 0.000002 0.000017 0.000010 0.000005 0.000244 0.000010 0.000291 0.000026 0.000023 0.000009 0.000007 0.000016 0.000267 0.000002 0.000030 0.000005 0.000049
0.733902 0.000032 0.000009 0.256320 0.000434 0.002909 0.000044 0.000029 0.000074 0.000178 0.000080 0.000033 0.000736 0.000014 0.000136 0.000021 0.000145 0.000086 0.000057 0.000812 0.000074 0.001407 0.000615 0.000230 0.000024 0.000053 0.000158 0.000769 0.000028 0.000178 0.000078 0.000337
0.554243 0.001783 0.001795 0.248259 0.018096 0.027396 0.002027 0.001437 0.005086 0.008913 0.002791 0.001758 0.006476 0.001517 0.010500 0.000980 0.003811 0.001556 0.001791 0.019249 0.002554 0.015873 0.003639 0.010895 0.001810 0.002824 0.002040 0.018380 0.002271 0.008961 0.005136 0.006152
0.741582 0.000021 0.000011 0.244321 0.000506 0.009630 0.000016 0.000014 0.000142 0.000042 0.000098 0.000011 0.001623 0.000014 0.000106 0.000006 0.000065 0.000056 0.000024 0.000398 0.000026 0.000619 0.000031 0.000091 0.000034 0.000021 0.000061 0.000156 0.000010 0.000084 0.000076 0.000106
0.752649 0.000002 0.000001 0.243892 0.000013 0.002059 0.000003 0.000001 0.000002 0.000008 0.000005 0.000001 0.000619 0.000001 0.000011 0.000001 0.000013 0.000007 0.000002 0.000147 0.000007 0.000223 0.000012 0.000012 0.000006 0.000005 0.000010 0.000232 0.000001 0.000023 0.000003 0.000031
0.761941 0.000003 0.000003 0.236501 0.000191 0.000138 0.000005 0.000003 0.000011 0.000022 0.000006 0.000004 0.000014 0.000003 0.000200 0.000002 0.000048 0.000006 0.000005 0.000193 0.000014 0.000401 0.000004 0.000068 0.000006 0.000004 0.000006 0.000050 0.000001 0.000096 0.000021 0.000033
0.521226 0.002299 0.001755 0.225430 0.016729 0.091735 0.001486 0.001693 0.009186 0.005450 0.005540 0.001597 0.024450 0.001920 0.006807 0.000776 0.003223 0.002477 0.001943 0.014709 0.002086 0.013953 0.001738 0.010090 0.002543 0.001736 0.002142 0.010127 0.001431 0.004727 0.004003 0.004993
0.780103 0.000028 0.000034 0.210726 0.000606 0.004675 0.000044 0.000018 0.000063 0.000096 0.000245 0.000023 0.000223 0.000025 0.000145 0.000009 0.000156 0.000093 0.000015 0.000615 0.000094 0.000621 0.000029 0.000088 0.000066 0.000067 0.000108 0.000173 0.000020 0.000178 0.000512 0.000104
0.754486 0.000059 0.000067 0.210455 0.001816 0.021924 0.000049 0.000055 0.000583 0.000156 0.000234 0.000052 0.004249 0.000043 0.000326 0.000027 0.000237 0.000131 0.000085 0.001191 0.000098 0.001316 0.000097 0.000659 0.000085 0.000054 0.000183 0.000520 0.000037 0.000273 0.000134 0.000320
0.758622 0.000039 0.000054 0.209063 0.005184 0.021466 0.000038 0.000030 0.000149 0.000110 0.000499 0.000021 0.001322 0.000035 0.000365 0.000012 0.000121 0.000078 0.000035 0.000670 0.000063 0.000511 0.000052 0.000206 0.000100 0.000076 0.000190 0.000180 0.000050 0.000151 0.000317 0.000190
0.783737 0.000019 0.000006 0.206924 0.000517 0.004537 0.000032 0.000016 0.000025 0.000069 0.000058 0.000017 0.000664 0.000008 0.000068 0.000010 0.000109 0.000070 0.000017 0.000380 0.000051 0.000501 0.000551 0.000082 0.000027 0.000059 0.000173 0.000974 0.000026 0.000088 0.000050 0.000132
0.793020 0.000002 0.000005 0.199407 0.000349 0.006315 0.000003 0.000002 0.000014 0.000010 0.000054 0.000003 0.000295 0.000003 0.000035 0.000001 0.000025 0.000008 0.000002 0.000163 0.000012 0.000075 0.000007 0.000014 0.000009 0.000007 0.000028 0.000042 0.000003 0.000019 0.000049 0.000021
0.771298 0.000151 0.000044 0.197510 0.001207 0.013617 0.000065 0.000088 0.000685 0.000500 0.000625 0.000085 0.001485 0.000074 0.001212 0.000051 0.000360 0.000166 0.000145 0.002570 0.000227 0.003801 0.000093 0.000657 0.000215 0.000073 0.000223 0.001086 0.000050 0.000747 0.000344 0.000545
0.801006 0.000000 0.000000 0.194413 0.000012 0.004075 0.000001 0.000001 0.000003 0.000006 0.000003 0.000001 0.000043 0.000000 0.000022 0.000001 0.000005 0.000003 0.000001 0.000205 0.000005 0.000069 0.000001 0.000007 0.000002 0.000001 0.000003 0.000075 0.000000 0.000015 0.000006 0.000015
0.791316 0.000040 0.000045 0.192212 0.000919 0.005059 0.000036 0.000047 0.000488 0.000359 0.000156 0.000070 0.000560 0.000034 0.001043 0.000030 0.000228 0.000061 0.000057 0.002568 0.000115 0.001817 0.000046 0.000846 0.000085 0.000034 0.000076 0.000745 0.000020 0.000475 0.000123 0.000290
0.805560 0.000018 0.000011 0.188363 0.000209 0.003895 0.000021 0.000008 0.000030 0.000039 0.000147 0.000012 0.000084 0.000010 0.000078 0.000004 0.000082 0.000044 0.000005 0.000388 0.000048 0.000261 0.000018 0.000044 0.000026 0.000028 0.000078 0.000083 0.000010 0.000101 0.000247 0.000049
0.815576 0.000000 0.000000 0.176486 0.000046 0.007508 0.000000 0.000000 0.000002 0.000003 0.000009 0.000001 0.000079 0.000000 0.000012 0.000000 0.000006 0.000002 0.000000 0.000135 0.000004 0.000044 0.000001 0.000007 0.000002 0.000001 0.000006 0.000044 0.000000 0.000007 0.000009 0.000008
0.601876 0.002172 0.002726 0.171665 0.012642 0.039623 0.002015 0.001355 0.004508 0.009915 0.003340 0.001548 0.007904 0.002239 0.012784 0.000721 0.003443 0.001833 0.002067 0.033123 0.002786 0.028042 0.002951 0.007543 0.002226 0.002131 0.001375 0.013607 0.002545 0.007841 0.006322 0.005133
0.802001 0.000016 0.000056 0.167845 0.007123 0.006578 0.000049 0.000044 0.000256 0.000262 0.000232 0.000046 0.000769 0.000039 0.001002 0.000018 0.000640 0.000184 0.000094 0.003581 0.000230 0.004748 0.000049 0.000332 0.000120 0.000094 0.000276 0.001129 0.000041 0.000711 0.000922 0.000510
0.837502 0.000006 0.000001 0.159724 0.000076 0.002500 0.000002 0.000001 0.000011 0.000005 0.000029 0.000001 0.000067 0.000001 0.000005 0.000001 0.000004 0.000003 0.000001 0.000008 0.000001 0.000007 0.000005 0.000007 0.000002 0.000003 0.000004 0.000011 0.000001 0.000003 0.000004 0.000006
0.821155 0.000015 0.000013 0.158603 0.000300 0.018077 0.000010 0.000007 0.000043 0.000019 0.000338 0.000011 0.000348 0.000007 0.000050 0.000003 0.000055 0.000027 0.000005 0.000217 0.000026 0.000160 0.000012 0.000075 0.000017 0.000018 0.000100 0.000055 0.000007 0.000056 0.000119 0.000052
0.834095 0.000010 0.000050 0.157463 0.000504 0.001651 0.000021 0.000013 0.000040 0.000070 0.000081 0.000011 0.000376 0.000026 0.000392 0.000009 0.000266 0.000083 0.000019 0.001524 0.000135 0.001621 0.000038 0.000061 0.000106 0.000063 0.000156 0.000211 0.000020 0.000242 0.000500 0.000144
0.835555 0.000016 0.000004 0.155265 0.000259 0.001544 0.000023 0.000020 0.000203 0.000140 0.000056 0.000013 0.000773 0.000010 0.000156 0.000016 0.000138 0.000053 0.000042 0.001950 0.000090 0.001915 0.000056 0.000374 0.000035 0.000023 0.000066 0.000644 0.000007 0.000255 0.000046 0.000252
0.845306 0.000044 0.000010 0.145267 0.001431 0.002733 0.000075 0.000025 0.000081 0.000085 0.000762 0.000049 0.000356 0.000012 0.000059 0.000028 0.000207 0.000171 0.000019 0.000269 0.000088 0.000323 0.000503 0.000380 0.000028 0.000155 0.000456 0.000520 0.000068 0.000123 0.000198 0.000171
0.723049 0.000842 0.000695 0.143355 0.019377 0.006723 0.000996 0.000520 0.002829 0.006663 0.001261 0.000646 0.005179 0.001231 0.009065 0.000246 0.002268 0.001445 0.001135 0.019058 0.001315 0.019742 0.001774 0.004800 0.001449 0.000886 0.000639 0.006918 0.000811 0.006375 0.005727 0.002980
0.858489 0.000011 0.000018 0.134265 0.000279 0.004305 0.000017 0.000009 0.000048 0.000032 0.000115 0.000015 0.000248 0.000009 0.000125 0.000004 0.000122 0.000034 0.000009 0.000603 0.000043 0.000496 0.000017 0.000100 0.000024 0.000022 0.000068 0.000099 0.000008 0.000149 0.000146 0.000072
0.844314 0.000062 0.000023 0.132255 0.000411 0.004828 0.000079 0.000065 0.000489 0.000430 0.000165 0.000045 0.003355 0.000048 0.000279 0.000030 0.000314 0.000163 0.000231 0.002430 0.000233 0.005856 0.000259 0.000591 0.000128 0.000083 0.000177 0.001103 0.000030 0.000676 0.000180 0.000669
0.840231 0.000055 0.000027 0.128056 0.000554 0.011675 0.000086 0.000073 0.000336 0.000330 0.000200 0.000076 0.000781 0.000040 0.000618 0.000050 0.000349 0.000391 0.000150 0.005606 0.000236 0.004637 0.000056 0.000240 0.000169 0.000099 0.000231 0.002169 0.000046 0.000665 0.000875 0.000894
0.880682 0.000001 0.000001 0.106973 0.000155 0.011781 0.000001 0.000001 0.000005 0.000004 0.000036 0.000001 0.000162 0.000001 0.000010 0.000000 0.000007 0.000002 0.000001 0.000075 0.000004 0.000023 0.000002 0.000007 0.000002 0.000002 0.000015 0.000023 0.000001 0.000005 0.000015 0.000006
0.882317 0.000050 0.000019 0.106912 0.000246 0.008287 0.000022 0.000014 0.000083 0.000054 0.000426 0.000019 0.000278 0.000019 0.000071 0.000007 0.000080 0.000047 0.000010 0.000185 0.000041 0.000260 0.000024 0.000092 0.000030 0.000024 0.000053 0.000107 0.000009 0.000068 0.000089 0.000058
0.821193 0.000244 0.000144 0.013913 0.102723 0.001808 0.000404 0.000342 0.001492 0.010501 0.000350 0.000404 0.001038 0.000180 0.002334 0.000317 0.001400 0.000432 0.000599 0.002917 0.000546 0.002750 0.013071 0.004189 0.000108 0.000673 0.000549 0.010859 0.000754 0.001161 0.000806 0.001800
0.615745 0.000263 0.000389 0.170287 0.023617 0.170235 0.000110 0.000092 0.000497 0.000267 0.001651 0.000071 0.010241 0.000178 0.000867 0.000045 0.000342 0.000208 0.000112 0.000609 0.000141 0.000640 0.000106 0.000546 0.000344 0.000221 0.000380 0.000473 0.000154 0.000328 0.000502 0.000340
0.418549 0.000027 0.000071 0.419983 0.003921 0.149131 0.000029 0.000013 0.000026 0.000041 0.001534 0.000011 0.000715 0.000020 0.000219 0.000012 0.000122 0.000051 0.000027 0.000581 0.000205 0.000445 0.000020 0.000029 0.000168 0.000560 0.000962 0.000297 0.000208 0.000140 0.001794 0.000090
0.248932 0.006578 0.001078 0.001766 0.008532 0.002134 0.013587 0.004306 0.012646 0.205919 0.001912 0.005146 0.000466 0.003581 0.017031 0.020835 0.030953 0.002201 0.049210 0.103645 0.023443 0.102243 0.006254 0.007119 0.009145 0.002024 0.001033 0.033466 0.001195 0.048873 0.010987 0.013762
0.568670 0.013144 0.002534 0.001937 0.008699 0.004417 0.002054 0.001783 0.003378 0.005688 0.162243 0.001671 0.002084 0.000902 0.002099 0.001354 0.002113 0.001558 0.001306 0.042745 0.019929 0.010559 0.006246 0.002974 0.002096 0.003643 0.040521 0.003561 0.045321 0.005814 0.026927 0.002031
0.627709 0.008584 0.000077 0.005591 0.002845 0.031951 0.003346 0.002795 0.012673 0.002140 0.102033 0.003325 0.001494 0.000200 0.000110 0.002038 0.000726 0.002857 0.001039 0.002803 0.001068 0.002258 0.163342 0.000937 0.000202 0.001829 0.006065 0.002462 0.001602 0.000657 0.003691 0.001550
0.638117 0.001883 0.000263 0.002536 0.000437 0.000535 0.000541 0.000621 0.002452 0.007769 0.008258 0.000424 0.000973 0.000521 0.003314 0.000341 0.003355 0.001072 0.000372 0.131020 0.023763 0.119050 0.002849 0.000433 0.001217 0.001989 0.006856 0.006428 0.006506 0.008273 0.015949 0.001881
0.540312 0.000096 0.000119 0.000090 0.000629 0.000413 0.000127 0.000109 0.000100 0.003099 0.000927 0.000042 0.000055 0.000290 0.035668 0.000070 0.012833 0.000358 0.000161 0.127483 0.016146 0.133722 0.000048 0.000311 0.002168 0.000789 0.005839 0.005174 0.000738 0.036776 0.073760 0.001547
0.301136 0.004794 0.002291 0.015925 0.028218 0.003875 0.009945 0.004238 0.018288 0.080013 0.004078 0.006331 0.001143 0.005687 0.021194 0.003799 0.013665 0.010331 0.003837 0.109316 0.011247 0.084756 0.010933 0.016344 0.004987 0.010384 0.004061 0.108167 0.005230 0.022595 0.059220 0.013971
0.248932 0.006578 0.001078 0.001766 0.008532 0.002134 0.013587 0.004306 0.012646 0.205919 0.001912 0.005146 0.000466 0.003581 0.017031 0.020835 0.030953 0.002201 0.049210 0.103645 0.023443 0.102243 0.006254 0.007119 0.009145 0.002024 0.001033 0.033466 0.001195 0.048873 0.010987 0.013762
0.540312 0.000096 0.000119 0.000090 0.000629 0.000413 0.000127 0.000109 0.000100 0.003099 0.000927 0.000042 0.000055 0.000290 0.035668 0.000070 0.012833 0.000358 0.000161 0.127483 0.016146 0.133722 0.000048 0.000311 0.002168 0.000789 0.005839 0.005174 0.000738 0.036776 0.073760 0.001547
0.638117 0.001883 0.000263 0.002536 0.000437 0.000535 0.000541 0.000621 0.002452 0.007769 0.008258 0.000424 0.000973 0.000521 0.003314 0.000341 0.003355 0.001072 0.000372 0.131020 0.023763 0.119050 0.002849 0.000433 0.001217 0.001989 0.006856 0.006428 0.006506 0.008273 0.015949 0.001881
0.756988 0.001006 0.000130 0.011864 0.001360 0.009635 0.000712 0.000528 0.002512 0.005334 0.008611 0.000584 0.003471 0.000583 0.001107 0.000158 0.001758 0.001589 0.001251 0.045670 0.003853 0.104523 0.001772 0.002124 0.001167 0.000809 0.001435 0.006748 0.000680 0.006454 0.012736 0.002847
0.248932 0.006578 0.001078 0.001766 0.008532 0.002134 0.013587 0.004306 0.012646 0.205919 0.001912 0.005146 0.000466 0.003581 0.017031 0.020835 0.030953 0.002201 0.049210 0.103645 0.023443 0.102243 0.006254 0.007119 0.009145 0.002024 0.001033 0.033466 0.001195 0.048873 0.010987 0.013762
0.574237 0.002020 0.000012 0.002513 0.000949 0.003767 0.001122 0.001131 0.005889 0.001871 0.012142 0.000890 0.000654 0.000046 0.000031 0.000694 0.000220 0.001052 0.000455 0.001563 0.000440 0.001331 0.381824 0.000207 0.000052 0.000533 0.001101 0.001029 0.000588 0.000245 0.000819 0.000574
0.854314 0.000305 0.000052 0.000774 0.003679 0.000055 0.001151 0.000168 0.000554 0.000593 0.000109 0.001403 0.000015 0.000018 0.000052 0.000341 0.000209 0.000252 0.000085 0.000108 0.000048 0.000086 0.131549 0.000234 0.000012 0.000477 0.000157 0.002702 0.000261 0.000058 0.000095 0.000086
0.772174 0.000428 0.000029 0.000362 0.000088 0.002542 0.000163 0.000133 0.000205 0.003761 0.000295 0.000127 0.000053 0.000165 0.000440 0.000475 0.001038 0.001003 0.000179 0.010059 0.000784 0.006968 0.000113 0.000184 0.001068 0.000478 0.001999 0.187909 0.000085 0.002198 0.003626 0.000868
0.792261 0.000504 0.000028 0.000383 0.000082 0.003157 0.000173 0.000128 0.000252 0.003738 0.000284 0.000130 0.000066 0.000168 0.000306 0.000357 0.000806 0.001166 0.000181 0.009995 0.000553 0.005867 0.000128 0.000147 0.000908 0.000477 0.001708 0.170470 0.000073 0.001627 0.003155 0.000727
0.808370 0.000614 0.000060 0.000399 0.000044 0.001227 0.000276 0.000162 0.000266 0.011701 0.000127 0.000209 0.000027 0.000313 0.001438 0.001044 0.002468 0.000391 0.000205 0.011724 0.000931 0.004704 0.000139 0.000348 0.001344 0.000334 0.000309 0.144767 0.000047 0.004111 0.001067 0.000833
0.301136 0.004794 0.002291 0.015925 0.028218 0.003875 0.009945 0.004238 0.018288 0.080013 0.004078 0.006331 0.001143 0.005687 0.021194 0.003799 0.013665 0.010331 0.003837 0.109316 0.011247 0.084756 0.010933 0.016344 0.004987 0.010384 0.004061 0.108167 0.005230 0.022595 0.059220 0.013971
