bed 72 120 455 529 0.155184 0.653570
chair 473 523 475 529 0.106758 0.113257
sofa 0 119 654 508 0.490235 0.444401
sofa 430 63 729 514 0.178537 0.408195
table 472 524 474 529 0.114894 0.113257
picture 463 354 470 365 0.257903 0.435456
picture 455 336 461 345 0.119551 0.703430
paper 146 109 148 110 0.268675 0.556716
paper 450 514 472 529 0.130674 0.195487
paper 466 504 468 510 0.103589 0.503318
box 473 523 474 529 0.110099 0.113257
box 450 513 472 529 0.107872 0.195487
toilet 262 147 402 391 0.239226 0.718643
toilet 454 51 718 488 0.114577 0.408195
lamp 260 113 377 219 0.629559 0.295731
lamp 266 112 336 163 0.11375 0.820418
