0.010353 0.000001 0.000003 0.989371 0.000038 0.000174 0.000001 0.000000 0.000001 0.000001 0.000002 0.000000 0.000013 0.000001 0.000005 0.000000 0.000004 0.000002 0.000001 0.000001 0.000004 0.000004 0.000000 0.000002 0.000002 0.000001 0.000001 0.000001 0.000000 0.000005 0.000004 0.000003
0.007307 0.000004 0.000001 0.989363 0.000056 0.003020 0.000001 0.000001 0.000004 0.000002 0.000013 0.000001 0.000158 0.000001 0.000003 0.000001 0.000003 0.000003 0.000002 0.000002 0.000002 0.000015 0.000001 0.000004 0.000005 0.000003 0.000004 0.000003 0.000001 0.000004 0.000008 0.000005
0.176979 0.000231 0.000083 0.679529 0.000219 0.047984 0.000272 0.000203 0.000205 0.002136 0.000140 0.000289 0.003848 0.000201 0.000972 0.001789 0.001493 0.000239 0.001672 0.002827 0.001764 0.004759 0.003563 0.001756 0.000349 0.000216 0.000573 0.058744 0.000242 0.003505 0.000857 0.002360
0.249384 0.000329 0.000041 0.555473 0.000467 0.175886 0.000092 0.000079 0.000426 0.000262 0.000545 0.000089 0.010183 0.000103 0.000245 0.000087 0.000165 0.000125 0.000238 0.000819 0.000112 0.000793 0.000146 0.000372 0.000202 0.000189 0.000494 0.001358 0.000057 0.000238 0.000262 0.000738
0.527409 0.000018 0.000004 0.467132 0.000118 0.002561 0.000014 0.000005 0.000049 0.000065 0.000045 0.000006 0.000211 0.000007 0.000036 0.000007 0.000052 0.000019 0.000014 0.000412 0.000031 0.001138 0.000037 0.000043 0.000034 0.000014 0.000025 0.000230 0.000005 0.000094 0.000080 0.000082
0.554256 0.001493 0.000646 0.314588 0.005858 0.052471 0.001113 0.000907 0.003697 0.002993 0.003415 0.001009 0.004947 0.000798 0.003158 0.000944 0.001986 0.000824 0.001696 0.008706 0.001262 0.004422 0.002266 0.005388 0.000877 0.001288 0.001942 0.006823 0.001064 0.002512 0.002583 0.004066
0.731098 0.000430 0.000077 0.213814 0.001136 0.011524 0.000073 0.000078 0.000957 0.000811 0.000970 0.000073 0.001537 0.000167 0.001101 0.000076 0.000501 0.000218 0.000286 0.003730 0.000328 0.027186 0.000056 0.000387 0.000515 0.000042 0.000256 0.000586 0.000059 0.001054 0.000396 0.000476
0.779013 0.000044 0.000107 0.185620 0.000260 0.031255 0.000025 0.000011 0.000024 0.000081 0.000465 0.000009 0.000859 0.000042 0.000037 0.000015 0.000082 0.000166 0.000031 0.000071 0.000087 0.000256 0.000033 0.000068 0.000112 0.000094 0.000153 0.000070 0.000028 0.000116 0.000695 0.000071
0.709523 0.000080 0.000039 0.174284 0.000545 0.097813 0.000042 0.000046 0.000203 0.000245 0.000528 0.000026 0.010134 0.000046 0.000331 0.000030 0.000147 0.000082 0.000163 0.001610 0.000136 0.001572 0.000073 0.000308 0.000247 0.000054 0.000208 0.000477 0.000046 0.000299 0.000198 0.000465
0.789367 0.000149 0.000659 0.163667 0.006134 0.014213 0.000314 0.000422 0.001934 0.001500 0.003266 0.000520 0.001716 0.000189 0.001764 0.000232 0.000765 0.000469 0.001025 0.002690 0.000517 0.001357 0.000730 0.002030 0.000322 0.000163 0.000433 0.000647 0.000206 0.000796 0.000446 0.001357
0.871936 0.000017 0.000005 0.110899 0.000040 0.014574 0.000020 0.000008 0.000028 0.000087 0.000089 0.000010 0.000540 0.000009 0.000030 0.000011 0.000083 0.000025 0.000015 0.000394 0.000044 0.000295 0.000035 0.000057 0.000037 0.000033 0.000054 0.000351 0.000007 0.000129 0.000056 0.000080
0.879706 0.000079 0.000009 0.106821 0.001245 0.001018 0.000079 0.000051 0.000491 0.001227 0.000122 0.000084 0.000186 0.000030 0.000413 0.000063 0.000227 0.000060 0.000070 0.002440 0.000084 0.001459 0.000525 0.000465 0.000082 0.000052 0.000078 0.002027 0.000025 0.000233 0.000084 0.000466
0.864375 0.000161 0.000347 0.104600 0.003364 0.003016 0.000058 0.000047 0.001146 0.000314 0.000548 0.000053 0.000569 0.000094 0.000455 0.000023 0.000279 0.000147 0.000058 0.001997 0.000231 0.015460 0.000057 0.000219 0.000218 0.000054 0.000181 0.000463 0.000038 0.000464 0.000782 0.000180
0.730098 0.001934 0.001478 0.103790 0.004965 0.021217 0.001261 0.001069 0.000491 0.005609 0.005200 0.001391 0.008929 0.001029 0.006751 0.001124 0.005633 0.001463 0.002490 0.017817 0.007998 0.012452 0.002988 0.004232 0.001612 0.006959 0.002408 0.010364 0.008688 0.006858 0.007135 0.004565
0.263187 0.009756 0.002695 0.005825 0.339744 0.003472 0.004980 0.004184 0.011469 0.057815 0.010212 0.004862 0.004067 0.006873 0.033694 0.004251 0.030710 0.002023 0.005516 0.026931 0.006595 0.022494 0.014355 0.026038 0.004246 0.003874 0.006942 0.029433 0.016076 0.017538 0.010496 0.009645
0.157510 0.000053 0.000018 0.001852 0.000179 0.827935 0.000004 0.000004 0.000044 0.000023 0.001293 0.000002 0.010651 0.000008 0.000005 0.000003 0.000006 0.000013 0.000011 0.000037 0.000006 0.000065 0.000018 0.000020 0.000011 0.000009 0.000110 0.000043 0.000016 0.000006 0.000021 0.000025
0.060626 0.000107 0.000034 0.200716 0.000264 0.728109 0.000046 0.000019 0.000090 0.000033 0.001251 0.000015 0.006722 0.000036 0.000025 0.000030 0.000034 0.000057 0.000048 0.000088 0.000043 0.000109 0.000090 0.000045 0.000087 0.000130 0.000362 0.000454 0.000065 0.000034 0.000131 0.000102
0.442830 0.000015 0.000010 0.034698 0.000871 0.507842 0.000004 0.000003 0.000027 0.000011 0.001380 0.000002 0.011706 0.000004 0.000010 0.000002 0.000008 0.000010 0.000007 0.000083 0.000006 0.000093 0.000026 0.000023 0.000019 0.000016 0.000142 0.000044 0.000016 0.000009 0.000050 0.000033
0.417599 0.000875 0.000115 0.261627 0.001724 0.275468 0.000224 0.000156 0.001639 0.000346 0.005268 0.000167 0.024565 0.000170 0.000307 0.000162 0.000221 0.000240 0.000481 0.001157 0.000170 0.001162 0.000414 0.000616 0.000417 0.000331 0.001226 0.001243 0.000176 0.000248 0.000396 0.001092
0.776858 0.000042 0.000002 0.011752 0.000009 0.209656 0.000004 0.000002 0.000011 0.000011 0.000630 0.000001 0.000743 0.000003 0.000001 0.000002 0.000003 0.000018 0.000002 0.000025 0.000005 0.000035 0.000010 0.000004 0.000014 0.000011 0.000031 0.000008 0.000007 0.000005 0.000089 0.000007
0.685517 0.000937 0.000338 0.065833 0.001395 0.203981 0.000293 0.000373 0.001552 0.001193 0.002969 0.000362 0.003537 0.000251 0.000532 0.000326 0.000969 0.000581 0.000861 0.003103 0.000554 0.005208 0.000412 0.000890 0.000315 0.000355 0.001814 0.011983 0.000174 0.000819 0.000833 0.001738
0.604140 0.005170 0.000868 0.002262 0.023127 0.001412 0.001920 0.002242 0.017152 0.120695 0.007121 0.003106 0.001595 0.002828 0.011304 0.002954 0.009788 0.001264 0.005627 0.040455 0.003773 0.051143 0.003491 0.012246 0.002742 0.000781 0.002309 0.033139 0.002651 0.011132 0.004657 0.006905
0.236984 0.007787 0.004972 0.016147 0.036304 0.029201 0.012501 0.004674 0.010448 0.043760 0.025158 0.004172 0.004202 0.009372 0.027185 0.003298 0.014838 0.007916 0.010819 0.149833 0.015117 0.084947 0.004000 0.009172 0.008489 0.017771 0.004038 0.031906 0.017673 0.028524 0.106753 0.012039
0.469079 0.000656 0.000586 0.006341 0.003726 0.003587 0.001240 0.000629 0.009029 0.011798 0.002295 0.000606 0.002117 0.001224 0.004212 0.000260 0.003849 0.003397 0.001035 0.137929 0.003382 0.269753 0.000703 0.002638 0.001883 0.001266 0.001644 0.019035 0.000635 0.009147 0.022269 0.004053
0.317986 0.000722 0.000492 0.006675 0.002040 0.003649 0.000911 0.000451 0.004290 0.011544 0.001156 0.000538 0.001720 0.001292 0.003935 0.000284 0.002517 0.002157 0.000844 0.113672 0.003261 0.474652 0.000612 0.001802 0.001389 0.000744 0.000752 0.014623 0.000521 0.008115 0.013663 0.002990
0.276214 0.000491 0.000076 0.013038 0.003185 0.000670 0.000314 0.000150 0.002231 0.004829 0.000756 0.000233 0.000278 0.000428 0.002034 0.000142 0.002025 0.000593 0.000655 0.025979 0.001426 0.644404 0.000293 0.001318 0.000447 0.000170 0.000561 0.006541 0.000146 0.006204 0.002630 0.001539
0.317986 0.000722 0.000492 0.006675 0.002040 0.003649 0.000911 0.000451 0.004290 0.011544 0.001156 0.000538 0.001720 0.001292 0.003935 0.000284 0.002517 0.002157 0.000844 0.113672 0.003261 0.474652 0.000612 0.001802 0.001389 0.000744 0.000752 0.014623 0.000521 0.008115 0.013663 0.002990
0.532525 0.001085 0.000214 0.060824 0.005927 0.002691 0.000348 0.000240 0.007836 0.003519 0.001638 0.000304 0.001592 0.000649 0.001978 0.000209 0.002046 0.000807 0.000940 0.018973 0.001077 0.337991 0.000486 0.001436 0.001040 0.000161 0.000921 0.004497 0.000148 0.004142 0.001685 0.002072
0.469079 0.000656 0.000586 0.006341 0.003726 0.003587 0.001240 0.000629 0.009029 0.011798 0.002295 0.000606 0.002117 0.001224 0.004212 0.000260 0.003849 0.003397 0.001035 0.137929 0.003382 0.269753 0.000703 0.002638 0.001883 0.001266 0.001644 0.019035 0.000635 0.009147 0.022269 0.004053
0.746863 0.000189 0.000082 0.006563 0.000820 0.000588 0.000174 0.000073 0.003772 0.001835 0.000350 0.000105 0.000823 0.000218 0.000503 0.000034 0.000648 0.000493 0.000191 0.030715 0.000337 0.197214 0.000150 0.000644 0.000345 0.000094 0.000255 0.002655 0.000052 0.001417 0.001121 0.000675
0.698795 0.000161 0.000083 0.004012 0.000737 0.000814 0.000305 0.000123 0.005373 0.003536 0.000504 0.000202 0.000667 0.000177 0.000829 0.000054 0.000895 0.000638 0.000278 0.069066 0.000666 0.195853 0.000187 0.001086 0.000392 0.000165 0.000318 0.007253 0.000060 0.002516 0.003129 0.001123
0.781167 0.000093 0.000052 0.006047 0.000500 0.000416 0.000110 0.000045 0.004003 0.001186 0.000239 0.000071 0.000551 0.000108 0.000345 0.000022 0.000520 0.000289 0.000165 0.028969 0.000281 0.169234 0.000081 0.000469 0.000276 0.000070 0.000221 0.002092 0.000026 0.001109 0.000663 0.000581
0.791395 0.000575 0.000363 0.036415 0.001347 0.003532 0.000214 0.000135 0.003612 0.001037 0.001531 0.000159 0.001117 0.000254 0.000699 0.000060 0.000546 0.000517 0.000177 0.015104 0.000629 0.131016 0.000193 0.000542 0.000717 0.000203 0.000547 0.001727 0.000127 0.001245 0.003606 0.000660
0.833864 0.000061 0.000031 0.002591 0.000560 0.000347 0.000148 0.000054 0.004660 0.001957 0.000253 0.000109 0.000346 0.000055 0.000336 0.000024 0.000491 0.000192 0.000126 0.042083 0.000242 0.101612 0.000164 0.000704 0.000168 0.000086 0.000205 0.005497 0.000023 0.001053 0.001234 0.000723
0.806150 0.000192 0.000004 0.000227 0.005527 0.000009 0.000210 0.000113 0.000168 0.000429 0.000313 0.000393 0.000005 0.000005 0.000024 0.000054 0.000046 0.000033 0.000015 0.000151 0.000017 0.000056 0.184890 0.000064 0.000003 0.000119 0.000115 0.000403 0.000153 0.000021 0.000063 0.000027
0.742373 0.001819 0.001015 0.003657 0.001518 0.003756 0.003444 0.001211 0.001424 0.040966 0.001065 0.004014 0.000488 0.001972 0.009214 0.002061 0.005276 0.001188 0.000810 0.030006 0.006019 0.006079 0.005206 0.002837 0.002614 0.002353 0.001030 0.100807 0.001380 0.006941 0.005610 0.001850
0.236984 0.007787 0.004972 0.016147 0.036304 0.029201 0.012501 0.004674 0.010448 0.043760 0.025158 0.004172 0.004202 0.009372 0.027185 0.003298 0.014838 0.007916 0.010819 0.149833 0.015117 0.084947 0.004000 0.009172 0.008489 0.017771 0.004038 0.031906 0.017673 0.028524 0.106753 0.012039
