cabinet 8 40 81 149 0.226547 0.507212
cabinet 56 40 336 266 0.146935 0.807860
chair 0 249 110 405 0.231136 0.511690
sofa 510 99 725 465 0.969147 0.028292
sofa 0 283 164 527 0.653338 0.170599
sofa 4 248 105 409 0.163512 0.605449
sofa 724 231 729 234 0.140719 0.300697
sofa 648 282 727 373 0.127194 0.827585
sofa 0 349 66 392 0.109497 0.764653
table 407 139 594 237 0.111142 0.831119
picture 685 1 729 24 0.679459 0.290292
picture 99 1 141 16 0.594577 0.295236
picture 100 2 174 33 0.45516 0.311225
picture 687 1 692 11 0.193736 0.790220
picture 706 132 729 214 0.123524 0.541188
pillow 626 89 725 269 0.858742 0.111682
pillow 674 220 724 275 0.545935 0.447766
pillow 554 214 714 286 0.51605 0.478588
pillow 649 166 711 227 0.417648 0.551060
pillow 720 257 729 270 0.319714 0.293787
pillow 626 160 686 202 0.296671 0.695116
pillow 654 182 676 201 0.268818 0.723548
pillow 709 235 728 270 0.267083 0.619039
pillow 652 194 674 223 0.216125 0.779161
pillow 655 169 689 192 0.21496 0.748702
pillow 643 169 660 203 0.207458 0.780882
pillow 634 161 645 193 0.201905 0.790513
pillow 688 223 692 225 0.177447 0.813752
pillow 701 239 704 242 0.175466 0.807539
pillow 641 178 645 193 0.168743 0.829269
pillow 719 141 723 143 0.155124 0.714386
pillow 710 136 723 143 0.150076 0.684553
pillow 5 268 96 377 0.147336 0.618486
pillow 675 222 688 230 0.146689 0.846327
pillow 698 205 728 233 0.132381 0.586655
pillow 697 133 729 237 0.129525 0.531835
pillow 656 108 729 139 0.127906 0.553755
pillow 706 142 715 149 0.123116 0.726482
clothes 630 101 725 181 0.152492 0.416305
clothes 657 109 727 138 0.104735 0.553755
paper 629 150 639 170 0.244804 0.617637
paper 634 163 642 176 0.223848 0.677393
paper 723 457 729 462 0.153606 0.138658
paper 719 449 729 458 0.141978 0.175867
paper 508 24 511 36 0.124949 0.628785
paper 101 0 174 35 0.124605 0.311225
paper 30 193 42 218 0.121834 0.465480
paper 675 414 729 461 0.119503 0.370420
paper 519 29 529 40 0.106882 0.639291
paper 692 432 694 435 0.105338 0.500218
paper 692 425 698 438 0.101396 0.529562
box 1 4 39 46 0.244929 0.690826
box 25 4 213 42 0.229039 0.574229
box 254 27 260 45 0.171743 0.658291
box 3 34 69 93 0.158574 0.614862
box 106 29 171 45 0.145811 0.687515
box 23 1 27 10 0.131131 0.757839
box 174 4 231 35 0.130618 0.749363
box 161 3 194 33 0.116833 0.769542
box 168 29 173 34 0.104473 0.786238
box 722 457 729 462 0.103909 0.138658
box 30 191 43 218 0.100938 0.465480
person 725 231 729 235 0.11685 0.300697
lamp 549 72 601 137 0.882237 0.117609
lamp 555 84 574 108 0.736516 0.263435
lamp 550 76 575 87 0.615657 0.384290
lamp 571 81 602 107 0.508988 0.489375
lamp 567 77 583 87 0.397195 0.602772
lamp 536 0 700 149 0.187185 0.811431
bag 630 92 729 184 0.173368 0.362191
garbage_bin 435 220 437 225 0.171839 0.788975
garbage_bin 710 443 729 462 0.106662 0.274370
