0.635500 0.001779 0.002806 0.165344 0.019085 0.031951 0.002412 0.002005 0.006707 0.005540 0.007229 0.001249 0.009121 0.002001 0.009070 0.001500 0.006773 0.002369 0.002749 0.014182 0.004405 0.017060 0.001758 0.006440 0.002956 0.002490 0.006596 0.005351 0.002171 0.007141 0.008007 0.006252
0.744728 0.000184 0.000496 0.156622 0.075353 0.001568 0.000146 0.000133 0.000434 0.000503 0.000730 0.000140 0.000566 0.000207 0.006618 0.000117 0.000974 0.000185 0.000187 0.001816 0.000534 0.002002 0.000320 0.000627 0.000474 0.000337 0.000735 0.000700 0.000243 0.000909 0.000752 0.000660
0.793890 0.000115 0.000303 0.129723 0.062801 0.002567 0.000186 0.000101 0.000271 0.000163 0.000852 0.000083 0.000288 0.000135 0.001797 0.000042 0.000942 0.000300 0.000092 0.000568 0.000241 0.000593 0.000107 0.000306 0.000258 0.000185 0.000258 0.000314 0.000086 0.000419 0.001796 0.000215
0.784848 0.000798 0.001225 0.116191 0.019450 0.009377 0.000595 0.000573 0.002277 0.001500 0.002999 0.000578 0.002589 0.000535 0.016989 0.000379 0.006358 0.000641 0.000409 0.004515 0.002883 0.007340 0.000364 0.001435 0.000988 0.000482 0.002242 0.002358 0.000433 0.004476 0.002782 0.001392
0.012757 0.000015 0.003468 0.003946 0.977358 0.000375 0.000010 0.000006 0.000094 0.000007 0.001106 0.000004 0.000170 0.000017 0.000074 0.000004 0.000019 0.000012 0.000016 0.000009 0.000030 0.000027 0.000006 0.000015 0.000020 0.000055 0.000255 0.000007 0.000056 0.000009 0.000041 0.000012
0.023832 0.000005 0.000041 0.000528 0.975282 0.000065 0.000003 0.000002 0.000021 0.000002 0.000088 0.000001 0.000006 0.000002 0.000043 0.000001 0.000006 0.000002 0.000001 0.000001 0.000003 0.000002 0.000003 0.000005 0.000002 0.000006 0.000024 0.000002 0.000005 0.000002 0.000011 0.000002
0.064474 0.000099 0.000139 0.003142 0.926709 0.001131 0.000042 0.000028 0.000494 0.000034 0.001400 0.000019 0.000652 0.000043 0.000193 0.000008 0.000127 0.000033 0.000028 0.000054 0.000044 0.000058 0.000036 0.000069 0.000069 0.000082 0.000343 0.000045 0.000063 0.000045 0.000245 0.000048
0.347071 0.001060 0.003049 0.007490 0.416096 0.010560 0.003873 0.001530 0.006776 0.013543 0.007049 0.000944 0.001543 0.002740 0.049989 0.001901 0.011416 0.002089 0.005655 0.020407 0.007318 0.013998 0.001844 0.005430 0.003532 0.004584 0.002462 0.005398 0.012725 0.011625 0.013002 0.003301
0.586918 0.000136 0.000573 0.021604 0.382624 0.002215 0.000042 0.000026 0.000347 0.000074 0.001334 0.000024 0.000825 0.000066 0.000779 0.000027 0.000268 0.000029 0.000058 0.000168 0.000089 0.000198 0.000057 0.000145 0.000151 0.000084 0.000483 0.000138 0.000067 0.000109 0.000194 0.000148
0.801091 0.000281 0.000398 0.000810 0.191273 0.001293 0.000059 0.000024 0.000972 0.000037 0.001828 0.000035 0.000485 0.000055 0.000123 0.000012 0.000093 0.000036 0.000014 0.000040 0.000019 0.000023 0.000050 0.000032 0.000077 0.000107 0.000441 0.000032 0.000073 0.000015 0.000147 0.000024
0.796627 0.000197 0.000077 0.007657 0.178868 0.004550 0.000079 0.000041 0.000727 0.000105 0.003651 0.000025 0.002041 0.000158 0.000577 0.000008 0.000449 0.000045 0.000090 0.000756 0.000143 0.000196 0.000034 0.000106 0.000556 0.000253 0.000495 0.000116 0.000100 0.000161 0.001017 0.000097
0.778848 0.000428 0.000477 0.009831 0.170960 0.000392 0.000413 0.000218 0.001583 0.001183 0.002062 0.000179 0.000084 0.000271 0.020399 0.000159 0.002015 0.000383 0.000324 0.000769 0.000941 0.001331 0.000161 0.000357 0.000237 0.000321 0.000258 0.000856 0.000226 0.001596 0.002448 0.000291
0.835853 0.000002 0.000005 0.000789 0.162954 0.000112 0.000001 0.000001 0.000005 0.000004 0.000058 0.000000 0.000005 0.000001 0.000091 0.000000 0.000015 0.000001 0.000001 0.000014 0.000006 0.000003 0.000000 0.000006 0.000004 0.000004 0.000007 0.000002 0.000005 0.000007 0.000041 0.000001
0.798905 0.000210 0.001055 0.033129 0.141994 0.002315 0.000136 0.000142 0.000436 0.000515 0.000805 0.000124 0.001105 0.000298 0.008283 0.000081 0.000910 0.000156 0.000177 0.001550 0.000504 0.001886 0.000201 0.000527 0.000755 0.000376 0.000580 0.000471 0.000284 0.000717 0.000895 0.000476
0.747646 0.000192 0.000351 0.008354 0.138513 0.000246 0.000203 0.000122 0.000534 0.001223 0.001038 0.000083 0.000063 0.000201 0.083165 0.000089 0.002918 0.000164 0.000240 0.001037 0.001615 0.003493 0.000064 0.000359 0.000266 0.000166 0.000288 0.000874 0.000171 0.003453 0.002516 0.000353
0.788814 0.000093 0.000282 0.089924 0.112608 0.001980 0.000136 0.000070 0.000212 0.000097 0.000698 0.000057 0.000164 0.000085 0.001144 0.000025 0.000553 0.000180 0.000045 0.000280 0.000132 0.000201 0.000076 0.000168 0.000174 0.000125 0.000165 0.000143 0.000061 0.000205 0.000997 0.000106
0.763140 0.000877 0.001036 0.012637 0.105693 0.003721 0.000507 0.000532 0.001675 0.002174 0.003675 0.000458 0.000717 0.000522 0.073959 0.000323 0.006304 0.000265 0.000359 0.002077 0.001831 0.002999 0.000493 0.001508 0.000799 0.000273 0.001188 0.002610 0.000491 0.003500 0.002805 0.000856
0.793403 0.000246 0.000048 0.006022 0.000527 0.191007 0.000045 0.000018 0.000146 0.000113 0.001848 0.000009 0.002751 0.000061 0.000086 0.000024 0.000108 0.000091 0.000039 0.000347 0.000108 0.001005 0.000033 0.000022 0.000346 0.000068 0.000809 0.000106 0.000129 0.000060 0.000299 0.000076
0.386846 0.018637 0.001286 0.024574 0.020705 0.011085 0.004735 0.003527 0.028608 0.105401 0.005711 0.004359 0.001790 0.013433 0.013318 0.003104 0.015437 0.002229 0.006332 0.044968 0.004941 0.137784 0.003261 0.015341 0.008768 0.001950 0.001099 0.038144 0.002026 0.035669 0.022616 0.012315
0.749936 0.002279 0.000106 0.000299 0.004864 0.000202 0.001103 0.000899 0.003153 0.005392 0.181609 0.000460 0.000010 0.000197 0.002148 0.000149 0.000720 0.000293 0.000410 0.024821 0.001756 0.004787 0.000228 0.001133 0.000302 0.000425 0.003066 0.000744 0.000398 0.001012 0.006205 0.000891
0.523874 0.001250 0.003374 0.002556 0.002337 0.000816 0.013101 0.005375 0.001624 0.020193 0.004576 0.268118 0.000170 0.000756 0.008458 0.001536 0.017461 0.001134 0.001144 0.029818 0.018287 0.017229 0.004680 0.008819 0.001607 0.002405 0.002528 0.013540 0.001207 0.015129 0.004515 0.002385
0.581243 0.003213 0.001584 0.001735 0.000953 0.000261 0.017304 0.005442 0.023737 0.017874 0.001426 0.229739 0.000056 0.000332 0.002865 0.004340 0.021960 0.000600 0.003316 0.013279 0.006585 0.022053 0.003090 0.003070 0.000896 0.001706 0.001437 0.019400 0.000326 0.005860 0.002283 0.002037
0.652110 0.002520 0.001084 0.001240 0.038113 0.000600 0.000782 0.000578 0.001708 0.002378 0.003155 0.000523 0.000098 0.001129 0.274540 0.000246 0.003820 0.000182 0.000339 0.001414 0.000742 0.001334 0.000265 0.000538 0.001972 0.000487 0.000848 0.001072 0.000402 0.002595 0.002411 0.000777
0.715931 0.000157 0.000183 0.000171 0.002195 0.000048 0.000063 0.000054 0.000109 0.000932 0.000581 0.000050 0.000007 0.000160 0.270746 0.000030 0.001628 0.000024 0.000047 0.000668 0.000517 0.001498 0.000047 0.000104 0.000452 0.000073 0.000211 0.000512 0.000066 0.001548 0.001009 0.000180
0.741382 0.000083 0.000530 0.000880 0.001547 0.000157 0.000150 0.000126 0.000185 0.001454 0.000574 0.000116 0.000051 0.000181 0.196179 0.000107 0.005161 0.000093 0.000126 0.010413 0.012021 0.010102 0.000058 0.000355 0.000779 0.000288 0.003337 0.001576 0.000249 0.009622 0.001275 0.000840
0.807512 0.000029 0.000162 0.000048 0.000415 0.000029 0.000110 0.000086 0.000116 0.000861 0.000251 0.000098 0.000003 0.000033 0.163716 0.000087 0.003855 0.000023 0.000031 0.005715 0.007932 0.001753 0.000019 0.000182 0.000138 0.000093 0.000943 0.000547 0.000199 0.004147 0.000715 0.000149
0.832732 0.000029 0.000810 0.000209 0.001489 0.000028 0.000091 0.000092 0.000081 0.001476 0.000079 0.000112 0.000005 0.000135 0.149522 0.000078 0.001108 0.000014 0.000041 0.006509 0.000713 0.000736 0.000026 0.000341 0.000432 0.000070 0.000074 0.001144 0.000048 0.001348 0.000267 0.000162
0.849042 0.000091 0.001010 0.000761 0.002437 0.000192 0.000083 0.000055 0.000098 0.000281 0.000239 0.000065 0.000012 0.000116 0.138741 0.000021 0.002892 0.000025 0.000018 0.000748 0.000154 0.000506 0.000017 0.000117 0.000430 0.000104 0.000106 0.000177 0.000031 0.000929 0.000398 0.000102
0.856272 0.000009 0.000170 0.000024 0.000689 0.000027 0.000025 0.000017 0.000027 0.000196 0.000075 0.000023 0.000002 0.000034 0.137159 0.000006 0.000773 0.000003 0.000006 0.002578 0.000264 0.000396 0.000005 0.000040 0.000242 0.000027 0.000040 0.000165 0.000014 0.000564 0.000087 0.000041
0.864318 0.000153 0.000353 0.002371 0.003595 0.000081 0.000079 0.000056 0.000086 0.000225 0.000208 0.000092 0.000009 0.000095 0.123482 0.000031 0.002043 0.000027 0.000020 0.000322 0.000160 0.000314 0.000023 0.000062 0.000315 0.000070 0.000107 0.000235 0.000022 0.000625 0.000326 0.000097
0.437144 0.000323 0.000345 0.015149 0.003382 0.002576 0.001143 0.001275 0.001204 0.020153 0.003777 0.001073 0.000563 0.000736 0.008605 0.002655 0.006432 0.002875 0.008120 0.232043 0.022533 0.102571 0.002587 0.002708 0.001922 0.002979 0.025828 0.022189 0.004336 0.031708 0.007103 0.023963
0.445122 0.000718 0.001639 0.003373 0.004217 0.001446 0.005444 0.003519 0.002566 0.077083 0.007920 0.010884 0.000157 0.001191 0.025698 0.002597 0.023507 0.001658 0.002304 0.197864 0.031503 0.049682 0.004146 0.020721 0.002178 0.002631 0.003207 0.013384 0.002280 0.034775 0.008649 0.007940
0.654813 0.000103 0.000357 0.017681 0.001861 0.001867 0.000589 0.000694 0.000355 0.007148 0.002169 0.000538 0.000286 0.000303 0.003196 0.000685 0.002790 0.001713 0.002046 0.188432 0.008086 0.044634 0.001767 0.001018 0.001121 0.002076 0.015492 0.012884 0.002690 0.011306 0.002939 0.008361
0.614557 0.000499 0.000692 0.002474 0.003136 0.001207 0.002479 0.001996 0.002533 0.048736 0.003599 0.003936 0.000142 0.000766 0.015525 0.001159 0.009170 0.001278 0.001599 0.158476 0.014069 0.040157 0.002231 0.007280 0.001002 0.000787 0.000899 0.010227 0.000963 0.032148 0.010249 0.006027
0.564612 0.001287 0.000405 0.000319 0.000443 0.000100 0.001598 0.000920 0.016306 0.047138 0.001256 0.000683 0.000005 0.000162 0.004187 0.008655 0.005153 0.000938 0.001069 0.131732 0.006871 0.171494 0.000203 0.002393 0.000393 0.000880 0.003726 0.016073 0.000493 0.005407 0.001673 0.003425
0.727122 0.001664 0.000243 0.000120 0.000269 0.000069 0.001360 0.000605 0.009484 0.024125 0.002029 0.000835 0.000006 0.000136 0.002885 0.003144 0.002999 0.000340 0.000469 0.129024 0.005453 0.063350 0.000141 0.001116 0.000460 0.000724 0.003825 0.011245 0.000387 0.003616 0.001301 0.001455
0.485829 0.006370 0.004337 0.006322 0.009789 0.006467 0.013206 0.007968 0.007579 0.063674 0.016985 0.025346 0.000500 0.004240 0.025770 0.006165 0.014184 0.004791 0.005126 0.127378 0.013102 0.033830 0.002760 0.017382 0.005770 0.006716 0.003672 0.013015 0.002852 0.029570 0.019833 0.009471
0.391966 0.000888 0.000373 0.016311 0.003108 0.002707 0.000843 0.000994 0.001444 0.011605 0.007730 0.000965 0.001338 0.000877 0.007359 0.001939 0.005467 0.003889 0.009862 0.126828 0.015481 0.251404 0.002691 0.003466 0.002392 0.002952 0.036249 0.019461 0.002912 0.019298 0.008654 0.038546
0.691367 0.001168 0.000176 0.000074 0.000241 0.000032 0.002467 0.000954 0.004568 0.052211 0.001288 0.002878 0.000005 0.000106 0.004572 0.005107 0.005956 0.000392 0.000830 0.126724 0.010742 0.056422 0.000258 0.001840 0.000473 0.000893 0.003091 0.013249 0.000438 0.008040 0.001443 0.001995
0.466321 0.002219 0.000199 0.009550 0.000399 0.001377 0.001649 0.000844 0.004805 0.011259 0.005705 0.000824 0.000844 0.000933 0.002091 0.001560 0.003567 0.004690 0.001864 0.121416 0.008513 0.278388 0.000984 0.002833 0.001505 0.001648 0.004670 0.032958 0.000753 0.008026 0.008331 0.009274
0.452264 0.001670 0.000633 0.016983 0.002032 0.004578 0.001544 0.003008 0.003276 0.015417 0.006062 0.001859 0.001693 0.001224 0.005263 0.003425 0.004923 0.008995 0.017132 0.120921 0.011342 0.196488 0.002761 0.004687 0.003288 0.002680 0.019701 0.023985 0.002688 0.014933 0.004476 0.040068
0.733500 0.000241 0.000083 0.002315 0.000198 0.000845 0.000152 0.000113 0.001159 0.002878 0.002064 0.000089 0.001716 0.000155 0.000575 0.000217 0.001256 0.000634 0.001112 0.115383 0.001658 0.117551 0.000739 0.000347 0.000560 0.000115 0.001116 0.003284 0.000111 0.001678 0.000983 0.007170
0.835530 0.000002 0.000107 0.000041 0.000005 0.000007 0.000018 0.000007 0.000013 0.000292 0.000028 0.000005 0.000004 0.000034 0.005785 0.000006 0.017505 0.000013 0.000004 0.108030 0.010031 0.007575 0.000006 0.000028 0.000124 0.000017 0.000048 0.000101 0.000014 0.013774 0.000780 0.000066
0.466321 0.002219 0.000199 0.009550 0.000399 0.001377 0.001649 0.000844 0.004805 0.011259 0.005705 0.000824 0.000844 0.000933 0.002091 0.001560 0.003567 0.004690 0.001864 0.121416 0.008513 0.278388 0.000984 0.002833 0.001505 0.001648 0.004670 0.032958 0.000753 0.008026 0.008331 0.009274
0.391966 0.000888 0.000373 0.016311 0.003108 0.002707 0.000843 0.000994 0.001444 0.011605 0.007730 0.000965 0.001338 0.000877 0.007359 0.001939 0.005467 0.003889 0.009862 0.126828 0.015481 0.251404 0.002691 0.003466 0.002392 0.002952 0.036249 0.019461 0.002912 0.019298 0.008654 0.038546
0.452264 0.001670 0.000633 0.016983 0.002032 0.004578 0.001544 0.003008 0.003276 0.015417 0.006062 0.001859 0.001693 0.001224 0.005263 0.003425 0.004923 0.008995 0.017132 0.120921 0.011342 0.196488 0.002761 0.004687 0.003288 0.002680 0.019701 0.023985 0.002688 0.014933 0.004476 0.040068
0.626276 0.000844 0.000259 0.020767 0.005965 0.000981 0.000883 0.000882 0.004355 0.013070 0.003914 0.001238 0.001763 0.000393 0.004232 0.001160 0.009662 0.001788 0.005886 0.052677 0.008532 0.182400 0.001996 0.007354 0.000752 0.000600 0.004405 0.008450 0.000865 0.013696 0.005334 0.008620
0.564612 0.001287 0.000405 0.000319 0.000443 0.000100 0.001598 0.000920 0.016306 0.047138 0.001256 0.000683 0.000005 0.000162 0.004187 0.008655 0.005153 0.000938 0.001069 0.131732 0.006871 0.171494 0.000203 0.002393 0.000393 0.000880 0.003726 0.016073 0.000493 0.005407 0.001673 0.003425
0.615482 0.003084 0.000665 0.026769 0.004301 0.004026 0.002007 0.002512 0.022349 0.018202 0.004526 0.002436 0.002440 0.000645 0.003944 0.004210 0.008161 0.004180 0.012443 0.042175 0.007536 0.151278 0.005192 0.005180 0.001080 0.001266 0.008713 0.009073 0.001500 0.010415 0.002847 0.011364
0.386846 0.018637 0.001286 0.024574 0.020705 0.011085 0.004735 0.003527 0.028608 0.105401 0.005711 0.004359 0.001790 0.013433 0.013318 0.003104 0.015437 0.002229 0.006332 0.044968 0.004941 0.137784 0.003261 0.015341 0.008768 0.001950 0.001099 0.038144 0.002026 0.035669 0.022616 0.012315
0.705997 0.000800 0.000146 0.056029 0.001860 0.002161 0.000616 0.000837 0.004561 0.007794 0.001528 0.000893 0.001115 0.000209 0.004294 0.001401 0.005553 0.000949 0.006719 0.030357 0.005065 0.128131 0.001556 0.002325 0.000723 0.000386 0.004004 0.006282 0.000340 0.008360 0.001639 0.007371
0.733500 0.000241 0.000083 0.002315 0.000198 0.000845 0.000152 0.000113 0.001159 0.002878 0.002064 0.000089 0.001716 0.000155 0.000575 0.000217 0.001256 0.000634 0.001112 0.115383 0.001658 0.117551 0.000739 0.000347 0.000560 0.000115 0.001116 0.003284 0.000111 0.001678 0.000983 0.007170
0.584187 0.003391 0.000425 0.000606 0.001274 0.000208 0.003265 0.001948 0.020567 0.067501 0.002587 0.003335 0.000021 0.000276 0.005178 0.013310 0.007265 0.000965 0.002931 0.105079 0.008386 0.115568 0.001098 0.003806 0.000807 0.001463 0.007037 0.021419 0.001037 0.007504 0.002274 0.005283
0.152168 0.017415 0.010258 0.009074 0.053264 0.008806 0.012434 0.005377 0.005660 0.062519 0.033460 0.004887 0.002133 0.012738 0.046172 0.004207 0.012256 0.014774 0.007797 0.074711 0.023277 0.108684 0.013091 0.019413 0.009157 0.022781 0.007315 0.034509 0.046544 0.032723 0.121456 0.010940
0.746821 0.001341 0.000389 0.004080 0.005261 0.000665 0.000791 0.000646 0.018327 0.019305 0.005467 0.000664 0.000299 0.000612 0.005252 0.001026 0.004177 0.000773 0.000977 0.044247 0.004888 0.104952 0.000664 0.003111 0.000903 0.000474 0.002944 0.005843 0.000658 0.007225 0.004466 0.002750
0.437144 0.000323 0.000345 0.015149 0.003382 0.002576 0.001143 0.001275 0.001204 0.020153 0.003777 0.001073 0.000563 0.000736 0.008605 0.002655 0.006432 0.002875 0.008120 0.232043 0.022533 0.102571 0.002587 0.002708 0.001922 0.002979 0.025828 0.022189 0.004336 0.031708 0.007103 0.023963
0.527921 0.001007 0.000269 0.002878 0.000602 0.001869 0.002384 0.001155 0.001310 0.034263 0.000374 0.010966 0.000138 0.000570 0.005418 0.001472 0.003857 0.001174 0.000703 0.043606 0.002990 0.015257 0.003015 0.005967 0.000815 0.000695 0.000230 0.318259 0.000281 0.006007 0.003028 0.001521
0.655792 0.000008 0.000024 0.000051 0.000042 0.000046 0.000018 0.000004 0.000007 0.000027 0.000272 0.000002 0.000002 0.000037 0.000128 0.000003 0.000729 0.000163 0.000011 0.001383 0.000941 0.003205 0.000001 0.000013 0.000144 0.002602 0.000471 0.000135 0.000022 0.000816 0.332869 0.000030
0.668792 0.000099 0.000326 0.001508 0.001273 0.000187 0.000398 0.000074 0.000087 0.000192 0.001967 0.000063 0.000014 0.000240 0.001514 0.000045 0.006921 0.000779 0.000165 0.003610 0.004095 0.007038 0.000027 0.000193 0.000963 0.009077 0.002024 0.000766 0.000193 0.004945 0.282092 0.000333
0.760872 0.000011 0.000088 0.000300 0.000216 0.000071 0.000079 0.000017 0.000029 0.000094 0.000346 0.000011 0.000004 0.000075 0.000567 0.000010 0.003982 0.000241 0.000067 0.003532 0.001910 0.005338 0.000005 0.000036 0.000426 0.004337 0.000749 0.000448 0.000067 0.002520 0.213387 0.000164
0.850047 0.000013 0.000011 0.001253 0.000014 0.000037 0.000032 0.000002 0.000008 0.000028 0.000099 0.000001 0.000010 0.000113 0.000035 0.000003 0.000237 0.001513 0.000023 0.000353 0.000573 0.005446 0.000001 0.000008 0.000167 0.000411 0.000499 0.000035 0.000007 0.001024 0.137974 0.000025
0.819553 0.000030 0.000085 0.000300 0.000310 0.000227 0.000171 0.000049 0.000124 0.000376 0.000841 0.000020 0.000029 0.000145 0.000658 0.000024 0.003337 0.000653 0.000167 0.008512 0.002089 0.012913 0.000013 0.000100 0.000972 0.004874 0.001446 0.000762 0.000212 0.003008 0.137597 0.000406
0.152168 0.017415 0.010258 0.009074 0.053264 0.008806 0.012434 0.005377 0.005660 0.062519 0.033460 0.004887 0.002133 0.012738 0.046172 0.004207 0.012256 0.014774 0.007797 0.074711 0.023277 0.108684 0.013091 0.019413 0.009157 0.022781 0.007315 0.034509 0.046544 0.032723 0.121456 0.010940
0.824024 0.000024 0.000036 0.000153 0.000164 0.000154 0.000167 0.000063 0.000176 0.000762 0.000809 0.000012 0.000006 0.000087 0.000758 0.000038 0.003508 0.000674 0.000153 0.015801 0.002508 0.020106 0.000009 0.000051 0.000849 0.004549 0.001495 0.000672 0.000388 0.001916 0.119310 0.000577
0.832470 0.000015 0.000081 0.000365 0.000255 0.000092 0.000164 0.000052 0.000138 0.000665 0.000503 0.000016 0.000006 0.000117 0.001952 0.000039 0.007656 0.000358 0.000138 0.015948 0.003110 0.009893 0.000010 0.000070 0.000978 0.002807 0.000769 0.000895 0.000177 0.004432 0.115395 0.000434
