0.029540 0.000001 0.000001 0.970085 0.000023 0.000206 0.000001 0.000000 0.000001 0.000001 0.000015 0.000000 0.000037 0.000001 0.000003 0.000000 0.000004 0.000004 0.000001 0.000002 0.000004 0.000029 0.000000 0.000001 0.000002 0.000001 0.000002 0.000001 0.000000 0.000005 0.000025 0.000003
0.617440 0.000112 0.000021 0.365069 0.000117 0.012446 0.000022 0.000019 0.000136 0.000040 0.000215 0.000018 0.003008 0.000025 0.000065 0.000016 0.000111 0.000036 0.000022 0.000128 0.000070 0.000261 0.000030 0.000086 0.000038 0.000020 0.000084 0.000077 0.000012 0.000089 0.000092 0.000073
0.702525 0.000032 0.000024 0.292858 0.000157 0.002617 0.000009 0.000006 0.000021 0.000049 0.000104 0.000006 0.000517 0.000017 0.000057 0.000006 0.000067 0.000032 0.000013 0.000112 0.000052 0.000268 0.000014 0.000072 0.000024 0.000010 0.000053 0.000051 0.000008 0.000080 0.000079 0.000059
0.846021 0.000003 0.000006 0.149263 0.000015 0.003612 0.000005 0.000002 0.000008 0.000028 0.000010 0.000001 0.000437 0.000005 0.000014 0.000002 0.000045 0.000019 0.000004 0.000103 0.000021 0.000175 0.000006 0.000031 0.000012 0.000005 0.000012 0.000026 0.000002 0.000061 0.000024 0.000023
0.854565 0.000004 0.000004 0.141057 0.000006 0.001519 0.000006 0.000003 0.000008 0.000060 0.000009 0.000002 0.001046 0.000008 0.000033 0.000003 0.000116 0.000015 0.000008 0.000355 0.000083 0.000494 0.000007 0.000062 0.000027 0.000004 0.000018 0.000075 0.000002 0.000290 0.000047 0.000065
0.810906 0.001847 0.000715 0.133342 0.002131 0.030417 0.000172 0.000147 0.001640 0.000572 0.005728 0.000148 0.000601 0.000491 0.003380 0.000182 0.000359 0.000141 0.000156 0.000996 0.000194 0.001429 0.000146 0.000632 0.000668 0.000133 0.000427 0.000816 0.000107 0.000327 0.000389 0.000657
0.800747 0.000971 0.002205 0.003566 0.122681 0.000685 0.001114 0.000426 0.004906 0.002010 0.020057 0.000320 0.000383 0.000531 0.002044 0.000339 0.001122 0.000771 0.001332 0.007313 0.001059 0.007481 0.001034 0.002191 0.000578 0.002052 0.003228 0.000845 0.001797 0.001105 0.004244 0.000863
0.113136 0.000180 0.000489 0.013774 0.000150 0.822976 0.000009 0.000006 0.000020 0.000018 0.000415 0.000002 0.040362 0.000155 0.000053 0.000004 0.000123 0.000139 0.000027 0.000196 0.000103 0.000841 0.000007 0.000010 0.001438 0.000191 0.000310 0.000227 0.000044 0.000109 0.004436 0.000048
0.648306 0.000613 0.000088 0.040188 0.000154 0.254490 0.000022 0.000019 0.000322 0.000054 0.003369 0.000019 0.051143 0.000047 0.000025 0.000014 0.000039 0.000047 0.000022 0.000057 0.000026 0.000084 0.000053 0.000076 0.000081 0.000028 0.000354 0.000052 0.000028 0.000026 0.000075 0.000078
0.397536 0.000100 0.000000 0.000012 0.000011 0.000004 0.000005 0.000003 0.602016 0.000120 0.000016 0.000015 0.000000 0.000000 0.000000 0.000005 0.000002 0.000002 0.000008 0.000027 0.000000 0.000065 0.000004 0.000011 0.000000 0.000000 0.000003 0.000025 0.000000 0.000001 0.000001 0.000009
0.489543 0.000279 0.000007 0.000016 0.000055 0.000008 0.000068 0.000023 0.508871 0.000160 0.000128 0.000099 0.000006 0.000003 0.000006 0.000010 0.000010 0.000031 0.000052 0.000249 0.000005 0.000168 0.000035 0.000028 0.000006 0.000025 0.000029 0.000022 0.000005 0.000008 0.000016 0.000029
0.716441 0.000013 0.000000 0.000000 0.000001 0.000000 0.000000 0.000000 0.283534 0.000004 0.000002 0.000001 0.000000 0.000000 0.000000 0.000000 0.000000 0.000000 0.000000 0.000000 0.000000 0.000001 0.000001 0.000000 0.000000 0.000000 0.000000 0.000000 0.000000 0.000000 0.000000 0.000000
0.715264 0.000443 0.000013 0.000519 0.000125 0.000194 0.000084 0.000078 0.265162 0.001608 0.000278 0.000127 0.000129 0.000029 0.000116 0.000062 0.000085 0.000120 0.000204 0.003961 0.000061 0.009196 0.000042 0.000398 0.000057 0.000034 0.000102 0.000783 0.000023 0.000215 0.000088 0.000400
0.732605 0.000993 0.000017 0.001981 0.000083 0.000655 0.000125 0.000075 0.255646 0.000564 0.000393 0.000119 0.000383 0.000040 0.000072 0.000049 0.000074 0.000136 0.000151 0.001727 0.000044 0.002408 0.000096 0.000206 0.000083 0.000051 0.000080 0.000627 0.000021 0.000130 0.000112 0.000255
0.762771 0.000860 0.000121 0.018735 0.001050 0.001058 0.000519 0.000401 0.142041 0.004285 0.001675 0.000400 0.000594 0.000205 0.001146 0.000271 0.000579 0.000917 0.000530 0.019295 0.000794 0.029184 0.000519 0.001946 0.000439 0.000339 0.000764 0.003191 0.000154 0.001749 0.001278 0.002190
0.783976 0.000570 0.000354 0.001124 0.001985 0.000951 0.000269 0.000422 0.136170 0.006293 0.013197 0.000277 0.000733 0.000282 0.000559 0.000214 0.000732 0.000732 0.000351 0.017163 0.000684 0.023978 0.000130 0.001795 0.000319 0.000182 0.002037 0.001052 0.000441 0.000989 0.000822 0.001217
0.820789 0.001477 0.000287 0.001239 0.006938 0.002081 0.000236 0.000356 0.133291 0.001251 0.007373 0.000363 0.001004 0.000134 0.000316 0.000123 0.000571 0.000475 0.000356 0.005454 0.000289 0.007779 0.000390 0.000872 0.000234 0.000215 0.001870 0.001426 0.000320 0.000553 0.001315 0.000623
0.858343 0.000533 0.000034 0.011509 0.000085 0.002963 0.000068 0.000059 0.113350 0.000558 0.000644 0.000036 0.001313 0.000063 0.000154 0.000027 0.000082 0.000206 0.000095 0.002187 0.000060 0.006164 0.000042 0.000240 0.000136 0.000030 0.000087 0.000276 0.000022 0.000157 0.000163 0.000314
0.818228 0.000365 0.000301 0.001771 0.002105 0.000677 0.000279 0.000394 0.108580 0.005915 0.006806 0.000275 0.000561 0.000230 0.000694 0.000159 0.000865 0.000745 0.000317 0.017536 0.000675 0.023447 0.000134 0.002403 0.000262 0.000164 0.001316 0.001237 0.000317 0.001091 0.000753 0.001395
0.862493 0.001057 0.000182 0.000839 0.002374 0.000832 0.000191 0.000204 0.103065 0.001211 0.004729 0.000225 0.000413 0.000113 0.000309 0.000090 0.000431 0.000394 0.000343 0.006632 0.000283 0.008212 0.000144 0.000456 0.000200 0.000189 0.001132 0.000681 0.000294 0.000623 0.001190 0.000471
0.891198 0.002648 0.000016 0.000010 0.000177 0.000002 0.000322 0.000098 0.100984 0.001656 0.000082 0.000860 0.000000 0.000005 0.000008 0.000328 0.000034 0.000027 0.000366 0.000155 0.000007 0.000203 0.000582 0.000045 0.000005 0.000012 0.000017 0.000076 0.000004 0.000017 0.000010 0.000045
0.180279 0.001838 0.003880 0.003283 0.031210 0.004311 0.012160 0.008942 0.004272 0.173207 0.003701 0.018053 0.000403 0.003284 0.031770 0.015869 0.022015 0.002910 0.197935 0.076419 0.011437 0.054559 0.003551 0.038938 0.005972 0.001938 0.000948 0.015142 0.001602 0.040808 0.010312 0.019049
0.529561 0.007969 0.000569 0.003093 0.001442 0.000829 0.007219 0.002653 0.020541 0.133046 0.006254 0.002787 0.000121 0.002345 0.003622 0.009151 0.005600 0.021120 0.007729 0.064975 0.007880 0.109999 0.001939 0.004335 0.001682 0.000879 0.001467 0.006420 0.001104 0.017477 0.008668 0.007527
0.832305 0.003590 0.000116 0.000068 0.000456 0.000034 0.005890 0.001192 0.002341 0.025734 0.001569 0.106390 0.000001 0.000050 0.000143 0.002512 0.001093 0.000204 0.000905 0.003150 0.000197 0.002987 0.005370 0.001232 0.000066 0.000144 0.000172 0.000898 0.000068 0.000707 0.000145 0.000269
0.020562 0.000085 0.000262 0.000034 0.000016 0.033896 0.000000 0.000000 0.000105 0.000000 0.000417 0.000000 0.944569 0.000026 0.000000 0.000000 0.000000 0.000003 0.000001 0.000000 0.000000 0.000001 0.000000 0.000001 0.000010 0.000001 0.000003 0.000000 0.000001 0.000000 0.000001 0.000001
0.599248 0.000032 0.000246 0.000249 0.000160 0.000010 0.000020 0.000020 0.000018 0.000592 0.000049 0.000027 0.000001 0.000073 0.394923 0.000015 0.000527 0.000005 0.000008 0.001135 0.000247 0.001059 0.000010 0.000086 0.000149 0.000009 0.000027 0.000144 0.000016 0.000726 0.000076 0.000096
0.877609 0.000002 0.000068 0.000011 0.000130 0.000000 0.000002 0.000003 0.000002 0.000045 0.000005 0.000003 0.000000 0.000006 0.121677 0.000001 0.000130 0.000000 0.000001 0.000162 0.000014 0.000028 0.000001 0.000007 0.000018 0.000001 0.000002 0.000016 0.000001 0.000043 0.000007 0.000005
0.867442 0.000121 0.001116 0.000213 0.000471 0.000056 0.000057 0.000096 0.000057 0.002409 0.000182 0.000080 0.000005 0.000206 0.114675 0.000041 0.001310 0.000013 0.000040 0.006192 0.000498 0.001281 0.000056 0.000330 0.000487 0.000041 0.000078 0.000639 0.000180 0.001146 0.000271 0.000208
0.746526 0.000507 0.000047 0.000777 0.000782 0.000362 0.000264 0.000352 0.002699 0.019392 0.000197 0.000254 0.000100 0.000128 0.000442 0.000851 0.000552 0.000145 0.200708 0.008986 0.000281 0.007224 0.000810 0.001235 0.000306 0.000062 0.000039 0.000595 0.000045 0.001401 0.000213 0.003717
0.180279 0.001838 0.003880 0.003283 0.031210 0.004311 0.012160 0.008942 0.004272 0.173207 0.003701 0.018053 0.000403 0.003284 0.031770 0.015869 0.022015 0.002910 0.197935 0.076419 0.011437 0.054559 0.003551 0.038938 0.005972 0.001938 0.000948 0.015142 0.001602 0.040808 0.010312 0.019049
0.737979 0.000112 0.000014 0.000160 0.000259 0.000072 0.000176 0.000159 0.000291 0.052710 0.000118 0.000181 0.000015 0.000042 0.001343 0.001363 0.000416 0.000072 0.151667 0.033874 0.000390 0.010666 0.000550 0.000864 0.000186 0.000031 0.000020 0.000801 0.000020 0.002524 0.000105 0.002820
0.618832 0.000523 0.001621 0.004953 0.006949 0.011515 0.001532 0.000950 0.002234 0.014768 0.016407 0.000990 0.000916 0.001313 0.012234 0.000447 0.002999 0.002246 0.004953 0.174943 0.006849 0.056766 0.000687 0.003259 0.001402 0.000685 0.000814 0.005934 0.002090 0.017537 0.019493 0.003160
0.678655 0.000057 0.000023 0.000633 0.000413 0.001778 0.000153 0.000099 0.000586 0.003082 0.003901 0.000063 0.000459 0.000144 0.001109 0.000040 0.000709 0.000652 0.000669 0.143939 0.003376 0.141215 0.000169 0.000624 0.001242 0.000245 0.000890 0.003391 0.000187 0.005466 0.004080 0.001953
0.598885 0.001475 0.000117 0.001746 0.006947 0.000470 0.001413 0.000416 0.001145 0.008689 0.020471 0.000374 0.000146 0.000481 0.006005 0.000287 0.002700 0.001883 0.000872 0.133468 0.010919 0.100397 0.000462 0.001623 0.002390 0.002845 0.004453 0.004619 0.001624 0.011536 0.068083 0.003058
0.570507 0.001277 0.001708 0.012702 0.008088 0.017793 0.003536 0.003037 0.003812 0.025985 0.016819 0.002906 0.001482 0.002230 0.014993 0.001368 0.007870 0.003308 0.005979 0.129133 0.010124 0.059662 0.002161 0.008775 0.003075 0.001463 0.001553 0.016599 0.003071 0.024863 0.025716 0.008405
0.549595 0.001168 0.001623 0.021107 0.009915 0.019119 0.003052 0.001937 0.002109 0.022449 0.009292 0.002360 0.002316 0.002487 0.015271 0.001638 0.008129 0.004207 0.007409 0.126232 0.013322 0.088694 0.003212 0.005258 0.004082 0.001699 0.001936 0.009622 0.003934 0.020448 0.029282 0.007096
0.575019 0.001046 0.002263 0.035027 0.011788 0.029607 0.003650 0.001842 0.006534 0.024031 0.018128 0.003133 0.002640 0.002299 0.009341 0.001212 0.004903 0.004722 0.015484 0.123001 0.008017 0.046641 0.001694 0.007690 0.002251 0.000959 0.000924 0.006561 0.001964 0.019516 0.019520 0.008593
0.603465 0.000695 0.000207 0.000745 0.000883 0.000465 0.001061 0.000586 0.005379 0.025032 0.002569 0.000815 0.000051 0.000594 0.003696 0.000597 0.005003 0.001544 0.001210 0.121068 0.009630 0.177642 0.000350 0.001717 0.000615 0.000385 0.003255 0.004814 0.000612 0.015519 0.006900 0.002898
0.316082 0.004156 0.002681 0.010684 0.074796 0.006135 0.004195 0.004258 0.038859 0.037895 0.061172 0.003526 0.006065 0.002304 0.010952 0.002298 0.012361 0.005914 0.007920 0.115583 0.011918 0.102543 0.010313 0.030392 0.003617 0.004720 0.011875 0.019740 0.007416 0.020213 0.035748 0.013669
0.829598 0.000294 0.000399 0.004434 0.001300 0.000257 0.000362 0.000280 0.002506 0.011351 0.001746 0.000345 0.000216 0.000341 0.011497 0.000468 0.002804 0.000187 0.000366 0.104533 0.001503 0.012547 0.000387 0.003034 0.000982 0.000139 0.000486 0.001794 0.000104 0.003480 0.000523 0.001740
0.416722 0.000017 0.000010 0.000081 0.000021 0.000025 0.000009 0.000004 0.000127 0.000518 0.000018 0.000004 0.000010 0.000061 0.000375 0.000002 0.000284 0.000033 0.000007 0.006113 0.000260 0.574123 0.000012 0.000059 0.000157 0.000008 0.000013 0.000091 0.000008 0.000619 0.000157 0.000052
0.414862 0.002589 0.000166 0.001034 0.000702 0.000802 0.001494 0.000729 0.017006 0.047076 0.003825 0.001345 0.000114 0.000965 0.001427 0.001380 0.002922 0.004127 0.007100 0.055567 0.004345 0.396553 0.000496 0.003038 0.000614 0.000231 0.001304 0.006457 0.000496 0.010460 0.006103 0.004667
0.592178 0.001035 0.000366 0.003958 0.000190 0.000930 0.000160 0.000146 0.000901 0.003058 0.000960 0.000063 0.001651 0.001437 0.001780 0.000061 0.000792 0.000911 0.000218 0.014783 0.000818 0.363497 0.000455 0.001490 0.001445 0.000125 0.000225 0.000974 0.000338 0.002657 0.001127 0.001270
0.417532 0.004640 0.000266 0.003165 0.001146 0.001479 0.002433 0.000877 0.014991 0.068068 0.005134 0.000914 0.000329 0.002792 0.002273 0.002154 0.002721 0.011512 0.008014 0.075839 0.005426 0.318726 0.000492 0.004147 0.001332 0.000350 0.000837 0.008100 0.000708 0.013858 0.013934 0.005812
0.498379 0.012888 0.000225 0.001937 0.000856 0.000619 0.004396 0.001497 0.030969 0.095897 0.004852 0.002548 0.000066 0.001227 0.001358 0.005243 0.002093 0.008483 0.013715 0.049641 0.002850 0.229772 0.002278 0.002655 0.000877 0.000336 0.000770 0.005250 0.000484 0.007345 0.005432 0.005061
0.567511 0.003148 0.000185 0.003623 0.001163 0.001044 0.002644 0.000838 0.012642 0.037764 0.005255 0.000924 0.000160 0.000968 0.001583 0.001857 0.001721 0.005555 0.003637 0.072516 0.004554 0.229743 0.000511 0.004459 0.000601 0.000477 0.000715 0.009244 0.000525 0.008707 0.012133 0.003590
0.734261 0.000753 0.000141 0.003649 0.000151 0.000309 0.000068 0.000073 0.000266 0.003336 0.000870 0.000049 0.000229 0.000717 0.007457 0.000061 0.001131 0.000135 0.000123 0.020601 0.000829 0.215607 0.000292 0.000991 0.001072 0.000067 0.000160 0.001536 0.000180 0.003197 0.000791 0.000898
0.732273 0.001146 0.000189 0.003794 0.000297 0.000500 0.000560 0.000328 0.008342 0.004296 0.003875 0.000803 0.000243 0.000327 0.000904 0.000204 0.001755 0.000476 0.000808 0.032396 0.002009 0.191019 0.000308 0.002081 0.000465 0.000094 0.000495 0.002029 0.000155 0.004566 0.002061 0.001201
0.603465 0.000695 0.000207 0.000745 0.000883 0.000465 0.001061 0.000586 0.005379 0.025032 0.002569 0.000815 0.000051 0.000594 0.003696 0.000597 0.005003 0.001544 0.001210 0.121068 0.009630 0.177642 0.000350 0.001717 0.000615 0.000385 0.003255 0.004814 0.000612 0.015519 0.006900 0.002898
0.763391 0.000258 0.000031 0.030778 0.000186 0.002438 0.000130 0.000143 0.000320 0.004734 0.002132 0.000088 0.000387 0.000165 0.002878 0.000216 0.000679 0.000590 0.000634 0.018908 0.001477 0.151674 0.000138 0.001671 0.000452 0.000095 0.000608 0.003090 0.000118 0.006556 0.001789 0.003245
0.648371 0.001560 0.000230 0.007292 0.002403 0.005604 0.001124 0.000439 0.001928 0.004078 0.017072 0.000408 0.001688 0.000558 0.002566 0.000361 0.002027 0.002162 0.001215 0.101529 0.007049 0.141738 0.000463 0.001414 0.004772 0.001447 0.005521 0.005134 0.000985 0.006242 0.019364 0.003254
0.678655 0.000057 0.000023 0.000633 0.000413 0.001778 0.000153 0.000099 0.000586 0.003082 0.003901 0.000063 0.000459 0.000144 0.001109 0.000040 0.000709 0.000652 0.000669 0.143939 0.003376 0.141215 0.000169 0.000624 0.001242 0.000245 0.000890 0.003391 0.000187 0.005466 0.004080 0.001953
0.810070 0.003320 0.000204 0.008997 0.000648 0.004398 0.000337 0.000329 0.011978 0.002685 0.002359 0.000132 0.002867 0.001082 0.000916 0.000101 0.000387 0.002494 0.000520 0.009655 0.000502 0.124575 0.000828 0.001614 0.001607 0.000141 0.000334 0.001534 0.000195 0.001213 0.001992 0.001985
0.715426 0.002230 0.000346 0.029923 0.002658 0.002746 0.001035 0.001264 0.006908 0.013910 0.009555 0.000963 0.001220 0.000794 0.002576 0.000905 0.002956 0.003551 0.001050 0.031063 0.002517 0.121738 0.008897 0.012735 0.000985 0.000403 0.002137 0.006137 0.000668 0.005373 0.002206 0.005126
0.746944 0.001952 0.000404 0.019062 0.004532 0.001776 0.001133 0.000680 0.010363 0.008431 0.006735 0.001227 0.000754 0.000512 0.002354 0.000674 0.005804 0.000707 0.001026 0.032404 0.005572 0.117125 0.002803 0.004281 0.000733 0.000399 0.001667 0.004504 0.000636 0.006478 0.005695 0.002631
0.801904 0.000928 0.000098 0.001376 0.001557 0.000433 0.000313 0.000280 0.013089 0.007488 0.007908 0.000448 0.000150 0.000187 0.000715 0.000231 0.001897 0.000228 0.000618 0.029487 0.002800 0.113625 0.000634 0.001300 0.000400 0.000132 0.002395 0.002371 0.000243 0.003340 0.002274 0.001153
0.780434 0.001384 0.000304 0.013496 0.004146 0.001356 0.000697 0.000467 0.008969 0.007642 0.006268 0.000976 0.000594 0.000353 0.001754 0.000506 0.004062 0.000458 0.000996 0.030866 0.004357 0.106219 0.001936 0.002913 0.000573 0.000280 0.001687 0.003840 0.000536 0.005492 0.004356 0.002086
0.728794 0.000998 0.000912 0.032919 0.002077 0.005041 0.000727 0.000956 0.004680 0.012664 0.007165 0.000778 0.001077 0.000976 0.007193 0.001572 0.004686 0.000954 0.001156 0.027816 0.004652 0.105389 0.000883 0.007049 0.001037 0.000541 0.003760 0.015099 0.000765 0.008037 0.003272 0.006374
0.861677 0.000077 0.000005 0.019943 0.000062 0.000641 0.000033 0.000033 0.000086 0.000693 0.000308 0.000017 0.000129 0.000045 0.000702 0.000029 0.000182 0.000164 0.000083 0.006450 0.000267 0.104581 0.000064 0.000411 0.000111 0.000028 0.000137 0.000506 0.000029 0.001452 0.000346 0.000709
0.316082 0.004156 0.002681 0.010684 0.074796 0.006135 0.004195 0.004258 0.038859 0.037895 0.061172 0.003526 0.006065 0.002304 0.010952 0.002298 0.012361 0.005914 0.007920 0.115583 0.011918 0.102543 0.010313 0.030392 0.003617 0.004720 0.011875 0.019740 0.007416 0.020213 0.035748 0.013669
0.071410 0.000003 0.000000 0.000003 0.000000 0.000122 0.000002 0.000001 0.000000 0.000007 0.000020 0.000000 0.000001 0.000004 0.000018 0.000000 0.000113 0.000087 0.000004 0.000699 0.000143 0.004260 0.000000 0.000000 0.000141 0.001225 0.000188 0.000057 0.000004 0.000153 0.921325 0.000010
0.091745 0.000000 0.000000 0.000003 0.000000 0.000011 0.000000 0.000000 0.000000 0.000000 0.000000 0.000000 0.000000 0.000000 0.000000 0.000000 0.000005 0.000031 0.000000 0.000041 0.000029 0.006118 0.000000 0.000000 0.000002 0.001304 0.000044 0.000002 0.000000 0.000027 0.900635 0.000000
0.735873 0.000055 0.000052 0.001658 0.000247 0.013144 0.000083 0.000025 0.000098 0.000134 0.000491 0.000007 0.000401 0.000152 0.000398 0.000009 0.001083 0.000913 0.000045 0.003707 0.001561 0.013129 0.000010 0.000043 0.001056 0.003360 0.002261 0.000620 0.000207 0.001517 0.217518 0.000142
0.794042 0.000000 0.000000 0.000000 0.000000 0.000002 0.000000 0.000000 0.000000 0.000001 0.000018 0.000000 0.000000 0.000000 0.000001 0.000000 0.000010 0.000003 0.000000 0.000222 0.000039 0.000720 0.000000 0.000000 0.000003 0.000005 0.000004 0.000000 0.000000 0.000032 0.204896 0.000000
0.832568 0.000000 0.000000 0.000000 0.000000 0.000001 0.000000 0.000000 0.000000 0.000000 0.000012 0.000000 0.000000 0.000000 0.000001 0.000000 0.000008 0.000001 0.000000 0.000184 0.000030 0.000777 0.000000 0.000000 0.000002 0.000005 0.000004 0.000000 0.000000 0.000019 0.166386 0.000000
