bed 17 168 633 524 0.999248 0.000624
bed 1 90 186 189 0.197837 0.674729
chair 342 241 367 320 0.187309 0.745569
chair 49 286 70 311 0.125429 0.834656
table 558 446 722 529 0.106265 0.422202
picture 50 155 112 232 0.163624 0.771818
picture 724 400 729 403 0.156575 0.279608
picture 103 192 126 212 0.139574 0.702793
picture 309 178 365 209 0.122019 0.771424
picture 187 201 203 247 0.104937 0.728932
picture 178 200 186 205 0.104212 0.668163
picture 100 164 152 211 0.101927 0.831740
dresser 616 232 729 445 0.399675 0.510207
pillow 509 341 561 374 0.123728 0.842892
pillow 314 308 508 350 0.109908 0.836240
tv 0 171 53 249 0.117224 0.752162
paper 724 401 729 403 0.248035 0.279608
paper 641 501 645 503 0.164755 0.529463
paper 695 501 729 518 0.150455 0.300257
paper 70 525 73 529 0.125096 0.269298
paper 703 395 721 405 0.120586 0.732805
paper 33 460 71 529 0.112106 0.374857
paper 191 226 201 245 0.102544 0.818854
box 69 524 73 529 0.16828 0.269298
box 641 501 646 504 0.112882 0.529463
night_stand 237 219 369 328 0.537907 0.406984
night_stand 567 454 727 529 0.257436 0.422202
lamp 244 139 296 150 0.53493 0.464541
lamp 209 105 294 201 0.519644 0.474286
lamp 243 107 266 150 0.468881 0.530644
lamp 264 145 267 150 0.406444 0.593404
lamp 118 0 142 16 0.32911 0.640431
lamp 207 132 262 168 0.316797 0.675723
lamp 265 156 270 165 0.232232 0.766338
lamp 243 132 273 190 0.207803 0.791890
lamp 264 108 287 147 0.190426 0.807843
lamp 250 137 309 206 0.144027 0.855597
lamp 231 112 244 143 0.135815 0.838946
lamp 251 147 266 166 0.109471 0.888569
garbage_bin 627 378 631 385 0.101853 0.592561
