0.690104 0.106439 0.002263 0.007097 0.035361 0.032604 0.001054 0.001349 0.011353 0.006956 0.071331 0.001488 0.001862 0.004142 0.001532 0.001064 0.001737 0.000463 0.000582 0.000815 0.000495 0.001202 0.000467 0.003465 0.002959 0.000559 0.001652 0.006533 0.000298 0.000514 0.001436 0.000826
0.666696 0.000812 0.000902 0.245443 0.002687 0.044262 0.000259 0.000299 0.000752 0.001663 0.003736 0.000221 0.004690 0.000920 0.002444 0.000243 0.002094 0.000457 0.000280 0.004359 0.001222 0.005681 0.000415 0.003977 0.000605 0.000153 0.000196 0.001208 0.000129 0.001592 0.000602 0.000999
0.740877 0.000246 0.000954 0.187390 0.002083 0.011341 0.000211 0.000269 0.000578 0.001318 0.000926 0.000163 0.003252 0.000710 0.003072 0.000197 0.003265 0.000394 0.000321 0.011335 0.002017 0.013737 0.000209 0.006473 0.000665 0.000101 0.000176 0.001014 0.000093 0.004132 0.000777 0.001704
0.785809 0.000208 0.000639 0.142474 0.001329 0.008477 0.000210 0.000258 0.000474 0.001523 0.000628 0.000192 0.001367 0.000527 0.003167 0.000175 0.002347 0.000359 0.000280 0.013961 0.001869 0.022070 0.000160 0.003764 0.000602 0.000091 0.000150 0.001085 0.000088 0.003385 0.000820 0.001514
0.729789 0.003435 0.000414 0.130903 0.058865 0.031477 0.000740 0.000540 0.002230 0.001416 0.015137 0.000433 0.002473 0.000960 0.002279 0.000222 0.002453 0.000439 0.000430 0.001670 0.001288 0.001144 0.000984 0.001433 0.000510 0.000788 0.000978 0.002451 0.000312 0.000657 0.002324 0.000825
0.733767 0.001443 0.001170 0.120616 0.022397 0.024561 0.000557 0.000655 0.004911 0.003370 0.005912 0.000869 0.006693 0.000947 0.008519 0.000362 0.003480 0.000581 0.000798 0.013779 0.001588 0.018861 0.000769 0.004505 0.001565 0.000325 0.002080 0.004291 0.000420 0.004598 0.002189 0.003420
0.003542 0.000000 0.000073 0.000002 0.996323 0.000001 0.000000 0.000000 0.000001 0.000000 0.000002 0.000000 0.000000 0.000000 0.000047 0.000000 0.000002 0.000000 0.000000 0.000000 0.000001 0.000000 0.000000 0.000001 0.000000 0.000001 0.000002 0.000000 0.000000 0.000000 0.000001 0.000000
0.053370 0.000019 0.000241 0.000255 0.944553 0.000059 0.000011 0.000005 0.000103 0.000018 0.000214 0.000003 0.000012 0.000025 0.000400 0.000003 0.000055 0.000020 0.000010 0.000013 0.000023 0.000069 0.000005 0.000012 0.000029 0.000095 0.000148 0.000012 0.000033 0.000025 0.000152 0.000010
0.439473 0.000270 0.020039 0.002413 0.516236 0.000258 0.000289 0.000093 0.000492 0.000210 0.000449 0.000103 0.000079 0.000690 0.008836 0.000049 0.003674 0.000171 0.000062 0.000484 0.000342 0.000311 0.000114 0.000121 0.000767 0.000794 0.000526 0.000233 0.000313 0.000185 0.001777 0.000148
0.695694 0.000147 0.005998 0.000763 0.173039 0.000060 0.000117 0.000076 0.000549 0.002136 0.000294 0.000117 0.000037 0.000385 0.110916 0.000051 0.001311 0.000050 0.000255 0.000861 0.000666 0.002860 0.000121 0.000618 0.000553 0.000086 0.000129 0.000492 0.000095 0.000993 0.000318 0.000214
0.341800 0.004941 0.013670 0.011520 0.149851 0.013301 0.009248 0.004265 0.013063 0.027015 0.020651 0.003807 0.003261 0.011416 0.050725 0.002964 0.026281 0.007807 0.012560 0.047692 0.018475 0.039564 0.004144 0.008065 0.016674 0.014077 0.007560 0.016523 0.016468 0.021984 0.052558 0.008067
0.848509 0.000109 0.000126 0.000973 0.108729 0.000080 0.000135 0.000107 0.000457 0.000484 0.000388 0.000063 0.000012 0.000131 0.035962 0.000077 0.000898 0.000057 0.000047 0.000249 0.000157 0.000192 0.000066 0.000253 0.000135 0.000256 0.000182 0.000322 0.000080 0.000387 0.000268 0.000107
0.506186 0.001997 0.002613 0.078166 0.102697 0.006948 0.003214 0.002209 0.001828 0.014365 0.015841 0.002781 0.002092 0.003865 0.021558 0.000866 0.022503 0.001870 0.001333 0.039935 0.032001 0.018546 0.009175 0.024311 0.004969 0.002739 0.001765 0.008713 0.002149 0.025279 0.028098 0.009389
0.751237 0.014654 0.000929 0.018097 0.001507 0.170905 0.000271 0.000413 0.002793 0.001770 0.019910 0.000499 0.008939 0.001299 0.000188 0.000184 0.000368 0.000275 0.000203 0.000390 0.000136 0.000632 0.000231 0.001701 0.000583 0.000110 0.000192 0.000713 0.000085 0.000163 0.000262 0.000364
0.575886 0.001473 0.000088 0.003121 0.000349 0.001362 0.000843 0.000905 0.002742 0.264175 0.000853 0.000515 0.001090 0.000772 0.001094 0.001990 0.001342 0.010410 0.002643 0.045335 0.002123 0.059340 0.001297 0.003677 0.000592 0.000223 0.000264 0.004116 0.000428 0.004693 0.000662 0.005597
0.644258 0.000582 0.000132 0.002821 0.000957 0.000394 0.000415 0.000362 0.002944 0.225509 0.000913 0.000179 0.000212 0.000415 0.001379 0.000780 0.000858 0.003823 0.001121 0.041007 0.001909 0.056952 0.000928 0.002573 0.000363 0.000162 0.000267 0.001696 0.000601 0.003252 0.000428 0.001808
0.348597 0.005236 0.008771 0.006883 0.054317 0.020262 0.006070 0.003860 0.014966 0.129315 0.004091 0.001549 0.001414 0.005986 0.040569 0.010742 0.026421 0.005729 0.045775 0.043353 0.011785 0.065723 0.001787 0.012543 0.013302 0.002830 0.001442 0.024869 0.002918 0.039145 0.023584 0.016166
0.500407 0.003453 0.011549 0.006200 0.044910 0.018239 0.003044 0.002090 0.008344 0.121506 0.002054 0.000781 0.000791 0.004406 0.036434 0.006897 0.024567 0.003825 0.038425 0.025956 0.006929 0.046658 0.000764 0.009967 0.009130 0.001332 0.000553 0.013064 0.001059 0.026276 0.010495 0.009897
0.748047 0.000118 0.000100 0.002514 0.000537 0.000232 0.000456 0.000390 0.001344 0.102252 0.000752 0.000232 0.000099 0.000136 0.002805 0.000665 0.000952 0.002030 0.000517 0.091848 0.003535 0.028306 0.000921 0.001719 0.000265 0.000171 0.000408 0.001750 0.000603 0.004374 0.000397 0.001527
0.770847 0.002022 0.000373 0.002941 0.000376 0.001974 0.000439 0.000840 0.008198 0.100337 0.001164 0.000357 0.002144 0.001372 0.001662 0.000612 0.001218 0.006018 0.001235 0.032676 0.001415 0.047163 0.000343 0.002272 0.001063 0.000219 0.000292 0.003413 0.000408 0.002953 0.000499 0.003157
0.206962 0.000000 0.000009 0.000000 0.000029 0.000000 0.000000 0.000000 0.000000 0.000004 0.000001 0.000000 0.000000 0.000002 0.792850 0.000000 0.000079 0.000000 0.000000 0.000013 0.000006 0.000013 0.000000 0.000001 0.000005 0.000000 0.000000 0.000003 0.000000 0.000019 0.000002 0.000001
0.266710 0.000001 0.000019 0.000012 0.001806 0.000000 0.000003 0.000001 0.000002 0.000010 0.000006 0.000001 0.000000 0.000004 0.730037 0.000000 0.000997 0.000000 0.000000 0.000020 0.000134 0.000024 0.000001 0.000010 0.000005 0.000001 0.000006 0.000009 0.000000 0.000153 0.000023 0.000003
0.439857 0.000001 0.000016 0.000006 0.000157 0.000000 0.000002 0.000001 0.000001 0.000025 0.000003 0.000002 0.000000 0.000004 0.559483 0.000001 0.000196 0.000000 0.000000 0.000058 0.000026 0.000018 0.000000 0.000008 0.000010 0.000002 0.000003 0.000029 0.000001 0.000080 0.000008 0.000004
0.455626 0.000000 0.000011 0.000006 0.003576 0.000000 0.000001 0.000001 0.000001 0.000003 0.000002 0.000001 0.000000 0.000001 0.540510 0.000000 0.000179 0.000000 0.000000 0.000006 0.000022 0.000004 0.000000 0.000005 0.000002 0.000001 0.000002 0.000005 0.000000 0.000030 0.000004 0.000001
0.468736 0.000000 0.000008 0.000001 0.000208 0.000001 0.000001 0.000001 0.000001 0.000004 0.000004 0.000000 0.000000 0.000002 0.530801 0.000000 0.000128 0.000000 0.000000 0.000009 0.000022 0.000010 0.000000 0.000005 0.000005 0.000001 0.000002 0.000003 0.000001 0.000040 0.000005 0.000001
0.546359 0.000000 0.000016 0.000000 0.000005 0.000000 0.000000 0.000000 0.000000 0.000005 0.000000 0.000000 0.000000 0.000001 0.453371 0.000000 0.000152 0.000000 0.000000 0.000040 0.000009 0.000010 0.000000 0.000001 0.000004 0.000000 0.000000 0.000006 0.000000 0.000017 0.000002 0.000001
0.579341 0.000000 0.000030 0.000000 0.000013 0.000000 0.000000 0.000000 0.000000 0.000015 0.000002 0.000000 0.000000 0.000002 0.419595 0.000000 0.000552 0.000000 0.000000 0.000215 0.000055 0.000068 0.000000 0.000003 0.000011 0.000000 0.000002 0.000025 0.000000 0.000052 0.000014 0.000003
0.633590 0.000001 0.000012 0.000008 0.000835 0.000001 0.000003 0.000002 0.000002 0.000016 0.000007 0.000001 0.000000 0.000004 0.364941 0.000001 0.000255 0.000000 0.000000 0.000035 0.000132 0.000020 0.000001 0.000008 0.000007 0.000002 0.000007 0.000015 0.000001 0.000077 0.000015 0.000002
0.638800 0.000000 0.000025 0.000005 0.000040 0.000001 0.000001 0.000001 0.000001 0.000022 0.000003 0.000001 0.000000 0.000002 0.359422 0.000001 0.001047 0.000000 0.000000 0.000142 0.000131 0.000074 0.000000 0.000005 0.000013 0.000002 0.000006 0.000017 0.000001 0.000210 0.000021 0.000004
0.663581 0.000002 0.000021 0.000003 0.000016 0.000000 0.000003 0.000002 0.000002 0.000031 0.000009 0.000002 0.000000 0.000004 0.334249 0.000003 0.000963 0.000000 0.000000 0.000074 0.000442 0.000084 0.000000 0.000020 0.000013 0.000003 0.000021 0.000022 0.000004 0.000390 0.000028 0.000004
0.779329 0.000004 0.000083 0.000005 0.000134 0.000002 0.000020 0.000015 0.000033 0.001443 0.000043 0.000024 0.000000 0.000024 0.204487 0.000036 0.001578 0.000005 0.000008 0.004973 0.002210 0.002094 0.000003 0.000350 0.000117 0.000011 0.000025 0.000338 0.000023 0.002369 0.000137 0.000074
0.775992 0.000007 0.000082 0.000367 0.000393 0.000005 0.000022 0.000007 0.000018 0.000203 0.000064 0.000014 0.000002 0.000033 0.185316 0.000005 0.015899 0.000002 0.000006 0.005314 0.007489 0.002157 0.000011 0.000060 0.000086 0.000007 0.000060 0.000166 0.000006 0.005520 0.000608 0.000081
0.812707 0.000002 0.000063 0.000006 0.000107 0.000000 0.000004 0.000003 0.000004 0.000138 0.000013 0.000002 0.000000 0.000019 0.182258 0.000002 0.002713 0.000001 0.000001 0.000673 0.000339 0.000207 0.000001 0.000025 0.000084 0.000005 0.000010 0.000066 0.000004 0.000486 0.000044 0.000015
0.789180 0.000067 0.008204 0.000996 0.020859 0.000026 0.000056 0.000050 0.000170 0.001071 0.000328 0.000074 0.000009 0.000232 0.169491 0.000034 0.001767 0.000029 0.000078 0.000847 0.000939 0.002475 0.000052 0.000310 0.000320 0.000039 0.000168 0.000394 0.000061 0.001207 0.000333 0.000132
0.834177 0.000004 0.000073 0.000003 0.000091 0.000001 0.000004 0.000004 0.000004 0.000055 0.000005 0.000007 0.000000 0.000008 0.165068 0.000001 0.000183 0.000000 0.000001 0.000130 0.000019 0.000023 0.000001 0.000005 0.000031 0.000004 0.000003 0.000038 0.000001 0.000043 0.000010 0.000005
0.830589 0.000015 0.000148 0.000164 0.006032 0.000009 0.000020 0.000018 0.000029 0.000189 0.000117 0.000011 0.000001 0.000036 0.160325 0.000015 0.000488 0.000010 0.000012 0.000275 0.000250 0.000267 0.000006 0.000058 0.000096 0.000040 0.000080 0.000097 0.000020 0.000303 0.000245 0.000035
0.790340 0.001752 0.003533 0.002132 0.007740 0.000695 0.000452 0.000404 0.001190 0.003411 0.001173 0.000601 0.000136 0.001606 0.154120 0.000175 0.007219 0.000108 0.000232 0.004740 0.001463 0.004715 0.000634 0.000984 0.002622 0.000145 0.000496 0.002445 0.000148 0.002148 0.001490 0.000951
0.852192 0.000001 0.000153 0.000001 0.000005 0.000000 0.000001 0.000000 0.000001 0.000033 0.000000 0.000001 0.000000 0.000009 0.146624 0.000000 0.000120 0.000000 0.000000 0.000654 0.000020 0.000099 0.000000 0.000001 0.000051 0.000000 0.000000 0.000008 0.000000 0.000020 0.000004 0.000002
0.853327 0.000003 0.000040 0.000047 0.001800 0.000006 0.000003 0.000003 0.000003 0.000016 0.000012 0.000003 0.000000 0.000006 0.144322 0.000001 0.000188 0.000001 0.000001 0.000057 0.000018 0.000015 0.000001 0.000015 0.000012 0.000004 0.000007 0.000026 0.000001 0.000043 0.000012 0.000005
0.839635 0.000410 0.000235 0.001113 0.005695 0.000101 0.000113 0.000057 0.000343 0.001552 0.000226 0.000102 0.000020 0.000386 0.141435 0.000044 0.001090 0.000049 0.000091 0.000966 0.000309 0.002323 0.000071 0.000205 0.000721 0.000051 0.000094 0.000847 0.000039 0.001195 0.000293 0.000187
0.844070 0.000059 0.000229 0.000089 0.001642 0.000007 0.000081 0.000037 0.000066 0.002084 0.000114 0.000084 0.000001 0.000169 0.141327 0.000161 0.002863 0.000018 0.000034 0.000621 0.001448 0.000436 0.000018 0.000389 0.000147 0.000035 0.000067 0.001241 0.000044 0.002213 0.000113 0.000093
0.861521 0.000001 0.000016 0.000004 0.000088 0.000000 0.000001 0.000001 0.000002 0.000020 0.000004 0.000001 0.000000 0.000002 0.137793 0.000000 0.000210 0.000000 0.000000 0.000158 0.000017 0.000050 0.000000 0.000002 0.000012 0.000001 0.000002 0.000014 0.000000 0.000066 0.000010 0.000003
0.864271 0.000000 0.000005 0.000006 0.000244 0.000003 0.000001 0.000001 0.000001 0.000008 0.000004 0.000000 0.000000 0.000001 0.135144 0.000000 0.000139 0.000000 0.000000 0.000067 0.000014 0.000021 0.000000 0.000005 0.000005 0.000001 0.000003 0.000011 0.000001 0.000034 0.000006 0.000002
0.847533 0.000096 0.000129 0.000049 0.000190 0.000001 0.000048 0.000020 0.000039 0.002757 0.000076 0.000022 0.000003 0.000126 0.131930 0.000015 0.001471 0.000010 0.000014 0.008582 0.000498 0.001901 0.000010 0.000219 0.000736 0.000038 0.000039 0.000798 0.000046 0.002324 0.000129 0.000152
0.787165 0.000443 0.000590 0.001241 0.014407 0.001845 0.000435 0.000252 0.000873 0.001805 0.003584 0.000114 0.000179 0.001015 0.124110 0.000180 0.009332 0.000469 0.000392 0.004965 0.003208 0.014718 0.000186 0.000653 0.003518 0.000691 0.001783 0.001375 0.000669 0.006333 0.012373 0.001098
0.817043 0.000133 0.000543 0.000351 0.003241 0.000031 0.000258 0.000101 0.000182 0.014139 0.000334 0.000209 0.000009 0.000446 0.118416 0.000296 0.007967 0.000077 0.000150 0.006817 0.006659 0.005447 0.000102 0.000631 0.000440 0.000086 0.000127 0.004419 0.000131 0.009691 0.000981 0.000542
0.883552 0.000001 0.000020 0.000004 0.000442 0.000000 0.000001 0.000001 0.000001 0.000007 0.000002 0.000001 0.000000 0.000002 0.115875 0.000000 0.000027 0.000000 0.000000 0.000025 0.000003 0.000002 0.000000 0.000003 0.000005 0.000001 0.000001 0.000011 0.000000 0.000007 0.000002 0.000001
0.695694 0.000147 0.005998 0.000763 0.173039 0.000060 0.000117 0.000076 0.000549 0.002136 0.000294 0.000117 0.000037 0.000385 0.110916 0.000051 0.001311 0.000050 0.000255 0.000861 0.000666 0.002860 0.000121 0.000618 0.000553 0.000086 0.000129 0.000492 0.000095 0.000993 0.000318 0.000214
0.769824 0.000045 0.002532 0.000660 0.110811 0.000044 0.000062 0.000031 0.000082 0.000095 0.000073 0.000033 0.000007 0.000163 0.110121 0.000015 0.003189 0.000015 0.000012 0.000469 0.000197 0.000178 0.000021 0.000077 0.000294 0.000105 0.000114 0.000161 0.000023 0.000184 0.000295 0.000070
0.837912 0.000164 0.001323 0.001089 0.001703 0.000091 0.000298 0.000255 0.000248 0.003547 0.000263 0.000466 0.000030 0.000387 0.104861 0.000277 0.002524 0.000054 0.000142 0.030180 0.001648 0.002822 0.000223 0.000998 0.001293 0.000306 0.000172 0.002225 0.000142 0.003290 0.000500 0.000565
0.572845 0.004288 0.014903 0.003430 0.010557 0.001046 0.001899 0.002420 0.000708 0.037127 0.013753 0.001821 0.000935 0.006928 0.104343 0.001465 0.029174 0.001613 0.002780 0.031227 0.030699 0.043708 0.002728 0.016792 0.007871 0.000885 0.001775 0.008555 0.005148 0.025599 0.008850 0.004130
0.889104 0.000010 0.000397 0.000046 0.003965 0.000042 0.000025 0.000016 0.000023 0.000073 0.000055 0.000013 0.000003 0.000034 0.102912 0.000005 0.001862 0.000003 0.000004 0.000498 0.000107 0.000117 0.000004 0.000030 0.000113 0.000033 0.000035 0.000088 0.000028 0.000217 0.000116 0.000022
0.410764 0.005451 0.003058 0.009634 0.026550 0.009744 0.007430 0.003133 0.008844 0.056131 0.005663 0.002207 0.000463 0.003337 0.013279 0.005242 0.014938 0.007730 0.006989 0.111312 0.018329 0.135221 0.004978 0.009393 0.002998 0.003122 0.001923 0.024685 0.005013 0.041228 0.032291 0.008920
0.262169 0.007112 0.021935 0.019917 0.040229 0.038724 0.012832 0.007591 0.008732 0.030056 0.039188 0.006007 0.009107 0.012941 0.035166 0.004217 0.017662 0.010087 0.012866 0.109625 0.018751 0.071862 0.007400 0.013202 0.012989 0.016086 0.006732 0.021750 0.024505 0.027469 0.062404 0.010686
0.392503 0.005523 0.014864 0.017933 0.027180 0.029941 0.008190 0.004840 0.006188 0.023532 0.036353 0.004236 0.006644 0.008437 0.029790 0.002647 0.013242 0.006458 0.007395 0.107562 0.016349 0.075264 0.004679 0.010362 0.008372 0.010429 0.006040 0.018836 0.018926 0.023914 0.045970 0.007399
0.814881 0.000272 0.000715 0.000713 0.000255 0.000313 0.000299 0.000280 0.000588 0.003912 0.001392 0.000239 0.000215 0.000306 0.008302 0.000283 0.005238 0.000234 0.000253 0.106603 0.008971 0.020098 0.000187 0.000887 0.001287 0.000644 0.001392 0.001334 0.000934 0.014466 0.003696 0.000809
0.736246 0.001720 0.000462 0.009536 0.000610 0.009407 0.000898 0.001066 0.002084 0.006118 0.008942 0.001519 0.001782 0.000644 0.000877 0.000354 0.001522 0.000733 0.000404 0.036338 0.002158 0.150082 0.000868 0.006448 0.001180 0.000299 0.000813 0.005662 0.000674 0.005556 0.002651 0.002347
0.410764 0.005451 0.003058 0.009634 0.026550 0.009744 0.007430 0.003133 0.008844 0.056131 0.005663 0.002207 0.000463 0.003337 0.013279 0.005242 0.014938 0.007730 0.006989 0.111312 0.018329 0.135221 0.004978 0.009393 0.002998 0.003122 0.001923 0.024685 0.005013 0.041228 0.032291 0.008920
0.733224 0.001875 0.000473 0.015936 0.000949 0.019185 0.000687 0.000753 0.000879 0.008186 0.010066 0.001056 0.003497 0.000865 0.000977 0.000244 0.001396 0.000599 0.000566 0.024854 0.002664 0.125597 0.000986 0.024252 0.001497 0.000157 0.000393 0.004093 0.000725 0.006831 0.003181 0.003358
0.610701 0.003260 0.000882 0.021856 0.003778 0.013498 0.001053 0.000927 0.003421 0.058992 0.001596 0.000485 0.001143 0.002303 0.006352 0.002983 0.006385 0.003294 0.017033 0.038970 0.005355 0.118513 0.001250 0.006454 0.006043 0.000404 0.000591 0.014354 0.000527 0.026914 0.007348 0.013340
0.767547 0.001511 0.000558 0.009256 0.000712 0.007722 0.001058 0.000995 0.002070 0.005630 0.008601 0.001883 0.001221 0.000638 0.001132 0.000361 0.002116 0.000691 0.000354 0.042859 0.003090 0.114610 0.000750 0.004491 0.001083 0.000371 0.000853 0.005774 0.000697 0.006407 0.003175 0.001783
0.608979 0.000928 0.002264 0.000922 0.009193 0.001453 0.001501 0.000879 0.001631 0.018213 0.010878 0.000857 0.000307 0.002075 0.007153 0.000349 0.021882 0.000756 0.000420 0.079162 0.028679 0.110794 0.000613 0.008412 0.002428 0.000350 0.000352 0.006567 0.001650 0.044642 0.022668 0.003044
0.689959 0.000794 0.000423 0.012812 0.010020 0.006267 0.000788 0.000624 0.000671 0.008635 0.005939 0.000702 0.000708 0.000709 0.002842 0.000533 0.006112 0.000325 0.000375 0.021518 0.004502 0.026176 0.001242 0.158076 0.001058 0.000195 0.000434 0.005650 0.000635 0.018001 0.010131 0.003145
0.739736 0.000356 0.000170 0.005630 0.003573 0.002270 0.000492 0.000344 0.000416 0.014798 0.002915 0.000426 0.000227 0.000278 0.001475 0.000254 0.002020 0.000173 0.000253 0.035424 0.002636 0.042838 0.000790 0.107457 0.000659 0.000063 0.000131 0.004656 0.000329 0.020685 0.006451 0.002073
0.769498 0.000147 0.000231 0.000450 0.000592 0.000255 0.000315 0.000091 0.000169 0.000809 0.001157 0.000049 0.000039 0.000406 0.007147 0.000055 0.006393 0.000825 0.000232 0.014854 0.005440 0.010812 0.000045 0.000188 0.002257 0.001959 0.001510 0.000610 0.000270 0.005576 0.167222 0.000397
