chair 9 392 145 526 0.335134 0.154602
chair 225 208 274 235 0.259298 0.732094
chair 592 130 654 257 0.239445 0.433030
chair 548 129 701 368 0.223312 0.443977
chair 638 125 658 250 0.208515 0.715549
chair 340 261 342 268 0.162035 0.799159
chair 252 217 274 232 0.157655 0.826565
chair 200 197 272 222 0.150863 0.833719
chair 338 262 342 289 0.137125 0.767229
chair 0 82 150 322 0.136068 0.633059
chair 10 12 114 109 0.135293 0.844068
chair 155 516 162 520 0.126636 0.376247
chair 288 228 288 235 0.122457 0.835602
chair 4 366 120 439 0.118197 0.629144
chair 276 217 286 223 0.105993 0.862948
chair 628 322 726 398 0.10483 0.227174
chair 647 129 659 167 0.103446 0.858651
sofa 16 108 229 529 0.991754 0.007342
sofa 599 334 729 528 0.785254 0.032730
sofa 666 325 729 395 0.461608 0.151472
sofa 6 290 136 516 0.450801 0.370174
sofa 249 248 483 464 0.264173 0.695682
sofa 2 389 126 440 0.167766 0.708818
sofa 26 199 40 208 0.143166 0.708779
table 0 477 20 514 0.309393 0.454435
table 0 479 12 492 0.129925 0.664296
picture 384 191 409 218 0.414306 0.454459
picture 384 161 423 247 0.365582 0.458189
picture 402 160 423 191 0.149994 0.747558
picture 702 48 711 52 0.11306 0.429968
picture 722 49 729 51 0.111984 0.217922
picture 455 168 461 210 0.111004 0.506428
picture 463 67 498 138 0.108696 0.650458
picture 283 106 326 182 0.100269 0.657799
desk 552 261 715 332 0.393379 0.444201
desk 514 137 705 342 0.110401 0.642137
pillow 204 203 289 301 0.885831 0.113979
pillow 4 208 61 294 0.630762 0.344175
pillow 44 196 265 314 0.485321 0.514109
pillow 620 391 724 524 0.332191 0.015575
pillow 255 251 288 295 0.323321 0.676666
pillow 0 279 83 402 0.319599 0.666332
pillow 222 238 262 289 0.279526 0.720473
pillow 15 108 156 353 0.235867 0.653984
pillow 243 208 276 271 0.152789 0.840961
pillow 272 254 279 264 0.126972 0.863754
pillow 1 283 5 288 0.12467 0.870552
pillow 276 254 334 291 0.101869 0.877433
clothes 618 385 727 520 0.198325 0.015575
paper 668 205 705 215 0.205476 0.328155
paper 691 145 708 156 0.167817 0.569481
paper 664 202 676 208 0.150041 0.365201
paper 722 49 729 51 0.144136 0.217922
paper 709 124 729 243 0.138877 0.208717
paper 439 72 466 135 0.136689 0.625735
paper 703 48 712 52 0.125694 0.429968
paper 454 216 539 264 0.125102 0.696657
paper 429 0 605 7 0.12398 0.653963
paper 496 123 503 125 0.119686 0.608146
paper 651 186 707 251 0.10984 0.740246
paper 331 113 332 120 0.101623 0.604105
box 114 111 116 119 0.268504 0.588119
box 96 111 113 119 0.189521 0.607024
box 117 104 118 114 0.166292 0.537683
box 406 189 413 241 0.136669 0.636765
box 384 190 414 248 0.135746 0.530140
box 664 201 677 207 0.121781 0.365201
box 455 168 460 207 0.120122 0.506428
box 284 110 295 122 0.107142 0.629276
box 283 122 290 125 0.10613 0.514108
box 668 205 707 222 0.104482 0.341022
person 630 316 727 370 0.131653 0.312024
night_stand 543 255 722 330 0.127078 0.448123
lamp 289 182 290 183 0.155062 0.588934
lamp 256 178 288 183 0.130719 0.799625
garbage_bin 599 154 658 244 0.127382 0.587427
