cabinet 7 126 173 403 0.827649 0.138156
chair 249 140 427 367 0.458336 0.539124
chair 231 170 586 500 0.245075 0.364710
chair 665 201 729 376 0.171457 0.374249
chair 326 136 335 144 0.122515 0.814461
chair 36 516 42 518 0.121158 0.490682
chair 0 515 41 529 0.110272 0.371447
chair 317 522 325 525 0.102509 0.404294
table 636 194 729 374 0.531053 0.307452
table 362 183 639 508 0.315024 0.262018
door 0 1 56 114 0.128927 0.146092
picture 314 35 427 149 0.898014 0.063022
picture 307 1 417 27 0.584561 0.316644
picture 630 65 727 176 0.240792 0.551491
picture 314 55 379 112 0.21415 0.754664
picture 5 5 56 112 0.137666 0.146092
picture 312 0 385 10 0.133305 0.657718
picture 387 0 412 6 0.12558 0.689193
picture 409 69 415 132 0.104176 0.872146
picture 305 61 323 134 0.103995 0.830921
counter 1 149 89 181 0.279129 0.690451
blinds 619 450 729 528 0.142223 0.638794
blinds 626 399 729 447 0.119518 0.783711
desk 365 165 691 500 0.969938 0.009989
pillow 463 115 468 120 0.200889 0.754392
pillow 469 109 480 116 0.121807 0.840904
mirror 0 0 74 154 0.207675 0.155186
tv 307 0 387 11 0.17581 0.657718
tv 382 0 414 6 0.132648 0.689193
tv 303 1 422 33 0.124574 0.288191
tv 370 39 415 56 0.104152 0.827312
paper 387 203 603 256 0.46113 0.526064
paper 490 209 505 222 0.331395 0.658922
paper 391 238 497 256 0.316819 0.678964
paper 490 212 497 218 0.304576 0.660665
paper 499 211 501 212 0.303576 0.684959
paper 314 509 319 512 0.25525 0.388895
paper 408 211 504 241 0.252358 0.734955
paper 532 242 577 261 0.249321 0.686282
paper 538 245 556 254 0.213056 0.749259
paper 482 219 500 234 0.211304 0.774644
paper 532 242 542 252 0.191703 0.771821
paper 279 379 308 387 0.190191 0.552903
paper 295 510 313 518 0.184784 0.470077
paper 463 223 495 241 0.180417 0.811306
paper 547 209 605 219 0.17726 0.642502
paper 464 226 479 236 0.167772 0.818122
paper 460 239 471 244 0.165118 0.828076
paper 541 253 562 261 0.161124 0.828398
paper 433 227 471 244 0.1611 0.822272
paper 560 247 570 253 0.16074 0.819275
paper 473 237 474 238 0.149318 0.848031
paper 491 199 529 221 0.148686 0.838985
paper 481 237 496 241 0.147829 0.851012
paper 673 385 729 403 0.144096 0.534765
paper 421 176 501 220 0.14249 0.751746
paper 432 227 452 236 0.140863 0.844836
paper 65 370 75 376 0.140072 0.617573
paper 320 107 321 111 0.138748 0.475610
paper 296 510 383 529 0.135872 0.230962
paper 39 389 53 394 0.13337 0.463928
paper 498 185 605 239 0.132624 0.830627
paper 662 509 729 525 0.130647 0.402888
paper 318 522 325 525 0.125068 0.404294
paper 75 403 82 404 0.124444 0.631343
paper 669 63 729 129 0.122904 0.467821
paper 42 395 68 402 0.122879 0.593564
paper 122 346 126 347 0.122457 0.709009
paper 65 367 133 387 0.119287 0.600585
paper 130 336 131 338 0.119087 0.778341
paper 543 242 550 246 0.118286 0.772096
paper 236 317 250 321 0.117766 0.304791
paper 96 348 109 358 0.115918 0.608855
paper 253 513 309 529 0.115537 0.297806
paper 284 498 286 499 0.109748 0.656749
paper 708 212 723 216 0.108158 0.452550
paper 680 481 686 483 0.107491 0.568937
paper 1 416 7 419 0.106904 0.831715
paper 224 447 276 460 0.106389 0.599608
paper 194 495 311 529 0.106015 0.489284
paper 687 482 694 484 0.102983 0.626503
box 320 106 322 111 0.197231 0.475610
box 314 509 320 512 0.174392 0.388895
box 293 510 383 529 0.128269 0.230962
box 84 489 89 492 0.122576 0.627725
box 692 255 729 315 0.111935 0.705931
box 34 489 78 502 0.109324 0.665972
whiteboard 2 2 52 130 0.344938 0.146092
lamp 675 129 726 224 0.237928 0.594308
lamp 633 49 721 308 0.229853 0.672715
lamp 708 211 722 216 0.106853 0.452550
garbage_bin 236 316 250 321 0.107571 0.304791
