0.145654 0.784002 0.000002 0.000317 0.000155 0.000045 0.010794 0.001103 0.015218 0.009249 0.016275 0.005532 0.000011 0.000255 0.000060 0.003768 0.000227 0.000536 0.001992 0.000353 0.000073 0.000279 0.001629 0.000330 0.000123 0.000369 0.000174 0.000330 0.000043 0.000111 0.000654 0.000341
0.203189 0.001427 0.528345 0.008622 0.003125 0.005268 0.001095 0.000538 0.001495 0.003053 0.000616 0.001223 0.004975 0.015786 0.020774 0.000638 0.096518 0.000548 0.001158 0.003102 0.036393 0.002357 0.000594 0.002850 0.006408 0.001102 0.000832 0.025760 0.000745 0.015242 0.004829 0.001391
0.009248 0.000001 0.000000 0.990466 0.000005 0.000130 0.000000 0.000000 0.000001 0.000000 0.000014 0.000000 0.000121 0.000000 0.000001 0.000000 0.000001 0.000001 0.000000 0.000000 0.000000 0.000002 0.000000 0.000001 0.000001 0.000001 0.000000 0.000001 0.000000 0.000001 0.000002 0.000001
0.660232 0.000018 0.000000 0.339370 0.000011 0.000051 0.000004 0.000002 0.000026 0.000011 0.000054 0.000005 0.000002 0.000001 0.000033 0.000002 0.000013 0.000002 0.000002 0.000031 0.000004 0.000048 0.000003 0.000008 0.000002 0.000005 0.000006 0.000014 0.000000 0.000015 0.000014 0.000010
0.645407 0.000251 0.002313 0.170390 0.019642 0.017174 0.001471 0.000719 0.000540 0.005381 0.001748 0.001131 0.000734 0.001279 0.016697 0.000705 0.005423 0.002099 0.002129 0.035829 0.010009 0.020101 0.000663 0.004641 0.001191 0.001075 0.000280 0.002670 0.001086 0.012495 0.012388 0.002339
0.826181 0.000236 0.003676 0.140940 0.002009 0.001447 0.000262 0.000086 0.000119 0.000239 0.000671 0.000162 0.000468 0.000855 0.001323 0.000113 0.008889 0.000186 0.000106 0.000295 0.003443 0.000331 0.000135 0.000923 0.000476 0.000472 0.000254 0.001910 0.000095 0.001890 0.001564 0.000246
0.472900 0.001809 0.005063 0.129829 0.024971 0.055535 0.005892 0.002756 0.004947 0.011230 0.018466 0.003192 0.005750 0.005286 0.009152 0.002272 0.010012 0.005780 0.005512 0.065487 0.014873 0.054121 0.002180 0.014217 0.005179 0.001751 0.001079 0.004627 0.003411 0.025463 0.022549 0.004709
0.477993 0.002370 0.121604 0.111336 0.003951 0.032986 0.001396 0.000649 0.001272 0.004837 0.002681 0.001960 0.005282 0.009002 0.027623 0.000933 0.048448 0.000530 0.001263 0.005543 0.021592 0.003018 0.000664 0.004184 0.007573 0.002308 0.003274 0.072164 0.000918 0.011516 0.008322 0.002809
0.894122 0.000003 0.000014 0.101804 0.000051 0.002332 0.000004 0.000005 0.000006 0.000048 0.000043 0.000003 0.000122 0.000005 0.000106 0.000002 0.000026 0.000046 0.000004 0.000527 0.000056 0.000361 0.000004 0.000013 0.000018 0.000008 0.000015 0.000060 0.000007 0.000093 0.000077 0.000015
0.241265 0.004479 0.007104 0.101583 0.030828 0.034480 0.012512 0.006063 0.006506 0.035843 0.013230 0.007213 0.005515 0.012414 0.037543 0.007411 0.022103 0.010151 0.020649 0.081361 0.026634 0.090427 0.008725 0.026176 0.010342 0.006266 0.003230 0.018900 0.007385 0.044747 0.038926 0.019986
0.430797 0.001609 0.005329 0.100193 0.022692 0.014395 0.005619 0.002810 0.002237 0.020178 0.004407 0.004660 0.001788 0.005408 0.043402 0.003258 0.030805 0.005423 0.006045 0.052971 0.037258 0.054993 0.003353 0.014995 0.005996 0.005673 0.002605 0.015717 0.003436 0.043901 0.038215 0.009831
0.299647 0.011790 0.000209 0.000985 0.000177 0.246311 0.000162 0.000029 0.002207 0.000122 0.020268 0.000056 0.415108 0.000391 0.000003 0.000115 0.000024 0.000707 0.000366 0.000016 0.000008 0.000059 0.000454 0.000086 0.000056 0.000049 0.000212 0.000041 0.000166 0.000013 0.000071 0.000091
0.720475 0.002967 0.000122 0.032894 0.001246 0.168431 0.000413 0.000502 0.003165 0.002240 0.015173 0.000346 0.012361 0.000642 0.001190 0.000315 0.001063 0.000698 0.000839 0.007524 0.000978 0.009980 0.000592 0.001163 0.001826 0.000308 0.002833 0.001775 0.000371 0.002086 0.003548 0.001934
0.057832 0.000001 0.000000 0.000001 0.000000 0.000000 0.000003 0.000000 0.000007 0.941713 0.000000 0.000000 0.000000 0.000000 0.000002 0.000077 0.000000 0.000024 0.000002 0.000216 0.000001 0.000098 0.000000 0.000003 0.000000 0.000000 0.000000 0.000008 0.000000 0.000004 0.000000 0.000005
0.709229 0.000540 0.000302 0.000489 0.000330 0.000327 0.000732 0.000396 0.004458 0.234101 0.000157 0.000177 0.000112 0.000766 0.002881 0.000688 0.000735 0.004842 0.000296 0.023723 0.000759 0.004008 0.000129 0.000745 0.000836 0.000590 0.000095 0.004441 0.000297 0.001799 0.000356 0.000663
0.732839 0.000499 0.000032 0.000358 0.000183 0.000088 0.000732 0.000578 0.000543 0.182288 0.000305 0.000586 0.000010 0.000150 0.004173 0.007335 0.002333 0.000455 0.003315 0.039273 0.002076 0.008659 0.000181 0.001089 0.000335 0.000116 0.000129 0.003167 0.000129 0.005487 0.000654 0.001903
0.635079 0.000709 0.000142 0.001151 0.002258 0.000298 0.001646 0.000871 0.000853 0.114697 0.000575 0.001808 0.000062 0.000458 0.012585 0.002087 0.005764 0.001043 0.000670 0.076069 0.013273 0.020266 0.007940 0.003199 0.000638 0.002002 0.000791 0.066177 0.001307 0.016208 0.007189 0.002186
0.505052 0.012942 0.002563 0.003041 0.006580 0.000591 0.040596 0.006458 0.001999 0.020282 0.016967 0.104959 0.000106 0.001979 0.012861 0.004385 0.021622 0.002857 0.001404 0.050451 0.040672 0.020247 0.009583 0.006076 0.002550 0.010492 0.007292 0.009852 0.003553 0.026695 0.043002 0.002293
0.005431 0.000283 0.000003 0.000076 0.000001 0.019117 0.000001 0.000000 0.000026 0.000001 0.001462 0.000000 0.973532 0.000012 0.000000 0.000000 0.000000 0.000006 0.000003 0.000001 0.000000 0.000002 0.000001 0.000001 0.000025 0.000001 0.000008 0.000001 0.000002 0.000000 0.000003 0.000002
0.585825 0.018184 0.000029 0.000329 0.000250 0.000058 0.026328 0.001525 0.003595 0.067702 0.000454 0.001652 0.000002 0.000206 0.000136 0.256575 0.000726 0.003919 0.003048 0.005818 0.001421 0.004971 0.003911 0.000377 0.000106 0.001890 0.000325 0.007778 0.000411 0.000631 0.000810 0.001009
0.429197 0.000951 0.000518 0.004008 0.000362 0.000898 0.000521 0.000145 0.000961 0.003462 0.000499 0.000331 0.001956 0.009062 0.001260 0.000986 0.254883 0.000838 0.000567 0.000868 0.075340 0.003930 0.000039 0.077390 0.002584 0.000117 0.000238 0.004952 0.000138 0.120343 0.001758 0.000898
0.472990 0.001230 0.178754 0.005221 0.001690 0.001580 0.001104 0.000519 0.001422 0.002505 0.000750 0.001365 0.005091 0.012263 0.014517 0.000643 0.191897 0.000579 0.000807 0.002266 0.041645 0.001869 0.000799 0.004231 0.003776 0.001219 0.001149 0.022085 0.000749 0.020271 0.003799 0.001213
0.414079 0.001804 0.019703 0.004247 0.001447 0.001562 0.000578 0.000284 0.001566 0.009366 0.001525 0.000436 0.006979 0.033409 0.011059 0.000718 0.180670 0.001157 0.002931 0.001777 0.081503 0.008276 0.000090 0.009418 0.013456 0.000604 0.000752 0.010802 0.000426 0.172983 0.005024 0.001365
0.510155 0.000702 0.000701 0.004027 0.000191 0.000297 0.000188 0.000099 0.000376 0.004273 0.000401 0.000197 0.001438 0.006588 0.003099 0.000347 0.167907 0.000390 0.000483 0.000654 0.085447 0.003051 0.000020 0.032998 0.003859 0.000093 0.000340 0.004211 0.000092 0.164292 0.002344 0.000741
0.697177 0.000331 0.001064 0.001048 0.000480 0.000136 0.000384 0.000274 0.000297 0.005992 0.000782 0.000687 0.000335 0.001380 0.006529 0.000371 0.123794 0.000462 0.000285 0.003626 0.021731 0.003286 0.000121 0.016903 0.002199 0.000211 0.000266 0.013062 0.000166 0.092778 0.002953 0.000892
0.697342 0.000278 0.000226 0.001799 0.000030 0.000089 0.000052 0.000027 0.000116 0.001461 0.000141 0.000056 0.000589 0.003236 0.001079 0.000093 0.118972 0.000129 0.000096 0.000197 0.049862 0.001066 0.000004 0.019088 0.001879 0.000023 0.000097 0.002247 0.000019 0.098594 0.000884 0.000232
0.352318 0.002442 0.005136 0.013721 0.001445 0.002307 0.001214 0.000563 0.001431 0.016669 0.002459 0.000900 0.008568 0.021407 0.015475 0.001613 0.118564 0.002075 0.006665 0.004304 0.088208 0.019489 0.000182 0.066130 0.016781 0.000653 0.001655 0.013376 0.000596 0.196232 0.012964 0.004458
0.786438 0.000019 0.000018 0.000035 0.000001 0.000002 0.000001 0.000001 0.000005 0.000173 0.000008 0.000002 0.000061 0.000678 0.000092 0.000004 0.101455 0.000006 0.000003 0.000012 0.040367 0.000063 0.000000 0.006440 0.000211 0.000001 0.000003 0.000277 0.000001 0.063559 0.000058 0.000010
0.071457 0.005353 0.000003 0.000252 0.000914 0.000084 0.000779 0.000354 0.001514 0.004485 0.000305 0.000986 0.000032 0.000128 0.000070 0.004629 0.000437 0.000772 0.892014 0.000616 0.000206 0.001708 0.001581 0.000157 0.000212 0.000091 0.000648 0.001557 0.000153 0.000913 0.001087 0.006504
0.597263 0.008741 0.000018 0.019216 0.000320 0.000999 0.002290 0.000248 0.000362 0.000826 0.000457 0.000417 0.000067 0.000450 0.000065 0.000581 0.000206 0.016355 0.331974 0.000814 0.000382 0.005156 0.001240 0.000097 0.000624 0.000261 0.000156 0.000108 0.000111 0.001178 0.005866 0.003150
0.576900 0.017173 0.000117 0.010818 0.000674 0.001160 0.010180 0.000697 0.002172 0.002737 0.000435 0.002094 0.000387 0.003418 0.000214 0.001939 0.001471 0.028302 0.297901 0.002024 0.000887 0.011184 0.001495 0.000447 0.002233 0.000817 0.000262 0.000542 0.000125 0.003422 0.010504 0.007267
0.849186 0.000329 0.000003 0.000657 0.000147 0.000057 0.000081 0.000053 0.000029 0.000238 0.000159 0.000050 0.000006 0.000028 0.000035 0.000035 0.000060 0.000406 0.144782 0.000721 0.000063 0.000773 0.000124 0.000025 0.000101 0.000016 0.000036 0.000028 0.000040 0.000342 0.000457 0.000931
0.855599 0.000175 0.000001 0.000065 0.000067 0.000019 0.000030 0.000023 0.000013 0.000165 0.000118 0.000015 0.000003 0.000012 0.000016 0.000010 0.000020 0.000152 0.141467 0.000594 0.000026 0.000320 0.000032 0.000012 0.000055 0.000008 0.000018 0.000018 0.000036 0.000159 0.000343 0.000407
0.670076 0.010365 0.000537 0.007110 0.001487 0.001508 0.005484 0.001411 0.003586 0.003718 0.001837 0.001968 0.000675 0.002288 0.001127 0.002399 0.004195 0.030035 0.135765 0.007996 0.003001 0.054163 0.002257 0.000849 0.004912 0.002656 0.002664 0.002001 0.000963 0.006553 0.012148 0.014265
0.857824 0.000114 0.000026 0.000604 0.000065 0.000206 0.000110 0.000123 0.000095 0.001472 0.000224 0.000142 0.000109 0.000117 0.000203 0.000096 0.000235 0.000380 0.122800 0.003699 0.000277 0.006158 0.000110 0.000168 0.000257 0.000019 0.000074 0.000158 0.000060 0.001045 0.000438 0.002591
0.366592 0.001842 0.000221 0.001174 0.000745 0.001330 0.001069 0.000951 0.004937 0.028072 0.004173 0.000835 0.000304 0.001571 0.018522 0.000673 0.015603 0.000418 0.001573 0.344648 0.018554 0.083447 0.000452 0.001195 0.004975 0.001217 0.005982 0.020493 0.001028 0.044668 0.017912 0.004825
0.473014 0.002494 0.000430 0.005429 0.000793 0.002007 0.002599 0.001216 0.004660 0.024448 0.002079 0.001636 0.000556 0.003673 0.018768 0.000975 0.028727 0.000816 0.001714 0.200158 0.013548 0.090523 0.000916 0.002488 0.006120 0.001983 0.002956 0.027357 0.000847 0.052298 0.019230 0.005538
0.427289 0.001503 0.001340 0.030441 0.020912 0.023350 0.004162 0.002253 0.002465 0.018977 0.007322 0.001741 0.001439 0.003027 0.013153 0.002438 0.006523 0.009200 0.006484 0.159668 0.018990 0.120069 0.002019 0.003851 0.003030 0.002890 0.000959 0.006765 0.004985 0.024905 0.062063 0.005787
0.740163 0.000102 0.000203 0.002703 0.000586 0.002118 0.000216 0.000104 0.000246 0.006096 0.000861 0.000122 0.000110 0.000212 0.002617 0.000056 0.000690 0.001252 0.000113 0.156606 0.003138 0.051149 0.000137 0.000295 0.000379 0.000413 0.000216 0.003712 0.000463 0.003770 0.020805 0.000348
0.766461 0.000251 0.000072 0.001223 0.000257 0.001078 0.000211 0.000239 0.001754 0.007356 0.001211 0.000237 0.000123 0.000501 0.010124 0.000146 0.003136 0.000110 0.000360 0.154577 0.001418 0.028305 0.000110 0.000495 0.001571 0.000221 0.000674 0.004602 0.000140 0.008986 0.002347 0.001705
0.320511 0.002103 0.001829 0.029389 0.018063 0.022905 0.005279 0.003790 0.002499 0.032220 0.009085 0.004244 0.002324 0.004398 0.025906 0.003403 0.015631 0.006825 0.011135 0.145227 0.032335 0.146068 0.004637 0.010436 0.006519 0.003134 0.001893 0.012734 0.007540 0.037912 0.057727 0.012297
0.503676 0.000899 0.003313 0.026959 0.010177 0.010142 0.002496 0.001735 0.001314 0.018738 0.004614 0.003330 0.000891 0.002275 0.029096 0.001197 0.015044 0.003970 0.002026 0.139406 0.027180 0.077925 0.002058 0.005616 0.003923 0.003373 0.002037 0.018185 0.003362 0.024784 0.045691 0.004568
0.590673 0.002083 0.000280 0.007911 0.000870 0.002330 0.002306 0.000978 0.003937 0.021456 0.001720 0.001240 0.000631 0.003490 0.014473 0.000741 0.018492 0.000832 0.001800 0.131959 0.006666 0.100348 0.000768 0.001874 0.004632 0.001568 0.001564 0.020550 0.000609 0.033385 0.014602 0.005229
0.523238 0.000647 0.002686 0.016204 0.007468 0.008873 0.002045 0.001539 0.001194 0.020918 0.004344 0.002816 0.000506 0.001962 0.028456 0.000904 0.010930 0.003792 0.002218 0.130074 0.019104 0.094921 0.001617 0.005646 0.002993 0.002546 0.001498 0.013963 0.003803 0.025030 0.053652 0.004414
0.688707 0.000129 0.000431 0.003175 0.001801 0.001499 0.000380 0.000233 0.000444 0.006899 0.001391 0.000402 0.000067 0.000341 0.005785 0.000110 0.001417 0.001493 0.000296 0.122293 0.005209 0.105010 0.000213 0.000671 0.000505 0.000698 0.000331 0.004604 0.000777 0.006438 0.037658 0.000594
0.741918 0.000271 0.000310 0.001041 0.000293 0.000464 0.000275 0.000222 0.001261 0.007771 0.001980 0.000160 0.000088 0.000964 0.015599 0.000165 0.018253 0.000198 0.000247 0.120929 0.009283 0.026960 0.000089 0.000260 0.003066 0.000407 0.001122 0.002322 0.000174 0.024706 0.018074 0.001130
0.422832 0.002332 0.003464 0.005335 0.014083 0.005304 0.006924 0.002388 0.001268 0.020340 0.010149 0.006722 0.000421 0.002186 0.021580 0.001867 0.021230 0.005926 0.002685 0.119724 0.033720 0.066517 0.003424 0.006621 0.003899 0.005290 0.006345 0.024196 0.004946 0.042814 0.121513 0.003953
0.770481 0.000125 0.000193 0.000529 0.000093 0.000351 0.000199 0.000112 0.000903 0.006994 0.000722 0.000091 0.000086 0.000711 0.010124 0.000105 0.016969 0.000108 0.000131 0.116831 0.006562 0.030070 0.000038 0.000159 0.002330 0.000159 0.000600 0.001736 0.000075 0.021657 0.010112 0.000643
0.066747 0.007590 0.004802 0.005862 0.021547 0.018323 0.022750 0.008967 0.007318 0.054705 0.015378 0.010802 0.003397 0.014661 0.029036 0.010612 0.028363 0.017667 0.032226 0.112390 0.030469 0.089172 0.006487 0.014307 0.017288 0.024238 0.004961 0.044467 0.013852 0.050099 0.196433 0.015084
0.568354 0.001046 0.001430 0.040255 0.011266 0.016424 0.004693 0.001482 0.000813 0.021664 0.005367 0.002750 0.000891 0.003102 0.014554 0.001404 0.007702 0.004653 0.001916 0.109549 0.014386 0.061106 0.003191 0.008991 0.003224 0.006649 0.002406 0.016108 0.004477 0.016558 0.037804 0.005786
0.499274 0.003684 0.000683 0.013711 0.002281 0.001111 0.008308 0.001714 0.010527 0.059781 0.000954 0.004143 0.000339 0.002739 0.006241 0.006157 0.005389 0.007497 0.002493 0.107853 0.007315 0.110611 0.003960 0.004103 0.002200 0.001969 0.000790 0.082444 0.000679 0.013508 0.022267 0.005275
0.496164 0.002101 0.001690 0.046345 0.011557 0.018458 0.007981 0.002418 0.001533 0.027195 0.006734 0.004161 0.001385 0.004270 0.015265 0.002427 0.009325 0.007169 0.002676 0.106090 0.019125 0.069264 0.004578 0.010729 0.004353 0.010282 0.003408 0.022035 0.005916 0.020405 0.046827 0.008131
0.619325 0.000509 0.003213 0.035164 0.015957 0.012127 0.001909 0.000935 0.000829 0.008218 0.003314 0.001388 0.000458 0.001730 0.017585 0.000750 0.006299 0.004363 0.001446 0.104918 0.014945 0.055790 0.000782 0.002934 0.001942 0.002967 0.000963 0.008480 0.002530 0.014625 0.051240 0.002366
0.724336 0.000320 0.000385 0.002036 0.002647 0.001932 0.000830 0.000444 0.001026 0.005610 0.001996 0.000568 0.000152 0.000406 0.002713 0.000223 0.000961 0.001922 0.000678 0.104857 0.006135 0.086649 0.000237 0.000648 0.000633 0.000787 0.000560 0.002592 0.001126 0.006244 0.039417 0.000932
0.596966 0.000800 0.004845 0.032588 0.018997 0.013365 0.002113 0.001175 0.001299 0.009054 0.004718 0.002318 0.000850 0.002021 0.017781 0.000903 0.007632 0.004936 0.001319 0.104784 0.017620 0.056155 0.001110 0.003053 0.002582 0.004381 0.001862 0.013073 0.003268 0.015154 0.050671 0.002608
0.792389 0.000323 0.000275 0.001390 0.000287 0.000676 0.000280 0.000201 0.001093 0.009637 0.001973 0.000146 0.000114 0.000848 0.008430 0.000217 0.009307 0.000246 0.000320 0.103318 0.007254 0.021981 0.000116 0.000361 0.002370 0.000489 0.000826 0.003219 0.000229 0.016584 0.013881 0.001221
0.445066 0.002598 0.002241 0.049208 0.014055 0.020998 0.009142 0.003145 0.002133 0.029295 0.007412 0.005408 0.001745 0.005122 0.018362 0.003254 0.012569 0.008073 0.003685 0.100840 0.024468 0.075872 0.004878 0.011910 0.005305 0.011551 0.003696 0.024959 0.006269 0.025636 0.051391 0.009713
0.459675 0.001439 0.006529 0.006052 0.001061 0.001000 0.000800 0.000412 0.001404 0.013511 0.001307 0.000553 0.004453 0.016215 0.012552 0.001219 0.122178 0.001422 0.003324 0.003360 0.100944 0.011064 0.000129 0.013274 0.010656 0.000762 0.000833 0.009573 0.000516 0.185036 0.006630 0.002117
0.320511 0.002103 0.001829 0.029389 0.018063 0.022905 0.005279 0.003790 0.002499 0.032220 0.009085 0.004244 0.002324 0.004398 0.025906 0.003403 0.015631 0.006825 0.011135 0.145227 0.032335 0.146068 0.004637 0.010436 0.006519 0.003134 0.001893 0.012734 0.007540 0.037912 0.057727 0.012297
0.427289 0.001503 0.001340 0.030441 0.020912 0.023350 0.004162 0.002253 0.002465 0.018977 0.007322 0.001741 0.001439 0.003027 0.013153 0.002438 0.006523 0.009200 0.006484 0.159668 0.018990 0.120069 0.002019 0.003851 0.003030 0.002890 0.000959 0.006765 0.004985 0.024905 0.062063 0.005787
0.499274 0.003684 0.000683 0.013711 0.002281 0.001111 0.008308 0.001714 0.010527 0.059781 0.000954 0.004143 0.000339 0.002739 0.006241 0.006157 0.005389 0.007497 0.002493 0.107853 0.007315 0.110611 0.003960 0.004103 0.002200 0.001969 0.000790 0.082444 0.000679 0.013508 0.022267 0.005275
0.168088 0.005502 0.006955 0.090982 0.033647 0.040283 0.013284 0.007390 0.007327 0.037804 0.017271 0.007174 0.006780 0.014140 0.037955 0.009376 0.024670 0.011789 0.024887 0.091170 0.030982 0.106396 0.010710 0.025182 0.013365 0.007884 0.004078 0.020384 0.009714 0.047271 0.046031 0.021532
0.688707 0.000129 0.000431 0.003175 0.001801 0.001499 0.000380 0.000233 0.000444 0.006899 0.001391 0.000402 0.000067 0.000341 0.005785 0.000110 0.001417 0.001493 0.000296 0.122293 0.005209 0.105010 0.000213 0.000671 0.000505 0.000698 0.000331 0.004604 0.000777 0.006438 0.037658 0.000594
0.487369 0.000755 0.002774 0.023525 0.010845 0.009111 0.002575 0.001897 0.001173 0.022444 0.003843 0.003293 0.000557 0.002563 0.036174 0.001359 0.015275 0.003846 0.003019 0.122222 0.025033 0.102224 0.001910 0.007235 0.003933 0.002766 0.001407 0.014103 0.003370 0.028921 0.048799 0.005678
0.590673 0.002083 0.000280 0.007911 0.000870 0.002330 0.002306 0.000978 0.003937 0.021456 0.001720 0.001240 0.000631 0.003490 0.014473 0.000741 0.018492 0.000832 0.001800 0.131959 0.006666 0.100348 0.000768 0.001874 0.004632 0.001568 0.001564 0.020550 0.000609 0.033385 0.014602 0.005229
0.611814 0.001045 0.000124 0.003205 0.000246 0.000788 0.001610 0.000550 0.001162 0.017056 0.000072 0.004449 0.000049 0.000399 0.001584 0.006986 0.002865 0.000275 0.001500 0.003751 0.000527 0.002144 0.004396 0.000889 0.000328 0.000174 0.000138 0.327942 0.000065 0.001537 0.000933 0.001397
0.670885 0.000201 0.000078 0.000778 0.000248 0.000546 0.000259 0.000287 0.000351 0.051889 0.000067 0.000416 0.000014 0.000168 0.001928 0.005388 0.002596 0.000304 0.000880 0.017719 0.000672 0.004994 0.000108 0.000356 0.000546 0.000099 0.000117 0.234078 0.000036 0.002526 0.000297 0.001166
0.632811 0.002863 0.001001 0.005530 0.000562 0.013531 0.001341 0.000510 0.003384 0.052034 0.000490 0.000845 0.001671 0.007158 0.003681 0.007054 0.009796 0.001346 0.007880 0.014029 0.001542 0.025303 0.001375 0.001146 0.005002 0.000334 0.000516 0.178204 0.000253 0.005011 0.005969 0.007828
0.475382 0.002182 0.000884 0.003001 0.000629 0.006157 0.001188 0.001000 0.001947 0.096182 0.000541 0.000948 0.000581 0.004657 0.006988 0.010645 0.020084 0.002225 0.056806 0.026875 0.003810 0.068049 0.000596 0.002235 0.005715 0.000478 0.000414 0.162835 0.000382 0.015866 0.008028 0.012690
0.732359 0.000898 0.000245 0.000985 0.001649 0.000103 0.003654 0.000681 0.002670 0.035576 0.000128 0.002171 0.000004 0.000186 0.014708 0.009945 0.002842 0.000427 0.000504 0.055923 0.006489 0.007727 0.000891 0.001675 0.000524 0.001325 0.000551 0.100446 0.000158 0.011897 0.001106 0.001553
0.315681 0.002159 0.003841 0.013784 0.001314 0.002074 0.001422 0.000618 0.001362 0.017969 0.002133 0.001007 0.008212 0.017090 0.013755 0.002248 0.129451 0.002080 0.006458 0.004292 0.091915 0.016617 0.000229 0.091404 0.013943 0.000804 0.001548 0.015959 0.000565 0.206393 0.009114 0.004557
0.510155 0.000702 0.000701 0.004027 0.000191 0.000297 0.000188 0.000099 0.000376 0.004273 0.000401 0.000197 0.001438 0.006588 0.003099 0.000347 0.167907 0.000390 0.000483 0.000654 0.085447 0.003051 0.000020 0.032998 0.003859 0.000093 0.000340 0.004211 0.000092 0.164292 0.002344 0.000741
0.429197 0.000951 0.000518 0.004008 0.000362 0.000898 0.000521 0.000145 0.000961 0.003462 0.000499 0.000331 0.001956 0.009062 0.001260 0.000986 0.254883 0.000838 0.000567 0.000868 0.075340 0.003930 0.000039 0.077390 0.002584 0.000117 0.000238 0.004952 0.000138 0.120343 0.001758 0.000898
0.369854 0.005338 0.003643 0.005533 0.005294 0.012730 0.008851 0.003442 0.003595 0.023313 0.010629 0.002843 0.004762 0.013989 0.013405 0.003267 0.021557 0.018725 0.010189 0.058334 0.027132 0.049463 0.001593 0.006015 0.010891 0.027653 0.005868 0.020118 0.008624 0.033375 0.203830 0.006145
0.520734 0.003659 0.004840 0.008438 0.033172 0.002706 0.005806 0.002391 0.002430 0.017131 0.031801 0.004038 0.000344 0.001884 0.015597 0.001815 0.019418 0.003797 0.001536 0.048740 0.020271 0.045021 0.003228 0.008751 0.002648 0.009351 0.007061 0.014872 0.003275 0.027527 0.123682 0.004035
0.422832 0.002332 0.003464 0.005335 0.014083 0.005304 0.006924 0.002388 0.001268 0.020340 0.010149 0.006722 0.000421 0.002186 0.021580 0.001867 0.021230 0.005926 0.002685 0.119724 0.033720 0.066517 0.003424 0.006621 0.003899 0.005290 0.006345 0.024196 0.004946 0.042814 0.121513 0.003953
0.330302 0.008741 0.008745 0.010224 0.044025 0.003084 0.018085 0.005712 0.003632 0.033778 0.021552 0.018848 0.000394 0.003109 0.027390 0.003783 0.033709 0.006974 0.001984 0.065712 0.039432 0.073592 0.011278 0.015523 0.002985 0.010798 0.007156 0.023616 0.004897 0.041461 0.113704 0.005778
