cabinet 450 168 504 293 0.17342 0.560083
bed 16 115 694 524 0.999347 0.000606
bed 28 125 195 527 0.225103 0.763590
chair 667 152 729 359 0.3997 0.309354
chair 1 217 14 221 0.279544 0.705461
chair 660 159 696 294 0.232819 0.657251
chair 158 516 166 525 0.188709 0.409508
chair 5 197 44 299 0.15342 0.796861
chair 34 198 45 241 0.149044 0.808744
chair 219 522 230 526 0.128465 0.540783
chair 165 521 174 529 0.121821 0.173922
chair 35 222 46 256 0.12099 0.781987
sofa 6 190 92 284 0.575059 0.364637
sofa 0 181 44 197 0.236396 0.649826
sofa 36 156 197 493 0.146213 0.730102
sofa 4 196 45 373 0.125032 0.730939
table 502 164 705 300 0.102554 0.579018
picture 714 83 729 103 0.174027 0.110888
desk 506 153 706 305 0.105583 0.579018
pillow 208 223 252 260 0.516348 0.482929
pillow 442 261 453 275 0.482039 0.502215
pillow 246 232 279 248 0.3617 0.637930
pillow 237 230 290 265 0.334593 0.665246
pillow 231 224 247 236 0.241125 0.754351
pillow 257 244 331 266 0.220567 0.779331
pillow 477 290 619 356 0.195221 0.782403
pillow 341 257 459 294 0.18566 0.814221
pillow 137 210 251 263 0.179181 0.811130
pillow 416 269 469 297 0.15408 0.845792
pillow 363 185 468 295 0.143258 0.844916
pillow 253 125 336 268 0.137157 0.820653
pillow 313 247 318 250 0.136423 0.822601
pillow 144 216 359 290 0.133551 0.839314
pillow 242 232 258 239 0.125584 0.864839
pillow 344 262 368 281 0.116565 0.883306
pillow 371 257 397 272 0.102716 0.893378
pillow 303 376 338 405 0.101245 0.761630
clothes 491 182 555 287 0.108438 0.627378
paper 673 212 690 257 0.390778 0.550158
paper 0 432 2 435 0.225279 0.743184
paper 8 430 21 436 0.155479 0.720102
paper 705 76 729 101 0.135136 0.193994
paper 144 141 153 200 0.1288 0.586164
paper 720 137 729 144 0.124209 0.296422
paper 523 102 613 142 0.101984 0.725243
paper 136 491 147 503 0.101282 0.681683
paper 193 152 199 183 0.100991 0.571298
box 528 410 546 457 0.294031 0.670407
box 193 153 200 183 0.118193 0.571298
box 720 137 729 143 0.114997 0.296422
lamp 681 103 729 117 0.134833 0.626816
lamp 693 125 728 164 0.123011 0.633860
garbage_bin 224 481 305 529 0.580445 0.402067
garbage_bin 249 345 417 529 0.316737 0.585626
garbage_bin 294 442 346 529 0.216924 0.637065
garbage_bin 703 77 729 102 0.112253 0.193994
