bed 69 33 729 518 0.994637 0.004231
bed 131 171 390 452 0.167292 0.810837
chair 232 166 331 233 0.104802 0.692859
picture 525 1 714 90 0.945932 0.023175
pillow 360 183 362 184 0.185732 0.811183
pillow 233 170 323 221 0.103067 0.692859
clothes 249 488 349 528 0.295136 0.336307
clothes 0 386 40 529 0.148402 0.637072
paper 64 150 125 187 0.4562 0.269593
paper 433 516 440 522 0.218384 0.516042
paper 85 165 123 177 0.196307 0.544352
paper 359 505 369 507 0.172468 0.506526
paper 45 168 77 187 0.16928 0.685012
paper 440 519 457 526 0.153351 0.701385
paper 575 24 630 56 0.133328 0.648807
paper 80 195 82 196 0.118355 0.862175
paper 449 515 458 522 0.10592 0.796737
paper 347 504 352 520 0.101763 0.575695
towel 0 384 40 527 0.116403 0.637072
box 71 163 125 188 0.127687 0.453364
box 360 504 369 507 0.127026 0.506526
person 287 526 299 529 0.253091 0.308923
person 1 140 15 192 0.107737 0.760500
lamp 12 2 105 58 0.385851 0.575499
bag 243 492 380 529 0.29366 0.354960
bag 286 526 298 529 0.167554 0.308923
bag 516 518 559 529 0.113073 0.475047
bag 550 526 559 529 0.106241 0.328733
garbage_bin 346 503 352 520 0.13944 0.575695
garbage_bin 359 504 369 508 0.121789 0.506526
