bed 24 275 405 448 0.136785 0.785887
chair 570 198 729 429 0.803287 0.194799
chair 238 159 317 265 0.717638 0.175967
chair 236 203 268 264 0.366439 0.593677
chair 314 146 350 240 0.356504 0.601617
chair 390 163 405 168 0.31874 0.640351
chair 330 155 363 374 0.265831 0.693938
chair 130 198 204 285 0.264152 0.734735
chair 359 152 496 228 0.182991 0.748173
chair 265 216 312 253 0.17385 0.801166
chair 258 226 268 245 0.1434 0.815532
chair 284 191 321 241 0.109235 0.865690
chair 239 211 264 222 0.103462 0.862801
chair 263 228 268 236 0.103012 0.860724
chair 155 167 276 292 0.101221 0.329140
sofa 723 246 729 269 0.148935 0.491586
sofa 591 15 728 174 0.117996 0.410538
table 340 178 691 454 0.962723 0.001572
table 124 155 311 281 0.907908 0.063343
table 7 181 146 319 0.420076 0.291133
table 334 304 358 382 0.108057 0.821125
picture 255 53 326 129 0.982786 0.016053
picture 301 54 322 120 0.782024 0.201595
picture 0 49 33 163 0.432781 0.552134
picture 316 64 322 118 0.404838 0.535840
picture 313 76 318 95 0.278396 0.515026
picture 266 119 323 127 0.237044 0.732358
picture 0 94 18 150 0.126159 0.870492
picture 302 54 316 56 0.112016 0.655526
desk 220 178 728 400 0.635693 0.112607
desk 12 171 150 312 0.123794 0.291133
paper 510 500 514 505 0.268032 0.358929
paper 618 502 624 511 0.250368 0.398115
paper 181 498 227 529 0.224524 0.268625
paper 610 496 614 500 0.208983 0.373666
paper 199 495 201 498 0.197929 0.521663
paper 186 514 192 519 0.190323 0.358668
paper 30 513 32 518 0.189906 0.288597
paper 110 353 111 356 0.162399 0.456451
paper 581 492 586 498 0.157404 0.497413
paper 1 372 3 375 0.148317 0.429518
paper 441 500 503 529 0.143314 0.220359
paper 313 75 318 95 0.137096 0.515026
paper 659 453 729 480 0.130669 0.427236
paper 2 369 27 429 0.123782 0.262558
paper 466 455 718 529 0.118631 0.317327
paper 1 374 5 385 0.115669 0.405448
paper 434 513 441 523 0.106451 0.284152
paper 715 460 721 461 0.106337 0.405874
paper 672 416 729 462 0.103011 0.369087
towel 465 298 476 361 0.136551 0.704811
towel 492 330 495 341 0.123936 0.625002
towel 467 294 503 443 0.114512 0.819134
towel 490 323 491 327 0.108697 0.666818
towel 474 304 476 309 0.107475 0.762408
towel 489 316 492 323 0.105556 0.741240
box 353 219 358 223 0.289515 0.687792
box 336 211 358 225 0.274961 0.679015
box 609 496 615 500 0.221059 0.373666
box 322 215 352 234 0.206745 0.714616
box 510 499 515 505 0.195066 0.358929
box 580 492 587 498 0.192835 0.497413
box 618 502 625 511 0.189287 0.398115
box 181 496 227 528 0.186677 0.268625
box 347 205 356 218 0.171045 0.812253
box 199 495 202 498 0.165953 0.521663
box 506 162 522 166 0.155723 0.726658
box 440 499 503 529 0.151117 0.220359
box 186 513 192 519 0.143463 0.358668
box 31 512 33 518 0.134991 0.288597
box 434 512 441 523 0.130249 0.284152
box 342 226 364 253 0.123195 0.837824
box 0 373 4 375 0.107176 0.429518
box 0 375 6 385 0.101515 0.405448
box 339 224 346 228 0.100443 0.812608
whiteboard 589 1 723 174 0.160581 0.480384
garbage_bin 2 370 28 429 0.150035 0.262558
garbage_bin 30 513 33 518 0.136942 0.288597
garbage_bin 670 414 729 462 0.104243 0.369087
