chair 247 100 589 517 0.9864 0.009478
chair 407 111 593 290 0.607922 0.355855
chair 20 137 266 500 0.31238 0.517687
chair 724 132 729 160 0.262457 0.525761
chair 503 94 637 504 0.261901 0.712116
chair 601 519 604 521 0.103547 0.644780
chair 697 121 729 180 0.102652 0.736854
table 98 91 528 525 0.265078 0.468438
bookshelf 0 0 336 221 0.130212 0.787543
picture 370 14 423 63 0.535993 0.414915
picture 435 3 492 61 0.306925 0.296893
picture 402 43 419 59 0.229197 0.643466
picture 436 1 503 19 0.19282 0.402990
picture 127 6 145 14 0.179336 0.569713
picture 394 2 453 59 0.168185 0.751023
picture 576 0 667 75 0.162383 0.762657
picture 15 2 189 26 0.151974 0.659077
picture 335 1 405 91 0.148193 0.768509
picture 497 2 511 77 0.134211 0.448966
picture 382 46 403 61 0.126481 0.849180
picture 433 1 447 17 0.118747 0.601547
picture 383 43 422 80 0.10448 0.726690
counter 7 72 576 497 0.954675 0.040898
counter 0 86 357 190 0.465299 0.498445
counter 379 91 430 111 0.352658 0.586071
counter 378 78 505 114 0.275639 0.620165
counter 395 105 399 111 0.262501 0.638348
counter 382 89 430 95 0.251817 0.663447
counter 0 95 232 137 0.244264 0.661027
counter 383 71 434 95 0.235792 0.669645
counter 394 98 415 111 0.177444 0.773585
counter 426 88 436 95 0.158271 0.725771
counter 379 95 454 145 0.148009 0.744721
counter 175 92 256 112 0.122359 0.713043
counter 123 109 536 278 0.108237 0.844164
blinds 509 3 579 93 0.18157 0.644861
blinds 235 4 316 96 0.144516 0.693340
desk 72 59 529 500 0.335551 0.052043
mirror 427 2 507 65 0.22704 0.243844
mirror 321 5 511 95 0.134799 0.664446
mirror 495 3 511 83 0.134124 0.448966
tv 656 0 729 19 0.173667 0.683743
tv 718 71 729 73 0.136884 0.427285
paper 682 244 684 257 0.240733 0.433607
paper 710 418 712 425 0.206941 0.414873
paper 453 17 493 43 0.18028 0.264500
paper 387 152 396 167 0.143031 0.426378
paper 651 76 658 89 0.138037 0.641125
paper 652 76 655 82 0.131794 0.656742
paper 639 76 657 101 0.121507 0.676183
paper 650 90 657 97 0.119578 0.642492
paper 445 15 454 47 0.114601 0.505989
paper 660 73 661 77 0.112271 0.692641
paper 29 17 33 24 0.106252 0.701144
paper 713 422 713 429 0.106248 0.547496
paper 704 366 706 382 0.105861 0.743957
paper 719 72 729 73 0.104969 0.427285
box 1 27 7 29 0.144886 0.461620
box 387 151 396 167 0.137268 0.426378
box 650 89 658 96 0.112411 0.642492
box 1 2 29 27 0.108333 0.646267
box 666 92 669 95 0.10115 0.723829
box 29 16 33 25 0.100172 0.701144
sink 408 77 430 91 0.162299 0.731492
sink 431 79 453 88 0.102385 0.691968
