chair 112 193 214 307 0.412545 0.282230
chair 182 200 210 297 0.229733 0.717522
chair 636 247 648 316 0.208976 0.766745
chair 114 197 195 212 0.206091 0.511431
chair 50 184 167 238 0.195844 0.460794
chair 484 194 634 391 0.194025 0.363186
chair 168 523 175 529 0.175777 0.284860
chair 12 172 76 247 0.170774 0.566068
chair 563 243 648 307 0.161889 0.768278
chair 640 275 688 292 0.1557 0.728366
chair 180 163 250 209 0.143818 0.780489
chair 503 193 594 258 0.135277 0.820185
chair 93 184 170 194 0.114741 0.670020
chair 168 166 185 193 0.102218 0.861694
sofa 217 154 498 340 0.985974 0.008786
sofa 13 147 127 251 0.920232 0.065883
sofa 54 156 356 276 0.670592 0.312782
sofa 383 183 488 272 0.44835 0.530498
sofa 221 203 507 255 0.416704 0.553859
sofa 38 164 179 209 0.377431 0.528595
sofa 637 249 727 433 0.248162 0.531871
sofa 117 147 183 197 0.137697 0.740348
sofa 92 184 173 194 0.120584 0.670020
table 471 227 634 401 0.835948 0.105146
table 191 253 652 366 0.265118 0.665034
table 643 243 722 491 0.25304 0.333994
door 3 3 48 154 0.222996 0.422061
door 356 2 380 122 0.213098 0.643052
picture 693 1 729 25 0.34067 0.311913
picture 329 87 358 120 0.323272 0.415946
picture 91 80 112 120 0.320993 0.459517
picture 688 181 729 226 0.12829 0.561496
picture 259 84 284 118 0.11178 0.641506
picture 722 224 729 226 0.107353 0.179296
picture 53 81 163 132 0.10727 0.775304
counter 629 224 727 464 0.142173 0.554873
pillow 316 162 380 224 0.291168 0.676292
pillow 371 172 383 185 0.188688 0.712884
pillow 245 172 327 224 0.131899 0.637865
mirror 335 0 729 149 0.104232 0.464251
paper 722 280 729 282 0.336799 0.394500
paper 148 509 150 512 0.225527 0.340939
paper 1 304 61 332 0.214441 0.585834
paper 151 454 291 528 0.194108 0.383904
paper 586 490 590 493 0.180124 0.576660
paper 701 182 729 205 0.169715 0.565074
paper 507 492 518 497 0.165656 0.424767
paper 723 225 729 226 0.159157 0.179296
paper 507 480 705 529 0.147311 0.496333
paper 718 115 729 126 0.1336 0.462454
paper 3 270 113 332 0.125992 0.712658
paper 98 469 209 528 0.12093 0.501306
paper 581 475 619 495 0.120686 0.735457
paper 699 202 729 225 0.120005 0.557406
paper 716 58 729 98 0.119678 0.544327
paper 607 484 610 485 0.109412 0.670244
paper 715 50 729 56 0.10511 0.648975
paper 711 222 718 223 0.105021 0.534161
box 716 58 729 99 0.185612 0.544327
box 702 108 711 110 0.183701 0.693036
box 507 492 519 497 0.164056 0.424767
box 680 57 724 98 0.163896 0.714309
box 503 184 542 198 0.162651 0.716530
box 699 97 729 115 0.155536 0.694215
box 148 509 151 512 0.143002 0.340939
box 259 82 292 127 0.135563 0.560211
box 219 450 347 529 0.133171 0.360608
box 262 117 265 122 0.131637 0.763165
box 680 86 718 98 0.12013 0.816354
box 329 87 357 119 0.114704 0.415946
box 723 280 729 282 0.11351 0.394500
box 722 224 729 226 0.112782 0.179296
box 524 116 530 117 0.109839 0.841455
box 716 97 727 108 0.108669 0.695438
box 508 106 519 113 0.102428 0.854640
box 711 221 718 223 0.100332 0.534161
whiteboard 379 3 490 131 0.847154 0.087450
whiteboard 187 5 412 137 0.211654 0.586284
whiteboard 358 1 415 146 0.175621 0.511533
lamp 674 277 729 348 0.287939 0.489449
garbage_bin 148 509 151 512 0.1147 0.340939
