chair 591 215 721 406 0.89732 0.095855
chair 215 238 507 493 0.436899 0.537443
chair 478 220 666 437 0.210061 0.763230
chair 284 525 287 529 0.160039 0.510782
chair 276 518 280 521 0.11637 0.681547
chair 271 510 285 529 0.103275 0.488805
sofa 719 288 729 291 0.138927 0.285071
sofa 717 284 729 288 0.138245 0.264815
sofa 22 215 265 520 0.109184 0.256091
picture 359 30 519 134 0.690524 0.201164
picture 449 48 506 134 0.190737 0.800736
picture 372 70 385 78 0.123257 0.871103
picture 368 73 374 81 0.12282 0.812213
picture 139 397 141 400 0.102332 0.049250
picture 496 110 503 117 0.101592 0.888055
picture 4 1 89 24 0.100089 0.446839
counter 19 8 709 514 0.969233 0.011373
counter 3 171 286 529 0.309168 0.394605
pillow 438 76 454 87 0.162085 0.830276
pillow 442 57 459 63 0.128426 0.861210
pillow 428 62 459 87 0.12454 0.865777
pillow 314 498 471 528 0.120503 0.350042
pillow 445 76 450 80 0.12017 0.875771
tv 339 31 532 175 0.486436 0.067376
tv 354 48 368 136 0.271885 0.610965
paper 281 509 285 514 0.248052 0.371335
paper 29 474 31 478 0.220894 0.057054
paper 301 498 309 512 0.216437 0.424612
paper 281 479 306 529 0.2143 0.456180
paper 278 499 292 529 0.209489 0.371005
paper 461 480 466 483 0.198386 0.429655
paper 139 397 140 400 0.192848 0.049250
paper 466 486 471 487 0.177986 0.597091
paper 458 473 467 479 0.17464 0.562140
paper 47 461 49 464 0.170535 0.092893
paper 705 343 729 353 0.165582 0.321511
paper 307 515 317 520 0.163528 0.413954
paper 513 192 522 195 0.162002 0.140576
paper 279 512 282 524 0.160891 0.554449
paper 342 502 351 508 0.148628 0.565792
paper 471 488 522 529 0.147407 0.289149
paper 513 512 519 518 0.130611 0.419512
paper 336 481 345 502 0.117289 0.696384
paper 593 431 729 528 0.117241 0.694453
paper 704 343 709 348 0.111817 0.680298
paper 606 502 612 504 0.10737 0.611255
paper 344 518 346 519 0.102137 0.589837
paper 271 460 386 529 0.10142 0.714211
box 305 500 311 511 0.205089 0.406476
box 281 508 286 514 0.165969 0.371335
box 342 502 351 508 0.15418 0.565792
box 280 475 306 528 0.146059 0.456180
box 306 514 317 520 0.140622 0.413954
box 705 342 729 353 0.140248 0.321511
box 470 485 522 529 0.125211 0.289149
box 461 479 467 483 0.122945 0.429655
box 582 512 640 529 0.110973 0.382052
box 277 497 292 528 0.108898 0.371005
box 2 1 92 24 0.108871 0.446839
box 469 263 478 277 0.106356 0.748434
box 343 517 346 519 0.100314 0.589837
whiteboard 28 474 32 478 0.159255 0.057054
garbage_bin 266 506 269 509 0.460108 0.360939
garbage_bin 246 507 255 513 0.404736 0.344191
garbage_bin 244 498 254 506 0.388901 0.450938
garbage_bin 271 500 277 505 0.368228 0.379744
garbage_bin 513 192 523 196 0.193761 0.140576
garbage_bin 28 475 32 478 0.168895 0.057054
garbage_bin 96 290 279 522 0.149093 0.519954
garbage_bin 248 491 253 496 0.124226 0.781007
