bed 181 121 561 468 0.991281 0.008312
bed 611 178 727 392 0.689963 0.283658
bed 19 284 165 437 0.166136 0.478927
bed 382 196 586 378 0.152734 0.838001
chair 615 109 729 254 0.252574 0.566498
sofa 15 267 160 435 0.208689 0.478927
sofa 557 98 729 397 0.174576 0.346763
sofa 713 294 721 302 0.126469 0.533065
picture 350 0 444 104 0.850582 0.116905
picture 627 4 694 88 0.840817 0.152261
picture 617 5 629 90 0.665998 0.265650
picture 411 4 440 93 0.65834 0.278225
picture 624 32 632 80 0.578932 0.286673
picture 627 1 686 33 0.57046 0.421853
picture 627 52 644 86 0.454788 0.364306
picture 627 52 633 66 0.415782 0.458503
picture 715 3 729 88 0.388955 0.280184
picture 626 31 630 51 0.375402 0.506621
picture 637 42 661 86 0.372675 0.570600
picture 655 44 719 89 0.349383 0.618500
picture 392 23 434 56 0.304991 0.605049
picture 658 0 724 38 0.283287 0.714779
picture 435 1 438 3 0.235943 0.410119
picture 628 23 630 31 0.19979 0.630768
picture 628 2 632 35 0.196222 0.741754
picture 662 4 678 30 0.191575 0.804784
picture 635 46 643 51 0.187124 0.758329
picture 639 48 649 53 0.178535 0.779481
picture 716 44 724 79 0.170471 0.349738
picture 689 55 716 83 0.165237 0.728889
picture 635 43 661 51 0.153615 0.821036
picture 403 47 432 79 0.150347 0.821360
picture 630 43 640 47 0.146022 0.803951
picture 669 0 682 8 0.138951 0.858121
picture 628 25 671 49 0.123058 0.818937
picture 675 53 680 76 0.121982 0.842106
picture 623 72 626 83 0.118345 0.556483
picture 639 76 652 86 0.118068 0.673545
picture 655 16 662 21 0.112932 0.846368
picture 696 47 702 50 0.108742 0.877668
picture 410 63 438 89 0.108716 0.873547
picture 709 45 719 55 0.108337 0.804538
picture 677 42 697 51 0.107644 0.884259
picture 433 6 439 41 0.104734 0.705338
pillow 339 159 406 213 0.977863 0.022115
pillow 316 169 367 218 0.909173 0.090529
pillow 297 144 514 215 0.898722 0.099427
pillow 332 171 355 194 0.845084 0.154018
pillow 527 208 607 274 0.839453 0.140199
pillow 636 159 729 207 0.733846 0.255718
pillow 330 180 384 201 0.588209 0.408453
pillow 333 195 403 218 0.56388 0.435966
pillow 342 189 363 218 0.497935 0.501911
pillow 691 169 727 223 0.468935 0.499520
pillow 339 183 352 194 0.468688 0.528505
pillow 333 172 346 183 0.448405 0.547363
pillow 359 197 371 209 0.436771 0.562935
pillow 335 195 349 214 0.395056 0.604811
pillow 319 181 335 199 0.375831 0.600911
pillow 675 185 709 224 0.266406 0.727732
pillow 390 199 401 213 0.24981 0.749954
pillow 369 206 380 212 0.24697 0.752913
pillow 357 206 395 218 0.243406 0.756522
pillow 394 194 400 195 0.241815 0.757695
pillow 662 176 695 204 0.239726 0.757023
pillow 342 151 391 170 0.233825 0.765957
pillow 692 187 709 203 0.232143 0.766813
pillow 317 162 356 179 0.221947 0.776747
pillow 684 186 697 201 0.21121 0.786466
pillow 395 210 400 214 0.198487 0.801332
pillow 12 252 178 370 0.194944 0.437481
pillow 340 182 342 186 0.191354 0.770915
pillow 291 152 346 209 0.160217 0.836195
pillow 340 215 350 217 0.146014 0.853949
pillow 327 209 350 218 0.140298 0.859661
pillow 687 165 696 169 0.138527 0.852034
pillow 723 197 729 224 0.134194 0.614340
pillow 616 121 722 296 0.113035 0.438897
pillow 239 157 292 237 0.110502 0.693707
pillow 705 202 709 204 0.109445 0.886425
pillow 648 187 729 249 0.105455 0.869439
pillow 365 151 388 161 0.103791 0.895840
pillow 290 133 396 190 0.101026 0.896756
clothes 179 281 216 341 0.180258 0.798370
clothes 89 0 110 62 0.166698 0.756050
paper 115 305 120 306 0.19697 0.572948
paper 1 130 20 258 0.146525 0.378659
paper 706 360 712 362 0.110385 0.662408
paper 716 45 724 79 0.107531 0.349738
paper 541 156 557 159 0.103475 0.849879
paper 193 402 196 422 0.10257 0.757668
paper 4 260 198 331 0.100367 0.428182
box 357 1 440 12 0.250663 0.648578
box 353 11 355 15 0.218969 0.778177
box 358 20 371 36 0.171554 0.737609
box 651 78 658 85 0.160487 0.469696
box 351 2 445 40 0.15203 0.654752
box 1 128 22 252 0.143398 0.378659
box 627 81 629 87 0.111718 0.650423
garbage_bin 192 185 234 265 0.148521 0.737054
garbage_bin 190 247 224 261 0.128101 0.818161
garbage_bin 141 336 190 378 0.120922 0.838138
garbage_bin 138 386 174 429 0.114388 0.811674
