0.322779 0.470653 0.000444 0.002216 0.000998 0.001830 0.002652 0.000484 0.003307 0.008548 0.002460 0.000987 0.006190 0.031610 0.000852 0.000705 0.001190 0.019203 0.013656 0.001304 0.000931 0.029904 0.002004 0.001125 0.057624 0.001105 0.000678 0.002560 0.000508 0.001645 0.006998 0.002849
0.000832 0.000004 0.999111 0.000000 0.000010 0.000001 0.000000 0.000000 0.000002 0.000000 0.000004 0.000000 0.000002 0.000021 0.000002 0.000000 0.000002 0.000000 0.000000 0.000000 0.000001 0.000000 0.000000 0.000000 0.000002 0.000001 0.000002 0.000000 0.000001 0.000000 0.000001 0.000000
0.697197 0.005552 0.132185 0.047617 0.020089 0.000908 0.001029 0.000398 0.000533 0.003111 0.003256 0.000641 0.001670 0.009539 0.017577 0.001507 0.024855 0.000612 0.000612 0.001490 0.005125 0.001690 0.000568 0.002542 0.003898 0.002156 0.001951 0.004122 0.001809 0.002384 0.001903 0.001473
0.234011 0.005740 0.011314 0.172946 0.048966 0.064979 0.021357 0.010185 0.010564 0.026265 0.011001 0.016247 0.009529 0.012760 0.023758 0.011974 0.019439 0.009944 0.035299 0.046081 0.014877 0.045810 0.005405 0.020445 0.011834 0.006824 0.003097 0.009626 0.006448 0.030181 0.028675 0.014418
0.824875 0.000003 0.000000 0.169753 0.000088 0.003107 0.000001 0.000001 0.000045 0.000030 0.000005 0.000001 0.000610 0.000001 0.000002 0.000003 0.000007 0.000001 0.000008 0.000018 0.000001 0.000039 0.000001 0.001364 0.000001 0.000000 0.000001 0.000012 0.000000 0.000007 0.000001 0.000013
0.794879 0.000044 0.000026 0.147050 0.000273 0.000941 0.000061 0.000055 0.000459 0.001123 0.000117 0.000067 0.000591 0.000040 0.000457 0.000060 0.000416 0.000158 0.000136 0.014020 0.000273 0.033739 0.000183 0.000996 0.000106 0.000027 0.000108 0.001389 0.000018 0.000909 0.000244 0.001036
0.798892 0.000410 0.008357 0.116494 0.019543 0.000929 0.000409 0.000153 0.000184 0.000815 0.000895 0.000230 0.000147 0.000709 0.018326 0.000598 0.019762 0.000111 0.000101 0.000820 0.002484 0.000503 0.000128 0.001169 0.000420 0.000993 0.000887 0.002270 0.000266 0.001546 0.000946 0.000503
0.877237 0.000011 0.000005 0.111781 0.000070 0.000666 0.000012 0.000011 0.000095 0.000313 0.000022 0.000018 0.000169 0.000009 0.000184 0.000014 0.000089 0.000024 0.000023 0.003481 0.000062 0.004556 0.000034 0.000223 0.000025 0.000005 0.000018 0.000388 0.000003 0.000237 0.000038 0.000176
0.619217 0.000384 0.002675 0.108441 0.016412 0.055085 0.002167 0.001029 0.001145 0.006854 0.004615 0.001467 0.001624 0.001539 0.008297 0.001095 0.002394 0.002042 0.005093 0.081813 0.004800 0.041438 0.000369 0.001924 0.001800 0.000767 0.000166 0.001106 0.001552 0.008421 0.012713 0.001552
0.241631 0.005756 0.007982 0.107627 0.028049 0.055354 0.018924 0.009714 0.009439 0.031785 0.016918 0.021563 0.004425 0.009450 0.027721 0.009159 0.019847 0.008141 0.022539 0.082738 0.022720 0.070118 0.006535 0.018672 0.010354 0.007775 0.003239 0.017322 0.005353 0.034234 0.050502 0.014416
0.008310 0.000021 0.000000 0.000007 0.000001 0.000001 0.000048 0.000007 0.000029 0.988702 0.000001 0.000002 0.000000 0.000008 0.000025 0.000172 0.000005 0.000535 0.000023 0.001286 0.000021 0.000589 0.000005 0.000023 0.000006 0.000003 0.000000 0.000062 0.000002 0.000067 0.000003 0.000036
0.013653 0.000002 0.000000 0.000002 0.000000 0.000000 0.000008 0.000002 0.000001 0.985039 0.000000 0.000001 0.000000 0.000001 0.000009 0.000206 0.000004 0.000076 0.000049 0.000511 0.000004 0.000172 0.000002 0.000029 0.000002 0.000000 0.000000 0.000172 0.000000 0.000022 0.000001 0.000030
0.018704 0.000004 0.000000 0.000004 0.000000 0.000000 0.000005 0.000001 0.000003 0.980473 0.000000 0.000000 0.000000 0.000001 0.000007 0.000024 0.000001 0.000154 0.000002 0.000429 0.000003 0.000125 0.000001 0.000010 0.000001 0.000000 0.000000 0.000020 0.000000 0.000019 0.000000 0.000006
0.016980 0.000085 0.000002 0.000028 0.000007 0.000011 0.000136 0.000031 0.000094 0.969827 0.000011 0.000011 0.000003 0.000093 0.000175 0.000267 0.000029 0.002014 0.000147 0.005129 0.000108 0.003739 0.000022 0.000146 0.000071 0.000013 0.000002 0.000197 0.000013 0.000389 0.000022 0.000198
0.484739 0.000004 0.000000 0.000004 0.000000 0.000001 0.000008 0.000002 0.000010 0.512913 0.000001 0.000001 0.000000 0.000001 0.000017 0.000026 0.000007 0.000079 0.000170 0.001282 0.000005 0.000615 0.000001 0.000019 0.000004 0.000000 0.000000 0.000026 0.000000 0.000032 0.000002 0.000030
0.493871 0.000286 0.000034 0.000286 0.000148 0.000215 0.000331 0.000169 0.000311 0.458740 0.000336 0.000163 0.000008 0.000276 0.001257 0.001543 0.000471 0.001937 0.000282 0.013466 0.001000 0.019513 0.000220 0.000633 0.000095 0.000089 0.000149 0.001311 0.000163 0.001735 0.000223 0.000741
0.626437 0.000000 0.000000 0.000002 0.000000 0.000000 0.000001 0.000000 0.000004 0.371976 0.000000 0.000000 0.000000 0.000000 0.000011 0.000003 0.000001 0.000007 0.000002 0.001279 0.000002 0.000238 0.000000 0.000004 0.000000 0.000000 0.000000 0.000002 0.000000 0.000025 0.000000 0.000003
0.524858 0.001576 0.000025 0.000558 0.000201 0.000108 0.002464 0.001673 0.007343 0.347922 0.000111 0.004261 0.000036 0.000108 0.000569 0.014348 0.001542 0.000805 0.003777 0.021399 0.000812 0.010073 0.013506 0.001786 0.000139 0.000125 0.000064 0.034471 0.000104 0.001924 0.000270 0.003043
0.617738 0.001820 0.000035 0.011072 0.000183 0.000350 0.002016 0.000355 0.000590 0.316106 0.000135 0.000284 0.000133 0.000673 0.001243 0.002126 0.000448 0.013283 0.000566 0.011129 0.000756 0.005014 0.001076 0.001139 0.000831 0.000602 0.000092 0.005914 0.000213 0.001850 0.000744 0.001485
0.662088 0.000092 0.000002 0.000366 0.000008 0.000014 0.000319 0.000042 0.000639 0.313046 0.000032 0.000011 0.000001 0.000029 0.000219 0.000389 0.000070 0.001673 0.000025 0.015097 0.000160 0.004935 0.000011 0.000089 0.000028 0.000019 0.000004 0.000100 0.000009 0.000285 0.000040 0.000160
0.698090 0.000167 0.000006 0.000040 0.000019 0.000037 0.000041 0.000069 0.000882 0.284530 0.000036 0.000015 0.000005 0.000050 0.000132 0.000227 0.000073 0.003522 0.000053 0.005747 0.000062 0.002775 0.000011 0.000376 0.000030 0.000014 0.000019 0.002597 0.000014 0.000135 0.000011 0.000213
0.699803 0.000001 0.000000 0.000001 0.000000 0.000001 0.000002 0.000001 0.000042 0.247380 0.000002 0.000000 0.000000 0.000002 0.000067 0.000001 0.000011 0.000098 0.000001 0.050247 0.000042 0.002172 0.000000 0.000003 0.000004 0.000000 0.000000 0.000006 0.000001 0.000104 0.000001 0.000007
0.718496 0.000025 0.000007 0.000172 0.000038 0.000089 0.000047 0.000047 0.000302 0.240582 0.000080 0.000044 0.000004 0.000045 0.001120 0.000154 0.000198 0.000218 0.000172 0.017805 0.000387 0.016817 0.000028 0.000233 0.000045 0.000018 0.000031 0.000347 0.000020 0.001726 0.000095 0.000607
0.754253 0.000296 0.000018 0.000169 0.000055 0.000141 0.000207 0.000095 0.003010 0.220585 0.000137 0.000021 0.000025 0.000164 0.000362 0.000234 0.000165 0.006706 0.000100 0.009005 0.000214 0.002454 0.000021 0.000215 0.000120 0.000055 0.000038 0.000397 0.000042 0.000344 0.000087 0.000263
0.811508 0.000000 0.000000 0.000000 0.000000 0.000000 0.000000 0.000000 0.000000 0.187689 0.000000 0.000000 0.000000 0.000000 0.000001 0.000000 0.000000 0.000001 0.000000 0.000755 0.000000 0.000040 0.000000 0.000000 0.000000 0.000000 0.000000 0.000000 0.000000 0.000004 0.000000 0.000000
0.814862 0.000000 0.000000 0.000000 0.000000 0.000000 0.000000 0.000000 0.000012 0.181863 0.000000 0.000000 0.000000 0.000000 0.000004 0.000000 0.000000 0.000018 0.000000 0.002978 0.000001 0.000254 0.000000 0.000000 0.000000 0.000000 0.000000 0.000001 0.000000 0.000005 0.000000 0.000000
0.281054 0.002493 0.000069 0.014462 0.000391 0.002461 0.004477 0.001761 0.001466 0.171847 0.000378 0.003120 0.000220 0.000602 0.001894 0.105701 0.002433 0.001351 0.301075 0.009275 0.001397 0.009030 0.004795 0.009120 0.001376 0.000626 0.000563 0.019779 0.000305 0.004621 0.001004 0.040850
0.800667 0.000721 0.000057 0.000486 0.000727 0.000194 0.000532 0.000324 0.001045 0.159571 0.001165 0.000484 0.000014 0.000348 0.003381 0.000678 0.001174 0.000536 0.000154 0.008840 0.001020 0.012414 0.000128 0.001202 0.000172 0.000058 0.000163 0.000659 0.000135 0.002229 0.000229 0.000493
0.731525 0.000155 0.000040 0.000431 0.000083 0.000124 0.000444 0.000190 0.001709 0.151200 0.000326 0.000106 0.000039 0.000221 0.002005 0.000466 0.000816 0.001974 0.000164 0.074731 0.002625 0.022753 0.000080 0.000513 0.000305 0.000202 0.000145 0.001273 0.000224 0.003527 0.000678 0.000926
0.710034 0.002039 0.000122 0.005996 0.000787 0.000654 0.006830 0.000616 0.001333 0.140896 0.000306 0.000717 0.000189 0.002384 0.003520 0.005324 0.001756 0.009144 0.004545 0.021997 0.002512 0.013391 0.001895 0.002164 0.003654 0.003188 0.000304 0.033193 0.000473 0.005577 0.008755 0.005705
0.721919 0.000432 0.000014 0.003670 0.000171 0.000101 0.000921 0.000221 0.000293 0.133765 0.000099 0.000437 0.000022 0.000212 0.003253 0.004216 0.000568 0.001194 0.000765 0.018864 0.001174 0.003605 0.000521 0.002018 0.000460 0.000924 0.000239 0.091602 0.000117 0.004961 0.000386 0.002854
0.869909 0.000005 0.000000 0.000020 0.000001 0.000003 0.000005 0.000001 0.000010 0.128647 0.000003 0.000001 0.000000 0.000003 0.000074 0.000013 0.000006 0.000020 0.000003 0.000690 0.000007 0.000456 0.000001 0.000026 0.000003 0.000000 0.000000 0.000009 0.000000 0.000075 0.000001 0.000008
0.296136 0.012581 0.004710 0.004363 0.013879 0.004334 0.017336 0.005311 0.006062 0.127366 0.005870 0.014545 0.000896 0.005571 0.045571 0.011546 0.024443 0.002156 0.009164 0.114910 0.029878 0.045398 0.008581 0.012122 0.014652 0.007222 0.003369 0.062505 0.006943 0.048206 0.026364 0.008010
0.855715 0.000003 0.000000 0.000017 0.000001 0.000004 0.000008 0.000004 0.000197 0.125503 0.000009 0.000001 0.000001 0.000004 0.000078 0.000005 0.000021 0.000130 0.000003 0.016040 0.000057 0.001971 0.000001 0.000014 0.000007 0.000002 0.000001 0.000026 0.000003 0.000146 0.000006 0.000020
0.806558 0.000482 0.000126 0.005651 0.000399 0.001121 0.001228 0.000708 0.000996 0.111844 0.000615 0.000735 0.000174 0.000490 0.002136 0.002576 0.000779 0.001644 0.019007 0.015945 0.000610 0.008305 0.000835 0.003105 0.001204 0.000282 0.000157 0.002255 0.000149 0.003449 0.000662 0.005777
0.695374 0.004523 0.000203 0.014014 0.000848 0.000664 0.009719 0.001131 0.006931 0.108561 0.003830 0.000655 0.000160 0.001132 0.004943 0.003702 0.001896 0.012476 0.003209 0.041708 0.002736 0.050671 0.000887 0.005479 0.000880 0.001340 0.000632 0.004386 0.000311 0.006498 0.002816 0.007684
0.810696 0.000716 0.000085 0.006503 0.000348 0.000429 0.000803 0.000636 0.000663 0.102879 0.000210 0.000984 0.000115 0.000374 0.002369 0.006524 0.001676 0.000861 0.013307 0.018376 0.001115 0.005733 0.001577 0.001329 0.000990 0.000227 0.000132 0.012311 0.000109 0.003514 0.000370 0.004042
0.885291 0.000438 0.000019 0.001000 0.000029 0.000136 0.000148 0.000023 0.000227 0.102857 0.000034 0.000016 0.000029 0.000253 0.000129 0.000168 0.000049 0.006980 0.000030 0.000962 0.000032 0.000410 0.000039 0.000247 0.000039 0.000025 0.000007 0.000208 0.000016 0.000065 0.000010 0.000083
0.033162 0.007759 0.000251 0.000002 0.000062 0.000001 0.000060 0.000003 0.000682 0.000040 0.000062 0.000006 0.000837 0.920901 0.000006 0.000001 0.000006 0.000455 0.000048 0.000007 0.000004 0.000032 0.000001 0.000004 0.035240 0.000037 0.000005 0.000004 0.000012 0.000007 0.000295 0.000009
0.336191 0.000000 0.000857 0.000014 0.000133 0.000000 0.000001 0.000001 0.000000 0.000019 0.000001 0.000001 0.000000 0.000008 0.662552 0.000000 0.000143 0.000000 0.000000 0.000009 0.000023 0.000005 0.000000 0.000004 0.000007 0.000000 0.000000 0.000006 0.000000 0.000024 0.000001 0.000002
0.419048 0.000000 0.000014 0.000005 0.000040 0.000000 0.000001 0.000001 0.000000 0.000036 0.000000 0.000002 0.000000 0.000002 0.580664 0.000000 0.000071 0.000000 0.000000 0.000029 0.000016 0.000005 0.000000 0.000004 0.000004 0.000000 0.000000 0.000024 0.000000 0.000029 0.000001 0.000002
0.442631 0.000000 0.000026 0.000005 0.000016 0.000000 0.000001 0.000001 0.000000 0.000061 0.000001 0.000001 0.000000 0.000003 0.556385 0.000001 0.000488 0.000000 0.000000 0.000074 0.000073 0.000030 0.000000 0.000004 0.000006 0.000000 0.000001 0.000010 0.000000 0.000173 0.000004 0.000003
0.636490 0.000002 0.000032 0.000020 0.000050 0.000000 0.000004 0.000002 0.000001 0.000193 0.000000 0.000021 0.000000 0.000007 0.362584 0.000003 0.000157 0.000000 0.000001 0.000087 0.000019 0.000018 0.000002 0.000013 0.000013 0.000001 0.000000 0.000220 0.000000 0.000049 0.000002 0.000008
0.685383 0.000000 0.000025 0.000003 0.000043 0.000000 0.000001 0.000001 0.000001 0.000064 0.000001 0.000001 0.000000 0.000001 0.313857 0.000000 0.000148 0.000000 0.000000 0.000255 0.000070 0.000059 0.000000 0.000002 0.000004 0.000001 0.000003 0.000013 0.000002 0.000049 0.000009 0.000003
0.693970 0.000000 0.000007 0.000001 0.000003 0.000000 0.000001 0.000001 0.000000 0.000155 0.000000 0.000005 0.000000 0.000002 0.303865 0.000002 0.001072 0.000000 0.000000 0.000157 0.000396 0.000009 0.000000 0.000011 0.000002 0.000000 0.000000 0.000185 0.000000 0.000151 0.000001 0.000003
0.724599 0.000326 0.000490 0.000090 0.000943 0.000013 0.000102 0.000084 0.000072 0.001218 0.000094 0.000162 0.000003 0.000707 0.260355 0.000044 0.001673 0.000011 0.000035 0.002615 0.000296 0.000941 0.000035 0.000188 0.002059 0.000110 0.000039 0.001005 0.000046 0.001016 0.000431 0.000199
0.757691 0.000000 0.000001 0.000000 0.000001 0.000000 0.000000 0.000000 0.000000 0.000005 0.000000 0.000000 0.000000 0.000000 0.242181 0.000000 0.000086 0.000000 0.000000 0.000013 0.000005 0.000003 0.000000 0.000000 0.000000 0.000000 0.000000 0.000001 0.000000 0.000012 0.000000 0.000000
0.671431 0.000156 0.000738 0.003298 0.000264 0.000235 0.000191 0.000106 0.000104 0.003652 0.000105 0.000299 0.000031 0.000542 0.209759 0.000167 0.049110 0.000056 0.000091 0.004280 0.009433 0.003409 0.000046 0.001620 0.000671 0.000113 0.000261 0.006024 0.000089 0.032446 0.000519 0.000753
0.792281 0.000000 0.000003 0.000001 0.000007 0.000000 0.000001 0.000000 0.000000 0.000041 0.000000 0.000002 0.000000 0.000001 0.207146 0.000001 0.000197 0.000000 0.000000 0.000112 0.000087 0.000004 0.000000 0.000004 0.000001 0.000000 0.000000 0.000074 0.000000 0.000035 0.000001 0.000001
0.823977 0.000000 0.000000 0.000000 0.000000 0.000000 0.000000 0.000000 0.000000 0.000000 0.000000 0.000000 0.000000 0.000000 0.176021 0.000000 0.000001 0.000000 0.000000 0.000001 0.000000 0.000000 0.000000 0.000000 0.000000 0.000000 0.000000 0.000000 0.000000 0.000000 0.000000 0.000000
0.721166 0.000406 0.001194 0.000621 0.000766 0.000182 0.000287 0.000360 0.000352 0.004559 0.000706 0.000372 0.000047 0.001178 0.166600 0.000276 0.014617 0.000067 0.000230 0.056229 0.004402 0.005494 0.000194 0.000776 0.003712 0.000323 0.000288 0.002679 0.000258 0.008030 0.002640 0.000991
0.834630 0.000003 0.000118 0.000048 0.000698 0.000001 0.000005 0.000003 0.000005 0.000496 0.000018 0.000003 0.000000 0.000006 0.159874 0.000002 0.000267 0.000001 0.000000 0.002184 0.000440 0.000676 0.000002 0.000032 0.000015 0.000012 0.000040 0.000067 0.000045 0.000250 0.000040 0.000021
0.749361 0.000166 0.000405 0.000513 0.000130 0.000062 0.000131 0.000083 0.000075 0.004039 0.000229 0.000201 0.000021 0.000859 0.158358 0.000108 0.038465 0.000037 0.000059 0.004015 0.006774 0.002259 0.000024 0.001363 0.000696 0.000095 0.000220 0.005125 0.000102 0.025039 0.000400 0.000587
0.842658 0.000000 0.000005 0.000009 0.000072 0.000000 0.000002 0.000001 0.000001 0.000316 0.000001 0.000001 0.000000 0.000001 0.154378 0.000001 0.000132 0.000000 0.000000 0.001662 0.000255 0.000312 0.000000 0.000011 0.000002 0.000002 0.000003 0.000030 0.000004 0.000129 0.000004 0.000005
0.281054 0.002493 0.000069 0.014462 0.000391 0.002461 0.004477 0.001761 0.001466 0.171847 0.000378 0.003120 0.000220 0.000602 0.001894 0.105701 0.002433 0.001351 0.301075 0.009275 0.001397 0.009030 0.004795 0.009120 0.001376 0.000626 0.000563 0.019779 0.000305 0.004621 0.001004 0.040850
0.226771 0.002269 0.000116 0.010866 0.000693 0.002460 0.003246 0.002085 0.002106 0.136623 0.000572 0.003240 0.000354 0.000760 0.003164 0.051035 0.002675 0.001339 0.436473 0.011461 0.001733 0.011278 0.005474 0.010830 0.001836 0.000590 0.000722 0.016509 0.000428 0.006876 0.001428 0.043989
0.174146 0.006373 0.007172 0.009912 0.018211 0.013990 0.026825 0.010020 0.005786 0.074615 0.023595 0.018830 0.001397 0.007140 0.028549 0.006646 0.020636 0.011533 0.006314 0.155518 0.029355 0.060918 0.010706 0.014313 0.007807 0.020465 0.005621 0.039840 0.018014 0.048900 0.108183 0.008670
0.200327 0.004944 0.006237 0.007816 0.016146 0.010613 0.022429 0.009191 0.004276 0.093001 0.026263 0.017306 0.001034 0.006126 0.034746 0.006950 0.024221 0.007347 0.005608 0.155198 0.031974 0.052593 0.008005 0.016353 0.007477 0.016381 0.005946 0.033884 0.018045 0.061098 0.079960 0.008504
0.722795 0.000360 0.000153 0.003847 0.003427 0.005794 0.000626 0.000582 0.001148 0.006405 0.005851 0.000351 0.000104 0.000282 0.003084 0.000397 0.001401 0.002457 0.001338 0.125783 0.005843 0.053510 0.000325 0.001045 0.000403 0.000215 0.000231 0.002262 0.000778 0.018074 0.029551 0.001580
0.296136 0.012581 0.004710 0.004363 0.013879 0.004334 0.017336 0.005311 0.006062 0.127366 0.005870 0.014545 0.000896 0.005571 0.045571 0.011546 0.024443 0.002156 0.009164 0.114910 0.029878 0.045398 0.008581 0.012122 0.014652 0.007222 0.003369 0.062505 0.006943 0.048206 0.026364 0.008010
0.688494 0.000419 0.000056 0.000693 0.000072 0.000668 0.000164 0.000417 0.003835 0.053942 0.000937 0.000209 0.000293 0.000370 0.000968 0.000490 0.000701 0.001007 0.000822 0.039403 0.001026 0.182365 0.000086 0.005157 0.000668 0.000066 0.000275 0.010602 0.000126 0.002594 0.000311 0.002766
0.463802 0.160635 0.000194 0.005376 0.000669 0.001767 0.003798 0.000678 0.001450 0.003419 0.001919 0.001048 0.000970 0.011219 0.001276 0.000342 0.000882 0.026747 0.021119 0.008389 0.001356 0.162876 0.001792 0.001032 0.030965 0.002291 0.001163 0.001191 0.000447 0.003969 0.071664 0.005555
0.643028 0.003033 0.000370 0.021907 0.002103 0.001805 0.005024 0.001120 0.005822 0.020245 0.001674 0.001015 0.000489 0.001367 0.002532 0.007779 0.004843 0.019568 0.012909 0.033046 0.007847 0.127944 0.001166 0.002124 0.001528 0.004042 0.003149 0.020731 0.000905 0.010090 0.020593 0.010200
0.783850 0.001263 0.000038 0.000161 0.000133 0.000137 0.000181 0.000252 0.000991 0.027402 0.001159 0.000200 0.000086 0.001455 0.001055 0.000494 0.002466 0.000362 0.000261 0.013646 0.002176 0.124127 0.000197 0.012584 0.002030 0.000082 0.000396 0.010497 0.000108 0.009756 0.000668 0.001787
0.540129 0.001362 0.001733 0.002715 0.003218 0.001478 0.000603 0.000283 0.000536 0.011172 0.000937 0.000520 0.000390 0.003407 0.147741 0.000541 0.010907 0.000194 0.000999 0.086762 0.006145 0.105206 0.000298 0.002549 0.021056 0.000442 0.000800 0.016490 0.000378 0.019481 0.007890 0.003636
0.818962 0.000259 0.000099 0.023446 0.000198 0.002750 0.000216 0.000165 0.001043 0.001581 0.000332 0.000226 0.003624 0.000155 0.000408 0.000140 0.000527 0.001692 0.001345 0.023229 0.000845 0.105059 0.000813 0.001299 0.000410 0.000330 0.000643 0.002329 0.000189 0.001577 0.001318 0.004792
0.100465 0.013721 0.000030 0.000008 0.000011 0.000002 0.000025 0.000002 0.000020 0.000008 0.000057 0.000001 0.001040 0.638794 0.000004 0.000000 0.000004 0.000082 0.000019 0.000017 0.000007 0.000017 0.000000 0.000001 0.242959 0.000046 0.000017 0.000003 0.000017 0.000022 0.002598 0.000003
0.440637 0.001631 0.000686 0.006400 0.000391 0.001835 0.000920 0.000430 0.001027 0.014200 0.000079 0.000568 0.000104 0.001028 0.010243 0.005004 0.006151 0.000387 0.002002 0.007041 0.001196 0.004441 0.000273 0.001943 0.006196 0.000166 0.000085 0.475932 0.000062 0.004670 0.001744 0.002528
0.654334 0.001513 0.000185 0.008242 0.000659 0.001255 0.001487 0.000529 0.000551 0.023548 0.000154 0.000699 0.000102 0.000456 0.010412 0.006400 0.004973 0.000471 0.002336 0.013751 0.002190 0.007387 0.000849 0.003848 0.002405 0.000356 0.000137 0.238749 0.000112 0.007169 0.002052 0.002690
0.699068 0.000618 0.000109 0.000783 0.000342 0.000269 0.000665 0.000032 0.000086 0.000108 0.001567 0.000011 0.000017 0.000294 0.000101 0.000064 0.000363 0.002583 0.000086 0.000260 0.000522 0.001153 0.000007 0.000018 0.000876 0.003999 0.001561 0.000050 0.000057 0.000259 0.283968 0.000100
0.174146 0.006373 0.007172 0.009912 0.018211 0.013990 0.026825 0.010020 0.005786 0.074615 0.023595 0.018830 0.001397 0.007140 0.028549 0.006646 0.020636 0.011533 0.006314 0.155518 0.029355 0.060918 0.010706 0.014313 0.007807 0.020465 0.005621 0.039840 0.018014 0.048900 0.108183 0.008670
0.879547 0.000473 0.000098 0.000287 0.000289 0.000027 0.001080 0.000061 0.000446 0.000838 0.001090 0.000014 0.000001 0.000533 0.000645 0.000215 0.000394 0.001833 0.000109 0.001726 0.001747 0.004340 0.000005 0.000066 0.000522 0.000724 0.000249 0.000127 0.000018 0.001196 0.100975 0.000325
