0.500735 0.315232 0.000509 0.011351 0.000677 0.001527 0.002217 0.000589 0.000671 0.003658 0.011990 0.000345 0.004734 0.048571 0.001417 0.000515 0.000544 0.005278 0.001497 0.002827 0.002584 0.002836 0.000178 0.000824 0.045414 0.003111 0.001465 0.000837 0.002350 0.004948 0.019831 0.000740
0.578116 0.229907 0.000171 0.001389 0.001087 0.000195 0.003874 0.000900 0.001047 0.011112 0.044114 0.000931 0.000609 0.008981 0.003073 0.002162 0.000914 0.006434 0.002851 0.014782 0.010479 0.009703 0.000871 0.001302 0.018983 0.008326 0.005953 0.002713 0.007845 0.008342 0.010979 0.001856
0.505681 0.173391 0.000547 0.000038 0.000312 0.000084 0.000417 0.000071 0.002219 0.000332 0.005370 0.000074 0.001628 0.090284 0.000093 0.000160 0.000123 0.000442 0.000933 0.000235 0.000127 0.000539 0.000031 0.000046 0.213988 0.000312 0.001029 0.000185 0.000147 0.000083 0.000856 0.000225
0.000990 0.000002 0.998922 0.000000 0.000037 0.000001 0.000000 0.000000 0.000002 0.000000 0.000003 0.000000 0.000002 0.000035 0.000001 0.000000 0.000000 0.000000 0.000000 0.000000 0.000000 0.000000 0.000000 0.000000 0.000003 0.000000 0.000000 0.000000 0.000000 0.000000 0.000000 0.000000
0.829175 0.000465 0.001258 0.010817 0.001789 0.111548 0.000122 0.000191 0.000541 0.001203 0.005745 0.000137 0.016050 0.000497 0.000703 0.000103 0.000388 0.000519 0.005938 0.002634 0.000659 0.002199 0.000099 0.000582 0.000828 0.000099 0.000608 0.000414 0.000847 0.001053 0.001664 0.001126
0.400689 0.001017 0.000571 0.000202 0.000782 0.000126 0.001494 0.000570 0.002188 0.463057 0.000491 0.000519 0.000026 0.001005 0.029707 0.004338 0.005065 0.001284 0.000474 0.030766 0.004951 0.013690 0.000392 0.005571 0.001082 0.000344 0.000312 0.015779 0.000656 0.008646 0.001213 0.002994
0.415889 0.002515 0.000542 0.001611 0.001159 0.000536 0.002286 0.001047 0.001226 0.398285 0.001936 0.001204 0.000087 0.001912 0.032293 0.003225 0.007029 0.001171 0.000896 0.028247 0.005033 0.029058 0.000643 0.009387 0.002268 0.000398 0.000544 0.026854 0.000766 0.015205 0.003003 0.003748
0.516608 0.013129 0.000273 0.000637 0.000981 0.000135 0.003655 0.000926 0.004164 0.288115 0.003703 0.000849 0.000069 0.003130 0.023313 0.002952 0.005892 0.004535 0.001172 0.031525 0.003316 0.037747 0.000955 0.003060 0.003492 0.001100 0.000600 0.015445 0.001500 0.014210 0.009189 0.003622
0.627152 0.003185 0.000136 0.001257 0.000838 0.000250 0.001502 0.000557 0.001340 0.221317 0.001494 0.000726 0.000052 0.000837 0.022738 0.002042 0.006400 0.000764 0.000515 0.023816 0.003099 0.016659 0.000350 0.004046 0.001555 0.000358 0.000349 0.037096 0.000456 0.012835 0.003319 0.002960
0.599364 0.001121 0.000207 0.007974 0.001679 0.000294 0.001980 0.000815 0.000861 0.195947 0.000219 0.002219 0.000092 0.001231 0.009736 0.003509 0.005618 0.000969 0.001307 0.026525 0.003693 0.014997 0.003073 0.004936 0.001561 0.000482 0.000160 0.095253 0.000249 0.008971 0.001933 0.003023
0.588464 0.004197 0.001100 0.011435 0.011406 0.003957 0.003450 0.001860 0.009339 0.142621 0.004134 0.003324 0.000671 0.004066 0.018113 0.001767 0.009816 0.003405 0.003335 0.052766 0.008259 0.031160 0.001013 0.008468 0.002174 0.002401 0.000923 0.034236 0.001610 0.017687 0.007490 0.005356
0.390122 0.007923 0.003089 0.019542 0.055190 0.003224 0.013991 0.005399 0.032859 0.141031 0.004556 0.008441 0.000586 0.008300 0.028963 0.006413 0.013368 0.009409 0.007787 0.046798 0.011803 0.049502 0.003857 0.011084 0.004454 0.007952 0.001661 0.045302 0.003182 0.024046 0.020486 0.009680
0.610173 0.001168 0.000531 0.024242 0.006414 0.003079 0.001654 0.001039 0.001945 0.129041 0.000614 0.001613 0.000618 0.001809 0.010995 0.002992 0.008258 0.001147 0.001552 0.030853 0.005627 0.033723 0.002324 0.006441 0.001521 0.000695 0.000533 0.084757 0.000647 0.012954 0.005723 0.005318
0.157094 0.120740 0.005336 0.000044 0.000269 0.000128 0.000368 0.000068 0.000420 0.000217 0.005396 0.000051 0.001501 0.405344 0.000157 0.000074 0.000157 0.001275 0.000252 0.000130 0.000224 0.000257 0.000034 0.000056 0.293194 0.000782 0.000977 0.000124 0.000748 0.000121 0.004369 0.000094
0.338556 0.032742 0.015327 0.012103 0.002190 0.009876 0.006805 0.000897 0.003171 0.003656 0.002478 0.000793 0.016221 0.103638 0.001417 0.002429 0.013297 0.088398 0.036840 0.001407 0.004980 0.021405 0.000738 0.001368 0.166466 0.017409 0.003470 0.005244 0.000996 0.005462 0.074479 0.005739
0.112641 0.000000 0.000002 0.000000 0.000001 0.000000 0.000000 0.000000 0.000000 0.000000 0.000000 0.000000 0.000000 0.000000 0.887350 0.000000 0.000004 0.000000 0.000000 0.000000 0.000000 0.000000 0.000000 0.000000 0.000000 0.000000 0.000000 0.000000 0.000000 0.000001 0.000000 0.000000
0.595301 0.000000 0.000000 0.000000 0.000000 0.000000 0.000000 0.000000 0.000000 0.000000 0.000000 0.000000 0.000000 0.000000 0.404693 0.000000 0.000005 0.000000 0.000000 0.000000 0.000000 0.000000 0.000000 0.000000 0.000000 0.000000 0.000000 0.000000 0.000000 0.000000 0.000000 0.000000
0.596730 0.000002 0.000034 0.000005 0.000010 0.000000 0.000001 0.000001 0.000000 0.000034 0.000001 0.000003 0.000000 0.000005 0.402895 0.000001 0.000141 0.000000 0.000000 0.000019 0.000009 0.000017 0.000000 0.000010 0.000013 0.000001 0.000000 0.000021 0.000000 0.000038 0.000004 0.000003
0.624899 0.000002 0.000008 0.000000 0.000005 0.000000 0.000001 0.000001 0.000000 0.000031 0.000000 0.000003 0.000000 0.000005 0.374942 0.000000 0.000028 0.000000 0.000000 0.000018 0.000002 0.000003 0.000000 0.000002 0.000015 0.000000 0.000000 0.000015 0.000000 0.000018 0.000001 0.000001
0.680574 0.000534 0.000947 0.001486 0.000520 0.000054 0.001242 0.000542 0.000443 0.012574 0.000655 0.000522 0.000007 0.001067 0.209935 0.000887 0.022463 0.000267 0.000434 0.005684 0.008040 0.010119 0.000183 0.001227 0.001996 0.000880 0.000291 0.004711 0.000323 0.023238 0.005958 0.002196
0.783874 0.000186 0.008101 0.001552 0.000155 0.000194 0.000031 0.000062 0.000066 0.000741 0.000194 0.000073 0.000014 0.000582 0.183020 0.000036 0.007570 0.000013 0.000032 0.003136 0.000809 0.001392 0.000027 0.000309 0.001151 0.000107 0.000221 0.003844 0.000051 0.001664 0.000421 0.000374
0.721776 0.000464 0.000540 0.000337 0.002324 0.000023 0.000523 0.000317 0.000344 0.065586 0.000164 0.000849 0.000002 0.000334 0.179937 0.000743 0.001974 0.000062 0.000166 0.002944 0.000578 0.002667 0.000244 0.003310 0.000506 0.000102 0.000028 0.009620 0.000104 0.002617 0.000263 0.000552
0.819738 0.000057 0.000039 0.000006 0.000207 0.000000 0.000023 0.000009 0.000014 0.002192 0.000003 0.000071 0.000000 0.000029 0.176074 0.000017 0.000112 0.000001 0.000004 0.000135 0.000016 0.000050 0.000005 0.000060 0.000048 0.000004 0.000001 0.000966 0.000002 0.000094 0.000009 0.000014
0.773498 0.000199 0.013245 0.000907 0.000298 0.000123 0.000124 0.000117 0.000222 0.001571 0.000193 0.000162 0.000029 0.000822 0.171544 0.000119 0.007441 0.000054 0.000063 0.011974 0.003340 0.003733 0.000088 0.000648 0.001461 0.000144 0.000267 0.002577 0.000158 0.003580 0.000822 0.000478
0.781117 0.000308 0.010415 0.002191 0.000368 0.000327 0.000088 0.000086 0.000134 0.001715 0.000190 0.000133 0.000016 0.000727 0.169003 0.000098 0.005655 0.000045 0.000070 0.006825 0.001997 0.004791 0.000068 0.000624 0.001135 0.000217 0.000256 0.007045 0.000134 0.003016 0.000724 0.000481
0.823546 0.000015 0.002100 0.000215 0.000021 0.000017 0.000017 0.000020 0.000018 0.000442 0.000027 0.000022 0.000003 0.000115 0.151935 0.000017 0.004935 0.000005 0.000006 0.009868 0.001752 0.001383 0.000013 0.000206 0.000250 0.000021 0.000066 0.000652 0.000030 0.001998 0.000172 0.000113
0.833540 0.000219 0.001283 0.000551 0.000101 0.000233 0.000026 0.000062 0.000028 0.001793 0.000148 0.000027 0.000004 0.000200 0.142129 0.000022 0.002447 0.000008 0.000016 0.007714 0.000485 0.002271 0.000020 0.000333 0.000424 0.000120 0.000124 0.003486 0.000112 0.001585 0.000289 0.000201
0.835243 0.000015 0.002337 0.000191 0.000024 0.000013 0.000016 0.000030 0.000024 0.000483 0.000042 0.000028 0.000006 0.000133 0.128946 0.000016 0.007460 0.000006 0.000009 0.016289 0.002602 0.001771 0.000016 0.000243 0.000330 0.000021 0.000070 0.000541 0.000040 0.002684 0.000240 0.000128
0.867814 0.000010 0.000288 0.000038 0.000034 0.000003 0.000005 0.000012 0.000004 0.000297 0.000011 0.000009 0.000000 0.000034 0.127130 0.000002 0.001180 0.000001 0.000002 0.001355 0.000056 0.000872 0.000004 0.000061 0.000164 0.000009 0.000006 0.000256 0.000004 0.000290 0.000030 0.000019
0.537131 0.002710 0.025375 0.003547 0.005723 0.003021 0.003471 0.003093 0.002816 0.020339 0.006145 0.002493 0.001764 0.006503 0.111736 0.002050 0.024860 0.002261 0.002729 0.060112 0.030493 0.029061 0.001755 0.008290 0.013535 0.004153 0.004360 0.014244 0.006563 0.040224 0.013160 0.006283
0.891203 0.000018 0.000050 0.000390 0.000067 0.000003 0.000008 0.000009 0.000002 0.000162 0.000010 0.000015 0.000000 0.000028 0.106296 0.000007 0.000414 0.000001 0.000004 0.000125 0.000034 0.000484 0.000007 0.000137 0.000082 0.000010 0.000006 0.000140 0.000005 0.000212 0.000034 0.000039
0.501742 0.023196 0.002227 0.004118 0.000512 0.003802 0.006432 0.000549 0.002913 0.004042 0.002228 0.000506 0.013438 0.041002 0.000404 0.002096 0.006712 0.181031 0.027028 0.002121 0.003909 0.021176 0.000435 0.000805 0.058056 0.015552 0.003288 0.004786 0.000522 0.003933 0.056725 0.004712
0.291016 0.005683 0.003260 0.006715 0.008363 0.015279 0.006222 0.005460 0.006072 0.041205 0.040748 0.004823 0.006115 0.005188 0.023661 0.002998 0.011668 0.004292 0.004870 0.250216 0.023909 0.059169 0.007240 0.010929 0.009852 0.006474 0.006723 0.026486 0.014787 0.036654 0.045380 0.008542
0.287544 0.006730 0.003768 0.007611 0.008206 0.016493 0.007447 0.006401 0.006680 0.040481 0.041305 0.005185 0.006547 0.005683 0.024366 0.003561 0.013027 0.005354 0.005631 0.225801 0.026450 0.055750 0.006648 0.011264 0.011366 0.008674 0.007400 0.026976 0.016472 0.040284 0.051714 0.009182
0.730732 0.000350 0.000067 0.000739 0.000430 0.000186 0.000056 0.000230 0.000360 0.012331 0.003426 0.000251 0.000060 0.000088 0.002319 0.000072 0.000928 0.000058 0.000103 0.222923 0.002879 0.010541 0.000995 0.000939 0.000350 0.000074 0.000248 0.002120 0.000149 0.004113 0.001146 0.000736
0.704715 0.000613 0.000114 0.001295 0.000556 0.000429 0.000168 0.000349 0.000449 0.019700 0.003327 0.000305 0.000154 0.000271 0.004113 0.000225 0.001995 0.000175 0.000250 0.211467 0.005464 0.020283 0.001371 0.001681 0.000705 0.000169 0.000503 0.005484 0.000461 0.009429 0.002196 0.001585
0.800785 0.000035 0.000026 0.001289 0.000029 0.000077 0.000015 0.000049 0.000060 0.002546 0.001125 0.000030 0.000016 0.000039 0.002012 0.000017 0.000486 0.000019 0.000015 0.182485 0.001195 0.002605 0.000046 0.000278 0.000186 0.000032 0.000086 0.000784 0.000055 0.002988 0.000342 0.000247
0.264979 0.003163 0.005286 0.006367 0.016254 0.009179 0.009051 0.005676 0.005186 0.057147 0.015076 0.004013 0.001512 0.004528 0.069257 0.004543 0.017697 0.004932 0.007353 0.180325 0.035769 0.064170 0.003342 0.012188 0.009581 0.009184 0.004823 0.033840 0.013523 0.069085 0.043547 0.009424
0.808141 0.000120 0.000024 0.000551 0.000119 0.000100 0.000018 0.000080 0.000114 0.006336 0.002043 0.000068 0.000016 0.000034 0.001186 0.000021 0.000389 0.000022 0.000030 0.170067 0.001333 0.004104 0.000193 0.000328 0.000140 0.000038 0.000096 0.000804 0.000057 0.002416 0.000712 0.000300
0.607078 0.002141 0.002350 0.005277 0.005785 0.007161 0.002591 0.002122 0.002796 0.023125 0.026976 0.002379 0.002057 0.002285 0.020508 0.001218 0.005720 0.001206 0.001626 0.166145 0.008936 0.034861 0.003320 0.006049 0.003653 0.002170 0.003200 0.011171 0.006608 0.016207 0.009898 0.003380
0.690931 0.000777 0.001222 0.002602 0.004582 0.001620 0.000856 0.001166 0.001384 0.022964 0.006953 0.000873 0.000483 0.000841 0.027571 0.000486 0.004462 0.000643 0.000649 0.148570 0.011392 0.023655 0.001223 0.003539 0.002084 0.000999 0.001268 0.006689 0.002010 0.017057 0.007933 0.002514
0.818967 0.000078 0.001442 0.002060 0.000185 0.000349 0.000055 0.000157 0.000165 0.002111 0.000456 0.000076 0.000146 0.000238 0.013552 0.000071 0.003926 0.000095 0.000042 0.130655 0.005192 0.009812 0.000109 0.000495 0.000833 0.000089 0.000258 0.000933 0.000153 0.005759 0.001048 0.000495
0.624602 0.002824 0.002890 0.006824 0.005030 0.009086 0.003239 0.002481 0.002890 0.020388 0.029811 0.002238 0.002764 0.002639 0.022756 0.001544 0.006784 0.001693 0.002344 0.128150 0.010460 0.030080 0.002198 0.006089 0.004988 0.003527 0.003833 0.010735 0.009131 0.019633 0.014595 0.003755
0.850228 0.000041 0.000044 0.000651 0.000017 0.000062 0.000023 0.000062 0.000129 0.003684 0.000797 0.000045 0.000029 0.000054 0.003284 0.000030 0.001303 0.000022 0.000020 0.124704 0.003405 0.003267 0.000045 0.000367 0.000229 0.000052 0.000198 0.000903 0.000062 0.005685 0.000295 0.000262
0.826466 0.000029 0.000883 0.000964 0.000119 0.000056 0.000026 0.000081 0.000077 0.000982 0.000289 0.000062 0.000031 0.000119 0.030508 0.000025 0.003073 0.000022 0.000018 0.123700 0.002501 0.003548 0.000049 0.000318 0.000546 0.000045 0.000173 0.000856 0.000071 0.003567 0.000490 0.000309
0.821292 0.000406 0.000117 0.002699 0.000308 0.000583 0.000153 0.000252 0.000267 0.010687 0.002300 0.000148 0.000188 0.000312 0.004697 0.000201 0.002057 0.000226 0.000278 0.110751 0.005256 0.013992 0.000370 0.001146 0.001068 0.000284 0.000624 0.004413 0.000514 0.009475 0.003335 0.001601
0.157672 0.078364 0.000084 0.000011 0.000084 0.000016 0.000133 0.000040 0.000524 0.000382 0.002973 0.000031 0.001184 0.121429 0.000085 0.000055 0.000101 0.000219 0.000737 0.000247 0.000107 0.000683 0.000010 0.000038 0.631762 0.000200 0.000403 0.000162 0.000042 0.000136 0.001891 0.000196
0.561794 0.009979 0.002070 0.010106 0.000282 0.010685 0.001698 0.000278 0.000535 0.000663 0.002548 0.000142 0.011565 0.021326 0.000767 0.000680 0.006738 0.013932 0.010457 0.001440 0.005372 0.016882 0.000103 0.000238 0.175992 0.007811 0.002285 0.002045 0.000497 0.004687 0.114474 0.001927
0.829715 0.000147 0.000004 0.000115 0.000166 0.000023 0.000073 0.000136 0.000193 0.001510 0.032365 0.000078 0.000006 0.000022 0.000704 0.000369 0.000985 0.000017 0.000074 0.017443 0.004900 0.003908 0.000097 0.000345 0.000136 0.000217 0.101820 0.000388 0.001256 0.001683 0.000777 0.000326
0.344236 0.000065 0.000051 0.000494 0.000010 0.000589 0.000035 0.000044 0.000057 0.002656 0.000005 0.000175 0.000002 0.000024 0.000452 0.000587 0.000488 0.000015 0.000126 0.000988 0.000086 0.000229 0.000022 0.000110 0.000152 0.000014 0.000006 0.647832 0.000003 0.000228 0.000054 0.000166
0.369651 0.000481 0.000070 0.000195 0.000065 0.000108 0.000433 0.000285 0.000300 0.007387 0.000036 0.004265 0.000002 0.000071 0.001032 0.010608 0.003181 0.000045 0.000705 0.001080 0.000381 0.000402 0.000055 0.000447 0.000271 0.000149 0.000087 0.596264 0.000025 0.000692 0.000515 0.000709
0.398424 0.000445 0.000198 0.000557 0.000063 0.000213 0.000088 0.000055 0.000101 0.003337 0.000010 0.000292 0.000002 0.000123 0.000992 0.001281 0.000478 0.000034 0.000136 0.000494 0.000056 0.000122 0.000033 0.000116 0.000444 0.000043 0.000012 0.591303 0.000007 0.000123 0.000154 0.000264
0.575200 0.000019 0.000010 0.000027 0.000002 0.000040 0.000007 0.000004 0.000013 0.001093 0.000001 0.000021 0.000000 0.000004 0.000116 0.000101 0.000114 0.000006 0.000007 0.000236 0.000021 0.000061 0.000002 0.000012 0.000019 0.000007 0.000002 0.422781 0.000000 0.000036 0.000024 0.000014
0.686109 0.000352 0.000231 0.001846 0.000065 0.001031 0.000057 0.000094 0.000395 0.002026 0.000031 0.000277 0.000013 0.000092 0.002230 0.000873 0.000707 0.000039 0.000106 0.002082 0.000281 0.000470 0.000016 0.000349 0.000253 0.000056 0.000047 0.298944 0.000020 0.000465 0.000120 0.000323
0.729216 0.000417 0.000141 0.000404 0.000117 0.000209 0.000127 0.000181 0.000504 0.004476 0.000060 0.000403 0.000004 0.000055 0.004065 0.002031 0.001244 0.000041 0.000122 0.003671 0.000460 0.000493 0.000011 0.000335 0.000292 0.000113 0.000107 0.249267 0.000031 0.000673 0.000282 0.000448
0.762974 0.000002 0.000002 0.000044 0.000000 0.000004 0.000004 0.000001 0.000001 0.000552 0.000000 0.000010 0.000000 0.000003 0.000136 0.000023 0.000024 0.000001 0.000003 0.000287 0.000005 0.000008 0.000004 0.000004 0.000039 0.000001 0.000000 0.235841 0.000000 0.000018 0.000003 0.000006
0.638557 0.002338 0.000470 0.003445 0.000717 0.000473 0.001924 0.000350 0.000652 0.048630 0.000410 0.000814 0.000148 0.002911 0.012693 0.000666 0.003060 0.003328 0.001729 0.023785 0.002057 0.021405 0.001300 0.001128 0.007678 0.001997 0.000447 0.198101 0.000344 0.005675 0.010514 0.002252
0.723645 0.000645 0.000590 0.000710 0.000276 0.000768 0.001046 0.000899 0.000896 0.020497 0.000626 0.004233 0.000047 0.000347 0.005035 0.002759 0.007509 0.000402 0.001904 0.012217 0.002972 0.009024 0.000267 0.001157 0.000935 0.000630 0.000403 0.188247 0.000202 0.004653 0.004938 0.001523
0.812675 0.000001 0.000000 0.000013 0.000000 0.000001 0.000001 0.000000 0.000000 0.000310 0.000000 0.000003 0.000000 0.000000 0.000034 0.000018 0.000007 0.000000 0.000001 0.000084 0.000001 0.000002 0.000001 0.000001 0.000007 0.000000 0.000000 0.186832 0.000000 0.000004 0.000000 0.000002
0.803781 0.000378 0.000469 0.004415 0.000215 0.001733 0.000121 0.000201 0.000667 0.003978 0.000102 0.000396 0.000033 0.000161 0.005841 0.001018 0.001675 0.000086 0.000189 0.003542 0.000721 0.001062 0.000029 0.000597 0.000458 0.000149 0.000151 0.165433 0.000057 0.001154 0.000397 0.000792
0.846831 0.000112 0.000075 0.001003 0.000069 0.000419 0.000054 0.000050 0.000133 0.004163 0.000028 0.000270 0.000003 0.000042 0.000583 0.000553 0.000363 0.000021 0.000171 0.000540 0.000074 0.000321 0.000044 0.000151 0.000099 0.000025 0.000028 0.143205 0.000007 0.000206 0.000080 0.000276
0.860149 0.000002 0.000004 0.000002 0.000000 0.000001 0.000001 0.000001 0.000002 0.001178 0.000000 0.000001 0.000000 0.000001 0.000216 0.000091 0.000033 0.000000 0.000001 0.000151 0.000008 0.000005 0.000000 0.000001 0.000007 0.000001 0.000000 0.138124 0.000000 0.000013 0.000003 0.000005
0.846489 0.000343 0.000142 0.009162 0.000130 0.007214 0.000093 0.000255 0.000462 0.001810 0.000060 0.001394 0.000175 0.000113 0.000996 0.000295 0.001661 0.000082 0.000211 0.003160 0.000307 0.001037 0.000120 0.000683 0.000223 0.000071 0.000093 0.120934 0.000024 0.001221 0.000318 0.000723
0.705328 0.004136 0.000664 0.002084 0.000679 0.000607 0.001595 0.000393 0.000642 0.047346 0.001196 0.000724 0.000180 0.003376 0.017377 0.000855 0.003563 0.003727 0.002867 0.023444 0.002431 0.023557 0.001313 0.000880 0.013532 0.002468 0.000876 0.110675 0.000650 0.007944 0.012520 0.002371
0.353695 0.008519 0.006426 0.029008 0.017936 0.029292 0.023926 0.006253 0.008268 0.030832 0.016035 0.006712 0.001606 0.009759 0.021518 0.009860 0.017768 0.016308 0.012644 0.062376 0.023611 0.043011 0.002868 0.008298 0.011331 0.016633 0.005904 0.026585 0.007200 0.020622 0.132774 0.012424
0.561794 0.009979 0.002070 0.010106 0.000282 0.010685 0.001698 0.000278 0.000535 0.000663 0.002548 0.000142 0.011565 0.021326 0.000767 0.000680 0.006738 0.013932 0.010457 0.001440 0.005372 0.016882 0.000103 0.000238 0.175992 0.007811 0.002285 0.002045 0.000497 0.004687 0.114474 0.001927
0.689137 0.001819 0.000167 0.009748 0.004227 0.003001 0.001120 0.000684 0.000570 0.005432 0.003211 0.000347 0.001883 0.006498 0.002920 0.000670 0.051656 0.002161 0.010260 0.010183 0.007565 0.021356 0.000314 0.002221 0.010609 0.002716 0.000994 0.001781 0.002158 0.039009 0.100190 0.005393
