cabinet 183 104 322 129 0.168274 0.547189
cabinet 359 22 711 478 0.15955 0.363701
cabinet 132 3 284 186 0.13082 0.795805
chair 194 151 292 346 0.939338 0.059939
chair 159 157 267 243 0.382439 0.602495
chair 12 179 184 427 0.223525 0.089247
chair 266 142 306 264 0.180902 0.814768
sofa 5 311 227 529 0.129335 0.693922
sofa 253 156 711 440 0.108015 0.829516
table 2 146 208 399 0.948505 0.022101
door 183 2 306 129 0.124836 0.109300
picture 13 51 110 104 0.713058 0.241171
picture 59 55 88 94 0.467102 0.467383
picture 74 53 102 104 0.428602 0.454736
picture 19 70 70 98 0.370191 0.558278
picture 32 52 69 80 0.345008 0.628770
picture 62 86 94 103 0.309745 0.588552
picture 6 2 106 72 0.23684 0.655535
picture 25 74 39 98 0.224072 0.696208
picture 66 77 81 92 0.222676 0.707987
picture 726 8 729 17 0.216255 0.141302
picture 74 98 78 103 0.206946 0.650336
picture 206 4 211 9 0.204824 0.352108
picture 61 76 66 82 0.20131 0.760262
picture 77 86 89 93 0.19308 0.721146
picture 44 90 64 98 0.184989 0.746438
picture 86 89 94 102 0.178369 0.689334
picture 183 1 207 10 0.173643 0.408650
picture 66 93 73 99 0.172652 0.710772
picture 33 67 55 78 0.171339 0.802326
picture 62 97 74 103 0.161464 0.665817
picture 1 0 15 6 0.155221 0.299318
picture 24 72 42 79 0.145166 0.827334
picture 81 84 88 87 0.141041 0.773912
picture 41 53 67 56 0.135305 0.782722
picture 44 90 50 93 0.131641 0.800170
picture 76 86 114 115 0.1305 0.719190
picture 1 52 44 96 0.119637 0.832637
picture 2 0 50 20 0.1137 0.325024
picture 57 73 59 76 0.11091 0.855409
picture 41 77 50 81 0.110892 0.873350
picture 190 2 198 11 0.10505 0.544866
picture 21 70 30 96 0.102156 0.763668
counter 281 275 719 469 0.136017 0.762332
blinds 190 2 307 118 0.549864 0.109300
desk 0 124 186 425 0.358843 0.021443
desk 0 150 218 244 0.105076 0.425011
mirror 180 0 205 11 0.108462 0.408650
fridge 335 0 658 515 0.101534 0.651111
paper 15 152 74 169 0.418703 0.560401
paper 18 159 39 162 0.294104 0.698184
paper 357 475 494 529 0.270469 0.223000
paper 241 512 241 513 0.256127 0.314744
paper 465 493 465 495 0.251971 0.432337
paper 28 160 39 161 0.2474 0.720876
paper 1 0 15 6 0.237071 0.299318
paper 231 495 236 498 0.233814 0.457730
paper 28 159 31 161 0.214672 0.774860
paper 187 483 240 529 0.202484 0.124902
paper 638 486 709 529 0.196017 0.300023
paper 228 484 245 529 0.19509 0.167388
paper 356 496 413 529 0.195033 0.265707
paper 206 3 211 9 0.194326 0.352108
paper 28 491 35 526 0.1934 0.304134
paper 236 513 243 518 0.192896 0.257852
paper 449 468 492 510 0.189946 0.618885
paper 1 0 49 20 0.18798 0.325024
paper 228 484 238 504 0.187897 0.425406
paper 388 278 397 296 0.186785 0.608476
paper 239 519 245 526 0.174168 0.199520
paper 716 380 729 391 0.170268 0.231229
paper 1 11 10 17 0.166223 0.617361
paper 397 280 404 304 0.165404 0.594118
paper 517 148 519 152 0.165391 0.108166
paper 40 152 56 161 0.158547 0.740393
paper 585 497 598 513 0.148711 0.499590
paper 459 438 613 528 0.145978 0.564616
paper 25 474 31 485 0.144865 0.184703
paper 11 15 19 16 0.142278 0.550467
paper 517 143 519 148 0.142071 0.222127
paper 727 7 729 16 0.138813 0.141302
paper 388 291 395 296 0.13674 0.713065
paper 242 526 245 529 0.133787 0.124547
paper 34 0 84 16 0.126695 0.476943
paper 1 410 37 529 0.121132 0.466430
paper 382 272 388 293 0.120173 0.768390
paper 42 5 58 12 0.114716 0.538718
paper 327 510 363 529 0.114617 0.311484
paper 40 15 44 17 0.11264 0.605205
paper 36 10 62 19 0.108463 0.563338
paper 308 520 335 529 0.106068 0.317122
box 126 65 165 113 0.388877 0.366993
box 185 480 241 528 0.259532 0.124902
box 234 503 246 528 0.222829 0.141392
box 462 449 469 457 0.21823 0.647701
box 236 512 244 518 0.217557 0.257852
box 241 525 245 529 0.205948 0.124547
box 238 518 245 526 0.201032 0.199520
box 241 511 242 513 0.198794 0.314744
box 396 472 491 528 0.182883 0.215184
box 355 493 414 528 0.168204 0.265707
box 230 495 237 498 0.165382 0.457730
box 102 77 110 94 0.164496 0.585771
box 465 493 466 495 0.160984 0.432337
box 99 87 104 94 0.156721 0.609827
box 326 510 363 529 0.155009 0.311484
box 195 15 204 81 0.153864 0.603721
box 397 279 405 303 0.152663 0.594118
box 636 482 709 529 0.146506 0.300023
box 388 277 398 295 0.142559 0.608476
box 180 2 208 10 0.134204 0.408650
box 189 3 198 11 0.132734 0.544866
box 584 496 599 514 0.132219 0.499590
box 202 4 211 10 0.126265 0.363419
box 307 520 336 529 0.125016 0.317122
box 228 482 239 504 0.123262 0.425406
box 699 323 703 333 0.117554 0.478954
whiteboard 454 0 719 439 0.20179 0.279668
whiteboard 193 9 306 213 0.109444 0.667822
lamp 15 45 18 46 0.145255 0.842438
garbage_bin 24 473 31 485 0.156225 0.184703
garbage_bin 684 225 729 393 0.153161 0.273595
garbage_bin 227 483 239 505 0.101784 0.425406
