chair 649 270 729 381 0.42655 0.467863
chair 603 181 611 215 0.204833 0.732509
chair 618 254 725 520 0.161231 0.463095
chair 527 164 617 292 0.15608 0.629493
chair 603 127 625 134 0.142828 0.803074
chair 627 355 631 356 0.140254 0.844659
chair 637 351 641 355 0.132972 0.853496
chair 562 166 614 228 0.121466 0.840778
chair 550 212 657 393 0.113513 0.855451
chair 653 327 681 377 0.108693 0.873525
sofa 28 112 562 518 0.989927 0.009508
sofa 2 72 225 279 0.59673 0.346454
sofa 47 67 103 78 0.461491 0.475149
sofa 341 145 535 442 0.353127 0.600262
sofa 0 76 62 103 0.331265 0.616315
sofa 0 71 169 133 0.315794 0.653819
sofa 588 103 697 174 0.285848 0.631033
sofa 25 210 319 381 0.188121 0.669302
sofa 101 73 104 79 0.187437 0.674669
sofa 602 132 671 150 0.181838 0.721282
sofa 58 68 71 73 0.17501 0.635761
sofa 684 291 729 316 0.164127 0.599466
sofa 707 297 718 305 0.146462 0.730916
sofa 297 201 554 293 0.141353 0.832483
sofa 56 74 59 77 0.141164 0.583517
sofa 519 95 720 248 0.126 0.809631
sofa 5 221 123 383 0.124004 0.641820
sofa 170 107 431 299 0.113277 0.844894
table 561 204 718 383 0.967733 0.025406
table 507 281 710 509 0.260878 0.524736
table 520 131 615 290 0.139226 0.582713
bookshelf 412 64 445 87 0.100378 0.425541
picture 270 2 310 66 0.730835 0.232234
picture 483 55 526 95 0.535264 0.396253
picture 474 72 494 97 0.369135 0.396467
picture 470 139 487 151 0.301585 0.395341
picture 64 1 101 5 0.192783 0.612096
picture 415 47 455 86 0.18496 0.530093
picture 280 40 309 77 0.174151 0.767714
picture 1 1 8 8 0.170647 0.363381
picture 539 49 605 89 0.170278 0.679528
picture 414 49 491 129 0.160953 0.650267
picture 475 57 544 150 0.134087 0.713744
picture 417 46 435 63 0.127242 0.768830
picture 272 74 278 76 0.115185 0.545758
picture 617 518 624 529 0.111425 0.594599
picture 501 68 546 102 0.10524 0.620131
picture 620 520 632 529 0.10485 0.582404
counter 514 114 621 235 0.13176 0.749250
pillow 288 129 378 219 0.233902 0.759615
pillow 7 337 76 361 0.196545 0.747090
pillow 414 231 520 269 0.143869 0.838139
pillow 3 251 78 339 0.141674 0.646108
pillow 66 79 112 97 0.128363 0.835362
pillow 92 91 101 98 0.126418 0.861319
pillow 31 115 402 256 0.125574 0.734942
pillow 287 130 303 216 0.110136 0.876151
pillow 78 92 88 99 0.100434 0.870949
tv 382 519 403 529 0.497091 0.443904
tv 0 1 7 8 0.140462 0.363381
paper 441 139 448 147 0.296063 0.604868
paper 432 138 448 162 0.252392 0.608432
paper 471 139 486 151 0.210601 0.395341
paper 513 94 513 99 0.208669 0.712487
paper 726 459 729 467 0.195262 0.088770
paper 499 97 502 99 0.168515 0.726228
paper 619 495 680 529 0.157943 0.480638
paper 529 383 728 527 0.157597 0.522263
paper 694 429 699 437 0.15676 0.726939
paper 672 403 707 432 0.155908 0.666328
paper 448 132 499 170 0.154742 0.412782
paper 631 507 635 510 0.152063 0.352930
paper 440 134 448 142 0.139293 0.808204
paper 673 414 677 418 0.136652 0.712624
paper 457 151 469 159 0.134625 0.773914
paper 62 0 101 5 0.13451 0.612096
paper 588 460 637 528 0.134419 0.451602
paper 691 527 703 529 0.121878 0.638544
paper 676 517 708 529 0.120639 0.685149
paper 613 507 631 529 0.119781 0.549314
paper 660 393 677 413 0.119139 0.688100
paper 623 514 628 521 0.117834 0.604784
paper 654 515 657 515 0.11346 0.403551
paper 601 206 611 217 0.111278 0.652104
paper 446 60 456 85 0.102454 0.426171
box 586 453 640 529 0.379942 0.451602
box 652 389 656 393 0.341416 0.607767
box 589 336 687 516 0.315833 0.568030
box 653 374 670 390 0.303905 0.635620
box 445 133 503 169 0.282971 0.412782
box 644 372 681 416 0.263107 0.669879
box 648 382 655 391 0.221792 0.737294
box 654 383 663 404 0.219495 0.733438
box 666 378 681 396 0.171519 0.731353
box 496 162 513 177 0.14086 0.766509
box 660 392 678 414 0.137824 0.688100
box 654 514 657 515 0.134109 0.403551
box 726 458 729 467 0.132826 0.088770
box 641 499 644 502 0.130104 0.805449
box 630 506 634 510 0.123152 0.352930
box 421 100 488 188 0.116893 0.654280
box 618 491 679 529 0.115141 0.480638
box 446 62 457 84 0.106865 0.426171
box 445 86 448 89 0.104753 0.538778
box 526 481 599 529 0.104619 0.762281
box 536 399 648 529 0.100964 0.744495
person 547 85 583 106 0.101324 0.582905
lamp 647 8 725 114 0.676846 0.244061
lamp 316 46 362 91 0.351183 0.487764
lamp 601 0 713 240 0.242541 0.696589
lamp 612 70 663 109 0.182526 0.701536
lamp 191 21 228 67 0.166188 0.706629
lamp 340 45 363 61 0.150488 0.817893
lamp 305 42 307 49 0.13519 0.779249
lamp 159 1 245 60 0.130312 0.752862
lamp 189 54 205 59 0.119004 0.653773
garbage_bin 725 459 729 468 0.120456 0.088770
