0.527935 0.325229 0.001010 0.000402 0.005352 0.000519 0.001212 0.000169 0.004257 0.001114 0.004227 0.000098 0.001381 0.066589 0.000466 0.000216 0.000276 0.006369 0.001362 0.000162 0.000189 0.000613 0.000074 0.000135 0.036550 0.000889 0.001269 0.000202 0.000717 0.000302 0.010471 0.000247
0.792065 0.104256 0.001034 0.000781 0.000771 0.000520 0.000506 0.000244 0.000979 0.002141 0.002134 0.000175 0.000272 0.031755 0.002412 0.000373 0.000672 0.001297 0.000678 0.000635 0.000262 0.001164 0.000077 0.000198 0.048185 0.000257 0.000204 0.001625 0.000122 0.000774 0.002818 0.000617
0.000264 0.000000 0.999718 0.000000 0.000006 0.000001 0.000000 0.000000 0.000001 0.000000 0.000001 0.000000 0.000001 0.000005 0.000001 0.000000 0.000001 0.000000 0.000000 0.000000 0.000000 0.000000 0.000000 0.000000 0.000001 0.000000 0.000000 0.000000 0.000000 0.000000 0.000000 0.000000
0.677296 0.000016 0.289259 0.000077 0.000565 0.000012 0.000009 0.000015 0.000028 0.000034 0.000033 0.000007 0.000016 0.000330 0.026955 0.000005 0.004146 0.000003 0.000004 0.000232 0.000144 0.000043 0.000004 0.000026 0.000523 0.000010 0.000014 0.000035 0.000008 0.000068 0.000049 0.000035
0.581128 0.003282 0.000662 0.228880 0.008817 0.014162 0.000992 0.000685 0.007719 0.009008 0.001335 0.001510 0.000626 0.001387 0.004716 0.000755 0.001767 0.001475 0.002012 0.014146 0.001395 0.055454 0.000538 0.002427 0.002023 0.000855 0.001056 0.029822 0.000255 0.004950 0.010559 0.005603
0.561041 0.001935 0.002344 0.006553 0.001911 0.334546 0.000501 0.000401 0.001158 0.007946 0.009642 0.000219 0.010734 0.000908 0.001140 0.000330 0.000376 0.003124 0.001222 0.022551 0.001863 0.011582 0.000394 0.001612 0.000579 0.001292 0.000872 0.003380 0.003439 0.001591 0.003654 0.001161
0.589466 0.001972 0.002104 0.009717 0.002911 0.143514 0.001253 0.001449 0.002214 0.021429 0.009148 0.001030 0.007078 0.001427 0.004390 0.001155 0.002234 0.005050 0.002330 0.081937 0.008392 0.038011 0.001745 0.004061 0.001640 0.002246 0.002410 0.014749 0.004863 0.008258 0.018469 0.003350
0.816314 0.000618 0.000838 0.006392 0.000315 0.113455 0.000174 0.000209 0.000381 0.008365 0.001345 0.000093 0.002770 0.000309 0.000908 0.000146 0.000318 0.001779 0.000365 0.019524 0.002445 0.008018 0.000230 0.000685 0.000553 0.000671 0.000396 0.003963 0.000650 0.003888 0.003345 0.000537
0.183211 0.006393 0.005882 0.051380 0.026824 0.102853 0.007387 0.006489 0.009155 0.036572 0.032283 0.004891 0.013127 0.008784 0.017683 0.006704 0.019427 0.010596 0.017963 0.119898 0.031660 0.090065 0.007247 0.014337 0.008769 0.006478 0.004691 0.021974 0.008448 0.045214 0.060162 0.013455
0.340364 0.000426 0.000016 0.000133 0.000111 0.000034 0.001108 0.000357 0.000226 0.577418 0.000231 0.000379 0.000001 0.000086 0.001303 0.003593 0.000770 0.000892 0.000507 0.054785 0.001888 0.008100 0.000726 0.000713 0.000188 0.000177 0.000101 0.001206 0.000302 0.002968 0.000203 0.000687
0.559664 0.000949 0.000136 0.000886 0.000072 0.000062 0.001663 0.000306 0.001946 0.382324 0.000034 0.000696 0.000020 0.000862 0.000878 0.005574 0.000297 0.005397 0.006378 0.005872 0.000399 0.011982 0.001202 0.000393 0.000307 0.000113 0.000033 0.008434 0.000050 0.000858 0.000338 0.001875
0.521794 0.010315 0.000658 0.000221 0.006296 0.000145 0.005347 0.003157 0.001117 0.299455 0.007187 0.004849 0.000013 0.000492 0.002659 0.026316 0.004653 0.001947 0.002850 0.020660 0.004681 0.008356 0.036425 0.006968 0.000663 0.000709 0.001446 0.004934 0.008958 0.003843 0.000796 0.002088
0.679781 0.001120 0.000137 0.000491 0.000322 0.000292 0.000671 0.000582 0.002920 0.177446 0.002409 0.000366 0.000070 0.000684 0.005364 0.001009 0.003393 0.002366 0.001498 0.037075 0.002749 0.048286 0.000149 0.002469 0.001361 0.000324 0.000690 0.007027 0.000396 0.010745 0.005568 0.002240
0.450446 0.000126 0.000034 0.000573 0.000237 0.000314 0.000898 0.000758 0.000592 0.172917 0.000443 0.000452 0.000042 0.000116 0.002861 0.000553 0.000839 0.003754 0.000437 0.282883 0.007921 0.052052 0.004354 0.001305 0.000251 0.000828 0.000389 0.004603 0.000846 0.005537 0.001646 0.000993
0.448178 0.000808 0.000081 0.000609 0.002358 0.000694 0.001711 0.001517 0.002045 0.157252 0.003256 0.001086 0.000098 0.000515 0.002828 0.001671 0.001339 0.007276 0.005246 0.231763 0.006304 0.083829 0.003686 0.002150 0.001418 0.001435 0.001432 0.007239 0.002306 0.009802 0.005533 0.004532
0.822004 0.000030 0.000152 0.000089 0.000044 0.000011 0.000106 0.000065 0.000587 0.153015 0.000100 0.000057 0.000003 0.000065 0.003076 0.000290 0.000340 0.000548 0.000317 0.008257 0.001872 0.006984 0.000041 0.000072 0.000063 0.000027 0.000053 0.000340 0.000043 0.000921 0.000133 0.000296
0.767351 0.000353 0.000045 0.000147 0.000095 0.000111 0.000302 0.000305 0.001673 0.139056 0.000919 0.000144 0.000020 0.000193 0.002498 0.000484 0.001807 0.001108 0.000607 0.038917 0.001307 0.028024 0.000041 0.001216 0.000596 0.000104 0.000178 0.002698 0.000130 0.006313 0.002120 0.001139
0.732502 0.001728 0.000286 0.000423 0.000356 0.000345 0.000837 0.000814 0.002995 0.121918 0.004015 0.000539 0.000055 0.000909 0.005714 0.001513 0.004351 0.002822 0.001640 0.031948 0.002690 0.043108 0.000129 0.003910 0.001933 0.000451 0.001023 0.010150 0.000487 0.010091 0.007875 0.002442
0.500343 0.279939 0.001352 0.000460 0.003905 0.000662 0.001221 0.000100 0.001826 0.000583 0.003687 0.000059 0.001665 0.121916 0.000376 0.000132 0.000235 0.006874 0.001265 0.000169 0.000192 0.000897 0.000073 0.000071 0.050774 0.000960 0.001216 0.000128 0.000772 0.000294 0.017676 0.000178
0.415342 0.000006 0.007207 0.000036 0.000323 0.000002 0.000009 0.000011 0.000005 0.000054 0.000013 0.000010 0.000002 0.000099 0.570084 0.000004 0.005680 0.000001 0.000002 0.000186 0.000178 0.000064 0.000004 0.000061 0.000238 0.000008 0.000009 0.000049 0.000004 0.000228 0.000046 0.000036
0.548148 0.000555 0.000683 0.000028 0.000445 0.000075 0.000197 0.000169 0.000143 0.006860 0.000704 0.000150 0.000078 0.001146 0.358560 0.000055 0.007726 0.000031 0.000070 0.050905 0.002586 0.006085 0.000063 0.001044 0.003480 0.000085 0.000111 0.001326 0.000244 0.005799 0.001873 0.000575
0.745200 0.000007 0.000177 0.000004 0.000007 0.000004 0.000015 0.000016 0.000005 0.000583 0.000052 0.000010 0.000001 0.000070 0.205557 0.000005 0.005215 0.000001 0.000003 0.036570 0.002105 0.001698 0.000002 0.000071 0.000340 0.000005 0.000029 0.000152 0.000015 0.001519 0.000522 0.000041
0.771021 0.000053 0.001676 0.000589 0.000272 0.000033 0.000103 0.000058 0.000209 0.002367 0.000085 0.000071 0.000010 0.000378 0.153595 0.000080 0.019300 0.000031 0.000054 0.011816 0.005184 0.010678 0.000013 0.000411 0.000822 0.000033 0.000082 0.000883 0.000026 0.019013 0.000642 0.000413
0.695780 0.001059 0.009421 0.010864 0.003830 0.002649 0.001237 0.001495 0.001114 0.008135 0.001484 0.001407 0.000432 0.002012 0.139696 0.001147 0.012133 0.000695 0.000525 0.045027 0.006390 0.012432 0.001041 0.004478 0.004892 0.001207 0.001506 0.005222 0.000956 0.014235 0.004736 0.002763
0.714036 0.000172 0.001549 0.000043 0.000042 0.000047 0.000128 0.000137 0.000069 0.001914 0.000271 0.000074 0.000029 0.001340 0.139666 0.000043 0.024177 0.000013 0.000040 0.085291 0.007571 0.008115 0.000031 0.000519 0.004850 0.000032 0.000066 0.000596 0.000060 0.005935 0.002798 0.000345
0.887594 0.000000 0.000918 0.000002 0.000004 0.000000 0.000001 0.000001 0.000001 0.000013 0.000002 0.000001 0.000000 0.000013 0.105578 0.000000 0.005229 0.000000 0.000000 0.000167 0.000197 0.000055 0.000000 0.000004 0.000062 0.000001 0.000002 0.000013 0.000001 0.000116 0.000019 0.000004
0.609408 0.001415 0.000140 0.001029 0.000343 0.000580 0.002054 0.000742 0.001823 0.066371 0.001035 0.000334 0.000407 0.001220 0.001103 0.004834 0.000871 0.008064 0.230557 0.021268 0.001738 0.015225 0.000795 0.001447 0.002251 0.000345 0.000210 0.002204 0.000240 0.005294 0.003438 0.013215
0.364198 0.000072 0.000057 0.000646 0.000870 0.000348 0.001114 0.000533 0.000345 0.063780 0.000584 0.000433 0.000046 0.000094 0.004095 0.000497 0.001019 0.002195 0.000373 0.480709 0.010799 0.046612 0.002900 0.000899 0.000258 0.000630 0.000379 0.002640 0.001432 0.007282 0.003015 0.001148
0.421047 0.000062 0.000044 0.000644 0.000752 0.000319 0.000884 0.000350 0.000266 0.040306 0.000576 0.000282 0.000037 0.000079 0.003069 0.000418 0.000796 0.001808 0.000264 0.467522 0.007997 0.036018 0.001394 0.000594 0.000229 0.000496 0.000319 0.001963 0.001114 0.006633 0.002828 0.000888
0.374658 0.000341 0.000216 0.002496 0.002894 0.001252 0.002348 0.001228 0.001595 0.102803 0.001675 0.001168 0.000157 0.000344 0.006833 0.001459 0.001982 0.008421 0.001392 0.348069 0.016090 0.077473 0.006538 0.002377 0.000876 0.001904 0.001606 0.004959 0.003718 0.012092 0.008013 0.003025
0.450446 0.000126 0.000034 0.000573 0.000237 0.000314 0.000898 0.000758 0.000592 0.172917 0.000443 0.000452 0.000042 0.000116 0.002861 0.000553 0.000839 0.003754 0.000437 0.282883 0.007921 0.052052 0.004354 0.001305 0.000251 0.000828 0.000389 0.004603 0.000846 0.005537 0.001646 0.000993
0.546501 0.000072 0.000178 0.000005 0.000049 0.000019 0.000082 0.000083 0.000052 0.003339 0.000653 0.000042 0.000009 0.000292 0.137173 0.000030 0.012837 0.000012 0.000033 0.253240 0.014695 0.016765 0.000011 0.000342 0.001492 0.000027 0.000128 0.000316 0.000129 0.008388 0.002774 0.000233
0.569263 0.000571 0.000579 0.002100 0.003066 0.024070 0.001673 0.000463 0.001663 0.013415 0.008342 0.000616 0.000656 0.000715 0.002236 0.000289 0.000791 0.003778 0.001105 0.247130 0.004591 0.062651 0.000372 0.001215 0.000424 0.001148 0.000404 0.005411 0.001640 0.004045 0.034444 0.001134
0.530500 0.000857 0.000485 0.003087 0.002220 0.001689 0.001968 0.001511 0.002755 0.058788 0.005524 0.000630 0.000536 0.000892 0.007959 0.001949 0.003810 0.004241 0.003541 0.231824 0.012036 0.080707 0.003393 0.004699 0.002443 0.000888 0.002408 0.004838 0.002023 0.012388 0.005206 0.004204
0.523585 0.000581 0.000317 0.003263 0.001601 0.001610 0.002184 0.001579 0.002304 0.062802 0.003310 0.001435 0.000283 0.000454 0.020626 0.001286 0.004772 0.003205 0.001736 0.217033 0.024434 0.065200 0.008028 0.004173 0.001251 0.002135 0.002850 0.007306 0.004096 0.013805 0.008402 0.004354
0.598673 0.000195 0.001897 0.000062 0.000136 0.000209 0.000299 0.000172 0.000187 0.007197 0.000553 0.000166 0.000043 0.000737 0.084818 0.000201 0.033702 0.000043 0.000155 0.207071 0.017744 0.017047 0.000094 0.001942 0.002139 0.000074 0.000330 0.001526 0.000250 0.014267 0.007389 0.000681
0.661319 0.000483 0.000134 0.000160 0.000086 0.000622 0.000532 0.000176 0.001027 0.021816 0.000927 0.000075 0.000342 0.000727 0.001085 0.000300 0.001241 0.004435 0.000909 0.198006 0.005573 0.084674 0.000381 0.000374 0.001457 0.000221 0.000289 0.000594 0.000220 0.004316 0.006597 0.000902
0.671948 0.000538 0.000384 0.002016 0.001099 0.000900 0.001227 0.000622 0.001438 0.017872 0.003456 0.000326 0.000238 0.000689 0.006443 0.000884 0.002802 0.001795 0.001417 0.196947 0.008717 0.053328 0.001042 0.001919 0.001996 0.000528 0.001978 0.002336 0.000853 0.008150 0.003848 0.002263
0.687130 0.000432 0.000171 0.002577 0.002029 0.001786 0.001850 0.000720 0.001017 0.025545 0.003375 0.000485 0.000138 0.000384 0.002312 0.001276 0.001424 0.008407 0.001547 0.183798 0.007283 0.034163 0.000888 0.000930 0.000957 0.001102 0.001547 0.003476 0.001259 0.008594 0.010665 0.002733
0.627707 0.000636 0.000524 0.003567 0.002551 0.048861 0.001404 0.000682 0.002396 0.013019 0.008866 0.000587 0.001123 0.000688 0.001961 0.000415 0.000978 0.004180 0.001375 0.177312 0.004867 0.052748 0.000463 0.001316 0.000493 0.000734 0.000456 0.005016 0.001162 0.004150 0.028515 0.001246
0.629431 0.000635 0.000210 0.000585 0.000718 0.001347 0.000689 0.000451 0.001332 0.038001 0.003606 0.000184 0.000339 0.000727 0.002723 0.000591 0.002196 0.004146 0.001760 0.170620 0.009659 0.104704 0.001440 0.001635 0.001785 0.000482 0.001106 0.002109 0.000920 0.007146 0.007160 0.001563
0.713721 0.000504 0.000385 0.001659 0.001235 0.000629 0.001030 0.000477 0.001419 0.021977 0.003099 0.000231 0.000187 0.000736 0.005797 0.000975 0.002725 0.001821 0.001488 0.158514 0.008020 0.048464 0.000764 0.001501 0.001666 0.000491 0.001599 0.002807 0.000707 0.007973 0.005333 0.002065
0.540151 0.001447 0.001482 0.005781 0.003786 0.079194 0.001732 0.001880 0.002942 0.028165 0.012154 0.001401 0.003258 0.001235 0.005371 0.001619 0.002603 0.005079 0.002429 0.156323 0.011071 0.057503 0.001832 0.004485 0.001340 0.002069 0.002491 0.012361 0.004802 0.009571 0.030967 0.003476
0.279099 0.007211 0.002618 0.023999 0.012834 0.090801 0.008479 0.007515 0.014124 0.053581 0.026311 0.006766 0.008463 0.004970 0.009184 0.007147 0.010187 0.012634 0.015190 0.133938 0.022301 0.081814 0.007810 0.014095 0.005281 0.005273 0.004280 0.023527 0.006640 0.023709 0.057203 0.013012
0.762975 0.000234 0.000570 0.000698 0.001059 0.013015 0.000373 0.000213 0.000518 0.012828 0.003208 0.000140 0.000280 0.000275 0.001825 0.000175 0.000392 0.002130 0.000273 0.133439 0.004604 0.032748 0.000136 0.000652 0.000243 0.000847 0.000629 0.004086 0.001508 0.002843 0.016643 0.000440
0.708923 0.000335 0.003170 0.001920 0.002225 0.001693 0.000398 0.000361 0.001341 0.008002 0.002359 0.000277 0.000396 0.001115 0.021536 0.000392 0.018020 0.000285 0.000628 0.123433 0.011119 0.031161 0.000382 0.006958 0.002960 0.000341 0.000982 0.002809 0.000438 0.035602 0.008115 0.002325
0.875664 0.000043 0.000032 0.004973 0.000068 0.000258 0.000011 0.000029 0.000051 0.000766 0.000590 0.000011 0.000048 0.000040 0.001185 0.000019 0.000186 0.000034 0.000016 0.110431 0.000348 0.002164 0.000029 0.000120 0.000230 0.000034 0.000138 0.000653 0.000074 0.001068 0.000450 0.000236
0.601585 0.001241 0.000544 0.002716 0.002053 0.001686 0.000981 0.000710 0.007199 0.026286 0.003881 0.001183 0.000475 0.001682 0.003885 0.000508 0.004024 0.000806 0.000964 0.070039 0.004082 0.215874 0.000257 0.005664 0.001212 0.000344 0.001057 0.011751 0.000730 0.013405 0.010058 0.003119
0.720397 0.001329 0.000213 0.052498 0.000737 0.013238 0.000377 0.000449 0.012189 0.003345 0.002116 0.000513 0.000766 0.000847 0.001229 0.000221 0.000715 0.001023 0.000588 0.024159 0.000794 0.146677 0.000107 0.000825 0.000849 0.000210 0.000769 0.004907 0.000188 0.002801 0.003266 0.001657
0.654260 0.000621 0.000668 0.002508 0.000648 0.000427 0.002018 0.000801 0.000748 0.026378 0.001416 0.001547 0.000281 0.006387 0.009641 0.001857 0.008490 0.006629 0.000398 0.080132 0.010299 0.138139 0.001172 0.005481 0.001401 0.001444 0.003161 0.016624 0.002715 0.007503 0.002931 0.003272
0.608994 0.000579 0.000292 0.001276 0.000548 0.000346 0.003179 0.000669 0.001358 0.074607 0.000759 0.001769 0.000162 0.002910 0.004427 0.004916 0.005370 0.007738 0.000658 0.089101 0.009742 0.131511 0.002066 0.008776 0.000866 0.001125 0.001990 0.018709 0.001397 0.009159 0.001617 0.003385
0.363145 0.005850 0.009185 0.008396 0.046566 0.004204 0.008434 0.004165 0.021653 0.058213 0.006389 0.006883 0.000732 0.014080 0.029294 0.003419 0.021750 0.005906 0.003541 0.071166 0.010528 0.111740 0.002829 0.030462 0.006195 0.004861 0.001891 0.036703 0.005653 0.031711 0.052761 0.011694
0.730700 0.004921 0.000335 0.004171 0.000612 0.001819 0.003958 0.000944 0.003775 0.019276 0.004899 0.000882 0.000873 0.002321 0.002620 0.002624 0.003163 0.004031 0.003576 0.032234 0.004837 0.109273 0.000854 0.001400 0.002833 0.001851 0.004988 0.012255 0.000885 0.008679 0.019804 0.004609
0.314478 0.001299 0.000302 0.002002 0.003061 0.001943 0.003641 0.002674 0.003613 0.150069 0.003282 0.002006 0.000217 0.000727 0.006460 0.003687 0.002688 0.015378 0.006372 0.289865 0.013328 0.105700 0.005393 0.003387 0.001596 0.002640 0.002739 0.010236 0.004330 0.016007 0.012521 0.008362
0.629431 0.000635 0.000210 0.000585 0.000718 0.001347 0.000689 0.000451 0.001332 0.038001 0.003606 0.000184 0.000339 0.000727 0.002723 0.000591 0.002196 0.004146 0.001760 0.170620 0.009659 0.104704 0.001440 0.001635 0.001785 0.000482 0.001106 0.002109 0.000920 0.007146 0.007160 0.001563
0.442772 0.003707 0.007117 0.015065 0.025270 0.002112 0.003278 0.002256 0.005032 0.050972 0.001593 0.001875 0.001444 0.005565 0.025337 0.003481 0.048643 0.003584 0.005346 0.018180 0.016402 0.038654 0.002298 0.139146 0.002863 0.001115 0.000798 0.022687 0.001268 0.085551 0.008730 0.007858
0.773208 0.016380 0.000760 0.000206 0.000593 0.000210 0.000116 0.000070 0.000286 0.000503 0.002035 0.000057 0.001432 0.027327 0.001728 0.000033 0.000372 0.000140 0.000146 0.001013 0.000199 0.000414 0.000034 0.000070 0.169336 0.000179 0.000119 0.000335 0.000081 0.000452 0.001959 0.000206
0.277977 0.000353 0.000145 0.000385 0.000053 0.000065 0.000257 0.000068 0.000245 0.003325 0.000008 0.000321 0.000002 0.000171 0.001445 0.002852 0.000844 0.000068 0.000231 0.001617 0.000229 0.000444 0.000080 0.000146 0.000390 0.000110 0.000028 0.707043 0.000012 0.000516 0.000313 0.000259
0.709529 0.001079 0.000199 0.000537 0.000084 0.000323 0.000129 0.000080 0.000554 0.004653 0.000070 0.000379 0.000006 0.000181 0.004343 0.000446 0.001202 0.000058 0.000072 0.002533 0.000356 0.000675 0.000009 0.000143 0.000618 0.000177 0.000076 0.268157 0.000025 0.001162 0.001806 0.000339
0.792024 0.000001 0.000000 0.000001 0.000000 0.000000 0.000002 0.000000 0.000002 0.000122 0.000000 0.000006 0.000000 0.000000 0.000020 0.000087 0.000008 0.000000 0.000001 0.000103 0.000002 0.000001 0.000000 0.000000 0.000001 0.000000 0.000000 0.207613 0.000000 0.000002 0.000001 0.000001
0.862094 0.000021 0.000005 0.000037 0.000003 0.000004 0.000059 0.000010 0.000032 0.000879 0.000001 0.000089 0.000000 0.000003 0.000146 0.000530 0.000096 0.000006 0.000008 0.000705 0.000040 0.000028 0.000011 0.000011 0.000018 0.000023 0.000005 0.135061 0.000001 0.000037 0.000021 0.000017
0.862084 0.001428 0.000108 0.000779 0.000143 0.000099 0.001545 0.000131 0.001159 0.009117 0.000060 0.000464 0.000008 0.000642 0.000961 0.003509 0.000920 0.000484 0.000328 0.006170 0.000408 0.002065 0.000173 0.000238 0.000805 0.000494 0.000101 0.102520 0.000044 0.000733 0.001524 0.000755
