chair 39 212 370 529 0.414586 0.231566
chair 7 166 138 328 0.174491 0.704872
chair 167 274 313 341 0.144083 0.814404
chair 642 234 718 409 0.109403 0.792796
chair 96 137 173 215 0.100839 0.761996
sofa 43 112 677 486 0.99815 0.001692
sofa 393 174 672 395 0.954906 0.044043
sofa 18 153 185 516 0.790676 0.191136
sofa 678 216 727 316 0.497283 0.241817
sofa 617 213 716 342 0.411393 0.510158
sofa 302 160 496 334 0.349597 0.631113
sofa 71 127 333 349 0.294707 0.698491
sofa 469 216 491 241 0.161062 0.757102
sofa 681 224 727 246 0.147881 0.762087
sofa 723 213 729 229 0.145963 0.701842
sofa 596 256 696 306 0.114918 0.699259
table 650 278 725 397 0.263413 0.546401
picture 87 5 149 111 0.941733 0.046528
picture 341 7 450 160 0.919287 0.072520
picture 472 79 523 169 0.708001 0.249565
picture 0 4 54 56 0.531536 0.451741
picture 447 45 565 180 0.525226 0.295089
picture 127 26 147 108 0.524435 0.449112
picture 106 3 141 55 0.418163 0.522870
picture 3 11 81 114 0.343942 0.475647
picture 123 9 130 22 0.210901 0.659148
picture 373 2 423 20 0.199336 0.621421
picture 611 7 725 166 0.19476 0.678257
picture 618 152 622 163 0.193147 0.652091
picture 337 11 364 145 0.193098 0.770918
picture 346 102 350 119 0.163668 0.632347
picture 106 8 131 25 0.146765 0.722238
picture 659 136 727 192 0.139878 0.785697
picture 132 32 137 38 0.124473 0.751690
picture 336 88 349 146 0.108921 0.437014
pillow 120 129 282 229 0.878125 0.120333
pillow 385 185 486 236 0.54474 0.444420
pillow 123 132 194 181 0.339137 0.643252
pillow 449 198 485 222 0.293097 0.704786
pillow 459 199 472 213 0.287046 0.712501
pillow 9 259 130 298 0.244597 0.705361
pillow 474 203 482 217 0.191603 0.807246
pillow 183 152 228 190 0.18771 0.811935
pillow 455 193 463 208 0.18196 0.817073
pillow 10 211 152 378 0.130567 0.235683
pillow 578 265 652 365 0.128737 0.795823
pillow 407 187 466 208 0.120527 0.878485
pillow 227 123 322 145 0.116199 0.799723
pillow 446 166 523 215 0.11373 0.880140
pillow 261 318 282 326 0.102735 0.887696
paper 1 491 6 529 0.204421 0.149137
paper 448 237 483 299 0.166219 0.695620
paper 681 354 729 381 0.10093 0.521653
box 212 35 277 76 0.746177 0.229102
box 244 65 277 75 0.534088 0.436655
box 277 73 323 84 0.500306 0.447883
box 226 60 306 103 0.402314 0.525742
box 201 38 323 148 0.366008 0.589881
box 247 74 256 88 0.316701 0.575059
box 302 86 306 97 0.243773 0.673704
box 215 9 339 81 0.20636 0.595247
box 1 488 7 528 0.177284 0.149137
box 365 246 379 258 0.160946 0.622133
box 317 77 323 84 0.160387 0.778602
box 322 73 328 85 0.160387 0.778602
box 306 123 309 125 0.142862 0.694331
box 263 90 305 102 0.127734 0.752054
box 262 78 276 90 0.12373 0.731451
box 480 161 501 172 0.111346 0.612934
box 306 113 317 123 0.111026 0.672161
box 277 81 294 95 0.10937 0.777341
whiteboard 220 1 341 67 0.266995 0.544966
person 715 397 729 441 0.706853 0.146926
person 720 437 729 447 0.390296 0.501721
person 694 394 728 477 0.236678 0.436995
garbage_bin 141 235 153 239 0.232648 0.702798
garbage_bin 28 484 63 529 0.124474 0.524217
