cabinet 406 147 543 217 0.277574 0.693321
cabinet 381 101 578 272 0.206264 0.716677
cabinet 466 160 521 272 0.167994 0.702042
cabinet 420 159 476 209 0.111014 0.838610
chair 551 117 691 316 0.883138 0.075434
chair 214 526 216 529 0.107563 0.270851
sofa 0 80 472 529 0.984346 0.014201
table 573 124 725 316 0.571888 0.020274
picture 146 0 343 53 0.968215 0.026224
picture 718 4 729 54 0.786085 0.083815
picture 724 131 729 145 0.498888 0.157747
picture 241 1 325 22 0.497712 0.329954
picture 724 145 729 160 0.43534 0.101361
picture 303 0 330 26 0.275719 0.712353
picture 199 1 263 10 0.145189 0.630159
dresser 347 59 434 210 0.161403 0.433815
pillow 374 202 462 239 0.506358 0.485504
pillow 287 149 373 274 0.211861 0.786965
pillow 166 130 191 151 0.204167 0.741363
pillow 17 124 184 238 0.200913 0.732079
pillow 182 150 190 156 0.198192 0.793763
pillow 171 143 183 149 0.197847 0.750785
pillow 40 288 64 334 0.183518 0.752364
pillow 179 153 191 162 0.176896 0.818657
pillow 51 312 63 334 0.160432 0.832358
pillow 164 130 185 137 0.160317 0.625330
pillow 172 142 192 176 0.156457 0.822244
pillow 182 316 388 499 0.142931 0.777232
pillow 46 376 53 388 0.122594 0.873758
pillow 381 414 388 426 0.122022 0.856324
pillow 3 136 51 196 0.119232 0.743807
pillow 117 241 237 359 0.117531 0.881959
pillow 34 116 376 303 0.117172 0.862641
pillow 297 339 305 344 0.116833 0.853893
pillow 388 411 409 442 0.114493 0.849409
pillow 429 237 430 238 0.113461 0.880951
pillow 128 312 142 330 0.11107 0.888199
pillow 265 203 323 302 0.105121 0.892374
pillow 386 427 394 436 0.103187 0.867644
clothes 32 277 39 284 0.141935 0.683312
clothes 28 263 46 293 0.136882 0.694055
clothes 36 274 49 295 0.108623 0.720452
clothes 30 262 64 337 0.108262 0.652325
clothes 211 415 261 452 0.104883 0.785503
paper 699 340 705 341 0.2051 0.306810
paper 725 344 729 346 0.148847 0.158776
paper 397 56 399 58 0.1373 0.670691
paper 681 337 696 339 0.129952 0.435233
paper 709 341 715 342 0.113598 0.439330
box 699 339 705 341 0.190928 0.306810
box 680 336 697 339 0.171283 0.435233
box 520 236 526 244 0.162852 0.670286
box 724 145 729 159 0.155083 0.101361
box 397 55 399 57 0.120326 0.670691
box 724 131 729 145 0.104055 0.157747
box 523 235 531 240 0.103098 0.788660
box 428 113 431 115 0.101064 0.891759
box 214 526 216 529 0.10065 0.270851
bathtub 664 333 669 336 0.116331 0.658426
garbage_bin 706 488 729 529 0.101994 0.327205
