chair 477 240 697 519 0.945565 0.050022
chair 666 249 725 414 0.846272 0.121182
chair 590 181 655 314 0.531906 0.460606
chair 582 180 605 276 0.4164 0.576258
chair 452 178 590 247 0.359587 0.598934
chair 99 249 535 509 0.270313 0.456626
chair 1 247 17 276 0.212386 0.767366
chair 19 136 112 270 0.199921 0.681853
chair 650 235 666 254 0.164427 0.802580
chair 152 145 282 257 0.152322 0.694018
chair 602 151 691 252 0.135816 0.825317
chair 66 161 126 247 0.123645 0.691692
chair 670 365 729 419 0.123284 0.740249
chair 670 226 677 246 0.122207 0.861982
chair 1 224 72 274 0.121451 0.868657
chair 592 224 702 388 0.11865 0.845023
chair 2 237 25 248 0.118245 0.825227
chair 608 183 626 192 0.117162 0.870424
chair 600 188 612 198 0.11608 0.877862
chair 452 234 621 360 0.111678 0.884011
chair 559 182 568 189 0.100401 0.875654
sofa 8 128 206 480 0.239192 0.418415
sofa 10 75 130 237 0.198785 0.614275
sofa 91 99 157 210 0.130892 0.825177
sofa 144 120 260 232 0.124459 0.822148
sofa 1 114 55 268 0.119968 0.519082
sofa 29 121 172 154 0.114411 0.815698
table 71 194 601 510 0.988884 0.004605
table 21 206 235 512 0.911528 0.032944
table 607 183 712 389 0.325645 0.571088
table 27 152 119 247 0.101325 0.477974
bookshelf 616 136 631 148 0.115714 0.652714
bookshelf 645 143 728 192 0.115441 0.492262
picture 1 4 53 56 0.657964 0.303390
picture 6 29 24 56 0.401359 0.439012
picture 343 2 408 131 0.324892 0.371904
picture 487 107 535 152 0.225745 0.418445
picture 558 119 629 161 0.21561 0.729910
picture 311 6 471 210 0.207053 0.411069
picture 582 134 603 146 0.202685 0.596057
picture 167 175 201 201 0.194481 0.428800
picture 1 26 1 57 0.188998 0.673828
picture 3 42 9 55 0.168702 0.626390
picture 189 186 201 201 0.167339 0.545594
picture 724 299 729 306 0.142292 0.216234
picture 711 304 729 317 0.124381 0.576578
picture 130 7 170 32 0.113616 0.625609
picture 151 145 216 202 0.102606 0.438072
picture 280 170 355 218 0.100452 0.409768
desk 0 236 236 523 0.494312 0.079501
pillow 2 108 29 226 0.20487 0.644770
pillow 1 191 27 202 0.181698 0.817654
mirror 284 13 451 232 0.638739 0.145430
mirror 337 0 408 147 0.184594 0.371904
clothes 190 111 201 128 0.146383 0.671393
clothes 159 112 206 146 0.128823 0.588436
clothes 199 124 202 128 0.110389 0.731199
paper 171 152 203 162 0.260813 0.454756
paper 168 175 200 200 0.228681 0.428800
paper 117 70 121 85 0.153174 0.507697
paper 116 71 129 97 0.147705 0.381869
paper 121 75 147 103 0.142082 0.472970
paper 190 186 201 201 0.140716 0.545594
paper 711 313 729 325 0.136961 0.473603
paper 154 145 216 200 0.123552 0.438072
paper 280 173 358 216 0.110002 0.409768
paper 590 277 607 290 0.102086 0.600870
box 190 94 193 99 0.64117 0.276672
box 190 87 196 99 0.486897 0.357716
box 193 57 219 110 0.345566 0.520581
box 194 89 205 110 0.298132 0.588524
box 151 145 215 200 0.292026 0.438072
box 686 178 719 221 0.240129 0.663308
box 205 84 218 110 0.23855 0.645213
box 31 36 53 61 0.215831 0.572533
box 169 152 204 162 0.211212 0.454756
box 77 11 150 98 0.188297 0.578316
box 703 169 729 191 0.187121 0.672304
box 186 143 210 153 0.18671 0.750468
box 159 135 207 153 0.171353 0.693691
box 116 69 129 96 0.16786 0.381869
box 708 188 729 225 0.167351 0.644888
box 650 148 724 189 0.165887 0.492262
box 117 70 122 85 0.156324 0.507697
box 456 238 465 252 0.151373 0.751490
box 590 276 608 290 0.142834 0.600870
box 121 74 148 102 0.141708 0.472970
box 716 188 729 196 0.139962 0.643127
box 689 182 695 196 0.133692 0.785752
box 166 32 229 111 0.125446 0.718937
box 165 119 178 142 0.125425 0.673122
box 272 159 357 214 0.12498 0.490331
box 159 88 190 110 0.121763 0.744120
box 151 77 159 110 0.107869 0.672790
box 186 136 210 147 0.101141 0.858513
box 167 176 201 199 0.100896 0.428800
box 603 289 615 301 0.100497 0.659138
whiteboard 122 2 299 81 0.127939 0.764082
person 407 83 486 156 0.482157 0.423085
person 436 117 455 182 0.459075 0.533805
person 720 275 726 282 0.409909 0.476947
person 421 119 435 153 0.327079 0.671109
person 395 107 419 148 0.310015 0.679101
person 412 105 427 138 0.278708 0.714929
person 399 127 404 138 0.260573 0.699352
person 395 106 436 191 0.178531 0.817990
person 497 144 515 151 0.165361 0.512054
person 429 135 440 160 0.153261 0.841985
person 496 145 503 151 0.153079 0.599166
person 487 107 525 150 0.145765 0.504866
person 725 299 729 306 0.13021 0.216234
person 213 108 289 177 0.127265 0.731832
person 263 112 274 129 0.121939 0.673252
person 0 97 29 243 0.120344 0.556178
person 431 100 527 189 0.109498 0.873734
person 714 240 728 316 0.102133 0.349565
person 426 97 456 126 0.100704 0.894496
lamp 264 384 335 421 0.13967 0.539829
lamp 316 402 336 421 0.114178 0.571561
bag 163 112 208 143 0.124815 0.607354
bag 189 112 202 129 0.109262 0.671393
bag 209 114 218 133 0.103517 0.820609
garbage_bin 725 450 729 483 0.100458 0.115455
