chair 296 246 301 252 0.15248 0.750950
chair 0 247 123 433 0.140907 0.796815
chair 292 248 297 254 0.13266 0.840258
chair 284 240 301 250 0.107111 0.700509
sofa 13 101 729 484 0.988528 0.011324
sofa 167 96 424 394 0.19429 0.792420
sofa 17 109 217 326 0.116606 0.863454
table 16 218 373 529 0.482111 0.468409
door 654 135 659 148 0.102865 0.460574
picture 544 139 654 205 0.230117 0.620789
picture 0 0 326 141 0.22773 0.364522
picture 510 2 653 217 0.195082 0.363812
picture 616 96 671 184 0.148825 0.588138
picture 30 4 96 114 0.125189 0.668692
mirror 531 0 650 197 0.175501 0.428739
clothes 12 2 313 125 0.147815 0.456520
clothes 198 0 282 69 0.135966 0.764346
clothes 231 0 276 27 0.135947 0.841336
tv 0 8 305 152 0.131394 0.364522
paper 647 274 700 327 0.72571 0.242252
paper 602 443 641 502 0.68633 0.252490
paper 612 433 644 461 0.60491 0.390836
paper 268 332 320 388 0.371103 0.415356
paper 697 282 701 293 0.289109 0.570058
paper 277 388 281 390 0.28171 0.549850
paper 645 309 651 313 0.269291 0.451418
paper 647 313 669 324 0.250319 0.571242
paper 624 297 651 314 0.249584 0.570598
paper 226 292 334 389 0.24312 0.543166
paper 259 351 344 427 0.234563 0.532606
paper 618 437 628 448 0.225344 0.773168
paper 635 304 645 311 0.219503 0.476854
paper 631 301 636 306 0.202605 0.478281
paper 532 176 540 180 0.202086 0.626165
paper 597 286 671 327 0.190839 0.675609
paper 287 285 301 296 0.190389 0.585508
paper 537 178 547 184 0.17467 0.680236
paper 527 176 534 178 0.171611 0.594535
paper 536 179 567 189 0.160435 0.715664
paper 4 464 111 529 0.153722 0.438073
paper 275 316 337 336 0.152074 0.666019
paper 669 323 671 326 0.129539 0.753192
paper 283 291 284 293 0.122943 0.675653
paper 110 182 111 184 0.120925 0.749728
paper 278 377 343 390 0.119444 0.527115
paper 297 336 306 342 0.115416 0.754990
paper 640 445 645 454 0.113801 0.850933
paper 629 438 641 449 0.113546 0.867853
paper 671 285 729 337 0.110231 0.536497
box 259 269 348 386 0.456178 0.296302
box 540 140 544 146 0.326189 0.517394
box 276 376 344 391 0.282281 0.527115
box 644 308 651 314 0.251853 0.451418
box 635 303 645 312 0.250042 0.476854
box 540 154 541 158 0.211755 0.580826
box 314 482 327 500 0.206173 0.713025
box 630 300 636 307 0.172842 0.478281
box 647 311 671 325 0.162192 0.571242
box 245 328 313 388 0.159888 0.626537
box 277 387 282 391 0.140899 0.549850
box 286 345 322 383 0.14018 0.543919
box 272 316 337 336 0.13861 0.666019
box 2 461 113 528 0.131719 0.438073
box 282 94 314 137 0.1282 0.681000
box 282 291 283 294 0.122227 0.675653
box 286 285 301 297 0.121503 0.585508
box 587 410 709 529 0.120071 0.754979
box 601 424 647 508 0.113573 0.388508
box 669 323 671 327 0.107474 0.753192
box 159 444 326 528 0.105313 0.775186
box 259 343 345 428 0.102258 0.532606
whiteboard 314 3 527 172 0.116734 0.786454
lamp 672 280 727 378 0.214107 0.575756
lamp 654 27 722 410 0.143867 0.729783
garbage_bin 105 202 183 270 0.358031 0.576665
garbage_bin 139 302 198 313 0.208907 0.771818
garbage_bin 102 208 136 216 0.205679 0.681144
garbage_bin 108 196 157 213 0.18916 0.678099
garbage_bin 121 192 185 206 0.17673 0.731938
garbage_bin 341 291 365 298 0.142508 0.707208
garbage_bin 125 283 214 316 0.141617 0.797853
garbage_bin 192 288 196 294 0.119189 0.724845
garbage_bin 648 383 729 520 0.10254 0.813775
