cabinet 4 26 75 194 0.270736 0.611385
cabinet 0 262 118 529 0.195041 0.116393
cabinet 0 112 84 396 0.154104 0.705475
cabinet 3 76 71 92 0.117278 0.450714
chair 296 166 579 523 0.979606 0.018672
chair 651 224 729 418 0.864302 0.120843
chair 543 208 650 371 0.77726 0.218981
chair 458 169 611 381 0.490838 0.405286
chair 138 128 409 491 0.315304 0.376545
chair 662 272 729 293 0.204902 0.673877
chair 502 519 515 529 0.141324 0.376253
chair 485 164 616 201 0.133619 0.801357
chair 672 282 729 328 0.130617 0.763215
chair 568 288 627 344 0.120066 0.872595
chair 479 172 504 187 0.115709 0.837589
chair 146 92 288 161 0.111206 0.876319
chair 448 151 476 176 0.108024 0.873508
table 132 121 519 504 0.967108 0.011007
table 606 191 718 361 0.910687 0.052134
table 618 252 715 296 0.370814 0.571329
table 494 180 678 365 0.214729 0.613877
picture 582 41 643 137 0.977394 0.018662
picture 423 8 500 120 0.973428 0.024245
picture 677 87 717 145 0.921878 0.062250
picture 156 1 256 43 0.792942 0.144549
picture 645 71 700 155 0.754183 0.152568
picture 149 0 156 37 0.560703 0.434980
picture 32 242 54 313 0.403516 0.518348
picture 427 88 488 121 0.384073 0.605255
picture 717 103 721 107 0.356893 0.494899
picture 609 73 637 120 0.299935 0.674496
picture 646 71 665 129 0.269975 0.396384
picture 461 13 706 132 0.185993 0.804953
picture 712 108 715 120 0.178569 0.781377
picture 691 109 707 135 0.160472 0.756907
picture 713 128 717 131 0.155536 0.783525
picture 691 127 701 134 0.145478 0.723572
picture 502 1 509 14 0.116269 0.807962
picture 676 133 727 179 0.105764 0.781765
counter 0 288 150 512 0.223545 0.159114
desk 617 162 719 305 0.131522 0.437834
pillow 1 261 11 276 0.187344 0.555514
pillow 0 259 33 315 0.133515 0.425442
clothes 0 256 34 328 0.152501 0.402090
paper 694 176 729 221 0.270404 0.185246
paper 9 278 20 284 0.192595 0.554895
paper 545 502 549 505 0.184857 0.717368
paper 247 0 285 47 0.163612 0.653871
paper 672 210 692 215 0.153029 0.694151
paper 701 163 729 177 0.134768 0.332916
paper 661 205 692 212 0.128919 0.731706
paper 665 194 695 209 0.118997 0.707098
paper 713 221 729 226 0.115268 0.270199
paper 543 505 550 509 0.112915 0.809045
paper 693 211 705 219 0.103781 0.593391
box 646 68 666 127 0.191289 0.396384
box 671 174 725 222 0.17673 0.344305
box 693 210 705 220 0.16803 0.593391
box 713 220 729 226 0.137197 0.270199
box 664 193 695 210 0.117002 0.707098
box 505 326 507 328 0.116133 0.684930
box 0 177 83 323 0.115933 0.531716
box 658 211 728 247 0.113301 0.728798
box 665 128 666 130 0.109315 0.807159
box 691 127 698 129 0.105511 0.743506
box 670 178 696 197 0.103397 0.698131
box 672 209 692 216 0.100355 0.694151
whiteboard 4 2 48 80 0.805066 0.036450
night_stand 597 152 694 213 0.105107 0.707763
lamp 693 59 721 82 0.111472 0.849023
bag 0 259 34 310 0.152346 0.425442
garbage_bin 14 294 122 517 0.254693 0.126004
