0.678227 0.137172 0.004247 0.001922 0.001066 0.000475 0.010137 0.001552 0.012231 0.009580 0.004854 0.004533 0.001834 0.030210 0.011632 0.000901 0.002104 0.007363 0.002132 0.008285 0.002149 0.015862 0.004986 0.001516 0.026779 0.002380 0.000835 0.002423 0.000990 0.002719 0.006732 0.002174
0.012856 0.000195 0.982853 0.000007 0.002415 0.000102 0.000010 0.000006 0.000175 0.000010 0.000301 0.000007 0.000236 0.000341 0.000067 0.000004 0.000052 0.000028 0.000006 0.000012 0.000028 0.000039 0.000012 0.000015 0.000053 0.000019 0.000019 0.000006 0.000091 0.000007 0.000018 0.000008
0.603496 0.000224 0.325909 0.000710 0.020109 0.002738 0.000075 0.000054 0.000744 0.000245 0.000519 0.000042 0.001726 0.001579 0.008249 0.000032 0.023427 0.000168 0.000072 0.000777 0.001233 0.002480 0.000038 0.000261 0.001210 0.000077 0.000162 0.000222 0.000164 0.001905 0.001137 0.000217
0.722865 0.007585 0.128261 0.000689 0.019869 0.000650 0.001294 0.000810 0.007251 0.002112 0.004838 0.001380 0.000522 0.003305 0.069313 0.000598 0.005405 0.000407 0.000299 0.002132 0.002084 0.002349 0.000801 0.001447 0.002791 0.001462 0.002307 0.001531 0.001989 0.001594 0.001360 0.000701
0.683790 0.006368 0.000568 0.143006 0.031059 0.016433 0.000841 0.000560 0.003568 0.010256 0.006739 0.000988 0.004808 0.002930 0.011946 0.000694 0.004486 0.000734 0.001116 0.006076 0.002134 0.012906 0.001021 0.012688 0.003704 0.000705 0.001026 0.013154 0.000670 0.008315 0.004586 0.002126
0.830353 0.000220 0.000527 0.138324 0.004397 0.014399 0.000209 0.000141 0.000134 0.000531 0.001499 0.000102 0.000397 0.000149 0.000829 0.000109 0.000544 0.000339 0.000065 0.000617 0.000366 0.000815 0.000475 0.000690 0.000298 0.000358 0.000720 0.000407 0.000167 0.000456 0.001082 0.000280
0.830936 0.000364 0.000887 0.121273 0.010391 0.003043 0.000255 0.000330 0.000314 0.000850 0.000612 0.000535 0.000135 0.000226 0.011100 0.000224 0.001217 0.000282 0.000255 0.003364 0.000925 0.003232 0.000340 0.001229 0.000400 0.000323 0.001368 0.001959 0.000289 0.001369 0.001116 0.000857
0.721905 0.003199 0.000224 0.119010 0.008008 0.005098 0.000930 0.000796 0.036018 0.004856 0.005907 0.000586 0.011570 0.000709 0.001030 0.000440 0.001373 0.002939 0.001881 0.012128 0.001202 0.035352 0.004204 0.006578 0.000863 0.000446 0.001165 0.003039 0.000516 0.002801 0.002005 0.003222
0.418037 0.011631 0.000792 0.102712 0.003394 0.139055 0.001450 0.001191 0.023252 0.003951 0.006776 0.000642 0.236061 0.003039 0.000877 0.000512 0.001214 0.003528 0.003370 0.003633 0.001040 0.010315 0.002468 0.003248 0.006706 0.000733 0.000790 0.001826 0.000685 0.001766 0.002315 0.002990
0.395156 0.001507 0.000969 0.002888 0.000813 0.520709 0.000116 0.000092 0.000339 0.000205 0.007233 0.000083 0.052637 0.000610 0.000253 0.000053 0.000590 0.000768 0.000125 0.000489 0.000199 0.000991 0.000153 0.000253 0.001562 0.000299 0.001134 0.000405 0.000331 0.000317 0.008428 0.000291
0.418037 0.011631 0.000792 0.102712 0.003394 0.139055 0.001450 0.001191 0.023252 0.003951 0.006776 0.000642 0.236061 0.003039 0.000877 0.000512 0.001214 0.003528 0.003370 0.003633 0.001040 0.010315 0.002468 0.003248 0.006706 0.000733 0.000790 0.001826 0.000685 0.001766 0.002315 0.002990
0.578464 0.042517 0.009323 0.001439 0.006944 0.000847 0.006476 0.001843 0.108812 0.017377 0.024906 0.002428 0.003608 0.021383 0.004094 0.001375 0.004890 0.016384 0.002242 0.019038 0.006260 0.058587 0.002380 0.004248 0.013235 0.002796 0.003581 0.004374 0.002344 0.007748 0.016774 0.003283
0.204648 0.004507 0.002480 0.004986 0.019473 0.005446 0.030985 0.007288 0.014289 0.255227 0.005622 0.007307 0.000320 0.003772 0.017129 0.020907 0.016208 0.008810 0.037785 0.110540 0.015475 0.061309 0.006069 0.015990 0.003297 0.009270 0.001672 0.026583 0.004028 0.028893 0.036421 0.013264
0.274208 0.000104 0.000051 0.000390 0.000170 0.000334 0.001062 0.000749 0.000836 0.154807 0.000802 0.000483 0.000081 0.000164 0.001765 0.000718 0.001147 0.002694 0.000902 0.444860 0.009494 0.069845 0.007641 0.001312 0.000418 0.002367 0.000777 0.006930 0.000964 0.007735 0.004516 0.001676
0.448888 0.004043 0.001722 0.004679 0.001670 0.003469 0.001163 0.000568 0.000918 0.148907 0.002996 0.000570 0.000368 0.004378 0.022829 0.002536 0.010364 0.001625 0.002957 0.048506 0.021090 0.106331 0.000902 0.006014 0.004256 0.001835 0.005172 0.074718 0.001587 0.031017 0.029453 0.004467
0.361718 0.000080 0.000024 0.000240 0.000033 0.000242 0.000457 0.000374 0.000821 0.122098 0.000400 0.000221 0.000067 0.000121 0.001532 0.000472 0.001169 0.001258 0.000580 0.397801 0.008348 0.082921 0.001224 0.000932 0.000457 0.000432 0.000331 0.003498 0.000230 0.008772 0.001752 0.001395
0.569081 0.000620 0.000184 0.001243 0.000113 0.000261 0.001284 0.000526 0.005529 0.115942 0.001084 0.000649 0.000277 0.000851 0.004043 0.002311 0.002714 0.005584 0.003453 0.085889 0.009270 0.145242 0.000643 0.005722 0.002004 0.000314 0.000510 0.009217 0.000253 0.017562 0.001938 0.005688
0.242509 0.008314 0.000067 0.024879 0.003122 0.001537 0.017183 0.005612 0.003015 0.109906 0.002026 0.007660 0.000127 0.001116 0.004430 0.149261 0.007050 0.004814 0.017749 0.034186 0.012040 0.049975 0.103130 0.008825 0.001513 0.002107 0.003101 0.128149 0.001409 0.022062 0.004645 0.018480
0.418037 0.011631 0.000792 0.102712 0.003394 0.139055 0.001450 0.001191 0.023252 0.003951 0.006776 0.000642 0.236061 0.003039 0.000877 0.000512 0.001214 0.003528 0.003370 0.003633 0.001040 0.010315 0.002468 0.003248 0.006706 0.000733 0.000790 0.001826 0.000685 0.001766 0.002315 0.002990
0.636562 0.009019 0.000431 0.084823 0.002492 0.034600 0.001150 0.000916 0.017743 0.006662 0.006943 0.000516 0.114173 0.002640 0.001809 0.000442 0.001362 0.002744 0.003469 0.009640 0.001422 0.030582 0.001853 0.003363 0.008359 0.000867 0.000971 0.002118 0.000717 0.004405 0.003074 0.004131
0.334245 0.000021 0.008289 0.000053 0.000364 0.000004 0.000029 0.000023 0.000088 0.000297 0.000054 0.000039 0.000002 0.000095 0.645790 0.000011 0.004959 0.000004 0.000010 0.001000 0.001851 0.000780 0.000007 0.000043 0.000223 0.000015 0.000057 0.000157 0.000016 0.001256 0.000137 0.000079
0.490543 0.000182 0.000515 0.000077 0.000369 0.000012 0.000182 0.000105 0.000096 0.001654 0.000166 0.000182 0.000005 0.000270 0.492402 0.000083 0.002920 0.000023 0.000051 0.002435 0.001297 0.001808 0.000081 0.000310 0.000630 0.000083 0.000105 0.000779 0.000070 0.001922 0.000409 0.000235
0.543863 0.000010 0.002229 0.000009 0.000228 0.000001 0.000022 0.000012 0.000054 0.000486 0.000056 0.000020 0.000001 0.000045 0.439064 0.000004 0.002979 0.000004 0.000003 0.004221 0.003559 0.000998 0.000005 0.000013 0.000175 0.000019 0.000069 0.000084 0.000022 0.001442 0.000257 0.000046
0.685276 0.000005 0.000368 0.000045 0.000011 0.000002 0.000016 0.000012 0.000019 0.000273 0.000025 0.000016 0.000001 0.000046 0.285787 0.000007 0.010252 0.000002 0.000005 0.004874 0.004401 0.003202 0.000003 0.000046 0.000186 0.000012 0.000039 0.000121 0.000006 0.004704 0.000157 0.000081
0.668267 0.001479 0.012117 0.000273 0.002225 0.000430 0.000570 0.000487 0.000880 0.001747 0.001945 0.000560 0.000108 0.000955 0.268410 0.000317 0.008982 0.000133 0.000110 0.005598 0.004665 0.003409 0.000273 0.000814 0.002279 0.001378 0.002254 0.001805 0.002047 0.003164 0.001798 0.000523
0.732543 0.000011 0.000182 0.000034 0.000204 0.000006 0.000011 0.000021 0.000012 0.000393 0.000103 0.000012 0.000001 0.000021 0.253164 0.000011 0.002472 0.000003 0.000007 0.001963 0.002980 0.003249 0.000003 0.000052 0.000137 0.000018 0.000136 0.000203 0.000040 0.001638 0.000308 0.000059
0.724980 0.000072 0.001050 0.000180 0.000626 0.000008 0.000108 0.000121 0.000086 0.001360 0.000390 0.000112 0.000003 0.000197 0.242761 0.000047 0.007838 0.000021 0.000056 0.006836 0.002822 0.003575 0.000082 0.000210 0.000765 0.000105 0.000229 0.000812 0.000271 0.003198 0.000774 0.000306
0.802219 0.000002 0.000117 0.000012 0.000308 0.000003 0.000006 0.000006 0.000008 0.000141 0.000013 0.000008 0.000000 0.000012 0.195311 0.000003 0.000192 0.000001 0.000002 0.001030 0.000120 0.000094 0.000002 0.000032 0.000049 0.000005 0.000010 0.000093 0.000003 0.000162 0.000024 0.000015
0.775210 0.000085 0.000823 0.000240 0.000376 0.000038 0.000073 0.000133 0.000108 0.000823 0.000587 0.000115 0.000009 0.000090 0.172919 0.000067 0.007323 0.000038 0.000043 0.007258 0.006657 0.014925 0.000022 0.000213 0.000513 0.000179 0.001755 0.001133 0.000208 0.004636 0.003073 0.000328
0.785344 0.000034 0.000348 0.000113 0.000080 0.000015 0.000070 0.000035 0.000057 0.000954 0.000046 0.000048 0.000005 0.000173 0.170480 0.000049 0.009469 0.000017 0.000031 0.015373 0.003018 0.007873 0.000029 0.000208 0.000432 0.000024 0.000026 0.000538 0.000020 0.004317 0.000457 0.000316
0.364490 0.003539 0.001089 0.003914 0.008225 0.000162 0.003995 0.001783 0.001329 0.063253 0.006825 0.002834 0.000060 0.003467 0.167321 0.006119 0.028151 0.001271 0.004542 0.114237 0.046902 0.061444 0.001448 0.008533 0.003764 0.001383 0.001055 0.018769 0.002538 0.050833 0.008210 0.008515
0.839593 0.000000 0.000024 0.000000 0.000005 0.000000 0.000001 0.000001 0.000001 0.000019 0.000003 0.000001 0.000000 0.000001 0.159027 0.000000 0.000142 0.000000 0.000000 0.000768 0.000135 0.000093 0.000000 0.000002 0.000017 0.000001 0.000004 0.000008 0.000001 0.000128 0.000023 0.000002
0.823240 0.000051 0.005179 0.000133 0.000192 0.000020 0.000038 0.000045 0.000043 0.000279 0.000195 0.000038 0.000011 0.000212 0.156299 0.000026 0.007464 0.000010 0.000014 0.000636 0.002690 0.000778 0.000013 0.000241 0.000325 0.000043 0.000226 0.000142 0.000087 0.001066 0.000165 0.000098
0.812149 0.000030 0.000208 0.000535 0.000411 0.000031 0.000032 0.000055 0.000037 0.000655 0.000320 0.000040 0.000006 0.000026 0.143614 0.000033 0.002818 0.000027 0.000027 0.006279 0.004101 0.021300 0.000012 0.000109 0.000183 0.000102 0.001437 0.000684 0.000083 0.002966 0.001415 0.000276
0.856590 0.000000 0.000008 0.000000 0.000002 0.000000 0.000000 0.000000 0.000000 0.000009 0.000002 0.000000 0.000000 0.000001 0.142783 0.000000 0.000224 0.000000 0.000000 0.000146 0.000076 0.000056 0.000000 0.000000 0.000008 0.000000 0.000003 0.000003 0.000000 0.000074 0.000012 0.000001
0.856392 0.000019 0.000852 0.000064 0.000464 0.000036 0.000044 0.000034 0.000052 0.000352 0.000147 0.000033 0.000006 0.000112 0.128958 0.000009 0.004485 0.000013 0.000013 0.002626 0.000749 0.001621 0.000012 0.000041 0.000511 0.000041 0.000084 0.000207 0.000030 0.001288 0.000630 0.000077
0.875164 0.000001 0.000084 0.000009 0.000058 0.000008 0.000006 0.000006 0.000008 0.000096 0.000023 0.000004 0.000000 0.000009 0.120671 0.000002 0.000518 0.000002 0.000001 0.001718 0.000440 0.000373 0.000001 0.000024 0.000057 0.000017 0.000030 0.000085 0.000013 0.000406 0.000147 0.000018
0.567212 0.000114 0.021185 0.001629 0.031022 0.000155 0.000182 0.000087 0.000289 0.000710 0.000247 0.000067 0.000083 0.001038 0.119332 0.000078 0.209711 0.000140 0.000109 0.001315 0.008771 0.004067 0.000059 0.000585 0.001360 0.000209 0.000191 0.000540 0.000190 0.022000 0.006887 0.000437
0.873032 0.000005 0.000254 0.000020 0.000055 0.000010 0.000016 0.000009 0.000012 0.000082 0.000022 0.000006 0.000001 0.000028 0.118109 0.000007 0.004916 0.000002 0.000003 0.000993 0.000534 0.000644 0.000002 0.000041 0.000073 0.000008 0.000017 0.000047 0.000007 0.000926 0.000092 0.000027
0.877676 0.000010 0.000272 0.000061 0.000350 0.000020 0.000036 0.000019 0.000027 0.000152 0.000096 0.000021 0.000002 0.000041 0.114051 0.000006 0.003106 0.000007 0.000006 0.001017 0.000346 0.000779 0.000004 0.000047 0.000184 0.000019 0.000064 0.000101 0.000017 0.001100 0.000324 0.000039
0.804670 0.001025 0.056416 0.000101 0.001511 0.000118 0.000351 0.000288 0.001222 0.000694 0.001052 0.000558 0.000058 0.001061 0.113425 0.000137 0.005165 0.000078 0.000071 0.002138 0.001765 0.002327 0.000148 0.000517 0.001181 0.000347 0.000498 0.000486 0.000443 0.001253 0.000632 0.000266
0.860815 0.000032 0.016542 0.000333 0.001829 0.000027 0.000057 0.000044 0.000100 0.000369 0.000158 0.000050 0.000012 0.000182 0.108368 0.000026 0.004487 0.000021 0.000023 0.001776 0.001083 0.001292 0.000020 0.000143 0.000349 0.000076 0.000115 0.000151 0.000074 0.001044 0.000288 0.000115
0.881563 0.000007 0.002377 0.000034 0.000114 0.000002 0.000008 0.000006 0.000022 0.000324 0.000044 0.000007 0.000001 0.000044 0.107148 0.000002 0.003610 0.000003 0.000003 0.001232 0.000779 0.000757 0.000001 0.000014 0.000139 0.000005 0.000021 0.000062 0.000010 0.001471 0.000167 0.000021
0.242509 0.008314 0.000067 0.024879 0.003122 0.001537 0.017183 0.005612 0.003015 0.109906 0.002026 0.007660 0.000127 0.001116 0.004430 0.149261 0.007050 0.004814 0.017749 0.034186 0.012040 0.049975 0.103130 0.008825 0.001513 0.002107 0.003101 0.128149 0.001409 0.022062 0.004645 0.018480
0.459920 0.000254 0.016253 0.002489 0.025823 0.000363 0.000326 0.000161 0.000471 0.000977 0.000424 0.000107 0.000227 0.002032 0.094274 0.000146 0.320863 0.000267 0.000228 0.001884 0.013635 0.007461 0.000115 0.000938 0.002595 0.000413 0.000336 0.000940 0.000339 0.031663 0.013233 0.000845
0.610021 0.000018 0.000054 0.000387 0.000048 0.000050 0.000039 0.000020 0.000066 0.000383 0.000048 0.000026 0.000039 0.000137 0.004065 0.000006 0.318443 0.000024 0.000027 0.002059 0.003221 0.002078 0.000008 0.000352 0.000196 0.000010 0.000089 0.001347 0.000006 0.054729 0.001772 0.000234
0.713954 0.000001 0.000006 0.000204 0.000005 0.000022 0.000009 0.000002 0.000009 0.000117 0.000005 0.000005 0.000019 0.000029 0.000293 0.000001 0.241691 0.000009 0.000008 0.002419 0.003330 0.000637 0.000003 0.000047 0.000049 0.000003 0.000017 0.000710 0.000001 0.035146 0.001178 0.000074
0.698232 0.000060 0.001761 0.000911 0.001079 0.000175 0.000140 0.000086 0.000143 0.000488 0.000258 0.000049 0.000112 0.000337 0.020509 0.000058 0.228971 0.000082 0.000049 0.001670 0.009452 0.005762 0.000052 0.000587 0.000551 0.000139 0.000255 0.000706 0.000093 0.023433 0.003401 0.000399
0.714043 0.000014 0.000035 0.000323 0.000082 0.000018 0.000023 0.000007 0.000049 0.000224 0.000026 0.000014 0.000036 0.000084 0.003008 0.000003 0.222685 0.000024 0.000013 0.001866 0.002505 0.002764 0.000005 0.000369 0.000157 0.000008 0.000045 0.000783 0.000003 0.048540 0.002066 0.000178
0.745715 0.000019 0.000225 0.000168 0.000023 0.000049 0.000036 0.000017 0.000059 0.000303 0.000038 0.000027 0.000088 0.000228 0.003034 0.000004 0.203530 0.000037 0.000032 0.007429 0.003651 0.002405 0.000016 0.000097 0.000759 0.000016 0.000058 0.001093 0.000008 0.027979 0.002638 0.000218
0.743509 0.000153 0.004068 0.001422 0.001801 0.000511 0.000286 0.000172 0.000344 0.000756 0.000521 0.000095 0.000286 0.000719 0.039420 0.000141 0.156090 0.000142 0.000124 0.003280 0.013058 0.006613 0.000067 0.000490 0.001638 0.000373 0.000706 0.000809 0.000217 0.014900 0.006673 0.000614
0.755815 0.000082 0.011995 0.000637 0.000347 0.000212 0.000091 0.000073 0.000356 0.000520 0.000246 0.000099 0.000296 0.000567 0.030710 0.000026 0.155016 0.000057 0.000066 0.005394 0.009855 0.004826 0.000038 0.000226 0.001678 0.000080 0.000362 0.000983 0.000081 0.016038 0.002809 0.000422
0.765707 0.000200 0.002072 0.000478 0.000444 0.000198 0.000230 0.000165 0.000324 0.001038 0.000508 0.000109 0.000118 0.000642 0.044845 0.000155 0.136831 0.000092 0.000064 0.002323 0.007291 0.011892 0.000122 0.000710 0.001122 0.000202 0.000359 0.001162 0.000180 0.017615 0.002242 0.000560
0.779297 0.000215 0.000806 0.001124 0.000169 0.000376 0.000253 0.000167 0.000295 0.001542 0.000742 0.000097 0.000378 0.000803 0.009575 0.000159 0.104898 0.000229 0.000114 0.008701 0.013704 0.031864 0.000193 0.000571 0.001660 0.000306 0.000579 0.002118 0.000244 0.032215 0.005676 0.000930
0.558623 0.000966 0.001407 0.009529 0.006839 0.013243 0.002969 0.003020 0.003420 0.057267 0.006929 0.002089 0.001262 0.001403 0.005456 0.003211 0.002943 0.005340 0.172180 0.055320 0.003151 0.031862 0.006341 0.008147 0.002372 0.001705 0.000561 0.003676 0.002068 0.008333 0.006886 0.011483
0.263945 0.006775 0.005128 0.027782 0.019742 0.028789 0.015311 0.009638 0.012197 0.056235 0.018769 0.008679 0.009184 0.009946 0.018180 0.009248 0.013370 0.010499 0.124334 0.100821 0.013938 0.048402 0.008407 0.014025 0.012584 0.008637 0.003407 0.016302 0.009665 0.027727 0.042442 0.025892
0.732355 0.000356 0.000368 0.005502 0.002133 0.006171 0.001181 0.000978 0.001909 0.044269 0.002143 0.000787 0.000616 0.000569 0.001931 0.001636 0.001398 0.002195 0.118725 0.032348 0.001600 0.017153 0.001987 0.003593 0.000841 0.000522 0.000222 0.001828 0.000557 0.004892 0.002451 0.006784
0.194430 0.000615 0.001547 0.000879 0.000387 0.003680 0.000717 0.000385 0.001422 0.007620 0.001766 0.000341 0.002520 0.003560 0.008844 0.000228 0.006322 0.001236 0.002138 0.497076 0.008457 0.203939 0.000491 0.001218 0.013442 0.000455 0.000587 0.002783 0.000713 0.015997 0.013279 0.002928
0.274208 0.000104 0.000051 0.000390 0.000170 0.000334 0.001062 0.000749 0.000836 0.154807 0.000802 0.000483 0.000081 0.000164 0.001765 0.000718 0.001147 0.002694 0.000902 0.444860 0.009494 0.069845 0.007641 0.001312 0.000418 0.002367 0.000777 0.006930 0.000964 0.007735 0.004516 0.001676
0.385812 0.000112 0.000066 0.000227 0.000103 0.000341 0.000569 0.000417 0.000683 0.078229 0.000525 0.000205 0.000074 0.000248 0.003790 0.000400 0.002318 0.002007 0.000500 0.411021 0.010533 0.075401 0.001587 0.000937 0.000745 0.000909 0.000457 0.003259 0.000506 0.010892 0.005705 0.001423
0.361718 0.000080 0.000024 0.000240 0.000033 0.000242 0.000457 0.000374 0.000821 0.122098 0.000400 0.000221 0.000067 0.000121 0.001532 0.000472 0.001169 0.001258 0.000580 0.397801 0.008348 0.082921 0.001224 0.000932 0.000457 0.000432 0.000331 0.003498 0.000230 0.008772 0.001752 0.001395
0.415962 0.000058 0.000030 0.000255 0.000075 0.000219 0.000519 0.000487 0.000537 0.090283 0.000532 0.000250 0.000038 0.000087 0.001918 0.000450 0.001156 0.001160 0.000509 0.383217 0.010800 0.067737 0.002440 0.000875 0.000365 0.001153 0.000517 0.003945 0.000473 0.008837 0.003864 0.001250
0.574086 0.000013 0.000106 0.000134 0.000019 0.000034 0.000036 0.000018 0.000070 0.000944 0.000049 0.000017 0.000034 0.000142 0.009284 0.000013 0.005813 0.000049 0.000040 0.348469 0.004980 0.041188 0.000031 0.000126 0.001511 0.000032 0.000044 0.000375 0.000017 0.009990 0.001926 0.000410
0.421360 0.000200 0.000102 0.001087 0.000853 0.000612 0.001199 0.001109 0.000889 0.063152 0.001973 0.000653 0.000121 0.000271 0.003245 0.000668 0.002216 0.002691 0.001933 0.344925 0.013479 0.075336 0.010697 0.002805 0.000854 0.005035 0.002935 0.009782 0.002501 0.010994 0.013503 0.002818
0.628487 0.000011 0.000063 0.000122 0.000013 0.000035 0.000026 0.000010 0.000035 0.000629 0.000031 0.000011 0.000014 0.000092 0.008190 0.000008 0.003573 0.000034 0.000024 0.292375 0.002978 0.053348 0.000019 0.000060 0.001073 0.000024 0.000029 0.000237 0.000010 0.006436 0.001759 0.000241
0.539475 0.000043 0.000096 0.000099 0.000015 0.000157 0.000055 0.000014 0.000221 0.000527 0.000111 0.000011 0.000090 0.000291 0.001255 0.000007 0.001156 0.000217 0.000074 0.291260 0.001224 0.154499 0.000019 0.000054 0.002372 0.000037 0.000040 0.000184 0.000020 0.002891 0.003225 0.000263
0.648651 0.000006 0.000040 0.000093 0.000008 0.000018 0.000016 0.000006 0.000024 0.000538 0.000016 0.000007 0.000010 0.000067 0.008721 0.000005 0.002843 0.000022 0.000016 0.279782 0.002362 0.048557 0.000014 0.000041 0.000860 0.000016 0.000017 0.000179 0.000006 0.005705 0.001174 0.000182
0.491324 0.001632 0.000418 0.002679 0.001138 0.001233 0.001184 0.000452 0.001053 0.020990 0.008533 0.000406 0.000662 0.001225 0.012597 0.000717 0.007755 0.001146 0.000618 0.263292 0.029933 0.081490 0.003504 0.002533 0.003721 0.001384 0.003802 0.008789 0.001915 0.018067 0.023464 0.002343
0.309940 0.000657 0.000817 0.001244 0.001167 0.004082 0.002454 0.001713 0.001761 0.023476 0.007441 0.003779 0.000410 0.000899 0.021446 0.001282 0.009087 0.001884 0.002055 0.235749 0.022131 0.202963 0.000876 0.004188 0.002739 0.004913 0.015689 0.041747 0.002900 0.025900 0.037074 0.007538
0.679474 0.000033 0.000014 0.000311 0.000088 0.000280 0.000274 0.000346 0.000227 0.035969 0.000504 0.000230 0.000038 0.000042 0.001225 0.000152 0.000657 0.000591 0.000266 0.225373 0.003880 0.030995 0.003839 0.000896 0.000180 0.001034 0.000436 0.005264 0.000325 0.003572 0.003003 0.000482
0.739517 0.000041 0.000258 0.000179 0.000034 0.000060 0.000058 0.000037 0.000276 0.001065 0.000144 0.000023 0.000079 0.000277 0.011750 0.000023 0.005870 0.000124 0.000067 0.177058 0.006405 0.041567 0.000035 0.000160 0.002230 0.000047 0.000123 0.000456 0.000044 0.008388 0.003094 0.000511
0.430647 0.000754 0.001545 0.000961 0.002222 0.003479 0.005158 0.003136 0.001823 0.027564 0.009886 0.013003 0.000500 0.000994 0.017101 0.002325 0.012841 0.003418 0.004999 0.171526 0.023451 0.117737 0.001173 0.006778 0.003253 0.007379 0.016913 0.033623 0.003602 0.031339 0.032590 0.008280
0.786442 0.000017 0.000064 0.000150 0.000014 0.000033 0.000069 0.000035 0.000272 0.001882 0.000076 0.000020 0.000049 0.000131 0.004465 0.000032 0.001906 0.000140 0.000099 0.165596 0.002571 0.026713 0.000042 0.000180 0.001228 0.000029 0.000058 0.000317 0.000028 0.005973 0.000782 0.000586
0.371008 0.001379 0.002012 0.002540 0.002377 0.005903 0.005371 0.003543 0.003986 0.020033 0.014878 0.009339 0.001112 0.001585 0.013374 0.002539 0.012302 0.003767 0.002912 0.163643 0.022704 0.165698 0.001442 0.008416 0.003596 0.009882 0.025759 0.043634 0.004332 0.030520 0.031850 0.008563
0.730272 0.000072 0.000031 0.000360 0.000161 0.000254 0.000503 0.000554 0.000342 0.039889 0.000525 0.000334 0.000031 0.000078 0.002077 0.000372 0.001265 0.000897 0.000544 0.151640 0.006527 0.038585 0.003133 0.001185 0.000288 0.002532 0.000646 0.004796 0.000725 0.005475 0.005065 0.000845
0.628528 0.005127 0.001280 0.023035 0.001382 0.008006 0.000925 0.002088 0.005642 0.025415 0.008170 0.001785 0.001636 0.001541 0.010697 0.001680 0.009084 0.001188 0.001648 0.151261 0.011692 0.046794 0.004409 0.004683 0.003153 0.001937 0.003367 0.011469 0.002359 0.011037 0.004901 0.004079
0.582612 0.001893 0.000412 0.003775 0.000554 0.000887 0.006038 0.001903 0.005164 0.042916 0.003082 0.001492 0.000269 0.001202 0.006010 0.005882 0.004078 0.012142 0.002885 0.150840 0.027515 0.066547 0.003410 0.006525 0.002454 0.001805 0.001948 0.018386 0.001186 0.018811 0.009397 0.007978
0.721264 0.000095 0.000241 0.000600 0.000128 0.000333 0.000130 0.000060 0.000159 0.003767 0.000219 0.000060 0.000133 0.000299 0.010090 0.000128 0.019787 0.000106 0.000211 0.149146 0.014598 0.041926 0.000089 0.000379 0.001475 0.000095 0.000317 0.002412 0.000097 0.024258 0.006572 0.000823
0.394699 0.002043 0.001040 0.002301 0.004252 0.000166 0.002758 0.001137 0.001008 0.042414 0.003869 0.001718 0.000056 0.002819 0.152019 0.003525 0.036460 0.000839 0.003234 0.140304 0.049159 0.060259 0.000979 0.005432 0.003638 0.000836 0.000800 0.012769 0.001458 0.052942 0.008621 0.006445
0.516996 0.001924 0.000204 0.001028 0.000325 0.000354 0.002186 0.000767 0.016147 0.027067 0.004190 0.001186 0.000204 0.000930 0.002725 0.001645 0.003523 0.003350 0.002735 0.139688 0.009542 0.210828 0.000670 0.004034 0.001715 0.000457 0.000701 0.013122 0.000247 0.016496 0.011054 0.003962
0.815212 0.000075 0.000194 0.000409 0.000039 0.000075 0.000134 0.000085 0.000552 0.001476 0.000224 0.000058 0.000113 0.000271 0.006865 0.000056 0.002958 0.000301 0.000138 0.124257 0.003748 0.029679 0.000070 0.000235 0.002169 0.000086 0.000194 0.000663 0.000077 0.005902 0.002836 0.000848
0.633354 0.005050 0.000425 0.002611 0.000826 0.001967 0.010918 0.003106 0.003992 0.025363 0.010169 0.001902 0.000455 0.001984 0.004318 0.012244 0.006473 0.005156 0.003187 0.119689 0.035861 0.028583 0.004114 0.004512 0.003010 0.002374 0.004220 0.014718 0.002312 0.023890 0.016263 0.006955
0.729339 0.001946 0.002261 0.007510 0.001349 0.001786 0.000598 0.001428 0.002234 0.012519 0.007957 0.001264 0.000642 0.001501 0.028292 0.001258 0.013028 0.000381 0.000849 0.113135 0.011778 0.021278 0.001869 0.004081 0.003231 0.000900 0.003496 0.005610 0.002140 0.010211 0.003219 0.002909
0.204648 0.004507 0.002480 0.004986 0.019473 0.005446 0.030985 0.007288 0.014289 0.255227 0.005622 0.007307 0.000320 0.003772 0.017129 0.020907 0.016208 0.008810 0.037785 0.110540 0.015475 0.061309 0.006069 0.015990 0.003297 0.009270 0.001672 0.026583 0.004028 0.028893 0.036421 0.013264
0.813292 0.000131 0.000180 0.001312 0.000209 0.000302 0.000362 0.000098 0.000422 0.013583 0.000439 0.000132 0.000101 0.000353 0.015226 0.000338 0.004907 0.000188 0.000285 0.105973 0.004786 0.013480 0.000141 0.000500 0.001502 0.000337 0.000436 0.006173 0.000191 0.009769 0.003516 0.001339
0.589687 0.000014 0.000025 0.000022 0.000009 0.000019 0.000007 0.000003 0.000169 0.000338 0.000022 0.000003 0.000017 0.000115 0.001397 0.000001 0.000776 0.000030 0.000011 0.103464 0.000476 0.299508 0.000003 0.000041 0.000874 0.000006 0.000009 0.000100 0.000004 0.002027 0.000740 0.000086
0.685491 0.000411 0.000239 0.000708 0.000041 0.001022 0.000384 0.000165 0.000485 0.001686 0.002243 0.000159 0.000257 0.000680 0.002937 0.000202 0.036168 0.000211 0.000247 0.103364 0.018779 0.102402 0.000198 0.000712 0.003247 0.000368 0.000433 0.002681 0.000254 0.013970 0.018753 0.001107
0.548074 0.000976 0.000463 0.000731 0.000790 0.000577 0.000284 0.000188 0.004569 0.016303 0.000653 0.000245 0.000411 0.002596 0.007724 0.000117 0.003406 0.000866 0.000453 0.102229 0.002637 0.277812 0.000140 0.001150 0.003868 0.000196 0.000219 0.005216 0.000217 0.011051 0.004331 0.001511
0.804079 0.000007 0.000061 0.000045 0.000079 0.000024 0.000029 0.000014 0.000021 0.000498 0.000036 0.000013 0.000003 0.000040 0.073218 0.000009 0.003586 0.000010 0.000011 0.102202 0.003280 0.006740 0.000010 0.000075 0.000393 0.000018 0.000050 0.000206 0.000017 0.004152 0.000965 0.000111
0.263945 0.006775 0.005128 0.027782 0.019742 0.028789 0.015311 0.009638 0.012197 0.056235 0.018769 0.008679 0.009184 0.009946 0.018180 0.009248 0.013370 0.010499 0.124334 0.100821 0.013938 0.048402 0.008407 0.014025 0.012584 0.008637 0.003407 0.016302 0.009665 0.027727 0.042442 0.025892
0.728530 0.000144 0.000282 0.001513 0.000160 0.000305 0.000264 0.000131 0.000555 0.009088 0.000476 0.000080 0.000161 0.000464 0.011889 0.000275 0.006107 0.000413 0.000589 0.100464 0.008077 0.097656 0.000158 0.000805 0.001878 0.000109 0.000390 0.001870 0.000163 0.021145 0.004033 0.001828
0.261429 0.000955 0.001040 0.001633 0.000341 0.004832 0.000490 0.000230 0.001991 0.005355 0.001360 0.000218 0.003767 0.004418 0.005508 0.000115 0.002999 0.001650 0.000943 0.289899 0.004604 0.357440 0.000272 0.001021 0.014799 0.000513 0.000431 0.003239 0.000644 0.011322 0.014094 0.002447
0.589687 0.000014 0.000025 0.000022 0.000009 0.000019 0.000007 0.000003 0.000169 0.000338 0.000022 0.000003 0.000017 0.000115 0.001397 0.000001 0.000776 0.000030 0.000011 0.103464 0.000476 0.299508 0.000003 0.000041 0.000874 0.000006 0.000009 0.000100 0.000004 0.002027 0.000740 0.000086
0.452978 0.000187 0.003306 0.001379 0.004127 0.000946 0.000695 0.000372 0.002013 0.038298 0.001691 0.000252 0.000237 0.003457 0.051970 0.000182 0.009325 0.001619 0.002931 0.052986 0.014280 0.298803 0.000443 0.001505 0.002458 0.000610 0.000198 0.000948 0.000993 0.042274 0.006064 0.002473
0.548074 0.000976 0.000463 0.000731 0.000790 0.000577 0.000284 0.000188 0.004569 0.016303 0.000653 0.000245 0.000411 0.002596 0.007724 0.000117 0.003406 0.000866 0.000453 0.102229 0.002637 0.277812 0.000140 0.001150 0.003868 0.000196 0.000219 0.005216 0.000217 0.011051 0.004331 0.001511
0.507924 0.002246 0.000287 0.001976 0.000237 0.000354 0.002182 0.000771 0.018721 0.052850 0.004582 0.000858 0.000333 0.001021 0.002991 0.001936 0.002418 0.005367 0.002615 0.083719 0.009267 0.257192 0.001214 0.004971 0.002344 0.000565 0.001145 0.007453 0.000466 0.013135 0.004379 0.004480
0.685645 0.000117 0.000035 0.000292 0.000033 0.000052 0.000202 0.000051 0.001651 0.014602 0.000151 0.000061 0.000107 0.000348 0.000779 0.000094 0.000630 0.001216 0.000133 0.032966 0.001162 0.254434 0.000070 0.000482 0.000532 0.000104 0.000141 0.000895 0.000082 0.001955 0.000385 0.000592
0.631272 0.000760 0.000082 0.009175 0.000757 0.000629 0.000917 0.000227 0.002443 0.007886 0.001852 0.000520 0.000132 0.000408 0.001089 0.000322 0.000993 0.002293 0.000499 0.059171 0.002563 0.247048 0.000226 0.001245 0.000405 0.000520 0.000399 0.007217 0.000135 0.005924 0.011557 0.001335
0.516996 0.001924 0.000204 0.001028 0.000325 0.000354 0.002186 0.000767 0.016147 0.027067 0.004190 0.001186 0.000204 0.000930 0.002725 0.001645 0.003523 0.003350 0.002735 0.139688 0.009542 0.210828 0.000670 0.004034 0.001715 0.000457 0.000701 0.013122 0.000247 0.016496 0.011054 0.003962
0.724082 0.000444 0.000063 0.015482 0.001011 0.000291 0.000245 0.000124 0.000483 0.006674 0.001916 0.000247 0.000072 0.000291 0.004316 0.000107 0.001419 0.000487 0.000311 0.016180 0.001292 0.204844 0.000106 0.001388 0.000527 0.000288 0.000214 0.005665 0.000070 0.006815 0.003290 0.001258
0.309940 0.000657 0.000817 0.001244 0.001167 0.004082 0.002454 0.001713 0.001761 0.023476 0.007441 0.003779 0.000410 0.000899 0.021446 0.001282 0.009087 0.001884 0.002055 0.235749 0.022131 0.202963 0.000876 0.004188 0.002739 0.004913 0.015689 0.041747 0.002900 0.025900 0.037074 0.007538
0.585767 0.001506 0.002056 0.010208 0.001710 0.001710 0.001757 0.002481 0.002242 0.004928 0.007748 0.005164 0.000585 0.000996 0.015955 0.001203 0.007900 0.002080 0.001237 0.033003 0.017893 0.199864 0.000888 0.003622 0.003783 0.002391 0.021689 0.013759 0.001639 0.019985 0.016923 0.007326
0.465476 0.016216 0.000854 0.008804 0.001612 0.000981 0.007882 0.001701 0.004995 0.019245 0.015686 0.008804 0.000782 0.003859 0.007012 0.001601 0.010941 0.004154 0.004781 0.089728 0.018841 0.185879 0.004652 0.004679 0.006276 0.002450 0.002657 0.008433 0.002220 0.040430 0.043512 0.004854
0.600651 0.002456 0.000205 0.013471 0.001010 0.001456 0.003182 0.000577 0.006267 0.019888 0.001789 0.001495 0.000331 0.001249 0.002304 0.001297 0.001858 0.006139 0.001145 0.087980 0.004004 0.174616 0.000724 0.002507 0.000979 0.001408 0.000688 0.029134 0.000349 0.008246 0.019568 0.003028
0.703926 0.001421 0.000294 0.028848 0.000736 0.001050 0.000440 0.000250 0.000668 0.008471 0.001899 0.000305 0.000868 0.001527 0.010557 0.000271 0.004205 0.000845 0.001007 0.023218 0.002351 0.168438 0.000370 0.002341 0.004197 0.000417 0.000463 0.006602 0.000168 0.016868 0.004291 0.002691
0.371008 0.001379 0.002012 0.002540 0.002377 0.005903 0.005371 0.003543 0.003986 0.020033 0.014878 0.009339 0.001112 0.001585 0.013374 0.002539 0.012302 0.003767 0.002912 0.163643 0.022704 0.165698 0.001442 0.008416 0.003596 0.009882 0.025759 0.043634 0.004332 0.030520 0.031850 0.008563
0.584366 0.001565 0.011552 0.019808 0.006401 0.018427 0.000546 0.000629 0.003943 0.010206 0.006664 0.000424 0.024743 0.007081 0.018058 0.000355 0.007104 0.002313 0.002372 0.028917 0.010409 0.164670 0.000328 0.003272 0.009422 0.000771 0.002530 0.008326 0.001853 0.017623 0.018938 0.006384
0.642015 0.000446 0.001238 0.005436 0.001848 0.000736 0.000411 0.000813 0.000630 0.003496 0.003696 0.000870 0.000139 0.000287 0.066117 0.000500 0.006924 0.000551 0.000486 0.029442 0.013087 0.163769 0.000224 0.001186 0.001321 0.001443 0.016970 0.008104 0.000815 0.013053 0.010685 0.003261
0.649211 0.002318 0.000307 0.004769 0.000872 0.001386 0.000969 0.000751 0.076353 0.017120 0.006778 0.000850 0.001478 0.000648 0.001403 0.000941 0.002154 0.003293 0.002511 0.032787 0.003080 0.156953 0.000653 0.008149 0.000719 0.000255 0.001204 0.008400 0.000323 0.005926 0.003880 0.003561
0.539475 0.000043 0.000096 0.000099 0.000015 0.000157 0.000055 0.000014 0.000221 0.000527 0.000111 0.000011 0.000090 0.000291 0.001255 0.000007 0.001156 0.000217 0.000074 0.291260 0.001224 0.154499 0.000019 0.000054 0.002372 0.000037 0.000040 0.000184 0.000020 0.002891 0.003225 0.000263
0.653711 0.003878 0.000272 0.004586 0.001324 0.001328 0.001558 0.000957 0.028821 0.036063 0.015721 0.000883 0.000543 0.001165 0.002123 0.002216 0.003778 0.002356 0.002986 0.036680 0.005305 0.153097 0.002463 0.006428 0.001256 0.000492 0.002359 0.008052 0.000750 0.009559 0.004581 0.004710
0.359764 0.082189 0.003147 0.004011 0.003037 0.002403 0.009397 0.002759 0.093628 0.018785 0.058894 0.003054 0.014939 0.021834 0.003545 0.001942 0.004830 0.021473 0.006202 0.033368 0.007977 0.152919 0.005631 0.007080 0.018130 0.003003 0.003767 0.004858 0.002958 0.011860 0.026592 0.006026
0.725366 0.000345 0.000736 0.001605 0.000277 0.000514 0.000268 0.000165 0.001125 0.006032 0.000915 0.000115 0.000334 0.000763 0.010693 0.000242 0.006475 0.000926 0.000643 0.061676 0.008322 0.138358 0.000179 0.000925 0.002721 0.000142 0.000624 0.002874 0.000231 0.016857 0.007577 0.001975
0.725478 0.001316 0.001551 0.005402 0.005370 0.000590 0.001171 0.000480 0.001167 0.026981 0.001577 0.000417 0.000082 0.001341 0.015220 0.000269 0.002719 0.001710 0.000787 0.034130 0.007322 0.135627 0.000408 0.000888 0.000698 0.001360 0.000150 0.002626 0.000714 0.013022 0.007911 0.001516
0.691632 0.002130 0.000233 0.003799 0.000429 0.000613 0.002652 0.000754 0.030560 0.015590 0.003780 0.001681 0.000208 0.000664 0.001490 0.001753 0.002240 0.003870 0.002858 0.058434 0.005386 0.128477 0.000524 0.004186 0.000913 0.000508 0.000712 0.012496 0.000206 0.009470 0.007712 0.004041
0.430647 0.000754 0.001545 0.000961 0.002222 0.003479 0.005158 0.003136 0.001823 0.027564 0.009886 0.013003 0.000500 0.000994 0.017101 0.002325 0.012841 0.003418 0.004999 0.171526 0.023451 0.117737 0.001173 0.006778 0.003253 0.007379 0.016913 0.033623 0.003602 0.031339 0.032590 0.008280
0.693675 0.002906 0.000505 0.031668 0.010904 0.001042 0.001796 0.001161 0.012395 0.016446 0.012231 0.001092 0.001879 0.001058 0.004115 0.001308 0.005073 0.004168 0.002048 0.023258 0.006281 0.117346 0.002453 0.013760 0.000942 0.000731 0.001876 0.007171 0.000808 0.009806 0.004732 0.005365
0.689001 0.000137 0.000087 0.000185 0.000013 0.000211 0.000252 0.000090 0.000273 0.001636 0.000501 0.000093 0.000052 0.000318 0.002710 0.000163 0.057896 0.000104 0.000154 0.079838 0.021955 0.109410 0.000098 0.000353 0.001501 0.000216 0.000236 0.002492 0.000102 0.017141 0.011977 0.000804
0.765880 0.000759 0.000453 0.006233 0.000465 0.001560 0.000287 0.000249 0.002773 0.006346 0.001344 0.000307 0.001303 0.001699 0.006252 0.000102 0.003533 0.000672 0.000360 0.059015 0.003393 0.107993 0.000149 0.001054 0.002535 0.000415 0.000562 0.005860 0.000276 0.010762 0.005154 0.002254
0.676724 0.008571 0.000368 0.021362 0.001857 0.000907 0.005087 0.000921 0.002437 0.014057 0.005674 0.005293 0.000320 0.001350 0.002247 0.002088 0.008062 0.004285 0.004976 0.032713 0.010758 0.106997 0.006829 0.003812 0.001726 0.001729 0.002128 0.009639 0.001419 0.020273 0.031207 0.004184
0.719398 0.000918 0.001635 0.005569 0.000640 0.001052 0.000713 0.000599 0.002059 0.007606 0.002150 0.000510 0.001048 0.001445 0.016669 0.000499 0.007721 0.002505 0.001415 0.051762 0.013792 0.106547 0.000542 0.001393 0.004876 0.000470 0.002319 0.004755 0.000873 0.022052 0.011917 0.004550
0.448888 0.004043 0.001722 0.004679 0.001670 0.003469 0.001163 0.000568 0.000918 0.148907 0.002996 0.000570 0.000368 0.004378 0.022829 0.002536 0.010364 0.001625 0.002957 0.048506 0.021090 0.106331 0.000902 0.006014 0.004256 0.001835 0.005172 0.074718 0.001587 0.031017 0.029453 0.004467
0.741313 0.002962 0.000146 0.016448 0.000713 0.001966 0.001007 0.000538 0.002493 0.033298 0.001595 0.000860 0.000870 0.001278 0.002903 0.001123 0.001650 0.003516 0.002106 0.032313 0.002561 0.104093 0.001552 0.003381 0.002141 0.000474 0.000564 0.018126 0.000270 0.009581 0.004528 0.003632
0.735548 0.000464 0.000124 0.025729 0.000230 0.000640 0.001520 0.000327 0.001478 0.005955 0.000681 0.000359 0.000685 0.000801 0.001964 0.000972 0.007625 0.002137 0.002294 0.057126 0.009920 0.103860 0.000800 0.001444 0.001416 0.000500 0.000611 0.004583 0.000217 0.017361 0.007932 0.004696
0.511669 0.000155 0.000730 0.001050 0.000168 0.000274 0.000167 0.000079 0.000203 0.002754 0.000172 0.000125 0.000185 0.000741 0.019055 0.000063 0.008512 0.000176 0.000172 0.318645 0.006091 0.101946 0.000224 0.000464 0.004722 0.000150 0.000111 0.001640 0.000086 0.012751 0.005791 0.000930
0.393712 0.009050 0.000062 0.012978 0.003338 0.000762 0.018954 0.004685 0.004581 0.050961 0.002947 0.007704 0.000168 0.000897 0.001631 0.051090 0.004427 0.008762 0.006789 0.035154 0.007718 0.034789 0.234978 0.004471 0.000915 0.002937 0.003453 0.065159 0.001910 0.009602 0.005416 0.010001
0.573839 0.000132 0.000239 0.001155 0.000123 0.005532 0.000060 0.000136 0.000174 0.005321 0.000051 0.000281 0.000206 0.000095 0.000760 0.000440 0.001201 0.000150 0.000210 0.008941 0.001105 0.001342 0.001437 0.000272 0.000155 0.000098 0.000040 0.394003 0.000063 0.001793 0.000327 0.000318
0.541771 0.000931 0.001061 0.002776 0.000869 0.006870 0.000433 0.000390 0.000334 0.026093 0.001073 0.000422 0.000484 0.001330 0.014258 0.000656 0.008567 0.001164 0.001461 0.033691 0.006149 0.053254 0.000746 0.001581 0.002777 0.001274 0.002953 0.254082 0.000834 0.013802 0.014753 0.003160
0.612788 0.001383 0.000768 0.008181 0.002266 0.002497 0.000889 0.000457 0.000581 0.041311 0.001171 0.000903 0.000234 0.001284 0.012177 0.001710 0.005848 0.001399 0.001592 0.029509 0.005967 0.031267 0.001360 0.002904 0.001350 0.001004 0.001761 0.202149 0.000994 0.012232 0.008951 0.003112
0.242509 0.008314 0.000067 0.024879 0.003122 0.001537 0.017183 0.005612 0.003015 0.109906 0.002026 0.007660 0.000127 0.001116 0.004430 0.149261 0.007050 0.004814 0.017749 0.034186 0.012040 0.049975 0.103130 0.008825 0.001513 0.002107 0.003101 0.128149 0.001409 0.022062 0.004645 0.018480
0.188668 0.001838 0.001200 0.017024 0.001233 0.026990 0.000765 0.000262 0.000433 0.000749 0.005240 0.000153 0.000870 0.002313 0.003163 0.000240 0.011087 0.002943 0.000961 0.009255 0.008007 0.019585 0.000221 0.000348 0.014191 0.004713 0.002575 0.001569 0.001250 0.005729 0.665299 0.001125
0.538987 0.000698 0.000473 0.005602 0.001887 0.002311 0.001046 0.000255 0.000309 0.004450 0.002497 0.000472 0.000302 0.000974 0.005383 0.000192 0.013828 0.001637 0.000488 0.030004 0.008637 0.073106 0.000207 0.000770 0.002834 0.004186 0.002009 0.004911 0.000996 0.015854 0.273568 0.001129
0.713029 0.001302 0.000240 0.001811 0.000497 0.003625 0.000504 0.000184 0.000781 0.001837 0.001104 0.000123 0.000041 0.001284 0.011303 0.000078 0.012490 0.000266 0.000129 0.006869 0.001496 0.016363 0.000025 0.000261 0.002794 0.001879 0.000706 0.001702 0.000715 0.003880 0.212285 0.000397
0.767347 0.000116 0.000013 0.000292 0.000047 0.000807 0.000022 0.000014 0.000182 0.000121 0.000965 0.000007 0.000016 0.000065 0.000925 0.000003 0.001334 0.000058 0.000015 0.005614 0.000276 0.007968 0.000001 0.000024 0.000735 0.000146 0.000166 0.000181 0.000037 0.000616 0.211840 0.000047
0.799341 0.000214 0.000059 0.001472 0.000089 0.004985 0.000088 0.000038 0.000115 0.000326 0.000276 0.000017 0.000032 0.000315 0.006078 0.000012 0.007799 0.000083 0.000017 0.004322 0.000655 0.008093 0.000005 0.000029 0.001176 0.000555 0.000276 0.000572 0.000180 0.001214 0.161449 0.000117
0.542357 0.000882 0.001685 0.004941 0.003747 0.002458 0.002347 0.000574 0.000957 0.009728 0.002882 0.001137 0.000343 0.001690 0.011596 0.000339 0.019370 0.003470 0.000760 0.075239 0.016856 0.078807 0.000483 0.001525 0.004286 0.006661 0.002462 0.012469 0.002080 0.024898 0.160645 0.002323
0.820724 0.000193 0.000006 0.000277 0.000023 0.001388 0.000038 0.000014 0.000161 0.000212 0.001070 0.000008 0.000006 0.000053 0.001323 0.000007 0.001669 0.000034 0.000007 0.006864 0.000383 0.005446 0.000002 0.000017 0.000303 0.000365 0.000418 0.000342 0.000083 0.000529 0.157986 0.000048
0.693624 0.005208 0.000780 0.003167 0.002435 0.004867 0.002093 0.000706 0.002497 0.009070 0.003265 0.000848 0.000224 0.005844 0.024496 0.000543 0.025384 0.000787 0.000573 0.013310 0.003379 0.023199 0.000171 0.002059 0.008629 0.003342 0.001880 0.008707 0.002044 0.012732 0.132579 0.001559
