0.001560 0.000001 0.998179 0.000000 0.000219 0.000007 0.000000 0.000000 0.000008 0.000000 0.000005 0.000000 0.000003 0.000004 0.000004 0.000000 0.000002 0.000000 0.000000 0.000000 0.000001 0.000000 0.000000 0.000000 0.000001 0.000001 0.000001 0.000000 0.000001 0.000000 0.000000 0.000000
0.597413 0.000111 0.359229 0.000645 0.030942 0.003401 0.000048 0.000039 0.001509 0.000190 0.000894 0.000040 0.001053 0.000411 0.001095 0.000016 0.000891 0.000091 0.000045 0.000196 0.000138 0.000346 0.000036 0.000214 0.000212 0.000048 0.000114 0.000118 0.000052 0.000181 0.000197 0.000084
0.731589 0.000305 0.238299 0.000539 0.010857 0.000840 0.000108 0.000110 0.001028 0.000238 0.001154 0.000142 0.000402 0.000602 0.010164 0.000039 0.001157 0.000111 0.000037 0.000223 0.000197 0.000284 0.000103 0.000334 0.000322 0.000079 0.000120 0.000146 0.000069 0.000191 0.000097 0.000113
0.800196 0.000115 0.171229 0.001162 0.007003 0.000155 0.000095 0.000064 0.000425 0.000408 0.000241 0.000060 0.000266 0.000710 0.008693 0.000052 0.003370 0.000291 0.000061 0.000469 0.001291 0.000989 0.000081 0.000458 0.000327 0.000131 0.000191 0.000184 0.000159 0.000738 0.000231 0.000158
0.733438 0.000833 0.167707 0.000504 0.010710 0.000181 0.000363 0.000270 0.001289 0.000548 0.000954 0.000344 0.000109 0.001579 0.069397 0.000208 0.004360 0.000129 0.000082 0.000724 0.000730 0.000608 0.000237 0.000281 0.001465 0.000353 0.000587 0.000572 0.000292 0.000385 0.000394 0.000368
0.238801 0.008262 0.018101 0.111171 0.019236 0.018195 0.002927 0.003110 0.005276 0.019101 0.019308 0.002537 0.017133 0.006922 0.023449 0.003676 0.029387 0.008189 0.005731 0.096621 0.041274 0.146673 0.016950 0.012326 0.012037 0.003168 0.004431 0.032950 0.007314 0.029287 0.020852 0.015606
0.648011 0.002600 0.115442 0.008038 0.104489 0.002391 0.001197 0.000808 0.003215 0.001418 0.003553 0.000726 0.001762 0.004115 0.051599 0.000601 0.015644 0.000538 0.000398 0.003610 0.002394 0.001796 0.000564 0.001110 0.006579 0.002757 0.003414 0.002776 0.001537 0.001577 0.003962 0.001381
0.667977 0.005141 0.000612 0.001765 0.010488 0.006346 0.000309 0.000450 0.230767 0.002925 0.024399 0.000482 0.013744 0.000708 0.000216 0.000204 0.000580 0.000493 0.000882 0.009732 0.000339 0.012326 0.001172 0.000866 0.001528 0.000216 0.001208 0.000754 0.000246 0.000570 0.001103 0.001457
0.644075 0.003588 0.003903 0.007026 0.004214 0.011790 0.001480 0.001302 0.147304 0.005207 0.037107 0.001341 0.008406 0.001860 0.001469 0.000780 0.003915 0.001933 0.001358 0.022694 0.002070 0.050958 0.000731 0.012669 0.001308 0.000522 0.003900 0.004354 0.000753 0.003731 0.004495 0.003754
0.682172 0.002068 0.001606 0.009386 0.002709 0.004106 0.001592 0.001503 0.109071 0.006027 0.021812 0.001676 0.003616 0.001014 0.001685 0.001086 0.004726 0.002121 0.001686 0.032776 0.002774 0.063003 0.000874 0.014203 0.000975 0.000577 0.003764 0.005825 0.000569 0.005577 0.004505 0.004917
0.871840 0.003153 0.000354 0.000137 0.002233 0.000200 0.000210 0.000145 0.109069 0.001087 0.004338 0.000235 0.000414 0.000284 0.000163 0.000086 0.000403 0.000104 0.000128 0.001026 0.000048 0.001789 0.000458 0.000969 0.000180 0.000023 0.000122 0.000220 0.000018 0.000117 0.000158 0.000289
0.516116 0.006863 0.001505 0.000772 0.011902 0.000233 0.005623 0.005461 0.011756 0.290026 0.000507 0.017574 0.000014 0.000324 0.002634 0.014708 0.024684 0.000590 0.009391 0.018540 0.002273 0.023551 0.006782 0.005794 0.000367 0.000308 0.000101 0.009245 0.000106 0.009290 0.000560 0.002402
0.393054 0.004089 0.000848 0.009734 0.011906 0.002506 0.004907 0.005455 0.047782 0.147858 0.014452 0.002986 0.001109 0.001587 0.004602 0.017393 0.014605 0.013355 0.006213 0.063031 0.010149 0.079530 0.010362 0.056512 0.001139 0.001488 0.007419 0.015987 0.003896 0.022573 0.007623 0.015850
0.619489 0.002649 0.001916 0.001891 0.005836 0.000885 0.006600 0.003397 0.038739 0.131031 0.005510 0.002715 0.000250 0.001177 0.005350 0.013790 0.010849 0.006089 0.013027 0.050966 0.005853 0.019846 0.003522 0.011704 0.000945 0.001420 0.001427 0.007839 0.001004 0.010142 0.005824 0.008322
0.571355 0.008820 0.005264 0.003704 0.007090 0.007665 0.002347 0.001246 0.010638 0.124918 0.005959 0.001091 0.001480 0.004096 0.010097 0.004197 0.007563 0.005260 0.002047 0.019876 0.004960 0.032568 0.004445 0.026427 0.004150 0.000982 0.002150 0.094456 0.001873 0.011775 0.005046 0.006456
0.566809 0.007605 0.000774 0.005525 0.004778 0.001735 0.016381 0.006568 0.032147 0.104453 0.005963 0.010133 0.001061 0.002181 0.003602 0.028270 0.014172 0.009181 0.022514 0.031822 0.005656 0.019459 0.007474 0.032658 0.001260 0.002723 0.001362 0.015113 0.001330 0.016051 0.006756 0.014483
0.046677 0.000000 0.000006 0.000002 0.000021 0.000000 0.000000 0.000000 0.000000 0.000018 0.000001 0.000001 0.000000 0.000001 0.952992 0.000000 0.000102 0.000000 0.000000 0.000013 0.000033 0.000014 0.000000 0.000003 0.000002 0.000000 0.000001 0.000006 0.000000 0.000102 0.000002 0.000002
0.057905 0.000000 0.000000 0.000001 0.000004 0.000000 0.000000 0.000000 0.000000 0.000017 0.000002 0.000000 0.000000 0.000000 0.941760 0.000000 0.000081 0.000000 0.000000 0.000025 0.000039 0.000015 0.000000 0.000001 0.000001 0.000000 0.000000 0.000003 0.000000 0.000141 0.000001 0.000001
0.117969 0.000002 0.000020 0.000007 0.000166 0.000000 0.000005 0.000003 0.000003 0.000121 0.000009 0.000004 0.000000 0.000007 0.880241 0.000003 0.000510 0.000001 0.000002 0.000060 0.000173 0.000101 0.000001 0.000011 0.000014 0.000003 0.000006 0.000047 0.000002 0.000477 0.000019 0.000011
0.308588 0.000311 0.000774 0.000180 0.001721 0.000008 0.000170 0.000127 0.000149 0.003471 0.000229 0.000349 0.000002 0.000321 0.673393 0.000128 0.003621 0.000033 0.000035 0.000760 0.001033 0.000822 0.000103 0.000264 0.000282 0.000060 0.000057 0.000628 0.000064 0.001924 0.000203 0.000191
0.347052 0.000033 0.000121 0.000054 0.000407 0.000005 0.000073 0.000044 0.000046 0.001434 0.000167 0.000086 0.000001 0.000083 0.630909 0.000042 0.005948 0.000009 0.000034 0.002239 0.002416 0.001528 0.000012 0.000153 0.000216 0.000048 0.000103 0.000991 0.000041 0.005132 0.000361 0.000210
0.379966 0.000000 0.000007 0.000003 0.000097 0.000000 0.000000 0.000000 0.000000 0.000012 0.000001 0.000000 0.000000 0.000001 0.619783 0.000000 0.000061 0.000000 0.000000 0.000010 0.000009 0.000006 0.000000 0.000002 0.000002 0.000000 0.000000 0.000009 0.000000 0.000024 0.000001 0.000001
0.385310 0.000076 0.000372 0.000138 0.001139 0.000031 0.000090 0.000073 0.000053 0.000327 0.000077 0.000040 0.000002 0.000192 0.602729 0.000045 0.003890 0.000013 0.000018 0.000809 0.000523 0.001240 0.000025 0.000183 0.000327 0.000044 0.000037 0.000164 0.000033 0.001570 0.000318 0.000114
0.404890 0.000004 0.000725 0.000099 0.000225 0.000002 0.000009 0.000010 0.000009 0.000133 0.000027 0.000014 0.000000 0.000024 0.592124 0.000007 0.000661 0.000001 0.000003 0.000157 0.000218 0.000138 0.000004 0.000033 0.000052 0.000005 0.000013 0.000057 0.000004 0.000305 0.000018 0.000029
0.514683 0.000036 0.000503 0.000328 0.000636 0.000031 0.000141 0.000129 0.000124 0.002283 0.000207 0.000247 0.000005 0.000135 0.456225 0.000087 0.004438 0.000027 0.000061 0.005100 0.003063 0.001526 0.000049 0.000388 0.000331 0.000117 0.000202 0.001149 0.000094 0.006969 0.000315 0.000374
0.609003 0.000000 0.000015 0.000002 0.000025 0.000000 0.000001 0.000001 0.000001 0.000035 0.000003 0.000002 0.000000 0.000002 0.390263 0.000000 0.000151 0.000000 0.000000 0.000265 0.000032 0.000032 0.000000 0.000004 0.000012 0.000001 0.000001 0.000023 0.000000 0.000120 0.000003 0.000003
0.602765 0.000085 0.000385 0.000169 0.000700 0.000014 0.000083 0.000129 0.000057 0.002805 0.000417 0.000277 0.000003 0.000202 0.380313 0.000079 0.003280 0.000020 0.000031 0.000816 0.000812 0.001256 0.000046 0.000589 0.000359 0.000043 0.000048 0.000969 0.000043 0.002778 0.000202 0.000222
0.778772 0.000001 0.000167 0.000008 0.000100 0.000001 0.000003 0.000004 0.000004 0.000058 0.000005 0.000008 0.000000 0.000009 0.219806 0.000001 0.000263 0.000000 0.000001 0.000462 0.000063 0.000045 0.000001 0.000009 0.000033 0.000002 0.000004 0.000039 0.000001 0.000115 0.000007 0.000008
0.684853 0.000422 0.000671 0.001076 0.003086 0.000230 0.000788 0.000694 0.000664 0.008553 0.001757 0.001564 0.000052 0.000742 0.204924 0.000455 0.016082 0.000196 0.000597 0.018609 0.006778 0.008338 0.000281 0.002370 0.001731 0.000737 0.000763 0.011754 0.000512 0.015925 0.002537 0.002258
0.807062 0.000089 0.000349 0.000046 0.000305 0.000003 0.000124 0.000052 0.000072 0.001168 0.000022 0.000231 0.000001 0.000142 0.182017 0.000032 0.002171 0.000003 0.000027 0.001128 0.000299 0.000511 0.000045 0.000774 0.000307 0.000036 0.000010 0.001320 0.000009 0.001440 0.000107 0.000099
0.808828 0.000238 0.023047 0.001107 0.004349 0.000202 0.000220 0.000226 0.000373 0.000901 0.000595 0.000222 0.000058 0.000869 0.140014 0.000156 0.006626 0.000076 0.000089 0.002590 0.001371 0.001496 0.000116 0.000386 0.001596 0.000304 0.000412 0.000949 0.000210 0.001197 0.000711 0.000468
0.848951 0.000003 0.003067 0.000349 0.000437 0.000001 0.000011 0.000006 0.000024 0.000242 0.000030 0.000005 0.000001 0.000026 0.139802 0.000007 0.002306 0.000007 0.000008 0.000345 0.001803 0.000717 0.000002 0.000047 0.000071 0.000008 0.000042 0.000029 0.000011 0.001520 0.000084 0.000038
0.861848 0.000000 0.000000 0.000000 0.000000 0.000000 0.000000 0.000000 0.000000 0.000000 0.000000 0.000000 0.000000 0.000000 0.138148 0.000000 0.000001 0.000000 0.000000 0.000001 0.000000 0.000000 0.000000 0.000000 0.000000 0.000000 0.000000 0.000000 0.000000 0.000000 0.000000 0.000000
0.896130 0.000001 0.000411 0.000002 0.000017 0.000001 0.000004 0.000003 0.000006 0.000075 0.000006 0.000010 0.000000 0.000014 0.101712 0.000001 0.000594 0.000000 0.000001 0.000553 0.000115 0.000084 0.000001 0.000003 0.000079 0.000002 0.000003 0.000039 0.000001 0.000103 0.000020 0.000008
0.216549 0.010001 0.002157 0.006027 0.054461 0.001593 0.007464 0.005724 0.017723 0.171501 0.001132 0.004888 0.000183 0.001341 0.013208 0.017795 0.100944 0.001424 0.019844 0.042706 0.021971 0.139210 0.003649 0.014154 0.001880 0.000881 0.000650 0.018374 0.000513 0.086312 0.006571 0.009173
0.729494 0.000049 0.000126 0.002350 0.000174 0.000603 0.000034 0.000057 0.000320 0.000917 0.000338 0.000054 0.000777 0.000258 0.006829 0.000023 0.001318 0.000051 0.000046 0.241622 0.000440 0.008169 0.000031 0.000436 0.001076 0.000031 0.000329 0.000636 0.000028 0.001935 0.000423 0.001025
0.681445 0.000243 0.000236 0.001167 0.001635 0.002497 0.000522 0.000243 0.000871 0.007134 0.002365 0.000248 0.000125 0.000293 0.002023 0.000141 0.000787 0.001911 0.000299 0.174837 0.004388 0.061286 0.000181 0.000602 0.000329 0.000663 0.000548 0.005374 0.000665 0.004249 0.041971 0.000723
0.687149 0.000431 0.000164 0.002534 0.001223 0.002167 0.001730 0.001173 0.001754 0.088947 0.004629 0.000523 0.000115 0.000349 0.001622 0.001297 0.001130 0.005598 0.004457 0.108438 0.005919 0.052790 0.004999 0.002726 0.000378 0.000771 0.001109 0.004069 0.000610 0.005874 0.003274 0.002047
0.238801 0.008262 0.018101 0.111171 0.019236 0.018195 0.002927 0.003110 0.005276 0.019101 0.019308 0.002537 0.017133 0.006922 0.023449 0.003676 0.029387 0.008189 0.005731 0.096621 0.041274 0.146673 0.016950 0.012326 0.012037 0.003168 0.004431 0.032950 0.007314 0.029287 0.020852 0.015606
0.387112 0.002721 0.001744 0.057426 0.015493 0.015162 0.003799 0.002184 0.003460 0.036727 0.008724 0.002313 0.001939 0.006711 0.027511 0.002751 0.015623 0.005108 0.007238 0.072631 0.028875 0.143531 0.002927 0.018493 0.005906 0.003110 0.002907 0.014482 0.004094 0.059630 0.031076 0.008591
0.216549 0.010001 0.002157 0.006027 0.054461 0.001593 0.007464 0.005724 0.017723 0.171501 0.001132 0.004888 0.000183 0.001341 0.013208 0.017795 0.100944 0.001424 0.019844 0.042706 0.021971 0.139210 0.003649 0.014154 0.001880 0.000881 0.000650 0.018374 0.000513 0.086312 0.006571 0.009173
0.781448 0.000466 0.000371 0.001451 0.001953 0.000756 0.000180 0.000239 0.010029 0.004971 0.002509 0.000281 0.000129 0.000303 0.000409 0.000061 0.000654 0.000133 0.000126 0.050637 0.000695 0.131364 0.000085 0.000887 0.000401 0.000075 0.000248 0.002450 0.000150 0.001911 0.003985 0.000642
0.577357 0.002733 0.000483 0.007503 0.009509 0.003916 0.001888 0.002092 0.016184 0.041947 0.035968 0.001470 0.000805 0.000762 0.002999 0.002636 0.003210 0.004734 0.005305 0.076674 0.004470 0.121577 0.003988 0.018367 0.000918 0.000784 0.005205 0.016373 0.001321 0.009337 0.011574 0.007908
0.440885 0.002523 0.002234 0.046391 0.010893 0.007657 0.004166 0.001815 0.003240 0.043753 0.003670 0.002396 0.001304 0.005615 0.029189 0.003236 0.016437 0.004046 0.004759 0.080635 0.027010 0.118803 0.002584 0.011457 0.006604 0.003650 0.001927 0.019565 0.003170 0.052719 0.030316 0.007350
0.594141 0.001928 0.000713 0.003274 0.001315 0.002533 0.001250 0.000496 0.002203 0.047538 0.000443 0.000479 0.000199 0.000591 0.002999 0.003008 0.003015 0.002582 0.000864 0.012518 0.002859 0.008633 0.002133 0.003962 0.001063 0.000531 0.000593 0.290169 0.000456 0.003718 0.001466 0.002327
0.658916 0.001955 0.001985 0.007936 0.003339 0.010074 0.001424 0.001046 0.003041 0.031958 0.001603 0.002067 0.000554 0.001988 0.004719 0.002540 0.009053 0.001597 0.001026 0.021300 0.003456 0.047949 0.001859 0.006220 0.001408 0.000596 0.001414 0.156852 0.000575 0.004631 0.003754 0.003166
