0.156959 0.544096 0.000416 0.001073 0.000090 0.070023 0.000823 0.000073 0.000536 0.000257 0.001249 0.000028 0.026176 0.038034 0.000028 0.000138 0.000175 0.018523 0.005749 0.000072 0.000146 0.003363 0.000044 0.000028 0.081820 0.000468 0.000967 0.000152 0.000098 0.000266 0.047874 0.000255
0.472566 0.364586 0.000021 0.001217 0.000672 0.000747 0.021565 0.001009 0.006172 0.005187 0.004869 0.000608 0.000072 0.001788 0.000056 0.011464 0.000175 0.070295 0.005474 0.001063 0.000223 0.007916 0.012396 0.000177 0.000302 0.002463 0.001412 0.001137 0.000612 0.000374 0.002148 0.001234
0.711318 0.152230 0.000122 0.008450 0.005385 0.005806 0.003002 0.000438 0.011157 0.003799 0.045588 0.000356 0.001113 0.001879 0.000131 0.002985 0.000492 0.008625 0.003428 0.000830 0.000498 0.009375 0.010232 0.000542 0.000438 0.000985 0.003433 0.001148 0.001573 0.000484 0.002253 0.001906
0.100201 0.000127 0.000072 0.875405 0.000150 0.006417 0.000097 0.000028 0.000084 0.000124 0.000170 0.000019 0.004246 0.000177 0.000129 0.000036 0.000308 0.000492 0.000104 0.000383 0.000794 0.006584 0.000075 0.000101 0.000619 0.000167 0.000129 0.000198 0.000052 0.000702 0.001484 0.000330
0.175289 0.000165 0.000093 0.791128 0.000095 0.016629 0.000074 0.000031 0.000091 0.000112 0.000223 0.000016 0.005597 0.000185 0.000173 0.000055 0.000509 0.000209 0.000099 0.000413 0.001113 0.003563 0.000055 0.000120 0.000633 0.000085 0.000143 0.000253 0.000041 0.000947 0.001496 0.000368
0.608432 0.000161 0.000643 0.319493 0.002181 0.029819 0.000107 0.000094 0.000276 0.000770 0.000890 0.000070 0.006869 0.000241 0.000867 0.000092 0.003697 0.000368 0.000760 0.002204 0.001010 0.006629 0.000201 0.002994 0.000535 0.000062 0.000185 0.002326 0.000061 0.004948 0.001244 0.001771
0.517905 0.000691 0.002163 0.292172 0.029006 0.063871 0.000239 0.000225 0.003016 0.005994 0.012051 0.000165 0.013274 0.000976 0.001574 0.000288 0.006569 0.000489 0.001701 0.003690 0.001664 0.015521 0.000601 0.003928 0.000730 0.000146 0.000946 0.004335 0.000301 0.006387 0.006000 0.003380
0.726480 0.000091 0.000068 0.235608 0.000908 0.003436 0.000079 0.000047 0.000122 0.003970 0.000454 0.000038 0.000876 0.000164 0.000813 0.000091 0.001300 0.000359 0.000345 0.002547 0.000688 0.011130 0.000105 0.002048 0.000206 0.000066 0.000134 0.001722 0.000074 0.004054 0.001013 0.000964
0.650994 0.000679 0.001869 0.122083 0.010970 0.007756 0.001150 0.000800 0.001705 0.011028 0.002848 0.000869 0.002521 0.001459 0.010781 0.000548 0.006393 0.002260 0.001000 0.054140 0.006238 0.049512 0.001518 0.005577 0.002433 0.002005 0.002562 0.009704 0.001350 0.009611 0.014132 0.003504
0.865913 0.000033 0.000133 0.118401 0.000458 0.002179 0.000091 0.000042 0.000101 0.000603 0.000101 0.000040 0.000175 0.000084 0.000573 0.000036 0.000516 0.000213 0.000053 0.003241 0.000309 0.003532 0.000109 0.000439 0.000090 0.000092 0.000045 0.000575 0.000033 0.000928 0.000655 0.000208
0.893705 0.000019 0.000042 0.100231 0.000749 0.001091 0.000029 0.000019 0.000086 0.000156 0.000109 0.000015 0.000084 0.000024 0.000176 0.000012 0.000152 0.000062 0.000012 0.000936 0.000076 0.000854 0.000068 0.000445 0.000029 0.000022 0.000028 0.000257 0.000013 0.000244 0.000158 0.000096
0.675186 0.010116 0.000591 0.015726 0.153557 0.001718 0.001080 0.000794 0.010037 0.005639 0.020310 0.000845 0.002915 0.001315 0.004251 0.000738 0.004210 0.000874 0.001112 0.014327 0.002989 0.030174 0.002320 0.004116 0.002042 0.001145 0.009436 0.004359 0.002874 0.004571 0.008801 0.001833
0.020563 0.000453 0.000030 0.009254 0.000017 0.937647 0.000011 0.000005 0.000021 0.000011 0.000137 0.000002 0.030536 0.000079 0.000007 0.000010 0.000031 0.000091 0.000023 0.000021 0.000024 0.000244 0.000022 0.000010 0.000307 0.000029 0.000071 0.000156 0.000007 0.000027 0.000129 0.000027
0.405787 0.003250 0.002328 0.116475 0.030067 0.128090 0.000643 0.000686 0.012061 0.023622 0.074861 0.000496 0.023908 0.002742 0.005191 0.001025 0.009872 0.000993 0.005069 0.023547 0.004460 0.063475 0.001416 0.004249 0.002396 0.000395 0.002939 0.010651 0.001487 0.012271 0.018118 0.007433
0.740020 0.000414 0.004561 0.055999 0.026144 0.106442 0.000133 0.000107 0.002198 0.001198 0.001452 0.000068 0.021769 0.000532 0.001123 0.000130 0.003649 0.000452 0.000744 0.002061 0.000978 0.014604 0.000417 0.003612 0.000842 0.000116 0.000324 0.002601 0.000144 0.003837 0.001900 0.001427
0.659005 0.000791 0.003405 0.073326 0.008964 0.102095 0.000300 0.000378 0.001412 0.003726 0.002477 0.000277 0.008842 0.000881 0.005282 0.000364 0.019181 0.000545 0.001960 0.010887 0.005035 0.041661 0.001090 0.007930 0.001790 0.000120 0.000584 0.013097 0.000235 0.016539 0.003617 0.004200
0.837207 0.010181 0.000287 0.000245 0.002853 0.000569 0.000461 0.000190 0.119648 0.001849 0.008486 0.000197 0.001174 0.001223 0.000296 0.000102 0.000339 0.000365 0.000400 0.003427 0.000260 0.002974 0.000186 0.000127 0.003691 0.000424 0.000534 0.000396 0.000218 0.000352 0.000844 0.000495
0.656122 0.051667 0.000912 0.004933 0.016182 0.018525 0.000876 0.000510 0.100812 0.005234 0.028277 0.000318 0.034096 0.008434 0.000562 0.000375 0.000743 0.004650 0.002087 0.005071 0.000701 0.032166 0.000837 0.001568 0.011454 0.000613 0.001633 0.001359 0.001233 0.001399 0.004555 0.002094
0.484976 0.000037 0.000045 0.000163 0.000158 0.000054 0.000113 0.000090 0.000407 0.445252 0.000028 0.000100 0.000012 0.000068 0.002478 0.000521 0.001098 0.000059 0.003473 0.043204 0.000470 0.009552 0.000106 0.001710 0.000110 0.000016 0.000008 0.001071 0.000014 0.003447 0.000040 0.001118
0.057279 0.000558 0.000172 0.000320 0.001377 0.000267 0.004062 0.001057 0.002909 0.314830 0.000484 0.001394 0.000038 0.000595 0.015517 0.003670 0.009928 0.001062 0.003644 0.316279 0.028959 0.112454 0.002144 0.003901 0.001169 0.001338 0.000554 0.025761 0.000567 0.076314 0.006183 0.005211
0.533379 0.000975 0.000480 0.002084 0.004957 0.000274 0.001122 0.000792 0.004413 0.291612 0.000324 0.001025 0.000102 0.000758 0.006785 0.003145 0.007082 0.000531 0.004338 0.062547 0.002309 0.038700 0.001862 0.008745 0.000655 0.000189 0.000110 0.005990 0.000158 0.009707 0.000468 0.004378
0.623881 0.000290 0.000416 0.000374 0.000568 0.000249 0.000645 0.000604 0.003513 0.288253 0.000287 0.000547 0.000056 0.000338 0.006971 0.002237 0.005917 0.000265 0.004115 0.032094 0.001996 0.007576 0.000179 0.004684 0.000320 0.000113 0.000105 0.003171 0.000088 0.006365 0.000356 0.003427
0.463553 0.000437 0.000141 0.000826 0.000485 0.000375 0.006026 0.001450 0.007156 0.248805 0.000803 0.000482 0.000028 0.000463 0.001519 0.010325 0.001268 0.015111 0.006303 0.105704 0.005388 0.097389 0.002385 0.001442 0.000437 0.001053 0.000325 0.003629 0.000347 0.005868 0.004062 0.006416
0.274818 0.003434 0.006170 0.016084 0.053892 0.004595 0.007126 0.002778 0.008789 0.230237 0.000968 0.003723 0.000384 0.008125 0.066607 0.008622 0.017005 0.002192 0.011167 0.079292 0.007395 0.049851 0.001920 0.027340 0.003216 0.002237 0.000304 0.050053 0.000990 0.033260 0.007717 0.009707
0.281443 0.002800 0.000862 0.017157 0.050669 0.010756 0.002351 0.002506 0.026977 0.203471 0.008339 0.000923 0.001686 0.002400 0.017771 0.004296 0.019886 0.002634 0.035030 0.055895 0.009161 0.159004 0.002622 0.009355 0.004644 0.000424 0.000689 0.014353 0.000960 0.026910 0.007234 0.016792
0.550964 0.000904 0.000315 0.002776 0.001365 0.000608 0.006922 0.001895 0.007688 0.161715 0.001615 0.000835 0.000036 0.000554 0.004868 0.015601 0.004501 0.009400 0.003136 0.087309 0.011603 0.071134 0.002056 0.002784 0.000634 0.002106 0.001108 0.012277 0.000583 0.014202 0.011710 0.006793
0.521742 0.000744 0.000097 0.000992 0.000420 0.001009 0.001015 0.001154 0.001126 0.155602 0.000938 0.000905 0.000229 0.000472 0.002268 0.004126 0.002582 0.007788 0.001836 0.114570 0.006270 0.089290 0.001012 0.001774 0.000544 0.000728 0.001351 0.061136 0.001059 0.010283 0.002668 0.004270
0.574606 0.001203 0.000091 0.006797 0.000295 0.000139 0.005153 0.001258 0.002486 0.142594 0.000651 0.003505 0.000104 0.000548 0.005593 0.013156 0.007540 0.002994 0.002129 0.046800 0.012677 0.055222 0.013783 0.002715 0.001084 0.001983 0.000892 0.059147 0.000323 0.027140 0.002140 0.005248
0.400843 0.005541 0.000806 0.007141 0.001426 0.007081 0.011323 0.004299 0.008094 0.142191 0.014423 0.001804 0.000551 0.002321 0.005429 0.013303 0.004190 0.030314 0.005021 0.099566 0.009441 0.154945 0.002236 0.004193 0.003171 0.004410 0.003686 0.010639 0.003341 0.015078 0.013406 0.009786
0.562611 0.005844 0.000038 0.004705 0.001026 0.000802 0.011108 0.001662 0.005728 0.141141 0.002167 0.001133 0.000111 0.000828 0.000488 0.041748 0.001646 0.052854 0.015187 0.042975 0.005479 0.066631 0.007034 0.001346 0.000363 0.001934 0.001403 0.004158 0.002072 0.007347 0.002279 0.006151
0.500489 0.008998 0.000558 0.012732 0.018629 0.016444 0.001840 0.002226 0.017247 0.134181 0.016940 0.001027 0.001168 0.002172 0.006610 0.003163 0.007638 0.001859 0.006654 0.028916 0.003101 0.153576 0.003063 0.004514 0.002418 0.000344 0.001384 0.010883 0.001187 0.011553 0.010458 0.008030
0.573315 0.001451 0.000630 0.006600 0.001455 0.006324 0.003909 0.001645 0.003439 0.133447 0.008940 0.000788 0.000295 0.001136 0.006829 0.002946 0.003048 0.007538 0.001709 0.107049 0.005736 0.080198 0.001253 0.002842 0.002131 0.001902 0.001232 0.006596 0.002220 0.013342 0.006014 0.004042
0.414343 0.003054 0.002198 0.005651 0.003099 0.011395 0.005717 0.003969 0.006960 0.132090 0.027880 0.001939 0.001025 0.003212 0.012128 0.004297 0.005482 0.008810 0.003825 0.141598 0.009090 0.112269 0.001975 0.006376 0.004125 0.003372 0.002582 0.011615 0.006356 0.021232 0.015122 0.007214
0.508469 0.005278 0.000387 0.005736 0.003033 0.003263 0.001035 0.000992 0.005810 0.123701 0.005099 0.000647 0.000438 0.002493 0.007965 0.001778 0.003744 0.001193 0.002068 0.042583 0.002685 0.225260 0.000952 0.003809 0.002743 0.000357 0.000897 0.010532 0.001004 0.012411 0.008913 0.004724
0.329582 0.001298 0.001464 0.051820 0.041664 0.031920 0.001425 0.001391 0.016943 0.118848 0.008436 0.000738 0.006112 0.002963 0.015564 0.001667 0.019616 0.001954 0.028018 0.074217 0.008398 0.148539 0.001296 0.007601 0.004270 0.000534 0.000938 0.015383 0.001000 0.028592 0.009274 0.018535
0.484562 0.004296 0.001003 0.018399 0.009039 0.005616 0.001842 0.002228 0.007859 0.116244 0.005392 0.001959 0.000925 0.002556 0.023364 0.006888 0.017685 0.003013 0.006427 0.058919 0.013532 0.115236 0.003008 0.014683 0.004167 0.000866 0.003820 0.020642 0.001547 0.029564 0.005563 0.009157
0.815424 0.000314 0.000366 0.000369 0.000197 0.000683 0.000390 0.000582 0.004068 0.114748 0.000417 0.000631 0.000046 0.000205 0.004583 0.001678 0.003240 0.000162 0.001516 0.028195 0.001720 0.004540 0.000100 0.002435 0.000243 0.000125 0.000206 0.005234 0.000118 0.004371 0.000542 0.002553
0.507168 0.004315 0.000626 0.029330 0.002563 0.004943 0.022187 0.004245 0.007461 0.101877 0.005983 0.001500 0.000337 0.001970 0.003811 0.020971 0.004091 0.046780 0.004139 0.069199 0.008928 0.084614 0.003033 0.003657 0.002174 0.005109 0.002530 0.007629 0.002236 0.010926 0.016008 0.009659
0.830099 0.000222 0.000012 0.000499 0.000322 0.000326 0.000027 0.000088 0.000192 0.001087 0.133911 0.000039 0.000052 0.000029 0.000311 0.000168 0.000293 0.000025 0.000021 0.014300 0.000731 0.001294 0.000131 0.000676 0.000069 0.000094 0.012450 0.000703 0.000606 0.000547 0.000444 0.000233
0.555087 0.003640 0.000622 0.052266 0.006155 0.040885 0.000522 0.000543 0.006838 0.025166 0.128683 0.000467 0.008449 0.001850 0.002989 0.001244 0.008268 0.001046 0.002439 0.021512 0.004541 0.067732 0.001216 0.003253 0.001159 0.000390 0.004417 0.005586 0.001549 0.014216 0.022750 0.004519
0.072515 0.000365 0.000257 0.000896 0.000422 0.074102 0.000011 0.000003 0.000315 0.000013 0.000477 0.000002 0.849453 0.000331 0.000004 0.000005 0.000019 0.000089 0.000035 0.000022 0.000008 0.000124 0.000039 0.000021 0.000238 0.000020 0.000039 0.000051 0.000019 0.000017 0.000052 0.000036
0.352985 0.160675 0.000007 0.002942 0.000438 0.000641 0.036322 0.001464 0.009150 0.041683 0.002240 0.001476 0.000123 0.001761 0.000094 0.023211 0.000257 0.245265 0.054600 0.004271 0.000735 0.026032 0.015534 0.000710 0.000467 0.002873 0.001014 0.001899 0.000652 0.001646 0.003757 0.005076
0.730903 0.003252 0.000043 0.001628 0.000567 0.000251 0.006459 0.000221 0.002621 0.001789 0.000365 0.000074 0.000253 0.001282 0.000066 0.000356 0.000225 0.157508 0.000581 0.003402 0.000415 0.013160 0.000584 0.000047 0.001424 0.023841 0.001882 0.000588 0.000557 0.000526 0.044435 0.000693
0.343680 0.217450 0.000545 0.007125 0.001795 0.036024 0.003954 0.000559 0.001829 0.002446 0.004059 0.000200 0.013884 0.025268 0.000190 0.000760 0.000378 0.119325 0.023507 0.000343 0.000698 0.009319 0.000516 0.000156 0.073304 0.005265 0.004710 0.000499 0.001005 0.001253 0.097729 0.002223
0.196584 0.170770 0.000014 0.002535 0.001022 0.000580 0.047329 0.002477 0.014125 0.111804 0.002751 0.002783 0.000178 0.003120 0.000215 0.052871 0.000692 0.179966 0.103161 0.007011 0.001519 0.042834 0.025514 0.001441 0.000967 0.003147 0.001163 0.003946 0.001167 0.003745 0.005410 0.009162
0.309260 0.000108 0.001222 0.000617 0.000152 0.000360 0.000978 0.000796 0.000514 0.022812 0.000325 0.011096 0.000090 0.000476 0.008174 0.000504 0.014337 0.000258 0.000735 0.443386 0.016411 0.118232 0.001561 0.001935 0.002350 0.000364 0.000356 0.017765 0.000204 0.017410 0.005291 0.001918
0.057279 0.000558 0.000172 0.000320 0.001377 0.000267 0.004062 0.001057 0.002909 0.314830 0.000484 0.001394 0.000038 0.000595 0.015517 0.003670 0.009928 0.001062 0.003644 0.316279 0.028959 0.112454 0.002144 0.003901 0.001169 0.001338 0.000554 0.025761 0.000567 0.076314 0.006183 0.005211
0.593013 0.000042 0.000156 0.000140 0.000020 0.000052 0.000640 0.000233 0.000415 0.023566 0.000079 0.002150 0.000015 0.000130 0.001803 0.000626 0.007132 0.000226 0.000191 0.251520 0.010195 0.086901 0.000841 0.000402 0.000434 0.000111 0.000112 0.009717 0.000072 0.006989 0.001366 0.000713
0.654140 0.000023 0.000072 0.000037 0.000005 0.000010 0.000212 0.000085 0.000093 0.022987 0.000035 0.000573 0.000001 0.000080 0.007835 0.000216 0.011313 0.000037 0.000162 0.209645 0.021099 0.039699 0.000050 0.000166 0.000648 0.000057 0.000053 0.007766 0.000018 0.021677 0.000771 0.000436
0.251895 0.003661 0.001038 0.010423 0.007498 0.006601 0.017942 0.006440 0.008741 0.087701 0.009434 0.003530 0.000249 0.002481 0.012735 0.022161 0.012110 0.013580 0.006799 0.197682 0.021659 0.139479 0.008569 0.011330 0.003572 0.008252 0.003031 0.026242 0.006104 0.038494 0.038135 0.012435
0.508910 0.000072 0.000144 0.000209 0.000049 0.000022 0.001070 0.000245 0.000230 0.021747 0.000062 0.001211 0.000004 0.000159 0.005238 0.002077 0.014649 0.000462 0.000251 0.193467 0.030462 0.187585 0.000837 0.000751 0.000568 0.000396 0.000269 0.008361 0.000179 0.017353 0.001694 0.001267
0.256513 0.001908 0.003489 0.009421 0.015705 0.009749 0.003971 0.002857 0.002599 0.070306 0.008195 0.004821 0.001313 0.004063 0.030639 0.002302 0.019453 0.003917 0.009142 0.192849 0.033529 0.131058 0.005764 0.007085 0.004935 0.003996 0.002585 0.028469 0.007749 0.041903 0.072075 0.007638
0.397156 0.001405 0.003092 0.008356 0.015042 0.009414 0.003129 0.001850 0.002896 0.038564 0.007090 0.002696 0.001179 0.002996 0.019724 0.001479 0.009203 0.005472 0.006481 0.188909 0.022880 0.102281 0.002563 0.002826 0.003269 0.004281 0.001721 0.018808 0.006282 0.026485 0.078327 0.004145
0.462329 0.000755 0.000821 0.004177 0.003850 0.002858 0.001442 0.000705 0.001809 0.022154 0.002451 0.000916 0.000297 0.001325 0.009374 0.000587 0.003971 0.003658 0.001337 0.184070 0.012192 0.178210 0.000890 0.001742 0.001539 0.001808 0.001095 0.014259 0.002095 0.016633 0.058380 0.002271
0.493598 0.001085 0.000485 0.010566 0.003348 0.002091 0.001907 0.000665 0.004696 0.011761 0.003357 0.001295 0.000908 0.000993 0.003674 0.000464 0.003002 0.002878 0.001024 0.182261 0.006827 0.199384 0.000859 0.003250 0.001008 0.001196 0.001140 0.017584 0.000753 0.012874 0.022089 0.002979
0.486900 0.002147 0.000299 0.010267 0.002881 0.003000 0.004405 0.002070 0.001427 0.033914 0.004849 0.001994 0.001860 0.001955 0.009608 0.003623 0.011684 0.002862 0.001184 0.172247 0.036683 0.083909 0.006337 0.004196 0.003277 0.002748 0.006504 0.041046 0.002979 0.029696 0.015729 0.007720
0.129156 0.003926 0.003101 0.004525 0.020244 0.008347 0.011107 0.004616 0.002761 0.064004 0.015899 0.006386 0.001184 0.004640 0.026657 0.003551 0.019583 0.006465 0.009159 0.161222 0.043273 0.079609 0.005320 0.010113 0.005975 0.016420 0.006122 0.034426 0.019355 0.065052 0.200322 0.007483
0.430193 0.001417 0.004954 0.012729 0.019863 0.009168 0.003497 0.001795 0.002739 0.031737 0.006762 0.002987 0.001175 0.003379 0.025809 0.001362 0.011078 0.005297 0.005317 0.159925 0.022133 0.093357 0.002479 0.004030 0.003594 0.004902 0.001913 0.019666 0.005734 0.028520 0.068147 0.004343
0.237694 0.005020 0.007438 0.013202 0.017568 0.047576 0.009683 0.005807 0.007361 0.049957 0.020176 0.003351 0.007792 0.008735 0.031976 0.003468 0.012513 0.013345 0.007309 0.155624 0.028883 0.085235 0.005500 0.010514 0.009246 0.011822 0.007194 0.034361 0.019321 0.042481 0.070541 0.009308
0.557444 0.002083 0.001054 0.020151 0.006214 0.004090 0.003738 0.001166 0.004812 0.011414 0.004573 0.002116 0.001508 0.001546 0.005232 0.000751 0.005128 0.004794 0.001075 0.150216 0.008911 0.123113 0.001653 0.003393 0.001859 0.002283 0.002082 0.016654 0.001435 0.012820 0.033391 0.003301
0.651930 0.000097 0.000080 0.000426 0.000230 0.000179 0.000987 0.000441 0.001587 0.039357 0.000400 0.000156 0.000020 0.000209 0.001501 0.000559 0.000741 0.003173 0.001431 0.148205 0.004945 0.127681 0.001268 0.000707 0.000369 0.000639 0.000223 0.001353 0.000279 0.004552 0.004198 0.002079
0.414343 0.003054 0.002198 0.005651 0.003099 0.011395 0.005717 0.003969 0.006960 0.132090 0.027880 0.001939 0.001025 0.003212 0.012128 0.004297 0.005482 0.008810 0.003825 0.141598 0.009090 0.112269 0.001975 0.006376 0.004125 0.003372 0.002582 0.011615 0.006356 0.021232 0.015122 0.007214
0.278403 0.002045 0.002269 0.011796 0.015444 0.007818 0.003867 0.002351 0.002897 0.094810 0.007262 0.003793 0.001039 0.003310 0.023016 0.003453 0.022480 0.003532 0.012773 0.137656 0.042583 0.124847 0.005887 0.006050 0.003520 0.004003 0.002583 0.031058 0.006681 0.047104 0.076915 0.008757
0.587782 0.000101 0.000016 0.001147 0.000040 0.000042 0.000563 0.000487 0.000273 0.034859 0.000709 0.000783 0.000022 0.000084 0.010346 0.001931 0.004222 0.000274 0.000590 0.137201 0.008919 0.121788 0.000755 0.001253 0.001124 0.000803 0.001604 0.029498 0.000219 0.046843 0.001569 0.004156
0.703648 0.000161 0.000244 0.000208 0.000041 0.000038 0.001610 0.000311 0.000784 0.034520 0.000104 0.001457 0.000005 0.000276 0.005855 0.001974 0.015690 0.000392 0.000466 0.130919 0.014843 0.058467 0.000297 0.000535 0.000810 0.000229 0.000155 0.006669 0.000071 0.016281 0.001628 0.001310
0.633441 0.001608 0.001053 0.002626 0.000263 0.006461 0.000974 0.000367 0.000795 0.014370 0.002637 0.000229 0.005301 0.003924 0.006098 0.000478 0.005766 0.003526 0.002729 0.127878 0.008260 0.053949 0.000360 0.000784 0.017201 0.001456 0.001547 0.003825 0.000821 0.011767 0.076736 0.002769
0.398399 0.004662 0.001827 0.003652 0.001601 0.011135 0.004836 0.003760 0.012573 0.101850 0.031009 0.001635 0.001742 0.003510 0.006999 0.004334 0.003935 0.017263 0.004134 0.122154 0.007922 0.178250 0.001354 0.004312 0.004643 0.003391 0.004625 0.010032 0.005805 0.014271 0.016123 0.008262
0.677637 0.000128 0.000068 0.000380 0.000238 0.000093 0.002918 0.000556 0.003836 0.062050 0.000323 0.000133 0.000006 0.000246 0.001077 0.002641 0.000678 0.005748 0.001623 0.119644 0.003989 0.102669 0.000530 0.000570 0.000337 0.000559 0.000197 0.001475 0.000102 0.003786 0.003386 0.002376
0.260784 0.008590 0.008023 0.011820 0.038402 0.029777 0.004666 0.004494 0.006963 0.037924 0.092398 0.005144 0.009469 0.008145 0.017917 0.002207 0.011897 0.005043 0.007014 0.118574 0.017691 0.078562 0.011270 0.016774 0.007332 0.007495 0.014772 0.024573 0.025153 0.025197 0.073039 0.008892
0.666877 0.000852 0.000536 0.001315 0.000307 0.000294 0.005889 0.001164 0.005597 0.070716 0.000717 0.003309 0.000050 0.000966 0.005559 0.006748 0.010719 0.001680 0.001828 0.117926 0.014793 0.040998 0.000737 0.001364 0.001258 0.000904 0.000666 0.010769 0.000220 0.016451 0.004778 0.004013
0.532077 0.002708 0.000682 0.010584 0.006425 0.003392 0.003097 0.001290 0.001845 0.047011 0.005273 0.001759 0.002771 0.003132 0.009190 0.001674 0.009926 0.003355 0.001361 0.117761 0.021260 0.115851 0.003548 0.004156 0.003656 0.002465 0.005239 0.027631 0.003127 0.019780 0.022367 0.005606
0.373728 0.002981 0.009809 0.012846 0.022639 0.014441 0.005311 0.002830 0.008241 0.052639 0.023928 0.001504 0.003887 0.005860 0.040241 0.001557 0.009405 0.009274 0.004909 0.116984 0.029259 0.106176 0.003154 0.007127 0.005020 0.004432 0.006166 0.011269 0.015413 0.035400 0.045782 0.007792
0.521742 0.000744 0.000097 0.000992 0.000420 0.001009 0.001015 0.001154 0.001126 0.155602 0.000938 0.000905 0.000229 0.000472 0.002268 0.004126 0.002582 0.007788 0.001836 0.114570 0.006270 0.089290 0.001012 0.001774 0.000544 0.000728 0.001351 0.061136 0.001059 0.010283 0.002668 0.004270
0.748346 0.000136 0.000091 0.003930 0.000498 0.001157 0.000347 0.000138 0.000647 0.021899 0.000886 0.000222 0.000533 0.000344 0.003505 0.000102 0.004053 0.000317 0.000259 0.113569 0.003027 0.061831 0.000162 0.001037 0.000422 0.000647 0.000584 0.005296 0.000318 0.012991 0.010971 0.001733
0.339578 0.008159 0.002092 0.006644 0.002381 0.018885 0.009803 0.005094 0.011186 0.107202 0.034331 0.002100 0.002202 0.004849 0.006870 0.007360 0.004374 0.038720 0.006077 0.112796 0.010224 0.162747 0.002448 0.005282 0.005402 0.007031 0.005575 0.013255 0.007054 0.015445 0.024091 0.010743
0.747818 0.000182 0.000062 0.007603 0.000840 0.001146 0.000294 0.000138 0.001713 0.016066 0.001306 0.000191 0.000770 0.000289 0.003077 0.000114 0.002475 0.000367 0.000428 0.112548 0.002868 0.068841 0.000230 0.001043 0.000374 0.000586 0.000773 0.004371 0.000337 0.013457 0.007657 0.002037
0.305357 0.009650 0.008666 0.005185 0.005848 0.037372 0.005203 0.005492 0.013416 0.036838 0.098124 0.002629 0.017503 0.011385 0.011118 0.002440 0.005755 0.012118 0.005708 0.110669 0.010700 0.126950 0.002363 0.008006 0.013115 0.007889 0.011360 0.016704 0.020442 0.015842 0.046584 0.009570
0.573315 0.001451 0.000630 0.006600 0.001455 0.006324 0.003909 0.001645 0.003439 0.133447 0.008940 0.000788 0.000295 0.001136 0.006829 0.002946 0.003048 0.007538 0.001709 0.107049 0.005736 0.080198 0.001253 0.002842 0.002131 0.001902 0.001232 0.006596 0.002220 0.013342 0.006014 0.004042
0.463553 0.000437 0.000141 0.000826 0.000485 0.000375 0.006026 0.001450 0.007156 0.248805 0.000803 0.000482 0.000028 0.000463 0.001519 0.010325 0.001268 0.015111 0.006303 0.105704 0.005388 0.097389 0.002385 0.001442 0.000437 0.001053 0.000325 0.003629 0.000347 0.005868 0.004062 0.006416
0.743545 0.000155 0.002075 0.002143 0.001107 0.000906 0.002003 0.001385 0.001356 0.026248 0.001650 0.022232 0.000103 0.000274 0.005577 0.000801 0.010423 0.000268 0.001245 0.105518 0.008648 0.027614 0.001021 0.003529 0.000752 0.000454 0.000477 0.012057 0.000290 0.007451 0.006779 0.001913
0.429474 0.000218 0.000013 0.000181 0.000026 0.000165 0.000031 0.000011 0.000349 0.000411 0.000401 0.000007 0.000297 0.000127 0.000101 0.000003 0.000053 0.000467 0.000038 0.016370 0.000165 0.549405 0.000022 0.000103 0.000281 0.000050 0.000087 0.000097 0.000035 0.000249 0.000632 0.000130
0.379264 0.011094 0.000655 0.001155 0.006700 0.006742 0.001459 0.000868 0.005689 0.045966 0.011224 0.000484 0.003460 0.004532 0.003678 0.001675 0.001098 0.008368 0.010542 0.046407 0.007094 0.375132 0.003022 0.001587 0.008562 0.001482 0.004831 0.002977 0.008737 0.008620 0.021814 0.005083
0.455694 0.076408 0.000309 0.000268 0.000419 0.004383 0.000204 0.000122 0.003325 0.003409 0.009612 0.000071 0.002985 0.008433 0.000638 0.000083 0.000221 0.000866 0.000621 0.009330 0.000487 0.352716 0.000193 0.000216 0.060920 0.000349 0.001314 0.000743 0.000941 0.000841 0.003411 0.000472
0.372306 0.026174 0.000117 0.013048 0.002094 0.001089 0.007304 0.002513 0.004277 0.033962 0.006614 0.004762 0.000296 0.001514 0.003218 0.008900 0.002562 0.013014 0.006150 0.054408 0.020278 0.267974 0.034572 0.007109 0.001994 0.004301 0.006605 0.042619 0.004551 0.015025 0.014749 0.015901
0.715828 0.000062 0.000049 0.002101 0.000262 0.000538 0.000030 0.000019 0.000190 0.000519 0.000286 0.000022 0.000725 0.000072 0.000387 0.000007 0.000194 0.000184 0.000073 0.012254 0.000189 0.262842 0.000046 0.000441 0.000261 0.000038 0.000083 0.000412 0.000036 0.000774 0.000772 0.000305
0.652367 0.000245 0.000575 0.000397 0.000100 0.000185 0.000303 0.000096 0.000637 0.004485 0.000265 0.000076 0.000048 0.000580 0.003485 0.000356 0.010819 0.000530 0.000215 0.047203 0.006505 0.255079 0.000165 0.000463 0.001093 0.000118 0.000218 0.001492 0.000117 0.007819 0.003109 0.000856
0.508469 0.005278 0.000387 0.005736 0.003033 0.003263 0.001035 0.000992 0.005810 0.123701 0.005099 0.000647 0.000438 0.002493 0.007965 0.001778 0.003744 0.001193 0.002068 0.042583 0.002685 0.225260 0.000952 0.003809 0.002743 0.000357 0.000897 0.010532 0.001004 0.012411 0.008913 0.004724
0.685646 0.001593 0.000609 0.019565 0.003724 0.003417 0.000258 0.000298 0.001270 0.006343 0.006145 0.000201 0.003478 0.000959 0.001465 0.000254 0.001063 0.002221 0.001366 0.022373 0.002415 0.212856 0.000825 0.005770 0.001587 0.000251 0.001253 0.001746 0.000865 0.004483 0.002594 0.003107
0.703404 0.000119 0.000183 0.000208 0.000110 0.000062 0.000130 0.000052 0.000204 0.003422 0.000162 0.000056 0.000045 0.000313 0.001481 0.000175 0.001918 0.000515 0.000093 0.070818 0.004442 0.203515 0.000207 0.000279 0.000587 0.000147 0.000252 0.001604 0.000219 0.003350 0.001471 0.000455
0.493598 0.001085 0.000485 0.010566 0.003348 0.002091 0.001907 0.000665 0.004696 0.011761 0.003357 0.001295 0.000908 0.000993 0.003674 0.000464 0.003002 0.002878 0.001024 0.182261 0.006827 0.199384 0.000859 0.003250 0.001008 0.001196 0.001140 0.017584 0.000753 0.012874 0.022089 0.002979
0.485681 0.000816 0.001899 0.007434 0.004242 0.011915 0.000412 0.000464 0.001191 0.009986 0.005324 0.000555 0.000907 0.000831 0.009598 0.000356 0.016026 0.000989 0.001458 0.084366 0.022463 0.191433 0.001613 0.006770 0.001662 0.000208 0.001320 0.021184 0.000822 0.074055 0.030511 0.003509
0.298425 0.002528 0.001186 0.081229 0.041017 0.057621 0.001332 0.001469 0.018558 0.079872 0.022951 0.000738 0.012679 0.003921 0.010172 0.001453 0.016106 0.002296 0.012733 0.049387 0.006901 0.188663 0.001933 0.005941 0.003695 0.000503 0.001093 0.013632 0.001250 0.027904 0.018711 0.014100
0.508910 0.000072 0.000144 0.000209 0.000049 0.000022 0.001070 0.000245 0.000230 0.021747 0.000062 0.001211 0.000004 0.000159 0.005238 0.002077 0.014649 0.000462 0.000251 0.193467 0.030462 0.187585 0.000837 0.000751 0.000568 0.000396 0.000269 0.008361 0.000179 0.017353 0.001694 0.001267
0.398399 0.004662 0.001827 0.003652 0.001601 0.011135 0.004836 0.003760 0.012573 0.101850 0.031009 0.001635 0.001742 0.003510 0.006999 0.004334 0.003935 0.017263 0.004134 0.122154 0.007922 0.178250 0.001354 0.004312 0.004643 0.003391 0.004625 0.010032 0.005805 0.014271 0.016123 0.008262
0.462329 0.000755 0.000821 0.004177 0.003850 0.002858 0.001442 0.000705 0.001809 0.022154 0.002451 0.000916 0.000297 0.001325 0.009374 0.000587 0.003971 0.003658 0.001337 0.184070 0.012192 0.178210 0.000890 0.001742 0.001539 0.001808 0.001095 0.014259 0.002095 0.016633 0.058380 0.002271
0.339578 0.008159 0.002092 0.006644 0.002381 0.018885 0.009803 0.005094 0.011186 0.107202 0.034331 0.002100 0.002202 0.004849 0.006870 0.007360 0.004374 0.038720 0.006077 0.112796 0.010224 0.162747 0.002448 0.005282 0.005402 0.007031 0.005575 0.013255 0.007054 0.015445 0.024091 0.010743
0.500489 0.008998 0.000558 0.012732 0.018629 0.016444 0.001840 0.002226 0.017247 0.134181 0.016940 0.001027 0.001168 0.002172 0.006610 0.003163 0.007638 0.001859 0.006654 0.028916 0.003101 0.153576 0.003063 0.004514 0.002418 0.000344 0.001384 0.010883 0.001187 0.011553 0.010458 0.008030
0.251895 0.003661 0.001038 0.010423 0.007498 0.006601 0.017942 0.006440 0.008741 0.087701 0.009434 0.003530 0.000249 0.002481 0.012735 0.022161 0.012110 0.013580 0.006799 0.197682 0.021659 0.139479 0.008569 0.011330 0.003572 0.008252 0.003031 0.026242 0.006104 0.038494 0.038135 0.012435
0.492979 0.003065 0.001616 0.059292 0.017883 0.006367 0.005082 0.002010 0.008106 0.018965 0.007073 0.003092 0.003322 0.003535 0.008764 0.001137 0.007667 0.004878 0.002504 0.092663 0.009058 0.133436 0.004536 0.008747 0.003511 0.002536 0.002706 0.024546 0.002292 0.018945 0.032704 0.006987
0.791254 0.000286 0.000141 0.004303 0.000162 0.001661 0.000185 0.000314 0.000727 0.006294 0.002525 0.000191 0.000631 0.000486 0.001564 0.000438 0.002058 0.000294 0.000258 0.028154 0.004992 0.132669 0.000159 0.003898 0.000644 0.000152 0.001808 0.003640 0.000263 0.005950 0.001713 0.002185
0.377053 0.000144 0.002491 0.000600 0.000370 0.000975 0.000919 0.000895 0.001275 0.025265 0.000877 0.006178 0.000297 0.000626 0.006863 0.000443 0.012087 0.000398 0.000674 0.367077 0.017869 0.131987 0.002009 0.001296 0.002020 0.000454 0.000581 0.016494 0.000616 0.012152 0.007523 0.001491
0.256513 0.001908 0.003489 0.009421 0.015705 0.009749 0.003971 0.002857 0.002599 0.070306 0.008195 0.004821 0.001313 0.004063 0.030639 0.002302 0.019453 0.003917 0.009142 0.192849 0.033529 0.131058 0.005764 0.007085 0.004935 0.003996 0.002585 0.028469 0.007749 0.041903 0.072075 0.007638
0.651930 0.000097 0.000080 0.000426 0.000230 0.000179 0.000987 0.000441 0.001587 0.039357 0.000400 0.000156 0.000020 0.000209 0.001501 0.000559 0.000741 0.003173 0.001431 0.148205 0.004945 0.127681 0.001268 0.000707 0.000369 0.000639 0.000223 0.001353 0.000279 0.004552 0.004198 0.002079
0.305357 0.009650 0.008666 0.005185 0.005848 0.037372 0.005203 0.005492 0.013416 0.036838 0.098124 0.002629 0.017503 0.011385 0.011118 0.002440 0.005755 0.012118 0.005708 0.110669 0.010700 0.126950 0.002363 0.008006 0.013115 0.007889 0.011360 0.016704 0.020442 0.015842 0.046584 0.009570
0.765393 0.002255 0.000366 0.008830 0.000391 0.003814 0.000742 0.000282 0.011312 0.003356 0.007160 0.000240 0.012473 0.003353 0.000587 0.000382 0.001053 0.002589 0.000682 0.025875 0.002155 0.126235 0.000267 0.000698 0.002466 0.001098 0.001795 0.002655 0.000848 0.003356 0.006044 0.001247
0.755199 0.002337 0.000046 0.009249 0.000598 0.001267 0.001138 0.000829 0.015608 0.011445 0.001376 0.000948 0.000478 0.000398 0.000682 0.000883 0.000593 0.003640 0.001508 0.041352 0.001348 0.125215 0.002422 0.004859 0.000529 0.000289 0.000868 0.003740 0.000267 0.002843 0.002069 0.005977
0.278403 0.002045 0.002269 0.011796 0.015444 0.007818 0.003867 0.002351 0.002897 0.094810 0.007262 0.003793 0.001039 0.003310 0.023016 0.003453 0.022480 0.003532 0.012773 0.137656 0.042583 0.124847 0.005887 0.006050 0.003520 0.004003 0.002583 0.031058 0.006681 0.047104 0.076915 0.008757
0.557444 0.002083 0.001054 0.020151 0.006214 0.004090 0.003738 0.001166 0.004812 0.011414 0.004573 0.002116 0.001508 0.001546 0.005232 0.000751 0.005128 0.004794 0.001075 0.150216 0.008911 0.123113 0.001653 0.003393 0.001859 0.002283 0.002082 0.016654 0.001435 0.012820 0.033391 0.003301
0.587782 0.000101 0.000016 0.001147 0.000040 0.000042 0.000563 0.000487 0.000273 0.034859 0.000709 0.000783 0.000022 0.000084 0.010346 0.001931 0.004222 0.000274 0.000590 0.137201 0.008919 0.121788 0.000755 0.001253 0.001124 0.000803 0.001604 0.029498 0.000219 0.046843 0.001569 0.004156
0.623707 0.021451 0.000174 0.006886 0.008294 0.005429 0.001351 0.001070 0.049594 0.011653 0.034817 0.001106 0.017676 0.002377 0.001296 0.000776 0.001827 0.001394 0.003216 0.038559 0.003136 0.120536 0.003470 0.002552 0.005947 0.001149 0.006618 0.007892 0.001458 0.004767 0.006287 0.003537
0.532077 0.002708 0.000682 0.010584 0.006425 0.003392 0.003097 0.001290 0.001845 0.047011 0.005273 0.001759 0.002771 0.003132 0.009190 0.001674 0.009926 0.003355 0.001361 0.117761 0.021260 0.115851 0.003548 0.004156 0.003656 0.002465 0.005239 0.027631 0.003127 0.019780 0.022367 0.005606
0.484562 0.004296 0.001003 0.018399 0.009039 0.005616 0.001842 0.002228 0.007859 0.116244 0.005392 0.001959 0.000925 0.002556 0.023364 0.006888 0.017685 0.003013 0.006427 0.058919 0.013532 0.115236 0.003008 0.014683 0.004167 0.000866 0.003820 0.020642 0.001547 0.029564 0.005563 0.009157
0.057279 0.000558 0.000172 0.000320 0.001377 0.000267 0.004062 0.001057 0.002909 0.314830 0.000484 0.001394 0.000038 0.000595 0.015517 0.003670 0.009928 0.001062 0.003644 0.316279 0.028959 0.112454 0.002144 0.003901 0.001169 0.001338 0.000554 0.025761 0.000567 0.076314 0.006183 0.005211
0.414343 0.003054 0.002198 0.005651 0.003099 0.011395 0.005717 0.003969 0.006960 0.132090 0.027880 0.001939 0.001025 0.003212 0.012128 0.004297 0.005482 0.008810 0.003825 0.141598 0.009090 0.112269 0.001975 0.006376 0.004125 0.003372 0.002582 0.011615 0.006356 0.021232 0.015122 0.007214
0.558968 0.001117 0.002564 0.046503 0.011978 0.008115 0.001730 0.000949 0.002276 0.029840 0.004326 0.001222 0.003145 0.002694 0.011471 0.000673 0.009298 0.002965 0.001281 0.096962 0.008668 0.111604 0.001537 0.007269 0.003407 0.002313 0.003721 0.017509 0.002052 0.013370 0.025971 0.004501
0.426026 0.019032 0.001303 0.012900 0.037754 0.027273 0.006756 0.005395 0.085811 0.059313 0.043476 0.002977 0.010748 0.005081 0.003862 0.003331 0.009614 0.004649 0.020883 0.030530 0.006903 0.107859 0.004270 0.004032 0.004707 0.001919 0.005162 0.005985 0.005197 0.009060 0.017569 0.010622
0.373728 0.002981 0.009809 0.012846 0.022639 0.014441 0.005311 0.002830 0.008241 0.052639 0.023928 0.001504 0.003887 0.005860 0.040241 0.001557 0.009405 0.009274 0.004909 0.116984 0.029259 0.106176 0.003154 0.007127 0.005020 0.004432 0.006166 0.011269 0.015413 0.035400 0.045782 0.007792
0.677637 0.000128 0.000068 0.000380 0.000238 0.000093 0.002918 0.000556 0.003836 0.062050 0.000323 0.000133 0.000006 0.000246 0.001077 0.002641 0.000678 0.005748 0.001623 0.119644 0.003989 0.102669 0.000530 0.000570 0.000337 0.000559 0.000197 0.001475 0.000102 0.003786 0.003386 0.002376
0.397156 0.001405 0.003092 0.008356 0.015042 0.009414 0.003129 0.001850 0.002896 0.038564 0.007090 0.002696 0.001179 0.002996 0.019724 0.001479 0.009203 0.005472 0.006481 0.188909 0.022880 0.102281 0.002563 0.002826 0.003269 0.004281 0.001721 0.018808 0.006282 0.026485 0.078327 0.004145
0.622905 0.000216 0.000081 0.000532 0.000255 0.000278 0.003861 0.000825 0.006864 0.104302 0.000614 0.000173 0.000034 0.000398 0.000721 0.004708 0.000741 0.022517 0.013175 0.090220 0.003824 0.100964 0.000705 0.000679 0.000479 0.001105 0.000430 0.001418 0.000204 0.004315 0.003640 0.008816
0.182081 0.448403 0.000192 0.002854 0.000316 0.013050 0.003853 0.000364 0.000899 0.003341 0.001430 0.000125 0.005089 0.041006 0.000206 0.000875 0.000538 0.037304 0.047028 0.000331 0.000812 0.009110 0.000177 0.000121 0.102242 0.001030 0.000856 0.000375 0.000291 0.001775 0.092562 0.001362
0.740171 0.000336 0.000418 0.001704 0.000338 0.000864 0.000296 0.000268 0.000145 0.013731 0.000284 0.000434 0.000044 0.000417 0.005829 0.001126 0.003312 0.000351 0.000421 0.004657 0.001220 0.005285 0.000187 0.001024 0.000617 0.000255 0.000354 0.211695 0.000128 0.002225 0.000848 0.001014
0.129156 0.003926 0.003101 0.004525 0.020244 0.008347 0.011107 0.004616 0.002761 0.064004 0.015899 0.006386 0.001184 0.004640 0.026657 0.003551 0.019583 0.006465 0.009159 0.161222 0.043273 0.079609 0.005320 0.010113 0.005975 0.016420 0.006122 0.034426 0.019355 0.065052 0.200322 0.007483
0.814843 0.000025 0.000014 0.000064 0.000223 0.000771 0.000037 0.000007 0.000016 0.000063 0.001122 0.000003 0.000018 0.000022 0.000069 0.000007 0.000216 0.000546 0.000031 0.004330 0.000860 0.008012 0.000008 0.000008 0.000292 0.001905 0.003921 0.000215 0.000487 0.000747 0.160976 0.000139
0.784701 0.000085 0.000051 0.000556 0.004521 0.000433 0.000071 0.000048 0.000214 0.000329 0.005443 0.000037 0.000085 0.000102 0.002336 0.000022 0.002771 0.000142 0.000081 0.019982 0.001645 0.019276 0.000027 0.000392 0.000853 0.001716 0.001906 0.002267 0.000370 0.004255 0.144501 0.000783
