0.384884 0.385122 0.000793 0.000127 0.000180 0.000448 0.000281 0.000034 0.000276 0.000037 0.001978 0.000012 0.002309 0.105512 0.000011 0.000030 0.000021 0.001504 0.001723 0.000045 0.000038 0.000111 0.000016 0.000005 0.109779 0.000190 0.000367 0.000025 0.000388 0.000045 0.003677 0.000033
0.748951 0.108982 0.004881 0.000170 0.002199 0.000958 0.000226 0.000075 0.000568 0.000092 0.030450 0.000030 0.006341 0.055740 0.000075 0.000042 0.000081 0.000338 0.000394 0.000115 0.000121 0.000085 0.000031 0.000027 0.027886 0.000492 0.002004 0.000072 0.003574 0.000062 0.004885 0.000054
0.630615 0.108455 0.001420 0.000148 0.001908 0.000687 0.004184 0.001668 0.035449 0.063571 0.022999 0.000703 0.000216 0.006403 0.001172 0.009870 0.001442 0.027571 0.003089 0.012892 0.002522 0.039375 0.000455 0.001495 0.002211 0.000916 0.005497 0.003805 0.001467 0.001685 0.003311 0.002799
0.726422 0.001196 0.000197 0.131917 0.007483 0.014668 0.000871 0.001137 0.008480 0.006465 0.008200 0.001641 0.006568 0.000626 0.002095 0.000563 0.002570 0.001605 0.000829 0.023792 0.002227 0.015605 0.004115 0.008540 0.000717 0.000895 0.002435 0.006909 0.000535 0.003934 0.003143 0.003621
0.753307 0.000884 0.000767 0.124764 0.007167 0.018452 0.000679 0.001005 0.011834 0.002882 0.005880 0.001379 0.007724 0.000722 0.002017 0.000470 0.001884 0.001217 0.000740 0.016137 0.001161 0.011683 0.001853 0.009472 0.000823 0.000447 0.002080 0.004651 0.000485 0.002149 0.001948 0.003338
0.737992 0.001758 0.000754 0.119086 0.008212 0.012542 0.001340 0.001321 0.006489 0.009439 0.003330 0.002258 0.003092 0.001340 0.007031 0.000974 0.003464 0.001309 0.000922 0.022206 0.002080 0.009020 0.003827 0.009808 0.001449 0.001375 0.001861 0.012663 0.000752 0.003900 0.003206 0.005199
0.733965 0.001669 0.000225 0.112228 0.009472 0.009414 0.001210 0.001442 0.009700 0.008389 0.009032 0.002147 0.004850 0.000737 0.002766 0.000749 0.003181 0.001665 0.000914 0.025860 0.002803 0.016147 0.005922 0.008998 0.000770 0.001347 0.003072 0.008540 0.000735 0.004504 0.003605 0.003941
0.005935 0.000007 0.000000 0.000003 0.000001 0.000001 0.000031 0.000009 0.000010 0.990600 0.000001 0.000002 0.000000 0.000002 0.000020 0.000945 0.000013 0.000120 0.000058 0.001583 0.000026 0.000414 0.000005 0.000013 0.000005 0.000002 0.000000 0.000091 0.000001 0.000071 0.000003 0.000031
0.182541 0.014514 0.000113 0.000217 0.000422 0.000620 0.002718 0.000937 0.002576 0.630258 0.001012 0.000386 0.000024 0.001093 0.001897 0.067051 0.001876 0.006759 0.012550 0.007933 0.002836 0.022742 0.000504 0.001503 0.001531 0.000331 0.000540 0.024700 0.000360 0.004492 0.001231 0.003733
0.330669 0.001051 0.000018 0.000187 0.000066 0.000105 0.000849 0.000497 0.002369 0.579988 0.000267 0.000197 0.000024 0.000196 0.000892 0.006742 0.000531 0.008606 0.001264 0.019546 0.001626 0.033268 0.000163 0.000812 0.000207 0.000169 0.000313 0.004274 0.000192 0.002365 0.000279 0.002266
0.140424 0.010715 0.000286 0.000394 0.007535 0.000443 0.004792 0.002625 0.003932 0.527765 0.004000 0.001477 0.000017 0.001247 0.002751 0.169508 0.006922 0.002368 0.057916 0.002951 0.003321 0.009624 0.001323 0.004330 0.001563 0.000312 0.001534 0.012153 0.000697 0.006221 0.001589 0.009264
0.348052 0.003424 0.000115 0.000611 0.000776 0.000230 0.032076 0.002796 0.004153 0.421253 0.000159 0.005285 0.000020 0.000605 0.002574 0.055059 0.021090 0.003381 0.017667 0.014263 0.007658 0.020786 0.001026 0.005490 0.001170 0.000784 0.000117 0.005786 0.000177 0.017201 0.002947 0.003269
0.479432 0.002719 0.000077 0.000812 0.000604 0.000252 0.002982 0.001487 0.005093 0.319843 0.001132 0.000629 0.000108 0.000657 0.002115 0.014281 0.001915 0.023884 0.004602 0.034967 0.004518 0.070236 0.001517 0.002543 0.000563 0.000889 0.001546 0.006334 0.001170 0.005493 0.000982 0.006620
0.627408 0.001034 0.000192 0.000329 0.000066 0.000055 0.001328 0.000267 0.000794 0.288762 0.000067 0.000278 0.000007 0.000584 0.002581 0.020461 0.001579 0.001429 0.000549 0.007898 0.001074 0.003212 0.000163 0.000680 0.000738 0.000172 0.000031 0.034998 0.000048 0.001914 0.000290 0.001011
0.653087 0.006557 0.000252 0.001007 0.001020 0.000479 0.001690 0.000664 0.001162 0.237403 0.000455 0.000373 0.000023 0.001549 0.006831 0.019513 0.005443 0.002330 0.005316 0.009252 0.004865 0.012787 0.000275 0.001377 0.003077 0.000300 0.000347 0.008552 0.000248 0.008514 0.001881 0.003367
0.696212 0.000669 0.000041 0.001395 0.000078 0.000076 0.001174 0.000283 0.001142 0.229932 0.000120 0.000325 0.000026 0.000243 0.001574 0.006219 0.000717 0.002853 0.001033 0.020345 0.001835 0.008002 0.000740 0.002048 0.000481 0.000203 0.000066 0.015834 0.000079 0.004076 0.000257 0.001922
0.573607 0.002580 0.000034 0.000311 0.000171 0.000126 0.020829 0.002249 0.000982 0.221553 0.000097 0.007961 0.000005 0.000154 0.001442 0.082462 0.019688 0.001077 0.007255 0.010391 0.006687 0.010014 0.002152 0.004379 0.000463 0.000348 0.000089 0.007273 0.000102 0.012533 0.001268 0.001717
0.589926 0.001045 0.000006 0.000416 0.000144 0.000035 0.012645 0.000493 0.000357 0.214349 0.000023 0.000733 0.000000 0.000026 0.000130 0.167869 0.001148 0.003250 0.000657 0.001483 0.000493 0.001323 0.000512 0.000172 0.000045 0.000232 0.000047 0.001243 0.000038 0.000504 0.000158 0.000497
0.623393 0.004695 0.000010 0.000083 0.000112 0.000046 0.027044 0.001120 0.002811 0.199210 0.000099 0.001814 0.000003 0.000074 0.000115 0.107689 0.001811 0.013640 0.004024 0.002781 0.000710 0.003698 0.000450 0.000265 0.000091 0.000293 0.000097 0.001597 0.000063 0.000824 0.000357 0.000983
0.761036 0.000134 0.000009 0.000043 0.000009 0.000041 0.000156 0.000108 0.000949 0.179805 0.000147 0.000036 0.000006 0.000062 0.000609 0.000625 0.000263 0.002348 0.000087 0.028360 0.001031 0.021276 0.000009 0.000123 0.000085 0.000047 0.000095 0.000683 0.000055 0.001218 0.000177 0.000371
0.713542 0.002163 0.000042 0.000596 0.000314 0.000502 0.002735 0.000586 0.000599 0.177466 0.000237 0.000402 0.000027 0.000352 0.002408 0.011441 0.004208 0.003420 0.021470 0.011670 0.002075 0.012537 0.000873 0.009789 0.001483 0.000149 0.000054 0.003726 0.000117 0.009752 0.002022 0.003242
0.745284 0.002386 0.000437 0.000421 0.000697 0.000308 0.001154 0.000782 0.002992 0.172600 0.001914 0.000612 0.000041 0.000836 0.004726 0.009818 0.004680 0.002363 0.000718 0.011346 0.003426 0.009659 0.000264 0.003729 0.000492 0.000395 0.001195 0.010517 0.000640 0.003210 0.000750 0.001608
0.578219 0.000964 0.000148 0.000301 0.000390 0.000279 0.009440 0.002007 0.001876 0.171025 0.000171 0.005316 0.000023 0.000307 0.003866 0.021074 0.069139 0.000578 0.004969 0.024387 0.024008 0.015853 0.000770 0.008391 0.000842 0.000510 0.000212 0.013229 0.000178 0.037387 0.002175 0.001964
0.812754 0.000428 0.000063 0.000086 0.000056 0.000116 0.000330 0.000225 0.001226 0.153915 0.000408 0.000134 0.000016 0.000171 0.001290 0.001828 0.000932 0.001781 0.000143 0.013764 0.001202 0.003456 0.000024 0.000558 0.000208 0.000115 0.000151 0.002301 0.000100 0.001514 0.000236 0.000468
0.817126 0.000228 0.000012 0.000021 0.000013 0.000032 0.000154 0.000117 0.000767 0.145737 0.000197 0.000054 0.000003 0.000064 0.000673 0.000943 0.000356 0.001576 0.000057 0.019943 0.000907 0.007803 0.000006 0.000148 0.000079 0.000049 0.000094 0.001217 0.000052 0.001106 0.000185 0.000276
0.578122 0.000339 0.000148 0.000659 0.000428 0.000464 0.001317 0.000619 0.001715 0.138246 0.001500 0.000415 0.000076 0.000407 0.009395 0.003149 0.008757 0.001300 0.000594 0.146083 0.017689 0.041570 0.000449 0.003678 0.000662 0.000952 0.001473 0.010331 0.001116 0.020691 0.004400 0.003257
0.591194 0.003707 0.000427 0.002239 0.008402 0.000906 0.004267 0.003061 0.003119 0.137018 0.003918 0.001600 0.000137 0.000721 0.013927 0.009106 0.020880 0.003657 0.010389 0.041681 0.014561 0.047172 0.003687 0.007124 0.001347 0.001111 0.003147 0.017668 0.001775 0.022989 0.009710 0.009350
0.788936 0.000113 0.000011 0.000083 0.000012 0.000052 0.000215 0.000114 0.001268 0.137015 0.000153 0.000037 0.000014 0.000079 0.000725 0.000435 0.000281 0.002884 0.000113 0.034578 0.001207 0.028546 0.000019 0.000137 0.000122 0.000070 0.000122 0.000551 0.000078 0.001315 0.000199 0.000517
0.841497 0.000158 0.000020 0.000048 0.000016 0.000061 0.000179 0.000101 0.000689 0.135574 0.000131 0.000057 0.000007 0.000059 0.000543 0.000800 0.000378 0.001151 0.000057 0.013181 0.000617 0.001918 0.000008 0.000195 0.000111 0.000054 0.000046 0.001060 0.000037 0.000885 0.000137 0.000223
0.017496 0.000528 0.000019 0.000014 0.000492 0.000013 0.006533 0.001027 0.000427 0.124125 0.000077 0.002752 0.000000 0.000016 0.000088 0.835908 0.001471 0.000153 0.004119 0.000279 0.000367 0.000342 0.001080 0.000505 0.000020 0.000047 0.000109 0.001093 0.000078 0.000341 0.000048 0.000435
0.580887 0.001685 0.000385 0.001363 0.007776 0.000595 0.002423 0.002541 0.003496 0.120085 0.004509 0.001194 0.000148 0.000488 0.014252 0.005394 0.023227 0.002241 0.005508 0.061140 0.020056 0.056574 0.003578 0.008016 0.000841 0.001203 0.004731 0.020490 0.001832 0.025683 0.009218 0.008441
0.840670 0.000568 0.000019 0.000091 0.000091 0.000120 0.000543 0.000185 0.000161 0.119605 0.000291 0.000043 0.000011 0.000129 0.000456 0.001848 0.000706 0.019117 0.000452 0.004334 0.001051 0.003656 0.000109 0.000140 0.000268 0.000116 0.000363 0.001313 0.000231 0.001254 0.001423 0.000634
0.832735 0.000731 0.000024 0.000906 0.000302 0.000085 0.000800 0.000421 0.000166 0.115900 0.000246 0.000254 0.000003 0.000170 0.000721 0.005842 0.000503 0.004523 0.000463 0.022845 0.000918 0.006570 0.000157 0.000208 0.000166 0.000186 0.000150 0.001939 0.000156 0.001075 0.000394 0.000442
0.773208 0.000117 0.000033 0.001034 0.000147 0.000377 0.000465 0.000172 0.000389 0.114519 0.000233 0.000069 0.000109 0.000221 0.003387 0.000815 0.003857 0.004077 0.000428 0.039838 0.009492 0.026998 0.000092 0.000553 0.000449 0.000374 0.000345 0.001650 0.000277 0.010948 0.003540 0.001787
0.723268 0.007281 0.000116 0.000401 0.000740 0.000167 0.023819 0.002801 0.001317 0.113449 0.000360 0.022091 0.000008 0.000221 0.001086 0.029330 0.011164 0.000892 0.006498 0.006292 0.003782 0.008292 0.021437 0.002943 0.000371 0.000425 0.000149 0.004438 0.000263 0.004454 0.001140 0.001008
0.721791 0.000098 0.000046 0.000335 0.000156 0.000213 0.000230 0.000124 0.000548 0.113327 0.000385 0.000070 0.000059 0.000327 0.004000 0.000356 0.002859 0.001621 0.000262 0.076397 0.009509 0.049195 0.000076 0.000717 0.000349 0.000262 0.000338 0.002102 0.000365 0.010242 0.002660 0.000982
0.676315 0.000828 0.000928 0.002462 0.007325 0.002679 0.001663 0.001452 0.009082 0.109431 0.003282 0.000452 0.001183 0.001976 0.006766 0.002738 0.004620 0.026119 0.002158 0.059994 0.006784 0.031576 0.001067 0.002345 0.002371 0.001600 0.002740 0.011131 0.002166 0.007268 0.004244 0.005255
0.765328 0.000764 0.000045 0.001158 0.000309 0.000056 0.001451 0.000405 0.000413 0.109108 0.000166 0.000833 0.000013 0.000221 0.004185 0.009522 0.001775 0.000791 0.000515 0.019919 0.004127 0.004266 0.002403 0.001760 0.000502 0.000401 0.000129 0.061742 0.000170 0.005843 0.000354 0.001328
0.799470 0.000572 0.000030 0.001048 0.000286 0.000070 0.003003 0.000343 0.000747 0.108755 0.000037 0.000483 0.000003 0.000095 0.000837 0.055495 0.003273 0.001565 0.001092 0.006327 0.001660 0.004159 0.000704 0.000487 0.000158 0.000327 0.000076 0.005131 0.000068 0.002054 0.000279 0.001366
0.682852 0.009647 0.000923 0.000111 0.001131 0.003411 0.000188 0.000175 0.002043 0.000840 0.273647 0.000221 0.012705 0.001276 0.000208 0.000289 0.000158 0.000087 0.000238 0.000678 0.000097 0.000209 0.000282 0.000319 0.000736 0.000152 0.003631 0.000625 0.002095 0.000117 0.000599 0.000310
0.413229 0.101127 0.022852 0.000291 0.011356 0.000901 0.002792 0.000505 0.028630 0.001999 0.004997 0.000311 0.072212 0.225357 0.000393 0.000495 0.000644 0.036061 0.012020 0.000462 0.000385 0.001152 0.000446 0.000546 0.043296 0.002119 0.000979 0.000915 0.002048 0.000488 0.010041 0.000950
0.013761 0.000593 0.000008 0.000017 0.000461 0.000008 0.007709 0.000681 0.000260 0.055039 0.000053 0.002738 0.000000 0.000010 0.000040 0.910114 0.000986 0.000136 0.003713 0.000075 0.000161 0.000152 0.001738 0.000416 0.000011 0.000034 0.000081 0.000515 0.000057 0.000183 0.000029 0.000221
0.022737 0.008173 0.000015 0.000020 0.000065 0.000037 0.005294 0.000338 0.000430 0.051259 0.000038 0.000615 0.000000 0.000065 0.000093 0.898404 0.001019 0.000396 0.002238 0.000281 0.000149 0.000560 0.000386 0.000209 0.000061 0.000036 0.000029 0.006384 0.000019 0.000235 0.000035 0.000381
0.182098 0.006962 0.000148 0.000442 0.002571 0.000184 0.006236 0.001629 0.002571 0.277604 0.000447 0.001588 0.000003 0.000454 0.001010 0.446443 0.004822 0.001390 0.031513 0.001224 0.001080 0.002627 0.001435 0.002282 0.000538 0.000203 0.000396 0.014369 0.000169 0.002035 0.000390 0.005138
0.733248 0.004811 0.000006 0.000160 0.000090 0.000031 0.022877 0.001033 0.001540 0.072177 0.000065 0.001768 0.000001 0.000029 0.000073 0.146806 0.001472 0.002448 0.004341 0.001564 0.000280 0.001815 0.000574 0.000222 0.000060 0.000100 0.000045 0.001044 0.000022 0.000543 0.000107 0.000649
0.590367 0.002995 0.000039 0.000279 0.000160 0.000132 0.022616 0.002558 0.000844 0.172587 0.000109 0.012175 0.000004 0.000140 0.001483 0.102836 0.021321 0.000908 0.007839 0.009869 0.007333 0.010174 0.003675 0.005128 0.000412 0.000344 0.000111 0.008657 0.000124 0.011805 0.001242 0.001733
0.272541 0.000006 0.000017 0.000023 0.000002 0.000019 0.000046 0.000020 0.000074 0.004671 0.000025 0.000015 0.000021 0.000100 0.001970 0.000043 0.003049 0.000143 0.000097 0.629643 0.007961 0.063369 0.000026 0.000041 0.001038 0.000042 0.000092 0.000923 0.000017 0.011726 0.001691 0.000549
0.486970 0.000002 0.000006 0.000019 0.000001 0.000006 0.000012 0.000005 0.000015 0.000322 0.000017 0.000005 0.000005 0.000023 0.001021 0.000008 0.001784 0.000013 0.000014 0.488347 0.002752 0.014878 0.000003 0.000018 0.000234 0.000008 0.000033 0.000129 0.000003 0.002470 0.000765 0.000112
0.523336 0.001694 0.000235 0.001231 0.001965 0.002632 0.002872 0.000815 0.007351 0.017761 0.005100 0.000918 0.000403 0.000884 0.001638 0.001082 0.001433 0.003001 0.001729 0.222236 0.008712 0.127005 0.000783 0.001119 0.000950 0.001699 0.001809 0.008404 0.001548 0.007143 0.040202 0.002310
0.385638 0.002781 0.001342 0.011843 0.012244 0.024553 0.005707 0.003238 0.004837 0.036500 0.014408 0.004050 0.002445 0.003236 0.015277 0.003328 0.007583 0.004767 0.013187 0.203408 0.015780 0.110268 0.004203 0.005886 0.004416 0.003623 0.002676 0.012992 0.006919 0.019420 0.045816 0.007630
0.410863 0.002575 0.000939 0.015934 0.003913 0.001142 0.003449 0.002590 0.002902 0.047449 0.010668 0.001859 0.000784 0.002346 0.043903 0.004827 0.017725 0.002309 0.003216 0.196506 0.039582 0.061778 0.002682 0.011417 0.005211 0.003442 0.002810 0.016430 0.006146 0.049538 0.015566 0.009502
0.438295 0.000324 0.000584 0.000290 0.000269 0.000262 0.000272 0.000240 0.000871 0.009795 0.000907 0.000209 0.000201 0.000691 0.005361 0.000217 0.004003 0.000546 0.000433 0.185065 0.009916 0.314177 0.001049 0.000870 0.002377 0.000260 0.000423 0.002975 0.000399 0.011475 0.005501 0.001743
0.825798 0.000004 0.000025 0.000186 0.000006 0.000070 0.000011 0.000003 0.000020 0.000131 0.000018 0.000002 0.000075 0.000056 0.000587 0.000004 0.000944 0.000050 0.000013 0.153646 0.000475 0.013474 0.000007 0.000011 0.001003 0.000019 0.000043 0.000151 0.000006 0.001093 0.001974 0.000096
0.379717 0.002290 0.000297 0.007759 0.001398 0.002123 0.003338 0.000781 0.005211 0.028313 0.002405 0.001339 0.000287 0.001317 0.003493 0.001904 0.003736 0.004792 0.002371 0.153614 0.010373 0.274397 0.001102 0.002336 0.001088 0.002050 0.001329 0.032686 0.000929 0.015910 0.047233 0.004082
0.467965 0.001418 0.000203 0.002423 0.000912 0.000615 0.002523 0.000427 0.003792 0.035955 0.000701 0.000679 0.000129 0.001534 0.003270 0.001876 0.002475 0.003965 0.001948 0.152686 0.008127 0.232369 0.000789 0.001388 0.001176 0.001252 0.000570 0.033487 0.000374 0.012580 0.019154 0.003236
0.297439 0.002932 0.003903 0.005581 0.024974 0.013288 0.005253 0.002335 0.002980 0.061248 0.021555 0.001736 0.002432 0.008744 0.038364 0.001366 0.012477 0.005709 0.004333 0.149503 0.020271 0.114376 0.001991 0.010421 0.006697 0.007041 0.004038 0.021212 0.015463 0.039331 0.085682 0.007323
0.578122 0.000339 0.000148 0.000659 0.000428 0.000464 0.001317 0.000619 0.001715 0.138246 0.001500 0.000415 0.000076 0.000407 0.009395 0.003149 0.008757 0.001300 0.000594 0.146083 0.017689 0.041570 0.000449 0.003678 0.000662 0.000952 0.001473 0.010331 0.001116 0.020691 0.004400 0.003257
0.457368 0.003050 0.001236 0.011503 0.016310 0.002675 0.002725 0.001954 0.006633 0.063758 0.019803 0.001735 0.000795 0.001936 0.017565 0.003082 0.013137 0.005029 0.002674 0.143342 0.024828 0.114057 0.005026 0.008539 0.002213 0.002533 0.003946 0.014829 0.006300 0.021112 0.012887 0.007420
0.405583 0.000106 0.000149 0.000360 0.000103 0.000224 0.000120 0.000050 0.000259 0.004130 0.000133 0.000062 0.000125 0.000442 0.004143 0.000048 0.002605 0.000391 0.000155 0.141201 0.004888 0.415755 0.000250 0.000437 0.001774 0.000165 0.000115 0.001999 0.000104 0.008618 0.004789 0.000717
0.290799 0.003666 0.003088 0.018048 0.018128 0.016276 0.008811 0.003789 0.003294 0.062408 0.013561 0.003533 0.002856 0.008095 0.059538 0.005251 0.017915 0.004862 0.022146 0.125328 0.028829 0.087086 0.004359 0.014060 0.011178 0.007382 0.003556 0.014959 0.011964 0.066195 0.048312 0.010728
0.301126 0.004060 0.003275 0.018724 0.017398 0.017528 0.009406 0.004046 0.003375 0.054551 0.015137 0.003591 0.003244 0.008360 0.060895 0.004973 0.018053 0.004829 0.017210 0.120408 0.029795 0.083619 0.003979 0.012978 0.011855 0.008855 0.004187 0.015227 0.013519 0.064861 0.051155 0.009780
0.282139 0.003862 0.003331 0.016886 0.017253 0.016936 0.008934 0.003943 0.003068 0.053067 0.015648 0.003311 0.003452 0.008497 0.067078 0.004661 0.018751 0.004723 0.013360 0.119304 0.034052 0.088459 0.003263 0.012796 0.012390 0.009860 0.004712 0.015320 0.015023 0.072362 0.054354 0.009204
0.336608 0.004476 0.004049 0.007394 0.020085 0.023560 0.009068 0.005077 0.009888 0.079270 0.017252 0.002524 0.004829 0.008437 0.021439 0.004091 0.008996 0.022748 0.011704 0.113586 0.018008 0.098857 0.005388 0.007937 0.008603 0.012816 0.006150 0.020815 0.023269 0.027515 0.045617 0.009944
0.746644 0.000134 0.000062 0.000596 0.000175 0.000530 0.000358 0.000233 0.001356 0.073440 0.001057 0.000125 0.000095 0.000243 0.004214 0.000460 0.002406 0.000808 0.000222 0.113374 0.004962 0.031830 0.000106 0.000757 0.000399 0.000421 0.000615 0.003139 0.000422 0.007658 0.001923 0.001237
0.271598 0.004146 0.003694 0.017475 0.018948 0.018012 0.009338 0.004147 0.003230 0.054336 0.016398 0.003478 0.003827 0.009275 0.068336 0.004842 0.019555 0.005018 0.014647 0.113198 0.033694 0.087998 0.003458 0.013955 0.012827 0.010313 0.004825 0.015586 0.015776 0.072484 0.055919 0.009667
0.670616 0.000642 0.000427 0.002957 0.000553 0.001036 0.001367 0.000744 0.001933 0.064100 0.001900 0.000376 0.000287 0.000821 0.013568 0.001088 0.006630 0.002430 0.000889 0.112246 0.015223 0.057493 0.000320 0.001557 0.001459 0.001529 0.001267 0.004273 0.000945 0.020049 0.008483 0.002795
0.566315 0.003945 0.000365 0.002667 0.001592 0.000749 0.002757 0.000799 0.006045 0.039077 0.003036 0.001020 0.000216 0.001702 0.006336 0.004144 0.006516 0.002128 0.003809 0.112136 0.015962 0.140405 0.003511 0.003224 0.002992 0.001040 0.001699 0.022296 0.000977 0.023595 0.012467 0.006478
0.256773 0.004259 0.003884 0.017152 0.020493 0.018693 0.009561 0.004306 0.003352 0.057178 0.016951 0.003584 0.004019 0.009686 0.069842 0.004980 0.020221 0.005139 0.015782 0.111175 0.033554 0.088672 0.003607 0.014894 0.012966 0.010546 0.004898 0.016038 0.016531 0.073366 0.057776 0.010120
0.530961 0.002229 0.002482 0.005296 0.007590 0.018801 0.005814 0.002782 0.004094 0.034339 0.012481 0.001706 0.005232 0.003617 0.011821 0.002255 0.005770 0.027128 0.004036 0.103760 0.020622 0.039735 0.003773 0.004875 0.005714 0.013931 0.008628 0.025142 0.017246 0.021871 0.040522 0.005743
0.809107 0.000482 0.000107 0.000299 0.000682 0.001619 0.000643 0.000231 0.001561 0.007064 0.003058 0.000161 0.000133 0.000299 0.000733 0.000189 0.000439 0.001086 0.000310 0.102402 0.002654 0.039956 0.000107 0.000271 0.000389 0.000517 0.000960 0.001957 0.000761 0.002013 0.019331 0.000478
0.767949 0.000253 0.000084 0.000148 0.000224 0.000177 0.000418 0.000283 0.000780 0.032741 0.002065 0.000159 0.000171 0.000297 0.002826 0.000636 0.001590 0.002466 0.000457 0.100566 0.010998 0.044242 0.000124 0.000859 0.000905 0.000575 0.001684 0.006651 0.001063 0.013355 0.003085 0.002167
0.405583 0.000106 0.000149 0.000360 0.000103 0.000224 0.000120 0.000050 0.000259 0.004130 0.000133 0.000062 0.000125 0.000442 0.004143 0.000048 0.002605 0.000391 0.000155 0.141201 0.004888 0.415755 0.000250 0.000437 0.001774 0.000165 0.000115 0.001999 0.000104 0.008618 0.004789 0.000717
0.438295 0.000324 0.000584 0.000290 0.000269 0.000262 0.000272 0.000240 0.000871 0.009795 0.000907 0.000209 0.000201 0.000691 0.005361 0.000217 0.004003 0.000546 0.000433 0.185065 0.009916 0.314177 0.001049 0.000870 0.002377 0.000260 0.000423 0.002975 0.000399 0.011475 0.005501 0.001743
0.379717 0.002290 0.000297 0.007759 0.001398 0.002123 0.003338 0.000781 0.005211 0.028313 0.002405 0.001339 0.000287 0.001317 0.003493 0.001904 0.003736 0.004792 0.002371 0.153614 0.010373 0.274397 0.001102 0.002336 0.001088 0.002050 0.001329 0.032686 0.000929 0.015910 0.047233 0.004082
0.467965 0.001418 0.000203 0.002423 0.000912 0.000615 0.002523 0.000427 0.003792 0.035955 0.000701 0.000679 0.000129 0.001534 0.003270 0.001876 0.002475 0.003965 0.001948 0.152686 0.008127 0.232369 0.000789 0.001388 0.001176 0.001252 0.000570 0.033487 0.000374 0.012580 0.019154 0.003236
0.626678 0.000392 0.000307 0.010049 0.000568 0.003149 0.000486 0.000954 0.001434 0.007920 0.004625 0.000447 0.002167 0.000968 0.004411 0.000805 0.003095 0.001446 0.000780 0.050786 0.009697 0.192428 0.000603 0.006213 0.001308 0.000816 0.006316 0.030237 0.001259 0.015706 0.004307 0.009639
0.474159 0.006170 0.000513 0.026912 0.003343 0.004522 0.004510 0.001300 0.009180 0.064997 0.004944 0.002088 0.000400 0.002760 0.006530 0.006399 0.006264 0.005752 0.003501 0.062462 0.009553 0.165435 0.002390 0.006065 0.001677 0.002488 0.003118 0.062835 0.002008 0.013926 0.027975 0.005824
0.711147 0.000308 0.000378 0.006493 0.000478 0.002836 0.000305 0.000627 0.001139 0.005548 0.005097 0.000328 0.001200 0.000667 0.003707 0.000505 0.002903 0.000910 0.000501 0.042064 0.006177 0.164825 0.000327 0.003963 0.000906 0.000337 0.003589 0.014920 0.000695 0.009940 0.002799 0.004380
0.441145 0.007103 0.000574 0.009129 0.003541 0.004121 0.003407 0.001275 0.008435 0.079267 0.007324 0.002022 0.000348 0.002463 0.007558 0.008331 0.007671 0.006297 0.003167 0.072879 0.016160 0.151849 0.002998 0.006534 0.001690 0.003468 0.008611 0.070562 0.004519 0.016502 0.035653 0.005395
0.783074 0.000120 0.000092 0.004023 0.000203 0.001155 0.000122 0.000237 0.000641 0.002273 0.004624 0.000132 0.000542 0.000274 0.002517 0.000152 0.001892 0.000239 0.000170 0.025316 0.004195 0.144461 0.000068 0.001619 0.000455 0.000184 0.002807 0.005979 0.000265 0.006775 0.003259 0.002132
0.566315 0.003945 0.000365 0.002667 0.001592 0.000749 0.002757 0.000799 0.006045 0.039077 0.003036 0.001020 0.000216 0.001702 0.006336 0.004144 0.006516 0.002128 0.003809 0.112136 0.015962 0.140405 0.003511 0.003224 0.002992 0.001040 0.001699 0.022296 0.000977 0.023595 0.012467 0.006478
0.523336 0.001694 0.000235 0.001231 0.001965 0.002632 0.002872 0.000815 0.007351 0.017761 0.005100 0.000918 0.000403 0.000884 0.001638 0.001082 0.001433 0.003001 0.001729 0.222236 0.008712 0.127005 0.000783 0.001119 0.000950 0.001699 0.001809 0.008404 0.001548 0.007143 0.040202 0.002310
0.393772 0.000358 0.000333 0.000656 0.000056 0.000249 0.001020 0.000267 0.001856 0.041292 0.000159 0.000375 0.000264 0.002360 0.006640 0.002442 0.012300 0.001632 0.002946 0.308496 0.015932 0.123709 0.000379 0.000758 0.007800 0.000373 0.000384 0.030003 0.000120 0.030676 0.005476 0.006918
0.739135 0.000535 0.000714 0.009060 0.000733 0.003951 0.000417 0.000809 0.001403 0.008050 0.003676 0.000393 0.002091 0.001113 0.004614 0.000625 0.003230 0.001699 0.000889 0.044615 0.007029 0.120058 0.000738 0.005690 0.001507 0.000399 0.002602 0.015282 0.000928 0.010590 0.002474 0.004954
0.297439 0.002932 0.003903 0.005581 0.024974 0.013288 0.005253 0.002335 0.002980 0.061248 0.021555 0.001736 0.002432 0.008744 0.038364 0.001366 0.012477 0.005709 0.004333 0.149503 0.020271 0.114376 0.001991 0.010421 0.006697 0.007041 0.004038 0.021212 0.015463 0.039331 0.085682 0.007323
0.457368 0.003050 0.001236 0.011503 0.016310 0.002675 0.002725 0.001954 0.006633 0.063758 0.019803 0.001735 0.000795 0.001936 0.017565 0.003082 0.013137 0.005029 0.002674 0.143342 0.024828 0.114057 0.005026 0.008539 0.002213 0.002533 0.003946 0.014829 0.006300 0.021112 0.012887 0.007420
0.385638 0.002781 0.001342 0.011843 0.012244 0.024553 0.005707 0.003238 0.004837 0.036500 0.014408 0.004050 0.002445 0.003236 0.015277 0.003328 0.007583 0.004767 0.013187 0.203408 0.015780 0.110268 0.004203 0.005886 0.004416 0.003623 0.002676 0.012992 0.006919 0.019420 0.045816 0.007630
0.384884 0.385122 0.000793 0.000127 0.000180 0.000448 0.000281 0.000034 0.000276 0.000037 0.001978 0.000012 0.002309 0.105512 0.000011 0.000030 0.000021 0.001504 0.001723 0.000045 0.000038 0.000111 0.000016 0.000005 0.109779 0.000190 0.000367 0.000025 0.000388 0.000045 0.003677 0.000033
0.802489 0.001396 0.000019 0.000100 0.000947 0.000066 0.000421 0.000591 0.001895 0.004806 0.024412 0.000561 0.000004 0.000034 0.000661 0.017223 0.001169 0.000025 0.000249 0.002419 0.001064 0.000564 0.000206 0.000741 0.000103 0.000141 0.131955 0.002784 0.001199 0.000527 0.000408 0.000823
0.417837 0.001865 0.000102 0.000371 0.000037 0.000090 0.001706 0.000295 0.000814 0.117121 0.000029 0.000596 0.000003 0.000351 0.001883 0.115420 0.001713 0.000959 0.000656 0.005605 0.000927 0.003566 0.000278 0.000477 0.000663 0.000218 0.000058 0.323085 0.000038 0.001715 0.000191 0.001332
0.697382 0.000050 0.000002 0.000105 0.000003 0.000003 0.000135 0.000031 0.000033 0.010599 0.000000 0.000489 0.000000 0.000003 0.000177 0.012922 0.000345 0.000012 0.000042 0.000488 0.000074 0.000052 0.000118 0.000076 0.000012 0.000032 0.000003 0.276539 0.000001 0.000204 0.000005 0.000063
0.718461 0.000326 0.000116 0.000835 0.000071 0.000070 0.000474 0.000114 0.000162 0.033775 0.000017 0.000303 0.000005 0.000212 0.004733 0.004506 0.001101 0.000110 0.000226 0.002866 0.000496 0.000525 0.000156 0.000582 0.000633 0.000100 0.000017 0.227251 0.000015 0.001265 0.000094 0.000382
0.689000 0.001018 0.000111 0.002696 0.000166 0.000136 0.005896 0.000658 0.001353 0.079373 0.000135 0.002924 0.000041 0.000874 0.005334 0.011953 0.003183 0.001448 0.001201 0.047912 0.004987 0.009802 0.001591 0.002345 0.001789 0.001100 0.000158 0.107140 0.000127 0.010368 0.001986 0.003193
