0.096873 0.000048 0.000002 0.898833 0.000024 0.001925 0.000045 0.000013 0.000031 0.000029 0.000083 0.000010 0.000406 0.000016 0.000023 0.000023 0.000049 0.000125 0.000030 0.000046 0.000052 0.000202 0.000036 0.000036 0.000034 0.000155 0.000193 0.000099 0.000015 0.000067 0.000312 0.000166
0.107321 0.000004 0.000002 0.892055 0.000024 0.000280 0.000004 0.000001 0.000001 0.000004 0.000005 0.000001 0.000035 0.000005 0.000009 0.000003 0.000026 0.000013 0.000009 0.000009 0.000036 0.000039 0.000002 0.000004 0.000006 0.000009 0.000002 0.000011 0.000001 0.000031 0.000034 0.000015
0.297979 0.000012 0.000003 0.700008 0.000060 0.000700 0.000011 0.000005 0.000051 0.000027 0.000012 0.000004 0.000423 0.000006 0.000016 0.000011 0.000031 0.000039 0.000040 0.000058 0.000019 0.000152 0.000009 0.000041 0.000012 0.000008 0.000011 0.000094 0.000002 0.000044 0.000018 0.000095
0.342125 0.000000 0.000000 0.656638 0.000000 0.001230 0.000000 0.000000 0.000000 0.000000 0.000000 0.000000 0.000004 0.000000 0.000000 0.000000 0.000000 0.000000 0.000000 0.000000 0.000000 0.000000 0.000000 0.000001 0.000000 0.000000 0.000000 0.000000 0.000000 0.000000 0.000000 0.000000
0.450870 0.000002 0.000002 0.525122 0.000013 0.023486 0.000001 0.000001 0.000005 0.000005 0.000003 0.000001 0.000269 0.000002 0.000018 0.000001 0.000007 0.000003 0.000001 0.000043 0.000003 0.000034 0.000001 0.000043 0.000002 0.000001 0.000002 0.000025 0.000000 0.000007 0.000006 0.000022
0.461467 0.000055 0.000004 0.468284 0.000077 0.065232 0.000012 0.000008 0.000070 0.000021 0.000042 0.000005 0.003984 0.000008 0.000022 0.000007 0.000021 0.000031 0.000013 0.000065 0.000015 0.000084 0.000020 0.000063 0.000022 0.000029 0.000070 0.000090 0.000005 0.000023 0.000039 0.000111
0.608548 0.000016 0.000001 0.389836 0.000062 0.000411 0.000009 0.000005 0.000036 0.000053 0.000015 0.000005 0.000051 0.000005 0.000040 0.000015 0.000042 0.000020 0.000016 0.000133 0.000034 0.000213 0.000011 0.000036 0.000011 0.000007 0.000010 0.000214 0.000002 0.000054 0.000027 0.000064
0.669200 0.000018 0.000004 0.329533 0.000007 0.000228 0.000008 0.000003 0.000019 0.000020 0.000015 0.000002 0.000272 0.000010 0.000017 0.000008 0.000091 0.000021 0.000015 0.000064 0.000056 0.000140 0.000005 0.000015 0.000016 0.000008 0.000013 0.000042 0.000002 0.000069 0.000026 0.000052
0.657540 0.000019 0.000063 0.317101 0.000902 0.019286 0.000025 0.000030 0.000096 0.000069 0.000099 0.000014 0.001789 0.000028 0.000169 0.000014 0.000086 0.000049 0.000038 0.000797 0.000059 0.000634 0.000043 0.000190 0.000043 0.000036 0.000073 0.000183 0.000022 0.000121 0.000120 0.000261
0.673580 0.000021 0.000022 0.305217 0.000181 0.018303 0.000016 0.000016 0.000114 0.000050 0.000044 0.000011 0.000971 0.000018 0.000107 0.000008 0.000056 0.000022 0.000022 0.000358 0.000026 0.000248 0.000018 0.000185 0.000021 0.000012 0.000025 0.000150 0.000009 0.000054 0.000029 0.000085
0.695643 0.000000 0.000001 0.299622 0.000001 0.004431 0.000000 0.000000 0.000001 0.000002 0.000001 0.000000 0.000063 0.000000 0.000030 0.000000 0.000005 0.000001 0.000000 0.000095 0.000002 0.000042 0.000000 0.000022 0.000001 0.000000 0.000001 0.000015 0.000000 0.000006 0.000003 0.000012
0.686548 0.000931 0.000032 0.282525 0.000124 0.008501 0.000037 0.000038 0.000318 0.000115 0.000449 0.000027 0.017192 0.000112 0.000096 0.000030 0.000138 0.000104 0.000250 0.000307 0.000216 0.000452 0.000045 0.000081 0.000274 0.000094 0.000168 0.000169 0.000036 0.000249 0.000184 0.000159
0.706916 0.000166 0.000061 0.260130 0.000967 0.001127 0.000136 0.000084 0.000239 0.001127 0.000249 0.000133 0.000463 0.000184 0.001236 0.000214 0.002881 0.000277 0.000269 0.002906 0.001939 0.004026 0.000144 0.000669 0.000480 0.000254 0.000299 0.007992 0.000048 0.001769 0.001293 0.001322
0.720040 0.000649 0.000115 0.247169 0.001464 0.007573 0.000310 0.000152 0.001171 0.000826 0.000627 0.000252 0.008206 0.000330 0.000453 0.000161 0.000981 0.000477 0.000353 0.001080 0.000456 0.001127 0.000189 0.001174 0.000337 0.000478 0.000361 0.000951 0.000152 0.000825 0.000678 0.000880
0.735149 0.000045 0.000141 0.238422 0.001005 0.014667 0.000083 0.000081 0.000267 0.000267 0.000130 0.000040 0.001948 0.000061 0.000496 0.000051 0.000312 0.000138 0.000139 0.002021 0.000203 0.001514 0.000146 0.000481 0.000113 0.000098 0.000201 0.000627 0.000059 0.000397 0.000231 0.000468
0.787611 0.000000 0.000000 0.211494 0.000004 0.000848 0.000000 0.000000 0.000000 0.000000 0.000000 0.000000 0.000018 0.000000 0.000002 0.000000 0.000000 0.000000 0.000000 0.000010 0.000000 0.000005 0.000000 0.000002 0.000000 0.000000 0.000000 0.000002 0.000000 0.000001 0.000000 0.000001
0.785253 0.000000 0.000000 0.210803 0.000002 0.003876 0.000000 0.000000 0.000001 0.000001 0.000000 0.000000 0.000021 0.000000 0.000004 0.000000 0.000001 0.000000 0.000000 0.000008 0.000000 0.000007 0.000000 0.000013 0.000000 0.000000 0.000000 0.000004 0.000000 0.000001 0.000000 0.000002
0.781099 0.000773 0.000014 0.208970 0.000424 0.000591 0.000375 0.000106 0.000937 0.000667 0.000175 0.000169 0.000201 0.000080 0.000153 0.000400 0.000573 0.000383 0.000270 0.000397 0.000290 0.000570 0.000131 0.000237 0.000071 0.000232 0.000106 0.000613 0.000034 0.000324 0.000285 0.000348
0.790477 0.000001 0.000003 0.205826 0.000035 0.002786 0.000001 0.000002 0.000007 0.000008 0.000004 0.000001 0.000203 0.000002 0.000049 0.000001 0.000012 0.000002 0.000003 0.000190 0.000008 0.000221 0.000001 0.000031 0.000003 0.000002 0.000007 0.000044 0.000001 0.000024 0.000011 0.000035
0.782708 0.000004 0.000023 0.204102 0.000319 0.009974 0.000009 0.000011 0.000044 0.000041 0.000048 0.000005 0.000696 0.000008 0.000095 0.000005 0.000051 0.000023 0.000019 0.000791 0.000033 0.000405 0.000014 0.000091 0.000021 0.000014 0.000042 0.000115 0.000007 0.000085 0.000039 0.000156
0.785559 0.000018 0.000021 0.199101 0.000177 0.010364 0.000018 0.000025 0.000079 0.000130 0.000048 0.000014 0.000700 0.000019 0.000253 0.000019 0.000094 0.000027 0.000033 0.000825 0.000070 0.001117 0.000025 0.000235 0.000028 0.000024 0.000071 0.000377 0.000014 0.000165 0.000092 0.000257
0.605918 0.001684 0.000186 0.189713 0.000924 0.158815 0.000373 0.000118 0.000232 0.000215 0.001597 0.000062 0.005537 0.000483 0.000098 0.000142 0.000701 0.002734 0.000666 0.000329 0.000560 0.002959 0.000105 0.000335 0.001469 0.002022 0.002896 0.000896 0.000229 0.000680 0.016706 0.000614
0.812299 0.000000 0.000000 0.183051 0.000004 0.004574 0.000000 0.000000 0.000002 0.000001 0.000001 0.000000 0.000037 0.000000 0.000002 0.000000 0.000001 0.000000 0.000000 0.000008 0.000000 0.000004 0.000000 0.000007 0.000000 0.000000 0.000000 0.000004 0.000000 0.000001 0.000000 0.000002
0.829975 0.000004 0.000001 0.163520 0.000032 0.005797 0.000003 0.000002 0.000019 0.000007 0.000016 0.000001 0.000409 0.000002 0.000007 0.000001 0.000008 0.000007 0.000002 0.000053 0.000003 0.000025 0.000013 0.000024 0.000003 0.000002 0.000008 0.000026 0.000002 0.000008 0.000005 0.000016
0.835171 0.000013 0.000018 0.157085 0.000501 0.004266 0.000015 0.000017 0.000282 0.000193 0.000019 0.000017 0.000656 0.000010 0.000117 0.000019 0.000071 0.000017 0.000105 0.000305 0.000019 0.000188 0.000057 0.000399 0.000017 0.000009 0.000020 0.000143 0.000005 0.000061 0.000013 0.000173
0.837229 0.000018 0.000012 0.151752 0.000336 0.008660 0.000008 0.000010 0.000081 0.000025 0.000099 0.000010 0.000970 0.000008 0.000059 0.000005 0.000052 0.000009 0.000006 0.000182 0.000018 0.000066 0.000043 0.000145 0.000012 0.000006 0.000036 0.000059 0.000006 0.000033 0.000018 0.000028
0.564361 0.007744 0.000327 0.151046 0.000421 0.144981 0.000261 0.000250 0.001520 0.000533 0.003834 0.000185 0.111401 0.000840 0.000442 0.000267 0.000474 0.000567 0.000814 0.001283 0.000760 0.001112 0.000336 0.000489 0.001382 0.000305 0.000740 0.000661 0.000466 0.000683 0.000821 0.000693
0.757250 0.000861 0.000868 0.148437 0.008699 0.025961 0.000507 0.000675 0.006912 0.001894 0.003683 0.000640 0.004104 0.000618 0.002377 0.000337 0.001779 0.000525 0.000569 0.004117 0.000491 0.004613 0.000794 0.012871 0.000517 0.000508 0.001204 0.002078 0.000390 0.001911 0.001451 0.002360
0.797345 0.000063 0.000276 0.141604 0.001912 0.024350 0.000156 0.000190 0.000605 0.000718 0.001093 0.000082 0.004019 0.000145 0.001145 0.000092 0.000633 0.000417 0.000335 0.009606 0.000590 0.006709 0.000184 0.000778 0.000466 0.000236 0.000773 0.001233 0.000133 0.001204 0.000638 0.002271
0.862440 0.000000 0.000000 0.136509 0.000004 0.000963 0.000000 0.000000 0.000002 0.000002 0.000000 0.000000 0.000022 0.000000 0.000003 0.000000 0.000001 0.000000 0.000000 0.000014 0.000000 0.000013 0.000000 0.000014 0.000000 0.000000 0.000000 0.000006 0.000000 0.000001 0.000000 0.000003
0.864508 0.000008 0.000002 0.127705 0.000049 0.007045 0.000002 0.000005 0.000060 0.000024 0.000012 0.000003 0.000253 0.000002 0.000015 0.000002 0.000013 0.000003 0.000005 0.000057 0.000003 0.000046 0.000009 0.000079 0.000002 0.000002 0.000005 0.000046 0.000001 0.000009 0.000003 0.000023
0.645645 0.006080 0.000997 0.125451 0.020450 0.018572 0.004959 0.002392 0.009920 0.018731 0.003668 0.002418 0.005622 0.001909 0.005680 0.001623 0.003472 0.001759 0.004199 0.012103 0.001492 0.010319 0.025839 0.013317 0.002532 0.003591 0.002080 0.023861 0.002789 0.005971 0.005535 0.007026
0.833873 0.000100 0.000040 0.121908 0.000624 0.033439 0.000029 0.000056 0.000528 0.000145 0.000711 0.000024 0.005923 0.000030 0.000107 0.000026 0.000063 0.000081 0.000078 0.000412 0.000038 0.000402 0.000178 0.000273 0.000049 0.000029 0.000172 0.000189 0.000042 0.000071 0.000074 0.000284
0.859310 0.000277 0.000032 0.115248 0.000358 0.005112 0.000173 0.000126 0.000307 0.000880 0.000856 0.000099 0.001183 0.000116 0.001186 0.000193 0.000645 0.000169 0.000314 0.003270 0.001075 0.002854 0.000199 0.000640 0.000267 0.000219 0.000706 0.001271 0.000115 0.001591 0.000477 0.000731
0.820538 0.000469 0.000549 0.114792 0.005200 0.011639 0.000321 0.000399 0.004541 0.001204 0.003925 0.000721 0.002210 0.000229 0.001548 0.000302 0.001495 0.000210 0.000345 0.003987 0.000571 0.001986 0.000304 0.013157 0.000342 0.000308 0.002321 0.002101 0.000184 0.001417 0.001034 0.001651
0.883470 0.000020 0.000000 0.114062 0.000050 0.000299 0.000010 0.000005 0.000008 0.000089 0.000140 0.000007 0.000029 0.000004 0.000098 0.000006 0.000102 0.000013 0.000007 0.000533 0.000249 0.000209 0.000008 0.000030 0.000007 0.000021 0.000016 0.000104 0.000004 0.000249 0.000109 0.000040
0.885625 0.000000 0.000000 0.111564 0.000000 0.002799 0.000000 0.000000 0.000000 0.000000 0.000000 0.000000 0.000003 0.000000 0.000002 0.000000 0.000000 0.000000 0.000000 0.000002 0.000000 0.000001 0.000000 0.000001 0.000000 0.000000 0.000000 0.000002 0.000000 0.000000 0.000000 0.000000
0.765339 0.000663 0.000729 0.110265 0.009179 0.042103 0.000582 0.000537 0.004667 0.002572 0.001766 0.000277 0.020001 0.000733 0.002117 0.000324 0.002528 0.000877 0.002460 0.004926 0.001458 0.009920 0.000598 0.002530 0.001391 0.000840 0.001085 0.001981 0.000531 0.003026 0.001870 0.002125
0.044322 0.000369 0.000125 0.007747 0.000065 0.679237 0.000017 0.000011 0.000182 0.000019 0.000497 0.000008 0.266596 0.000152 0.000007 0.000012 0.000013 0.000088 0.000059 0.000017 0.000015 0.000038 0.000011 0.000032 0.000124 0.000023 0.000053 0.000040 0.000024 0.000013 0.000032 0.000052
0.518642 0.001521 0.000087 0.054319 0.000078 0.264334 0.000044 0.000031 0.000412 0.000103 0.001350 0.000026 0.155427 0.000230 0.000098 0.000049 0.000090 0.000081 0.000165 0.000589 0.000132 0.000342 0.000047 0.000090 0.000605 0.000047 0.000229 0.000280 0.000055 0.000117 0.000179 0.000198
0.741167 0.000097 0.000009 0.027532 0.000045 0.218408 0.000004 0.000005 0.000110 0.000008 0.000351 0.000002 0.012048 0.000006 0.000004 0.000002 0.000004 0.000022 0.000008 0.000013 0.000003 0.000016 0.000010 0.000020 0.000010 0.000007 0.000023 0.000016 0.000003 0.000003 0.000014 0.000030
0.605918 0.001684 0.000186 0.189713 0.000924 0.158815 0.000373 0.000118 0.000232 0.000215 0.001597 0.000062 0.005537 0.000483 0.000098 0.000142 0.000701 0.002734 0.000666 0.000329 0.000560 0.002959 0.000105 0.000335 0.001469 0.002022 0.002896 0.000896 0.000229 0.000680 0.016706 0.000614
0.747131 0.000555 0.001406 0.025053 0.003020 0.129480 0.000576 0.000592 0.000647 0.004421 0.010342 0.000354 0.003608 0.001136 0.002121 0.000258 0.002221 0.002088 0.000782 0.021267 0.001744 0.015192 0.000613 0.001714 0.001254 0.000584 0.000884 0.004846 0.001702 0.003767 0.008848 0.001796
0.395849 0.000199 0.000014 0.441660 0.000088 0.128738 0.000031 0.000022 0.000203 0.000047 0.000184 0.000015 0.030922 0.000050 0.000039 0.000017 0.000055 0.000130 0.000039 0.000143 0.000038 0.000284 0.000045 0.000114 0.000106 0.000095 0.000283 0.000143 0.000018 0.000052 0.000151 0.000227
0.793645 0.003876 0.000139 0.042465 0.000431 0.116602 0.000377 0.000200 0.000511 0.000500 0.004888 0.000074 0.004950 0.000651 0.000122 0.000199 0.000284 0.003153 0.001165 0.000846 0.000414 0.005158 0.000098 0.000256 0.003141 0.000690 0.003015 0.000564 0.000277 0.000491 0.009897 0.000918
0.818328 0.000277 0.000399 0.040227 0.001506 0.115069 0.000065 0.000132 0.001518 0.000281 0.002629 0.000064 0.014759 0.000117 0.000217 0.000049 0.000139 0.000153 0.000110 0.000525 0.000064 0.000651 0.000123 0.000705 0.000145 0.000095 0.000387 0.000377 0.000085 0.000112 0.000203 0.000492
0.030902 0.001471 0.000329 0.008235 0.000109 0.212934 0.000037 0.000029 0.000334 0.000040 0.000971 0.000017 0.741910 0.000683 0.000017 0.000027 0.000039 0.000271 0.000189 0.000038 0.000045 0.000126 0.000023 0.000078 0.000487 0.000070 0.000162 0.000088 0.000064 0.000037 0.000121 0.000119
0.471660 0.002764 0.000113 0.055518 0.000103 0.254660 0.000062 0.000042 0.000526 0.000111 0.002104 0.000033 0.208285 0.000359 0.000095 0.000061 0.000113 0.000125 0.000218 0.000441 0.000151 0.000289 0.000060 0.000105 0.000698 0.000072 0.000308 0.000229 0.000091 0.000127 0.000280 0.000199
0.360342 0.001833 0.003401 0.011552 0.028703 0.020794 0.003349 0.001432 0.001499 0.037456 0.015833 0.001359 0.005370 0.005186 0.026050 0.000929 0.007118 0.004895 0.004419 0.173758 0.018897 0.122318 0.002604 0.008025 0.004357 0.006285 0.003113 0.014211 0.016736 0.032021 0.049202 0.006952
0.652003 0.000671 0.000520 0.008000 0.002111 0.012564 0.001360 0.000689 0.000928 0.014090 0.007197 0.000808 0.001394 0.001030 0.003855 0.000316 0.002192 0.002766 0.000826 0.146410 0.003564 0.086918 0.001203 0.004398 0.001297 0.000831 0.000884 0.010373 0.002131 0.009022 0.016098 0.003550
0.571211 0.001300 0.016123 0.009527 0.028402 0.013968 0.003950 0.002105 0.003073 0.014320 0.016989 0.003164 0.001630 0.003260 0.021065 0.000705 0.007522 0.003597 0.001914 0.116416 0.010568 0.065942 0.002755 0.003994 0.002867 0.004138 0.001928 0.008898 0.008670 0.015086 0.032383 0.002530
0.532368 0.004773 0.003116 0.016003 0.011853 0.028705 0.008437 0.002722 0.007828 0.019894 0.018398 0.003935 0.005264 0.004690 0.007024 0.001633 0.005488 0.008022 0.003534 0.105776 0.008978 0.055289 0.005413 0.014338 0.005849 0.007937 0.004536 0.022995 0.007590 0.012777 0.046876 0.007958
0.478360 0.001981 0.000362 0.025816 0.001739 0.006363 0.002570 0.001698 0.001191 0.016561 0.002069 0.001533 0.001111 0.002371 0.004023 0.008010 0.029513 0.019677 0.016513 0.020204 0.031520 0.152628 0.003263 0.016221 0.002041 0.003366 0.009280 0.023394 0.003454 0.075814 0.012994 0.024362
0.360342 0.001833 0.003401 0.011552 0.028703 0.020794 0.003349 0.001432 0.001499 0.037456 0.015833 0.001359 0.005370 0.005186 0.026050 0.000929 0.007118 0.004895 0.004419 0.173758 0.018897 0.122318 0.002604 0.008025 0.004357 0.006285 0.003113 0.014211 0.016736 0.032021 0.049202 0.006952
0.519711 0.002224 0.004477 0.021826 0.024108 0.046571 0.004674 0.002503 0.002866 0.012787 0.035926 0.001880 0.004990 0.004911 0.016809 0.000936 0.005590 0.003664 0.002622 0.072290 0.006719 0.120257 0.001559 0.007507 0.003521 0.004314 0.001764 0.009756 0.007040 0.016516 0.025572 0.004112
0.302036 0.000810 0.000184 0.002955 0.000319 0.003924 0.000399 0.000115 0.000072 0.001800 0.001322 0.000049 0.000117 0.001371 0.001038 0.000197 0.004074 0.002834 0.000809 0.003796 0.005497 0.032448 0.000038 0.001251 0.003463 0.003709 0.002603 0.003074 0.000385 0.007220 0.611068 0.001023
0.345586 0.002072 0.000882 0.005535 0.000997 0.001682 0.001060 0.000168 0.000161 0.000898 0.002067 0.000127 0.000091 0.002581 0.003263 0.000142 0.005785 0.001795 0.000449 0.001479 0.003362 0.006398 0.000054 0.000668 0.004234 0.007951 0.002293 0.002010 0.000352 0.002972 0.592529 0.000358
0.668024 0.000941 0.000092 0.006224 0.000106 0.010773 0.000757 0.000333 0.000159 0.001676 0.000782 0.000237 0.000375 0.000661 0.000881 0.000553 0.006458 0.004793 0.003593 0.006962 0.009773 0.039860 0.000103 0.000795 0.002780 0.005973 0.009245 0.005789 0.000386 0.009889 0.198351 0.002676
0.651998 0.006134 0.005412 0.021861 0.013728 0.003394 0.005848 0.001403 0.003033 0.008626 0.007616 0.001746 0.000659 0.006710 0.014291 0.000923 0.010744 0.006624 0.001448 0.008804 0.005330 0.011002 0.001418 0.002515 0.008005 0.014332 0.005418 0.015570 0.002239 0.006476 0.143931 0.002761
