cabinet 379 56 384 66 0.113651 0.545460
chair 30 82 58 161 0.122032 0.609728
table 0 141 503 448 0.497923 0.366009
table 2 93 49 168 0.340057 0.165726
table 624 136 725 330 0.274875 0.186748
door 349 1 387 92 0.292707 0.472152
door 380 56 383 66 0.171819 0.545460
counter 356 190 375 209 0.198909 0.734931
counter 100 236 102 240 0.152949 0.716984
counter 0 161 469 406 0.146961 0.296422
counter 495 162 500 163 0.100257 0.527365
pillow 708 121 724 128 0.169834 0.415044
pillow 701 129 707 137 0.139481 0.612246
fridge 624 101 717 317 0.11792 0.205630
paper 4 188 24 194 0.551437 0.304478
paper 1 179 34 189 0.423096 0.424367
paper 1 182 8 189 0.420583 0.433818
paper 11 191 16 194 0.406911 0.456927
paper 3 180 45 249 0.295059 0.537472
paper 39 0 66 57 0.286627 0.543641
paper 71 11 82 21 0.271065 0.579369
paper 79 117 196 148 0.24953 0.655972
paper 26 188 31 190 0.246643 0.650218
paper 346 109 436 120 0.228621 0.729893
paper 63 11 74 21 0.218581 0.689541
paper 155 192 163 204 0.213548 0.673507
paper 111 132 121 135 0.203011 0.735770
paper 25 184 48 192 0.199332 0.722803
paper 152 188 165 192 0.17681 0.788372
paper 345 109 394 114 0.170144 0.813463
paper 164 200 175 209 0.153977 0.745375
paper 32 178 45 184 0.143485 0.758039
paper 149 193 153 198 0.139238 0.698812
paper 400 120 425 133 0.13832 0.696121
paper 379 164 386 167 0.135399 0.833210
paper 399 120 406 126 0.133194 0.743589
paper 353 110 360 114 0.130108 0.853350
paper 727 331 729 335 0.125451 0.174924
paper 140 186 146 196 0.118606 0.809041
paper 134 173 192 203 0.114076 0.861262
paper 117 122 146 136 0.111992 0.862575
paper 714 319 729 331 0.111483 0.303728
paper 291 343 305 349 0.110192 0.803789
paper 358 94 365 106 0.109792 0.859731
paper 712 130 729 139 0.108584 0.206368
paper 1 317 7 328 0.108095 0.452719
paper 343 92 363 110 0.108027 0.870705
paper 389 113 397 122 0.104684 0.788010
paper 241 97 270 111 0.104587 0.764136
paper 1 313 3 316 0.101357 0.441905
paper 3 165 60 182 0.10131 0.704400
paper 472 526 552 529 0.101015 0.224768
paper 260 88 283 97 0.100783 0.450082
box 77 151 80 157 0.690602 0.302864
box 67 133 89 157 0.663407 0.330309
box 77 136 136 175 0.520298 0.469366
box 438 80 451 102 0.312436 0.477191
box 75 128 79 142 0.304407 0.663830
box 112 170 127 175 0.266387 0.652591
box 67 129 75 145 0.254075 0.708991
box 435 79 437 89 0.226475 0.666506
box 61 157 80 174 0.224528 0.759505
box 144 195 159 214 0.223299 0.505305
box 4 104 57 177 0.206041 0.264068
box 99 171 106 184 0.192052 0.749358
box 113 175 117 184 0.190839 0.741714
box 46 157 107 189 0.184028 0.786270
box 110 137 110 142 0.152748 0.801841
box 65 125 73 133 0.140291 0.822253
box 1 93 5 100 0.132286 0.725983
box 1 176 45 249 0.131649 0.537472
box 80 173 90 181 0.126121 0.783440
box 218 194 224 199 0.125454 0.812692
box 419 73 551 136 0.120442 0.264836
box 11 190 16 194 0.119876 0.456927
box 77 117 133 148 0.118323 0.679853
box 223 192 227 199 0.116503 0.827827
box 219 182 223 195 0.114405 0.759705
box 3 187 24 194 0.11332 0.304478
box 726 331 729 335 0.106828 0.174924
box 1 178 33 189 0.101625 0.424367
whiteboard 148 2 330 91 0.697822 0.221556
whiteboard 53 2 157 118 0.260825 0.633938
whiteboard 4 2 75 116 0.101345 0.758416
person 684 19 728 129 0.964082 0.034680
person 690 85 717 119 0.682145 0.316007
person 705 82 729 128 0.63665 0.335130
person 725 95 729 116 0.505122 0.302871
person 710 97 717 107 0.499727 0.472006
person 699 86 720 97 0.477042 0.522406
person 720 38 729 49 0.422257 0.569947
person 714 37 718 45 0.403377 0.595975
person 706 41 717 49 0.380052 0.617697
person 714 56 729 83 0.342027 0.655774
person 722 48 729 60 0.32913 0.666490
person 715 73 723 90 0.260719 0.739231
person 700 43 722 90 0.236953 0.762914
person 707 29 728 63 0.225143 0.766225
person 717 48 722 58 0.206439 0.793378
person 709 47 718 63 0.197206 0.802108
person 727 30 729 39 0.182292 0.798023
person 694 43 709 59 0.18142 0.808294
person 640 29 725 311 0.157768 0.511966
person 702 64 716 86 0.133365 0.866594
sink 29 139 427 404 0.243081 0.323841
lamp 630 119 727 237 0.31968 0.085387
lamp 701 238 729 310 0.160739 0.419409
bathtub 418 77 557 137 0.131053 0.264836
bathtub 31 149 466 403 0.127821 0.372701
garbage_bin 476 162 489 173 0.246875 0.618706
garbage_bin 486 246 496 249 0.207896 0.682046
garbage_bin 475 159 480 166 0.188964 0.756449
garbage_bin 1 351 17 374 0.163169 0.733889
garbage_bin 496 162 499 164 0.158372 0.527365
garbage_bin 490 204 491 206 0.136374 0.801018
