0.358315 0.012522 0.002018 0.413020 0.010478 0.032524 0.008660 0.001458 0.001491 0.002810 0.003803 0.001230 0.001947 0.005938 0.001467 0.004057 0.002396 0.026089 0.006699 0.002944 0.003606 0.012823 0.015118 0.002003 0.001368 0.026635 0.003014 0.011179 0.008701 0.002688 0.009960 0.003037
0.562094 0.000460 0.000303 0.226378 0.111703 0.017237 0.000298 0.000332 0.000385 0.001716 0.005839 0.000144 0.000344 0.000329 0.003193 0.000447 0.001073 0.001358 0.003216 0.006870 0.002335 0.020814 0.000354 0.000711 0.002178 0.001103 0.008463 0.001294 0.000890 0.002447 0.011960 0.003732
0.783806 0.000041 0.000006 0.189027 0.000631 0.022338 0.000010 0.000008 0.000180 0.000033 0.000917 0.000006 0.001095 0.000006 0.000009 0.000010 0.000012 0.000100 0.000034 0.000228 0.000017 0.000313 0.000076 0.000019 0.000031 0.000085 0.000591 0.000090 0.000017 0.000020 0.000075 0.000171
0.269298 0.001361 0.000128 0.126132 0.000075 0.493782 0.000068 0.000066 0.000503 0.000122 0.002510 0.000019 0.083040 0.000259 0.000051 0.000054 0.000087 0.001680 0.000307 0.000980 0.000685 0.010328 0.000051 0.000071 0.001140 0.000474 0.003252 0.000567 0.000192 0.000379 0.001961 0.000379
0.776351 0.000028 0.000201 0.105606 0.009157 0.001669 0.000070 0.000060 0.000217 0.000636 0.000263 0.000053 0.000449 0.000134 0.001850 0.000054 0.000953 0.000780 0.000715 0.012493 0.000866 0.074950 0.000171 0.000423 0.000520 0.000245 0.001327 0.002126 0.000120 0.001504 0.000850 0.005158
0.562094 0.000460 0.000303 0.226378 0.111703 0.017237 0.000298 0.000332 0.000385 0.001716 0.005839 0.000144 0.000344 0.000329 0.003193 0.000447 0.001073 0.001358 0.003216 0.006870 0.002335 0.020814 0.000354 0.000711 0.002178 0.001103 0.008463 0.001294 0.000890 0.002447 0.011960 0.003732
0.599127 0.001981 0.002233 0.004174 0.101079 0.003045 0.001313 0.001657 0.014688 0.003843 0.136387 0.001390 0.003115 0.001018 0.005214 0.000452 0.010707 0.001033 0.001225 0.022913 0.004555 0.011939 0.001741 0.005120 0.003403 0.002752 0.016238 0.002717 0.002387 0.005889 0.023876 0.002788
0.004301 0.000037 0.000009 0.000043 0.000002 0.986284 0.000000 0.000000 0.000008 0.000001 0.000408 0.000000 0.008849 0.000003 0.000000 0.000000 0.000000 0.000007 0.000001 0.000002 0.000001 0.000007 0.000001 0.000000 0.000003 0.000002 0.000020 0.000001 0.000005 0.000000 0.000003 0.000001
0.623866 0.000059 0.000015 0.184589 0.000161 0.166542 0.000013 0.000011 0.000357 0.000045 0.001127 0.000005 0.019690 0.000021 0.000008 0.000007 0.000020 0.000266 0.000060 0.000390 0.000042 0.001456 0.000033 0.000027 0.000106 0.000085 0.000440 0.000080 0.000027 0.000050 0.000196 0.000206
0.613847 0.000330 0.000031 0.045362 0.000196 0.156002 0.000062 0.000042 0.000200 0.000299 0.001568 0.000025 0.173448 0.000295 0.000063 0.000039 0.000104 0.001053 0.000480 0.000823 0.000126 0.002522 0.000248 0.000101 0.000451 0.000108 0.000227 0.000411 0.000181 0.000286 0.000791 0.000279
0.568640 0.048039 0.000339 0.001893 0.000862 0.000123 0.125820 0.002161 0.029251 0.013456 0.000722 0.005263 0.000463 0.007587 0.000846 0.004629 0.001832 0.064511 0.000967 0.023485 0.003089 0.020817 0.012034 0.000505 0.004339 0.029024 0.002435 0.009282 0.002045 0.002024 0.011433 0.002083
0.653550 0.006590 0.000412 0.007453 0.001872 0.000323 0.006515 0.001251 0.234123 0.007749 0.003631 0.001788 0.001880 0.002932 0.000416 0.001306 0.001207 0.007734 0.002597 0.012053 0.000786 0.018261 0.007137 0.000336 0.003160 0.003071 0.001705 0.002555 0.001306 0.001176 0.002718 0.002405
0.785005 0.001284 0.000476 0.000057 0.006720 0.000478 0.000485 0.000279 0.169311 0.001785 0.011446 0.000360 0.003042 0.000299 0.000040 0.000257 0.000191 0.001818 0.000947 0.001619 0.000088 0.001352 0.009492 0.000109 0.000170 0.000285 0.001108 0.000371 0.000409 0.000098 0.000327 0.000293
0.208043 0.000308 0.000004 0.000008 0.000043 0.000004 0.000151 0.000052 0.000783 0.781710 0.000095 0.000067 0.000001 0.000029 0.000357 0.000414 0.000178 0.000331 0.000020 0.002411 0.000134 0.002022 0.000015 0.001328 0.000009 0.000008 0.000007 0.000702 0.000030 0.000603 0.000013 0.000120
0.267692 0.000919 0.000030 0.000210 0.001944 0.000060 0.001074 0.000351 0.001780 0.605584 0.000136 0.000290 0.000009 0.000351 0.000678 0.011969 0.002527 0.004192 0.000814 0.001762 0.000470 0.002643 0.000200 0.083281 0.000115 0.000080 0.000022 0.003787 0.000102 0.004945 0.000168 0.001817
0.349812 0.000163 0.000023 0.000190 0.000111 0.000076 0.000300 0.000222 0.002830 0.551475 0.000233 0.000086 0.000018 0.000112 0.001439 0.000810 0.000563 0.002886 0.000517 0.034979 0.000971 0.043467 0.000086 0.001349 0.000163 0.000077 0.000069 0.002069 0.000090 0.003116 0.000223 0.001476
0.486989 0.000001 0.000000 0.000001 0.000003 0.000000 0.000004 0.000001 0.000030 0.504158 0.000001 0.000001 0.000000 0.000002 0.000363 0.000013 0.000053 0.000031 0.000001 0.007375 0.000080 0.000534 0.000000 0.000013 0.000003 0.000000 0.000000 0.000015 0.000001 0.000315 0.000001 0.000013
0.308899 0.000603 0.000072 0.000033 0.002899 0.000010 0.001683 0.000293 0.001615 0.467671 0.000296 0.000757 0.000003 0.000371 0.002603 0.017553 0.005926 0.001700 0.000264 0.002575 0.001510 0.002820 0.000287 0.159233 0.000142 0.000110 0.000036 0.005473 0.000116 0.012695 0.000200 0.001551
0.359545 0.000917 0.000111 0.001095 0.001423 0.000347 0.001520 0.001916 0.008986 0.395425 0.006410 0.001379 0.000055 0.000331 0.002553 0.007219 0.003547 0.002982 0.002269 0.048636 0.008133 0.105862 0.001312 0.007213 0.000273 0.000396 0.002498 0.011717 0.001271 0.007631 0.001361 0.005666
0.602962 0.000735 0.000012 0.000049 0.000036 0.000030 0.000133 0.000079 0.001626 0.372504 0.000533 0.000066 0.000001 0.000085 0.000860 0.000331 0.000319 0.000915 0.000015 0.010502 0.000447 0.005694 0.000010 0.000256 0.000021 0.000022 0.000102 0.000577 0.000085 0.000694 0.000052 0.000246
0.538815 0.000044 0.000008 0.000293 0.000030 0.000056 0.000162 0.000081 0.001690 0.367558 0.000079 0.000034 0.000017 0.000039 0.001106 0.000238 0.000291 0.001670 0.000158 0.059019 0.000783 0.022837 0.000044 0.000318 0.000136 0.000065 0.000029 0.001086 0.000049 0.002056 0.000118 0.001089
0.564464 0.000407 0.000079 0.000625 0.000429 0.000171 0.000720 0.000420 0.006837 0.324065 0.000556 0.000224 0.000043 0.000280 0.001601 0.001460 0.000980 0.002700 0.001096 0.037209 0.000890 0.043882 0.000316 0.002533 0.000240 0.000097 0.000122 0.002292 0.000112 0.002697 0.000418 0.002034
0.602999 0.007801 0.000089 0.000177 0.000574 0.000305 0.001791 0.000655 0.003920 0.316378 0.007635 0.001165 0.000011 0.000350 0.000541 0.011709 0.000673 0.003296 0.000412 0.003115 0.000453 0.004142 0.000567 0.026019 0.000068 0.000099 0.000237 0.002330 0.000731 0.000768 0.000122 0.000870
0.682479 0.000117 0.000011 0.000042 0.000193 0.000008 0.000093 0.000038 0.000227 0.302180 0.000117 0.000075 0.000001 0.000038 0.002290 0.000139 0.000981 0.000105 0.000009 0.003455 0.000628 0.002146 0.000011 0.000685 0.000012 0.000021 0.000011 0.001576 0.000028 0.002139 0.000036 0.000110
0.670997 0.000407 0.000014 0.000039 0.000066 0.000075 0.000207 0.000155 0.001672 0.299143 0.000250 0.000064 0.000012 0.000122 0.000526 0.000466 0.000497 0.002701 0.000094 0.012231 0.000523 0.005473 0.000015 0.000588 0.000105 0.000062 0.000067 0.001360 0.000128 0.001430 0.000161 0.000350
0.669753 0.001886 0.000050 0.000152 0.000242 0.000052 0.000261 0.000303 0.003150 0.288543 0.001671 0.000264 0.000010 0.000334 0.002281 0.000920 0.000913 0.001528 0.000071 0.010784 0.001404 0.006874 0.000056 0.002166 0.000105 0.000071 0.000404 0.002443 0.000486 0.002184 0.000152 0.000489
0.633593 0.002352 0.000852 0.000627 0.003702 0.000747 0.001093 0.000883 0.014959 0.273935 0.003737 0.000776 0.000307 0.001813 0.004577 0.000992 0.001962 0.005988 0.000481 0.007228 0.001530 0.012157 0.000264 0.011484 0.000514 0.000345 0.000457 0.004239 0.001314 0.005165 0.000609 0.001318
0.629485 0.000632 0.000028 0.000125 0.000864 0.000117 0.000429 0.000389 0.000684 0.270269 0.000427 0.000245 0.000015 0.000258 0.001735 0.003064 0.004795 0.001420 0.000326 0.003463 0.000711 0.002730 0.000102 0.059814 0.000170 0.000079 0.000061 0.008811 0.000161 0.007364 0.000267 0.000959
0.697124 0.000542 0.000109 0.000599 0.000702 0.000336 0.000416 0.000277 0.004356 0.257688 0.000851 0.000264 0.000126 0.000460 0.002554 0.000380 0.001499 0.002573 0.000115 0.006025 0.001234 0.007683 0.000083 0.004896 0.000193 0.000149 0.000152 0.002771 0.000334 0.004581 0.000270 0.000658
0.479285 0.000637 0.000337 0.002870 0.002222 0.001346 0.001161 0.001115 0.007027 0.221251 0.006559 0.001106 0.000220 0.000687 0.008180 0.001110 0.004795 0.004643 0.001700 0.083891 0.014893 0.107809 0.000688 0.004492 0.000844 0.000901 0.002446 0.011790 0.001901 0.016537 0.002714 0.004842
0.640615 0.000413 0.000079 0.003227 0.000289 0.000496 0.000741 0.000462 0.003358 0.219526 0.000340 0.000395 0.000317 0.000352 0.001401 0.001138 0.001042 0.004671 0.000756 0.060456 0.001558 0.039612 0.000947 0.004774 0.000369 0.000206 0.000127 0.004084 0.000221 0.004531 0.000433 0.003064
0.769278 0.000194 0.000023 0.000347 0.000168 0.000074 0.000104 0.000075 0.001550 0.214928 0.000337 0.000083 0.000024 0.000123 0.001177 0.000116 0.000649 0.000674 0.000016 0.002028 0.000342 0.001923 0.000023 0.002852 0.000031 0.000025 0.000030 0.000938 0.000073 0.001605 0.000045 0.000144
0.776564 0.000289 0.000010 0.000006 0.000228 0.000002 0.000148 0.000026 0.000509 0.214659 0.000084 0.000103 0.000000 0.000022 0.001065 0.000758 0.000458 0.000043 0.000011 0.000746 0.000107 0.000628 0.000019 0.001669 0.000006 0.000008 0.000002 0.001117 0.000011 0.000626 0.000011 0.000065
0.540545 0.000161 0.000068 0.001129 0.001384 0.000552 0.000680 0.000741 0.004378 0.207374 0.001124 0.000378 0.000075 0.000230 0.001713 0.001012 0.001244 0.009343 0.000878 0.130688 0.005986 0.068792 0.001224 0.001181 0.000364 0.000784 0.000827 0.003528 0.001091 0.008098 0.001571 0.002857
0.732146 0.000725 0.000397 0.000917 0.003494 0.000632 0.000561 0.000402 0.005935 0.180709 0.001907 0.000411 0.000218 0.000962 0.004874 0.000548 0.001727 0.001944 0.000380 0.004390 0.000969 0.011231 0.000236 0.032543 0.000311 0.000169 0.000160 0.002917 0.000702 0.006222 0.000432 0.000829
0.709310 0.001781 0.001174 0.002848 0.006287 0.001774 0.001377 0.000867 0.007964 0.168493 0.003616 0.001069 0.000520 0.002029 0.007600 0.001268 0.004607 0.004022 0.000620 0.005246 0.002493 0.012771 0.000517 0.028539 0.000622 0.000523 0.000455 0.007050 0.001137 0.010612 0.000963 0.001848
0.637443 0.013249 0.000101 0.000691 0.000252 0.000492 0.008513 0.001659 0.008684 0.166990 0.008556 0.001847 0.000016 0.000782 0.001184 0.028505 0.001644 0.008539 0.000951 0.039060 0.005072 0.042803 0.000396 0.001940 0.000357 0.000662 0.001819 0.003668 0.001042 0.003884 0.005969 0.003228
0.699885 0.000157 0.000014 0.000293 0.000047 0.000091 0.000192 0.000197 0.001453 0.155912 0.000458 0.000057 0.000017 0.000129 0.002546 0.000546 0.000916 0.000908 0.000288 0.043819 0.001944 0.078243 0.000045 0.000816 0.000185 0.000088 0.000149 0.001900 0.000084 0.006738 0.000924 0.000961
0.786807 0.001277 0.000036 0.000170 0.000043 0.000145 0.000192 0.000265 0.002646 0.148619 0.002193 0.000109 0.000027 0.000669 0.000823 0.000687 0.000582 0.002886 0.000087 0.016260 0.001224 0.026961 0.000030 0.001878 0.000145 0.000053 0.000395 0.001274 0.000429 0.001836 0.000206 0.001049
0.467421 0.004987 0.001322 0.030508 0.006286 0.001889 0.002496 0.001463 0.008127 0.147980 0.004132 0.001499 0.000580 0.005208 0.030979 0.006119 0.015927 0.003396 0.006847 0.046389 0.008863 0.106703 0.000813 0.022406 0.004224 0.001051 0.001202 0.008931 0.000730 0.033782 0.006547 0.011195
0.361848 0.007037 0.007309 0.003296 0.035568 0.005723 0.006244 0.004157 0.014454 0.147818 0.018344 0.004275 0.001336 0.011251 0.025290 0.004666 0.015798 0.006810 0.004717 0.054083 0.013094 0.041656 0.004246 0.089086 0.006640 0.004343 0.002684 0.034736 0.009935 0.036767 0.009088 0.007702
0.784238 0.000012 0.000013 0.000036 0.000021 0.000007 0.000072 0.000021 0.000260 0.146138 0.000016 0.000016 0.000001 0.000026 0.002001 0.000069 0.000312 0.000190 0.000029 0.058095 0.000545 0.004886 0.000010 0.000117 0.000065 0.000017 0.000003 0.000175 0.000015 0.002389 0.000054 0.000149
0.585089 0.006167 0.002763 0.001471 0.011542 0.003020 0.002802 0.002312 0.028384 0.143054 0.009987 0.001679 0.001714 0.009345 0.005623 0.002354 0.004719 0.013212 0.001992 0.039912 0.005110 0.040146 0.001698 0.028949 0.004743 0.002420 0.001615 0.014950 0.004696 0.010670 0.003036 0.004822
0.706855 0.001306 0.000270 0.000664 0.000540 0.000825 0.000879 0.000676 0.013849 0.139297 0.001962 0.000209 0.000600 0.002084 0.001968 0.000540 0.001174 0.015192 0.000537 0.056328 0.002181 0.038998 0.000109 0.000987 0.001402 0.000597 0.000467 0.001855 0.001097 0.003813 0.001289 0.001451
0.729232 0.000006 0.000014 0.000012 0.000007 0.000023 0.000019 0.000015 0.000409 0.129225 0.000039 0.000004 0.000008 0.000042 0.000889 0.000021 0.000177 0.000499 0.000024 0.126616 0.000695 0.010523 0.000005 0.000032 0.000124 0.000009 0.000015 0.000123 0.000020 0.000983 0.000053 0.000138
0.795333 0.000094 0.000020 0.000162 0.000037 0.000065 0.000116 0.000099 0.001409 0.124742 0.000258 0.000040 0.000019 0.000107 0.001459 0.000191 0.000462 0.001035 0.000131 0.029354 0.000835 0.038766 0.000024 0.000457 0.000137 0.000059 0.000079 0.000942 0.000078 0.002719 0.000255 0.000515
0.761859 0.001125 0.000055 0.000826 0.000602 0.000914 0.001595 0.000507 0.012284 0.122954 0.002292 0.000272 0.000038 0.000400 0.000401 0.003717 0.000596 0.013587 0.002135 0.023123 0.002031 0.038159 0.000363 0.000554 0.000296 0.000489 0.000465 0.001644 0.000248 0.002518 0.002252 0.001702
0.791714 0.000042 0.000004 0.000201 0.000014 0.000031 0.000089 0.000075 0.000597 0.120446 0.000131 0.000019 0.000006 0.000043 0.001451 0.000231 0.000515 0.000588 0.000113 0.032308 0.001286 0.042975 0.000018 0.000239 0.000069 0.000040 0.000050 0.001103 0.000031 0.004557 0.000447 0.000565
0.846728 0.000735 0.000064 0.000080 0.000783 0.000054 0.000226 0.000253 0.003664 0.114174 0.001556 0.000158 0.000021 0.000305 0.001370 0.000428 0.000548 0.000746 0.000092 0.006662 0.000740 0.008823 0.000087 0.007829 0.000128 0.000060 0.000240 0.001007 0.000705 0.001222 0.000143 0.000369
0.887693 0.000000 0.000000 0.000000 0.000000 0.000000 0.000000 0.000000 0.000000 0.111738 0.000000 0.000000 0.000000 0.000000 0.000044 0.000001 0.000003 0.000000 0.000000 0.000481 0.000002 0.000020 0.000000 0.000000 0.000000 0.000000 0.000000 0.000001 0.000000 0.000018 0.000000 0.000000
0.750000 0.001078 0.000958 0.002167 0.011080 0.000707 0.001552 0.000747 0.003094 0.108919 0.002457 0.001316 0.000110 0.001183 0.019477 0.001253 0.010115 0.001268 0.000400 0.008069 0.005144 0.009584 0.000551 0.017070 0.000544 0.000850 0.000365 0.013423 0.000986 0.021943 0.001388 0.002200
0.885095 0.000036 0.000007 0.000095 0.000067 0.000025 0.000023 0.000015 0.000946 0.107355 0.000104 0.000016 0.000010 0.000036 0.000480 0.000020 0.000149 0.000236 0.000006 0.001408 0.000079 0.001351 0.000007 0.001473 0.000013 0.000006 0.000007 0.000263 0.000032 0.000585 0.000013 0.000043
0.874309 0.000936 0.000014 0.000065 0.000393 0.000012 0.000655 0.000121 0.002166 0.102274 0.000108 0.000256 0.000001 0.000064 0.000151 0.003839 0.000537 0.001649 0.000062 0.001178 0.000170 0.001175 0.000124 0.007324 0.000017 0.000045 0.000019 0.001486 0.000051 0.000498 0.000038 0.000263
0.170665 0.021997 0.050062 0.017347 0.054851 0.053881 0.015520 0.010101 0.020274 0.022499 0.142785 0.011433 0.043629 0.029424 0.020037 0.004851 0.013942 0.008629 0.013790 0.041206 0.011311 0.039044 0.010288 0.019667 0.014654 0.015025 0.009527 0.016012 0.027401 0.017072 0.039309 0.013768
0.599127 0.001981 0.002233 0.004174 0.101079 0.003045 0.001313 0.001657 0.014688 0.003843 0.136387 0.001390 0.003115 0.001018 0.005214 0.000452 0.010707 0.001033 0.001225 0.022913 0.004555 0.011939 0.001741 0.005120 0.003403 0.002752 0.016238 0.002717 0.002387 0.005889 0.023876 0.002788
0.592123 0.000235 0.000015 0.025706 0.000071 0.118512 0.000048 0.000034 0.000249 0.000348 0.001113 0.000017 0.249378 0.000208 0.000052 0.000028 0.000093 0.001085 0.000525 0.001710 0.000165 0.004803 0.000223 0.000071 0.000566 0.000069 0.000170 0.000414 0.000146 0.000386 0.001095 0.000340
0.697555 0.000287 0.000012 0.000136 0.000028 0.173137 0.000001 0.000001 0.000101 0.000003 0.001980 0.000000 0.126607 0.000006 0.000000 0.000000 0.000000 0.000051 0.000002 0.000002 0.000000 0.000016 0.000025 0.000001 0.000002 0.000005 0.000023 0.000001 0.000010 0.000000 0.000004 0.000002
0.792448 0.000189 0.000054 0.007501 0.000130 0.046367 0.000042 0.000039 0.000939 0.000456 0.000858 0.000016 0.111556 0.000162 0.000102 0.000021 0.000123 0.000995 0.000368 0.013190 0.000215 0.018665 0.000044 0.000226 0.001873 0.000088 0.000559 0.000554 0.000042 0.000430 0.000480 0.001266
0.603675 0.001255 0.000069 0.083045 0.000031 0.172936 0.000066 0.000069 0.000476 0.000240 0.002816 0.000023 0.102614 0.000208 0.000086 0.000053 0.000164 0.000773 0.000352 0.002920 0.001406 0.018206 0.000045 0.000102 0.001230 0.000235 0.003151 0.000526 0.000237 0.000727 0.001834 0.000432
0.145535 0.000020 0.000008 0.000041 0.000008 0.000048 0.000094 0.000030 0.000205 0.008761 0.000086 0.000024 0.000019 0.000044 0.000349 0.000028 0.000131 0.000582 0.000066 0.733517 0.001613 0.104992 0.000475 0.000134 0.000193 0.000083 0.000070 0.000238 0.000043 0.001639 0.000635 0.000286
0.250076 0.000038 0.000184 0.000066 0.000030 0.000168 0.000106 0.000058 0.000254 0.005452 0.000461 0.000032 0.000197 0.000439 0.002950 0.000034 0.001787 0.000175 0.000115 0.682627 0.002895 0.041634 0.000041 0.000145 0.001630 0.000070 0.000151 0.000382 0.000075 0.005561 0.001768 0.000400
0.246657 0.000091 0.000222 0.000162 0.000062 0.000355 0.000212 0.000097 0.000366 0.005605 0.000694 0.000058 0.000335 0.000720 0.006326 0.000056 0.002531 0.000308 0.000198 0.664560 0.004420 0.046357 0.000080 0.000303 0.003683 0.000155 0.000279 0.000597 0.000141 0.009847 0.003885 0.000639
0.471419 0.000001 0.000001 0.000005 0.000000 0.000003 0.000003 0.000001 0.000007 0.000181 0.000004 0.000001 0.000001 0.000005 0.000572 0.000000 0.000181 0.000008 0.000002 0.488122 0.000616 0.037141 0.000005 0.000012 0.000085 0.000005 0.000003 0.000021 0.000001 0.001326 0.000238 0.000030
0.507403 0.000005 0.000012 0.000036 0.000004 0.000067 0.000034 0.000015 0.000133 0.015651 0.000059 0.000007 0.000035 0.000049 0.000818 0.000013 0.000289 0.000152 0.000024 0.458623 0.000926 0.013276 0.000009 0.000031 0.000234 0.000028 0.000027 0.000138 0.000027 0.001508 0.000247 0.000121
0.533906 0.000008 0.000041 0.000035 0.000008 0.000057 0.000045 0.000019 0.000146 0.008202 0.000067 0.000011 0.000033 0.000100 0.002205 0.000017 0.000764 0.000095 0.000032 0.434702 0.001728 0.014023 0.000009 0.000039 0.000465 0.000034 0.000039 0.000181 0.000037 0.002389 0.000431 0.000133
0.533355 0.000019 0.000062 0.000091 0.000007 0.000046 0.000036 0.000015 0.000043 0.000505 0.000073 0.000011 0.000024 0.000138 0.004998 0.000011 0.003674 0.000035 0.000032 0.423363 0.003221 0.019321 0.000013 0.000051 0.001556 0.000035 0.000069 0.000165 0.000019 0.006266 0.002538 0.000208
0.593031 0.000001 0.000000 0.000348 0.000003 0.000007 0.000001 0.000001 0.000020 0.000065 0.000012 0.000001 0.000067 0.000003 0.000134 0.000000 0.000057 0.000001 0.000004 0.403768 0.000036 0.001782 0.000001 0.000030 0.000059 0.000001 0.000011 0.000111 0.000000 0.000251 0.000027 0.000167
0.470938 0.000007 0.000006 0.000088 0.000012 0.000021 0.000028 0.000013 0.000051 0.001186 0.000033 0.000011 0.000008 0.000036 0.000899 0.000006 0.000341 0.000123 0.000034 0.403704 0.001893 0.116094 0.000060 0.000122 0.000243 0.000078 0.000054 0.000235 0.000022 0.002631 0.000807 0.000216
0.600489 0.000000 0.000000 0.000048 0.000000 0.000000 0.000000 0.000000 0.000000 0.000004 0.000000 0.000000 0.000003 0.000000 0.000009 0.000000 0.000005 0.000000 0.000000 0.398846 0.000007 0.000481 0.000000 0.000001 0.000005 0.000000 0.000001 0.000011 0.000000 0.000073 0.000001 0.000016
0.666742 0.000000 0.000001 0.000004 0.000000 0.000002 0.000002 0.000001 0.000010 0.002053 0.000002 0.000000 0.000001 0.000004 0.000476 0.000001 0.000141 0.000007 0.000001 0.323555 0.000295 0.005949 0.000000 0.000002 0.000046 0.000001 0.000001 0.000017 0.000001 0.000628 0.000036 0.000020
0.434819 0.000616 0.000598 0.000749 0.000266 0.000627 0.000547 0.000243 0.000748 0.005802 0.000901 0.000192 0.000379 0.001536 0.010571 0.000225 0.018391 0.000599 0.000483 0.322089 0.016970 0.114636 0.000409 0.000618 0.008158 0.000440 0.000671 0.002290 0.000296 0.027426 0.026253 0.001452
0.666394 0.000004 0.000016 0.000018 0.000002 0.000019 0.000017 0.000007 0.000073 0.004593 0.000024 0.000004 0.000012 0.000042 0.001489 0.000007 0.000511 0.000044 0.000010 0.313738 0.000924 0.009990 0.000003 0.000016 0.000217 0.000010 0.000013 0.000074 0.000011 0.001443 0.000202 0.000073
0.564765 0.000165 0.000383 0.000828 0.000346 0.001458 0.000681 0.000371 0.001166 0.043814 0.001294 0.000253 0.000403 0.000560 0.007125 0.000318 0.002275 0.001047 0.000445 0.312610 0.004615 0.037287 0.000256 0.000683 0.001511 0.000648 0.000464 0.001790 0.001041 0.007978 0.002334 0.001086
0.564216 0.000217 0.000143 0.000450 0.000197 0.000783 0.001128 0.000336 0.001433 0.065918 0.000631 0.000178 0.000247 0.000493 0.005599 0.000595 0.001849 0.002693 0.000653 0.281912 0.005285 0.042920 0.000219 0.000648 0.001691 0.000932 0.000339 0.002503 0.000589 0.009563 0.004064 0.001575
0.622395 0.000315 0.000121 0.002468 0.000598 0.004090 0.000062 0.000101 0.000574 0.002186 0.004499 0.000066 0.016201 0.000313 0.001587 0.000054 0.000625 0.000239 0.000537 0.264454 0.001437 0.059835 0.000250 0.001228 0.002650 0.000158 0.001186 0.002554 0.000160 0.003416 0.001407 0.004233
0.684239 0.000035 0.000179 0.000043 0.000017 0.000113 0.000042 0.000071 0.000162 0.005896 0.002890 0.000027 0.000041 0.000151 0.002239 0.000037 0.001921 0.000056 0.000054 0.261455 0.002871 0.031517 0.000021 0.000122 0.000374 0.000035 0.000411 0.000241 0.000115 0.003161 0.001177 0.000290
0.729733 0.000005 0.000003 0.000474 0.000027 0.000027 0.000007 0.000010 0.000149 0.000451 0.000040 0.000012 0.000149 0.000018 0.000540 0.000006 0.000283 0.000012 0.000029 0.258622 0.000148 0.005825 0.000009 0.000252 0.000124 0.000009 0.000067 0.000784 0.000003 0.000924 0.000111 0.001148
0.717703 0.000003 0.000018 0.000049 0.000002 0.000055 0.000006 0.000002 0.000049 0.000163 0.000045 0.000002 0.000069 0.000022 0.000609 0.000002 0.000334 0.000015 0.000006 0.247133 0.000320 0.031860 0.000003 0.000015 0.000203 0.000015 0.000027 0.000057 0.000006 0.000717 0.000432 0.000055
0.752510 0.000002 0.000001 0.000540 0.000003 0.000016 0.000002 0.000004 0.000025 0.000154 0.000021 0.000004 0.000114 0.000006 0.000171 0.000002 0.000082 0.000006 0.000013 0.241056 0.000090 0.003000 0.000003 0.000077 0.000076 0.000005 0.000041 0.000383 0.000001 0.000648 0.000041 0.000903
0.624831 0.000197 0.000491 0.000367 0.000211 0.000469 0.000260 0.000234 0.000556 0.013730 0.004620 0.000120 0.000070 0.000508 0.008436 0.000244 0.004407 0.000180 0.000299 0.236420 0.005231 0.077245 0.000204 0.000951 0.000920 0.000206 0.000747 0.001307 0.000298 0.008379 0.006858 0.001004
0.466755 0.001748 0.002228 0.004353 0.003784 0.010973 0.004796 0.002519 0.004083 0.049586 0.013379 0.001729 0.002744 0.003040 0.020533 0.002180 0.006873 0.005323 0.003627 0.206946 0.015449 0.078395 0.001429 0.004346 0.006268 0.006233 0.003694 0.010397 0.008619 0.021825 0.021319 0.004827
0.523936 0.000013 0.000010 0.000093 0.000049 0.000063 0.000054 0.000041 0.000063 0.012335 0.000078 0.000030 0.000006 0.000031 0.001753 0.000018 0.000634 0.000354 0.000068 0.194477 0.003502 0.249555 0.001087 0.000443 0.000137 0.000198 0.000071 0.001954 0.000065 0.007020 0.001504 0.000359
0.658105 0.000118 0.000287 0.000068 0.000065 0.000361 0.000191 0.000206 0.000890 0.053412 0.012880 0.000093 0.000040 0.000305 0.003613 0.000316 0.001954 0.000171 0.000298 0.194134 0.003365 0.059532 0.000075 0.000532 0.000406 0.000064 0.000777 0.000749 0.000304 0.004588 0.001286 0.000815
0.569320 0.001824 0.003475 0.013821 0.007933 0.012630 0.004833 0.002358 0.002495 0.024685 0.009942 0.001472 0.001230 0.003280 0.017412 0.001046 0.004517 0.007213 0.002061 0.145220 0.009055 0.072402 0.002123 0.004154 0.003897 0.004685 0.000947 0.008701 0.006128 0.017447 0.030157 0.003536
0.254184 0.007709 0.008170 0.017342 0.031291 0.020137 0.017006 0.006981 0.008975 0.069827 0.012475 0.006964 0.003035 0.007438 0.059258 0.007686 0.018302 0.008867 0.010564 0.132568 0.019373 0.060180 0.009150 0.022128 0.010934 0.016696 0.005283 0.053619 0.014188 0.041846 0.026038 0.011785
0.540545 0.000161 0.000068 0.001129 0.001384 0.000552 0.000680 0.000741 0.004378 0.207374 0.001124 0.000378 0.000075 0.000230 0.001713 0.001012 0.001244 0.009343 0.000878 0.130688 0.005986 0.068792 0.001224 0.001181 0.000364 0.000784 0.000827 0.003528 0.001091 0.008098 0.001571 0.002857
0.729232 0.000006 0.000014 0.000012 0.000007 0.000023 0.000019 0.000015 0.000409 0.129225 0.000039 0.000004 0.000008 0.000042 0.000889 0.000021 0.000177 0.000499 0.000024 0.126616 0.000695 0.010523 0.000005 0.000032 0.000124 0.000009 0.000015 0.000123 0.000020 0.000983 0.000053 0.000138
0.352016 0.008371 0.008099 0.019733 0.015323 0.027279 0.020430 0.007870 0.006142 0.036259 0.018711 0.006294 0.003567 0.009158 0.027217 0.006783 0.014884 0.012512 0.006057 0.122093 0.020295 0.033233 0.008940 0.009724 0.011604 0.026623 0.007701 0.030393 0.026862 0.029952 0.058143 0.007731
0.747879 0.004020 0.000100 0.000854 0.002638 0.001297 0.001921 0.001910 0.002120 0.023155 0.009767 0.001573 0.000132 0.000132 0.000780 0.002495 0.001409 0.001648 0.000807 0.114318 0.012515 0.022188 0.021387 0.000833 0.000312 0.001356 0.002731 0.004725 0.004392 0.004755 0.004787 0.001060
0.482084 0.002439 0.010265 0.014744 0.027895 0.024767 0.006253 0.003408 0.004553 0.018545 0.035120 0.002816 0.003942 0.005757 0.026128 0.001134 0.007366 0.003125 0.003718 0.111683 0.009423 0.085329 0.002449 0.007818 0.005050 0.005482 0.001850 0.011323 0.013356 0.021456 0.035456 0.005267
0.784996 0.000378 0.000391 0.005987 0.000635 0.004451 0.000857 0.000794 0.000680 0.011248 0.002520 0.000414 0.000258 0.000869 0.002362 0.000240 0.001813 0.004224 0.000679 0.110695 0.003987 0.034633 0.000619 0.003307 0.001953 0.000782 0.001099 0.002426 0.000849 0.004513 0.009543 0.001799
0.594506 0.000091 0.000084 0.001049 0.001158 0.000271 0.000377 0.000402 0.002563 0.183924 0.000676 0.000301 0.000045 0.000147 0.004225 0.000493 0.001471 0.002785 0.000473 0.109844 0.006933 0.069751 0.000531 0.001174 0.000302 0.000533 0.000700 0.004102 0.000840 0.007208 0.000992 0.002048
0.581160 0.000004 0.000002 0.000051 0.000007 0.000016 0.000015 0.000008 0.000038 0.003171 0.000020 0.000007 0.000002 0.000009 0.000464 0.000004 0.000168 0.000111 0.000024 0.105014 0.001219 0.303661 0.000115 0.000197 0.000046 0.000078 0.000036 0.000578 0.000012 0.003248 0.000361 0.000154
0.794705 0.002388 0.000092 0.001139 0.003502 0.000909 0.001017 0.000984 0.002492 0.018936 0.005177 0.000713 0.000070 0.000073 0.000539 0.001539 0.000753 0.001119 0.000432 0.104733 0.005526 0.023362 0.014182 0.000757 0.000164 0.000942 0.001068 0.004883 0.001977 0.002442 0.002683 0.000701
0.666169 0.003023 0.000136 0.000849 0.000447 0.000297 0.008457 0.000985 0.001902 0.077449 0.003076 0.000727 0.000021 0.001117 0.004022 0.010416 0.003460 0.004044 0.001446 0.102392 0.009737 0.045577 0.000365 0.001226 0.001525 0.001694 0.001168 0.011766 0.000576 0.010614 0.020793 0.004524
0.219055 0.000030 0.000079 0.000055 0.000070 0.001414 0.000012 0.000009 0.000119 0.000288 0.000339 0.000002 0.000100 0.000134 0.000096 0.000003 0.000069 0.001756 0.000042 0.005060 0.000460 0.764454 0.000003 0.000019 0.000217 0.000148 0.000840 0.000109 0.000049 0.000480 0.004367 0.000120
0.244330 0.000023 0.000009 0.000031 0.000018 0.000036 0.000021 0.000013 0.000104 0.002957 0.000234 0.000005 0.000018 0.000097 0.000345 0.000009 0.000161 0.000484 0.000074 0.022463 0.000944 0.722139 0.000004 0.000058 0.000278 0.000091 0.000346 0.000260 0.000058 0.001538 0.002586 0.000267
0.411046 0.000022 0.000038 0.000099 0.000015 0.000248 0.000009 0.000004 0.000085 0.000218 0.000048 0.000004 0.000849 0.000120 0.000133 0.000003 0.000149 0.000296 0.000028 0.032627 0.000335 0.551044 0.000011 0.000029 0.000392 0.000053 0.000095 0.000133 0.000038 0.000538 0.001036 0.000256
0.492750 0.000481 0.000051 0.000926 0.000556 0.001449 0.000247 0.000275 0.002294 0.016138 0.001053 0.000139 0.000241 0.000370 0.000888 0.000108 0.001036 0.001975 0.000572 0.023968 0.002254 0.435279 0.000484 0.000532 0.000468 0.000656 0.000843 0.002857 0.000453 0.005920 0.003729 0.001008
0.509169 0.000178 0.000239 0.000652 0.000770 0.000155 0.000150 0.000083 0.000750 0.005204 0.000192 0.000084 0.000201 0.000578 0.001705 0.000068 0.001452 0.001340 0.000158 0.032273 0.002216 0.428641 0.001161 0.000755 0.000787 0.000277 0.000276 0.002417 0.000414 0.003312 0.003253 0.001092
0.543789 0.000882 0.000147 0.000834 0.000117 0.000966 0.000099 0.000031 0.000731 0.001104 0.000540 0.000062 0.001843 0.000412 0.000459 0.000029 0.000385 0.000310 0.000130 0.027751 0.000534 0.414893 0.000346 0.000339 0.000846 0.000063 0.000151 0.000386 0.000091 0.000814 0.000608 0.000307
0.542033 0.000344 0.000091 0.005672 0.001129 0.001422 0.000847 0.000482 0.002010 0.011962 0.001987 0.000300 0.000111 0.000254 0.002607 0.000557 0.001399 0.002972 0.000660 0.041049 0.005961 0.348289 0.000999 0.002032 0.000634 0.001694 0.002712 0.002356 0.001121 0.009897 0.004420 0.001996
0.463591 0.001003 0.001634 0.017721 0.010260 0.001493 0.000793 0.000626 0.005413 0.019163 0.001199 0.000668 0.001588 0.001757 0.006318 0.000620 0.006206 0.003627 0.001269 0.043409 0.004156 0.346025 0.005261 0.006423 0.003021 0.001023 0.001650 0.017033 0.001061 0.010703 0.009087 0.006198
0.614079 0.000126 0.000036 0.000242 0.000119 0.000075 0.000082 0.000041 0.000276 0.006510 0.000210 0.000039 0.000023 0.000156 0.002110 0.000050 0.000622 0.000585 0.000070 0.019297 0.002046 0.344967 0.000081 0.000280 0.000389 0.000124 0.000124 0.000591 0.000099 0.004197 0.001970 0.000385
0.602182 0.000062 0.000029 0.000218 0.000167 0.000112 0.000042 0.000041 0.000392 0.010851 0.000278 0.000025 0.000073 0.000073 0.000927 0.000034 0.000473 0.000428 0.000150 0.036238 0.000835 0.341499 0.000046 0.000302 0.000157 0.000056 0.000191 0.000718 0.000130 0.001949 0.000692 0.000632
0.533433 0.000066 0.000054 0.000660 0.000089 0.000502 0.000181 0.000231 0.000819 0.013125 0.000296 0.000103 0.000282 0.000215 0.002559 0.000183 0.001354 0.001382 0.001055 0.079371 0.003088 0.337074 0.000359 0.001273 0.000464 0.000311 0.000426 0.003806 0.000198 0.008869 0.001696 0.006475
0.632946 0.000522 0.000042 0.001192 0.000048 0.008335 0.000069 0.000031 0.000485 0.000752 0.002260 0.000011 0.003646 0.000317 0.000111 0.000022 0.000139 0.002278 0.000254 0.006901 0.001348 0.329970 0.000024 0.000067 0.000769 0.000234 0.001493 0.000315 0.000150 0.000982 0.004037 0.000247
0.619904 0.000556 0.001092 0.004950 0.001096 0.000862 0.000466 0.000193 0.002240 0.001646 0.000671 0.000249 0.001218 0.000733 0.002302 0.000270 0.002918 0.001744 0.006494 0.013591 0.003247 0.312412 0.000233 0.001003 0.001001 0.000917 0.002855 0.001473 0.000539 0.004133 0.002836 0.006155
0.581160 0.000004 0.000002 0.000051 0.000007 0.000016 0.000015 0.000008 0.000038 0.003171 0.000020 0.000007 0.000002 0.000009 0.000464 0.000004 0.000168 0.000111 0.000024 0.105014 0.001219 0.303661 0.000115 0.000197 0.000046 0.000078 0.000036 0.000578 0.000012 0.003248 0.000361 0.000154
0.559138 0.000353 0.000138 0.006401 0.001712 0.001722 0.001023 0.000724 0.002398 0.019288 0.002560 0.000463 0.000098 0.000290 0.004112 0.000779 0.002126 0.003035 0.000956 0.056720 0.007596 0.293845 0.001458 0.002777 0.000802 0.001754 0.002619 0.002816 0.001453 0.013620 0.004524 0.002702
0.694239 0.000360 0.000005 0.000254 0.000047 0.000728 0.000052 0.000035 0.000167 0.002534 0.000455 0.000035 0.000248 0.000102 0.000179 0.000008 0.000438 0.000336 0.000089 0.007727 0.000487 0.284589 0.000101 0.000117 0.000222 0.000296 0.000567 0.001473 0.000069 0.002302 0.001474 0.000264
0.523936 0.000013 0.000010 0.000093 0.000049 0.000063 0.000054 0.000041 0.000063 0.012335 0.000078 0.000030 0.000006 0.000031 0.001753 0.000018 0.000634 0.000354 0.000068 0.194477 0.003502 0.249555 0.001087 0.000443 0.000137 0.000198 0.000071 0.001954 0.000065 0.007020 0.001504 0.000359
0.698909 0.000076 0.000136 0.001820 0.000343 0.003961 0.000039 0.000204 0.000457 0.001504 0.003888 0.000043 0.000487 0.000167 0.001882 0.000082 0.000703 0.000285 0.000156 0.032254 0.003907 0.223725 0.000045 0.000566 0.000492 0.000137 0.006831 0.005529 0.000384 0.004455 0.004064 0.002470
0.749397 0.000028 0.000023 0.000165 0.000059 0.000123 0.000020 0.000010 0.000151 0.001090 0.000215 0.000010 0.000049 0.000078 0.001103 0.000005 0.000523 0.000133 0.000073 0.022984 0.001377 0.215263 0.000007 0.000107 0.000291 0.000061 0.000128 0.000496 0.000029 0.003172 0.002639 0.000191
0.714323 0.000119 0.000075 0.001092 0.000123 0.003167 0.000174 0.000051 0.000173 0.000203 0.000285 0.000038 0.000107 0.000132 0.000221 0.000043 0.000734 0.003190 0.003446 0.006395 0.001452 0.214744 0.000032 0.000064 0.000354 0.001187 0.004569 0.000480 0.000115 0.001070 0.040035 0.001808
0.700954 0.000552 0.001263 0.004078 0.001742 0.000734 0.000558 0.000274 0.001962 0.001922 0.001528 0.000316 0.000583 0.000770 0.004422 0.000307 0.004026 0.001928 0.009093 0.019291 0.004660 0.211527 0.000199 0.000949 0.001412 0.000898 0.004446 0.001336 0.000790 0.006825 0.005173 0.005481
0.671582 0.000144 0.000078 0.002200 0.001006 0.000460 0.000386 0.000355 0.003036 0.028047 0.000826 0.000223 0.000033 0.000133 0.003060 0.000488 0.001761 0.001460 0.000538 0.051167 0.004608 0.209775 0.000494 0.001316 0.000370 0.000574 0.000917 0.001509 0.000583 0.009331 0.001655 0.001885
0.714034 0.001041 0.000051 0.006442 0.000171 0.002258 0.000347 0.000297 0.002034 0.006633 0.011558 0.000259 0.000790 0.000330 0.000608 0.000194 0.001283 0.000523 0.000346 0.026012 0.001926 0.209345 0.000142 0.002192 0.000507 0.000090 0.000516 0.003181 0.000125 0.002877 0.002385 0.001504
0.596196 0.000100 0.000258 0.012199 0.003137 0.001955 0.000078 0.000113 0.000564 0.003294 0.001447 0.000101 0.001827 0.000228 0.004995 0.000095 0.001188 0.000485 0.000772 0.131969 0.002854 0.208607 0.000438 0.002687 0.001403 0.000193 0.001976 0.004672 0.000286 0.006353 0.001464 0.008065
0.743186 0.000066 0.000035 0.000686 0.000241 0.000474 0.000024 0.000027 0.000119 0.001875 0.001087 0.000015 0.000365 0.000082 0.000918 0.000019 0.000429 0.000147 0.000139 0.039632 0.001029 0.201691 0.000023 0.000145 0.000616 0.000085 0.000366 0.000669 0.000157 0.002346 0.002781 0.000528
0.751200 0.001259 0.000043 0.000900 0.000371 0.000625 0.000173 0.000087 0.000848 0.001340 0.001774 0.000083 0.000786 0.000252 0.000323 0.000035 0.000553 0.000594 0.000159 0.031198 0.001690 0.198087 0.001107 0.000278 0.000539 0.000204 0.000377 0.000523 0.000284 0.001871 0.002059 0.000377
0.683209 0.000105 0.000217 0.001069 0.000608 0.000162 0.000115 0.000081 0.000210 0.007018 0.000404 0.000077 0.000093 0.000432 0.013219 0.000101 0.004333 0.000400 0.000143 0.044667 0.011449 0.198077 0.000237 0.000783 0.001100 0.000303 0.000540 0.003359 0.000505 0.017974 0.007944 0.001068
0.726769 0.000014 0.000017 0.000457 0.000091 0.000158 0.000040 0.000033 0.000242 0.011719 0.000117 0.000017 0.000025 0.000045 0.002207 0.000021 0.000481 0.000150 0.000054 0.056722 0.001135 0.194912 0.000025 0.000118 0.000208 0.000069 0.000136 0.000498 0.000102 0.002409 0.000661 0.000345
0.737346 0.000003 0.000007 0.000020 0.000001 0.000011 0.000003 0.000001 0.000065 0.000084 0.000015 0.000001 0.000035 0.000020 0.000182 0.000000 0.000073 0.000011 0.000003 0.072968 0.000106 0.188514 0.000001 0.000013 0.000135 0.000003 0.000008 0.000015 0.000002 0.000231 0.000100 0.000024
0.682762 0.000037 0.000019 0.000253 0.000059 0.000135 0.000062 0.000046 0.000603 0.038503 0.000214 0.000027 0.000057 0.000103 0.001112 0.000036 0.000477 0.000668 0.000068 0.087108 0.001289 0.181355 0.000029 0.000260 0.000141 0.000049 0.000077 0.000782 0.000085 0.002620 0.000520 0.000446
0.412975 0.000240 0.000046 0.000110 0.000033 0.000322 0.000455 0.000181 0.003442 0.038974 0.000693 0.000119 0.000107 0.000221 0.000453 0.000286 0.000466 0.003702 0.000306 0.344354 0.004044 0.180991 0.000908 0.000393 0.000372 0.000180 0.000272 0.000629 0.000156 0.002606 0.001098 0.000867
0.591643 0.003908 0.000222 0.005079 0.001148 0.006050 0.001387 0.000885 0.008154 0.034840 0.040934 0.001112 0.001256 0.001261 0.002995 0.000748 0.005651 0.003497 0.001412 0.054373 0.009519 0.176877 0.000546 0.003826 0.001184 0.000712 0.002683 0.008620 0.001067 0.013949 0.011157 0.003306
0.733159 0.001084 0.000122 0.000522 0.000333 0.000597 0.000354 0.000150 0.001723 0.020722 0.001137 0.000145 0.000153 0.000855 0.002002 0.000416 0.001065 0.002000 0.001560 0.026586 0.003213 0.174836 0.000123 0.000797 0.000704 0.001425 0.001218 0.007852 0.000626 0.007373 0.005622 0.001528
0.822597 0.000016 0.000031 0.000075 0.000199 0.000335 0.000006 0.000008 0.000012 0.000041 0.000161 0.000003 0.000032 0.000023 0.000435 0.000002 0.000121 0.000094 0.000020 0.005589 0.000331 0.158225 0.000006 0.000025 0.000144 0.000181 0.001856 0.000204 0.000141 0.000501 0.008269 0.000318
0.529177 0.000012 0.000005 0.000184 0.000023 0.000022 0.000068 0.000025 0.000073 0.004289 0.000039 0.000022 0.000008 0.000030 0.000497 0.000019 0.000142 0.000444 0.000080 0.301368 0.002305 0.156563 0.000147 0.000218 0.000106 0.000195 0.000132 0.000640 0.000045 0.002317 0.000454 0.000356
0.816036 0.000168 0.000029 0.000365 0.000569 0.000828 0.000094 0.000059 0.000823 0.002073 0.001046 0.000035 0.000157 0.000114 0.000260 0.000039 0.000240 0.001582 0.000306 0.014414 0.001075 0.153948 0.000113 0.000169 0.000266 0.000347 0.000950 0.000557 0.000203 0.001184 0.001650 0.000303
0.604972 0.001405 0.000708 0.024621 0.017557 0.038933 0.000679 0.000531 0.001664 0.018273 0.014696 0.000225 0.001388 0.001997 0.005368 0.000293 0.002143 0.005204 0.001376 0.046478 0.005750 0.150337 0.000540 0.002707 0.001702 0.001905 0.001126 0.004017 0.004624 0.013014 0.021569 0.004196
0.462969 0.004941 0.003105 0.034275 0.009017 0.015310 0.001610 0.001330 0.007090 0.018501 0.017705 0.001235 0.007516 0.012601 0.011599 0.001061 0.016877 0.002135 0.002638 0.067991 0.014258 0.145982 0.000836 0.009996 0.005944 0.001945 0.001801 0.014930 0.003278 0.048793 0.044194 0.008539
0.707331 0.000164 0.000062 0.003462 0.000597 0.000950 0.000753 0.000714 0.001356 0.031258 0.002179 0.000480 0.000037 0.000124 0.004270 0.000965 0.002080 0.001988 0.000950 0.062523 0.006985 0.144794 0.000650 0.002162 0.000538 0.000845 0.001563 0.002106 0.000685 0.012390 0.002461 0.002579
0.414151 0.003347 0.012606 0.036608 0.027391 0.034397 0.004043 0.002852 0.005287 0.020704 0.033523 0.002882 0.008228 0.012091 0.022739 0.000998 0.010999 0.003305 0.003057 0.072587 0.010688 0.139560 0.002185 0.013599 0.006378 0.003540 0.002084 0.013321 0.008803 0.029237 0.031644 0.007166
0.629283 0.000392 0.000324 0.000631 0.000376 0.000610 0.000555 0.000556 0.001511 0.049826 0.006388 0.000205 0.000075 0.000632 0.012480 0.001046 0.004585 0.000610 0.000894 0.118266 0.006613 0.134528 0.000288 0.002202 0.000755 0.000301 0.001394 0.003163 0.000628 0.012768 0.005630 0.002485
0.787423 0.000084 0.000049 0.000551 0.000057 0.000697 0.000031 0.000085 0.000378 0.001523 0.000776 0.000034 0.001279 0.000168 0.000741 0.000042 0.000369 0.000644 0.000316 0.058325 0.000887 0.130382 0.000103 0.000973 0.000570 0.000102 0.000597 0.003128 0.000118 0.003046 0.000860 0.005660
0.596905 0.003680 0.001181 0.004003 0.008765 0.003521 0.003079 0.002104 0.006171 0.058738 0.005874 0.001407 0.000803 0.002980 0.004254 0.002584 0.003259 0.034861 0.003749 0.046766 0.006203 0.129861 0.003037 0.007870 0.003180 0.004548 0.005046 0.012512 0.003096 0.014849 0.009389 0.005727
0.864206 0.000023 0.000001 0.001517 0.000020 0.000763 0.000015 0.000019 0.000275 0.001615 0.000092 0.000011 0.000064 0.000008 0.000046 0.000011 0.000061 0.000201 0.000066 0.006226 0.000402 0.122625 0.000042 0.000043 0.000022 0.000042 0.000196 0.000477 0.000032 0.000486 0.000299 0.000095
0.434819 0.000616 0.000598 0.000749 0.000266 0.000627 0.000547 0.000243 0.000748 0.005802 0.000901 0.000192 0.000379 0.001536 0.010571 0.000225 0.018391 0.000599 0.000483 0.322089 0.016970 0.114636 0.000409 0.000618 0.008158 0.000440 0.000671 0.002290 0.000296 0.027426 0.026253 0.001452
0.840695 0.001891 0.000024 0.001100 0.000342 0.004365 0.000239 0.000219 0.000894 0.004868 0.002427 0.000162 0.001687 0.000296 0.000333 0.000040 0.000973 0.000784 0.000179 0.015156 0.001158 0.109744 0.000714 0.000242 0.000645 0.000912 0.001912 0.001447 0.000368 0.003127 0.002462 0.000594
0.479285 0.000637 0.000337 0.002870 0.002222 0.001346 0.001161 0.001115 0.007027 0.221251 0.006559 0.001106 0.000220 0.000687 0.008180 0.001110 0.004795 0.004643 0.001700 0.083891 0.014893 0.107809 0.000688 0.004492 0.000844 0.000901 0.002446 0.011790 0.001901 0.016537 0.002714 0.004842
0.467421 0.004987 0.001322 0.030508 0.006286 0.001889 0.002496 0.001463 0.008127 0.147980 0.004132 0.001499 0.000580 0.005208 0.030979 0.006119 0.015927 0.003396 0.006847 0.046389 0.008863 0.106703 0.000813 0.022406 0.004224 0.001051 0.001202 0.008931 0.000730 0.033782 0.006547 0.011195
0.359545 0.000917 0.000111 0.001095 0.001423 0.000347 0.001520 0.001916 0.008986 0.395425 0.006410 0.001379 0.000055 0.000331 0.002553 0.007219 0.003547 0.002982 0.002269 0.048636 0.008133 0.105862 0.001312 0.007213 0.000273 0.000396 0.002498 0.011717 0.001271 0.007631 0.001361 0.005666
0.699973 0.000223 0.000048 0.001194 0.000230 0.000155 0.000968 0.000490 0.002450 0.097461 0.001288 0.000119 0.000013 0.000230 0.003630 0.001990 0.001410 0.001849 0.000754 0.058323 0.003392 0.104776 0.000238 0.001466 0.000202 0.000287 0.000507 0.003725 0.000205 0.007441 0.002652 0.002310
0.876446 0.000035 0.000046 0.000618 0.000299 0.000299 0.000024 0.000018 0.000238 0.000809 0.000364 0.000012 0.000315 0.000064 0.000368 0.000012 0.000314 0.000207 0.000096 0.011322 0.000448 0.103543 0.000020 0.000101 0.000250 0.000092 0.000254 0.000444 0.000095 0.000993 0.001590 0.000264
0.409899 0.000140 0.000042 0.000013 0.001907 0.000003 0.000170 0.000069 0.000207 0.060557 0.000112 0.000250 0.000001 0.000108 0.001080 0.001744 0.002670 0.000240 0.000051 0.000577 0.000300 0.000742 0.000086 0.510276 0.000055 0.000019 0.000007 0.002970 0.000020 0.005315 0.000034 0.000335
0.599906 0.000147 0.000057 0.000485 0.002307 0.000114 0.000190 0.000218 0.000229 0.029484 0.000203 0.000255 0.000033 0.000163 0.003138 0.001667 0.012764 0.000204 0.000235 0.001420 0.001026 0.000979 0.000129 0.316096 0.000116 0.000048 0.000042 0.004593 0.000085 0.022362 0.000271 0.001033
0.640682 0.000161 0.000156 0.001028 0.003464 0.000292 0.000233 0.000273 0.000355 0.009561 0.000373 0.000345 0.000078 0.000183 0.002560 0.001119 0.011340 0.000151 0.000188 0.000976 0.000938 0.000646 0.000208 0.301341 0.000125 0.000074 0.000075 0.005050 0.000089 0.016797 0.000285 0.000857
0.705835 0.000013 0.000007 0.000045 0.000299 0.000010 0.000008 0.000012 0.000018 0.000778 0.000062 0.000021 0.000001 0.000012 0.000140 0.000033 0.000229 0.000010 0.000006 0.000083 0.000023 0.000158 0.000010 0.291293 0.000008 0.000002 0.000002 0.000181 0.000003 0.000666 0.000006 0.000029
0.722063 0.000016 0.000011 0.000041 0.000227 0.000008 0.000020 0.000017 0.000045 0.002421 0.000040 0.000047 0.000004 0.000023 0.000128 0.000111 0.000581 0.000048 0.000015 0.000248 0.000068 0.000320 0.000024 0.270806 0.000025 0.000007 0.000005 0.000735 0.000003 0.001792 0.000014 0.000087
0.634640 0.001087 0.001931 0.000881 0.032463 0.000564 0.001558 0.000860 0.001720 0.045790 0.004271 0.001416 0.000100 0.001315 0.026556 0.001521 0.011564 0.000755 0.000720 0.006017 0.003948 0.004822 0.000817 0.169237 0.000699 0.000628 0.000241 0.012799 0.000751 0.026975 0.001579 0.001776
0.853599 0.000000 0.000000 0.000001 0.000004 0.000000 0.000000 0.000000 0.000000 0.000035 0.000001 0.000000 0.000000 0.000000 0.000001 0.000001 0.000005 0.000000 0.000000 0.000002 0.000000 0.000003 0.000000 0.146324 0.000000 0.000000 0.000000 0.000005 0.000000 0.000017 0.000000 0.000000
0.737411 0.000925 0.000529 0.000504 0.007367 0.000285 0.000949 0.000466 0.004229 0.033568 0.001056 0.001232 0.000114 0.001060 0.003599 0.002444 0.005835 0.001764 0.000869 0.005952 0.003284 0.005811 0.000708 0.138195 0.001011 0.000831 0.000462 0.018956 0.000435 0.017263 0.000913 0.001970
0.854673 0.000221 0.000294 0.000153 0.007190 0.000087 0.000223 0.000094 0.000230 0.015018 0.000790 0.000239 0.000007 0.000144 0.005850 0.000225 0.002493 0.000071 0.000046 0.000759 0.000403 0.000527 0.000110 0.101819 0.000053 0.000052 0.000013 0.002864 0.000051 0.005034 0.000102 0.000163
0.568432 0.000639 0.000067 0.025171 0.001199 0.001986 0.000838 0.000459 0.000245 0.013057 0.000797 0.000606 0.000477 0.000716 0.011613 0.002076 0.004719 0.005314 0.009690 0.016989 0.015425 0.032051 0.000918 0.007204 0.002162 0.005800 0.001996 0.223345 0.001089 0.021109 0.008024 0.015786
0.201966 0.004616 0.001785 0.008248 0.006604 0.014894 0.005450 0.003572 0.002648 0.068259 0.007255 0.002837 0.002344 0.007093 0.019106 0.006731 0.034324 0.009680 0.014274 0.083173 0.062976 0.072533 0.004726 0.012371 0.004796 0.005885 0.003589 0.178645 0.005880 0.072018 0.060489 0.011229
0.514161 0.004119 0.000701 0.010420 0.003398 0.001342 0.007586 0.001093 0.001334 0.030038 0.001185 0.001754 0.000311 0.002575 0.006560 0.012983 0.011137 0.011500 0.010771 0.019661 0.024270 0.048147 0.003242 0.004531 0.001919 0.040752 0.004355 0.168061 0.004639 0.018501 0.019417 0.009539
0.436289 0.006443 0.000226 0.015640 0.002676 0.003949 0.016912 0.001997 0.001336 0.022461 0.001048 0.002133 0.000715 0.002996 0.005277 0.012564 0.006620 0.040988 0.020249 0.021500 0.022780 0.023547 0.005012 0.007167 0.003960 0.098510 0.005279 0.101524 0.005882 0.025108 0.063244 0.015968
0.489565 0.002731 0.001074 0.014607 0.019278 0.013438 0.004467 0.001604 0.002779 0.010310 0.052041 0.000641 0.003359 0.002991 0.005105 0.001306 0.001852 0.019396 0.003679 0.065442 0.013709 0.054123 0.002251 0.002027 0.006525 0.012716 0.024032 0.006842 0.007766 0.012704 0.135982 0.005658
0.434887 0.074755 0.001474 0.016470 0.013775 0.013882 0.033205 0.004742 0.040497 0.011297 0.026185 0.004654 0.007640 0.012805 0.003894 0.004016 0.007211 0.021395 0.011701 0.018788 0.005748 0.029079 0.005165 0.002231 0.008451 0.034471 0.008561 0.012025 0.005388 0.008155 0.112412 0.005039
