cabinet 9 217 199 391 0.15443 0.607681
table 384 151 729 527 0.571325 0.420948
table 2 204 319 430 0.133116 0.131933
table 238 191 433 443 0.119301 0.796271
door 1 2 41 148 0.103324 0.737003
counter 14 208 400 366 0.925439 0.035677
counter 211 204 456 302 0.409909 0.480919
counter 0 182 455 224 0.238446 0.739468
counter 218 190 455 205 0.192721 0.791113
tv 440 63 588 172 0.869907 0.102225
tv 718 265 729 351 0.136285 0.213820
paper 703 271 710 279 0.175745 0.416683
paper 688 401 729 528 0.161555 0.490797
paper 696 256 707 265 0.114611 0.586457
paper 725 410 729 417 0.113964 0.318676
box 35 121 39 127 0.227706 0.707694
box 688 360 729 522 0.157183 0.333450
box 490 235 498 240 0.14056 0.829389
box 666 521 672 529 0.139699 0.328211
whiteboard 52 4 435 147 0.550416 0.419087
person 207 194 226 226 0.219227 0.757384
person 224 200 227 208 0.113795 0.880227
bag 262 263 268 264 0.125604 0.686123
garbage_bin 207 266 336 452 0.816708 0.180059
garbage_bin 240 399 244 405 0.63169 0.331583
garbage_bin 51 224 302 422 0.624834 0.151861
garbage_bin 157 231 163 234 0.170553 0.772094
garbage_bin 354 300 359 315 0.16992 0.737345
garbage_bin 209 330 231 365 0.163677 0.812792
garbage_bin 330 309 352 323 0.136099 0.855616
garbage_bin 349 309 351 314 0.135471 0.789802
garbage_bin 205 276 238 380 0.131516 0.822849
garbage_bin 348 313 356 319 0.13136 0.816218
garbage_bin 210 343 214 371 0.112332 0.863418
garbage_bin 448 193 478 267 0.109975 0.857084
garbage_bin 339 280 356 312 0.108718 0.800242
