chair 183 136 443 498 0.963367 0.034787
chair 4 37 80 168 0.817269 0.177472
chair 9 37 229 140 0.81005 0.186540
chair 143 11 221 120 0.694082 0.297157
chair 174 7 292 95 0.671748 0.309560
chair 0 38 48 103 0.604143 0.394935
chair 110 15 172 111 0.529424 0.464693
chair 541 0 728 78 0.516747 0.464645
chair 5 22 123 89 0.485318 0.513169
chair 173 9 228 58 0.432242 0.555375
chair 514 34 707 152 0.392919 0.575097
chair 166 22 184 53 0.391605 0.597772
chair 63 99 165 139 0.387403 0.583507
chair 31 36 57 84 0.363589 0.636191
chair 217 11 232 42 0.320094 0.661211
chair 36 27 55 40 0.314929 0.672734
chair 217 2 319 46 0.265122 0.660437
chair 138 87 149 105 0.256303 0.733808
chair 206 33 223 44 0.255871 0.720052
chair 152 10 170 24 0.239433 0.757737
chair 141 71 178 115 0.235896 0.755768
chair 278 15 323 69 0.230084 0.715231
chair 175 85 205 109 0.22736 0.744372
chair 96 13 132 69 0.223701 0.772697
chair 167 58 198 101 0.202311 0.784331
chair 176 46 185 51 0.194972 0.795342
chair 159 12 166 20 0.194437 0.801062
chair 102 23 119 40 0.194156 0.803914
chair 34 11 99 41 0.193283 0.803084
chair 313 0 503 132 0.189919 0.579854
chair 230 9 401 81 0.170809 0.822030
chair 199 31 246 95 0.170464 0.803010
chair 172 11 175 14 0.164797 0.828068
chair 146 47 188 75 0.152319 0.838892
chair 170 8 177 11 0.134882 0.859872
chair 207 38 212 44 0.133773 0.846448
chair 111 16 120 23 0.131506 0.862079
chair 188 46 219 103 0.124063 0.852711
chair 167 60 182 74 0.121655 0.866886
chair 4 1 152 27 0.117826 0.834190
chair 5 24 46 49 0.115107 0.877952
chair 49 27 57 31 0.114063 0.803659
chair 474 34 527 143 0.113949 0.810309
chair 565 63 570 65 0.108919 0.882343
table 23 67 425 502 0.986811 0.006088
desk 0 84 387 478 0.315647 0.115378
paper 530 0 588 31 0.358896 0.345577
paper 2 315 66 400 0.165307 0.560846
paper 108 366 171 430 0.144852 0.707997
paper 722 466 729 473 0.133935 0.165402
paper 40 400 46 403 0.116323 0.841695
paper 321 514 338 525 0.109438 0.549644
paper 311 26 318 31 0.104097 0.559569
box 310 3 528 58 0.831505 0.145197
box 404 4 465 89 0.688075 0.300222
box 320 29 322 31 0.61315 0.290844
box 390 0 499 37 0.530736 0.454841
box 446 1 471 36 0.496573 0.459965
box 436 46 493 123 0.425747 0.521729
box 119 434 124 439 0.376552 0.563460
box 311 26 319 31 0.30995 0.559569
box 391 0 459 13 0.292591 0.680555
box 457 34 467 34 0.251936 0.689973
box 473 39 522 92 0.222594 0.695973
box 531 0 590 31 0.201328 0.345577
box 689 190 700 197 0.198663 0.757435
box 1 397 12 400 0.183797 0.082427
box 466 6 520 65 0.16446 0.555044
box 0 315 68 401 0.160294 0.560846
box 472 64 492 93 0.156173 0.796687
box 396 11 515 143 0.150577 0.768506
box 466 4 496 36 0.146834 0.768756
box 440 28 454 41 0.126606 0.859472
box 106 333 199 433 0.114415 0.601062
box 8 297 246 469 0.108524 0.646404
person 717 404 729 433 0.111247 0.273624
toilet 480 3 535 39 0.230963 0.627895
lamp 485 8 522 66 0.177695 0.697518
garbage_bin 707 210 729 319 0.231799 0.107791
