0.034323 0.000012 0.964365 0.000001 0.001073 0.000023 0.000001 0.000000 0.000020 0.000001 0.000042 0.000000 0.000038 0.000041 0.000009 0.000000 0.000007 0.000001 0.000000 0.000002 0.000003 0.000002 0.000000 0.000001 0.000012 0.000003 0.000006 0.000000 0.000010 0.000000 0.000004 0.000000
0.800859 0.000291 0.184358 0.000224 0.002461 0.000195 0.000129 0.000081 0.001942 0.000451 0.000420 0.000217 0.000051 0.000378 0.005596 0.000068 0.000344 0.000068 0.000038 0.000194 0.000167 0.000142 0.000118 0.000101 0.000230 0.000120 0.000200 0.000192 0.000084 0.000102 0.000088 0.000090
0.752321 0.000051 0.141007 0.000049 0.005687 0.000042 0.000035 0.000049 0.000216 0.000096 0.000108 0.000042 0.000019 0.000201 0.096935 0.000011 0.001968 0.000009 0.000007 0.000140 0.000186 0.000123 0.000017 0.000076 0.000197 0.000032 0.000054 0.000044 0.000020 0.000162 0.000054 0.000042
0.847096 0.000779 0.136963 0.000149 0.000756 0.000120 0.000165 0.000108 0.004573 0.001000 0.001229 0.000360 0.000107 0.000538 0.001954 0.000066 0.000500 0.000153 0.000073 0.000475 0.000398 0.000651 0.000139 0.000089 0.000391 0.000102 0.000178 0.000236 0.000125 0.000168 0.000241 0.000118
0.531314 0.003844 0.002822 0.279557 0.031203 0.019534 0.002403 0.001621 0.004524 0.010423 0.007781 0.001745 0.002286 0.002139 0.014278 0.001660 0.003599 0.001920 0.001462 0.009915 0.003144 0.014838 0.003908 0.009236 0.001545 0.002064 0.002760 0.012068 0.001939 0.005924 0.003278 0.005265
0.546325 0.000780 0.004849 0.131492 0.003938 0.005883 0.000754 0.000490 0.002622 0.006031 0.001384 0.000566 0.002838 0.002531 0.087072 0.000690 0.020473 0.000804 0.000693 0.023991 0.019700 0.072405 0.000361 0.004766 0.003096 0.001599 0.002813 0.006319 0.001348 0.028671 0.010929 0.003789
0.742483 0.002460 0.001630 0.129628 0.003623 0.016190 0.000795 0.000625 0.001833 0.019320 0.003638 0.000763 0.001243 0.001395 0.018803 0.001773 0.003726 0.001120 0.000551 0.002612 0.001748 0.006294 0.000608 0.022198 0.000972 0.000378 0.000582 0.004990 0.000555 0.004808 0.000426 0.002230
0.652529 0.000751 0.000842 0.000206 0.000463 0.000189 0.002528 0.000485 0.001134 0.263652 0.000549 0.001731 0.000014 0.000816 0.010702 0.003162 0.004025 0.001267 0.000201 0.026264 0.005727 0.006097 0.000379 0.001144 0.000693 0.000607 0.000237 0.004659 0.000523 0.006322 0.001368 0.000734
0.452744 0.000260 0.000096 0.001125 0.000932 0.001423 0.001739 0.001125 0.001041 0.129684 0.002925 0.000559 0.000142 0.000391 0.001801 0.002256 0.001983 0.022236 0.003035 0.234613 0.020666 0.061601 0.002507 0.001553 0.000777 0.003581 0.002238 0.007129 0.002436 0.013249 0.019416 0.004735
0.819223 0.002786 0.001978 0.001017 0.001029 0.000797 0.007561 0.001379 0.003293 0.103927 0.001170 0.005260 0.000042 0.001196 0.004895 0.006399 0.003698 0.003069 0.000262 0.009566 0.003210 0.003719 0.001473 0.001930 0.000510 0.000741 0.000353 0.004232 0.000471 0.002910 0.001042 0.000862
0.521575 0.000002 0.000487 0.000002 0.000014 0.000000 0.000002 0.000001 0.000002 0.000007 0.000003 0.000001 0.000000 0.000011 0.476067 0.000000 0.001449 0.000000 0.000000 0.000091 0.000034 0.000073 0.000000 0.000001 0.000071 0.000001 0.000002 0.000007 0.000000 0.000076 0.000017 0.000003
0.263389 0.000809 0.033938 0.001162 0.054411 0.000726 0.001412 0.001200 0.000853 0.013760 0.001722 0.000462 0.000104 0.002395 0.413835 0.000778 0.077730 0.000280 0.001165 0.047945 0.020456 0.014864 0.000578 0.005919 0.002878 0.001069 0.000782 0.004590 0.001487 0.019748 0.006556 0.002994
0.623023 0.000009 0.000542 0.000012 0.000060 0.000002 0.000013 0.000006 0.000011 0.000035 0.000013 0.000008 0.000000 0.000029 0.371830 0.000001 0.002774 0.000001 0.000001 0.000539 0.000123 0.000364 0.000002 0.000007 0.000184 0.000006 0.000006 0.000032 0.000001 0.000281 0.000070 0.000014
0.619048 0.000148 0.008255 0.000421 0.000395 0.000137 0.000090 0.000086 0.000215 0.000736 0.000155 0.000117 0.000050 0.000882 0.355162 0.000034 0.005255 0.000036 0.000035 0.001100 0.000619 0.001767 0.000039 0.000329 0.001397 0.000045 0.000079 0.000412 0.000046 0.001992 0.000663 0.000256
0.714870 0.000017 0.006089 0.000005 0.000048 0.000003 0.000010 0.000011 0.000033 0.000064 0.000019 0.000015 0.000001 0.000089 0.275904 0.000003 0.002036 0.000001 0.000001 0.000177 0.000108 0.000098 0.000004 0.000016 0.000135 0.000007 0.000011 0.000042 0.000003 0.000130 0.000035 0.000015
0.732873 0.000081 0.005991 0.000323 0.007300 0.000184 0.000146 0.000172 0.000243 0.000729 0.000449 0.000135 0.000052 0.000262 0.231067 0.000055 0.007132 0.000040 0.000038 0.003131 0.003282 0.000989 0.000046 0.000390 0.000647 0.000204 0.000530 0.000489 0.000244 0.001785 0.000701 0.000292
0.727637 0.000190 0.023436 0.001301 0.001766 0.000125 0.000147 0.000124 0.000413 0.001299 0.000607 0.000165 0.000034 0.000759 0.224011 0.000102 0.005131 0.000059 0.000085 0.001417 0.002640 0.001030 0.000057 0.000238 0.001622 0.000206 0.000600 0.000995 0.000094 0.001885 0.001438 0.000382
0.769787 0.000008 0.000315 0.000054 0.000145 0.000007 0.000013 0.000013 0.000021 0.000307 0.000038 0.000016 0.000002 0.000030 0.221773 0.000015 0.002235 0.000005 0.000007 0.000689 0.001651 0.000652 0.000007 0.000122 0.000073 0.000009 0.000078 0.000176 0.000017 0.001588 0.000097 0.000052
0.795930 0.000014 0.001256 0.000116 0.000089 0.000009 0.000016 0.000010 0.000051 0.000165 0.000039 0.000020 0.000002 0.000090 0.197045 0.000010 0.002118 0.000003 0.000006 0.000904 0.000329 0.000313 0.000004 0.000031 0.000318 0.000023 0.000052 0.000219 0.000006 0.000591 0.000155 0.000067
0.807731 0.000001 0.000165 0.000007 0.000043 0.000001 0.000006 0.000004 0.000012 0.000237 0.000016 0.000006 0.000000 0.000006 0.187592 0.000003 0.000965 0.000001 0.000001 0.000941 0.001103 0.000328 0.000000 0.000019 0.000018 0.000003 0.000024 0.000041 0.000006 0.000653 0.000052 0.000014
0.725688 0.000049 0.090514 0.000074 0.004982 0.000041 0.000038 0.000048 0.000160 0.000137 0.000113 0.000044 0.000016 0.000219 0.174452 0.000012 0.001885 0.000009 0.000008 0.000198 0.000233 0.000179 0.000016 0.000085 0.000267 0.000031 0.000065 0.000064 0.000021 0.000228 0.000069 0.000055
0.829958 0.000000 0.000025 0.000007 0.000055 0.000000 0.000001 0.000001 0.000001 0.000036 0.000003 0.000001 0.000000 0.000001 0.168732 0.000000 0.000279 0.000000 0.000000 0.000324 0.000268 0.000085 0.000000 0.000017 0.000003 0.000001 0.000008 0.000010 0.000002 0.000169 0.000009 0.000005
0.825450 0.000033 0.001127 0.000325 0.000260 0.000020 0.000043 0.000019 0.000062 0.000218 0.000083 0.000028 0.000005 0.000164 0.164837 0.000017 0.002484 0.000011 0.000011 0.001234 0.000504 0.000503 0.000010 0.000052 0.000516 0.000046 0.000098 0.000239 0.000014 0.000923 0.000576 0.000089
0.838335 0.000005 0.000293 0.000034 0.000039 0.000003 0.000007 0.000008 0.000020 0.000223 0.000023 0.000019 0.000000 0.000029 0.157195 0.000008 0.001061 0.000001 0.000002 0.001517 0.000223 0.000120 0.000002 0.000022 0.000106 0.000006 0.000035 0.000251 0.000004 0.000314 0.000075 0.000023
0.865065 0.000002 0.000546 0.000002 0.000011 0.000001 0.000003 0.000003 0.000010 0.000034 0.000003 0.000003 0.000000 0.000010 0.133669 0.000001 0.000397 0.000000 0.000000 0.000078 0.000033 0.000032 0.000001 0.000005 0.000021 0.000002 0.000002 0.000016 0.000000 0.000040 0.000007 0.000004
0.843207 0.000009 0.000270 0.000032 0.000015 0.000005 0.000023 0.000012 0.000046 0.000377 0.000051 0.000034 0.000001 0.000132 0.128714 0.000008 0.006677 0.000002 0.000007 0.013921 0.000757 0.001104 0.000002 0.000079 0.000591 0.000016 0.000081 0.000706 0.000005 0.002607 0.000431 0.000079
0.863145 0.000024 0.004039 0.000119 0.000724 0.000065 0.000035 0.000040 0.000107 0.000184 0.000190 0.000026 0.000013 0.000078 0.125642 0.000021 0.001676 0.000010 0.000010 0.001048 0.000737 0.000404 0.000013 0.000162 0.000154 0.000041 0.000235 0.000139 0.000076 0.000547 0.000203 0.000094
0.874588 0.000003 0.000318 0.000020 0.000022 0.000002 0.000006 0.000003 0.000012 0.000129 0.000009 0.000006 0.000000 0.000019 0.122317 0.000004 0.000492 0.000001 0.000002 0.001194 0.000220 0.000163 0.000001 0.000010 0.000048 0.000004 0.000009 0.000069 0.000002 0.000270 0.000042 0.000015
0.868293 0.000010 0.002186 0.000034 0.000189 0.000006 0.000016 0.000015 0.000092 0.000271 0.000036 0.000019 0.000003 0.000045 0.122076 0.000019 0.003535 0.000005 0.000005 0.000533 0.000818 0.000420 0.000007 0.000139 0.000055 0.000010 0.000049 0.000117 0.000014 0.000881 0.000050 0.000049
0.860980 0.000132 0.002474 0.001313 0.001913 0.000108 0.000174 0.000085 0.000207 0.000484 0.000465 0.000080 0.000021 0.000415 0.116885 0.000056 0.003118 0.000067 0.000041 0.002169 0.000971 0.000989 0.000040 0.000187 0.001224 0.000197 0.000412 0.000362 0.000085 0.001736 0.002389 0.000218
0.871086 0.000011 0.010399 0.000261 0.000275 0.000008 0.000029 0.000021 0.000045 0.000555 0.000184 0.000032 0.000002 0.000093 0.110532 0.000023 0.001967 0.000023 0.000026 0.000489 0.001539 0.000564 0.000005 0.000088 0.000234 0.000033 0.000173 0.000120 0.000025 0.000764 0.000314 0.000079
0.874646 0.000119 0.006039 0.000453 0.000615 0.000055 0.000138 0.000132 0.000423 0.001414 0.000463 0.000250 0.000027 0.000461 0.102400 0.000099 0.003083 0.000045 0.000065 0.002558 0.001041 0.000930 0.000077 0.000390 0.000697 0.000141 0.000262 0.000862 0.000076 0.001444 0.000304 0.000288
0.452744 0.000260 0.000096 0.001125 0.000932 0.001423 0.001739 0.001125 0.001041 0.129684 0.002925 0.000559 0.000142 0.000391 0.001801 0.002256 0.001983 0.022236 0.003035 0.234613 0.020666 0.061601 0.002507 0.001553 0.000777 0.003581 0.002238 0.007129 0.002436 0.013249 0.019416 0.004735
0.364950 0.003826 0.011827 0.014118 0.030709 0.024723 0.008417 0.004193 0.004858 0.024520 0.032715 0.004158 0.004265 0.006602 0.029780 0.001670 0.008633 0.007432 0.004665 0.146435 0.013976 0.091051 0.004919 0.009390 0.005630 0.009243 0.002770 0.015537 0.018914 0.025039 0.058262 0.006772
0.480903 0.002646 0.008132 0.015486 0.027126 0.025456 0.006567 0.003191 0.003917 0.015750 0.029853 0.002615 0.003867 0.004935 0.024039 0.001158 0.006879 0.004495 0.003525 0.123326 0.009939 0.082607 0.002859 0.006880 0.004511 0.006387 0.001920 0.011119 0.012466 0.019673 0.043058 0.004716
0.773754 0.000062 0.000225 0.000652 0.000422 0.000299 0.000645 0.000334 0.000346 0.045097 0.001534 0.000268 0.000023 0.000109 0.002396 0.000547 0.000917 0.004474 0.000587 0.109631 0.012059 0.025175 0.000481 0.000606 0.000370 0.002365 0.000943 0.002122 0.000914 0.004004 0.007087 0.001554
0.529507 0.000132 0.000320 0.001045 0.000473 0.000450 0.000181 0.000204 0.000855 0.006888 0.002587 0.000222 0.000159 0.000648 0.015708 0.000054 0.005673 0.000549 0.000215 0.071997 0.007096 0.307187 0.000204 0.001496 0.001868 0.000136 0.000393 0.001922 0.000179 0.027803 0.012062 0.001788
0.669334 0.000330 0.001883 0.002389 0.000517 0.003280 0.000313 0.000152 0.000659 0.009075 0.000920 0.000112 0.000738 0.002383 0.023874 0.000199 0.004600 0.001785 0.000376 0.074529 0.007845 0.163260 0.000098 0.000983 0.004667 0.000595 0.000670 0.002365 0.000365 0.011343 0.008924 0.001439
0.758186 0.000201 0.001450 0.005542 0.000986 0.001006 0.000192 0.000153 0.000892 0.004780 0.000973 0.000172 0.000412 0.000844 0.005367 0.000091 0.007810 0.000667 0.000141 0.030599 0.004516 0.146601 0.000286 0.001020 0.001523 0.000216 0.000542 0.003062 0.000223 0.008910 0.011586 0.001050
0.798063 0.000033 0.000288 0.000045 0.000024 0.000129 0.000053 0.000014 0.000057 0.000790 0.000126 0.000005 0.000022 0.000328 0.004405 0.000015 0.001969 0.000502 0.000092 0.022320 0.008479 0.134569 0.000007 0.000207 0.001409 0.000264 0.000176 0.000269 0.000040 0.003518 0.021585 0.000197
0.476833 0.000702 0.010971 0.073164 0.004879 0.004954 0.000672 0.000508 0.001980 0.010164 0.001113 0.000531 0.002332 0.004393 0.130588 0.000579 0.037849 0.000736 0.000736 0.021769 0.020832 0.103929 0.000332 0.006191 0.004378 0.000907 0.001550 0.007297 0.001001 0.046910 0.016544 0.004674
0.657047 0.000485 0.002903 0.000305 0.000637 0.000935 0.000505 0.000142 0.000535 0.002033 0.001165 0.000064 0.000116 0.003056 0.008276 0.000176 0.006918 0.002887 0.001110 0.019128 0.029143 0.104092 0.000037 0.000842 0.006716 0.002677 0.001371 0.001660 0.000374 0.007249 0.136427 0.000987
