0.004995 0.000001 0.993518 0.000005 0.001361 0.000009 0.000000 0.000000 0.000002 0.000001 0.000007 0.000000 0.000005 0.000008 0.000023 0.000000 0.000032 0.000001 0.000000 0.000001 0.000008 0.000002 0.000000 0.000001 0.000004 0.000003 0.000002 0.000000 0.000005 0.000001 0.000004 0.000000
0.673961 0.000993 0.214434 0.004509 0.003367 0.003273 0.000620 0.000341 0.004159 0.001471 0.001227 0.000602 0.000301 0.005250 0.029591 0.000222 0.036057 0.000379 0.000169 0.001245 0.002479 0.003530 0.000199 0.000549 0.002311 0.000244 0.000290 0.002422 0.000192 0.001594 0.003327 0.000691
0.566466 0.000524 0.000316 0.183116 0.009774 0.014527 0.000602 0.000547 0.001389 0.004884 0.013505 0.000368 0.000587 0.000386 0.003536 0.000457 0.003386 0.001571 0.000675 0.041203 0.010326 0.099531 0.001632 0.000859 0.000899 0.001882 0.006725 0.002938 0.001820 0.007367 0.015766 0.002438
0.753304 0.000198 0.000918 0.165030 0.006246 0.001800 0.000234 0.000158 0.000133 0.001763 0.000414 0.000189 0.000432 0.000499 0.025076 0.000210 0.006978 0.000201 0.000353 0.003658 0.004068 0.011399 0.000322 0.001692 0.000858 0.000306 0.000478 0.002941 0.000241 0.006026 0.002300 0.001574
0.595287 0.000107 0.001015 0.133209 0.003122 0.001750 0.000226 0.000123 0.000272 0.002634 0.000528 0.000098 0.000190 0.000773 0.061838 0.000157 0.037256 0.000497 0.000621 0.003168 0.032927 0.054099 0.000060 0.000684 0.001539 0.000269 0.000767 0.001648 0.000207 0.040312 0.021834 0.002782
0.766217 0.006929 0.000020 0.117959 0.000546 0.031656 0.000633 0.000251 0.001897 0.001579 0.013228 0.000253 0.005530 0.000625 0.000446 0.000267 0.000706 0.001051 0.001112 0.004695 0.000638 0.034158 0.000427 0.000561 0.000870 0.000441 0.000738 0.001327 0.000314 0.001713 0.001929 0.001284
0.634426 0.025811 0.000393 0.114293 0.002251 0.034626 0.001792 0.001051 0.004014 0.003497 0.060328 0.001053 0.009234 0.004407 0.003052 0.001220 0.002886 0.004805 0.003437 0.009667 0.002428 0.034931 0.001564 0.002029 0.006415 0.001593 0.004617 0.003191 0.001715 0.004625 0.009498 0.005152
0.587842 0.003012 0.003449 0.113027 0.016638 0.113757 0.001677 0.000729 0.002981 0.005775 0.018984 0.000685 0.030328 0.002753 0.002734 0.000779 0.003381 0.002301 0.002695 0.015689 0.003606 0.027634 0.002499 0.005703 0.003532 0.001492 0.002607 0.004233 0.002178 0.006004 0.008187 0.003110
0.777588 0.002351 0.001704 0.003826 0.116296 0.003061 0.001249 0.000716 0.001664 0.004047 0.020871 0.001109 0.000262 0.000609 0.005453 0.000211 0.001140 0.000523 0.000426 0.013724 0.001177 0.006796 0.001489 0.004176 0.002599 0.002316 0.001319 0.002778 0.001477 0.001757 0.015682 0.001604
0.408224 0.008114 0.006347 0.043295 0.012843 0.298734 0.003250 0.001653 0.003540 0.007195 0.059240 0.001058 0.027847 0.005468 0.002462 0.000913 0.002749 0.005418 0.002696 0.018060 0.002786 0.021180 0.008283 0.007953 0.006499 0.001597 0.003973 0.004182 0.005544 0.003511 0.011145 0.004242
0.672145 0.005425 0.000676 0.046506 0.001241 0.165500 0.002332 0.000777 0.002131 0.004085 0.008620 0.000623 0.024513 0.002055 0.000765 0.000390 0.001966 0.003261 0.000665 0.007906 0.002394 0.011891 0.007302 0.004348 0.003555 0.000769 0.001345 0.002882 0.000728 0.003010 0.008067 0.002127
0.651575 0.014525 0.001055 0.023430 0.004475 0.107378 0.000884 0.000690 0.003502 0.003284 0.035971 0.000557 0.018356 0.005805 0.006160 0.000554 0.004585 0.003024 0.001471 0.010355 0.002723 0.055478 0.000635 0.001519 0.011544 0.000875 0.003792 0.003940 0.001418 0.005066 0.012398 0.002976
0.770721 0.013510 0.000506 0.000380 0.002714 0.001209 0.001686 0.000390 0.101722 0.002299 0.023027 0.000476 0.001385 0.001771 0.000199 0.000180 0.000773 0.002955 0.000403 0.015168 0.000641 0.047619 0.000989 0.000338 0.001110 0.000690 0.001183 0.000459 0.000307 0.000538 0.004189 0.000463
0.848024 0.022258 0.000087 0.000373 0.000735 0.000137 0.002642 0.000656 0.101621 0.005503 0.000993 0.003530 0.000015 0.000094 0.000032 0.001920 0.000690 0.000693 0.000828 0.000678 0.000067 0.002997 0.002848 0.000490 0.000084 0.000123 0.000094 0.001209 0.000025 0.000139 0.000120 0.000294
0.650993 0.001498 0.000048 0.000066 0.000706 0.000020 0.000517 0.000353 0.001712 0.279977 0.000037 0.000651 0.000000 0.000019 0.000788 0.008781 0.004401 0.000016 0.002083 0.027570 0.000297 0.010457 0.000362 0.000344 0.000154 0.000011 0.000003 0.005865 0.000005 0.001721 0.000045 0.000500
0.311244 0.000486 0.000193 0.000880 0.000836 0.000712 0.002572 0.001133 0.003079 0.259300 0.001703 0.000574 0.000087 0.000414 0.005727 0.003067 0.002385 0.006635 0.001598 0.257667 0.010623 0.093956 0.003561 0.002694 0.000552 0.001289 0.000803 0.005833 0.001275 0.010659 0.004651 0.003812
0.527861 0.001867 0.000082 0.000529 0.001287 0.000291 0.000378 0.000595 0.002915 0.183756 0.002211 0.000505 0.000049 0.000480 0.003896 0.001385 0.001750 0.000848 0.000398 0.072110 0.002539 0.165298 0.000305 0.003042 0.000389 0.000141 0.001308 0.011061 0.001415 0.007400 0.001975 0.001933
0.350943 0.002219 0.000559 0.005395 0.005500 0.001344 0.011593 0.002622 0.007629 0.168937 0.002099 0.001766 0.000066 0.001509 0.009428 0.030372 0.012489 0.006807 0.005170 0.126054 0.025029 0.107848 0.003400 0.005394 0.001269 0.002431 0.001556 0.034706 0.001247 0.034374 0.022798 0.007446
0.657344 0.001408 0.000358 0.002107 0.001109 0.001782 0.003941 0.001023 0.005639 0.141072 0.002164 0.000496 0.000146 0.000810 0.002136 0.003030 0.001929 0.010055 0.002277 0.066378 0.004639 0.065459 0.004083 0.002302 0.000485 0.000706 0.000443 0.004623 0.000518 0.005398 0.003072 0.003070
0.553497 0.001036 0.000482 0.002575 0.002049 0.000427 0.007832 0.001820 0.005690 0.135436 0.000785 0.001295 0.000026 0.000805 0.012486 0.031925 0.009515 0.003331 0.002388 0.093670 0.016168 0.046097 0.001413 0.003646 0.001228 0.001138 0.000944 0.024859 0.000363 0.023983 0.007471 0.005619
0.563607 0.003960 0.000158 0.000305 0.002583 0.000114 0.002873 0.000930 0.006209 0.129486 0.000622 0.002659 0.000025 0.000265 0.002370 0.001382 0.007633 0.000330 0.000993 0.111472 0.004530 0.121230 0.013924 0.001097 0.001042 0.000368 0.000099 0.005604 0.000251 0.010877 0.001592 0.001412
0.386221 0.002698 0.000951 0.002035 0.004609 0.001333 0.012707 0.003254 0.007260 0.126254 0.005204 0.001575 0.000113 0.002060 0.016964 0.019789 0.007428 0.007058 0.006117 0.193192 0.022289 0.058540 0.002945 0.004505 0.003003 0.004993 0.003557 0.017515 0.003030 0.027890 0.036358 0.008551
0.695065 0.011982 0.000607 0.000983 0.001815 0.000441 0.023131 0.002757 0.008722 0.119149 0.001630 0.021342 0.000026 0.001232 0.003535 0.008424 0.009545 0.001151 0.001700 0.029085 0.004650 0.021892 0.001294 0.003225 0.001071 0.001119 0.000466 0.008266 0.000288 0.009623 0.004213 0.001570
0.584925 0.001851 0.010544 0.001341 0.004092 0.001130 0.000554 0.001113 0.002550 0.009614 0.113054 0.000972 0.000434 0.002225 0.018469 0.000625 0.033856 0.000542 0.000621 0.046636 0.024094 0.041601 0.000793 0.003155 0.002758 0.000833 0.020394 0.004895 0.004995 0.017480 0.041201 0.002656
0.107843 0.000004 0.000219 0.000555 0.001417 0.000013 0.000015 0.000010 0.000027 0.000140 0.000019 0.000012 0.000003 0.000034 0.872441 0.000006 0.005147 0.000004 0.000006 0.000805 0.001415 0.002068 0.000002 0.000123 0.000103 0.000002 0.000027 0.000097 0.000004 0.007258 0.000111 0.000069
0.295687 0.000002 0.000541 0.000007 0.000318 0.000001 0.000004 0.000003 0.000001 0.000043 0.000007 0.000013 0.000000 0.000007 0.701797 0.000001 0.001220 0.000000 0.000000 0.000099 0.000101 0.000015 0.000001 0.000021 0.000004 0.000000 0.000001 0.000047 0.000001 0.000054 0.000003 0.000002
0.385567 0.000010 0.005036 0.000059 0.000340 0.000018 0.000032 0.000015 0.000019 0.000093 0.000026 0.000050 0.000000 0.000061 0.601490 0.000007 0.005955 0.000001 0.000002 0.000203 0.000201 0.000073 0.000003 0.000115 0.000033 0.000003 0.000007 0.000149 0.000004 0.000383 0.000023 0.000023
0.642007 0.000503 0.000980 0.000679 0.000885 0.000079 0.000550 0.000310 0.000135 0.002574 0.000372 0.000540 0.000025 0.000461 0.280040 0.000115 0.006151 0.000094 0.000064 0.028125 0.004870 0.009320 0.000867 0.002109 0.001686 0.000393 0.000222 0.002449 0.000254 0.010117 0.002075 0.000949
0.699387 0.000136 0.005882 0.000354 0.000814 0.000136 0.000293 0.000282 0.000346 0.001418 0.000474 0.000257 0.000044 0.000504 0.244751 0.000119 0.017743 0.000106 0.000107 0.005975 0.007066 0.004353 0.000147 0.000640 0.000977 0.000335 0.000401 0.000551 0.000207 0.004951 0.000761 0.000482
0.669231 0.000165 0.036699 0.002506 0.000843 0.000413 0.000339 0.000136 0.000685 0.001307 0.000209 0.000282 0.000025 0.001497 0.224307 0.000126 0.043563 0.000043 0.000065 0.001530 0.002220 0.002915 0.000045 0.000539 0.001275 0.000091 0.000125 0.001845 0.000074 0.005328 0.000965 0.000606
0.829950 0.000001 0.000023 0.000000 0.000013 0.000000 0.000003 0.000001 0.000003 0.000054 0.000005 0.000003 0.000000 0.000002 0.167681 0.000001 0.000356 0.000000 0.000001 0.000909 0.000394 0.000194 0.000000 0.000002 0.000019 0.000003 0.000007 0.000032 0.000003 0.000297 0.000038 0.000004
0.835571 0.000002 0.000155 0.000002 0.000020 0.000000 0.000001 0.000001 0.000003 0.000021 0.000002 0.000002 0.000000 0.000008 0.163909 0.000000 0.000099 0.000000 0.000000 0.000110 0.000005 0.000011 0.000000 0.000002 0.000033 0.000002 0.000001 0.000021 0.000000 0.000013 0.000003 0.000002
0.784843 0.001255 0.002513 0.000290 0.000421 0.000243 0.000674 0.000382 0.000566 0.003529 0.000674 0.000574 0.000050 0.001099 0.162066 0.000282 0.005481 0.000137 0.000142 0.008409 0.003243 0.007816 0.000456 0.000708 0.002725 0.000449 0.000436 0.002332 0.000483 0.004691 0.002227 0.000801
0.841346 0.000002 0.000069 0.000002 0.000022 0.000000 0.000001 0.000001 0.000001 0.000015 0.000001 0.000002 0.000000 0.000004 0.158402 0.000000 0.000031 0.000000 0.000000 0.000048 0.000002 0.000006 0.000000 0.000002 0.000017 0.000001 0.000001 0.000015 0.000000 0.000006 0.000002 0.000001
0.849715 0.000000 0.000017 0.000000 0.000001 0.000000 0.000000 0.000000 0.000000 0.000002 0.000000 0.000000 0.000000 0.000000 0.150075 0.000000 0.000077 0.000000 0.000000 0.000073 0.000004 0.000017 0.000000 0.000000 0.000002 0.000000 0.000000 0.000002 0.000000 0.000009 0.000002 0.000000
0.644605 0.000466 0.011037 0.008879 0.004940 0.005643 0.000512 0.000507 0.001618 0.005619 0.001114 0.000620 0.000557 0.001998 0.143515 0.000253 0.093129 0.000163 0.000884 0.006652 0.011657 0.007612 0.000185 0.001228 0.002369 0.000378 0.000380 0.008177 0.000324 0.029029 0.003600 0.002352
0.711667 0.000228 0.004278 0.005978 0.001559 0.001909 0.000464 0.000327 0.000502 0.003421 0.000695 0.000317 0.000287 0.001191 0.118966 0.000123 0.069346 0.000207 0.000296 0.007456 0.008822 0.011090 0.000152 0.000782 0.001951 0.000513 0.000409 0.004425 0.000408 0.036439 0.004500 0.001293
0.649310 0.000370 0.009960 0.006460 0.004964 0.001789 0.000505 0.000449 0.001349 0.003895 0.000951 0.000441 0.000504 0.001634 0.127869 0.000189 0.116516 0.000136 0.000771 0.006126 0.011143 0.007591 0.000190 0.001194 0.002300 0.000366 0.000420 0.004675 0.000287 0.031871 0.003595 0.002180
0.432320 0.000019 0.000072 0.001192 0.000400 0.000186 0.000149 0.000146 0.000195 0.008142 0.000301 0.000154 0.000057 0.000052 0.003707 0.000055 0.001357 0.000438 0.000156 0.453319 0.010014 0.072885 0.001994 0.000746 0.000439 0.000226 0.000232 0.001076 0.000377 0.006309 0.002717 0.000564
0.571846 0.000001 0.000005 0.000186 0.000028 0.000018 0.000016 0.000009 0.000035 0.001040 0.000074 0.000008 0.000006 0.000006 0.002381 0.000003 0.000553 0.000031 0.000012 0.388587 0.003502 0.026647 0.000026 0.000027 0.000089 0.000040 0.000056 0.000184 0.000027 0.003030 0.001418 0.000111
0.578035 0.000022 0.000060 0.000167 0.000014 0.000097 0.000055 0.000031 0.000082 0.000671 0.000093 0.000021 0.000036 0.000100 0.006125 0.000024 0.006769 0.000050 0.000050 0.352242 0.006595 0.027652 0.000019 0.000090 0.001190 0.000052 0.000153 0.000419 0.000027 0.015457 0.003286 0.000317
0.458519 0.000631 0.000128 0.000308 0.000195 0.000407 0.000942 0.000225 0.006821 0.010769 0.000958 0.000204 0.000163 0.001172 0.001686 0.000121 0.001435 0.001387 0.000258 0.301932 0.002512 0.172977 0.000091 0.000190 0.002177 0.000409 0.000487 0.002214 0.000263 0.005665 0.023738 0.001016
0.521465 0.000958 0.001407 0.002499 0.008409 0.001589 0.001001 0.000644 0.004693 0.008580 0.007333 0.000759 0.000463 0.000674 0.004956 0.000335 0.003357 0.000613 0.000422 0.277652 0.005267 0.111733 0.004363 0.001837 0.001643 0.000970 0.002221 0.002632 0.001172 0.005651 0.013183 0.001519
0.560033 0.000051 0.000026 0.001075 0.000454 0.000066 0.000351 0.000329 0.000260 0.047442 0.000864 0.000265 0.000021 0.000076 0.008419 0.000133 0.001671 0.000385 0.000247 0.274600 0.015630 0.051750 0.000823 0.001365 0.000370 0.000596 0.000581 0.003919 0.001420 0.019243 0.005264 0.002273
0.311244 0.000486 0.000193 0.000880 0.000836 0.000712 0.002572 0.001133 0.003079 0.259300 0.001703 0.000574 0.000087 0.000414 0.005727 0.003067 0.002385 0.006635 0.001598 0.257667 0.010623 0.093956 0.003561 0.002694 0.000552 0.001289 0.000803 0.005833 0.001275 0.010659 0.004651 0.003812
0.452049 0.000093 0.000089 0.003957 0.001722 0.000176 0.000419 0.000310 0.000800 0.020999 0.001397 0.000361 0.000135 0.000133 0.019333 0.000191 0.003854 0.000543 0.000438 0.249707 0.014761 0.190344 0.002065 0.002906 0.000737 0.000461 0.001668 0.005095 0.000829 0.016796 0.004057 0.003575
0.563627 0.000919 0.000130 0.000163 0.000232 0.000295 0.000250 0.000254 0.003010 0.008057 0.002430 0.000185 0.000165 0.001327 0.007503 0.000071 0.003786 0.000287 0.000177 0.246276 0.002578 0.128620 0.000065 0.000285 0.005465 0.000156 0.000450 0.001470 0.000227 0.012435 0.008095 0.001010
0.378413 0.005477 0.003222 0.003027 0.011586 0.004202 0.002019 0.001031 0.017496 0.007118 0.024266 0.000842 0.002820 0.004204 0.005298 0.000563 0.005971 0.001825 0.001239 0.230562 0.009255 0.205614 0.003198 0.001955 0.009389 0.001368 0.003929 0.003047 0.002532 0.008896 0.037154 0.002483
0.559825 0.000972 0.000228 0.000496 0.000388 0.000707 0.000880 0.000297 0.008106 0.009354 0.002220 0.000327 0.000259 0.000869 0.001394 0.000172 0.001291 0.001398 0.000376 0.226308 0.002930 0.148162 0.000203 0.000324 0.001377 0.000324 0.000704 0.002141 0.000318 0.005423 0.021161 0.001066
0.405329 0.005250 0.005407 0.009002 0.009001 0.014550 0.011708 0.004480 0.006899 0.041997 0.017238 0.004024 0.002536 0.005570 0.020078 0.002794 0.007761 0.008852 0.003253 0.213260 0.014205 0.067648 0.004707 0.006810 0.006133 0.010468 0.004275 0.018614 0.014201 0.019077 0.029428 0.005444
0.665024 0.000066 0.000021 0.000183 0.000031 0.000124 0.000252 0.000095 0.000262 0.021646 0.000299 0.000041 0.000077 0.000140 0.001177 0.000391 0.002228 0.001128 0.000133 0.198731 0.008483 0.088674 0.000116 0.000159 0.000438 0.000261 0.000609 0.000793 0.000201 0.005042 0.002505 0.000671
0.386221 0.002698 0.000951 0.002035 0.004609 0.001333 0.012707 0.003254 0.007260 0.126254 0.005204 0.001575 0.000113 0.002060 0.016964 0.019789 0.007428 0.007058 0.006117 0.193192 0.022289 0.058540 0.002945 0.004505 0.003003 0.004993 0.003557 0.017515 0.003030 0.027890 0.036358 0.008551
0.573121 0.002855 0.001304 0.005565 0.003085 0.005124 0.007033 0.002171 0.004623 0.048764 0.010905 0.002249 0.001931 0.002828 0.008064 0.001924 0.003374 0.006058 0.005643 0.192837 0.005894 0.049485 0.003663 0.004406 0.003226 0.003544 0.001480 0.007219 0.004417 0.010436 0.012685 0.004088
0.487826 0.001149 0.000481 0.003168 0.003954 0.002148 0.001369 0.000835 0.003115 0.019208 0.006716 0.001510 0.000395 0.000939 0.003891 0.000258 0.003344 0.001496 0.000476 0.192057 0.006443 0.171390 0.000743 0.002014 0.001001 0.001050 0.000977 0.016864 0.001289 0.014647 0.047039 0.002209
0.783752 0.000009 0.000027 0.000224 0.000269 0.000205 0.000016 0.000012 0.000047 0.000349 0.000964 0.000013 0.000053 0.000031 0.003540 0.000005 0.000578 0.000025 0.000023 0.186551 0.000876 0.014769 0.000004 0.000178 0.000491 0.000179 0.001215 0.001510 0.000027 0.001509 0.002035 0.000513
0.340583 0.004782 0.007317 0.009876 0.020629 0.014677 0.008958 0.004000 0.007380 0.037543 0.019795 0.003810 0.003299 0.007335 0.025949 0.002304 0.009929 0.008065 0.004811 0.184302 0.020463 0.098283 0.004483 0.009041 0.007101 0.008181 0.004454 0.018163 0.015310 0.028052 0.054529 0.006597
0.720308 0.000111 0.000069 0.000138 0.000035 0.000128 0.000142 0.000048 0.000133 0.001468 0.000196 0.000033 0.000089 0.000217 0.005107 0.000096 0.006922 0.000215 0.000086 0.171209 0.009446 0.047619 0.000030 0.000139 0.001728 0.000781 0.000361 0.001335 0.000207 0.013522 0.017682 0.000401
0.559391 0.002553 0.001122 0.001339 0.004465 0.002380 0.001203 0.000678 0.014699 0.007209 0.006757 0.000605 0.000521 0.001390 0.002727 0.000250 0.002107 0.000866 0.000557 0.169099 0.003694 0.169961 0.001312 0.001023 0.003191 0.000376 0.001311 0.002980 0.000729 0.005559 0.028545 0.001401
0.813960 0.000000 0.000001 0.000012 0.000000 0.000002 0.000001 0.000000 0.000001 0.000019 0.000003 0.000000 0.000004 0.000004 0.000202 0.000000 0.000190 0.000002 0.000001 0.168696 0.000066 0.016151 0.000000 0.000002 0.000164 0.000002 0.000005 0.000066 0.000000 0.000351 0.000076 0.000018
0.439496 0.000232 0.000194 0.002140 0.002141 0.000951 0.000458 0.000210 0.001558 0.011115 0.002565 0.000428 0.000111 0.000413 0.002139 0.000056 0.001309 0.000553 0.000213 0.161664 0.003164 0.314967 0.000111 0.000608 0.000353 0.000306 0.000319 0.005985 0.000331 0.007498 0.037327 0.001086
0.750652 0.000219 0.001157 0.000763 0.001006 0.000537 0.000291 0.000184 0.002827 0.002933 0.002930 0.000203 0.000274 0.000362 0.001339 0.000093 0.003586 0.000209 0.000262 0.155977 0.002573 0.057651 0.000542 0.000417 0.000937 0.000195 0.000608 0.000807 0.000210 0.003327 0.006207 0.000723
0.787319 0.000142 0.000640 0.000882 0.002627 0.004717 0.000449 0.000222 0.000616 0.003218 0.004249 0.000157 0.000175 0.000171 0.001564 0.000063 0.000410 0.000853 0.000156 0.146458 0.003028 0.020566 0.000119 0.000353 0.000239 0.000417 0.000453 0.001645 0.000964 0.002438 0.014382 0.000307
0.677305 0.000136 0.000072 0.006601 0.000173 0.000274 0.000287 0.000098 0.001137 0.003283 0.000790 0.000130 0.000202 0.000132 0.002003 0.000135 0.001489 0.000342 0.000244 0.143014 0.004171 0.148132 0.000229 0.000604 0.000388 0.000126 0.000345 0.001050 0.000084 0.004390 0.001682 0.000954
0.767917 0.000018 0.000005 0.000861 0.000302 0.000024 0.000110 0.000061 0.000085 0.009455 0.000231 0.000051 0.000004 0.000027 0.032651 0.000055 0.000877 0.000070 0.000071 0.141095 0.004951 0.026525 0.000057 0.000429 0.000192 0.000288 0.000454 0.003585 0.000188 0.006365 0.001133 0.001862
0.732955 0.000313 0.001305 0.001251 0.000720 0.000924 0.000598 0.000362 0.003204 0.006877 0.004584 0.000597 0.000233 0.000499 0.002458 0.000275 0.007210 0.000409 0.000800 0.137548 0.006329 0.062862 0.000273 0.000605 0.001025 0.000495 0.001807 0.001435 0.000548 0.008754 0.011608 0.001138
0.816135 0.000039 0.000035 0.001558 0.000487 0.001327 0.000169 0.000117 0.000289 0.003211 0.000735 0.000074 0.001278 0.000101 0.001600 0.000080 0.000578 0.000554 0.000355 0.135495 0.001758 0.017185 0.000069 0.000358 0.000730 0.000646 0.001999 0.004375 0.000257 0.002983 0.001812 0.003611
0.766728 0.000008 0.000020 0.001439 0.000082 0.000036 0.000041 0.000018 0.000184 0.001510 0.000119 0.000026 0.000014 0.000021 0.004639 0.000015 0.000917 0.000080 0.000040 0.134250 0.002419 0.082220 0.000069 0.000126 0.000198 0.000051 0.000131 0.000411 0.000031 0.002855 0.001021 0.000282
0.572918 0.000848 0.000272 0.003213 0.001692 0.002254 0.000449 0.000471 0.002417 0.014435 0.006743 0.000897 0.000391 0.000538 0.002617 0.000162 0.002512 0.000536 0.000289 0.127380 0.004478 0.205026 0.000405 0.001890 0.000616 0.000354 0.001165 0.013182 0.000769 0.013872 0.015952 0.001256
0.795567 0.000026 0.000093 0.000398 0.000011 0.000138 0.000047 0.000029 0.000095 0.000523 0.000086 0.000021 0.000107 0.000109 0.003518 0.000033 0.015413 0.000066 0.000052 0.127329 0.006681 0.030907 0.000020 0.000087 0.000646 0.000078 0.000126 0.000480 0.000034 0.014326 0.002548 0.000406
0.840791 0.000004 0.000041 0.000045 0.000017 0.000008 0.000017 0.000007 0.000020 0.000794 0.000016 0.000014 0.000001 0.000020 0.026599 0.000010 0.000385 0.000002 0.000007 0.127013 0.000371 0.001551 0.000002 0.000055 0.000137 0.000018 0.000013 0.000567 0.000002 0.001283 0.000116 0.000075
0.356329 0.002829 0.000785 0.008404 0.006846 0.002564 0.012175 0.003105 0.007980 0.117872 0.003908 0.002647 0.000112 0.001866 0.008827 0.019788 0.013028 0.006704 0.004656 0.126575 0.024483 0.117301 0.004734 0.007369 0.001368 0.003903 0.002398 0.049344 0.002260 0.034087 0.037544 0.008209
0.642708 0.000384 0.000147 0.001970 0.001786 0.002571 0.000366 0.000116 0.003869 0.007730 0.005603 0.000227 0.000577 0.000665 0.000597 0.000026 0.001052 0.000466 0.000136 0.120947 0.001498 0.154792 0.000095 0.000276 0.000664 0.000245 0.000466 0.002656 0.000258 0.004371 0.041761 0.000974
0.610389 0.002489 0.001752 0.016027 0.007578 0.006584 0.004817 0.002018 0.004714 0.024815 0.011279 0.001423 0.002353 0.002070 0.012280 0.002107 0.006274 0.004207 0.003352 0.120397 0.013136 0.065382 0.003571 0.008540 0.002819 0.002456 0.003168 0.010094 0.005022 0.019365 0.014339 0.005183
0.586507 0.003464 0.001351 0.003816 0.007533 0.005951 0.003965 0.001031 0.008869 0.020706 0.029701 0.001598 0.000515 0.002441 0.003218 0.000751 0.003670 0.002092 0.001668 0.113441 0.009135 0.072676 0.001265 0.002958 0.002418 0.001754 0.004749 0.007982 0.002311 0.015226 0.073924 0.003317
0.710251 0.002062 0.000191 0.001383 0.002731 0.000872 0.000812 0.000532 0.016466 0.027169 0.007034 0.001000 0.000253 0.000544 0.001648 0.000561 0.004795 0.000761 0.000388 0.113028 0.005580 0.075808 0.001340 0.001020 0.000650 0.000960 0.000954 0.005575 0.000285 0.007152 0.006958 0.001233
0.613716 0.000473 0.000280 0.009202 0.002689 0.003010 0.000747 0.000753 0.001789 0.006295 0.003888 0.000474 0.000656 0.000431 0.003411 0.001089 0.008959 0.003084 0.001704 0.112257 0.010612 0.181587 0.001082 0.000965 0.001405 0.001613 0.004432 0.005428 0.001145 0.005497 0.006437 0.004891
0.563607 0.003960 0.000158 0.000305 0.002583 0.000114 0.002873 0.000930 0.006209 0.129486 0.000622 0.002659 0.000025 0.000265 0.002370 0.001382 0.007633 0.000330 0.000993 0.111472 0.004530 0.121230 0.013924 0.001097 0.001042 0.000368 0.000099 0.005604 0.000251 0.010877 0.001592 0.001412
0.765109 0.000258 0.000083 0.001247 0.000267 0.000549 0.000841 0.000452 0.003858 0.042025 0.001726 0.000305 0.000242 0.000299 0.002830 0.001119 0.002721 0.001189 0.005641 0.111018 0.003566 0.029004 0.000269 0.001200 0.000693 0.000494 0.000620 0.002580 0.000296 0.008407 0.006658 0.004432
0.708450 0.000167 0.000136 0.001106 0.000331 0.000395 0.000310 0.000213 0.001143 0.005218 0.001816 0.000186 0.000143 0.000406 0.001715 0.000141 0.004923 0.000193 0.000253 0.107912 0.004031 0.140608 0.000081 0.000421 0.000577 0.000119 0.000630 0.001329 0.000143 0.007428 0.008567 0.000910
0.698827 0.001140 0.001782 0.002595 0.020080 0.004180 0.000596 0.000629 0.003052 0.006235 0.008122 0.000602 0.000510 0.000677 0.003441 0.000215 0.003587 0.000309 0.000340 0.106088 0.004953 0.095094 0.003986 0.001952 0.002077 0.000484 0.001554 0.002735 0.001265 0.005923 0.015739 0.001234
0.505377 0.000642 0.000088 0.007275 0.000665 0.001505 0.000247 0.000371 0.001114 0.032215 0.001754 0.000398 0.000152 0.000308 0.003468 0.000435 0.001417 0.001049 0.000281 0.075312 0.003416 0.336277 0.000279 0.001477 0.000367 0.000181 0.001034 0.009186 0.000532 0.008403 0.002888 0.001885
0.439496 0.000232 0.000194 0.002140 0.002141 0.000951 0.000458 0.000210 0.001558 0.011115 0.002565 0.000428 0.000111 0.000413 0.002139 0.000056 0.001309 0.000553 0.000213 0.161664 0.003164 0.314967 0.000111 0.000608 0.000353 0.000306 0.000319 0.005985 0.000331 0.007498 0.037327 0.001086
0.384889 0.000819 0.000381 0.100123 0.008882 0.013959 0.000856 0.001031 0.001995 0.011928 0.011723 0.000908 0.000891 0.000576 0.004068 0.000808 0.004505 0.002398 0.000948 0.080737 0.012538 0.296304 0.002780 0.001857 0.000962 0.001439 0.006168 0.008808 0.002637 0.011573 0.018798 0.003709
0.629606 0.001962 0.000115 0.001856 0.000126 0.000999 0.000208 0.000235 0.024717 0.003072 0.005948 0.000306 0.000683 0.000443 0.000414 0.000107 0.000522 0.000634 0.000409 0.027963 0.000508 0.285671 0.000132 0.000814 0.000741 0.000127 0.000568 0.006162 0.000085 0.001833 0.002109 0.000926
0.671790 0.000169 0.000189 0.000883 0.000508 0.000250 0.000083 0.000057 0.000592 0.002078 0.001064 0.000077 0.000102 0.000261 0.001095 0.000103 0.001574 0.000136 0.000093 0.026423 0.001827 0.283891 0.000169 0.000768 0.000386 0.000068 0.001031 0.000664 0.000190 0.001778 0.001265 0.000435
0.538803 0.013229 0.000236 0.011213 0.001869 0.008389 0.003717 0.001001 0.010741 0.007681 0.030347 0.000939 0.001152 0.004008 0.001118 0.000710 0.006657 0.010834 0.002086 0.012693 0.006191 0.274451 0.000522 0.002370 0.002154 0.008360 0.004749 0.005625 0.000837 0.005953 0.019336 0.002031
0.534597 0.000717 0.000287 0.006272 0.001876 0.004148 0.000281 0.000403 0.002265 0.010454 0.011819 0.000484 0.000824 0.000458 0.002852 0.000168 0.002607 0.000490 0.000427 0.107544 0.005998 0.259639 0.000365 0.002010 0.000743 0.000274 0.001470 0.006309 0.000792 0.017707 0.014227 0.001494
0.333910 0.009292 0.002246 0.001262 0.006469 0.002356 0.002826 0.001230 0.030583 0.010536 0.019347 0.001172 0.002694 0.007415 0.004663 0.000534 0.005451 0.003130 0.001796 0.219156 0.007529 0.252185 0.001662 0.001587 0.013212 0.001384 0.002803 0.002975 0.001789 0.010346 0.035594 0.002866
0.460219 0.000234 0.000114 0.013099 0.003808 0.000819 0.000696 0.000395 0.002218 0.023378 0.002608 0.000541 0.000544 0.000239 0.009448 0.000340 0.003907 0.001185 0.000697 0.190826 0.013097 0.219695 0.008461 0.004359 0.000913 0.000715 0.002313 0.007670 0.000999 0.015483 0.006212 0.004769
0.482106 0.034356 0.000614 0.004097 0.005622 0.004742 0.004935 0.001170 0.062743 0.013789 0.013743 0.001082 0.008637 0.023776 0.002071 0.000569 0.005471 0.012189 0.001846 0.036040 0.004273 0.216868 0.000874 0.004082 0.013133 0.001667 0.002022 0.003710 0.000698 0.007037 0.022944 0.003094
0.680017 0.001987 0.000247 0.002946 0.000106 0.001505 0.000357 0.000529 0.026450 0.003060 0.007829 0.000644 0.000678 0.000410 0.000820 0.000191 0.000852 0.000591 0.000361 0.046783 0.001261 0.206127 0.000225 0.001050 0.000791 0.000225 0.000671 0.008400 0.000114 0.002565 0.001207 0.001000
0.743318 0.000638 0.000029 0.000772 0.000013 0.000195 0.000123 0.000135 0.011990 0.001948 0.002348 0.000213 0.000087 0.000071 0.000282 0.000054 0.000273 0.000114 0.000097 0.042868 0.000365 0.187598 0.000068 0.000325 0.000216 0.000047 0.000131 0.003857 0.000021 0.001113 0.000382 0.000310
0.613716 0.000473 0.000280 0.009202 0.002689 0.003010 0.000747 0.000753 0.001789 0.006295 0.003888 0.000474 0.000656 0.000431 0.003411 0.001089 0.008959 0.003084 0.001704 0.112257 0.010612 0.181587 0.001082 0.000965 0.001405 0.001613 0.004432 0.005428 0.001145 0.005497 0.006437 0.004891
0.610283 0.005997 0.000237 0.011655 0.001442 0.016023 0.003409 0.000773 0.011623 0.004763 0.020368 0.000494 0.004551 0.003661 0.000702 0.000962 0.005649 0.026413 0.001711 0.024951 0.009081 0.180502 0.001092 0.000793 0.002288 0.005873 0.008308 0.002929 0.001081 0.004720 0.026006 0.001663
0.586908 0.000623 0.000230 0.011634 0.004763 0.010077 0.001504 0.000554 0.002002 0.005446 0.012864 0.000175 0.000297 0.000893 0.001440 0.000726 0.008887 0.005000 0.002137 0.042303 0.017003 0.175302 0.001048 0.000654 0.001162 0.001808 0.007091 0.004924 0.001063 0.009991 0.077079 0.004411
0.458519 0.000631 0.000128 0.000308 0.000195 0.000407 0.000942 0.000225 0.006821 0.010769 0.000958 0.000204 0.000163 0.001172 0.001686 0.000121 0.001435 0.001387 0.000258 0.301932 0.002512 0.172977 0.000091 0.000190 0.002177 0.000409 0.000487 0.002214 0.000263 0.005665 0.023738 0.001016
0.567529 0.008679 0.000599 0.007315 0.001360 0.013231 0.000996 0.001426 0.093914 0.007243 0.046758 0.001090 0.004907 0.001754 0.001011 0.000857 0.002572 0.002305 0.001604 0.030241 0.001953 0.172665 0.001235 0.002149 0.002313 0.000697 0.003485 0.007940 0.000688 0.002796 0.005168 0.003521
0.487826 0.001149 0.000481 0.003168 0.003954 0.002148 0.001369 0.000835 0.003115 0.019208 0.006716 0.001510 0.000395 0.000939 0.003891 0.000258 0.003344 0.001496 0.000476 0.192057 0.006443 0.171390 0.000743 0.002014 0.001001 0.001050 0.000977 0.016864 0.001289 0.014647 0.047039 0.002209
0.644464 0.001004 0.000536 0.004011 0.001989 0.001416 0.000952 0.000723 0.002167 0.010740 0.006633 0.000577 0.000329 0.000405 0.004736 0.000740 0.009201 0.000994 0.001214 0.081326 0.012643 0.170148 0.002234 0.001945 0.001169 0.000889 0.002574 0.006869 0.001065 0.013915 0.008256 0.004134
0.559391 0.002553 0.001122 0.001339 0.004465 0.002380 0.001203 0.000678 0.014699 0.007209 0.006757 0.000605 0.000521 0.001390 0.002727 0.000250 0.002107 0.000866 0.000557 0.169099 0.003694 0.169961 0.001312 0.001023 0.003191 0.000376 0.001311 0.002980 0.000729 0.005559 0.028545 0.001401
0.567191 0.001336 0.002188 0.010087 0.023662 0.027853 0.001376 0.000848 0.009719 0.013811 0.028429 0.000613 0.001135 0.002120 0.004523 0.000185 0.004848 0.001620 0.000987 0.055799 0.005581 0.167936 0.000921 0.002591 0.002275 0.001649 0.003000 0.009191 0.001754 0.007193 0.035459 0.004119
0.738709 0.000757 0.000097 0.006002 0.000493 0.001698 0.000389 0.000232 0.004020 0.006393 0.003999 0.000261 0.000396 0.000570 0.001020 0.000188 0.001441 0.000916 0.000583 0.037444 0.001471 0.167159 0.000290 0.001365 0.000704 0.000276 0.000575 0.007755 0.000195 0.003895 0.008563 0.002143
0.755643 0.001408 0.000145 0.001205 0.000080 0.000559 0.000163 0.000282 0.012853 0.003256 0.006565 0.000260 0.000328 0.000299 0.000790 0.000118 0.000621 0.000462 0.000250 0.038618 0.000665 0.166653 0.000213 0.000711 0.000609 0.000124 0.000332 0.003160 0.000113 0.001860 0.001025 0.000628
0.663713 0.001203 0.000260 0.004911 0.001406 0.002099 0.000654 0.000610 0.003127 0.005556 0.007345 0.000872 0.000273 0.000204 0.001743 0.000538 0.003756 0.001044 0.000732 0.094937 0.006763 0.166111 0.004419 0.000980 0.000607 0.000607 0.004203 0.006571 0.001130 0.006512 0.004450 0.002663
0.718630 0.000311 0.000153 0.006938 0.003029 0.002276 0.000314 0.000235 0.000391 0.011511 0.003226 0.000134 0.000268 0.000368 0.002812 0.000227 0.002092 0.001859 0.000890 0.040246 0.008166 0.155485 0.000285 0.001690 0.000668 0.000714 0.002361 0.002842 0.000642 0.011895 0.017753 0.001591
0.642708 0.000384 0.000147 0.001970 0.001786 0.002571 0.000366 0.000116 0.003869 0.007730 0.005603 0.000227 0.000577 0.000665 0.000597 0.000026 0.001052 0.000466 0.000136 0.120947 0.001498 0.154792 0.000095 0.000276 0.000664 0.000245 0.000466 0.002656 0.000258 0.004371 0.041761 0.000974
0.723522 0.011171 0.000110 0.003441 0.001573 0.004089 0.001538 0.000338 0.041477 0.010489 0.003999 0.000397 0.002437 0.005866 0.000381 0.000165 0.002479 0.004066 0.000474 0.011862 0.000969 0.150664 0.000152 0.001932 0.002155 0.000679 0.000574 0.003112 0.000146 0.003016 0.005492 0.001236
0.559825 0.000972 0.000228 0.000496 0.000388 0.000707 0.000880 0.000297 0.008106 0.009354 0.002220 0.000327 0.000259 0.000869 0.001394 0.000172 0.001291 0.001398 0.000376 0.226308 0.002930 0.148162 0.000203 0.000324 0.001377 0.000324 0.000704 0.002141 0.000318 0.005423 0.021161 0.001066
0.677305 0.000136 0.000072 0.006601 0.000173 0.000274 0.000287 0.000098 0.001137 0.003283 0.000790 0.000130 0.000202 0.000132 0.002003 0.000135 0.001489 0.000342 0.000244 0.143014 0.004171 0.148132 0.000229 0.000604 0.000388 0.000126 0.000345 0.001050 0.000084 0.004390 0.001682 0.000954
0.832543 0.000001 0.000000 0.000002 0.000000 0.000005 0.000001 0.000000 0.000003 0.000006 0.000008 0.000000 0.000003 0.000002 0.000005 0.000000 0.000011 0.000023 0.000002 0.019101 0.000020 0.147834 0.000000 0.000000 0.000155 0.000002 0.000014 0.000004 0.000000 0.000040 0.000205 0.000009
0.708450 0.000167 0.000136 0.001106 0.000331 0.000395 0.000310 0.000213 0.001143 0.005218 0.001816 0.000186 0.000143 0.000406 0.001715 0.000141 0.004923 0.000193 0.000253 0.107912 0.004031 0.140608 0.000081 0.000421 0.000577 0.000119 0.000630 0.001329 0.000143 0.007428 0.008567 0.000910
0.548747 0.001055 0.001144 0.001756 0.004790 0.001276 0.000975 0.000599 0.004994 0.008417 0.005070 0.000849 0.000427 0.000678 0.003506 0.000281 0.002799 0.000518 0.000402 0.245005 0.003780 0.133533 0.003348 0.001735 0.001496 0.000636 0.001410 0.002879 0.000809 0.005336 0.010343 0.001408
0.520949 0.003955 0.003145 0.009943 0.015892 0.011067 0.003565 0.001292 0.009170 0.017286 0.026733 0.001818 0.000999 0.003851 0.005931 0.000697 0.004931 0.001868 0.001448 0.095139 0.007888 0.130662 0.001425 0.004971 0.004327 0.002147 0.003730 0.016474 0.002319 0.015182 0.066310 0.004886
0.563627 0.000919 0.000130 0.000163 0.000232 0.000295 0.000250 0.000254 0.003010 0.008057 0.002430 0.000185 0.000165 0.001327 0.007503 0.000071 0.003786 0.000287 0.000177 0.246276 0.002578 0.128620 0.000065 0.000285 0.005465 0.000156 0.000450 0.001470 0.000227 0.012435 0.008095 0.001010
0.754983 0.000289 0.000182 0.001440 0.002334 0.006394 0.000180 0.000143 0.005234 0.005733 0.009030 0.000109 0.000614 0.000631 0.001630 0.000022 0.002232 0.000417 0.000166 0.046529 0.001547 0.128527 0.000127 0.000169 0.000936 0.000181 0.000834 0.002203 0.000277 0.003475 0.022382 0.001051
0.821209 0.000146 0.000016 0.000865 0.000025 0.000059 0.000103 0.000017 0.000098 0.000589 0.000169 0.000021 0.000076 0.000142 0.000139 0.000047 0.000161 0.000419 0.000071 0.047708 0.000605 0.124718 0.000123 0.000030 0.000690 0.000100 0.000184 0.000150 0.000036 0.000538 0.000559 0.000184
0.683412 0.000526 0.002391 0.003058 0.004186 0.001986 0.000761 0.000319 0.004802 0.008119 0.006447 0.000417 0.000632 0.000891 0.002318 0.000256 0.007231 0.000582 0.000882 0.102189 0.006712 0.122970 0.000585 0.000979 0.001323 0.000466 0.001231 0.001950 0.000723 0.010619 0.019234 0.001804
0.723877 0.002093 0.000108 0.015506 0.003470 0.011620 0.000665 0.000373 0.004149 0.010554 0.019756 0.000277 0.000403 0.000468 0.001262 0.000729 0.002541 0.002126 0.000469 0.033104 0.002676 0.122902 0.000997 0.000524 0.000547 0.000795 0.006144 0.007424 0.001885 0.003187 0.017045 0.002327
0.563607 0.003960 0.000158 0.000305 0.002583 0.000114 0.002873 0.000930 0.006209 0.129486 0.000622 0.002659 0.000025 0.000265 0.002370 0.001382 0.007633 0.000330 0.000993 0.111472 0.004530 0.121230 0.013924 0.001097 0.001042 0.000368 0.000099 0.005604 0.000251 0.010877 0.001592 0.001412
0.621090 0.016129 0.002640 0.001547 0.008382 0.001732 0.002597 0.000790 0.036292 0.004094 0.028232 0.000604 0.009979 0.013812 0.001559 0.000337 0.003442 0.006209 0.000925 0.067047 0.003891 0.120035 0.001545 0.001293 0.013598 0.001906 0.002687 0.001335 0.001482 0.003249 0.020290 0.001255
0.356329 0.002829 0.000785 0.008404 0.006846 0.002564 0.012175 0.003105 0.007980 0.117872 0.003908 0.002647 0.000112 0.001866 0.008827 0.019788 0.013028 0.006704 0.004656 0.126575 0.024483 0.117301 0.004734 0.007369 0.001368 0.003903 0.002398 0.049344 0.002260 0.034087 0.037544 0.008209
0.826534 0.000590 0.000230 0.004505 0.000881 0.000711 0.000219 0.000169 0.000713 0.006860 0.003442 0.000215 0.000166 0.000389 0.002424 0.000366 0.002391 0.000236 0.000247 0.017323 0.003705 0.112647 0.000392 0.001551 0.000347 0.000206 0.002009 0.002279 0.000519 0.004598 0.002295 0.000842
0.744006 0.000562 0.000697 0.003268 0.002167 0.001739 0.000715 0.000413 0.002586 0.008523 0.005685 0.000474 0.000291 0.000865 0.002341 0.000260 0.003887 0.000324 0.000415 0.074746 0.004203 0.111526 0.000235 0.000992 0.001071 0.000294 0.001524 0.002909 0.000434 0.006996 0.014306 0.001545
0.806457 0.000670 0.000323 0.001524 0.000472 0.000789 0.000290 0.000202 0.000786 0.003112 0.004065 0.000141 0.000527 0.000504 0.001231 0.000443 0.001774 0.000612 0.000411 0.047223 0.005203 0.109489 0.000631 0.000357 0.001232 0.000368 0.003871 0.001001 0.000679 0.002415 0.002328 0.000870
0.783601 0.002667 0.000132 0.000742 0.000052 0.000586 0.000802 0.000551 0.058858 0.003220 0.006513 0.001294 0.000224 0.000182 0.000174 0.000312 0.000610 0.000642 0.000375 0.022851 0.000488 0.108053 0.000310 0.000794 0.000403 0.000162 0.000385 0.002982 0.000065 0.000923 0.000489 0.000558
0.424565 0.021222 0.003855 0.007331 0.012523 0.004692 0.010341 0.003939 0.022325 0.028394 0.022991 0.002947 0.003304 0.031049 0.014645 0.002097 0.011034 0.010394 0.004431 0.071275 0.013205 0.107562 0.001435 0.006215 0.035679 0.003310 0.005387 0.009678 0.003009 0.018832 0.072457 0.009875
0.469429 0.000820 0.007020 0.024868 0.014067 0.002910 0.000841 0.000623 0.002811 0.002966 0.001543 0.000576 0.001194 0.004061 0.156450 0.000501 0.070503 0.001191 0.000973 0.014452 0.020962 0.103374 0.000204 0.002777 0.008451 0.000543 0.001620 0.003647 0.000441 0.063326 0.013207 0.003651
0.600171 0.002293 0.001332 0.005070 0.008606 0.001882 0.005223 0.001415 0.004814 0.027219 0.012758 0.000916 0.000416 0.001606 0.007248 0.003400 0.023392 0.003448 0.003696 0.065848 0.029488 0.101610 0.003295 0.004017 0.002278 0.002297 0.003747 0.008946 0.001661 0.023738 0.031928 0.006242
0.364584 0.007680 0.000243 0.000207 0.000035 0.006254 0.000245 0.000040 0.000157 0.000151 0.001135 0.000010 0.005749 0.008763 0.000144 0.000025 0.000328 0.035472 0.000358 0.002571 0.000914 0.046571 0.000011 0.000024 0.082185 0.005278 0.003822 0.000134 0.000409 0.000814 0.425479 0.000205
0.598845 0.000069 0.000013 0.000050 0.000017 0.000183 0.000011 0.000003 0.000014 0.000027 0.002759 0.000001 0.000009 0.000024 0.000072 0.000003 0.000069 0.000177 0.000008 0.002306 0.000559 0.007611 0.000001 0.000007 0.000258 0.000605 0.001975 0.000023 0.000066 0.000448 0.383762 0.000028
0.659433 0.000087 0.000043 0.000183 0.000123 0.000456 0.000030 0.000010 0.000041 0.000060 0.004017 0.000004 0.000038 0.000050 0.000198 0.000008 0.000172 0.000303 0.000033 0.004161 0.001258 0.012399 0.000002 0.000019 0.000608 0.001135 0.002996 0.000085 0.000157 0.001027 0.310771 0.000093
0.716748 0.000053 0.000008 0.000017 0.000011 0.000267 0.000007 0.000001 0.000006 0.000005 0.000676 0.000000 0.000004 0.000018 0.000013 0.000001 0.000031 0.000260 0.000002 0.000497 0.000088 0.005456 0.000000 0.000001 0.000193 0.001139 0.000528 0.000004 0.000040 0.000072 0.273849 0.000007
0.595546 0.017260 0.000148 0.001026 0.000277 0.001469 0.001071 0.000099 0.000240 0.000976 0.001871 0.000054 0.000540 0.007514 0.001324 0.000154 0.001293 0.008184 0.001598 0.004864 0.003637 0.068073 0.000057 0.000097 0.038531 0.008710 0.001272 0.000385 0.001246 0.004406 0.227530 0.000550
0.621924 0.021731 0.000595 0.006059 0.005182 0.006990 0.006710 0.000783 0.024101 0.003908 0.033208 0.000497 0.000329 0.004290 0.000667 0.000845 0.001110 0.009504 0.001178 0.009302 0.001332 0.013450 0.000283 0.000415 0.006171 0.005172 0.002883 0.001384 0.000543 0.001298 0.206619 0.001537
