chair 229 296 373 501 0.970893 0.026342
chair 27 295 153 523 0.729236 0.198214
chair 1 250 5 283 0.285872 0.524916
chair 1 225 3 266 0.181679 0.456521
chair 223 202 307 268 0.14472 0.728231
chair 585 65 652 125 0.127047 0.796650
chair 1 30 17 48 0.11462 0.374873
table 223 223 558 373 0.922202 0.024049
table 0 372 123 501 0.356854 0.454967
table 181 236 362 503 0.215241 0.577893
table 15 253 244 502 0.179776 0.693208
door 545 193 548 206 0.100509 0.549906
picture 2 4 38 55 0.274999 0.429418
picture 291 153 320 196 0.266481 0.645630
picture 304 75 373 189 0.207207 0.639144
picture 291 159 306 179 0.170056 0.664937
picture 292 179 307 194 0.134874 0.637786
picture 717 92 729 124 0.131845 0.241876
picture 359 109 369 182 0.123836 0.768699
picture 2 67 39 110 0.118323 0.252467
picture 291 153 366 246 0.107862 0.783344
counter 4 505 729 529 0.142688 0.267254
counter 0 525 729 529 0.124213 0.171455
counter 345 80 371 106 0.100295 0.705356
blinds 442 162 540 252 0.125841 0.472163
desk 219 217 591 327 0.187892 0.155572
pillow 29 130 170 185 0.102306 0.688089
paper 280 394 304 424 0.354328 0.600484
paper 264 390 281 398 0.315297 0.630552
paper 378 225 430 243 0.273279 0.562347
paper 400 235 410 243 0.241533 0.639517
paper 413 241 417 242 0.195206 0.532789
paper 202 11 222 69 0.189642 0.622202
paper 529 240 531 245 0.187125 0.501217
paper 720 258 729 266 0.16607 0.162668
paper 712 307 714 308 0.159151 0.415111
paper 530 235 541 260 0.157604 0.426414
paper 681 320 728 390 0.156604 0.329069
paper 373 225 377 226 0.153717 0.615495
paper 81 150 166 154 0.131061 0.730098
paper 363 236 376 247 0.127763 0.610312
paper 351 112 359 121 0.12596 0.505039
paper 410 241 435 249 0.121004 0.531291
paper 677 212 729 231 0.113042 0.667824
paper 256 395 280 405 0.104858 0.883486
box 15 203 239 413 0.931878 0.047682
box 205 319 208 320 0.568743 0.403656
box 191 226 202 229 0.552131 0.446260
box 9 283 203 325 0.504104 0.469849
box 37 69 46 108 0.408111 0.433129
box 203 306 206 311 0.379021 0.614513
box 198 298 237 342 0.352051 0.589196
box 452 251 532 268 0.331741 0.514705
box 19 310 23 313 0.323217 0.661102
box 19 310 71 317 0.282605 0.711059
box 205 312 210 316 0.280646 0.690974
box 372 224 443 241 0.264197 0.505691
box 187 324 192 325 0.233285 0.766195
box 534 260 538 265 0.232458 0.485143
box 410 240 435 249 0.232088 0.531291
box 2 67 41 110 0.22535 0.252467
box 529 233 541 259 0.224322 0.426414
box 452 242 535 256 0.220142 0.402008
box 15 116 250 233 0.213397 0.728960
box 528 246 530 250 0.205824 0.578346
box 17 311 152 323 0.19881 0.765028
box 412 240 418 242 0.196406 0.532789
box 574 112 582 114 0.181571 0.725109
box 440 225 454 250 0.175033 0.486986
box 436 241 442 248 0.174161 0.680754
box 430 227 437 240 0.171904 0.729319
box 681 317 729 390 0.166573 0.329069
box 452 261 453 265 0.156193 0.668749
box 199 125 204 130 0.155768 0.654817
box 712 306 714 308 0.144531 0.415111
box 1 285 8 294 0.134515 0.737097
box 1 226 6 279 0.13325 0.493555
box 372 224 377 226 0.133029 0.615495
box 528 239 531 245 0.132452 0.501217
box 437 225 446 241 0.130574 0.559307
box 362 235 376 246 0.128213 0.610312
box 233 515 233 521 0.126595 0.458459
box 451 257 453 261 0.125993 0.746471
box 371 226 377 235 0.125475 0.695058
box 1 31 17 47 0.121548 0.374873
box 720 258 729 266 0.120043 0.162668
box 231 516 231 523 0.118849 0.534966
box 450 198 541 269 0.114155 0.391712
box 583 101 586 106 0.113736 0.778525
box 214 299 223 311 0.112203 0.851696
box 367 205 375 240 0.101632 0.752727
box 370 178 453 228 0.101629 0.736804
lamp 2 66 39 112 0.182204 0.252467
lamp 2 101 18 114 0.108628 0.676472
garbage_bin 563 22 568 23 0.268311 0.593759
garbage_bin 452 148 456 169 0.153115 0.552108
garbage_bin 551 24 564 73 0.148766 0.761114
garbage_bin 719 258 729 267 0.139632 0.162668
