0.021410 0.000001 0.000002 0.978221 0.000018 0.000267 0.000001 0.000001 0.000002 0.000001 0.000004 0.000001 0.000024 0.000001 0.000006 0.000001 0.000005 0.000002 0.000001 0.000003 0.000002 0.000004 0.000001 0.000005 0.000002 0.000001 0.000001 0.000003 0.000000 0.000003 0.000003 0.000004
0.222830 0.000025 0.000220 0.762966 0.000499 0.007356 0.000036 0.000029 0.000088 0.000157 0.000224 0.000024 0.003504 0.000058 0.000106 0.000020 0.000218 0.000103 0.000023 0.000107 0.000075 0.000191 0.000105 0.000358 0.000137 0.000032 0.000048 0.000072 0.000019 0.000134 0.000125 0.000112
0.366653 0.000011 0.000001 0.632083 0.000082 0.000703 0.000008 0.000003 0.000038 0.000018 0.000038 0.000008 0.000020 0.000002 0.000034 0.000005 0.000027 0.000004 0.000002 0.000043 0.000006 0.000016 0.000026 0.000073 0.000005 0.000005 0.000007 0.000033 0.000001 0.000014 0.000006 0.000023
0.446219 0.000350 0.000233 0.503290 0.008163 0.005551 0.000198 0.000141 0.000785 0.001002 0.001481 0.000188 0.003854 0.000166 0.003411 0.000261 0.002268 0.000116 0.000351 0.002776 0.000893 0.001818 0.000480 0.007250 0.000761 0.000141 0.000695 0.002366 0.000122 0.002715 0.000494 0.001458
0.562575 0.000098 0.000036 0.428733 0.001001 0.002713 0.000060 0.000045 0.000528 0.000191 0.000384 0.000067 0.000440 0.000027 0.000210 0.000043 0.000151 0.000065 0.000055 0.000530 0.000065 0.000409 0.000176 0.000504 0.000053 0.000048 0.000145 0.000203 0.000036 0.000136 0.000077 0.000195
0.559597 0.000913 0.000066 0.414769 0.001990 0.003507 0.000409 0.000212 0.001302 0.000895 0.001749 0.000279 0.001545 0.000207 0.001185 0.000251 0.000792 0.000319 0.000225 0.001489 0.000375 0.001262 0.000605 0.001883 0.000412 0.000266 0.000389 0.000801 0.000138 0.000865 0.000553 0.000752
0.715761 0.000030 0.000007 0.275605 0.000260 0.004290 0.000022 0.000024 0.000040 0.000201 0.000046 0.000037 0.000196 0.000018 0.000338 0.000032 0.000257 0.000021 0.000018 0.000418 0.000107 0.000293 0.000038 0.000934 0.000019 0.000022 0.000026 0.000363 0.000011 0.000354 0.000083 0.000131
0.713111 0.000057 0.000010 0.274478 0.000362 0.006313 0.000040 0.000040 0.000070 0.000305 0.000096 0.000067 0.000272 0.000029 0.000500 0.000054 0.000375 0.000036 0.000033 0.000653 0.000172 0.000408 0.000068 0.000886 0.000034 0.000038 0.000053 0.000575 0.000020 0.000487 0.000148 0.000210
0.709643 0.000128 0.000093 0.262316 0.008249 0.002039 0.000086 0.000087 0.001130 0.000776 0.000367 0.000146 0.000592 0.000050 0.002076 0.000132 0.000794 0.000044 0.000127 0.001379 0.000236 0.000765 0.000241 0.005350 0.000116 0.000040 0.000198 0.001216 0.000027 0.000770 0.000097 0.000690
0.744268 0.000114 0.000016 0.235630 0.000518 0.011163 0.000077 0.000063 0.000157 0.000444 0.000230 0.000106 0.000446 0.000049 0.000730 0.000076 0.000486 0.000072 0.000067 0.001239 0.000266 0.000636 0.000129 0.000430 0.000079 0.000079 0.000152 0.001125 0.000036 0.000551 0.000249 0.000317
0.735728 0.000142 0.000070 0.225732 0.001201 0.018708 0.000124 0.000138 0.000479 0.000876 0.000606 0.000128 0.001436 0.000108 0.001242 0.000110 0.000706 0.000137 0.000171 0.002852 0.000459 0.002137 0.000182 0.001654 0.000194 0.000134 0.000453 0.001396 0.000105 0.001157 0.000575 0.000861
0.774095 0.000035 0.000018 0.218759 0.000287 0.002936 0.000037 0.000022 0.000159 0.000165 0.000120 0.000028 0.000224 0.000014 0.000167 0.000028 0.000111 0.000044 0.000028 0.001040 0.000053 0.000618 0.000076 0.000209 0.000038 0.000032 0.000095 0.000226 0.000019 0.000116 0.000042 0.000160
0.762665 0.000082 0.000064 0.216899 0.001003 0.006387 0.000089 0.000074 0.000258 0.000620 0.001017 0.000107 0.000718 0.000076 0.000681 0.000058 0.000593 0.000101 0.000067 0.002229 0.000455 0.001857 0.000255 0.000825 0.000121 0.000115 0.000303 0.000494 0.000113 0.000812 0.000534 0.000327
0.766961 0.000217 0.000113 0.190715 0.001931 0.014894 0.000185 0.000202 0.001916 0.001194 0.000712 0.000218 0.002471 0.000139 0.000763 0.000160 0.000722 0.000227 0.000227 0.002490 0.000322 0.002592 0.000364 0.005761 0.000188 0.000144 0.000395 0.001415 0.000105 0.000853 0.000352 0.001053
0.795941 0.000064 0.000100 0.183847 0.001075 0.010473 0.000069 0.000050 0.000251 0.000286 0.000718 0.000061 0.001803 0.000055 0.000256 0.000036 0.000262 0.000089 0.000050 0.001168 0.000157 0.000915 0.000354 0.000352 0.000106 0.000101 0.000291 0.000273 0.000090 0.000270 0.000233 0.000206
0.813340 0.000012 0.000053 0.183762 0.000079 0.000881 0.000026 0.000008 0.000007 0.000064 0.000047 0.000008 0.000107 0.000023 0.000153 0.000007 0.000214 0.000030 0.000006 0.000196 0.000184 0.000112 0.000076 0.000045 0.000038 0.000043 0.000030 0.000095 0.000021 0.000210 0.000093 0.000031
0.781334 0.000190 0.000109 0.181418 0.003874 0.005677 0.000156 0.000191 0.000828 0.001477 0.000763 0.000274 0.000859 0.000111 0.002453 0.000199 0.001082 0.000139 0.000187 0.002920 0.000499 0.001842 0.000398 0.007445 0.000186 0.000121 0.000492 0.001630 0.000113 0.001518 0.000408 0.001106
0.798639 0.000177 0.000054 0.166279 0.001234 0.012457 0.000132 0.000146 0.000821 0.001112 0.000483 0.000161 0.001941 0.000099 0.000566 0.000138 0.000651 0.000147 0.000161 0.001823 0.000266 0.001799 0.000341 0.006865 0.000120 0.000097 0.000227 0.001137 0.000070 0.000763 0.000266 0.000825
0.716652 0.000358 0.000358 0.160500 0.003395 0.094799 0.000219 0.000258 0.002588 0.001090 0.000769 0.000229 0.003404 0.000239 0.001059 0.000260 0.001016 0.000193 0.000597 0.002613 0.000368 0.001895 0.000150 0.001291 0.000362 0.000144 0.000462 0.001868 0.000157 0.001052 0.000639 0.001015
0.811251 0.000116 0.000060 0.159794 0.001498 0.014641 0.000071 0.000080 0.000685 0.000430 0.000484 0.000108 0.002355 0.000056 0.000228 0.000068 0.000323 0.000074 0.000061 0.000430 0.000081 0.000389 0.000200 0.005236 0.000062 0.000050 0.000127 0.000367 0.000039 0.000223 0.000095 0.000320
0.837075 0.000066 0.000065 0.155715 0.000335 0.000783 0.000062 0.000035 0.000309 0.000186 0.000492 0.000065 0.000386 0.000028 0.000289 0.000032 0.000273 0.000040 0.000037 0.001255 0.000126 0.000869 0.000138 0.000307 0.000085 0.000036 0.000180 0.000198 0.000030 0.000205 0.000126 0.000172
0.838958 0.000081 0.000018 0.148988 0.000632 0.006312 0.000043 0.000034 0.000761 0.000212 0.000265 0.000045 0.000691 0.000019 0.000116 0.000028 0.000115 0.000033 0.000032 0.000460 0.000032 0.000173 0.000146 0.001178 0.000034 0.000025 0.000073 0.000191 0.000017 0.000078 0.000043 0.000166
0.673646 0.000534 0.000485 0.147448 0.004081 0.134961 0.000329 0.000366 0.003496 0.001958 0.001436 0.000321 0.003318 0.000419 0.001598 0.000412 0.001833 0.000328 0.000714 0.004888 0.000726 0.002611 0.000185 0.001927 0.000526 0.000305 0.000920 0.003793 0.000427 0.002394 0.002238 0.001376
0.837933 0.000087 0.000012 0.143775 0.000718 0.005166 0.000093 0.000064 0.000140 0.000591 0.000699 0.000126 0.000327 0.000044 0.000478 0.000079 0.000760 0.000087 0.000052 0.002593 0.000756 0.000754 0.000209 0.000669 0.000087 0.000194 0.000265 0.001196 0.000060 0.000874 0.000794 0.000317
0.831792 0.000099 0.000159 0.141992 0.001721 0.007277 0.000127 0.000094 0.000557 0.000658 0.002426 0.000113 0.001987 0.000096 0.000442 0.000072 0.000672 0.000160 0.000092 0.002397 0.000415 0.001694 0.001226 0.000644 0.000172 0.000128 0.000463 0.000693 0.000193 0.000557 0.000505 0.000375
0.832517 0.000121 0.000037 0.141576 0.000900 0.008381 0.000093 0.000103 0.000476 0.000995 0.000322 0.000116 0.001131 0.000065 0.000520 0.000118 0.000559 0.000097 0.000118 0.001552 0.000247 0.001450 0.000246 0.005511 0.000083 0.000069 0.000154 0.000909 0.000051 0.000680 0.000197 0.000606
0.862482 0.000024 0.000029 0.132055 0.000543 0.002735 0.000013 0.000008 0.000202 0.000057 0.000234 0.000015 0.000774 0.000007 0.000026 0.000007 0.000039 0.000012 0.000009 0.000072 0.000009 0.000066 0.000168 0.000223 0.000012 0.000007 0.000020 0.000064 0.000007 0.000024 0.000020 0.000036
0.851411 0.000038 0.000059 0.130434 0.001055 0.003924 0.000043 0.000053 0.000455 0.000426 0.000148 0.000075 0.001112 0.000049 0.000434 0.000043 0.000469 0.000048 0.000051 0.001275 0.000109 0.000925 0.000076 0.005579 0.000054 0.000034 0.000116 0.000470 0.000025 0.000507 0.000103 0.000398
0.853554 0.000065 0.000009 0.129694 0.000495 0.006127 0.000075 0.000051 0.000112 0.000479 0.000527 0.000090 0.000248 0.000035 0.000373 0.000053 0.000618 0.000074 0.000037 0.002428 0.000592 0.000677 0.000149 0.000432 0.000071 0.000143 0.000246 0.000829 0.000048 0.000694 0.000767 0.000209
0.803441 0.001298 0.000382 0.127292 0.001973 0.006491 0.000988 0.000494 0.003909 0.002409 0.008418 0.000873 0.000372 0.000317 0.002064 0.000315 0.001437 0.000469 0.000830 0.012180 0.001114 0.008124 0.000452 0.002186 0.000683 0.000743 0.001120 0.002655 0.000286 0.002103 0.002531 0.002050
0.871467 0.000033 0.000002 0.125711 0.000070 0.000869 0.000024 0.000010 0.000107 0.000108 0.000055 0.000023 0.000039 0.000003 0.000052 0.000012 0.000043 0.000011 0.000010 0.000712 0.000017 0.000133 0.000127 0.000087 0.000014 0.000012 0.000019 0.000105 0.000004 0.000044 0.000016 0.000060
0.839079 0.000130 0.000146 0.123714 0.002306 0.007677 0.000134 0.000163 0.001582 0.000898 0.000460 0.000208 0.002371 0.000176 0.000693 0.000126 0.000979 0.000189 0.000167 0.003202 0.000312 0.002768 0.000162 0.007669 0.000155 0.000121 0.000451 0.001350 0.000092 0.001240 0.000440 0.000841
0.807164 0.002358 0.000431 0.123035 0.004157 0.012756 0.001040 0.000501 0.003376 0.001977 0.014657 0.000918 0.000507 0.000278 0.001455 0.000515 0.001094 0.000322 0.000623 0.004582 0.000860 0.002466 0.000937 0.002889 0.000568 0.000675 0.002276 0.002434 0.000490 0.001315 0.001729 0.001612
0.835573 0.000133 0.000358 0.115380 0.001610 0.009649 0.000165 0.000254 0.002178 0.001804 0.000684 0.000312 0.001587 0.000155 0.001413 0.000177 0.000709 0.000381 0.000361 0.011523 0.000833 0.006259 0.000324 0.001571 0.000317 0.000170 0.000641 0.002040 0.000172 0.001533 0.000692 0.001043
0.815734 0.000406 0.000397 0.113996 0.002534 0.019214 0.000291 0.000311 0.002323 0.001722 0.001326 0.000586 0.005104 0.000248 0.000729 0.000315 0.001303 0.000286 0.000241 0.001743 0.000322 0.001887 0.000500 0.023404 0.000257 0.000138 0.000576 0.001498 0.000141 0.000971 0.000333 0.001163
0.864316 0.000046 0.000067 0.111106 0.000581 0.012517 0.000072 0.000042 0.000211 0.000372 0.000354 0.000039 0.000931 0.000047 0.000340 0.000059 0.000397 0.000125 0.000046 0.002979 0.000188 0.002040 0.000277 0.000489 0.000119 0.000085 0.000274 0.000923 0.000058 0.000420 0.000143 0.000341
0.876281 0.000049 0.000023 0.105998 0.000405 0.003696 0.000047 0.000050 0.000225 0.000670 0.000079 0.000067 0.000518 0.000032 0.000342 0.000079 0.000369 0.000047 0.000057 0.001092 0.000132 0.001153 0.000080 0.006843 0.000039 0.000025 0.000046 0.000576 0.000018 0.000561 0.000067 0.000335
0.821684 0.000331 0.000425 0.104504 0.005245 0.011731 0.000275 0.000339 0.003937 0.001613 0.001554 0.000459 0.004843 0.000287 0.001007 0.000242 0.001527 0.000339 0.000290 0.003428 0.000462 0.003473 0.000380 0.024473 0.000310 0.000197 0.000855 0.001973 0.000195 0.001631 0.000638 0.001352
0.851985 0.000175 0.000088 0.104383 0.001181 0.004297 0.000166 0.000148 0.000993 0.002019 0.000326 0.000289 0.001222 0.000122 0.000729 0.000206 0.000923 0.000146 0.000152 0.002155 0.000271 0.002564 0.000284 0.020371 0.000135 0.000083 0.000224 0.001844 0.000067 0.001162 0.000236 0.001052
0.877649 0.000070 0.000019 0.104117 0.000384 0.003987 0.000062 0.000063 0.000174 0.000910 0.000110 0.000080 0.000597 0.000039 0.000372 0.000096 0.000454 0.000058 0.000074 0.001310 0.000195 0.001231 0.000151 0.005747 0.000046 0.000037 0.000061 0.000716 0.000026 0.000660 0.000107 0.000397
0.826740 0.000253 0.000206 0.101419 0.003067 0.005512 0.000277 0.000345 0.003793 0.002058 0.000995 0.000490 0.002937 0.000203 0.001165 0.000270 0.001764 0.000403 0.000390 0.005817 0.000651 0.007329 0.000509 0.024673 0.000260 0.000151 0.000751 0.003005 0.000134 0.002236 0.000547 0.001648
0.673646 0.000534 0.000485 0.147448 0.004081 0.134961 0.000329 0.000366 0.003496 0.001958 0.001436 0.000321 0.003318 0.000419 0.001598 0.000412 0.001833 0.000328 0.000714 0.004888 0.000726 0.002611 0.000185 0.001927 0.000526 0.000305 0.000920 0.003793 0.000427 0.002394 0.002238 0.001376
0.627088 0.006363 0.000107 0.003088 0.001814 0.000330 0.179231 0.004649 0.005373 0.026508 0.000274 0.005448 0.000012 0.000734 0.000315 0.052084 0.004011 0.015398 0.034969 0.003097 0.001620 0.005196 0.001230 0.000792 0.000404 0.004032 0.000146 0.001214 0.000123 0.002897 0.009072 0.002381
0.632410 0.007525 0.000152 0.003835 0.003046 0.000258 0.167685 0.005009 0.020406 0.043010 0.000317 0.012125 0.000020 0.000581 0.000621 0.031030 0.008127 0.004805 0.011665 0.006495 0.002673 0.013055 0.004495 0.001639 0.000457 0.003575 0.000385 0.004381 0.000147 0.004406 0.002966 0.002700
0.680145 0.030432 0.000254 0.003691 0.006208 0.001454 0.160884 0.006462 0.009978 0.009131 0.001136 0.012262 0.000034 0.000874 0.000281 0.018315 0.005986 0.006429 0.020014 0.001411 0.001493 0.002429 0.002158 0.000782 0.000478 0.003885 0.000558 0.001108 0.000194 0.001728 0.008714 0.001090
0.231562 0.011643 0.006269 0.001154 0.009699 0.001050 0.004997 0.005825 0.005034 0.346745 0.002122 0.006387 0.000231 0.002086 0.020836 0.012246 0.028678 0.001699 0.009223 0.082949 0.026881 0.075687 0.018233 0.008762 0.002667 0.001041 0.001087 0.029967 0.002208 0.029321 0.005834 0.007878
0.230507 0.004715 0.006181 0.000662 0.006921 0.001184 0.003316 0.005808 0.005067 0.336347 0.001197 0.004111 0.000136 0.001879 0.023938 0.019659 0.037726 0.000934 0.011623 0.093118 0.028245 0.070990 0.007851 0.011370 0.002111 0.000441 0.000739 0.032220 0.001194 0.036929 0.005288 0.007590
0.527077 0.009957 0.002541 0.004818 0.013632 0.002594 0.002020 0.003634 0.003897 0.210900 0.001590 0.003494 0.000671 0.001219 0.007005 0.001846 0.006507 0.002965 0.003988 0.041033 0.007897 0.059522 0.027324 0.006277 0.001598 0.000935 0.001191 0.017919 0.001616 0.015396 0.004560 0.004377
0.730057 0.008063 0.000765 0.003857 0.002551 0.002151 0.002470 0.002465 0.008821 0.111870 0.001263 0.002243 0.000277 0.000738 0.004085 0.004516 0.004468 0.000862 0.003195 0.034786 0.008204 0.022809 0.004380 0.002839 0.002110 0.000662 0.000785 0.010902 0.000551 0.012283 0.002945 0.002027
0.619395 0.000019 0.000418 0.000177 0.000388 0.000028 0.000054 0.000044 0.000029 0.006493 0.000029 0.000038 0.000004 0.000130 0.270219 0.000025 0.004483 0.000031 0.000051 0.064516 0.003092 0.015844 0.000026 0.000347 0.000508 0.000021 0.000035 0.001719 0.000035 0.010911 0.000577 0.000314
0.693994 0.000012 0.000244 0.000136 0.000175 0.000016 0.000029 0.000024 0.000015 0.004557 0.000015 0.000022 0.000003 0.000080 0.199658 0.000012 0.003367 0.000020 0.000026 0.069902 0.002194 0.012953 0.000017 0.000232 0.000298 0.000010 0.000019 0.001299 0.000019 0.010049 0.000399 0.000203
0.417389 0.002549 0.007916 0.000722 0.059962 0.000519 0.003307 0.002175 0.003884 0.085690 0.002113 0.002397 0.000050 0.001521 0.143605 0.006418 0.047383 0.000443 0.006692 0.068639 0.017293 0.046585 0.003463 0.012146 0.001968 0.000363 0.000782 0.016174 0.001212 0.027606 0.002796 0.006238
0.465720 0.005869 0.000232 0.007020 0.002885 0.001665 0.034735 0.005097 0.004477 0.068047 0.000941 0.004740 0.000269 0.003213 0.002125 0.030633 0.006142 0.023060 0.220736 0.016078 0.005897 0.014060 0.004011 0.002416 0.002561 0.003682 0.000401 0.003443 0.000799 0.014489 0.035558 0.008998
0.434484 0.000037 0.000067 0.001730 0.000104 0.000880 0.000237 0.000087 0.000106 0.003083 0.000379 0.000162 0.000299 0.000166 0.002188 0.000079 0.002263 0.000603 0.000295 0.295734 0.008950 0.205155 0.000731 0.000601 0.000994 0.000937 0.004004 0.004201 0.000566 0.021055 0.007009 0.002814
0.324634 0.009693 0.002768 0.012154 0.009386 0.011201 0.011717 0.005771 0.008957 0.034801 0.021683 0.008651 0.006004 0.006288 0.016101 0.003355 0.009525 0.008956 0.010728 0.162271 0.027919 0.075591 0.004116 0.008265 0.009733 0.011946 0.004756 0.024262 0.012495 0.035381 0.093779 0.007112
0.196301 0.007756 0.009074 0.020131 0.021527 0.034230 0.015972 0.007165 0.010462 0.038587 0.023801 0.006701 0.006560 0.010100 0.027273 0.005238 0.015980 0.012546 0.013830 0.159999 0.024800 0.080718 0.006263 0.009750 0.010998 0.017271 0.004866 0.032469 0.018181 0.035009 0.105585 0.010857
0.434438 0.000966 0.000301 0.002168 0.008891 0.001399 0.000813 0.000716 0.002319 0.017488 0.004051 0.000588 0.000173 0.000613 0.004163 0.000338 0.004326 0.000592 0.000625 0.150244 0.011893 0.286214 0.001854 0.003064 0.001129 0.000206 0.000671 0.007237 0.000520 0.022125 0.028194 0.001681
0.399318 0.001323 0.000433 0.006376 0.008587 0.002178 0.001342 0.001469 0.002510 0.023856 0.005056 0.001531 0.000274 0.000840 0.007560 0.001197 0.007878 0.001394 0.001823 0.144913 0.022519 0.249781 0.003198 0.007491 0.001220 0.000467 0.001700 0.011928 0.001256 0.037822 0.038978 0.003781
0.224492 0.010402 0.007511 0.017130 0.028385 0.035783 0.022367 0.012007 0.016644 0.052331 0.027438 0.008719 0.006227 0.010264 0.017973 0.008885 0.012634 0.018778 0.033304 0.137332 0.018455 0.066792 0.010619 0.012615 0.009643 0.012487 0.004824 0.022146 0.015780 0.029972 0.074064 0.013999
0.595118 0.002836 0.004127 0.004204 0.004577 0.015408 0.004385 0.002289 0.004184 0.019170 0.017511 0.004006 0.002171 0.002525 0.011163 0.001284 0.005041 0.003070 0.003023 0.130886 0.010503 0.060544 0.001513 0.004401 0.002920 0.004857 0.003007 0.016137 0.006319 0.013457 0.036359 0.003005
0.520458 0.004325 0.005739 0.010532 0.008971 0.019143 0.005496 0.002402 0.003974 0.019940 0.021498 0.003138 0.005421 0.004935 0.016904 0.001769 0.007466 0.004532 0.005222 0.124757 0.014419 0.076161 0.002115 0.005945 0.005385 0.007640 0.003629 0.015860 0.010370 0.017928 0.039831 0.004095
0.496070 0.000830 0.000530 0.006675 0.006311 0.001729 0.001585 0.001376 0.001673 0.028750 0.003608 0.002611 0.000126 0.000678 0.008218 0.001429 0.012846 0.001117 0.001789 0.114539 0.030099 0.157323 0.002276 0.007397 0.000943 0.000538 0.001808 0.012076 0.001140 0.040783 0.049852 0.003273
0.706364 0.005570 0.000621 0.000717 0.002859 0.004641 0.001003 0.001883 0.004322 0.047727 0.005798 0.002401 0.000409 0.000502 0.002090 0.001178 0.004311 0.000472 0.001190 0.110573 0.005341 0.039280 0.011982 0.002139 0.001123 0.000573 0.001302 0.020216 0.000870 0.006762 0.003826 0.001958
0.150484 0.006792 0.009771 0.021160 0.060560 0.043111 0.015963 0.009571 0.010772 0.054454 0.021801 0.005819 0.009148 0.011450 0.042656 0.007008 0.022138 0.012803 0.027388 0.106357 0.035561 0.065396 0.006692 0.014773 0.018007 0.018358 0.006765 0.030688 0.018609 0.050490 0.069394 0.016059
0.418622 0.000316 0.000216 0.006340 0.000405 0.002218 0.000345 0.000150 0.000380 0.001827 0.001742 0.000184 0.000462 0.000323 0.001506 0.000106 0.003076 0.002232 0.000472 0.042223 0.006400 0.474819 0.000638 0.000961 0.001062 0.001255 0.005207 0.001674 0.000613 0.008915 0.013534 0.001776
0.434438 0.000966 0.000301 0.002168 0.008891 0.001399 0.000813 0.000716 0.002319 0.017488 0.004051 0.000588 0.000173 0.000613 0.004163 0.000338 0.004326 0.000592 0.000625 0.150244 0.011893 0.286214 0.001854 0.003064 0.001129 0.000206 0.000671 0.007237 0.000520 0.022125 0.028194 0.001681
0.399318 0.001323 0.000433 0.006376 0.008587 0.002178 0.001342 0.001469 0.002510 0.023856 0.005056 0.001531 0.000274 0.000840 0.007560 0.001197 0.007878 0.001394 0.001823 0.144913 0.022519 0.249781 0.003198 0.007491 0.001220 0.000467 0.001700 0.011928 0.001256 0.037822 0.038978 0.003781
0.434484 0.000037 0.000067 0.001730 0.000104 0.000880 0.000237 0.000087 0.000106 0.003083 0.000379 0.000162 0.000299 0.000166 0.002188 0.000079 0.002263 0.000603 0.000295 0.295734 0.008950 0.205155 0.000731 0.000601 0.000994 0.000937 0.004004 0.004201 0.000566 0.021055 0.007009 0.002814
0.608762 0.002384 0.000273 0.007535 0.017620 0.002420 0.000695 0.000677 0.002432 0.013424 0.004231 0.000710 0.000432 0.000774 0.004322 0.000319 0.003287 0.000369 0.000567 0.066436 0.004214 0.204969 0.002004 0.003374 0.002147 0.000213 0.001105 0.011890 0.000438 0.012685 0.017277 0.002015
0.655113 0.002931 0.000455 0.004242 0.018091 0.002728 0.000496 0.000419 0.001859 0.013379 0.003395 0.000475 0.000418 0.000975 0.003227 0.000190 0.002623 0.000300 0.000408 0.048511 0.003623 0.198096 0.001247 0.003025 0.002697 0.000125 0.000567 0.005823 0.000539 0.010581 0.012387 0.001057
0.665461 0.002283 0.000386 0.004175 0.016753 0.002788 0.000353 0.000315 0.001682 0.012678 0.002782 0.000415 0.000316 0.000758 0.003520 0.000134 0.002187 0.000256 0.000296 0.051299 0.002726 0.193119 0.000940 0.001756 0.003030 0.000117 0.000618 0.006545 0.000385 0.008623 0.012572 0.000729
0.496070 0.000830 0.000530 0.006675 0.006311 0.001729 0.001585 0.001376 0.001673 0.028750 0.003608 0.002611 0.000126 0.000678 0.008218 0.001429 0.012846 0.001117 0.001789 0.114539 0.030099 0.157323 0.002276 0.007397 0.000943 0.000538 0.001808 0.012076 0.001140 0.040783 0.049852 0.003273
0.509242 0.001912 0.000662 0.002558 0.002085 0.001262 0.002279 0.001110 0.002423 0.060240 0.002950 0.003162 0.000152 0.000972 0.007592 0.001745 0.008667 0.001686 0.002668 0.129015 0.018209 0.135506 0.001245 0.003609 0.001221 0.001828 0.001385 0.034144 0.001767 0.021531 0.033775 0.003396
0.575583 0.009399 0.001213 0.012279 0.006913 0.003867 0.005313 0.004477 0.007475 0.052037 0.002998 0.014085 0.000297 0.001092 0.007064 0.016588 0.012039 0.002834 0.003743 0.033624 0.010710 0.014195 0.020814 0.006946 0.001063 0.003826 0.005151 0.132037 0.002945 0.012338 0.011270 0.005787
0.290067 0.008218 0.007150 0.016207 0.012255 0.036029 0.011721 0.005701 0.009632 0.025248 0.033596 0.005466 0.014107 0.008537 0.016611 0.003579 0.011440 0.010383 0.010840 0.143720 0.024988 0.058471 0.004581 0.007528 0.011128 0.016737 0.006937 0.024791 0.019715 0.026429 0.109620 0.008568
