0.004853 0.000001 0.000001 0.995045 0.000008 0.000067 0.000000 0.000000 0.000000 0.000000 0.000001 0.000000 0.000006 0.000000 0.000001 0.000000 0.000001 0.000001 0.000000 0.000000 0.000001 0.000001 0.000000 0.000001 0.000001 0.000002 0.000000 0.000002 0.000000 0.000001 0.000002 0.000001
0.470518 0.000008 0.000001 0.528497 0.000012 0.000394 0.000005 0.000002 0.000019 0.000007 0.000023 0.000001 0.000274 0.000003 0.000004 0.000002 0.000009 0.000038 0.000004 0.000022 0.000008 0.000018 0.000012 0.000002 0.000005 0.000022 0.000003 0.000042 0.000002 0.000008 0.000022 0.000013
0.619506 0.000048 0.000064 0.357529 0.000934 0.015968 0.000038 0.000045 0.000211 0.000192 0.000168 0.000046 0.001268 0.000041 0.000326 0.000030 0.000191 0.000067 0.000085 0.000763 0.000092 0.000618 0.000083 0.000528 0.000062 0.000037 0.000070 0.000387 0.000034 0.000236 0.000094 0.000243
0.702261 0.000019 0.000002 0.292802 0.000104 0.002245 0.000016 0.000010 0.000058 0.000168 0.000034 0.000012 0.000257 0.000007 0.000072 0.000014 0.000044 0.000018 0.000016 0.000541 0.000028 0.000399 0.000133 0.000185 0.000024 0.000010 0.000014 0.000291 0.000004 0.000089 0.000021 0.000102
0.710660 0.000077 0.000054 0.275761 0.000797 0.005395 0.000027 0.000040 0.000096 0.000297 0.000100 0.000059 0.000189 0.000073 0.001807 0.000041 0.000254 0.000029 0.000056 0.000782 0.000121 0.000770 0.000026 0.000819 0.000056 0.000022 0.000069 0.000570 0.000028 0.000397 0.000144 0.000383
0.428100 0.000670 0.000129 0.240535 0.000181 0.222534 0.000135 0.000102 0.000416 0.000370 0.000524 0.000071 0.098992 0.000285 0.000190 0.000080 0.000144 0.000371 0.000214 0.000707 0.000140 0.000619 0.000456 0.000322 0.000961 0.000171 0.000192 0.001103 0.000090 0.000258 0.000327 0.000608
0.744218 0.000069 0.000043 0.207219 0.000290 0.038711 0.000041 0.000061 0.000273 0.000235 0.000287 0.000048 0.003174 0.000048 0.000306 0.000038 0.000189 0.000098 0.000082 0.001246 0.000132 0.001014 0.000086 0.000379 0.000098 0.000038 0.000117 0.000706 0.000031 0.000301 0.000104 0.000317
0.791809 0.000563 0.000003 0.197959 0.000030 0.004243 0.000041 0.000017 0.000288 0.000099 0.000201 0.000015 0.003345 0.000026 0.000020 0.000027 0.000029 0.000086 0.000050 0.000166 0.000031 0.000209 0.000113 0.000060 0.000053 0.000070 0.000044 0.000141 0.000021 0.000056 0.000035 0.000152
0.826980 0.000043 0.000014 0.158732 0.000170 0.007947 0.000032 0.000024 0.000050 0.000322 0.000038 0.000035 0.001464 0.000028 0.000300 0.000029 0.000172 0.000045 0.000036 0.001046 0.000090 0.000580 0.000085 0.000298 0.000063 0.000020 0.000049 0.000721 0.000012 0.000323 0.000058 0.000195
0.797869 0.000220 0.000044 0.151520 0.000815 0.022934 0.000190 0.000202 0.000406 0.000996 0.000926 0.000260 0.003833 0.000138 0.000741 0.000134 0.000757 0.000412 0.000224 0.005132 0.000703 0.002393 0.000555 0.001189 0.000258 0.000359 0.000523 0.002915 0.000205 0.001101 0.000844 0.001201
0.848831 0.000028 0.000008 0.140288 0.000094 0.007067 0.000015 0.000021 0.000062 0.000135 0.000057 0.000031 0.000362 0.000015 0.000207 0.000021 0.000101 0.000028 0.000023 0.000852 0.000064 0.000438 0.000034 0.000279 0.000023 0.000017 0.000037 0.000489 0.000013 0.000141 0.000053 0.000168
0.841477 0.000102 0.000056 0.136121 0.000178 0.018466 0.000017 0.000018 0.000137 0.000282 0.000154 0.000026 0.000747 0.000023 0.000240 0.000017 0.000049 0.000024 0.000022 0.000439 0.000025 0.000252 0.000070 0.000149 0.000047 0.000017 0.000055 0.000543 0.000011 0.000058 0.000024 0.000152
0.850828 0.000018 0.000007 0.135897 0.000069 0.008191 0.000013 0.000012 0.000031 0.000158 0.000025 0.000014 0.001764 0.000013 0.000161 0.000013 0.000109 0.000022 0.000021 0.001040 0.000060 0.000499 0.000042 0.000147 0.000036 0.000012 0.000033 0.000368 0.000007 0.000231 0.000036 0.000122
0.852037 0.000067 0.000010 0.134379 0.000110 0.010275 0.000025 0.000022 0.000053 0.000263 0.000041 0.000030 0.000420 0.000017 0.000197 0.000029 0.000075 0.000023 0.000022 0.000591 0.000037 0.000238 0.000112 0.000149 0.000032 0.000011 0.000023 0.000485 0.000009 0.000105 0.000021 0.000093
0.549547 0.000613 0.000088 0.134305 0.004227 0.271308 0.000108 0.000076 0.000378 0.000871 0.001400 0.000061 0.025509 0.000100 0.000261 0.000082 0.000207 0.000133 0.000180 0.001072 0.000143 0.001380 0.003759 0.000705 0.000245 0.000094 0.000231 0.001508 0.000141 0.000291 0.000355 0.000621
0.788614 0.000437 0.000387 0.118168 0.027448 0.037578 0.000241 0.000200 0.000699 0.001211 0.001325 0.000206 0.003750 0.000242 0.001170 0.000171 0.000557 0.000209 0.000293 0.004578 0.000269 0.002935 0.001011 0.001718 0.000656 0.000337 0.000806 0.002514 0.000181 0.000711 0.000360 0.001017
0.760186 0.000703 0.000124 0.115165 0.000698 0.003365 0.001765 0.000909 0.001212 0.004470 0.003047 0.000407 0.000688 0.000540 0.001248 0.001594 0.002076 0.002958 0.001526 0.031484 0.005481 0.025249 0.003568 0.001914 0.001492 0.001880 0.002057 0.004859 0.001177 0.006621 0.004679 0.006857
0.876647 0.000033 0.000008 0.112747 0.000051 0.006988 0.000020 0.000018 0.000067 0.000172 0.000021 0.000015 0.000567 0.000013 0.000073 0.000021 0.000056 0.000044 0.000033 0.000683 0.000045 0.000659 0.000058 0.000198 0.000018 0.000012 0.000019 0.000392 0.000005 0.000150 0.000022 0.000143
0.862769 0.000059 0.000047 0.111318 0.000280 0.012964 0.000054 0.000069 0.000443 0.000371 0.000237 0.000041 0.001812 0.000048 0.000454 0.000049 0.000246 0.000113 0.000165 0.002785 0.000268 0.002439 0.000083 0.000323 0.000135 0.000065 0.000242 0.000942 0.000038 0.000540 0.000186 0.000418
0.817965 0.000082 0.000069 0.111013 0.000452 0.040910 0.000032 0.000028 0.000060 0.000273 0.000177 0.000026 0.024701 0.000050 0.000253 0.000019 0.000197 0.000058 0.000046 0.000950 0.000076 0.000525 0.000313 0.000356 0.000132 0.000034 0.000065 0.000499 0.000027 0.000259 0.000097 0.000254
0.884792 0.000001 0.000001 0.110720 0.000020 0.003473 0.000001 0.000002 0.000009 0.000016 0.000006 0.000001 0.000100 0.000002 0.000058 0.000001 0.000014 0.000002 0.000002 0.000337 0.000011 0.000221 0.000001 0.000046 0.000003 0.000001 0.000006 0.000071 0.000001 0.000038 0.000011 0.000030
0.871072 0.000031 0.000003 0.109160 0.000014 0.001329 0.000036 0.000026 0.000040 0.000290 0.000095 0.000015 0.008625 0.000016 0.000067 0.000034 0.000173 0.000118 0.000132 0.001802 0.000717 0.002643 0.000162 0.000117 0.000094 0.000070 0.000271 0.000448 0.000061 0.001415 0.000513 0.000411
0.800325 0.001620 0.000810 0.108930 0.012061 0.030503 0.000469 0.000386 0.005635 0.001692 0.002888 0.000397 0.005369 0.000581 0.001198 0.000290 0.000950 0.000478 0.000440 0.006540 0.000509 0.005972 0.001780 0.002344 0.000915 0.000483 0.001022 0.002104 0.000414 0.000818 0.000808 0.001270
0.885149 0.000025 0.000018 0.105265 0.000198 0.002879 0.000020 0.000021 0.000159 0.000335 0.000060 0.000025 0.000176 0.000021 0.000602 0.000021 0.000170 0.000027 0.000042 0.001699 0.000123 0.001424 0.000024 0.000293 0.000043 0.000015 0.000046 0.000452 0.000011 0.000416 0.000066 0.000175
0.873797 0.000115 0.000046 0.101611 0.000155 0.011002 0.000089 0.000074 0.000169 0.000515 0.000093 0.000054 0.001756 0.000067 0.000241 0.000071 0.000230 0.000204 0.000135 0.002803 0.000201 0.003516 0.000198 0.000513 0.000085 0.000052 0.000077 0.000938 0.000029 0.000550 0.000107 0.000507
0.016892 0.000004 0.000013 0.008447 0.000014 0.952426 0.000000 0.000000 0.000001 0.000001 0.000050 0.000000 0.022112 0.000003 0.000001 0.000000 0.000001 0.000002 0.000001 0.000001 0.000001 0.000001 0.000001 0.000001 0.000006 0.000002 0.000006 0.000004 0.000003 0.000001 0.000003 0.000002
0.043538 0.000082 0.000067 0.002568 0.000042 0.888025 0.000012 0.000011 0.000031 0.000058 0.000283 0.000005 0.064479 0.000030 0.000018 0.000010 0.000018 0.000034 0.000023 0.000048 0.000020 0.000054 0.000055 0.000039 0.000145 0.000013 0.000064 0.000080 0.000021 0.000025 0.000056 0.000045
0.585141 0.000167 0.000047 0.008000 0.000112 0.378432 0.000026 0.000025 0.000093 0.000166 0.001770 0.000009 0.023847 0.000049 0.000036 0.000014 0.000051 0.000067 0.000021 0.000375 0.000043 0.000154 0.000549 0.000122 0.000122 0.000025 0.000111 0.000105 0.000036 0.000083 0.000110 0.000092
0.541103 0.000755 0.000200 0.004647 0.000612 0.304292 0.000062 0.000043 0.000828 0.000270 0.001635 0.000033 0.138941 0.000270 0.000043 0.000030 0.000050 0.000342 0.000135 0.001030 0.000046 0.002603 0.000163 0.000237 0.000682 0.000076 0.000196 0.000197 0.000074 0.000100 0.000104 0.000203
0.653117 0.000309 0.000503 0.018736 0.000683 0.287707 0.000075 0.000070 0.000232 0.000343 0.002673 0.000029 0.030249 0.000191 0.000165 0.000034 0.000176 0.000164 0.000064 0.001031 0.000169 0.000673 0.000327 0.000209 0.000433 0.000113 0.000369 0.000221 0.000151 0.000262 0.000313 0.000211
0.776934 0.000161 0.000061 0.017166 0.000092 0.186553 0.000052 0.000054 0.000075 0.001502 0.001078 0.000023 0.004253 0.000075 0.000444 0.000078 0.000354 0.000113 0.000143 0.002509 0.000759 0.003313 0.000212 0.000235 0.000201 0.000046 0.000440 0.000833 0.000123 0.001017 0.000785 0.000318
0.758286 0.000672 0.000220 0.061128 0.000879 0.157648 0.000123 0.000181 0.001593 0.000906 0.002421 0.000164 0.006931 0.000152 0.000429 0.000122 0.000252 0.000242 0.000184 0.001486 0.000154 0.001469 0.000469 0.000715 0.000258 0.000129 0.000355 0.001475 0.000088 0.000261 0.000152 0.000454
0.798923 0.000315 0.000094 0.054340 0.000513 0.131622 0.000059 0.000079 0.000560 0.000425 0.001061 0.000055 0.008864 0.000073 0.000095 0.000051 0.000092 0.000151 0.000080 0.000450 0.000054 0.000402 0.000305 0.000358 0.000088 0.000047 0.000124 0.000355 0.000036 0.000089 0.000053 0.000186
0.846473 0.000045 0.000038 0.011061 0.000038 0.116494 0.000022 0.000016 0.000034 0.000194 0.000359 0.000006 0.023107 0.000044 0.000062 0.000007 0.000076 0.000051 0.000011 0.000617 0.000062 0.000205 0.000192 0.000133 0.000095 0.000019 0.000039 0.000110 0.000020 0.000172 0.000102 0.000096
0.797485 0.003503 0.000749 0.023158 0.002762 0.109843 0.000495 0.000617 0.006976 0.003325 0.015644 0.000735 0.005431 0.000505 0.001111 0.000475 0.000695 0.000708 0.000538 0.005410 0.000397 0.004610 0.001716 0.001773 0.000682 0.000487 0.002106 0.004998 0.000523 0.000702 0.000848 0.000992
0.548530 0.002251 0.000751 0.003934 0.005086 0.000169 0.003089 0.000560 0.001058 0.106437 0.000861 0.001630 0.000039 0.002353 0.072924 0.002428 0.008820 0.001166 0.001291 0.085270 0.014441 0.041439 0.002087 0.002173 0.003165 0.001020 0.000335 0.051250 0.000661 0.023691 0.007537 0.003552
0.012352 0.000322 0.000308 0.010969 0.000215 0.685821 0.000044 0.000056 0.000088 0.000086 0.001158 0.000033 0.284817 0.000189 0.000069 0.000037 0.000083 0.000173 0.000092 0.000185 0.000115 0.000196 0.000057 0.000151 0.000499 0.000163 0.000532 0.000358 0.000176 0.000162 0.000294 0.000199
0.644976 0.000169 0.000013 0.020402 0.000027 0.119207 0.000056 0.000038 0.000140 0.000294 0.000263 0.000023 0.210952 0.000078 0.000036 0.000024 0.000051 0.000190 0.000087 0.000536 0.000055 0.000405 0.000379 0.000180 0.000360 0.000041 0.000077 0.000367 0.000033 0.000123 0.000187 0.000231
0.541103 0.000755 0.000200 0.004647 0.000612 0.304292 0.000062 0.000043 0.000828 0.000270 0.001635 0.000033 0.138941 0.000270 0.000043 0.000030 0.000050 0.000342 0.000135 0.001030 0.000046 0.002603 0.000163 0.000237 0.000682 0.000076 0.000196 0.000197 0.000074 0.000100 0.000104 0.000203
0.626752 0.000325 0.000327 0.019302 0.000503 0.226698 0.000091 0.000077 0.000271 0.000538 0.001295 0.000036 0.118840 0.000333 0.000105 0.000041 0.000105 0.000422 0.000086 0.000354 0.000062 0.000601 0.000613 0.000550 0.000583 0.000091 0.000095 0.000240 0.000071 0.000170 0.000185 0.000237
0.546088 0.000009 0.000003 0.000069 0.000004 0.000044 0.000040 0.000012 0.000019 0.015401 0.000030 0.000012 0.000004 0.000017 0.000933 0.000015 0.000165 0.000120 0.000022 0.406813 0.001161 0.026366 0.000036 0.000047 0.000148 0.000017 0.000014 0.000143 0.000014 0.001746 0.000360 0.000127
0.548093 0.000008 0.000003 0.000086 0.000006 0.000054 0.000036 0.000010 0.000013 0.013084 0.000032 0.000012 0.000003 0.000016 0.000969 0.000013 0.000181 0.000126 0.000020 0.399919 0.001333 0.033241 0.000041 0.000052 0.000137 0.000016 0.000013 0.000148 0.000012 0.001789 0.000408 0.000125
0.535122 0.000039 0.000088 0.000194 0.000049 0.000092 0.000201 0.000080 0.000122 0.010106 0.000182 0.000096 0.000024 0.000150 0.013163 0.000126 0.003928 0.000170 0.000208 0.352847 0.013287 0.048753 0.000170 0.000389 0.000972 0.000074 0.000167 0.001446 0.000081 0.014599 0.002390 0.000684
0.436295 0.001155 0.000313 0.005477 0.006673 0.010127 0.001421 0.001190 0.001423 0.025711 0.017716 0.000836 0.001416 0.001410 0.012611 0.001286 0.005880 0.003432 0.006095 0.140072 0.022444 0.158159 0.002723 0.011258 0.003995 0.002339 0.021813 0.014492 0.007256 0.040422 0.023673 0.010889
0.830856 0.001283 0.000024 0.006484 0.000405 0.001686 0.000181 0.000345 0.001005 0.003937 0.007266 0.000273 0.000275 0.000283 0.002685 0.000328 0.001987 0.000115 0.000346 0.111452 0.002084 0.004533 0.000375 0.001123 0.001551 0.000445 0.002665 0.008339 0.000177 0.002894 0.001506 0.003090
0.259863 0.007773 0.013912 0.028462 0.021739 0.046425 0.011319 0.010431 0.014090 0.054057 0.021625 0.005897 0.018012 0.013520 0.034470 0.005831 0.014510 0.013714 0.021625 0.110406 0.018817 0.066031 0.008184 0.019779 0.013335 0.011025 0.005352 0.024921 0.017990 0.034516 0.034046 0.018323
0.533873 0.002469 0.001501 0.004559 0.003465 0.006095 0.008137 0.002985 0.005494 0.095039 0.009556 0.001694 0.001245 0.002610 0.007362 0.011855 0.005079 0.008395 0.060682 0.107523 0.009664 0.035759 0.004089 0.006861 0.003564 0.002388 0.001891 0.008744 0.002676 0.016617 0.014023 0.014107
0.765952 0.000487 0.000093 0.000495 0.000075 0.002120 0.000132 0.000080 0.000327 0.002167 0.001204 0.000046 0.000332 0.000513 0.000851 0.000093 0.001024 0.000908 0.000665 0.107192 0.002108 0.091110 0.000058 0.000178 0.004654 0.000303 0.000636 0.001010 0.000122 0.004777 0.009494 0.000796
0.468555 0.001259 0.000127 0.011426 0.000420 0.001267 0.001718 0.001142 0.001691 0.047798 0.006588 0.000797 0.000359 0.001088 0.004951 0.004373 0.008108 0.002851 0.002748 0.106649 0.025779 0.181523 0.002455 0.005975 0.002326 0.001247 0.002874 0.023759 0.001502 0.056581 0.011296 0.010767
0.497810 0.001611 0.001526 0.046133 0.018785 0.037126 0.003942 0.002674 0.001928 0.029927 0.014377 0.001694 0.005284 0.004468 0.011618 0.002529 0.007174 0.008589 0.004680 0.103401 0.022875 0.062888 0.003245 0.008995 0.004443 0.005879 0.003320 0.009811 0.007379 0.025246 0.033666 0.006974
0.052281 0.000000 0.000000 0.000008 0.000000 0.000004 0.000000 0.000000 0.000001 0.000024 0.000001 0.000000 0.000000 0.000001 0.000006 0.000000 0.000006 0.000004 0.000000 0.008794 0.000021 0.938762 0.000001 0.000001 0.000007 0.000000 0.000001 0.000005 0.000000 0.000044 0.000020 0.000005
0.166699 0.000000 0.000000 0.000000 0.000000 0.000000 0.000000 0.000000 0.000000 0.000000 0.000000 0.000000 0.000000 0.000000 0.000000 0.000000 0.000000 0.000000 0.000000 0.001248 0.000000 0.832051 0.000000 0.000000 0.000000 0.000000 0.000000 0.000000 0.000000 0.000000 0.000001 0.000000
0.232890 0.000000 0.000000 0.000000 0.000000 0.000000 0.000000 0.000000 0.000000 0.000000 0.000000 0.000000 0.000000 0.000000 0.000001 0.000000 0.000000 0.000000 0.000000 0.002668 0.000001 0.764433 0.000000 0.000000 0.000000 0.000000 0.000000 0.000000 0.000000 0.000003 0.000001 0.000000
0.413710 0.000025 0.000011 0.001533 0.000010 0.000158 0.000036 0.000010 0.000077 0.000285 0.000060 0.000005 0.000052 0.000063 0.000113 0.000014 0.000153 0.000343 0.000059 0.036747 0.000382 0.543844 0.000077 0.000026 0.000476 0.000038 0.000055 0.000192 0.000018 0.000495 0.000652 0.000280
0.534965 0.000014 0.000003 0.001477 0.000003 0.000039 0.000025 0.000005 0.000056 0.000181 0.000023 0.000002 0.000032 0.000018 0.000029 0.000005 0.000085 0.000236 0.000012 0.013129 0.000244 0.448459 0.000166 0.000020 0.000100 0.000023 0.000030 0.000148 0.000007 0.000164 0.000164 0.000137
0.509194 0.000492 0.000005 0.000522 0.000030 0.000029 0.001715 0.000110 0.000869 0.003322 0.000062 0.000220 0.000023 0.000063 0.000112 0.000239 0.000604 0.000994 0.000394 0.036511 0.001055 0.430065 0.008686 0.000354 0.000173 0.000086 0.000057 0.001145 0.000015 0.001199 0.000694 0.000960
0.409513 0.000712 0.000261 0.001414 0.002090 0.000192 0.000543 0.000136 0.000520 0.031161 0.000643 0.000291 0.000128 0.001115 0.017692 0.000385 0.005043 0.000551 0.000646 0.059979 0.008751 0.416478 0.000717 0.001619 0.001635 0.000262 0.000352 0.009737 0.000450 0.019473 0.005811 0.001701
0.634245 0.000205 0.000064 0.001560 0.000105 0.002536 0.000061 0.000044 0.000496 0.000806 0.000683 0.000026 0.005249 0.000477 0.000162 0.000032 0.000321 0.000803 0.000591 0.040009 0.000566 0.302746 0.000183 0.000183 0.002518 0.000103 0.000389 0.000538 0.000111 0.001193 0.001797 0.001199
0.706199 0.000000 0.000000 0.000034 0.000000 0.000000 0.000001 0.000000 0.000002 0.000008 0.000001 0.000000 0.000001 0.000001 0.000004 0.000000 0.000007 0.000009 0.000000 0.006650 0.000017 0.287008 0.000001 0.000000 0.000008 0.000000 0.000001 0.000002 0.000000 0.000018 0.000020 0.000005
0.690420 0.000009 0.000001 0.000235 0.000001 0.000088 0.000008 0.000002 0.000022 0.000143 0.000061 0.000002 0.000021 0.000010 0.000022 0.000003 0.000054 0.000079 0.000012 0.022402 0.000286 0.284702 0.000081 0.000014 0.000081 0.000018 0.000079 0.000409 0.000006 0.000283 0.000330 0.000114
0.468555 0.001259 0.000127 0.011426 0.000420 0.001267 0.001718 0.001142 0.001691 0.047798 0.006588 0.000797 0.000359 0.001088 0.004951 0.004373 0.008108 0.002851 0.002748 0.106649 0.025779 0.181523 0.002455 0.005975 0.002326 0.001247 0.002874 0.023759 0.001502 0.056581 0.011296 0.010767
0.436295 0.001155 0.000313 0.005477 0.006673 0.010127 0.001421 0.001190 0.001423 0.025711 0.017716 0.000836 0.001416 0.001410 0.012611 0.001286 0.005880 0.003432 0.006095 0.140072 0.022444 0.158159 0.002723 0.011258 0.003995 0.002339 0.021813 0.014492 0.007256 0.040422 0.023673 0.010889
0.635485 0.000002 0.000001 0.000023 0.000001 0.000023 0.000006 0.000001 0.000005 0.001142 0.000008 0.000002 0.000001 0.000005 0.000307 0.000001 0.000081 0.000027 0.000002 0.216270 0.000332 0.145322 0.000006 0.000013 0.000072 0.000003 0.000003 0.000027 0.000002 0.000607 0.000189 0.000032
0.473276 0.003174 0.000288 0.064526 0.001078 0.006259 0.004827 0.002672 0.003158 0.028195 0.009303 0.001509 0.002054 0.002304 0.004806 0.005014 0.008113 0.008101 0.008381 0.070068 0.025594 0.135826 0.006278 0.007558 0.005304 0.002684 0.003251 0.017424 0.002203 0.042494 0.021692 0.022588
0.678596 0.000583 0.000080 0.012005 0.000493 0.001082 0.000801 0.000400 0.001091 0.016962 0.002464 0.000317 0.000427 0.000669 0.003384 0.001171 0.004347 0.001730 0.001198 0.065491 0.011160 0.133017 0.001166 0.003171 0.001369 0.000940 0.002099 0.013490 0.001059 0.028069 0.005483 0.005685
0.737758 0.000092 0.000023 0.024766 0.000066 0.000422 0.000496 0.000220 0.000651 0.004454 0.000294 0.000102 0.000086 0.000153 0.000390 0.001022 0.001520 0.001248 0.000923 0.068744 0.005591 0.131774 0.001312 0.000947 0.000305 0.000129 0.000384 0.002517 0.000123 0.008956 0.001782 0.002750
0.512222 0.014159 0.000386 0.007998 0.005521 0.004578 0.003887 0.001758 0.002975 0.041691 0.024231 0.001241 0.001961 0.003256 0.013786 0.002390 0.009628 0.002594 0.003290 0.066153 0.016737 0.111633 0.004648 0.011719 0.004024 0.007764 0.008183 0.010316 0.019704 0.042582 0.031857 0.007126
0.881012 0.000008 0.000000 0.000670 0.000001 0.000009 0.000005 0.000001 0.000022 0.000055 0.000021 0.000001 0.000015 0.000005 0.000009 0.000001 0.000021 0.000026 0.000005 0.010922 0.000059 0.106839 0.000040 0.000006 0.000023 0.000005 0.000012 0.000035 0.000003 0.000065 0.000078 0.000027
0.440068 0.004183 0.000730 0.010560 0.047913 0.003748 0.002779 0.006048 0.043999 0.034743 0.047154 0.004049 0.002129 0.001254 0.005637 0.003508 0.008222 0.004322 0.003146 0.075697 0.007174 0.106508 0.019608 0.029151 0.001188 0.002263 0.018692 0.017451 0.005507 0.014513 0.018751 0.009305
0.624118 0.011878 0.000038 0.001013 0.004753 0.000168 0.002624 0.000971 0.004643 0.004375 0.000999 0.002663 0.000166 0.000169 0.000074 0.000857 0.000401 0.002800 0.002799 0.001013 0.000138 0.002533 0.325165 0.000805 0.000081 0.000520 0.000290 0.001622 0.000418 0.000311 0.000597 0.000998
