0.026753 0.000001 0.000000 0.970074 0.000000 0.000924 0.000000 0.000000 0.000001 0.000000 0.000001 0.000000 0.002225 0.000000 0.000000 0.000000 0.000001 0.000001 0.000000 0.000002 0.000001 0.000003 0.000000 0.000001 0.000003 0.000000 0.000001 0.000002 0.000000 0.000002 0.000001 0.000003
0.240636 0.000002 0.000002 0.758463 0.000076 0.000245 0.000004 0.000002 0.000008 0.000009 0.000016 0.000002 0.000103 0.000003 0.000032 0.000003 0.000060 0.000006 0.000003 0.000031 0.000016 0.000061 0.000004 0.000038 0.000011 0.000005 0.000008 0.000033 0.000002 0.000068 0.000022 0.000025
0.337401 0.000000 0.000000 0.662261 0.000001 0.000091 0.000000 0.000000 0.000001 0.000001 0.000001 0.000000 0.000186 0.000000 0.000001 0.000000 0.000004 0.000001 0.000000 0.000012 0.000001 0.000010 0.000001 0.000005 0.000001 0.000001 0.000001 0.000005 0.000000 0.000007 0.000002 0.000005
0.212817 0.001963 0.001715 0.547902 0.051648 0.048891 0.001122 0.000622 0.014591 0.002014 0.006887 0.000360 0.046762 0.002424 0.000663 0.000704 0.000497 0.018071 0.015497 0.001381 0.000715 0.003791 0.000774 0.001153 0.001380 0.001044 0.001457 0.001071 0.000957 0.001174 0.002522 0.007431
0.600960 0.000214 0.000069 0.383707 0.000979 0.005102 0.000128 0.000094 0.001422 0.000288 0.000181 0.000156 0.000651 0.000092 0.000363 0.000066 0.000152 0.000237 0.000333 0.001103 0.000076 0.000315 0.000166 0.000400 0.000177 0.000097 0.000129 0.000650 0.000030 0.000253 0.000317 0.001094
0.643240 0.000904 0.000128 0.288209 0.000746 0.032437 0.000397 0.000225 0.002658 0.001265 0.000397 0.000155 0.004879 0.000299 0.000359 0.000297 0.000271 0.001546 0.008110 0.000979 0.000217 0.001479 0.000383 0.000539 0.000933 0.000142 0.000228 0.001005 0.000065 0.000739 0.001189 0.005577
0.738156 0.000003 0.000001 0.260305 0.000023 0.000960 0.000004 0.000002 0.000015 0.000012 0.000051 0.000001 0.000211 0.000002 0.000007 0.000002 0.000018 0.000006 0.000001 0.000049 0.000007 0.000029 0.000010 0.000021 0.000006 0.000007 0.000012 0.000021 0.000003 0.000019 0.000018 0.000017
0.748821 0.000220 0.000058 0.226324 0.001458 0.005092 0.000172 0.000086 0.006414 0.000413 0.000185 0.000079 0.002098 0.000134 0.000202 0.000061 0.000136 0.000451 0.001028 0.001040 0.000055 0.000923 0.000192 0.000377 0.000364 0.000150 0.000124 0.000759 0.000029 0.000245 0.000311 0.002001
0.754061 0.001434 0.000216 0.154606 0.002181 0.024667 0.000567 0.000610 0.006589 0.001914 0.001182 0.000426 0.016792 0.000718 0.000658 0.000301 0.000505 0.003345 0.004388 0.004025 0.000407 0.003697 0.000626 0.001543 0.001500 0.000379 0.000580 0.001833 0.000234 0.001474 0.002534 0.006009
0.449374 0.002059 0.000316 0.152890 0.002067 0.006162 0.001796 0.001315 0.010847 0.002715 0.000709 0.000980 0.007643 0.001426 0.000596 0.001262 0.000550 0.013276 0.255091 0.002527 0.000487 0.005589 0.000846 0.001663 0.004503 0.000597 0.000809 0.001398 0.000174 0.002276 0.003931 0.064127
0.705552 0.005275 0.000631 0.112404 0.005206 0.012011 0.002850 0.001215 0.018526 0.003739 0.002335 0.000496 0.015706 0.004076 0.000776 0.001007 0.000721 0.015163 0.050817 0.002842 0.000630 0.004598 0.000739 0.001154 0.007478 0.001413 0.000803 0.001460 0.000265 0.001618 0.006792 0.011702
0.324831 0.007671 0.012048 0.105372 0.049825 0.051732 0.023086 0.011793 0.015558 0.031141 0.010589 0.025220 0.007900 0.009809 0.018766 0.014575 0.021841 0.008038 0.046054 0.029695 0.013928 0.035107 0.004511 0.023385 0.009747 0.006777 0.003865 0.008997 0.005557 0.030463 0.018996 0.013122
0.815301 0.001057 0.000558 0.105059 0.003911 0.012593 0.000822 0.000649 0.009938 0.002454 0.001874 0.000305 0.005010 0.000857 0.000721 0.000414 0.000431 0.004652 0.007227 0.004579 0.000506 0.003263 0.000510 0.000875 0.002324 0.000608 0.001216 0.001038 0.000259 0.001059 0.003289 0.006640
0.577799 0.000333 0.000660 0.024488 0.316664 0.001171 0.000476 0.000410 0.017293 0.002683 0.001099 0.000236 0.000667 0.000557 0.006364 0.000184 0.000982 0.001133 0.005838 0.002351 0.000639 0.015128 0.000358 0.003662 0.000761 0.000322 0.000448 0.001173 0.000258 0.004260 0.004273 0.007333
0.216005 0.000785 0.001845 0.013590 0.000855 0.499332 0.000044 0.000042 0.000131 0.000072 0.071702 0.000019 0.181230 0.000242 0.000081 0.000023 0.000060 0.000193 0.000102 0.000407 0.000164 0.000365 0.000030 0.000046 0.000735 0.000209 0.009427 0.000259 0.001100 0.000083 0.000666 0.000155
0.149642 0.000257 0.000126 0.042626 0.000063 0.275259 0.000028 0.000020 0.000232 0.000037 0.001228 0.000022 0.528594 0.000143 0.000023 0.000018 0.000036 0.000088 0.000086 0.000132 0.000017 0.000073 0.000024 0.000103 0.000368 0.000056 0.000167 0.000108 0.000034 0.000044 0.000066 0.000279
0.662884 0.002131 0.001040 0.033134 0.039291 0.007311 0.001125 0.000521 0.174104 0.003547 0.001585 0.000279 0.016540 0.002218 0.001140 0.000363 0.000721 0.005687 0.007254 0.002531 0.000375 0.016754 0.000442 0.002217 0.001354 0.000698 0.000552 0.002045 0.000270 0.001749 0.002976 0.007162
0.194705 0.002349 0.001170 0.014367 0.012018 0.011751 0.006240 0.004500 0.003714 0.289574 0.012888 0.002621 0.000892 0.003537 0.028366 0.005322 0.009159 0.011641 0.007735 0.074185 0.029649 0.102368 0.005005 0.016622 0.003338 0.012630 0.002180 0.031586 0.006601 0.058863 0.024705 0.009721
0.140172 0.002961 0.001816 0.014938 0.016182 0.015188 0.007789 0.005537 0.004838 0.263118 0.014834 0.003252 0.001275 0.004864 0.032485 0.006866 0.011318 0.013008 0.010945 0.087377 0.034510 0.102930 0.006244 0.018736 0.004764 0.014564 0.002818 0.036321 0.008953 0.064777 0.034342 0.012279
0.350331 0.001379 0.000565 0.010712 0.006031 0.011281 0.003625 0.002591 0.001902 0.254377 0.009710 0.001469 0.000718 0.002015 0.021515 0.002366 0.005851 0.009168 0.003708 0.062476 0.022094 0.093955 0.003362 0.011439 0.002045 0.009240 0.001142 0.023094 0.004515 0.045552 0.015972 0.005800
0.655782 0.000553 0.000200 0.008349 0.002683 0.007788 0.001283 0.001100 0.000653 0.163262 0.007725 0.000508 0.000259 0.000763 0.010107 0.000680 0.002181 0.004276 0.001043 0.032815 0.007258 0.044006 0.001408 0.006066 0.000632 0.003756 0.000306 0.009426 0.001890 0.016147 0.005622 0.001473
0.380420 0.000225 0.000381 0.001795 0.003065 0.001944 0.001294 0.000819 0.001131 0.159506 0.002508 0.000397 0.000110 0.000986 0.033655 0.000470 0.005088 0.003962 0.000932 0.062266 0.024980 0.203411 0.001027 0.004176 0.000989 0.002835 0.000511 0.006186 0.001907 0.077723 0.012480 0.002821
0.165569 0.002954 0.003951 0.007964 0.015957 0.010641 0.013335 0.006186 0.005986 0.118600 0.014039 0.003915 0.001045 0.004886 0.042232 0.008028 0.019917 0.007526 0.010825 0.171419 0.039289 0.074499 0.004353 0.013427 0.006626 0.013533 0.004821 0.037506 0.013156 0.063110 0.083435 0.011272
0.018661 0.000108 0.000081 0.000293 0.000020 0.038709 0.000003 0.000001 0.000043 0.000003 0.001710 0.000002 0.940146 0.000052 0.000001 0.000001 0.000001 0.000024 0.000012 0.000006 0.000001 0.000005 0.000003 0.000005 0.000043 0.000006 0.000026 0.000003 0.000012 0.000002 0.000006 0.000012
0.270647 0.003170 0.014792 0.223650 0.012150 0.092911 0.000869 0.000715 0.002677 0.003125 0.013566 0.000493 0.277789 0.004814 0.002027 0.001012 0.001260 0.008066 0.024194 0.005233 0.002664 0.006321 0.000259 0.001478 0.005860 0.001291 0.002889 0.001800 0.002569 0.003027 0.003585 0.005098
0.656178 0.019551 0.000049 0.022678 0.000993 0.029225 0.000195 0.000202 0.002416 0.000555 0.095734 0.000174 0.158609 0.000163 0.000044 0.000173 0.000142 0.000514 0.000273 0.000679 0.000181 0.000672 0.002221 0.000360 0.000501 0.000223 0.004236 0.000398 0.001279 0.000244 0.000755 0.000382
0.534241 0.004229 0.000410 0.097594 0.008159 0.025031 0.001102 0.000662 0.112023 0.002343 0.002504 0.000318 0.141920 0.002215 0.000448 0.000387 0.000455 0.009816 0.019349 0.002283 0.000241 0.010800 0.001148 0.001557 0.002259 0.000616 0.000520 0.001303 0.000324 0.001133 0.002190 0.012418
0.298490 0.003622 0.000443 0.069683 0.002212 0.005132 0.002757 0.001651 0.008145 0.005088 0.001060 0.001232 0.005162 0.002906 0.000974 0.001968 0.000806 0.013568 0.499639 0.003463 0.000974 0.007342 0.001182 0.002141 0.007473 0.000686 0.000944 0.001640 0.000311 0.003306 0.006152 0.039848
0.356203 0.005496 0.000236 0.029439 0.002464 0.004902 0.003012 0.002215 0.003598 0.005195 0.001544 0.001326 0.000402 0.001167 0.000563 0.003071 0.000699 0.013649 0.492888 0.003023 0.000873 0.007081 0.002658 0.001240 0.003424 0.000647 0.000855 0.000908 0.000300 0.002897 0.009238 0.038789
0.217048 0.006152 0.006954 0.013536 0.022233 0.036954 0.012001 0.005895 0.004925 0.035806 0.039155 0.004701 0.007391 0.007265 0.023932 0.002601 0.008256 0.014555 0.010582 0.188482 0.020648 0.071023 0.006396 0.012544 0.008238 0.017883 0.003920 0.023986 0.028209 0.023630 0.103630 0.011466
0.812554 0.000002 0.000002 0.000404 0.000002 0.000006 0.000001 0.000003 0.000006 0.000143 0.000096 0.000002 0.000002 0.000003 0.000434 0.000001 0.000039 0.000001 0.000001 0.185367 0.000072 0.000417 0.000001 0.000030 0.000033 0.000002 0.000015 0.000092 0.000002 0.000199 0.000020 0.000048
0.407045 0.002351 0.000617 0.003275 0.001996 0.000792 0.008337 0.002624 0.013771 0.059312 0.001251 0.009577 0.000062 0.000830 0.009303 0.006770 0.006402 0.001464 0.002341 0.184782 0.010025 0.147291 0.003375 0.003951 0.001898 0.002050 0.001520 0.074649 0.000800 0.014626 0.007653 0.009260
0.209829 0.005709 0.002607 0.005886 0.007872 0.014336 0.011534 0.005268 0.005227 0.045604 0.029252 0.003413 0.002276 0.005466 0.021338 0.005170 0.014011 0.007017 0.007080 0.183654 0.042561 0.073028 0.004357 0.008439 0.007810 0.015343 0.012820 0.029423 0.021318 0.049125 0.135213 0.008014
0.231863 0.004276 0.002622 0.006229 0.009184 0.014141 0.009033 0.004570 0.004611 0.047117 0.027468 0.002753 0.001989 0.004525 0.024272 0.004565 0.014337 0.005841 0.006738 0.179192 0.040199 0.070984 0.003894 0.007753 0.007317 0.014153 0.011536 0.028977 0.020739 0.048320 0.132981 0.007822
0.165569 0.002954 0.003951 0.007964 0.015957 0.010641 0.013335 0.006186 0.005986 0.118600 0.014039 0.003915 0.001045 0.004886 0.042232 0.008028 0.019917 0.007526 0.010825 0.171419 0.039289 0.074499 0.004353 0.013427 0.006626 0.013533 0.004821 0.037506 0.013156 0.063110 0.083435 0.011272
0.829740 0.000002 0.000002 0.001059 0.000017 0.000011 0.000005 0.000007 0.000026 0.000293 0.000040 0.000009 0.000010 0.000006 0.000594 0.000005 0.000091 0.000002 0.000008 0.165361 0.000114 0.001129 0.000003 0.000108 0.000064 0.000008 0.000063 0.000336 0.000002 0.000460 0.000028 0.000397
0.313245 0.004477 0.001600 0.005388 0.005332 0.007531 0.011763 0.003580 0.003528 0.054012 0.019489 0.003873 0.001383 0.004205 0.020139 0.007045 0.015344 0.006347 0.004959 0.161258 0.057582 0.060272 0.004385 0.006048 0.004637 0.015985 0.017148 0.020108 0.025370 0.052970 0.074630 0.006370
0.843456 0.000000 0.000000 0.000409 0.000001 0.000003 0.000001 0.000001 0.000003 0.000055 0.000024 0.000001 0.000002 0.000001 0.000124 0.000000 0.000034 0.000000 0.000001 0.154916 0.000046 0.000447 0.000000 0.000015 0.000019 0.000001 0.000015 0.000147 0.000000 0.000187 0.000011 0.000079
0.847754 0.000000 0.000000 0.000411 0.000003 0.000002 0.000001 0.000001 0.000003 0.000069 0.000011 0.000001 0.000001 0.000001 0.000382 0.000000 0.000023 0.000000 0.000001 0.150659 0.000036 0.000317 0.000000 0.000017 0.000016 0.000001 0.000009 0.000060 0.000000 0.000164 0.000007 0.000051
0.600575 0.001060 0.002721 0.005668 0.007404 0.017060 0.002350 0.001200 0.001155 0.027948 0.013644 0.001053 0.001641 0.001923 0.015331 0.000593 0.003435 0.004199 0.001989 0.149059 0.009842 0.048278 0.001066 0.005007 0.002480 0.003823 0.001988 0.011508 0.011000 0.012665 0.029355 0.002979
0.334186 0.006352 0.010110 0.013179 0.014910 0.025674 0.010228 0.006116 0.005109 0.037948 0.037213 0.003943 0.005182 0.006074 0.033160 0.005697 0.012828 0.009616 0.011322 0.144084 0.032477 0.048756 0.004451 0.007141 0.010517 0.015433 0.009232 0.014222 0.030234 0.038898 0.048407 0.007301
0.866422 0.000000 0.000000 0.000015 0.000000 0.000000 0.000000 0.000000 0.000000 0.000006 0.000000 0.000000 0.000000 0.000000 0.000008 0.000000 0.000002 0.000000 0.000000 0.133397 0.000003 0.000069 0.000000 0.000004 0.000000 0.000000 0.000001 0.000009 0.000000 0.000037 0.000000 0.000027
0.129240 0.003564 0.003004 0.012659 0.020603 0.014893 0.012004 0.006869 0.006267 0.173200 0.017073 0.004196 0.001452 0.005380 0.040233 0.008473 0.017167 0.009012 0.013812 0.132697 0.037022 0.081540 0.005849 0.015569 0.006791 0.015254 0.004630 0.041841 0.012747 0.067416 0.066933 0.012609
0.410858 0.004364 0.008818 0.005455 0.013033 0.006775 0.009727 0.004580 0.006274 0.068678 0.028559 0.004686 0.002557 0.006207 0.043665 0.005746 0.014686 0.006921 0.004454 0.130776 0.025713 0.046177 0.002896 0.008092 0.005592 0.012398 0.008246 0.012750 0.033799 0.032065 0.018694 0.006759
0.451790 0.004099 0.013036 0.006327 0.011239 0.013813 0.005278 0.004331 0.003828 0.034759 0.029068 0.002506 0.004816 0.004768 0.043946 0.002859 0.011343 0.005567 0.006971 0.130335 0.026566 0.042430 0.002608 0.005410 0.010460 0.010110 0.006169 0.010699 0.026606 0.033156 0.029934 0.005173
0.861130 0.000007 0.000013 0.002126 0.000063 0.000043 0.000011 0.000023 0.000078 0.000490 0.000115 0.000018 0.000021 0.000014 0.001752 0.000010 0.000161 0.000006 0.000017 0.130226 0.000206 0.001463 0.000007 0.000226 0.000128 0.000018 0.000100 0.000347 0.000007 0.000743 0.000082 0.000349
0.874895 0.000000 0.000000 0.000200 0.000000 0.000000 0.000000 0.000000 0.000001 0.000024 0.000006 0.000000 0.000000 0.000000 0.000090 0.000000 0.000008 0.000000 0.000000 0.124545 0.000019 0.000093 0.000000 0.000006 0.000005 0.000000 0.000002 0.000023 0.000000 0.000068 0.000003 0.000011
0.388450 0.003702 0.009933 0.016828 0.021499 0.038511 0.006371 0.005372 0.004878 0.043238 0.026551 0.002724 0.007161 0.006011 0.040615 0.003723 0.015013 0.006022 0.017568 0.123375 0.019639 0.051106 0.002644 0.007941 0.012460 0.006800 0.003012 0.014008 0.012726 0.037072 0.037055 0.007992
0.548186 0.001845 0.004973 0.010611 0.015404 0.028604 0.004074 0.001890 0.001264 0.021807 0.022192 0.001843 0.004520 0.003449 0.023087 0.000977 0.005228 0.004633 0.004523 0.123298 0.011633 0.046242 0.002023 0.007958 0.003936 0.009558 0.002371 0.009881 0.020073 0.015340 0.034218 0.004358
0.668903 0.000669 0.001652 0.003822 0.006298 0.009689 0.001125 0.000741 0.001779 0.017446 0.007036 0.000413 0.000443 0.001860 0.009205 0.000440 0.001858 0.002876 0.001019 0.111087 0.006338 0.087486 0.000467 0.001421 0.001374 0.001792 0.001488 0.005074 0.003465 0.007368 0.033890 0.001473
0.330902 0.000045 0.000061 0.000296 0.000224 0.000279 0.000163 0.000066 0.000954 0.010259 0.000316 0.000043 0.000026 0.000203 0.007344 0.000040 0.000873 0.000545 0.000123 0.035467 0.002916 0.592311 0.000070 0.000394 0.000384 0.000244 0.000141 0.000728 0.000118 0.011610 0.002235 0.000618
0.451557 0.000019 0.000078 0.000122 0.000242 0.000131 0.000108 0.000046 0.000473 0.010700 0.000227 0.000025 0.000008 0.000133 0.013725 0.000014 0.001083 0.000357 0.000047 0.024408 0.004954 0.468201 0.000046 0.000351 0.000210 0.000187 0.000077 0.000409 0.000124 0.019664 0.001939 0.000336
0.698398 0.000001 0.000001 0.000043 0.000005 0.000003 0.000003 0.000001 0.000029 0.000185 0.000006 0.000001 0.000000 0.000004 0.001261 0.000001 0.000136 0.000012 0.000001 0.004048 0.000190 0.294809 0.000001 0.000029 0.000015 0.000006 0.000007 0.000022 0.000001 0.000670 0.000081 0.000029
0.747715 0.000008 0.000002 0.000295 0.000016 0.000033 0.000023 0.000008 0.000138 0.001671 0.000073 0.000006 0.000009 0.000021 0.000585 0.000008 0.000172 0.000085 0.000022 0.014536 0.000468 0.231212 0.000013 0.000079 0.000059 0.000028 0.000049 0.000182 0.000012 0.001568 0.000704 0.000201
0.380420 0.000225 0.000381 0.001795 0.003065 0.001944 0.001294 0.000819 0.001131 0.159506 0.002508 0.000397 0.000110 0.000986 0.033655 0.000470 0.005088 0.003962 0.000932 0.062266 0.024980 0.203411 0.001027 0.004176 0.000989 0.002835 0.000511 0.006186 0.001907 0.077723 0.012480 0.002821
0.407045 0.002351 0.000617 0.003275 0.001996 0.000792 0.008337 0.002624 0.013771 0.059312 0.001251 0.009577 0.000062 0.000830 0.009303 0.006770 0.006402 0.001464 0.002341 0.184782 0.010025 0.147291 0.003375 0.003951 0.001898 0.002050 0.001520 0.074649 0.000800 0.014626 0.007653 0.009260
0.490837 0.001867 0.000680 0.010044 0.004225 0.006306 0.003656 0.002212 0.002759 0.096250 0.012805 0.001520 0.000439 0.001690 0.014492 0.002471 0.005144 0.005995 0.004179 0.078993 0.018247 0.134918 0.002768 0.004975 0.002004 0.006839 0.001999 0.015230 0.004028 0.033183 0.022837 0.006411
0.556424 0.001639 0.004856 0.023457 0.015116 0.005595 0.003765 0.001768 0.006533 0.040353 0.007323 0.001392 0.001239 0.002743 0.051370 0.002216 0.006027 0.005797 0.014168 0.036187 0.028644 0.106960 0.001724 0.003183 0.004163 0.003471 0.002429 0.003383 0.004430 0.037512 0.009483 0.006648
0.140172 0.002961 0.001816 0.014938 0.016182 0.015188 0.007789 0.005537 0.004838 0.263118 0.014834 0.003252 0.001275 0.004864 0.032485 0.006866 0.011318 0.013008 0.010945 0.087377 0.034510 0.102930 0.006244 0.018736 0.004764 0.014564 0.002818 0.036321 0.008953 0.064777 0.034342 0.012279
0.194705 0.002349 0.001170 0.014367 0.012018 0.011751 0.006240 0.004500 0.003714 0.289574 0.012888 0.002621 0.000892 0.003537 0.028366 0.005322 0.009159 0.011641 0.007735 0.074185 0.029649 0.102368 0.005005 0.016622 0.003338 0.012630 0.002180 0.031586 0.006601 0.058863 0.024705 0.009721
0.209829 0.005709 0.002607 0.005886 0.007872 0.014336 0.011534 0.005268 0.005227 0.045604 0.029252 0.003413 0.002276 0.005466 0.021338 0.005170 0.014011 0.007017 0.007080 0.183654 0.042561 0.073028 0.004357 0.008439 0.007810 0.015343 0.012820 0.029423 0.021318 0.049125 0.135213 0.008014
0.231863 0.004276 0.002622 0.006229 0.009184 0.014141 0.009033 0.004570 0.004611 0.047117 0.027468 0.002753 0.001989 0.004525 0.024272 0.004565 0.014337 0.005841 0.006738 0.179192 0.040199 0.070984 0.003894 0.007753 0.007317 0.014153 0.011536 0.028977 0.020739 0.048320 0.132981 0.007822
0.217048 0.006152 0.006954 0.013536 0.022233 0.036954 0.012001 0.005895 0.004925 0.035806 0.039155 0.004701 0.007391 0.007265 0.023932 0.002601 0.008256 0.014555 0.010582 0.188482 0.020648 0.071023 0.006396 0.012544 0.008238 0.017883 0.003920 0.023986 0.028209 0.023630 0.103630 0.011466
0.582875 0.001167 0.000253 0.056167 0.002752 0.006049 0.001297 0.001408 0.007361 0.003029 0.000599 0.001075 0.015016 0.000892 0.000433 0.001102 0.000622 0.012373 0.104917 0.005301 0.000536 0.006402 0.000685 0.002284 0.003095 0.000707 0.001350 0.002323 0.000247 0.002254 0.003088 0.172340
