0.000965 0.000002 0.998801 0.000000 0.000181 0.000009 0.000000 0.000000 0.000005 0.000000 0.000009 0.000000 0.000005 0.000010 0.000001 0.000000 0.000001 0.000001 0.000000 0.000000 0.000000 0.000000 0.000000 0.000000 0.000001 0.000002 0.000001 0.000000 0.000002 0.000000 0.000001 0.000000
0.507223 0.000732 0.216484 0.006947 0.027595 0.003080 0.000918 0.000969 0.002405 0.001804 0.003416 0.001035 0.000860 0.002303 0.113082 0.000454 0.048725 0.000387 0.000475 0.024809 0.007022 0.004996 0.000406 0.003941 0.003060 0.000759 0.001329 0.002758 0.000794 0.007549 0.002153 0.001530
0.334573 0.000065 0.000110 0.559030 0.001780 0.099353 0.000031 0.000022 0.000074 0.000050 0.000472 0.000027 0.001258 0.000046 0.000447 0.000014 0.000303 0.000030 0.000025 0.000140 0.000083 0.000286 0.000016 0.000060 0.000211 0.000092 0.000213 0.000537 0.000015 0.000168 0.000377 0.000092
0.745445 0.000551 0.000183 0.202925 0.006217 0.016312 0.000192 0.000142 0.003400 0.000512 0.007194 0.000178 0.001923 0.000163 0.001027 0.000071 0.000713 0.000200 0.000171 0.001685 0.000339 0.003637 0.000161 0.000912 0.000387 0.000275 0.001153 0.001043 0.000131 0.000775 0.001504 0.000478
0.820034 0.000059 0.000009 0.149078 0.000427 0.020727 0.000030 0.000028 0.000071 0.000344 0.000255 0.000025 0.001084 0.000026 0.000333 0.000024 0.000263 0.000016 0.000029 0.002274 0.000119 0.002761 0.000091 0.000180 0.000077 0.000019 0.000076 0.000978 0.000015 0.000293 0.000080 0.000174
0.774361 0.000117 0.000012 0.127272 0.000050 0.087149 0.000072 0.000040 0.000118 0.000200 0.000119 0.000021 0.004617 0.000048 0.000076 0.000067 0.000342 0.000063 0.000242 0.000698 0.000118 0.001919 0.000067 0.000242 0.000165 0.000025 0.000045 0.001013 0.000009 0.000305 0.000085 0.000322
0.777293 0.000919 0.004233 0.124898 0.038277 0.006230 0.000298 0.000213 0.000966 0.001004 0.003689 0.000187 0.003031 0.001177 0.013703 0.000102 0.003752 0.000256 0.000288 0.001572 0.000688 0.003429 0.000295 0.001167 0.003476 0.000485 0.000699 0.001257 0.000307 0.002144 0.003062 0.000901
0.344251 0.000033 0.033298 0.000951 0.592047 0.000139 0.000059 0.000061 0.000597 0.000462 0.000678 0.000077 0.000075 0.000091 0.018821 0.000030 0.003915 0.000020 0.000030 0.000371 0.000444 0.000279 0.000086 0.001378 0.000141 0.000072 0.000164 0.000471 0.000060 0.000518 0.000222 0.000160
0.374404 0.000291 0.003651 0.001008 0.560933 0.000119 0.000254 0.000141 0.000218 0.001446 0.000746 0.000141 0.000033 0.000708 0.042954 0.000200 0.002456 0.000154 0.000250 0.000307 0.000819 0.000452 0.000205 0.000945 0.000470 0.000874 0.000384 0.000865 0.000738 0.001603 0.001749 0.000480
0.357684 0.000020 0.000008 0.126766 0.000076 0.511252 0.000007 0.000007 0.000020 0.000012 0.000249 0.000004 0.003433 0.000006 0.000018 0.000003 0.000026 0.000015 0.000005 0.000045 0.000020 0.000056 0.000006 0.000011 0.000034 0.000009 0.000038 0.000048 0.000005 0.000030 0.000070 0.000017
0.775047 0.000241 0.000080 0.081406 0.000603 0.116007 0.000157 0.000090 0.000229 0.000747 0.000518 0.000069 0.010351 0.000148 0.000492 0.000088 0.000948 0.000125 0.000208 0.002686 0.000442 0.003001 0.000226 0.000390 0.000619 0.000115 0.000219 0.002335 0.000045 0.001330 0.000465 0.000573
0.307093 0.000051 0.000004 0.000038 0.000005 0.000016 0.000059 0.000028 0.000252 0.679596 0.000023 0.000012 0.000002 0.000036 0.000203 0.000197 0.000060 0.000577 0.000035 0.007648 0.000086 0.003138 0.000009 0.000163 0.000039 0.000008 0.000004 0.000231 0.000007 0.000256 0.000008 0.000115
0.520345 0.000595 0.000075 0.000316 0.000035 0.000415 0.000247 0.000122 0.000625 0.445653 0.000142 0.000074 0.000027 0.000595 0.000495 0.001036 0.000320 0.001744 0.000317 0.004889 0.000194 0.016072 0.000045 0.000633 0.000494 0.000043 0.000038 0.003056 0.000025 0.000628 0.000064 0.000641
0.558992 0.000325 0.000136 0.000082 0.000429 0.000016 0.000272 0.000096 0.000362 0.367886 0.000090 0.000339 0.000003 0.000317 0.012353 0.003601 0.014549 0.000255 0.000267 0.001560 0.003246 0.001765 0.000035 0.013291 0.000228 0.000026 0.000029 0.009158 0.000029 0.009716 0.000112 0.000434
0.635139 0.000334 0.000057 0.000387 0.000046 0.000316 0.000274 0.000176 0.000859 0.316676 0.000313 0.000099 0.000040 0.000268 0.001019 0.000501 0.000320 0.002080 0.000172 0.022074 0.000429 0.014492 0.000098 0.000728 0.000284 0.000069 0.000058 0.000852 0.000082 0.001116 0.000098 0.000545
0.581452 0.003249 0.000891 0.008681 0.001297 0.000770 0.008149 0.001809 0.003937 0.189345 0.000453 0.002836 0.000037 0.002229 0.006709 0.026856 0.008818 0.004467 0.002852 0.030138 0.006713 0.034669 0.000903 0.002808 0.001463 0.001065 0.000374 0.047514 0.000263 0.009436 0.005965 0.003849
0.364159 0.008650 0.001609 0.002151 0.005715 0.001813 0.009477 0.002590 0.010138 0.149550 0.002490 0.006407 0.000208 0.010511 0.017916 0.017051 0.099020 0.001220 0.007035 0.018827 0.034148 0.028642 0.000791 0.025266 0.005059 0.001842 0.002021 0.051539 0.001585 0.075126 0.029238 0.008205
0.878480 0.000046 0.000007 0.000189 0.000023 0.000017 0.000053 0.000017 0.000170 0.112530 0.000007 0.000046 0.000001 0.000023 0.000375 0.000181 0.001043 0.000110 0.000029 0.003022 0.000219 0.000666 0.000011 0.000060 0.000022 0.000005 0.000004 0.001703 0.000002 0.000838 0.000028 0.000073
0.147477 0.087702 0.003778 0.004451 0.002887 0.018683 0.000872 0.000530 0.007204 0.010164 0.004102 0.000299 0.018086 0.134653 0.002583 0.000994 0.001070 0.004319 0.032996 0.002027 0.000815 0.038009 0.000172 0.001091 0.462405 0.000316 0.000369 0.001365 0.000438 0.002759 0.004819 0.002563
0.324129 0.000061 0.005865 0.000199 0.006575 0.000011 0.000044 0.000045 0.000108 0.001426 0.000048 0.000042 0.000006 0.000281 0.650091 0.000028 0.004950 0.000009 0.000040 0.001036 0.000446 0.000654 0.000030 0.000630 0.000345 0.000012 0.000033 0.000315 0.000024 0.002159 0.000160 0.000197
0.525346 0.000095 0.004699 0.001512 0.022262 0.000048 0.000102 0.000093 0.000197 0.001421 0.000176 0.000108 0.000031 0.000328 0.420222 0.000050 0.010279 0.000019 0.000068 0.001263 0.000719 0.001014 0.000113 0.002849 0.000578 0.000040 0.000087 0.001005 0.000043 0.004320 0.000545 0.000368
0.577962 0.000067 0.008703 0.001393 0.004632 0.000072 0.000084 0.000078 0.000107 0.000547 0.000100 0.000084 0.000024 0.000252 0.386517 0.000038 0.008370 0.000019 0.000032 0.002751 0.000612 0.000660 0.000041 0.001971 0.000514 0.000041 0.000072 0.000419 0.000036 0.003289 0.000254 0.000259
0.643754 0.000026 0.001916 0.000108 0.000487 0.000026 0.000059 0.000050 0.000059 0.000447 0.000156 0.000042 0.000006 0.000099 0.344755 0.000036 0.002213 0.000017 0.000024 0.001046 0.001338 0.000782 0.000021 0.000147 0.000289 0.000073 0.000212 0.000153 0.000085 0.001156 0.000307 0.000110
0.753172 0.000024 0.000646 0.000184 0.000340 0.000009 0.000019 0.000016 0.000017 0.000348 0.000016 0.000018 0.000003 0.000092 0.239227 0.000006 0.002109 0.000004 0.000006 0.001157 0.000103 0.000184 0.000007 0.000446 0.000179 0.000011 0.000010 0.000181 0.000009 0.001291 0.000108 0.000057
0.650693 0.000148 0.075652 0.002515 0.006186 0.000361 0.000257 0.000279 0.000573 0.000805 0.000631 0.000293 0.000106 0.000677 0.201917 0.000113 0.028359 0.000084 0.000115 0.014260 0.002911 0.002284 0.000101 0.002028 0.001159 0.000156 0.000286 0.000799 0.000157 0.004908 0.000620 0.000569
0.818114 0.000005 0.000546 0.000007 0.000166 0.000001 0.000006 0.000003 0.000003 0.000064 0.000004 0.000004 0.000000 0.000042 0.180173 0.000001 0.000390 0.000000 0.000001 0.000166 0.000011 0.000018 0.000001 0.000017 0.000092 0.000005 0.000002 0.000051 0.000002 0.000081 0.000017 0.000007
0.464136 0.000254 0.003780 0.001547 0.361722 0.000473 0.000247 0.000200 0.000149 0.001151 0.001157 0.000106 0.000045 0.000652 0.144000 0.000164 0.004427 0.000159 0.000245 0.000891 0.001274 0.000875 0.000074 0.000600 0.001158 0.001285 0.001318 0.000963 0.001024 0.002450 0.002801 0.000671
0.848662 0.000101 0.002162 0.000616 0.001587 0.000104 0.000157 0.000083 0.000166 0.000788 0.000252 0.000134 0.000011 0.000274 0.129579 0.000029 0.005306 0.000028 0.000026 0.002475 0.000330 0.000997 0.000064 0.000197 0.001465 0.000268 0.000155 0.001297 0.000039 0.001427 0.001012 0.000210
0.747784 0.000639 0.008845 0.003002 0.015210 0.002123 0.000906 0.000445 0.000725 0.003197 0.003068 0.000539 0.000266 0.001241 0.127424 0.000126 0.016774 0.000737 0.000229 0.012185 0.004115 0.006675 0.000573 0.000989 0.006468 0.002238 0.002019 0.002463 0.000948 0.009337 0.017741 0.000968
0.872641 0.000001 0.000187 0.000004 0.000017 0.000002 0.000002 0.000002 0.000002 0.000029 0.000011 0.000001 0.000000 0.000006 0.125914 0.000001 0.000480 0.000000 0.000001 0.000231 0.000188 0.000067 0.000000 0.000004 0.000030 0.000002 0.000011 0.000008 0.000002 0.000130 0.000022 0.000005
0.612458 0.000262 0.124019 0.007865 0.059244 0.001425 0.000454 0.000514 0.001240 0.001037 0.001995 0.000543 0.000560 0.000752 0.125076 0.000224 0.033002 0.000172 0.000212 0.007445 0.002773 0.001972 0.000289 0.005952 0.001188 0.000383 0.000789 0.001494 0.000395 0.004366 0.000976 0.000924
0.839789 0.000386 0.001699 0.000421 0.002461 0.000209 0.000578 0.000298 0.000287 0.002620 0.000427 0.000194 0.000036 0.000996 0.105514 0.000379 0.008638 0.000232 0.000255 0.010591 0.001515 0.010977 0.000098 0.000651 0.001841 0.000493 0.000401 0.001309 0.000429 0.003403 0.002215 0.000657
0.393582 0.052843 0.003145 0.020081 0.013631 0.014044 0.002563 0.001871 0.006402 0.036459 0.006726 0.001273 0.004767 0.033590 0.011507 0.002539 0.001913 0.010378 0.135573 0.006282 0.003181 0.072620 0.000874 0.002692 0.131464 0.000690 0.000997 0.002456 0.001544 0.008430 0.008766 0.007117
0.809173 0.000024 0.000009 0.000564 0.000064 0.000167 0.000255 0.000178 0.000169 0.014440 0.000151 0.000137 0.000066 0.000043 0.000616 0.000560 0.000395 0.000130 0.106341 0.048713 0.000241 0.004026 0.000302 0.001023 0.000370 0.000037 0.000085 0.000748 0.000037 0.003059 0.000325 0.007552
0.539868 0.000202 0.000024 0.000331 0.000022 0.000316 0.000099 0.000034 0.000504 0.001341 0.000325 0.000032 0.000136 0.000270 0.001925 0.000044 0.001551 0.000113 0.000155 0.334409 0.001885 0.098631 0.000034 0.000079 0.006870 0.000140 0.000623 0.001105 0.000041 0.005006 0.003042 0.000844
0.145378 0.005660 0.009191 0.011870 0.057221 0.011276 0.010390 0.005676 0.010373 0.072751 0.009032 0.004817 0.003130 0.010508 0.064046 0.005513 0.019514 0.010825 0.015763 0.152945 0.026854 0.125692 0.005957 0.014902 0.009969 0.011370 0.004239 0.036454 0.013989 0.051419 0.050127 0.013148
0.778256 0.000123 0.000018 0.000081 0.000008 0.000200 0.000040 0.000010 0.000354 0.000408 0.000197 0.000008 0.000065 0.000234 0.000757 0.000011 0.000617 0.000040 0.000069 0.143919 0.000451 0.058391 0.000005 0.000012 0.011988 0.000033 0.000107 0.000367 0.000005 0.001640 0.001359 0.000227
0.497342 0.004502 0.000212 0.001844 0.000406 0.000987 0.032553 0.003621 0.001337 0.032098 0.002506 0.033167 0.000263 0.002024 0.002972 0.008835 0.013084 0.005562 0.002138 0.125267 0.056572 0.048342 0.010333 0.005152 0.001206 0.010223 0.007214 0.015996 0.003236 0.036839 0.030859 0.003309
0.426989 0.004055 0.001271 0.008482 0.024631 0.004927 0.009305 0.004538 0.007377 0.068933 0.003546 0.003940 0.000413 0.003390 0.011081 0.011929 0.013384 0.013166 0.004723 0.121770 0.019428 0.074000 0.031357 0.005139 0.002798 0.018684 0.002673 0.026197 0.018289 0.033228 0.016307 0.004046
0.621859 0.001777 0.000955 0.001093 0.006866 0.001784 0.001642 0.001045 0.008017 0.024119 0.008042 0.000879 0.000657 0.001180 0.004217 0.000907 0.005317 0.002384 0.002387 0.119766 0.018958 0.062915 0.000759 0.001096 0.002163 0.003531 0.005981 0.009799 0.002928 0.015054 0.059208 0.002715
0.638920 0.001033 0.003336 0.004469 0.000548 0.000951 0.000769 0.000977 0.000585 0.006913 0.001814 0.000629 0.000741 0.002437 0.046075 0.000494 0.046390 0.000359 0.000571 0.110309 0.015435 0.045503 0.001035 0.003071 0.009294 0.000915 0.001796 0.004982 0.000959 0.033805 0.011619 0.003265
0.532279 0.000790 0.000033 0.000388 0.000057 0.000776 0.000185 0.000085 0.001178 0.003694 0.001061 0.000096 0.000164 0.000602 0.002826 0.000120 0.002211 0.000111 0.000318 0.286062 0.002533 0.135963 0.000054 0.000154 0.010338 0.000226 0.001528 0.003941 0.000091 0.007144 0.003572 0.001418
0.145378 0.005660 0.009191 0.011870 0.057221 0.011276 0.010390 0.005676 0.010373 0.072751 0.009032 0.004817 0.003130 0.010508 0.064046 0.005513 0.019514 0.010825 0.015763 0.152945 0.026854 0.125692 0.005957 0.014902 0.009969 0.011370 0.004239 0.036454 0.013989 0.051419 0.050127 0.013148
0.751368 0.000277 0.000049 0.001669 0.000059 0.000211 0.000192 0.000099 0.000617 0.013145 0.000238 0.000183 0.000244 0.000415 0.004297 0.000164 0.001696 0.000633 0.000236 0.079294 0.003950 0.118844 0.000142 0.001029 0.000893 0.000335 0.000752 0.002593 0.000283 0.011509 0.002378 0.002207
0.579950 0.000034 0.000016 0.000052 0.000144 0.000004 0.000038 0.000027 0.000026 0.006959 0.000026 0.000061 0.000001 0.000036 0.005555 0.000645 0.006520 0.000037 0.000076 0.000176 0.001079 0.001048 0.000005 0.385130 0.000039 0.000003 0.000008 0.001432 0.000004 0.010718 0.000022 0.000130
0.589694 0.000137 0.000098 0.000104 0.000621 0.000016 0.000154 0.000095 0.000172 0.058832 0.000090 0.000196 0.000003 0.000148 0.014394 0.003227 0.020291 0.000131 0.000243 0.000735 0.003950 0.002710 0.000020 0.275059 0.000145 0.000015 0.000031 0.005534 0.000022 0.022593 0.000079 0.000459
0.836578 0.000099 0.000055 0.000258 0.000231 0.000033 0.000044 0.000045 0.000064 0.007307 0.000110 0.000048 0.000006 0.000093 0.009424 0.000321 0.002313 0.000090 0.000075 0.000826 0.000748 0.001980 0.000013 0.132636 0.000106 0.000007 0.000017 0.001102 0.000015 0.005074 0.000047 0.000234
0.820186 0.000013 0.000014 0.000011 0.000021 0.000003 0.000024 0.000017 0.000042 0.001923 0.000008 0.000072 0.000000 0.000016 0.004134 0.000160 0.033016 0.000013 0.000016 0.000219 0.001964 0.000297 0.000006 0.119078 0.000010 0.000001 0.000010 0.000626 0.000003 0.018014 0.000015 0.000066
0.431754 0.009381 0.000882 0.001899 0.010780 0.002440 0.006381 0.003826 0.011136 0.089346 0.004777 0.007986 0.000214 0.005540 0.009922 0.025054 0.043595 0.002100 0.005923 0.018446 0.013606 0.039677 0.000881 0.111742 0.002706 0.001756 0.003072 0.071045 0.002443 0.035051 0.017027 0.009611
0.152242 0.058987 0.001992 0.003861 0.002686 0.013938 0.000998 0.000548 0.005510 0.006283 0.002670 0.000229 0.015257 0.085657 0.002256 0.000664 0.000812 0.006546 0.025790 0.002479 0.000692 0.028515 0.000254 0.000531 0.564397 0.000525 0.000437 0.001157 0.000578 0.002243 0.009176 0.002090
0.775078 0.008460 0.000182 0.000326 0.000178 0.002587 0.000161 0.000080 0.007189 0.003812 0.000924 0.000045 0.001044 0.008305 0.000487 0.000152 0.000551 0.000229 0.000730 0.007536 0.000174 0.040049 0.000026 0.000110 0.137437 0.000052 0.000085 0.001568 0.000019 0.000959 0.000970 0.000496
0.836335 0.008724 0.000439 0.001170 0.000244 0.013638 0.000069 0.000051 0.001780 0.001049 0.001836 0.000039 0.010169 0.006742 0.000688 0.000033 0.000231 0.000095 0.000278 0.002568 0.000130 0.007195 0.000019 0.000073 0.104235 0.000052 0.000101 0.000401 0.000044 0.000567 0.000760 0.000243
0.515146 0.001603 0.000748 0.010514 0.022516 0.001324 0.004142 0.002899 0.004630 0.086386 0.002170 0.004441 0.000624 0.004146 0.035599 0.003426 0.011926 0.003468 0.001755 0.067507 0.010291 0.017492 0.008300 0.008437 0.003456 0.003735 0.002329 0.119260 0.001713 0.022015 0.012170 0.005834
0.390640 0.016174 0.004157 0.006029 0.003491 0.013417 0.015540 0.002288 0.009287 0.035581 0.011778 0.003139 0.002974 0.032559 0.009255 0.004349 0.026118 0.008555 0.005284 0.037993 0.034549 0.029269 0.001591 0.006674 0.011645 0.013534 0.007087 0.026546 0.005671 0.037118 0.180868 0.006839
0.653697 0.001467 0.000749 0.005624 0.003446 0.002463 0.003719 0.001135 0.003105 0.015189 0.004410 0.000792 0.000154 0.001810 0.005006 0.004439 0.005146 0.006833 0.001919 0.044152 0.019985 0.025529 0.000548 0.002369 0.001736 0.009830 0.007852 0.012930 0.001443 0.015674 0.133855 0.002993
