chair 174 173 210 181 0.160151 0.800442
chair 217 176 227 193 0.134265 0.858706
sofa 23 54 418 184 0.108706 0.717089
picture 201 325 212 330 0.175115 0.571881
picture 193 328 201 331 0.15328 0.537439
picture 201 303 218 331 0.137579 0.526307
picture 214 318 218 327 0.124249 0.670550
picture 725 391 729 396 0.112469 0.324007
picture 214 307 217 318 0.110269 0.611011
paper 478 228 490 240 0.212373 0.720516
paper 584 22 603 24 0.203838 0.671714
paper 194 328 201 331 0.197433 0.537439
paper 545 18 603 23 0.197142 0.609052
paper 202 302 218 330 0.185167 0.526307
paper 197 313 202 322 0.178292 0.594035
paper 174 326 188 334 0.174713 0.681720
paper 610 24 687 31 0.171303 0.720256
paper 79 397 80 398 0.170426 0.603041
paper 179 323 185 327 0.167314 0.696529
paper 153 318 188 339 0.165606 0.710639
paper 157 332 176 338 0.16532 0.720821
paper 181 313 202 333 0.16027 0.653074
paper 160 322 173 335 0.15793 0.752067
paper 204 303 216 308 0.151612 0.650262
paper 215 307 217 318 0.145883 0.611011
paper 573 266 578 270 0.145101 0.749739
paper 202 325 212 330 0.143545 0.571881
paper 187 314 196 324 0.136117 0.724297
paper 55 406 57 408 0.131578 0.701262
paper 718 433 729 446 0.131541 0.177490
paper 720 422 729 432 0.125757 0.250192
paper 692 413 729 446 0.121727 0.308185
paper 708 190 729 198 0.120519 0.558078
paper 726 419 729 423 0.120301 0.272740
paper 146 226 150 228 0.119286 0.526232
paper 153 302 218 336 0.118161 0.763031
paper 725 117 729 122 0.117023 0.273722
paper 721 416 729 423 0.113892 0.341462
paper 301 266 312 276 0.113503 0.840085
paper 176 306 199 321 0.110981 0.800264
paper 215 318 218 327 0.10629 0.670550
paper 142 331 152 340 0.10395 0.805856
paper 140 228 150 247 0.103441 0.579609
paper 720 443 721 447 0.102031 0.386113
paper 712 324 729 333 0.101115 0.431270
paper 719 262 723 266 0.100685 0.522907
box 274 255 276 265 0.238416 0.729329
box 331 151 337 157 0.121278 0.744395
box 336 157 353 166 0.113418 0.778986
box 135 227 151 248 0.109889 0.602453
box 177 326 188 333 0.102496 0.627006
garbage_bin 253 220 351 384 0.854024 0.082113
garbage_bin 126 258 255 427 0.675477 0.175304
garbage_bin 242 295 245 304 0.476452 0.475945
garbage_bin 109 263 112 267 0.360191 0.632618
garbage_bin 243 263 272 384 0.325099 0.627159
garbage_bin 302 218 357 257 0.263861 0.678610
garbage_bin 118 271 133 276 0.257522 0.738148
garbage_bin 243 304 253 349 0.229849 0.719125
garbage_bin 271 229 286 385 0.204212 0.690240
garbage_bin 241 345 246 359 0.175291 0.797789
garbage_bin 345 204 360 226 0.172436 0.827059
garbage_bin 325 235 333 238 0.147713 0.811964
garbage_bin 242 268 254 302 0.120503 0.853536
garbage_bin 252 363 266 378 0.108536 0.863337
garbage_bin 320 208 345 220 0.10522 0.891264
