0.721552 0.205246 0.000036 0.000912 0.001149 0.000023 0.004503 0.000308 0.001966 0.001218 0.001924 0.000353 0.000156 0.001515 0.000041 0.001294 0.000081 0.011411 0.002821 0.001118 0.000258 0.002594 0.031820 0.000096 0.001361 0.001550 0.000788 0.000336 0.002158 0.000299 0.000651 0.000463
0.464023 0.142715 0.001419 0.002351 0.008297 0.003767 0.006840 0.005125 0.005650 0.016003 0.140441 0.003299 0.001619 0.003026 0.002255 0.003812 0.004161 0.008036 0.008652 0.032574 0.009850 0.034502 0.008034 0.002783 0.004139 0.013550 0.013448 0.004470 0.018143 0.008971 0.012753 0.005289
0.643875 0.100859 0.001012 0.001179 0.004088 0.001140 0.003394 0.003506 0.001697 0.010064 0.110621 0.001933 0.000596 0.001251 0.002990 0.003413 0.003687 0.002936 0.003743 0.029293 0.010825 0.019865 0.003297 0.001311 0.003053 0.002845 0.003698 0.002119 0.007347 0.005700 0.006179 0.002484
0.473739 0.018773 0.124408 0.020744 0.035015 0.154520 0.003212 0.001164 0.002588 0.004334 0.032606 0.000931 0.007878 0.005904 0.002073 0.002329 0.003492 0.011259 0.000980 0.004629 0.012430 0.004475 0.008933 0.002161 0.001599 0.010006 0.011833 0.005427 0.013510 0.002405 0.015563 0.001081
0.005000 0.000001 0.000000 0.994686 0.000008 0.000258 0.000001 0.000000 0.000001 0.000000 0.000002 0.000000 0.000022 0.000001 0.000001 0.000000 0.000001 0.000002 0.000000 0.000000 0.000001 0.000001 0.000000 0.000000 0.000001 0.000003 0.000001 0.000001 0.000000 0.000001 0.000003 0.000001
0.210254 0.000003 0.000002 0.784522 0.000069 0.004592 0.000003 0.000002 0.000005 0.000014 0.000017 0.000002 0.000170 0.000002 0.000016 0.000003 0.000012 0.000009 0.000003 0.000073 0.000009 0.000063 0.000008 0.000031 0.000009 0.000004 0.000013 0.000029 0.000003 0.000017 0.000010 0.000030
0.296748 0.000008 0.000002 0.686591 0.000138 0.015532 0.000011 0.000004 0.000011 0.000009 0.000169 0.000002 0.000376 0.000004 0.000011 0.000005 0.000018 0.000017 0.000004 0.000033 0.000013 0.000038 0.000029 0.000016 0.000023 0.000026 0.000030 0.000051 0.000007 0.000013 0.000036 0.000025
0.473274 0.000036 0.000000 0.526008 0.000043 0.000108 0.000014 0.000004 0.000110 0.000020 0.000084 0.000003 0.000030 0.000003 0.000007 0.000004 0.000008 0.000035 0.000004 0.000041 0.000007 0.000033 0.000024 0.000009 0.000005 0.000019 0.000006 0.000015 0.000003 0.000008 0.000022 0.000014
0.520275 0.000073 0.000031 0.465198 0.002191 0.003210 0.000059 0.000062 0.000202 0.000290 0.000382 0.000078 0.000487 0.000036 0.000447 0.000118 0.000322 0.000081 0.000070 0.001146 0.000141 0.000926 0.000188 0.001820 0.000096 0.000055 0.000381 0.000571 0.000050 0.000374 0.000123 0.000516
0.610441 0.000060 0.000028 0.364030 0.000379 0.003382 0.000095 0.000133 0.000093 0.000753 0.000279 0.000137 0.000396 0.000052 0.000350 0.000425 0.001101 0.000153 0.000221 0.004530 0.000580 0.005622 0.000628 0.000465 0.000134 0.000118 0.001422 0.001592 0.000127 0.001054 0.000241 0.000977
0.591517 0.000191 0.000046 0.357477 0.031848 0.000806 0.000280 0.000130 0.000516 0.000555 0.000591 0.000190 0.000081 0.000105 0.002971 0.000273 0.002014 0.000149 0.000130 0.000706 0.000722 0.000655 0.000312 0.003558 0.000151 0.000214 0.000259 0.000955 0.000118 0.001465 0.000576 0.000437
0.554471 0.000209 0.000092 0.350736 0.011302 0.013824 0.000258 0.000188 0.000458 0.002081 0.000382 0.000147 0.004246 0.000356 0.003531 0.000224 0.001674 0.000459 0.000962 0.004782 0.001051 0.018252 0.000570 0.010074 0.001037 0.000248 0.000467 0.008576 0.000181 0.004968 0.000944 0.003253
0.725865 0.000026 0.000002 0.265811 0.000355 0.003976 0.000028 0.000013 0.000120 0.000086 0.000056 0.000014 0.001038 0.000009 0.000061 0.000018 0.000052 0.000026 0.000031 0.000367 0.000023 0.000402 0.000079 0.000403 0.000048 0.000025 0.000042 0.000731 0.000004 0.000076 0.000024 0.000189
0.779234 0.000011 0.000005 0.211988 0.000100 0.006708 0.000007 0.000005 0.000017 0.000040 0.000161 0.000005 0.000462 0.000005 0.000016 0.000009 0.000027 0.000030 0.000005 0.000374 0.000021 0.000312 0.000050 0.000029 0.000012 0.000014 0.000142 0.000092 0.000019 0.000028 0.000030 0.000042
0.784521 0.000001 0.000001 0.209794 0.000010 0.005448 0.000001 0.000001 0.000001 0.000009 0.000013 0.000001 0.000020 0.000001 0.000010 0.000001 0.000005 0.000002 0.000000 0.000073 0.000004 0.000033 0.000001 0.000004 0.000004 0.000001 0.000009 0.000013 0.000001 0.000008 0.000005 0.000005
0.770597 0.000142 0.000036 0.194405 0.000646 0.001039 0.000139 0.000109 0.000297 0.001631 0.000184 0.000148 0.000356 0.000072 0.001278 0.000431 0.001385 0.000207 0.000261 0.005853 0.001167 0.009597 0.000451 0.002386 0.000149 0.000077 0.000672 0.001800 0.000107 0.002521 0.000353 0.001501
0.750267 0.000242 0.000119 0.188455 0.000493 0.002453 0.000476 0.000345 0.000185 0.002659 0.000539 0.000430 0.000434 0.000213 0.001377 0.001436 0.007012 0.000573 0.000722 0.008546 0.003210 0.011024 0.000576 0.001772 0.000401 0.000431 0.001802 0.003323 0.000390 0.006563 0.001284 0.002248
0.817347 0.000045 0.000001 0.177366 0.000311 0.001033 0.000018 0.000013 0.000181 0.000154 0.000834 0.000010 0.000152 0.000012 0.000061 0.000010 0.000087 0.000042 0.000013 0.000901 0.000081 0.000616 0.000014 0.000063 0.000029 0.000052 0.000038 0.000087 0.000010 0.000135 0.000211 0.000074
0.832946 0.000083 0.000004 0.162873 0.000202 0.000427 0.000055 0.000019 0.000183 0.000161 0.000575 0.000016 0.000115 0.000017 0.000065 0.000020 0.000055 0.000118 0.000018 0.000840 0.000077 0.000329 0.000081 0.000098 0.000036 0.000071 0.000058 0.000087 0.000019 0.000102 0.000157 0.000092
0.839082 0.000002 0.000003 0.157908 0.000081 0.000389 0.000005 0.000006 0.000006 0.000068 0.000021 0.000006 0.000043 0.000004 0.000044 0.000013 0.000067 0.000017 0.000005 0.000991 0.000031 0.000722 0.000038 0.000018 0.000010 0.000011 0.000133 0.000144 0.000009 0.000064 0.000019 0.000039
0.837728 0.000015 0.000006 0.157482 0.001366 0.001604 0.000012 0.000006 0.000039 0.000046 0.000218 0.000008 0.000062 0.000005 0.000111 0.000007 0.000061 0.000011 0.000006 0.000415 0.000023 0.000269 0.000017 0.000082 0.000024 0.000020 0.000079 0.000111 0.000006 0.000055 0.000049 0.000061
0.836248 0.000171 0.000033 0.148839 0.003005 0.000691 0.000115 0.000067 0.000423 0.000547 0.000398 0.000108 0.000181 0.000037 0.001031 0.000112 0.000346 0.000084 0.000077 0.002247 0.000217 0.001673 0.000280 0.001043 0.000100 0.000066 0.000250 0.000504 0.000054 0.000446 0.000194 0.000411
0.690976 0.001259 0.000468 0.147587 0.002876 0.016766 0.001062 0.000737 0.002148 0.012518 0.000332 0.000792 0.003161 0.001041 0.002977 0.002006 0.002927 0.001825 0.002407 0.007072 0.001451 0.014536 0.001771 0.042203 0.001441 0.000539 0.000399 0.024601 0.000343 0.005933 0.000921 0.004925
0.837650 0.000301 0.000064 0.143712 0.003045 0.002822 0.000204 0.000121 0.000756 0.000563 0.000793 0.000138 0.000236 0.000061 0.001034 0.000163 0.000372 0.000180 0.000102 0.001628 0.000225 0.000958 0.000550 0.001806 0.000141 0.000119 0.000341 0.000778 0.000080 0.000413 0.000195 0.000448
0.853952 0.000033 0.000005 0.139884 0.000068 0.000918 0.000032 0.000023 0.000132 0.000245 0.000364 0.000013 0.000080 0.000017 0.000164 0.000016 0.000129 0.000074 0.000014 0.001491 0.000166 0.001331 0.000038 0.000073 0.000044 0.000027 0.000029 0.000101 0.000015 0.000241 0.000181 0.000101
0.842372 0.000169 0.000022 0.132477 0.003158 0.003973 0.000194 0.000094 0.001239 0.000719 0.000309 0.000069 0.000911 0.000075 0.000508 0.000122 0.000369 0.000160 0.000193 0.002350 0.000146 0.002146 0.000540 0.003610 0.000266 0.000131 0.000153 0.002156 0.000041 0.000446 0.000151 0.000731
0.779518 0.000688 0.000143 0.123467 0.003971 0.072663 0.000376 0.000094 0.000275 0.000436 0.007081 0.000067 0.000290 0.000131 0.000116 0.000152 0.000173 0.001114 0.000069 0.000474 0.000481 0.000298 0.000588 0.000174 0.000070 0.001511 0.001334 0.000699 0.000427 0.000237 0.002745 0.000141
0.870801 0.000005 0.000010 0.122723 0.000026 0.004960 0.000009 0.000008 0.000007 0.000087 0.000036 0.000004 0.000038 0.000008 0.000044 0.000015 0.000057 0.000042 0.000004 0.000380 0.000045 0.000265 0.000028 0.000049 0.000014 0.000011 0.000056 0.000133 0.000009 0.000064 0.000021 0.000044
0.785616 0.000249 0.000053 0.120924 0.000990 0.005679 0.000386 0.000463 0.000416 0.005063 0.001629 0.000377 0.000316 0.000161 0.001651 0.001357 0.002136 0.000581 0.001031 0.028607 0.001791 0.021719 0.001257 0.000954 0.000609 0.000301 0.002772 0.004239 0.000419 0.004072 0.001710 0.002470
0.845943 0.000158 0.000115 0.120841 0.002323 0.002930 0.000161 0.000136 0.000541 0.000914 0.000321 0.000144 0.000375 0.000088 0.001983 0.000203 0.000722 0.000182 0.000134 0.002055 0.000323 0.001361 0.000400 0.013914 0.000195 0.000074 0.000146 0.001392 0.000058 0.001033 0.000163 0.000671
0.855328 0.000079 0.000077 0.117706 0.000181 0.000973 0.000176 0.000091 0.000081 0.001025 0.000164 0.000152 0.000314 0.000107 0.000711 0.000370 0.002870 0.000217 0.000199 0.004452 0.001286 0.005709 0.000174 0.001153 0.000221 0.000155 0.000592 0.001391 0.000106 0.002439 0.000415 0.001088
0.882397 0.000008 0.000002 0.108005 0.000013 0.008846 0.000002 0.000002 0.000004 0.000025 0.000049 0.000001 0.000247 0.000003 0.000006 0.000003 0.000006 0.000018 0.000002 0.000098 0.000010 0.000094 0.000020 0.000017 0.000006 0.000004 0.000019 0.000034 0.000007 0.000015 0.000013 0.000024
0.008975 0.000050 0.000027 0.000220 0.000011 0.963771 0.000003 0.000003 0.000020 0.000008 0.000072 0.000002 0.026562 0.000010 0.000004 0.000004 0.000003 0.000011 0.000008 0.000011 0.000005 0.000009 0.000007 0.000007 0.000028 0.000012 0.000064 0.000053 0.000009 0.000006 0.000012 0.000011
0.239848 0.015757 0.047085 0.028053 0.031639 0.411088 0.001801 0.001150 0.002154 0.002769 0.097288 0.000632 0.017250 0.004009 0.001571 0.001514 0.001743 0.006590 0.000706 0.004910 0.007884 0.002785 0.005075 0.001825 0.001624 0.007733 0.017253 0.004705 0.013932 0.001777 0.016887 0.000961
0.618210 0.000233 0.000057 0.042926 0.000280 0.325810 0.000043 0.000048 0.000138 0.000102 0.000696 0.000037 0.007063 0.000028 0.000032 0.000045 0.000036 0.000157 0.000039 0.000233 0.000059 0.000219 0.000136 0.000106 0.000080 0.000363 0.001871 0.000423 0.000108 0.000050 0.000181 0.000190
0.676647 0.000138 0.000010 0.178546 0.000329 0.138069 0.000041 0.000019 0.000087 0.000049 0.001228 0.000020 0.003221 0.000018 0.000049 0.000022 0.000056 0.000034 0.000029 0.000142 0.000035 0.000102 0.000085 0.000095 0.000153 0.000057 0.000224 0.000267 0.000016 0.000040 0.000076 0.000098
0.643002 0.071694 0.000777 0.000417 0.003017 0.000654 0.003111 0.004330 0.001477 0.016756 0.142027 0.002120 0.000213 0.000707 0.002199 0.004423 0.003114 0.001774 0.002129 0.029740 0.011594 0.016012 0.004822 0.001416 0.001572 0.001937 0.004200 0.002019 0.011936 0.004156 0.004956 0.001699
0.464023 0.142715 0.001419 0.002351 0.008297 0.003767 0.006840 0.005125 0.005650 0.016003 0.140441 0.003299 0.001619 0.003026 0.002255 0.003812 0.004161 0.008036 0.008652 0.032574 0.009850 0.034502 0.008034 0.002783 0.004139 0.013550 0.013448 0.004470 0.018143 0.008971 0.012753 0.005289
0.643875 0.100859 0.001012 0.001179 0.004088 0.001140 0.003394 0.003506 0.001697 0.010064 0.110621 0.001933 0.000596 0.001251 0.002990 0.003413 0.003687 0.002936 0.003743 0.029293 0.010825 0.019865 0.003297 0.001311 0.003053 0.002845 0.003698 0.002119 0.007347 0.005700 0.006179 0.002484
0.296202 0.023723 0.097781 0.020760 0.042524 0.247389 0.002350 0.001323 0.002275 0.003077 0.107924 0.000782 0.015931 0.005529 0.002086 0.001865 0.002282 0.008381 0.000790 0.005181 0.009775 0.003169 0.006890 0.002172 0.002098 0.011536 0.023535 0.004929 0.023821 0.001905 0.021001 0.001013
0.121347 0.000316 0.000232 0.009931 0.000311 0.549315 0.000030 0.000014 0.000256 0.000026 0.000571 0.000013 0.316370 0.000182 0.000010 0.000018 0.000020 0.000131 0.000062 0.000023 0.000014 0.000049 0.000051 0.000048 0.000154 0.000112 0.000114 0.000093 0.000054 0.000021 0.000057 0.000058
0.525476 0.000353 0.000050 0.002380 0.002088 0.000042 0.001842 0.000748 0.001474 0.076967 0.000332 0.000771 0.000069 0.000275 0.002307 0.006424 0.003775 0.000621 0.001722 0.295038 0.002693 0.032560 0.003769 0.003609 0.000870 0.000294 0.000701 0.007817 0.000283 0.019080 0.001192 0.004379
0.396294 0.001538 0.000930 0.006130 0.006323 0.005539 0.001434 0.001197 0.001984 0.012592 0.005826 0.000682 0.000430 0.001110 0.006476 0.001187 0.011110 0.005457 0.000749 0.186839 0.022890 0.110888 0.000977 0.001446 0.001347 0.005147 0.001604 0.018745 0.004396 0.030932 0.145516 0.002283
0.657463 0.001053 0.000118 0.008098 0.003347 0.000147 0.001643 0.001109 0.002934 0.029910 0.001274 0.001173 0.000677 0.001322 0.003956 0.004284 0.009413 0.001228 0.003529 0.169891 0.003945 0.025798 0.002959 0.004882 0.002440 0.000434 0.002531 0.006434 0.000663 0.036269 0.004389 0.006688
0.600571 0.000797 0.000106 0.007761 0.000773 0.002792 0.002053 0.001430 0.001791 0.017301 0.009589 0.000490 0.000330 0.000661 0.004808 0.003766 0.005209 0.004219 0.001648 0.148931 0.027871 0.077721 0.005818 0.003634 0.002501 0.001725 0.003706 0.016649 0.002875 0.022434 0.012827 0.007214
0.611623 0.000820 0.000848 0.008045 0.002259 0.019209 0.001068 0.000742 0.002753 0.048056 0.001119 0.000981 0.000990 0.000574 0.003476 0.001344 0.005072 0.001896 0.001071 0.132435 0.010695 0.036058 0.003452 0.001922 0.000833 0.001681 0.001172 0.066075 0.001094 0.011450 0.019023 0.002164
0.733370 0.001588 0.000133 0.002385 0.000981 0.000213 0.000990 0.000574 0.000930 0.023982 0.000942 0.000622 0.000395 0.000363 0.002238 0.000786 0.001276 0.004773 0.000883 0.104511 0.009978 0.051880 0.001742 0.002915 0.000763 0.002190 0.004908 0.012139 0.003712 0.018563 0.004302 0.004971
0.413674 0.005558 0.003076 0.015494 0.047679 0.010608 0.008237 0.003519 0.016310 0.036738 0.011951 0.003709 0.002384 0.005477 0.013240 0.001812 0.009151 0.008092 0.004343 0.084685 0.007875 0.116179 0.006492 0.006578 0.007638 0.009082 0.003982 0.040809 0.007136 0.013914 0.065328 0.009251
0.396294 0.001538 0.000930 0.006130 0.006323 0.005539 0.001434 0.001197 0.001984 0.012592 0.005826 0.000682 0.000430 0.001110 0.006476 0.001187 0.011110 0.005457 0.000749 0.186839 0.022890 0.110888 0.000977 0.001446 0.001347 0.005147 0.001604 0.018745 0.004396 0.030932 0.145516 0.002283
0.565561 0.001118 0.000588 0.042141 0.004892 0.037143 0.005612 0.001774 0.002759 0.007726 0.011224 0.001987 0.000797 0.002094 0.004936 0.001989 0.003682 0.007877 0.005589 0.069602 0.009750 0.106970 0.001686 0.003463 0.002088 0.002573 0.001656 0.016087 0.001198 0.009307 0.059705 0.006425
0.319129 0.045018 0.000104 0.003285 0.003540 0.000136 0.012494 0.001985 0.002323 0.008293 0.001770 0.002973 0.000141 0.000453 0.000440 0.025184 0.000595 0.021265 0.009969 0.017500 0.003097 0.021682 0.456028 0.001150 0.000631 0.005931 0.004137 0.006565 0.016554 0.002191 0.001557 0.003880
0.357808 0.183899 0.000026 0.001601 0.000183 0.000113 0.001060 0.000117 0.001470 0.002337 0.000888 0.000121 0.005161 0.052452 0.000219 0.000105 0.000143 0.002595 0.007625 0.000955 0.000252 0.004586 0.000170 0.000140 0.368885 0.000318 0.000090 0.000300 0.000083 0.002035 0.003499 0.000763
0.431780 0.001527 0.002081 0.022011 0.003577 0.031019 0.001888 0.001392 0.003240 0.060103 0.001042 0.001908 0.001876 0.001427 0.007243 0.002027 0.012163 0.002882 0.001494 0.117744 0.014025 0.040121 0.008163 0.003508 0.001856 0.003274 0.001185 0.170971 0.001295 0.018520 0.024991 0.003666
0.396294 0.001538 0.000930 0.006130 0.006323 0.005539 0.001434 0.001197 0.001984 0.012592 0.005826 0.000682 0.000430 0.001110 0.006476 0.001187 0.011110 0.005457 0.000749 0.186839 0.022890 0.110888 0.000977 0.001446 0.001347 0.005147 0.001604 0.018745 0.004396 0.030932 0.145516 0.002283
0.786927 0.000672 0.000678 0.005889 0.001871 0.001001 0.001619 0.000339 0.000565 0.002392 0.003602 0.000267 0.000130 0.001083 0.005185 0.000252 0.009951 0.003198 0.000393 0.009594 0.005421 0.012348 0.000188 0.000365 0.004451 0.006560 0.004044 0.001634 0.001074 0.007791 0.119320 0.001192
