0.075565 0.000025 0.000004 0.916367 0.000090 0.004342 0.000004 0.000004 0.000018 0.000010 0.000065 0.000002 0.003105 0.000010 0.000022 0.000003 0.000015 0.000014 0.000009 0.000053 0.000032 0.000054 0.000002 0.000012 0.000027 0.000017 0.000015 0.000012 0.000010 0.000047 0.000023 0.000024
0.600639 0.000342 0.000347 0.387016 0.000860 0.000455 0.000065 0.000051 0.000270 0.000344 0.000223 0.000033 0.000936 0.000163 0.001384 0.000081 0.000601 0.000261 0.000112 0.000551 0.001204 0.001041 0.000027 0.000107 0.000109 0.000526 0.000160 0.000210 0.000312 0.000963 0.000476 0.000129
0.628737 0.000096 0.001931 0.339731 0.003236 0.000553 0.000032 0.000029 0.000030 0.000310 0.000143 0.000023 0.003642 0.000273 0.005221 0.000042 0.005745 0.000069 0.000071 0.000756 0.002611 0.000388 0.000019 0.000994 0.000095 0.000289 0.000092 0.000272 0.000207 0.003656 0.000577 0.000131
0.407986 0.000763 0.014244 0.317662 0.039270 0.005311 0.000493 0.000296 0.000323 0.003740 0.001613 0.000392 0.012172 0.005452 0.041901 0.000514 0.049561 0.000576 0.001248 0.006473 0.025121 0.003748 0.000316 0.015250 0.001206 0.001474 0.000891 0.002128 0.001806 0.030637 0.005795 0.001638
0.338527 0.002069 0.009147 0.267778 0.022431 0.008276 0.001479 0.001032 0.001248 0.010141 0.002621 0.001592 0.023436 0.009242 0.041344 0.001994 0.071910 0.001438 0.003223 0.011299 0.028268 0.008729 0.001089 0.045351 0.003569 0.003295 0.002308 0.007756 0.003178 0.050630 0.009589 0.006009
0.560039 0.001063 0.004503 0.245542 0.007910 0.004416 0.000710 0.000478 0.000652 0.004741 0.001123 0.000697 0.019641 0.003982 0.018892 0.001094 0.037877 0.000648 0.001513 0.006771 0.014997 0.004498 0.000439 0.017918 0.001472 0.001916 0.001150 0.004013 0.001389 0.023120 0.003907 0.002887
0.188831 0.003840 0.015155 0.225656 0.028246 0.036990 0.003074 0.001867 0.002314 0.018513 0.005218 0.002658 0.033988 0.024362 0.046917 0.002341 0.070474 0.002889 0.006756 0.020512 0.033317 0.021462 0.003192 0.079098 0.008638 0.003478 0.002823 0.009124 0.006482 0.068143 0.013525 0.010116
0.246982 0.001384 0.021065 0.224427 0.092001 0.009299 0.001028 0.000676 0.000709 0.008409 0.003710 0.000995 0.011033 0.010101 0.079122 0.000836 0.086469 0.001236 0.002093 0.012419 0.034560 0.008211 0.000856 0.035668 0.003172 0.002257 0.001312 0.005146 0.003690 0.072396 0.015721 0.003017
0.217322 0.001774 0.001229 0.173012 0.077334 0.008017 0.002214 0.001143 0.000873 0.012168 0.002303 0.002102 0.002271 0.003307 0.038572 0.003997 0.089317 0.000998 0.003933 0.004749 0.028364 0.006082 0.001572 0.183075 0.002580 0.001852 0.000969 0.006499 0.002353 0.100532 0.010907 0.008580
0.765649 0.000804 0.003883 0.164697 0.004485 0.002945 0.000412 0.000365 0.000229 0.001777 0.000759 0.000276 0.004119 0.001091 0.008979 0.001046 0.005179 0.001042 0.000702 0.003268 0.004247 0.002954 0.000202 0.001461 0.000628 0.004280 0.001031 0.001684 0.002686 0.006230 0.002028 0.000864
0.473161 0.061499 0.002310 0.155919 0.007549 0.065468 0.002937 0.001071 0.014095 0.003717 0.005419 0.000642 0.048366 0.016367 0.003258 0.001713 0.005964 0.002944 0.012271 0.002751 0.010419 0.007717 0.001099 0.002573 0.043158 0.006134 0.001606 0.003590 0.002253 0.013381 0.018615 0.002035
0.736874 0.000836 0.002754 0.144236 0.002908 0.002889 0.000649 0.000442 0.000498 0.003108 0.000624 0.000497 0.014324 0.002035 0.010786 0.001240 0.019425 0.000814 0.001035 0.005224 0.009726 0.003921 0.000300 0.006673 0.001194 0.002675 0.000928 0.003390 0.001238 0.014086 0.002860 0.001811
0.762657 0.000725 0.000036 0.116703 0.000436 0.072649 0.000099 0.000063 0.000656 0.000662 0.002392 0.000055 0.034008 0.000317 0.000247 0.000043 0.000259 0.000232 0.000072 0.001980 0.000292 0.002159 0.000151 0.000357 0.000809 0.000102 0.000257 0.000422 0.000068 0.000477 0.000316 0.000300
0.870110 0.000218 0.000728 0.110236 0.001728 0.001168 0.000073 0.000048 0.000031 0.000479 0.000274 0.000039 0.000947 0.000235 0.002614 0.000093 0.001143 0.000261 0.000186 0.000749 0.001861 0.001240 0.000027 0.000169 0.000153 0.001173 0.000216 0.000328 0.000792 0.001612 0.000898 0.000168
0.834620 0.000175 0.000157 0.109237 0.001796 0.002479 0.000329 0.000186 0.000945 0.001303 0.000384 0.000261 0.001534 0.000334 0.003692 0.000182 0.001188 0.000288 0.000261 0.023143 0.000805 0.002660 0.001520 0.001481 0.000443 0.000488 0.000650 0.003300 0.000193 0.002466 0.001858 0.001641
0.352569 0.003159 0.008888 0.108308 0.028209 0.020411 0.003085 0.001921 0.001593 0.023080 0.006598 0.002818 0.010338 0.013995 0.062390 0.001910 0.069527 0.002430 0.004801 0.023257 0.026022 0.024321 0.001992 0.058067 0.008270 0.003477 0.002408 0.010739 0.005866 0.077027 0.023269 0.009255
0.008180 0.000042 0.000007 0.002920 0.000003 0.951274 0.000001 0.000001 0.000020 0.000004 0.000226 0.000001 0.037229 0.000012 0.000001 0.000001 0.000002 0.000004 0.000003 0.000008 0.000002 0.000004 0.000001 0.000004 0.000014 0.000004 0.000008 0.000004 0.000003 0.000002 0.000006 0.000009
0.140158 0.000078 0.000001 0.000045 0.000033 0.000004 0.002306 0.000170 0.000336 0.830183 0.000016 0.000176 0.000001 0.000023 0.000199 0.007216 0.000808 0.000373 0.000305 0.011207 0.001120 0.002107 0.000209 0.000105 0.000038 0.000097 0.000010 0.000458 0.000021 0.001844 0.000103 0.000253
0.291039 0.005987 0.005156 0.007360 0.008278 0.011244 0.010895 0.005422 0.006054 0.164889 0.029743 0.009555 0.002528 0.006776 0.029449 0.008501 0.012398 0.007292 0.024651 0.117447 0.017081 0.055798 0.008536 0.028013 0.006094 0.006792 0.003043 0.022605 0.017572 0.034689 0.015682 0.019432
0.655241 0.000818 0.000100 0.007439 0.000359 0.000549 0.003913 0.000813 0.004315 0.121042 0.000272 0.002022 0.000281 0.001309 0.001627 0.002745 0.001310 0.002609 0.017138 0.069626 0.001517 0.056257 0.002039 0.003259 0.001775 0.000801 0.000132 0.014265 0.000125 0.005173 0.003852 0.017280
0.155095 0.023480 0.008757 0.007813 0.010528 0.024464 0.019210 0.008292 0.013011 0.114565 0.045690 0.011841 0.005547 0.015541 0.019363 0.013106 0.008950 0.022171 0.023343 0.122547 0.020541 0.071074 0.012081 0.017893 0.010627 0.021903 0.007588 0.024065 0.048955 0.032898 0.039527 0.019535
0.215559 0.006863 0.011383 0.011228 0.019281 0.015983 0.015316 0.007885 0.005799 0.112637 0.031909 0.016016 0.004310 0.009770 0.046342 0.007072 0.019947 0.007925 0.021420 0.113345 0.022392 0.068348 0.012138 0.033576 0.008965 0.009720 0.003578 0.029692 0.018599 0.047784 0.029309 0.015909
0.096610 0.000198 0.000004 0.057664 0.000002 0.087455 0.000002 0.000002 0.000058 0.000008 0.000365 0.000001 0.756861 0.000036 0.000003 0.000001 0.000004 0.000008 0.000029 0.000102 0.000013 0.000042 0.000001 0.000005 0.000427 0.000009 0.000020 0.000010 0.000009 0.000013 0.000020 0.000021
0.218735 0.005597 0.000600 0.001079 0.000261 0.028494 0.000159 0.000094 0.005550 0.001376 0.016892 0.000115 0.680862 0.012405 0.000179 0.000054 0.000436 0.001306 0.000338 0.006142 0.000524 0.003426 0.000089 0.000308 0.008873 0.000329 0.000976 0.000319 0.000627 0.000550 0.002697 0.000607
0.718880 0.000589 0.005443 0.005420 0.005254 0.001057 0.000671 0.000377 0.000843 0.013055 0.000405 0.000787 0.000151 0.002032 0.173074 0.000669 0.009230 0.000124 0.000410 0.022090 0.003399 0.007033 0.000682 0.002644 0.002182 0.000439 0.000223 0.012224 0.000220 0.007015 0.001523 0.001855
0.257905 0.001358 0.000503 0.127648 0.018691 0.003400 0.001687 0.000755 0.000422 0.009367 0.001222 0.001751 0.001388 0.002179 0.020183 0.003784 0.149432 0.000697 0.001759 0.002550 0.025602 0.003151 0.001083 0.210421 0.001495 0.001208 0.000572 0.005369 0.001131 0.129645 0.007725 0.005918
0.250014 0.002560 0.008822 0.193735 0.032794 0.010735 0.002273 0.001418 0.001479 0.015908 0.004304 0.002474 0.014989 0.012387 0.063210 0.001957 0.104933 0.001611 0.003669 0.016560 0.034578 0.012758 0.001624 0.075171 0.004930 0.003094 0.002786 0.009654 0.004417 0.082712 0.014855 0.007584
0.226807 0.000053 0.000001 0.000308 0.000026 0.000050 0.000139 0.000120 0.000128 0.019202 0.000018 0.000048 0.000016 0.000015 0.000058 0.001474 0.000048 0.000138 0.735145 0.001608 0.000043 0.001099 0.000089 0.000230 0.000132 0.000019 0.000021 0.000190 0.000009 0.000327 0.000146 0.012297
0.680372 0.000122 0.000027 0.002565 0.000198 0.000732 0.000554 0.000489 0.000342 0.024059 0.000221 0.000214 0.000408 0.000185 0.000494 0.001679 0.000223 0.001350 0.246287 0.017466 0.000387 0.004200 0.000905 0.000501 0.001076 0.000121 0.000143 0.000921 0.000116 0.001493 0.001033 0.011116
0.829131 0.000091 0.000020 0.002577 0.000197 0.000206 0.000307 0.000338 0.000228 0.018484 0.000126 0.000159 0.000152 0.000117 0.000449 0.001218 0.000204 0.000486 0.117243 0.014703 0.000222 0.001689 0.001072 0.000290 0.000945 0.000077 0.000095 0.000879 0.000070 0.001032 0.000399 0.006793
0.764570 0.000173 0.000018 0.004482 0.000341 0.000554 0.000576 0.000468 0.000707 0.047149 0.000203 0.000300 0.000703 0.000258 0.000525 0.001673 0.000269 0.001354 0.116560 0.029290 0.000609 0.006965 0.001523 0.000980 0.000599 0.000321 0.000158 0.003265 0.000098 0.002524 0.000690 0.012095
0.110420 0.000001 0.000001 0.000190 0.000003 0.000016 0.000003 0.000003 0.000014 0.000117 0.000016 0.000005 0.000027 0.000005 0.000262 0.000002 0.000234 0.000002 0.000011 0.884774 0.000184 0.001547 0.000002 0.000032 0.000058 0.000008 0.000043 0.000238 0.000002 0.001388 0.000045 0.000349
0.256111 0.000000 0.000000 0.000005 0.000000 0.000001 0.000000 0.000000 0.000001 0.000017 0.000005 0.000000 0.000000 0.000000 0.000045 0.000000 0.000028 0.000000 0.000001 0.741203 0.000091 0.002207 0.000000 0.000001 0.000007 0.000000 0.000004 0.000012 0.000000 0.000228 0.000017 0.000017
0.268180 0.000000 0.000000 0.000045 0.000001 0.000007 0.000000 0.000000 0.000009 0.000113 0.000024 0.000001 0.000062 0.000002 0.000051 0.000000 0.000024 0.000001 0.000001 0.729540 0.000024 0.001613 0.000000 0.000007 0.000031 0.000001 0.000016 0.000029 0.000000 0.000136 0.000014 0.000065
0.255152 0.000047 0.000070 0.000588 0.000018 0.000313 0.000104 0.000120 0.000569 0.002035 0.000366 0.000092 0.000479 0.000221 0.002291 0.000031 0.009298 0.000086 0.000136 0.668835 0.008329 0.021210 0.000045 0.000316 0.001313 0.000107 0.000341 0.001360 0.000053 0.023281 0.001300 0.001496
0.279782 0.000021 0.000261 0.000678 0.000035 0.000114 0.000077 0.000081 0.000323 0.001296 0.000239 0.000073 0.000311 0.000186 0.005510 0.000026 0.012375 0.000032 0.000083 0.656244 0.004648 0.014395 0.000039 0.000604 0.000881 0.000131 0.000248 0.000832 0.000043 0.018323 0.000850 0.001258
0.311443 0.000049 0.000042 0.001353 0.000044 0.000324 0.000076 0.000118 0.000129 0.001743 0.000516 0.000129 0.000240 0.000123 0.002044 0.000058 0.002948 0.000073 0.000120 0.645930 0.005043 0.011539 0.000100 0.000472 0.000745 0.000164 0.000493 0.001967 0.000119 0.009356 0.001035 0.001465
0.324607 0.000077 0.000098 0.000771 0.000036 0.000253 0.000096 0.000146 0.000295 0.002062 0.000710 0.000127 0.000373 0.000251 0.002934 0.000051 0.007070 0.000086 0.000120 0.623633 0.007981 0.010200 0.000120 0.000439 0.001499 0.000127 0.000319 0.001429 0.000100 0.011840 0.001175 0.000976
0.370921 0.000426 0.000165 0.000649 0.000081 0.000968 0.000228 0.000404 0.000405 0.005672 0.002983 0.000314 0.000230 0.000243 0.005557 0.000163 0.004617 0.000181 0.000242 0.533770 0.016462 0.022012 0.000309 0.000842 0.001413 0.000351 0.001261 0.002638 0.000678 0.021383 0.002821 0.001612
0.430227 0.000070 0.000067 0.001499 0.000034 0.000334 0.000078 0.000093 0.000299 0.001902 0.000689 0.000089 0.000449 0.000197 0.002640 0.000037 0.004966 0.000075 0.000096 0.523841 0.005797 0.011109 0.000058 0.000350 0.001229 0.000093 0.000278 0.001860 0.000068 0.009411 0.000979 0.001087
0.413127 0.000209 0.000071 0.000504 0.000040 0.000560 0.000139 0.000195 0.000213 0.003483 0.001910 0.000150 0.000094 0.000112 0.003597 0.000070 0.002336 0.000104 0.000116 0.523139 0.010728 0.018221 0.000151 0.000393 0.000704 0.000200 0.000726 0.001365 0.000368 0.014030 0.002057 0.000889
0.523021 0.000002 0.000001 0.000194 0.000004 0.000016 0.000005 0.000004 0.000089 0.000301 0.000027 0.000009 0.000129 0.000013 0.000230 0.000002 0.000225 0.000009 0.000024 0.452865 0.000156 0.019121 0.000002 0.000097 0.000143 0.000007 0.000082 0.000307 0.000001 0.001550 0.000138 0.001224
0.581602 0.000001 0.000000 0.000332 0.000001 0.000013 0.000003 0.000002 0.000031 0.000180 0.000007 0.000005 0.000212 0.000005 0.000115 0.000002 0.000153 0.000003 0.000014 0.411772 0.000106 0.002976 0.000001 0.000080 0.000071 0.000004 0.000031 0.000260 0.000001 0.000892 0.000028 0.001097
0.602579 0.000008 0.000005 0.002043 0.000010 0.000051 0.000012 0.000014 0.000055 0.000744 0.000082 0.000024 0.000181 0.000034 0.000797 0.000009 0.000529 0.000011 0.000028 0.380701 0.000675 0.005894 0.000009 0.000203 0.000300 0.000018 0.000116 0.001005 0.000007 0.002898 0.000138 0.000821
0.639041 0.000014 0.000004 0.001696 0.000008 0.000115 0.000008 0.000019 0.000051 0.001124 0.000517 0.000018 0.000146 0.000018 0.000328 0.000009 0.000179 0.000022 0.000012 0.348322 0.000612 0.004954 0.000019 0.000120 0.000110 0.000020 0.000181 0.000635 0.000020 0.001018 0.000191 0.000468
0.671802 0.000000 0.000000 0.000000 0.000000 0.000000 0.000000 0.000000 0.000000 0.000001 0.000000 0.000000 0.000000 0.000000 0.000004 0.000000 0.000003 0.000000 0.000000 0.327275 0.000002 0.000888 0.000000 0.000000 0.000002 0.000000 0.000000 0.000001 0.000000 0.000020 0.000002 0.000001
0.659992 0.000069 0.000056 0.000572 0.000092 0.000458 0.000031 0.000090 0.001019 0.004571 0.003698 0.000107 0.000197 0.000107 0.001217 0.000037 0.000904 0.000042 0.000044 0.307700 0.001032 0.011058 0.000040 0.000168 0.000390 0.000075 0.001122 0.001072 0.000073 0.002243 0.000846 0.000877
0.650735 0.000151 0.000052 0.000286 0.000029 0.000087 0.000036 0.000098 0.000198 0.007917 0.008769 0.000077 0.000011 0.000153 0.005989 0.000051 0.001349 0.000048 0.000038 0.297178 0.003985 0.010660 0.000037 0.000222 0.000363 0.000075 0.000794 0.000993 0.000337 0.006697 0.001751 0.000834
0.722774 0.000000 0.000000 0.000053 0.000000 0.000008 0.000000 0.000000 0.000004 0.000018 0.000002 0.000000 0.000009 0.000001 0.000049 0.000000 0.000044 0.000001 0.000002 0.274376 0.000027 0.002316 0.000000 0.000001 0.000049 0.000001 0.000004 0.000052 0.000000 0.000150 0.000031 0.000029
0.696532 0.000065 0.000393 0.002105 0.000240 0.000263 0.000174 0.000165 0.000562 0.001961 0.000285 0.000179 0.000146 0.000320 0.030912 0.000091 0.011327 0.000048 0.000122 0.221136 0.004147 0.008452 0.000099 0.001227 0.001142 0.000339 0.000258 0.001348 0.000080 0.013845 0.000831 0.001207
0.552538 0.000142 0.000075 0.000111 0.000078 0.000403 0.000121 0.000120 0.000896 0.002397 0.000737 0.000057 0.000073 0.000401 0.004991 0.000029 0.006436 0.000110 0.000129 0.214489 0.003645 0.156262 0.000014 0.000163 0.001848 0.000079 0.000344 0.001133 0.000069 0.038183 0.013461 0.000466
0.717837 0.000050 0.000089 0.000932 0.000131 0.000262 0.000138 0.000123 0.000209 0.002199 0.000921 0.000068 0.001344 0.000289 0.005884 0.000089 0.009444 0.000127 0.000204 0.197307 0.015262 0.021072 0.000101 0.000749 0.002106 0.000189 0.001122 0.001683 0.000190 0.014976 0.003085 0.001818
0.776784 0.000226 0.000056 0.000963 0.000139 0.002333 0.000046 0.000050 0.000981 0.002672 0.003431 0.000066 0.004292 0.000259 0.000860 0.000034 0.000413 0.000050 0.000047 0.193785 0.000399 0.006042 0.000047 0.000179 0.001132 0.000088 0.000883 0.001072 0.000058 0.000922 0.000583 0.001109
0.744418 0.000701 0.000020 0.000114 0.000018 0.000252 0.000042 0.000164 0.000485 0.004972 0.026300 0.000130 0.000038 0.000192 0.001026 0.000080 0.001405 0.000046 0.000045 0.191447 0.002780 0.012098 0.000030 0.000138 0.000479 0.000067 0.003694 0.001679 0.000427 0.003375 0.002630 0.000709
0.789960 0.000099 0.000038 0.003137 0.000335 0.001018 0.000117 0.000058 0.002023 0.001439 0.000270 0.000049 0.001325 0.000235 0.001507 0.000069 0.001587 0.000118 0.000555 0.172603 0.000633 0.010955 0.000072 0.000219 0.002772 0.000105 0.000300 0.002554 0.000027 0.002670 0.001145 0.002006
0.738276 0.000124 0.000101 0.001374 0.000223 0.000586 0.000120 0.000134 0.000259 0.003315 0.002679 0.000062 0.001465 0.000263 0.005331 0.000128 0.006533 0.000123 0.000295 0.162659 0.013985 0.034026 0.000125 0.000785 0.001830 0.000248 0.001223 0.001703 0.000504 0.013487 0.006182 0.001854
0.811809 0.000182 0.000090 0.000329 0.000073 0.000134 0.000045 0.000197 0.000131 0.004666 0.005203 0.000144 0.000009 0.000060 0.002893 0.000072 0.001111 0.000042 0.000049 0.156709 0.003787 0.004390 0.000055 0.000218 0.000213 0.000155 0.000755 0.001036 0.000537 0.002978 0.001602 0.000326
0.513353 0.000653 0.000227 0.001434 0.000836 0.000802 0.003010 0.000726 0.002208 0.041426 0.000518 0.001160 0.000091 0.001029 0.002073 0.000559 0.001491 0.006395 0.002254 0.156469 0.004510 0.211959 0.002941 0.001730 0.001248 0.002478 0.000168 0.007915 0.000585 0.007356 0.019179 0.003215
0.843987 0.000000 0.000000 0.000000 0.000000 0.000000 0.000000 0.000000 0.000000 0.000000 0.000000 0.000000 0.000000 0.000000 0.000002 0.000000 0.000001 0.000000 0.000000 0.155514 0.000001 0.000488 0.000000 0.000000 0.000001 0.000000 0.000000 0.000000 0.000000 0.000007 0.000001 0.000000
0.677403 0.000477 0.000074 0.000651 0.000420 0.000662 0.000291 0.000276 0.001934 0.012326 0.013014 0.000263 0.000157 0.000486 0.002721 0.000114 0.005770 0.000484 0.000373 0.147376 0.004370 0.073771 0.000075 0.000664 0.001043 0.000448 0.002529 0.003131 0.000496 0.014123 0.028963 0.005117
0.723955 0.000463 0.000319 0.001044 0.000437 0.004569 0.000563 0.000331 0.004079 0.011689 0.004314 0.000235 0.000474 0.001205 0.002594 0.000174 0.005233 0.000629 0.000310 0.138288 0.005108 0.059078 0.000064 0.001584 0.001259 0.000600 0.002110 0.006305 0.000327 0.007895 0.012927 0.001839
0.843566 0.000092 0.000174 0.000184 0.000050 0.000052 0.000031 0.000116 0.000148 0.004907 0.001893 0.000112 0.000004 0.000060 0.002967 0.000058 0.001307 0.000029 0.000023 0.131058 0.003393 0.003607 0.000030 0.000136 0.000192 0.000130 0.000434 0.000952 0.000230 0.002706 0.001104 0.000258
0.718385 0.000559 0.000155 0.001108 0.000533 0.000708 0.000273 0.000377 0.001594 0.018027 0.020676 0.000295 0.000135 0.000712 0.007665 0.000188 0.003330 0.000453 0.000341 0.127069 0.003539 0.056296 0.000110 0.000894 0.001564 0.000549 0.003436 0.002522 0.000742 0.012253 0.011490 0.004022
0.809032 0.000060 0.000094 0.000180 0.000236 0.000258 0.000204 0.000117 0.001190 0.015729 0.001187 0.000113 0.000029 0.000122 0.001974 0.000103 0.001560 0.000307 0.000044 0.126749 0.002199 0.025185 0.000021 0.000268 0.000435 0.000397 0.000722 0.002071 0.000136 0.004446 0.004038 0.000794
0.155095 0.023480 0.008757 0.007813 0.010528 0.024464 0.019210 0.008292 0.013011 0.114565 0.045690 0.011841 0.005547 0.015541 0.019363 0.013106 0.008950 0.022171 0.023343 0.122547 0.020541 0.071074 0.012081 0.017893 0.010627 0.021903 0.007588 0.024065 0.048955 0.032898 0.039527 0.019535
0.703972 0.001214 0.000367 0.002235 0.000532 0.007454 0.001135 0.000471 0.004664 0.019258 0.004050 0.000575 0.000883 0.002382 0.003129 0.000436 0.006263 0.001208 0.000572 0.120745 0.005558 0.052180 0.000124 0.002239 0.001703 0.001411 0.002255 0.019014 0.000606 0.008289 0.022492 0.002584
0.291039 0.005987 0.005156 0.007360 0.008278 0.011244 0.010895 0.005422 0.006054 0.164889 0.029743 0.009555 0.002528 0.006776 0.029449 0.008501 0.012398 0.007292 0.024651 0.117447 0.017081 0.055798 0.008536 0.028013 0.006094 0.006792 0.003043 0.022605 0.017572 0.034689 0.015682 0.019432
0.842143 0.000217 0.000095 0.000159 0.000079 0.000089 0.000061 0.000285 0.000203 0.006870 0.005601 0.000235 0.000004 0.000063 0.003588 0.000110 0.001458 0.000042 0.000047 0.117121 0.004326 0.006196 0.000034 0.000248 0.000200 0.000196 0.001216 0.001597 0.000481 0.004301 0.002360 0.000377
0.492757 0.001020 0.001453 0.031839 0.011223 0.022559 0.002216 0.001466 0.000865 0.014891 0.006496 0.000633 0.001758 0.003945 0.027120 0.001180 0.006838 0.006882 0.005051 0.117017 0.016902 0.110667 0.001161 0.003719 0.005857 0.004877 0.001421 0.005510 0.009250 0.025948 0.052958 0.004524
0.875376 0.000006 0.000000 0.001836 0.000018 0.000019 0.000008 0.000011 0.000055 0.000419 0.000110 0.000007 0.000126 0.000010 0.000264 0.000004 0.000156 0.000009 0.000013 0.115232 0.000127 0.002911 0.000007 0.000189 0.000099 0.000020 0.000184 0.000417 0.000005 0.000898 0.000156 0.001309
0.215559 0.006863 0.011383 0.011228 0.019281 0.015983 0.015316 0.007885 0.005799 0.112637 0.031909 0.016016 0.004310 0.009770 0.046342 0.007072 0.019947 0.007925 0.021420 0.113345 0.022392 0.068348 0.012138 0.033576 0.008965 0.009720 0.003578 0.029692 0.018599 0.047784 0.029309 0.015909
0.853852 0.000019 0.000008 0.001371 0.000044 0.000087 0.000039 0.000017 0.000207 0.000846 0.000057 0.000046 0.000634 0.000075 0.000386 0.000018 0.000325 0.000042 0.000114 0.113095 0.000293 0.023601 0.000032 0.000375 0.000524 0.000027 0.000124 0.001071 0.000007 0.001184 0.000109 0.001374
0.689022 0.001450 0.000436 0.001512 0.001615 0.005457 0.001472 0.000719 0.002655 0.016706 0.006262 0.001118 0.000727 0.002000 0.006243 0.000706 0.005615 0.002107 0.000697 0.110141 0.009754 0.037815 0.000199 0.002244 0.001803 0.005870 0.005763 0.024268 0.002411 0.012103 0.038749 0.002360
0.759876 0.000237 0.000081 0.010133 0.001295 0.000673 0.000324 0.000175 0.001083 0.007060 0.000635 0.000152 0.000755 0.000867 0.014520 0.000149 0.005139 0.000511 0.001108 0.109155 0.002710 0.026671 0.000131 0.001258 0.006931 0.000848 0.000784 0.004308 0.000228 0.019897 0.017532 0.004772
0.893084 0.000000 0.000000 0.000108 0.000000 0.000000 0.000000 0.000000 0.000000 0.000005 0.000000 0.000000 0.000003 0.000000 0.000003 0.000000 0.000002 0.000000 0.000000 0.106434 0.000002 0.000270 0.000000 0.000003 0.000001 0.000000 0.000001 0.000013 0.000000 0.000020 0.000000 0.000053
0.694476 0.002353 0.000108 0.001406 0.000038 0.030491 0.000117 0.000088 0.003537 0.003788 0.016137 0.000088 0.097866 0.005217 0.000154 0.000066 0.000632 0.000969 0.000200 0.102496 0.000965 0.017872 0.000094 0.000302 0.006593 0.000374 0.001805 0.000877 0.000642 0.001385 0.007755 0.001108
0.587591 0.000249 0.000053 0.000550 0.000809 0.000816 0.000196 0.000106 0.002023 0.014921 0.000769 0.000066 0.000184 0.000315 0.003489 0.000172 0.001332 0.001245 0.001086 0.057928 0.007743 0.274247 0.000155 0.000582 0.000555 0.001226 0.000924 0.002559 0.001011 0.008892 0.027048 0.001158
0.513353 0.000653 0.000227 0.001434 0.000836 0.000802 0.003010 0.000726 0.002208 0.041426 0.000518 0.001160 0.000091 0.001029 0.002073 0.000559 0.001491 0.006395 0.002254 0.156469 0.004510 0.211959 0.002941 0.001730 0.001248 0.002478 0.000168 0.007915 0.000585 0.007356 0.019179 0.003215
0.650487 0.000209 0.000147 0.006586 0.001655 0.000575 0.000795 0.000374 0.001090 0.017967 0.000576 0.001025 0.000099 0.000270 0.003915 0.000252 0.001793 0.000926 0.000387 0.071410 0.003373 0.203637 0.001033 0.003032 0.000355 0.000394 0.000203 0.011316 0.000223 0.009027 0.004850 0.002018
0.549397 0.000557 0.000148 0.009344 0.002567 0.007491 0.000862 0.000558 0.000720 0.025627 0.002363 0.000319 0.000612 0.001237 0.013631 0.000514 0.004513 0.001951 0.003255 0.084588 0.012654 0.187523 0.000660 0.002574 0.002533 0.001799 0.001096 0.005737 0.002942 0.027469 0.040930 0.003828
0.552538 0.000142 0.000075 0.000111 0.000078 0.000403 0.000121 0.000120 0.000896 0.002397 0.000737 0.000057 0.000073 0.000401 0.004991 0.000029 0.006436 0.000110 0.000129 0.214489 0.003645 0.156262 0.000014 0.000163 0.001848 0.000079 0.000344 0.001133 0.000069 0.038183 0.013461 0.000466
0.660571 0.003541 0.000151 0.001412 0.002624 0.002340 0.001237 0.000834 0.009184 0.027089 0.017718 0.000898 0.000440 0.002076 0.002797 0.000276 0.002914 0.000950 0.000804 0.053214 0.002791 0.148447 0.000247 0.001314 0.003317 0.000759 0.001290 0.004640 0.001262 0.011644 0.030426 0.002792
0.552090 0.002077 0.000335 0.003116 0.005389 0.002217 0.001565 0.001589 0.006272 0.089517 0.027767 0.001833 0.001043 0.002203 0.009063 0.000844 0.006865 0.001558 0.001456 0.089646 0.006450 0.107316 0.001486 0.006287 0.002895 0.001600 0.004448 0.008459 0.004044 0.017422 0.027467 0.005679
0.515224 0.007283 0.000441 0.007415 0.001730 0.037589 0.002526 0.000950 0.002894 0.018182 0.006896 0.000937 0.007793 0.007071 0.004617 0.001359 0.007051 0.006751 0.005440 0.050840 0.018576 0.105576 0.000654 0.002780 0.008737 0.003002 0.004200 0.011380 0.003082 0.025306 0.120134 0.003580
0.205584 0.001416 0.000707 0.146544 0.035148 0.003798 0.001539 0.000740 0.000487 0.008329 0.001613 0.001792 0.001588 0.002394 0.024450 0.003966 0.128637 0.000656 0.001864 0.002309 0.026485 0.003140 0.001116 0.268012 0.001472 0.001221 0.000709 0.004743 0.001429 0.105081 0.006914 0.006115
0.748208 0.000923 0.000083 0.001485 0.000250 0.000406 0.000474 0.000179 0.000366 0.010044 0.000455 0.000338 0.000143 0.000662 0.004318 0.000584 0.006019 0.000829 0.001459 0.018349 0.006634 0.044480 0.000155 0.001203 0.002624 0.001368 0.003994 0.102508 0.000248 0.018499 0.019178 0.003534
0.257905 0.001358 0.000503 0.127648 0.018691 0.003400 0.001687 0.000755 0.000422 0.009367 0.001222 0.001751 0.001388 0.002179 0.020183 0.003784 0.149432 0.000697 0.001759 0.002550 0.025602 0.003151 0.001083 0.210421 0.001495 0.001208 0.000572 0.005369 0.001131 0.129645 0.007725 0.005918
0.531182 0.001782 0.001015 0.003892 0.003107 0.004708 0.001736 0.000472 0.001344 0.008421 0.004696 0.000552 0.000326 0.004425 0.004603 0.000893 0.004638 0.008979 0.001495 0.044649 0.009580 0.054823 0.000143 0.001797 0.002282 0.016170 0.008312 0.014168 0.002249 0.008354 0.246687 0.002521
0.395633 0.005263 0.006302 0.018238 0.007930 0.032023 0.007253 0.001604 0.003468 0.017171 0.008372 0.001803 0.002898 0.015051 0.007766 0.001389 0.008222 0.025685 0.004489 0.046174 0.008850 0.033245 0.002286 0.003592 0.007187 0.021638 0.005548 0.037910 0.006034 0.008693 0.243997 0.004287
0.276816 0.006114 0.003685 0.025888 0.018911 0.020726 0.005100 0.002566 0.003256 0.015385 0.016965 0.003601 0.003507 0.012915 0.016763 0.004107 0.027069 0.012528 0.015557 0.041183 0.030889 0.071790 0.001668 0.009743 0.010124 0.033852 0.017940 0.027373 0.010297 0.036127 0.206348 0.011209
0.515224 0.007283 0.000441 0.007415 0.001730 0.037589 0.002526 0.000950 0.002894 0.018182 0.006896 0.000937 0.007793 0.007071 0.004617 0.001359 0.007051 0.006751 0.005440 0.050840 0.018576 0.105576 0.000654 0.002780 0.008737 0.003002 0.004200 0.011380 0.003082 0.025306 0.120134 0.003580
