0.742860 0.000089 0.000035 0.206331 0.000995 0.001188 0.000356 0.000317 0.000246 0.003440 0.004412 0.000183 0.000213 0.000057 0.000997 0.000346 0.000939 0.000607 0.000211 0.015211 0.002696 0.007039 0.001291 0.000864 0.000220 0.000717 0.001727 0.001105 0.000477 0.002011 0.001625 0.001195
0.738356 0.000160 0.000096 0.132653 0.001143 0.002434 0.000885 0.000859 0.000993 0.012443 0.005961 0.000384 0.000566 0.000149 0.001799 0.000533 0.001791 0.002023 0.000700 0.051874 0.004818 0.017000 0.002710 0.001888 0.000605 0.001206 0.002272 0.001989 0.000772 0.004340 0.003872 0.002726
0.800205 0.000274 0.000026 0.108237 0.001346 0.000693 0.000869 0.000786 0.000569 0.007927 0.008733 0.000623 0.000189 0.000095 0.001051 0.001307 0.001656 0.001276 0.000579 0.031248 0.004643 0.007733 0.003207 0.001387 0.000204 0.001197 0.003294 0.002372 0.000666 0.003393 0.001526 0.002688
0.257999 0.005297 0.002756 0.107123 0.009442 0.029352 0.011243 0.004946 0.017349 0.022456 0.019417 0.007493 0.003402 0.006325 0.009640 0.005464 0.013044 0.011577 0.007539 0.113667 0.020043 0.157820 0.003562 0.013109 0.005341 0.004119 0.003448 0.029194 0.002111 0.029465 0.048103 0.018155
0.558374 0.015519 0.000081 0.000527 0.000221 0.000775 0.276400 0.004718 0.002696 0.009814 0.004787 0.011295 0.000055 0.001896 0.000343 0.009961 0.002905 0.004446 0.000536 0.029767 0.015142 0.009102 0.001726 0.000536 0.000513 0.006361 0.002752 0.005678 0.000545 0.005973 0.015308 0.001249
0.773346 0.015020 0.000110 0.001827 0.002247 0.001605 0.107861 0.002475 0.008544 0.003640 0.006233 0.006832 0.000205 0.000928 0.000217 0.009747 0.001112 0.003820 0.001084 0.004236 0.001520 0.002645 0.006724 0.000698 0.000331 0.009159 0.006816 0.003248 0.001450 0.001471 0.013962 0.000886
0.607745 0.012726 0.000086 0.000585 0.000131 0.000282 0.103857 0.002210 0.001652 0.012921 0.003238 0.008305 0.000086 0.003430 0.000618 0.008088 0.002695 0.007857 0.000653 0.102304 0.034806 0.027009 0.002268 0.001247 0.000605 0.007202 0.002999 0.003643 0.000884 0.013103 0.025193 0.001573
0.214015 0.000075 0.000012 0.000109 0.000217 0.000021 0.000358 0.000206 0.000504 0.536892 0.000037 0.000080 0.000003 0.000066 0.002750 0.001497 0.000875 0.000922 0.000576 0.187926 0.001688 0.038082 0.000222 0.000592 0.000310 0.000098 0.000054 0.003658 0.000059 0.006369 0.000155 0.001572
0.576728 0.000004 0.000002 0.000017 0.000057 0.000001 0.000042 0.000016 0.000041 0.180604 0.000004 0.000011 0.000000 0.000006 0.004637 0.000174 0.000395 0.000020 0.000106 0.218758 0.000715 0.011069 0.000012 0.000152 0.000084 0.000006 0.000005 0.001236 0.000003 0.004760 0.000020 0.000316
0.231808 0.000005 0.000002 0.000048 0.000027 0.000005 0.000045 0.000040 0.000084 0.139810 0.000010 0.000011 0.000001 0.000013 0.001078 0.000094 0.000246 0.000299 0.000073 0.575790 0.000929 0.045216 0.000039 0.000096 0.000073 0.000026 0.000027 0.000661 0.000017 0.002922 0.000055 0.000446
0.246896 0.001174 0.000668 0.003622 0.003442 0.002471 0.002589 0.001161 0.001184 0.111389 0.003054 0.001624 0.000501 0.001882 0.012153 0.002129 0.020823 0.003654 0.003741 0.200603 0.063558 0.114458 0.010278 0.005744 0.001777 0.006359 0.003863 0.032193 0.005520 0.067003 0.058535 0.005950
0.362336 0.000000 0.000000 0.000006 0.000004 0.000000 0.000001 0.000001 0.000002 0.007394 0.000000 0.000000 0.000000 0.000000 0.000521 0.000002 0.000024 0.000003 0.000005 0.622972 0.000146 0.005879 0.000001 0.000004 0.000006 0.000001 0.000002 0.000045 0.000000 0.000618 0.000005 0.000021
0.231808 0.000005 0.000002 0.000048 0.000027 0.000005 0.000045 0.000040 0.000084 0.139810 0.000010 0.000011 0.000001 0.000013 0.001078 0.000094 0.000246 0.000299 0.000073 0.575790 0.000929 0.045216 0.000039 0.000096 0.000073 0.000026 0.000027 0.000661 0.000017 0.002922 0.000055 0.000446
0.409677 0.000000 0.000000 0.000008 0.000010 0.000000 0.000005 0.000003 0.000005 0.029253 0.000001 0.000001 0.000000 0.000001 0.001042 0.000008 0.000064 0.000006 0.000013 0.550359 0.000245 0.007765 0.000003 0.000015 0.000015 0.000002 0.000002 0.000142 0.000001 0.001296 0.000008 0.000051
0.277589 0.002785 0.001203 0.007203 0.004704 0.003236 0.005464 0.001384 0.004464 0.021000 0.004416 0.002435 0.000708 0.002160 0.007396 0.001190 0.005821 0.006911 0.001830 0.257058 0.017036 0.205645 0.002013 0.002986 0.002096 0.004311 0.001976 0.028500 0.002491 0.021516 0.088357 0.004115
0.294653 0.002647 0.001076 0.006834 0.004189 0.003002 0.005282 0.001299 0.004404 0.019840 0.004111 0.002333 0.000644 0.001994 0.006757 0.001125 0.005471 0.006613 0.001697 0.252986 0.016328 0.204804 0.001767 0.002790 0.001919 0.004052 0.001810 0.027954 0.002223 0.020832 0.084691 0.003873
0.239986 0.002501 0.001706 0.006812 0.007427 0.003443 0.006553 0.001307 0.002394 0.017163 0.004803 0.002005 0.000470 0.002794 0.009361 0.000755 0.005314 0.009048 0.001456 0.242844 0.017585 0.169158 0.002202 0.003020 0.002331 0.005853 0.001912 0.023320 0.003542 0.018851 0.180446 0.003636
0.235024 0.003328 0.001475 0.007911 0.006453 0.004149 0.005731 0.001681 0.004252 0.027160 0.004964 0.002440 0.000740 0.002826 0.010923 0.001455 0.007444 0.007831 0.002296 0.238318 0.020692 0.210144 0.002629 0.003760 0.002609 0.005141 0.002463 0.031827 0.003414 0.027386 0.108736 0.004796
0.323503 0.001566 0.000926 0.006448 0.004308 0.003187 0.002942 0.000907 0.002847 0.019634 0.003465 0.001333 0.000455 0.001750 0.008901 0.000777 0.004667 0.004721 0.001450 0.236178 0.012611 0.226008 0.001184 0.002467 0.001824 0.003034 0.001518 0.021035 0.002181 0.019886 0.075004 0.003286
0.245033 0.002556 0.001929 0.007111 0.008204 0.003976 0.006955 0.001450 0.002453 0.017235 0.005113 0.002125 0.000484 0.002804 0.010007 0.000761 0.005915 0.009745 0.001450 0.229389 0.018503 0.151964 0.002183 0.003281 0.002427 0.006803 0.002174 0.024980 0.003781 0.019129 0.196272 0.003806
0.244414 0.002720 0.001977 0.007353 0.008399 0.004147 0.007178 0.001538 0.002673 0.017540 0.005324 0.002269 0.000524 0.002852 0.010182 0.000823 0.006163 0.009912 0.001514 0.228561 0.019029 0.151314 0.002280 0.003398 0.002508 0.007003 0.002300 0.025921 0.003895 0.019703 0.192632 0.003956
0.713713 0.000017 0.000055 0.000902 0.000084 0.000341 0.000269 0.000222 0.000677 0.015986 0.000900 0.000065 0.000036 0.000075 0.001897 0.000090 0.000791 0.000708 0.000216 0.227903 0.002496 0.022651 0.000158 0.000587 0.000258 0.000232 0.000526 0.001161 0.000103 0.003085 0.002588 0.001209
0.576728 0.000004 0.000002 0.000017 0.000057 0.000001 0.000042 0.000016 0.000041 0.180604 0.000004 0.000011 0.000000 0.000006 0.004637 0.000174 0.000395 0.000020 0.000106 0.218758 0.000715 0.011069 0.000012 0.000152 0.000084 0.000006 0.000005 0.001236 0.000003 0.004760 0.000020 0.000316
0.092536 0.010994 0.002502 0.008791 0.024741 0.003390 0.015854 0.005825 0.006912 0.064824 0.016684 0.009086 0.001445 0.006220 0.027571 0.003680 0.026576 0.006915 0.003457 0.202514 0.073360 0.081190 0.027950 0.012739 0.004855 0.013749 0.011232 0.048085 0.014697 0.058264 0.104488 0.008874
0.246896 0.001174 0.000668 0.003622 0.003442 0.002471 0.002589 0.001161 0.001184 0.111389 0.003054 0.001624 0.000501 0.001882 0.012153 0.002129 0.020823 0.003654 0.003741 0.200603 0.063558 0.114458 0.010278 0.005744 0.001777 0.006359 0.003863 0.032193 0.005520 0.067003 0.058535 0.005950
0.100642 0.005837 0.000900 0.006134 0.013294 0.002018 0.006202 0.001691 0.001917 0.098428 0.009707 0.002595 0.000659 0.003910 0.024086 0.002388 0.025635 0.003221 0.002968 0.196930 0.088196 0.104382 0.014672 0.008378 0.003213 0.006287 0.007442 0.039539 0.010647 0.083711 0.117975 0.006395
0.214015 0.000075 0.000012 0.000109 0.000217 0.000021 0.000358 0.000206 0.000504 0.536892 0.000037 0.000080 0.000003 0.000066 0.002750 0.001497 0.000875 0.000922 0.000576 0.187926 0.001688 0.038082 0.000222 0.000592 0.000310 0.000098 0.000054 0.003658 0.000059 0.006369 0.000155 0.001572
0.091901 0.026286 0.001800 0.010588 0.018269 0.002381 0.031552 0.006165 0.006750 0.074540 0.013971 0.011756 0.001295 0.009575 0.022077 0.006029 0.020730 0.010169 0.004083 0.179733 0.060322 0.102827 0.051023 0.015194 0.005863 0.017826 0.007982 0.042387 0.009842 0.047133 0.077849 0.012100
0.150883 0.021512 0.001468 0.011087 0.007227 0.004860 0.058496 0.007121 0.008132 0.075726 0.012588 0.008744 0.001178 0.008544 0.013987 0.012959 0.016631 0.015641 0.005849 0.175924 0.056190 0.112976 0.035170 0.009504 0.005010 0.012641 0.010038 0.025539 0.007170 0.038502 0.055511 0.013190
0.550314 0.000256 0.000598 0.000965 0.000336 0.000528 0.000295 0.000610 0.001906 0.043885 0.001242 0.000164 0.000671 0.001361 0.006263 0.000482 0.002648 0.012895 0.000478 0.164731 0.009175 0.163885 0.000246 0.001199 0.001806 0.000756 0.003876 0.009955 0.001118 0.010807 0.002530 0.004021
0.806131 0.000008 0.000023 0.000626 0.000058 0.000221 0.000129 0.000087 0.000307 0.005072 0.000634 0.000033 0.000017 0.000041 0.000902 0.000036 0.000372 0.000340 0.000094 0.162989 0.001186 0.015251 0.000069 0.000294 0.000120 0.000109 0.000411 0.000550 0.000054 0.001757 0.001555 0.000522
0.401036 0.003648 0.000488 0.007250 0.017143 0.002597 0.002355 0.000583 0.001337 0.043033 0.022700 0.000883 0.000452 0.001535 0.014034 0.001146 0.012596 0.001371 0.001441 0.160353 0.040956 0.071230 0.004692 0.003215 0.002647 0.004060 0.008673 0.016265 0.007294 0.040654 0.101302 0.003031
0.345662 0.004339 0.001039 0.007003 0.016626 0.005466 0.003340 0.001648 0.003017 0.031714 0.024155 0.001627 0.002187 0.002679 0.009772 0.001731 0.015152 0.003243 0.002554 0.154732 0.045213 0.107185 0.007401 0.005227 0.002031 0.007092 0.022120 0.021902 0.019658 0.052159 0.067819 0.004507
0.813032 0.000007 0.000028 0.000597 0.000063 0.000182 0.000111 0.000095 0.000289 0.006596 0.000651 0.000031 0.000015 0.000034 0.001272 0.000043 0.000435 0.000310 0.000103 0.153395 0.001513 0.015047 0.000068 0.000300 0.000123 0.000118 0.000457 0.000616 0.000064 0.002189 0.001620 0.000598
0.784159 0.000058 0.000080 0.001562 0.000110 0.000539 0.000450 0.000309 0.002296 0.015412 0.001762 0.000111 0.000103 0.000152 0.002544 0.000147 0.001879 0.000555 0.000303 0.152691 0.002935 0.015511 0.000198 0.000699 0.000519 0.000273 0.000646 0.001553 0.000126 0.005686 0.004600 0.002031
0.177543 0.007055 0.001297 0.006223 0.013473 0.001838 0.007412 0.002156 0.003560 0.078831 0.013862 0.002996 0.001159 0.006132 0.017672 0.002793 0.023954 0.005443 0.003679 0.152198 0.078366 0.092529 0.014282 0.008998 0.003842 0.009688 0.011668 0.039395 0.010452 0.084560 0.109900 0.007046
0.167499 0.022968 0.000814 0.007863 0.009740 0.003656 0.058908 0.008910 0.017464 0.064762 0.020117 0.012759 0.001381 0.008427 0.004626 0.008339 0.012931 0.024020 0.006270 0.150238 0.038936 0.060850 0.040494 0.010607 0.004006 0.028649 0.015872 0.031551 0.010687 0.030525 0.106039 0.010092
0.121975 0.015621 0.001185 0.005346 0.006838 0.001630 0.022609 0.004406 0.003455 0.056811 0.008842 0.009737 0.000666 0.006528 0.016262 0.005802 0.033259 0.004196 0.003477 0.147288 0.168508 0.076938 0.030121 0.011443 0.003875 0.010853 0.009480 0.038139 0.009522 0.082077 0.075574 0.007538
0.789143 0.000054 0.000160 0.001710 0.000298 0.000981 0.000378 0.000391 0.000526 0.010884 0.002634 0.000119 0.000110 0.000109 0.002861 0.000175 0.000704 0.001099 0.000434 0.142520 0.003461 0.027856 0.000329 0.000742 0.000429 0.000511 0.001132 0.001490 0.000551 0.003641 0.003076 0.001493
0.517119 0.006963 0.000457 0.003563 0.006106 0.000567 0.002280 0.000893 0.001230 0.046712 0.018611 0.000822 0.000422 0.001805 0.009288 0.002137 0.007182 0.002664 0.002266 0.133367 0.057368 0.043701 0.002967 0.003930 0.002674 0.002969 0.008878 0.010407 0.008171 0.047287 0.043603 0.003589
0.523690 0.008142 0.000573 0.001070 0.001048 0.001488 0.033946 0.004922 0.002370 0.026414 0.008312 0.013466 0.000255 0.002197 0.002686 0.008530 0.009069 0.003136 0.001405 0.131162 0.083813 0.032225 0.008388 0.003233 0.001135 0.004883 0.009495 0.009756 0.003696 0.029481 0.027438 0.002575
0.264171 0.003306 0.005380 0.034228 0.034084 0.012400 0.006417 0.002824 0.003453 0.022709 0.008490 0.003378 0.001052 0.007099 0.028859 0.002279 0.017309 0.009180 0.004736 0.129967 0.025131 0.147329 0.003931 0.008208 0.005802 0.008888 0.003427 0.026362 0.006652 0.037649 0.117012 0.008290
0.148493 0.036817 0.002092 0.029320 0.033454 0.002676 0.034532 0.006186 0.016659 0.079211 0.015267 0.008629 0.001214 0.010874 0.019477 0.009550 0.013536 0.016602 0.005336 0.128663 0.028522 0.099665 0.039579 0.014857 0.008319 0.015884 0.007694 0.039474 0.007177 0.026392 0.079431 0.014417
0.575849 0.001023 0.000557 0.004953 0.009862 0.002997 0.001987 0.000969 0.001157 0.030154 0.008518 0.001072 0.000591 0.000948 0.009976 0.001168 0.009871 0.001591 0.001261 0.127547 0.035438 0.047457 0.002057 0.003886 0.001041 0.004172 0.009112 0.021050 0.007646 0.039339 0.033640 0.003111
0.626732 0.002826 0.000650 0.012383 0.001537 0.014735 0.012309 0.001663 0.004599 0.011864 0.004697 0.004654 0.000758 0.001513 0.002087 0.001731 0.002928 0.008817 0.001411 0.125784 0.012706 0.075265 0.000940 0.002116 0.001151 0.002959 0.000931 0.019345 0.000798 0.010746 0.026446 0.002920
0.516222 0.004867 0.000823 0.001485 0.001052 0.001637 0.025214 0.003838 0.005032 0.048814 0.006167 0.003442 0.000365 0.003263 0.003328 0.011076 0.008124 0.007036 0.003467 0.125663 0.066533 0.069862 0.005784 0.003259 0.001681 0.002971 0.008397 0.008334 0.002124 0.024324 0.020421 0.005392
0.769216 0.000102 0.000149 0.008670 0.000634 0.001109 0.000733 0.000641 0.002183 0.021976 0.006552 0.000209 0.000288 0.000155 0.002918 0.000202 0.001657 0.001379 0.000586 0.124067 0.004131 0.033710 0.001031 0.001984 0.000616 0.000513 0.001065 0.001408 0.000393 0.005680 0.003362 0.002679
0.132176 0.007419 0.009010 0.013581 0.057915 0.019825 0.011196 0.009692 0.019901 0.035743 0.038480 0.007805 0.005977 0.009757 0.016541 0.003976 0.019082 0.018990 0.005188 0.121760 0.026396 0.064158 0.014301 0.018310 0.006200 0.039889 0.024036 0.037914 0.025624 0.036746 0.130227 0.012186
0.130430 0.008682 0.009828 0.014129 0.054621 0.018787 0.013030 0.011024 0.018371 0.038893 0.031793 0.009115 0.006640 0.011455 0.017659 0.004599 0.020458 0.021044 0.005570 0.116943 0.027614 0.059052 0.015797 0.017558 0.006406 0.043984 0.022732 0.039732 0.025950 0.037102 0.128827 0.012174
0.523701 0.001442 0.000740 0.002641 0.050137 0.001786 0.002471 0.001393 0.009088 0.025859 0.028288 0.001421 0.001390 0.001127 0.006294 0.000889 0.007461 0.004074 0.001547 0.116908 0.011462 0.074744 0.003937 0.009022 0.001494 0.004008 0.015280 0.018980 0.007522 0.014945 0.044814 0.005139
0.257999 0.005297 0.002756 0.107123 0.009442 0.029352 0.011243 0.004946 0.017349 0.022456 0.019417 0.007493 0.003402 0.006325 0.009640 0.005464 0.013044 0.011577 0.007539 0.113667 0.020043 0.157820 0.003562 0.013109 0.005341 0.004119 0.003448 0.029194 0.002111 0.029465 0.048103 0.018155
0.662673 0.010266 0.000528 0.009504 0.001368 0.007626 0.002166 0.002766 0.005008 0.006083 0.015268 0.001531 0.003997 0.001403 0.001419 0.001642 0.002725 0.006766 0.001508 0.110692 0.011689 0.048649 0.005234 0.001694 0.003134 0.005519 0.019614 0.008648 0.016804 0.006213 0.015004 0.002857
0.630344 0.005208 0.000180 0.000808 0.000239 0.001075 0.047518 0.002910 0.002120 0.011000 0.005326 0.004316 0.000270 0.002243 0.001045 0.013861 0.005209 0.006157 0.000862 0.109881 0.044195 0.024387 0.001592 0.001218 0.000869 0.005464 0.017568 0.008118 0.002058 0.015076 0.026451 0.002434
0.505644 0.007464 0.000859 0.002259 0.001759 0.001336 0.016154 0.004305 0.006072 0.029440 0.011013 0.006602 0.000623 0.003783 0.003457 0.008130 0.011300 0.005904 0.003048 0.106086 0.098192 0.036393 0.007881 0.007497 0.001681 0.005263 0.012099 0.013254 0.004182 0.044269 0.028317 0.005733
0.608345 0.005443 0.000467 0.000871 0.000710 0.001362 0.026431 0.004170 0.001882 0.021118 0.007224 0.010003 0.000189 0.001352 0.001943 0.008130 0.007948 0.002578 0.001371 0.104893 0.076344 0.028034 0.005271 0.002696 0.000820 0.003625 0.008253 0.008139 0.002837 0.024221 0.021082 0.002246
0.296797 0.003299 0.008180 0.051309 0.041450 0.011646 0.006757 0.003338 0.003437 0.020616 0.008559 0.004659 0.001275 0.007139 0.038802 0.002430 0.023672 0.007847 0.005171 0.103538 0.027329 0.109649 0.004463 0.009431 0.006242 0.009041 0.003939 0.026460 0.006205 0.040163 0.097783 0.009371
0.607745 0.012726 0.000086 0.000585 0.000131 0.000282 0.103857 0.002210 0.001652 0.012921 0.003238 0.008305 0.000086 0.003430 0.000618 0.008088 0.002695 0.007857 0.000653 0.102304 0.034806 0.027009 0.002268 0.001247 0.000605 0.007202 0.002999 0.003643 0.000884 0.013103 0.025193 0.001573
0.303355 0.003747 0.001093 0.069159 0.008612 0.031711 0.011989 0.003765 0.009644 0.024506 0.012280 0.003534 0.002575 0.005557 0.005831 0.004919 0.006674 0.010111 0.019427 0.101215 0.012315 0.218645 0.008034 0.007649 0.004805 0.003013 0.001625 0.016972 0.001900 0.018978 0.047621 0.018740
0.121975 0.015621 0.001185 0.005346 0.006838 0.001630 0.022609 0.004406 0.003455 0.056811 0.008842 0.009737 0.000666 0.006528 0.016262 0.005802 0.033259 0.004196 0.003477 0.147288 0.168508 0.076938 0.030121 0.011443 0.003875 0.010853 0.009480 0.038139 0.009522 0.082077 0.075574 0.007538
0.649917 0.001858 0.000047 0.001788 0.000166 0.001513 0.000584 0.000293 0.000907 0.005624 0.001709 0.000199 0.000577 0.000539 0.000491 0.000299 0.000882 0.002583 0.001054 0.029352 0.003658 0.276697 0.000547 0.000431 0.001127 0.001315 0.002190 0.002494 0.000575 0.004361 0.004609 0.001611
0.323503 0.001566 0.000926 0.006448 0.004308 0.003187 0.002942 0.000907 0.002847 0.019634 0.003465 0.001333 0.000455 0.001750 0.008901 0.000777 0.004667 0.004721 0.001450 0.236178 0.012611 0.226008 0.001184 0.002467 0.001824 0.003034 0.001518 0.021035 0.002181 0.019886 0.075004 0.003286
0.303355 0.003747 0.001093 0.069159 0.008612 0.031711 0.011989 0.003765 0.009644 0.024506 0.012280 0.003534 0.002575 0.005557 0.005831 0.004919 0.006674 0.010111 0.019427 0.101215 0.012315 0.218645 0.008034 0.007649 0.004805 0.003013 0.001625 0.016972 0.001900 0.018978 0.047621 0.018740
0.235024 0.003328 0.001475 0.007911 0.006453 0.004149 0.005731 0.001681 0.004252 0.027160 0.004964 0.002440 0.000740 0.002826 0.010923 0.001455 0.007444 0.007831 0.002296 0.238318 0.020692 0.210144 0.002629 0.003760 0.002609 0.005141 0.002463 0.031827 0.003414 0.027386 0.108736 0.004796
0.277589 0.002785 0.001203 0.007203 0.004704 0.003236 0.005464 0.001384 0.004464 0.021000 0.004416 0.002435 0.000708 0.002160 0.007396 0.001190 0.005821 0.006911 0.001830 0.257058 0.017036 0.205645 0.002013 0.002986 0.002096 0.004311 0.001976 0.028500 0.002491 0.021516 0.088357 0.004115
0.294653 0.002647 0.001076 0.006834 0.004189 0.003002 0.005282 0.001299 0.004404 0.019840 0.004111 0.002333 0.000644 0.001994 0.006757 0.001125 0.005471 0.006613 0.001697 0.252986 0.016328 0.204804 0.001767 0.002790 0.001919 0.004052 0.001810 0.027954 0.002223 0.020832 0.084691 0.003873
0.670918 0.003713 0.000052 0.003026 0.000234 0.001902 0.001981 0.000459 0.001500 0.016854 0.002325 0.000507 0.000886 0.001222 0.000780 0.002286 0.001876 0.006178 0.002996 0.032531 0.009599 0.194464 0.001196 0.001716 0.001329 0.002015 0.004445 0.008277 0.000952 0.012690 0.007553 0.003537
0.239986 0.002501 0.001706 0.006812 0.007427 0.003443 0.006553 0.001307 0.002394 0.017163 0.004803 0.002005 0.000470 0.002794 0.009361 0.000755 0.005314 0.009048 0.001456 0.242844 0.017585 0.169158 0.002202 0.003020 0.002331 0.005853 0.001912 0.023320 0.003542 0.018851 0.180446 0.003636
0.550314 0.000256 0.000598 0.000965 0.000336 0.000528 0.000295 0.000610 0.001906 0.043885 0.001242 0.000164 0.000671 0.001361 0.006263 0.000482 0.002648 0.012895 0.000478 0.164731 0.009175 0.163885 0.000246 0.001199 0.001806 0.000756 0.003876 0.009955 0.001118 0.010807 0.002530 0.004021
0.257999 0.005297 0.002756 0.107123 0.009442 0.029352 0.011243 0.004946 0.017349 0.022456 0.019417 0.007493 0.003402 0.006325 0.009640 0.005464 0.013044 0.011577 0.007539 0.113667 0.020043 0.157820 0.003562 0.013109 0.005341 0.004119 0.003448 0.029194 0.002111 0.029465 0.048103 0.018155
0.245033 0.002556 0.001929 0.007111 0.008204 0.003976 0.006955 0.001450 0.002453 0.017235 0.005113 0.002125 0.000484 0.002804 0.010007 0.000761 0.005915 0.009745 0.001450 0.229389 0.018503 0.151964 0.002183 0.003281 0.002427 0.006803 0.002174 0.024980 0.003781 0.019129 0.196272 0.003806
0.244414 0.002720 0.001977 0.007353 0.008399 0.004147 0.007178 0.001538 0.002673 0.017540 0.005324 0.002269 0.000524 0.002852 0.010182 0.000823 0.006163 0.009912 0.001514 0.228561 0.019029 0.151314 0.002280 0.003398 0.002508 0.007003 0.002300 0.025921 0.003895 0.019703 0.192632 0.003956
0.264171 0.003306 0.005380 0.034228 0.034084 0.012400 0.006417 0.002824 0.003453 0.022709 0.008490 0.003378 0.001052 0.007099 0.028859 0.002279 0.017309 0.009180 0.004736 0.129967 0.025131 0.147329 0.003931 0.008208 0.005802 0.008888 0.003427 0.026362 0.006652 0.037649 0.117012 0.008290
0.287553 0.000037 0.000051 0.000631 0.000497 0.000095 0.000212 0.000284 0.000302 0.075934 0.000175 0.000089 0.000041 0.000195 0.003247 0.000481 0.001451 0.003589 0.000455 0.476899 0.006397 0.121675 0.000450 0.000445 0.000476 0.000331 0.001059 0.003959 0.000351 0.009785 0.000671 0.002181
0.246896 0.001174 0.000668 0.003622 0.003442 0.002471 0.002589 0.001161 0.001184 0.111389 0.003054 0.001624 0.000501 0.001882 0.012153 0.002129 0.020823 0.003654 0.003741 0.200603 0.063558 0.114458 0.010278 0.005744 0.001777 0.006359 0.003863 0.032193 0.005520 0.067003 0.058535 0.005950
0.150883 0.021512 0.001468 0.011087 0.007227 0.004860 0.058496 0.007121 0.008132 0.075726 0.012588 0.008744 0.001178 0.008544 0.013987 0.012959 0.016631 0.015641 0.005849 0.175924 0.056190 0.112976 0.035170 0.009504 0.005010 0.012641 0.010038 0.025539 0.007170 0.038502 0.055511 0.013190
0.233980 0.004125 0.007266 0.047955 0.026046 0.007777 0.009821 0.005342 0.004106 0.034146 0.007512 0.011857 0.001553 0.007378 0.047715 0.003719 0.043524 0.006274 0.008228 0.095180 0.040918 0.110593 0.011612 0.017153 0.007734 0.009085 0.004589 0.041478 0.004988 0.053829 0.069086 0.015430
0.296797 0.003299 0.008180 0.051309 0.041450 0.011646 0.006757 0.003338 0.003437 0.020616 0.008559 0.004659 0.001275 0.007139 0.038802 0.002430 0.023672 0.007847 0.005171 0.103538 0.027329 0.109649 0.004463 0.009431 0.006242 0.009041 0.003939 0.026460 0.006205 0.040163 0.097783 0.009371
0.804360 0.000597 0.000172 0.001182 0.000219 0.000368 0.001593 0.000377 0.001867 0.020660 0.000689 0.000255 0.000015 0.000541 0.002605 0.001470 0.002305 0.000863 0.001051 0.026088 0.004151 0.109613 0.000127 0.000704 0.000723 0.000462 0.000409 0.002919 0.000095 0.005521 0.006353 0.001646
0.222722 0.004638 0.007322 0.049991 0.026005 0.007454 0.010517 0.005812 0.004662 0.035189 0.007476 0.013199 0.001714 0.007572 0.045279 0.003971 0.044497 0.006700 0.008349 0.095183 0.042173 0.108645 0.013458 0.017505 0.007828 0.009555 0.004807 0.045112 0.004964 0.054271 0.067234 0.016198
0.345662 0.004339 0.001039 0.007003 0.016626 0.005466 0.003340 0.001648 0.003017 0.031714 0.024155 0.001627 0.002187 0.002679 0.009772 0.001731 0.015152 0.003243 0.002554 0.154732 0.045213 0.107185 0.007401 0.005227 0.002031 0.007092 0.022120 0.021902 0.019658 0.052159 0.067819 0.004507
0.643269 0.000643 0.000026 0.000567 0.000038 0.005522 0.000337 0.000164 0.000228 0.008336 0.001275 0.000046 0.000501 0.000575 0.000696 0.001366 0.001048 0.018026 0.003650 0.021319 0.016896 0.106567 0.000115 0.000231 0.003074 0.002728 0.008176 0.021290 0.000416 0.012116 0.118626 0.002131
0.230126 0.004546 0.007389 0.054191 0.025040 0.007704 0.009884 0.005575 0.004813 0.034158 0.007413 0.012745 0.001788 0.007299 0.044776 0.003995 0.044888 0.006255 0.008161 0.094290 0.042291 0.106318 0.012063 0.017139 0.007603 0.009185 0.004693 0.046286 0.004666 0.055111 0.063862 0.015745
0.230188 0.004538 0.007445 0.054223 0.025413 0.007664 0.009973 0.005612 0.004738 0.033941 0.007461 0.012885 0.001772 0.007273 0.045087 0.003970 0.045045 0.006251 0.008115 0.094204 0.042069 0.105251 0.012383 0.017216 0.007583 0.009191 0.004715 0.045995 0.004703 0.055026 0.064394 0.015676
0.100642 0.005837 0.000900 0.006134 0.013294 0.002018 0.006202 0.001691 0.001917 0.098428 0.009707 0.002595 0.000659 0.003910 0.024086 0.002388 0.025635 0.003221 0.002968 0.196930 0.088196 0.104382 0.014672 0.008378 0.003213 0.006287 0.007442 0.039539 0.010647 0.083711 0.117975 0.006395
0.091901 0.026286 0.001800 0.010588 0.018269 0.002381 0.031552 0.006165 0.006750 0.074540 0.013971 0.011756 0.001295 0.009575 0.022077 0.006029 0.020730 0.010169 0.004083 0.179733 0.060322 0.102827 0.051023 0.015194 0.005863 0.017826 0.007982 0.042387 0.009842 0.047133 0.077849 0.012100
0.407266 0.000261 0.000042 0.000562 0.001096 0.012422 0.000230 0.000141 0.000183 0.000355 0.007505 0.000119 0.000055 0.000042 0.000390 0.000234 0.000398 0.000933 0.000302 0.007903 0.002077 0.003024 0.000080 0.000162 0.000265 0.041901 0.447349 0.015690 0.002613 0.000975 0.044490 0.000939
0.565946 0.000300 0.000026 0.001247 0.000015 0.004948 0.000110 0.000031 0.000051 0.000231 0.001101 0.000010 0.000479 0.000260 0.000101 0.000137 0.000573 0.006990 0.000660 0.002443 0.003927 0.022412 0.000015 0.000033 0.003591 0.003524 0.019910 0.002542 0.000135 0.002468 0.355384 0.000398
0.245033 0.002556 0.001929 0.007111 0.008204 0.003976 0.006955 0.001450 0.002453 0.017235 0.005113 0.002125 0.000484 0.002804 0.010007 0.000761 0.005915 0.009745 0.001450 0.229389 0.018503 0.151964 0.002183 0.003281 0.002427 0.006803 0.002174 0.024980 0.003781 0.019129 0.196272 0.003806
0.244414 0.002720 0.001977 0.007353 0.008399 0.004147 0.007178 0.001538 0.002673 0.017540 0.005324 0.002269 0.000524 0.002852 0.010182 0.000823 0.006163 0.009912 0.001514 0.228561 0.019029 0.151314 0.002280 0.003398 0.002508 0.007003 0.002300 0.025921 0.003895 0.019703 0.192632 0.003956
0.239986 0.002501 0.001706 0.006812 0.007427 0.003443 0.006553 0.001307 0.002394 0.017163 0.004803 0.002005 0.000470 0.002794 0.009361 0.000755 0.005314 0.009048 0.001456 0.242844 0.017585 0.169158 0.002202 0.003020 0.002331 0.005853 0.001912 0.023320 0.003542 0.018851 0.180446 0.003636
0.156963 0.025845 0.002457 0.003243 0.041485 0.011169 0.019190 0.006768 0.028945 0.073711 0.046303 0.004980 0.000766 0.008124 0.006937 0.009387 0.014290 0.015734 0.011348 0.090462 0.045580 0.073758 0.005851 0.005281 0.004579 0.017106 0.017180 0.028027 0.013566 0.036190 0.167565 0.007210
0.132176 0.007419 0.009010 0.013581 0.057915 0.019825 0.011196 0.009692 0.019901 0.035743 0.038480 0.007805 0.005977 0.009757 0.016541 0.003976 0.019082 0.018990 0.005188 0.121760 0.026396 0.064158 0.014301 0.018310 0.006200 0.039889 0.024036 0.037914 0.025624 0.036746 0.130227 0.012186
0.130430 0.008682 0.009828 0.014129 0.054621 0.018787 0.013030 0.011024 0.018371 0.038893 0.031793 0.009115 0.006640 0.011455 0.017659 0.004599 0.020458 0.021044 0.005570 0.116943 0.027614 0.059052 0.015797 0.017558 0.006406 0.043984 0.022732 0.039732 0.025950 0.037102 0.128827 0.012174
0.682251 0.001580 0.000306 0.002540 0.001670 0.003969 0.001477 0.000544 0.002639 0.005925 0.006507 0.000317 0.000281 0.000881 0.002034 0.000926 0.002241 0.007450 0.001847 0.040638 0.011983 0.049659 0.000412 0.000575 0.002396 0.005656 0.020873 0.006559 0.001683 0.009288 0.121414 0.003479
0.733695 0.001545 0.000114 0.000875 0.000080 0.001763 0.000406 0.000159 0.000198 0.003901 0.004854 0.000087 0.000148 0.000595 0.002415 0.000389 0.002405 0.002278 0.000493 0.020785 0.026678 0.046121 0.000106 0.000411 0.002065 0.003697 0.009388 0.004299 0.001331 0.006799 0.121222 0.000698
0.100642 0.005837 0.000900 0.006134 0.013294 0.002018 0.006202 0.001691 0.001917 0.098428 0.009707 0.002595 0.000659 0.003910 0.024086 0.002388 0.025635 0.003221 0.002968 0.196930 0.088196 0.104382 0.014672 0.008378 0.003213 0.006287 0.007442 0.039539 0.010647 0.083711 0.117975 0.006395
0.264171 0.003306 0.005380 0.034228 0.034084 0.012400 0.006417 0.002824 0.003453 0.022709 0.008490 0.003378 0.001052 0.007099 0.028859 0.002279 0.017309 0.009180 0.004736 0.129967 0.025131 0.147329 0.003931 0.008208 0.005802 0.008888 0.003427 0.026362 0.006652 0.037649 0.117012 0.008290
0.784314 0.000752 0.000134 0.000984 0.000311 0.002402 0.000480 0.000130 0.000763 0.001293 0.003692 0.000065 0.000246 0.000533 0.000668 0.000242 0.000924 0.004671 0.000669 0.018016 0.004631 0.032798 0.000068 0.000114 0.002286 0.003801 0.014683 0.002355 0.000530 0.003261 0.113174 0.001010
0.062274 0.024605 0.010272 0.039539 0.092591 0.016181 0.026511 0.012028 0.014448 0.041354 0.024680 0.013490 0.010009 0.018195 0.027144 0.007677 0.032449 0.016170 0.016315 0.068082 0.048765 0.057694 0.035977 0.015731 0.012810 0.025542 0.014058 0.029674 0.016564 0.040216 0.110134 0.018823
0.177543 0.007055 0.001297 0.006223 0.013473 0.001838 0.007412 0.002156 0.003560 0.078831 0.013862 0.002996 0.001159 0.006132 0.017672 0.002793 0.023954 0.005443 0.003679 0.152198 0.078366 0.092529 0.014282 0.008998 0.003842 0.009688 0.011668 0.039395 0.010452 0.084560 0.109900 0.007046
0.235024 0.003328 0.001475 0.007911 0.006453 0.004149 0.005731 0.001681 0.004252 0.027160 0.004964 0.002440 0.000740 0.002826 0.010923 0.001455 0.007444 0.007831 0.002296 0.238318 0.020692 0.210144 0.002629 0.003760 0.002609 0.005141 0.002463 0.031827 0.003414 0.027386 0.108736 0.004796
0.851866 0.000168 0.000014 0.000202 0.000771 0.000564 0.000077 0.000016 0.000080 0.000097 0.006051 0.000009 0.000073 0.000042 0.000355 0.000021 0.000454 0.000406 0.000037 0.010940 0.000680 0.008446 0.000027 0.000023 0.001517 0.002045 0.006032 0.000829 0.000227 0.001064 0.106665 0.000199
0.167499 0.022968 0.000814 0.007863 0.009740 0.003656 0.058908 0.008910 0.017464 0.064762 0.020117 0.012759 0.001381 0.008427 0.004626 0.008339 0.012931 0.024020 0.006270 0.150238 0.038936 0.060850 0.040494 0.010607 0.004006 0.028649 0.015872 0.031551 0.010687 0.030525 0.106039 0.010092
0.092536 0.010994 0.002502 0.008791 0.024741 0.003390 0.015854 0.005825 0.006912 0.064824 0.016684 0.009086 0.001445 0.006220 0.027571 0.003680 0.026576 0.006915 0.003457 0.202514 0.073360 0.081190 0.027950 0.012739 0.004855 0.013749 0.011232 0.048085 0.014697 0.058264 0.104488 0.008874
0.401036 0.003648 0.000488 0.007250 0.017143 0.002597 0.002355 0.000583 0.001337 0.043033 0.022700 0.000883 0.000452 0.001535 0.014034 0.001146 0.012596 0.001371 0.001441 0.160353 0.040956 0.071230 0.004692 0.003215 0.002647 0.004060 0.008673 0.016265 0.007294 0.040654 0.101302 0.003031
