0.005668 0.000001 0.000002 0.994064 0.000011 0.000166 0.000001 0.000001 0.000001 0.000001 0.000002 0.000001 0.000019 0.000001 0.000005 0.000001 0.000008 0.000002 0.000001 0.000001 0.000007 0.000005 0.000001 0.000003 0.000002 0.000002 0.000001 0.000004 0.000000 0.000006 0.000006 0.000005
0.034491 0.000001 0.000001 0.964935 0.000019 0.000509 0.000001 0.000000 0.000001 0.000001 0.000005 0.000000 0.000006 0.000000 0.000001 0.000000 0.000002 0.000003 0.000000 0.000001 0.000001 0.000002 0.000001 0.000001 0.000002 0.000002 0.000001 0.000003 0.000000 0.000001 0.000005 0.000002
0.102181 0.000046 0.000040 0.849449 0.000119 0.022212 0.000022 0.000023 0.000052 0.000101 0.000219 0.000013 0.022041 0.000060 0.000084 0.000020 0.000149 0.000162 0.000095 0.000148 0.000187 0.000683 0.000037 0.000278 0.000241 0.000027 0.000104 0.000084 0.000027 0.000530 0.000259 0.000307
0.701753 0.000281 0.000001 0.290901 0.000213 0.001013 0.000112 0.000042 0.000221 0.000242 0.000648 0.000118 0.000051 0.000010 0.000216 0.000125 0.000272 0.000047 0.000035 0.000303 0.000175 0.000233 0.000237 0.000243 0.000025 0.000126 0.000292 0.001361 0.000025 0.000224 0.000220 0.000233
0.570865 0.000170 0.000035 0.283453 0.000312 0.014637 0.000141 0.000099 0.000305 0.000861 0.000327 0.000138 0.002125 0.000114 0.002181 0.000120 0.001199 0.000170 0.000242 0.091650 0.001739 0.011158 0.000332 0.001080 0.000755 0.000366 0.001107 0.004187 0.000146 0.005041 0.002387 0.002556
0.787183 0.000007 0.000005 0.209957 0.000028 0.000836 0.000010 0.000005 0.000013 0.000041 0.000023 0.000004 0.000121 0.000007 0.000079 0.000004 0.000066 0.000035 0.000008 0.000370 0.000055 0.000622 0.000014 0.000027 0.000054 0.000012 0.000018 0.000043 0.000006 0.000201 0.000094 0.000051
0.773396 0.000095 0.000057 0.162750 0.002060 0.000467 0.000286 0.000299 0.000197 0.001573 0.001174 0.000332 0.000093 0.000158 0.004211 0.000460 0.004453 0.000846 0.000197 0.009280 0.006629 0.008821 0.000754 0.000843 0.000191 0.000982 0.001853 0.002058 0.000362 0.008827 0.004796 0.001500
0.829899 0.000192 0.000066 0.128519 0.000919 0.026864 0.000080 0.000115 0.000409 0.000498 0.000414 0.000099 0.001153 0.000091 0.000603 0.000076 0.000429 0.000133 0.000092 0.001596 0.000189 0.001752 0.000282 0.001178 0.000080 0.000171 0.000586 0.001170 0.000135 0.000867 0.000791 0.000551
0.831222 0.000094 0.000039 0.127376 0.000183 0.011540 0.000079 0.000065 0.000244 0.000540 0.000171 0.000099 0.002006 0.000054 0.001292 0.000111 0.001156 0.000038 0.000116 0.011398 0.000553 0.001753 0.000106 0.000495 0.000400 0.000060 0.000247 0.005726 0.000020 0.001838 0.000221 0.000758
0.036436 0.000071 0.000112 0.034198 0.000429 0.799501 0.000004 0.000005 0.000047 0.000013 0.001075 0.000003 0.127642 0.000020 0.000008 0.000005 0.000015 0.000027 0.000012 0.000013 0.000008 0.000033 0.000010 0.000038 0.000065 0.000013 0.000081 0.000016 0.000012 0.000018 0.000032 0.000040
0.593890 0.005879 0.000184 0.003675 0.000408 0.001206 0.111453 0.006006 0.002287 0.034393 0.002513 0.013962 0.000019 0.000642 0.002249 0.068276 0.018461 0.002829 0.006598 0.028683 0.021287 0.029588 0.004026 0.003647 0.001108 0.001510 0.001085 0.007063 0.000405 0.013462 0.007826 0.005380
0.017833 0.000119 0.000230 0.087576 0.000103 0.289915 0.000018 0.000016 0.000050 0.000039 0.000383 0.000006 0.600748 0.000167 0.000043 0.000015 0.000104 0.000113 0.000094 0.000087 0.000077 0.000343 0.000018 0.000094 0.001101 0.000026 0.000104 0.000061 0.000032 0.000127 0.000176 0.000183
0.657554 0.001723 0.000143 0.000534 0.001431 0.000482 0.002270 0.002036 0.002152 0.033472 0.005613 0.000713 0.000015 0.000179 0.006615 0.007641 0.006941 0.000682 0.002579 0.180311 0.016930 0.030120 0.001022 0.002023 0.000414 0.001273 0.000446 0.006038 0.004331 0.015471 0.005834 0.003012
0.147396 0.011542 0.010537 0.015402 0.023926 0.031869 0.017578 0.008485 0.012008 0.043261 0.033915 0.006820 0.007508 0.012178 0.022107 0.005221 0.013895 0.013575 0.009244 0.140869 0.022342 0.075475 0.010390 0.014147 0.010585 0.027618 0.008832 0.043829 0.033769 0.028667 0.124275 0.012735
0.751148 0.000667 0.000169 0.001792 0.001001 0.000828 0.001048 0.000685 0.002275 0.005015 0.002228 0.000269 0.000349 0.000624 0.005128 0.000857 0.007481 0.001299 0.000371 0.128614 0.018119 0.026864 0.000259 0.000807 0.001810 0.002604 0.002606 0.002464 0.003505 0.019116 0.009087 0.000908
0.779486 0.000345 0.000099 0.001014 0.000613 0.000477 0.000680 0.000484 0.001523 0.003766 0.001364 0.000153 0.000172 0.000401 0.003841 0.000624 0.006372 0.000863 0.000237 0.127205 0.015147 0.022221 0.000148 0.000499 0.001139 0.001643 0.001539 0.001726 0.002400 0.016784 0.006453 0.000583
0.758780 0.000506 0.000134 0.001547 0.000795 0.000657 0.000891 0.000569 0.001786 0.005218 0.001961 0.000237 0.000258 0.000501 0.005541 0.000777 0.007462 0.001014 0.000337 0.126699 0.016905 0.026651 0.000192 0.000900 0.001737 0.001869 0.002319 0.002528 0.002975 0.020044 0.007324 0.000886
0.391578 0.007040 0.005315 0.012625 0.010898 0.012513 0.021469 0.007980 0.009858 0.027267 0.022311 0.005795 0.005155 0.007898 0.019141 0.003379 0.013887 0.013160 0.004940 0.123992 0.021406 0.048079 0.004120 0.006680 0.009291 0.033971 0.004748 0.016128 0.016849 0.032126 0.074633 0.005771
0.433773 0.004776 0.005505 0.014745 0.030736 0.012886 0.007200 0.005465 0.012034 0.043109 0.020495 0.004099 0.004166 0.004875 0.011812 0.002544 0.007323 0.009278 0.004233 0.109693 0.016407 0.066841 0.015311 0.007771 0.003522 0.009975 0.004282 0.019238 0.030936 0.014460 0.056738 0.005771
0.783242 0.000475 0.000190 0.000993 0.000984 0.000747 0.000962 0.000599 0.002309 0.004502 0.001512 0.000203 0.000283 0.000638 0.003126 0.000742 0.006951 0.001348 0.000240 0.108373 0.018120 0.026101 0.000251 0.000410 0.000967 0.002914 0.001346 0.002095 0.003649 0.014691 0.010449 0.000589
0.826152 0.000158 0.000053 0.000591 0.000371 0.000271 0.000387 0.000286 0.001044 0.002582 0.000774 0.000077 0.000087 0.000269 0.002217 0.000355 0.004828 0.000505 0.000119 0.106066 0.010083 0.019926 0.000081 0.000251 0.000555 0.001078 0.000753 0.001032 0.001380 0.012256 0.005081 0.000332
0.668748 0.002209 0.000571 0.009679 0.002364 0.002238 0.003148 0.001043 0.004021 0.014215 0.016697 0.000817 0.000346 0.000999 0.006772 0.002315 0.003744 0.003606 0.001596 0.102144 0.015832 0.050463 0.001527 0.003050 0.003314 0.003899 0.007465 0.007946 0.003258 0.017574 0.034273 0.004128
0.645205 0.000548 0.000492 0.008979 0.002741 0.003780 0.000766 0.000811 0.001106 0.012301 0.001134 0.000556 0.000398 0.000494 0.008185 0.002444 0.015406 0.001715 0.000430 0.085268 0.029464 0.108060 0.003425 0.001487 0.000601 0.002710 0.003248 0.011857 0.006891 0.019065 0.018237 0.002196
0.379632 0.024805 0.001015 0.010051 0.014204 0.008211 0.024168 0.011870 0.016141 0.057399 0.021964 0.014192 0.000404 0.000916 0.001514 0.033742 0.010019 0.006141 0.014770 0.014741 0.009189 0.018356 0.260337 0.005001 0.000677 0.002747 0.002622 0.008879 0.006345 0.007215 0.006782 0.005954
0.749091 0.006391 0.000081 0.000117 0.001173 0.000097 0.003878 0.001492 0.000974 0.006990 0.003498 0.004516 0.000012 0.000044 0.000059 0.005321 0.000318 0.000452 0.001596 0.000707 0.000263 0.000441 0.207924 0.000391 0.000024 0.000506 0.000448 0.000296 0.002427 0.000141 0.000149 0.000181
0.147396 0.011542 0.010537 0.015402 0.023926 0.031869 0.017578 0.008485 0.012008 0.043261 0.033915 0.006820 0.007508 0.012178 0.022107 0.005221 0.013895 0.013575 0.009244 0.140869 0.022342 0.075475 0.010390 0.014147 0.010585 0.027618 0.008832 0.043829 0.033769 0.028667 0.124275 0.012735
