0.004578 0.000003 0.000002 0.994304 0.000015 0.000985 0.000001 0.000001 0.000003 0.000002 0.000018 0.000001 0.000020 0.000001 0.000004 0.000001 0.000005 0.000003 0.000001 0.000001 0.000006 0.000007 0.000001 0.000002 0.000004 0.000003 0.000005 0.000003 0.000001 0.000004 0.000011 0.000004
0.508826 0.000004 0.000001 0.487670 0.000037 0.003131 0.000002 0.000001 0.000007 0.000008 0.000059 0.000001 0.000081 0.000001 0.000009 0.000001 0.000005 0.000008 0.000001 0.000021 0.000005 0.000050 0.000003 0.000003 0.000006 0.000004 0.000014 0.000009 0.000002 0.000006 0.000016 0.000008
0.870532 0.000055 0.000026 0.112823 0.000434 0.005280 0.000057 0.000055 0.000210 0.000667 0.000101 0.000042 0.000179 0.000043 0.000990 0.000073 0.000416 0.000101 0.000084 0.001751 0.000347 0.001497 0.000066 0.000131 0.000083 0.000054 0.000154 0.002452 0.000034 0.000522 0.000447 0.000293
0.391948 0.005378 0.015245 0.018786 0.133518 0.021545 0.005413 0.002666 0.005254 0.012507 0.037779 0.002093 0.001422 0.004634 0.014259 0.000958 0.006057 0.006384 0.001471 0.081357 0.007464 0.046830 0.004030 0.006258 0.003426 0.014987 0.007132 0.010918 0.027477 0.013248 0.086457 0.003097
0.009093 0.000260 0.000077 0.001415 0.000027 0.984481 0.000010 0.000011 0.000056 0.000043 0.000931 0.000009 0.002843 0.000023 0.000015 0.000014 0.000017 0.000020 0.000013 0.000027 0.000026 0.000037 0.000021 0.000025 0.000049 0.000027 0.000224 0.000098 0.000020 0.000019 0.000049 0.000021
0.601087 0.000526 0.000012 0.007473 0.000021 0.371885 0.000030 0.000051 0.000160 0.000222 0.000466 0.000031 0.009405 0.000039 0.000097 0.000059 0.000073 0.000046 0.000093 0.001000 0.000116 0.000462 0.000026 0.000053 0.000505 0.000146 0.001554 0.003901 0.000025 0.000125 0.000117 0.000194
0.805998 0.000014 0.000018 0.029031 0.000007 0.160631 0.000006 0.000010 0.000020 0.000098 0.000043 0.000005 0.002582 0.000012 0.000042 0.000008 0.000061 0.000026 0.000017 0.000220 0.000162 0.000269 0.000004 0.000022 0.000058 0.000008 0.000024 0.000354 0.000005 0.000108 0.000092 0.000043
0.520847 0.008793 0.002413 0.004673 0.004727 0.010096 0.002748 0.002943 0.013752 0.154633 0.001184 0.002987 0.000559 0.003630 0.003308 0.016153 0.017968 0.001559 0.073706 0.013463 0.002819 0.047544 0.000703 0.027743 0.003182 0.000373 0.000434 0.023921 0.000290 0.011173 0.002099 0.019578
0.545440 0.004565 0.006669 0.013165 0.019243 0.008240 0.004279 0.003378 0.021539 0.105070 0.001349 0.003490 0.000720 0.002759 0.008211 0.012382 0.029172 0.001978 0.022253 0.020025 0.007280 0.061331 0.002022 0.039597 0.003210 0.000600 0.000655 0.015357 0.000532 0.018899 0.002471 0.014118
0.681635 0.000420 0.000170 0.000058 0.004080 0.004010 0.000008 0.000004 0.000731 0.000003 0.308102 0.000005 0.000202 0.000006 0.000000 0.000002 0.000001 0.000016 0.000001 0.000001 0.000001 0.000001 0.000023 0.000003 0.000002 0.000033 0.000445 0.000001 0.000027 0.000000 0.000006 0.000001
0.493939 0.002902 0.000885 0.000497 0.005931 0.000896 0.000739 0.001784 0.021707 0.018051 0.232297 0.001364 0.000412 0.000941 0.004214 0.000643 0.003037 0.000367 0.000685 0.127146 0.004163 0.024594 0.001218 0.005515 0.002134 0.000911 0.016965 0.004174 0.002365 0.006782 0.009560 0.003182
0.613564 0.001635 0.000122 0.000301 0.004010 0.000380 0.000376 0.001140 0.007369 0.009878 0.219058 0.000673 0.000147 0.000202 0.002064 0.000745 0.001956 0.000225 0.000419 0.060816 0.004949 0.010667 0.000865 0.005137 0.000475 0.000517 0.036120 0.001480 0.003166 0.003742 0.005481 0.002322
0.700334 0.001111 0.000149 0.000263 0.008991 0.000245 0.000449 0.001081 0.008720 0.011374 0.160364 0.000720 0.000074 0.000183 0.001783 0.000944 0.002067 0.000250 0.000391 0.034781 0.003393 0.008673 0.001019 0.007345 0.000257 0.000509 0.032126 0.001661 0.002552 0.002488 0.003281 0.002421
0.665237 0.001447 0.000468 0.000550 0.005295 0.000613 0.000670 0.001504 0.010251 0.021848 0.147297 0.001056 0.000208 0.000641 0.003846 0.000984 0.005013 0.000335 0.000610 0.056183 0.004528 0.017672 0.000857 0.011409 0.000843 0.000535 0.018675 0.004277 0.002060 0.005880 0.004763 0.004444
0.461988 0.002612 0.002325 0.002739 0.028303 0.003491 0.001779 0.002758 0.028208 0.022010 0.138655 0.001688 0.001507 0.003944 0.007851 0.000984 0.006947 0.001732 0.001291 0.114785 0.007335 0.053279 0.001795 0.009389 0.004796 0.002753 0.027463 0.007965 0.004949 0.012220 0.026716 0.005742
0.433980 0.003181 0.002296 0.002719 0.023993 0.003562 0.002044 0.003154 0.031677 0.027298 0.126860 0.001964 0.001624 0.004441 0.008742 0.001201 0.007414 0.002149 0.001563 0.123735 0.008177 0.071032 0.002065 0.008576 0.005039 0.003256 0.025864 0.009522 0.005238 0.014146 0.026776 0.006710
0.819497 0.000443 0.000132 0.000073 0.000452 0.000168 0.000062 0.000279 0.005769 0.003035 0.125277 0.000216 0.000073 0.000065 0.000441 0.000079 0.000427 0.000021 0.000041 0.031471 0.000615 0.003586 0.000163 0.001003 0.000178 0.000057 0.003783 0.000459 0.000232 0.000618 0.000830 0.000453
0.813569 0.001288 0.000617 0.004718 0.008436 0.003914 0.000325 0.000389 0.003011 0.001119 0.115147 0.000200 0.000142 0.000140 0.001099 0.000167 0.000704 0.000434 0.000123 0.021448 0.001374 0.005476 0.000354 0.001616 0.000225 0.000715 0.002995 0.001033 0.000997 0.001453 0.006360 0.000413
0.468735 0.002493 0.002757 0.002592 0.026209 0.002858 0.001881 0.002945 0.027239 0.024655 0.115104 0.001943 0.001277 0.003987 0.010190 0.001159 0.008292 0.001743 0.001283 0.121538 0.008098 0.056748 0.001808 0.009113 0.004146 0.002985 0.026909 0.008672 0.005134 0.014303 0.027290 0.005914
0.590237 0.003504 0.000716 0.000889 0.006112 0.000967 0.001013 0.001722 0.024669 0.022352 0.108902 0.001484 0.000621 0.001484 0.003316 0.000586 0.002999 0.000709 0.000681 0.127290 0.004060 0.047723 0.001218 0.003793 0.002742 0.001293 0.009836 0.005042 0.001843 0.006975 0.011777 0.003443
0.548878 0.001612 0.001254 0.000742 0.004037 0.000777 0.001075 0.002064 0.011552 0.020149 0.100877 0.001665 0.000345 0.001197 0.009182 0.000920 0.005956 0.000501 0.000723 0.183674 0.008339 0.029659 0.000975 0.004292 0.002136 0.001455 0.017576 0.005224 0.003478 0.011620 0.014319 0.003747
0.527708 0.000218 0.000096 0.007772 0.005668 0.001502 0.000337 0.000837 0.001744 0.013944 0.002360 0.000383 0.000209 0.000115 0.002618 0.000421 0.005806 0.000294 0.000538 0.235563 0.012297 0.139710 0.006879 0.001121 0.000450 0.000249 0.000902 0.005940 0.000338 0.015121 0.005900 0.002957
0.566605 0.001418 0.000576 0.000809 0.003251 0.000977 0.000674 0.001066 0.011366 0.025992 0.052705 0.000888 0.000545 0.001174 0.005668 0.000446 0.002691 0.000489 0.000601 0.206481 0.004447 0.068344 0.000786 0.003507 0.002967 0.001137 0.006521 0.006171 0.001164 0.009928 0.007542 0.003065
0.318319 0.001820 0.000498 0.004149 0.003081 0.004055 0.004341 0.002732 0.006164 0.063904 0.003160 0.005889 0.000370 0.001015 0.006686 0.003492 0.014139 0.003163 0.003459 0.189220 0.017891 0.205440 0.005026 0.010386 0.001079 0.001722 0.001587 0.046450 0.002289 0.033077 0.029036 0.006360
0.751942 0.000461 0.000068 0.000140 0.000100 0.000082 0.000131 0.000378 0.000693 0.007123 0.023566 0.000240 0.000113 0.000136 0.001673 0.000076 0.001165 0.000084 0.000092 0.185068 0.003820 0.011828 0.000222 0.000607 0.000851 0.000155 0.000902 0.001147 0.000491 0.003820 0.002150 0.000675
0.548878 0.001612 0.001254 0.000742 0.004037 0.000777 0.001075 0.002064 0.011552 0.020149 0.100877 0.001665 0.000345 0.001197 0.009182 0.000920 0.005956 0.000501 0.000723 0.183674 0.008339 0.029659 0.000975 0.004292 0.002136 0.001455 0.017576 0.005224 0.003478 0.011620 0.014319 0.003747
0.518216 0.001272 0.000762 0.002754 0.006844 0.002536 0.001080 0.001766 0.015130 0.036152 0.009242 0.001635 0.001212 0.002234 0.007573 0.000944 0.005359 0.001495 0.000816 0.177476 0.006751 0.131164 0.001485 0.005660 0.002616 0.001666 0.005073 0.014570 0.001833 0.016938 0.012130 0.005617
0.718499 0.001040 0.000253 0.000391 0.000444 0.000240 0.000288 0.000706 0.002020 0.014894 0.032109 0.000510 0.000167 0.000316 0.003515 0.000190 0.001718 0.000226 0.000209 0.176559 0.005333 0.021073 0.000473 0.001676 0.001180 0.000379 0.001489 0.002592 0.000771 0.006313 0.003039 0.001386
0.741032 0.000769 0.000166 0.000342 0.000290 0.000166 0.000205 0.000553 0.001310 0.012355 0.028900 0.000378 0.000136 0.000234 0.002925 0.000143 0.001467 0.000160 0.000151 0.171079 0.004619 0.016730 0.000355 0.001471 0.000942 0.000264 0.001124 0.002086 0.000633 0.005553 0.002304 0.001159
0.649446 0.001084 0.000496 0.000511 0.002510 0.000539 0.000518 0.000939 0.009381 0.024750 0.035953 0.000803 0.000289 0.000844 0.004757 0.000324 0.002150 0.000357 0.000314 0.170876 0.003557 0.059324 0.000593 0.002456 0.001731 0.000872 0.004129 0.004740 0.000899 0.006906 0.005712 0.002240
0.509944 0.002192 0.000488 0.000524 0.005986 0.000570 0.001443 0.002111 0.016777 0.054954 0.007508 0.001587 0.000117 0.000806 0.002952 0.001512 0.004197 0.002292 0.000808 0.169078 0.011969 0.120115 0.008940 0.016598 0.001267 0.001015 0.001638 0.021107 0.001510 0.015039 0.010303 0.004653
0.506025 0.000649 0.000177 0.017181 0.003786 0.002843 0.000680 0.001065 0.001430 0.014079 0.003437 0.000663 0.000503 0.000388 0.003020 0.001135 0.010965 0.000979 0.001561 0.163265 0.016031 0.182654 0.013587 0.002135 0.000835 0.000552 0.001322 0.011657 0.000899 0.023417 0.007485 0.005594
0.696049 0.001047 0.000468 0.000404 0.002213 0.000396 0.000423 0.000868 0.008371 0.021920 0.032381 0.000733 0.000225 0.000638 0.003501 0.000271 0.001577 0.000305 0.000214 0.155546 0.002870 0.046158 0.000599 0.002138 0.001187 0.000754 0.003179 0.003654 0.000812 0.004776 0.004458 0.001867
0.781111 0.000057 0.000006 0.000012 0.000021 0.000006 0.000007 0.000065 0.000514 0.000710 0.055918 0.000028 0.000011 0.000011 0.000148 0.000009 0.000325 0.000002 0.000005 0.154031 0.000470 0.003774 0.000026 0.000172 0.000081 0.000010 0.001474 0.000087 0.000024 0.000393 0.000404 0.000090
0.618554 0.000419 0.000089 0.000838 0.002883 0.000319 0.000316 0.000502 0.002734 0.025973 0.002935 0.000453 0.000119 0.000161 0.001285 0.000292 0.002761 0.000198 0.000201 0.152789 0.002889 0.153600 0.001038 0.002682 0.000239 0.000142 0.000668 0.011940 0.000282 0.007436 0.003791 0.001471
0.711836 0.001947 0.000547 0.000521 0.000884 0.000430 0.000558 0.000970 0.004480 0.019629 0.037892 0.000849 0.000183 0.000563 0.004371 0.000287 0.002085 0.000394 0.000376 0.152209 0.006525 0.026850 0.000793 0.001826 0.001915 0.000697 0.001666 0.003807 0.000934 0.007382 0.004972 0.001621
0.502609 0.002728 0.000975 0.000568 0.006017 0.000952 0.000896 0.001996 0.018744 0.025361 0.179674 0.001559 0.000405 0.001059 0.005807 0.000825 0.003893 0.000438 0.000843 0.150763 0.005216 0.029467 0.001556 0.006471 0.002255 0.000976 0.015724 0.005802 0.002722 0.009216 0.010644 0.003840
0.818069 0.000172 0.000022 0.000140 0.000048 0.000042 0.000063 0.000182 0.000293 0.004736 0.011514 0.000118 0.000045 0.000048 0.001035 0.000043 0.000604 0.000032 0.000050 0.145241 0.002353 0.007954 0.000101 0.000557 0.000336 0.000068 0.000567 0.000974 0.000207 0.003126 0.000730 0.000528
0.494650 0.002763 0.003100 0.002742 0.014877 0.003238 0.002088 0.003605 0.017650 0.028833 0.077108 0.002442 0.000981 0.003569 0.017757 0.001771 0.008873 0.001870 0.001411 0.144841 0.009548 0.049272 0.001823 0.008272 0.003478 0.003619 0.024789 0.009907 0.005821 0.017694 0.025210 0.006395
0.408705 0.002860 0.001413 0.003545 0.017543 0.005023 0.001554 0.003676 0.017870 0.040192 0.075266 0.002016 0.001549 0.004568 0.010865 0.001310 0.006997 0.002864 0.002043 0.136480 0.009806 0.139975 0.002278 0.008227 0.004264 0.002717 0.014374 0.009973 0.005703 0.018936 0.029595 0.007812
0.493065 0.003520 0.001487 0.002044 0.016432 0.002563 0.001672 0.002820 0.029579 0.026402 0.095838 0.001876 0.001219 0.003078 0.007478 0.001228 0.005923 0.001740 0.001320 0.135746 0.007143 0.065061 0.001756 0.007370 0.003641 0.002665 0.022882 0.008745 0.004286 0.012353 0.022919 0.006148
0.586259 0.002028 0.000666 0.001411 0.015479 0.001702 0.001207 0.002081 0.020380 0.032858 0.009408 0.001618 0.000472 0.001208 0.003203 0.000861 0.003394 0.001251 0.000602 0.132871 0.004759 0.120587 0.003462 0.007602 0.001227 0.001326 0.003890 0.013233 0.001533 0.008639 0.009897 0.004886
0.444610 0.004067 0.001197 0.002853 0.017432 0.003781 0.001548 0.004137 0.021312 0.035364 0.073275 0.002301 0.001903 0.004173 0.007517 0.001307 0.006977 0.003106 0.001904 0.131443 0.009770 0.116869 0.002414 0.008591 0.004025 0.002315 0.012660 0.010389 0.005207 0.016022 0.034285 0.007247
0.835860 0.000071 0.000081 0.000482 0.000075 0.000097 0.000057 0.000179 0.000475 0.001637 0.008070 0.000190 0.000039 0.000061 0.001750 0.000065 0.001410 0.000027 0.000045 0.130813 0.001747 0.008200 0.000054 0.000411 0.000319 0.000075 0.003698 0.000749 0.000143 0.001458 0.001058 0.000603
0.590237 0.003504 0.000716 0.000889 0.006112 0.000967 0.001013 0.001722 0.024669 0.022352 0.108902 0.001484 0.000621 0.001484 0.003316 0.000586 0.002999 0.000709 0.000681 0.127290 0.004060 0.047723 0.001218 0.003793 0.002742 0.001293 0.009836 0.005042 0.001843 0.006975 0.011777 0.003443
0.836440 0.000176 0.000027 0.000160 0.000049 0.000060 0.000058 0.000178 0.000332 0.003876 0.014633 0.000108 0.000056 0.000052 0.000982 0.000048 0.000629 0.000034 0.000046 0.124464 0.002288 0.008134 0.000083 0.000535 0.000326 0.000070 0.000951 0.000827 0.000262 0.002760 0.000812 0.000543
0.780489 0.000751 0.000325 0.000251 0.001393 0.000208 0.000233 0.000620 0.004890 0.013993 0.025258 0.000505 0.000152 0.000369 0.002351 0.000187 0.001040 0.000189 0.000110 0.122561 0.002109 0.026449 0.000383 0.001800 0.000658 0.000419 0.002332 0.002327 0.000590 0.003091 0.002648 0.001320
0.468735 0.002493 0.002757 0.002592 0.026209 0.002858 0.001881 0.002945 0.027239 0.024655 0.115104 0.001943 0.001277 0.003987 0.010190 0.001159 0.008292 0.001743 0.001283 0.121538 0.008098 0.056748 0.001808 0.009113 0.004146 0.002985 0.026909 0.008672 0.005134 0.014303 0.027290 0.005914
0.633728 0.003482 0.000336 0.002470 0.005103 0.002341 0.001057 0.001671 0.013351 0.029494 0.017879 0.001516 0.001128 0.001751 0.004825 0.000980 0.003863 0.001753 0.001035 0.120675 0.005372 0.089833 0.001558 0.004085 0.002410 0.001381 0.006167 0.009072 0.001775 0.011119 0.014038 0.004751
0.759681 0.001811 0.000603 0.000726 0.001100 0.000402 0.000745 0.000748 0.005918 0.015300 0.025870 0.000962 0.000154 0.000552 0.004043 0.000292 0.002440 0.000323 0.000516 0.118383 0.006851 0.023376 0.000876 0.001285 0.002999 0.000764 0.001829 0.004973 0.000698 0.008466 0.005917 0.001398
0.461988 0.002612 0.002325 0.002739 0.028303 0.003491 0.001779 0.002758 0.028208 0.022010 0.138655 0.001688 0.001507 0.003944 0.007851 0.000984 0.006947 0.001732 0.001291 0.114785 0.007335 0.053279 0.001795 0.009389 0.004796 0.002753 0.027463 0.007965 0.004949 0.012220 0.026716 0.005742
0.456603 0.002182 0.002041 0.003406 0.034255 0.004118 0.001727 0.003811 0.026996 0.032308 0.082711 0.002265 0.001590 0.004253 0.009036 0.001142 0.008062 0.002706 0.001639 0.112112 0.009474 0.089347 0.002111 0.012987 0.003692 0.002342 0.021102 0.010776 0.005083 0.017469 0.025333 0.007322
0.622699 0.002953 0.001538 0.001754 0.011457 0.002937 0.001304 0.002749 0.016204 0.022078 0.073546 0.001680 0.000659 0.001450 0.008365 0.001159 0.004199 0.001463 0.000991 0.107527 0.005227 0.036768 0.001892 0.012087 0.001774 0.001774 0.010912 0.007452 0.003385 0.011663 0.015618 0.004734
0.740597 0.001501 0.000312 0.000370 0.001243 0.000486 0.000346 0.000969 0.006511 0.012355 0.087659 0.000730 0.000326 0.000307 0.002370 0.000296 0.001790 0.000161 0.000481 0.104144 0.003618 0.009473 0.001017 0.004192 0.001188 0.000316 0.004402 0.002886 0.001014 0.004449 0.002848 0.001643
0.423728 0.001627 0.000224 0.005368 0.002418 0.002770 0.001305 0.000741 0.002203 0.031331 0.002444 0.001108 0.000175 0.000560 0.004623 0.001357 0.006108 0.001509 0.001358 0.146825 0.011098 0.262432 0.001682 0.003778 0.000662 0.000551 0.001153 0.032321 0.001094 0.024477 0.019941 0.003031
0.506025 0.000649 0.000177 0.017181 0.003786 0.002843 0.000680 0.001065 0.001430 0.014079 0.003437 0.000663 0.000503 0.000388 0.003020 0.001135 0.010965 0.000979 0.001561 0.163265 0.016031 0.182654 0.013587 0.002135 0.000835 0.000552 0.001322 0.011657 0.000899 0.023417 0.007485 0.005594
0.508018 0.003169 0.000789 0.005952 0.002744 0.007180 0.003655 0.002786 0.013573 0.075617 0.006388 0.004610 0.000407 0.001133 0.003438 0.003190 0.008523 0.001903 0.005562 0.087550 0.007295 0.178775 0.003770 0.008877 0.001146 0.000774 0.000982 0.017029 0.001193 0.014017 0.013977 0.005978
0.679806 0.001021 0.000784 0.001946 0.003790 0.001201 0.000614 0.000554 0.005280 0.013833 0.003990 0.000635 0.000103 0.000702 0.002512 0.000267 0.002759 0.000396 0.000345 0.073160 0.002920 0.169186 0.000360 0.001047 0.000953 0.000523 0.000860 0.008205 0.000544 0.005435 0.015009 0.001261
0.608281 0.002739 0.000229 0.002030 0.000740 0.000552 0.004021 0.001185 0.031759 0.026174 0.002838 0.002133 0.000115 0.000576 0.001392 0.002839 0.002269 0.005310 0.001894 0.087234 0.004999 0.162912 0.001436 0.005626 0.000545 0.000651 0.000432 0.019619 0.000226 0.007317 0.007632 0.004294
0.618554 0.000419 0.000089 0.000838 0.002883 0.000319 0.000316 0.000502 0.002734 0.025973 0.002935 0.000453 0.000119 0.000161 0.001285 0.000292 0.002761 0.000198 0.000201 0.152789 0.002889 0.153600 0.001038 0.002682 0.000239 0.000142 0.000668 0.011940 0.000282 0.007436 0.003791 0.001471
0.408705 0.002860 0.001413 0.003545 0.017543 0.005023 0.001554 0.003676 0.017870 0.040192 0.075266 0.002016 0.001549 0.004568 0.010865 0.001310 0.006997 0.002864 0.002043 0.136480 0.009806 0.139975 0.002278 0.008227 0.004264 0.002717 0.014374 0.009973 0.005703 0.018936 0.029595 0.007812
0.527708 0.000218 0.000096 0.007772 0.005668 0.001502 0.000337 0.000837 0.001744 0.013944 0.002360 0.000383 0.000209 0.000115 0.002618 0.000421 0.005806 0.000294 0.000538 0.235563 0.012297 0.139710 0.006879 0.001121 0.000450 0.000249 0.000902 0.005940 0.000338 0.015121 0.005900 0.002957
0.465175 0.004003 0.000505 0.000711 0.008430 0.000827 0.002080 0.002701 0.038740 0.048673 0.010183 0.001858 0.000190 0.001191 0.002619 0.001705 0.003726 0.004253 0.001021 0.164518 0.009142 0.137892 0.010933 0.016216 0.001411 0.001763 0.001934 0.024554 0.001836 0.012002 0.013922 0.005283
0.518216 0.001272 0.000762 0.002754 0.006844 0.002536 0.001080 0.001766 0.015130 0.036152 0.009242 0.001635 0.001212 0.002234 0.007573 0.000944 0.005359 0.001495 0.000816 0.177476 0.006751 0.131164 0.001485 0.005660 0.002616 0.001666 0.005073 0.014570 0.001833 0.016938 0.012130 0.005617
0.586259 0.002028 0.000666 0.001411 0.015479 0.001702 0.001207 0.002081 0.020380 0.032858 0.009408 0.001618 0.000472 0.001208 0.003203 0.000861 0.003394 0.001251 0.000602 0.132871 0.004759 0.120587 0.003462 0.007602 0.001227 0.001326 0.003890 0.013233 0.001533 0.008639 0.009897 0.004886
0.511079 0.000826 0.000252 0.032488 0.002266 0.010551 0.001357 0.002542 0.001217 0.033369 0.001649 0.001068 0.000280 0.000559 0.001998 0.010068 0.029504 0.003153 0.024113 0.078911 0.009018 0.117060 0.005323 0.011611 0.001075 0.000799 0.001541 0.044281 0.000512 0.028517 0.002997 0.030017
0.444610 0.004067 0.001197 0.002853 0.017432 0.003781 0.001548 0.004137 0.021312 0.035364 0.073275 0.002301 0.001903 0.004173 0.007517 0.001307 0.006977 0.003106 0.001904 0.131443 0.009770 0.116869 0.002414 0.008591 0.004025 0.002315 0.012660 0.010389 0.005207 0.016022 0.034285 0.007247
0.727720 0.000393 0.000611 0.000539 0.001232 0.000680 0.000342 0.000702 0.005940 0.020635 0.004243 0.000726 0.000125 0.000337 0.002023 0.000625 0.003362 0.000465 0.000425 0.079523 0.005196 0.108059 0.000478 0.005940 0.000674 0.000272 0.003180 0.009796 0.000445 0.007965 0.004635 0.002714
0.821998 0.000096 0.000158 0.000488 0.001512 0.000074 0.000085 0.000111 0.000377 0.014930 0.000448 0.000299 0.000016 0.000141 0.001067 0.000238 0.008643 0.000031 0.000032 0.002162 0.000378 0.003970 0.000046 0.124621 0.000078 0.000011 0.000030 0.004225 0.000017 0.012800 0.000336 0.000581
0.234684 0.016600 0.003033 0.014501 0.016431 0.013343 0.026548 0.007770 0.012260 0.033304 0.018882 0.004999 0.001470 0.008248 0.011743 0.011623 0.008166 0.035407 0.014053 0.098015 0.028280 0.087632 0.006391 0.007540 0.005274 0.020116 0.013303 0.023072 0.012384 0.027992 0.166364 0.010571
