chair 157 265 500 523 0.987334 0.009986
chair 0 391 292 529 0.36408 0.617798
chair 308 326 415 503 0.236684 0.758837
chair 326 206 512 422 0.141133 0.763549
chair 305 347 314 353 0.118918 0.877065
chair 324 336 345 351 0.113928 0.880082
table 471 89 583 161 0.432345 0.237617
table 507 177 719 520 0.431216 0.506350
table 479 77 631 281 0.344063 0.437214
picture 716 105 729 123 0.674709 0.181272
picture 699 1 729 17 0.20384 0.355945
picture 530 2 537 38 0.15366 0.236068
picture 509 3 529 46 0.136691 0.328279
picture 657 4 663 49 0.135316 0.595891
picture 659 2 663 18 0.118671 0.504416
counter 6 238 284 395 0.124197 0.544687
desk 475 86 626 291 0.171663 0.413291
desk 467 88 579 158 0.112261 0.237617
paper 569 488 571 494 0.226175 0.389075
paper 493 482 579 529 0.192453 0.228079
paper 530 1 536 39 0.187528 0.236068
paper 513 34 522 47 0.172694 0.525655
paper 532 1 578 46 0.149693 0.398984
paper 120 273 136 282 0.143891 0.618068
paper 509 1 529 48 0.141022 0.328279
paper 611 23 617 28 0.134378 0.633135
paper 523 39 527 47 0.125851 0.591965
paper 520 473 530 487 0.121337 0.684663
paper 499 515 518 529 0.116816 0.186228
paper 694 187 729 197 0.113591 0.523004
paper 41 310 49 317 0.112087 0.689302
paper 530 477 535 481 0.111066 0.591698
paper 200 242 207 247 0.109834 0.721070
paper 263 217 269 223 0.107767 0.718432
paper 525 30 614 47 0.107649 0.454392
paper 15 365 17 374 0.100915 0.773218
paper 48 348 54 359 0.100691 0.822789
paper 56 346 58 355 0.100258 0.815344
box 475 77 483 81 0.372698 0.604055
box 570 488 572 494 0.216902 0.389075
box 530 3 537 39 0.199637 0.236068
box 531 2 579 46 0.195356 0.398984
box 473 80 474 81 0.191992 0.758412
box 508 4 530 47 0.186314 0.328279
box 467 99 474 124 0.177055 0.613704
box 532 30 614 47 0.147293 0.433645
box 493 477 580 528 0.142952 0.228079
box 499 514 518 529 0.125364 0.186228
box 515 209 644 253 0.124693 0.677396
box 558 33 578 39 0.104968 0.616109
box 513 34 522 47 0.104454 0.525655
box 551 44 573 50 0.103955 0.656954
box 611 23 617 28 0.101164 0.633135
bathtub 368 159 444 204 0.158308 0.526624
bathtub 163 187 401 302 0.129428 0.470025
bathtub 382 175 414 197 0.119481 0.514203
garbage_bin 638 120 684 180 0.340629 0.508335
garbage_bin 656 163 659 178 0.205992 0.702071
garbage_bin 577 48 631 240 0.204491 0.671399
garbage_bin 654 141 660 156 0.154127 0.710871
garbage_bin 618 99 652 222 0.137732 0.771485
