cabinet 29 175 245 402 0.234734 0.253442
cabinet 269 9 522 295 0.118357 0.815443
chair 152 489 207 529 0.323015 0.621956
chair 146 525 154 529 0.180471 0.315428
chair 45 194 301 492 0.171735 0.401128
chair 139 432 235 527 0.129207 0.836633
table 89 305 647 516 0.8448 0.102334
table 0 303 263 529 0.805352 0.048321
table 146 525 154 529 0.148681 0.315428
table 79 272 295 414 0.135093 0.790344
picture 87 5 114 42 0.169264 0.183659
picture 554 174 568 196 0.115534 0.735093
desk 146 296 691 518 0.293679 0.359808
desk 0 331 276 521 0.128213 0.208584
fridge 7 168 166 399 0.732131 0.075158
fridge 40 146 289 525 0.183001 0.486300
fridge 344 0 543 361 0.177517 0.691840
paper 430 59 483 157 0.742441 0.188031
paper 419 61 429 130 0.294445 0.544565
paper 116 100 237 124 0.225017 0.703744
paper 480 64 495 126 0.206012 0.557442
paper 113 118 198 136 0.175168 0.765859
paper 650 518 654 522 0.166152 0.365103
paper 87 1 103 4 0.155253 0.735969
paper 86 4 114 42 0.147445 0.183659
paper 387 70 397 79 0.141053 0.489529
paper 364 76 366 79 0.13424 0.523565
paper 364 65 373 69 0.118934 0.672159
paper 353 65 362 82 0.114769 0.603207
paper 439 36 473 55 0.112951 0.721878
paper 295 427 302 432 0.111374 0.667226
paper 369 74 374 77 0.104203 0.651873
box 207 263 319 398 0.791495 0.171135
box 270 272 275 279 0.496428 0.489923
box 252 209 287 260 0.419568 0.509340
box 222 281 224 284 0.404026 0.583548
box 244 262 248 265 0.375228 0.584619
box 207 263 295 299 0.322963 0.665434
box 227 282 232 291 0.310393 0.665914
box 570 505 653 529 0.298011 0.378985
box 86 5 115 42 0.283826 0.183659
box 420 38 482 252 0.274343 0.595616
box 233 282 235 285 0.272712 0.721360
box 274 263 288 275 0.263503 0.651789
box 187 184 291 290 0.263057 0.715640
box 89 16 96 39 0.262607 0.342712
box 256 264 290 289 0.247498 0.708713
box 211 282 228 290 0.247195 0.727897
box 232 202 271 248 0.202484 0.700943
box 214 279 220 284 0.201746 0.785538
box 239 258 250 265 0.198557 0.770231
box 224 513 229 529 0.192059 0.213820
box 386 70 397 79 0.152913 0.489529
box 256 282 260 288 0.148355 0.845572
box 361 54 402 79 0.132117 0.663417
box 437 35 471 57 0.13089 0.721878
box 363 75 367 79 0.127502 0.523565
box 419 58 430 132 0.114751 0.544565
box 231 499 241 511 0.111726 0.560354
box 247 226 264 235 0.108815 0.796282
box 448 2 453 18 0.106084 0.334395
box 271 429 299 456 0.102095 0.699560
whiteboard 543 86 726 282 0.170572 0.611577
toilet 19 186 245 516 0.224008 0.188062
lamp 448 0 453 19 0.151761 0.334395
garbage_bin 204 113 246 123 0.162843 0.648121
garbage_bin 279 127 365 372 0.134472 0.694683
garbage_bin 46 193 186 300 0.10269 0.387273
