chair 596 75 717 320 0.986096 0.011418
chair 421 114 586 468 0.980563 0.018291
chair 157 167 357 477 0.961264 0.036524
chair 606 120 721 199 0.794369 0.186998
chair 108 119 238 444 0.756381 0.236757
chair 196 143 250 517 0.699125 0.295521
chair 242 126 380 349 0.623199 0.369255
chair 123 149 233 241 0.620629 0.369366
chair 483 92 584 235 0.573951 0.407598
chair 692 160 729 377 0.442955 0.519595
chair 432 96 540 144 0.345565 0.509277
chair 7 142 95 416 0.3123 0.517868
chair 414 103 491 369 0.299525 0.661310
chair 186 117 219 207 0.223299 0.749863
chair 376 314 460 418 0.210262 0.570243
chair 19 311 148 375 0.207035 0.785665
chair 235 125 239 136 0.18504 0.778362
chair 214 125 237 137 0.128171 0.861929
chair 464 112 486 119 0.123575 0.872170
chair 595 62 634 308 0.122691 0.875333
chair 201 127 240 246 0.116315 0.869535
chair 219 114 293 156 0.111078 0.867949
chair 488 137 545 353 0.101877 0.892522
chair 422 111 486 130 0.100287 0.862160
table 297 115 506 202 0.553501 0.403183
table 309 109 442 358 0.336605 0.595091
table 355 303 461 416 0.286653 0.496289
table 13 129 141 414 0.185589 0.558238
table 410 97 541 141 0.137782 0.509277
table 289 113 477 139 0.125274 0.856965
table 437 226 656 359 0.107807 0.849321
picture 160 1 243 41 0.480136 0.465061
picture 189 32 239 50 0.449757 0.510307
picture 169 1 244 6 0.281592 0.654663
picture 205 2 278 109 0.140231 0.828168
counter 214 109 512 254 0.144775 0.751689
paper 398 488 528 529 0.313085 0.488926
paper 436 482 439 484 0.285053 0.569826
paper 512 487 654 529 0.279372 0.400260
paper 74 512 127 529 0.26725 0.438638
paper 128 498 181 529 0.265091 0.456508
paper 285 478 349 529 0.256625 0.550571
paper 637 495 718 529 0.254582 0.205280
paper 598 512 655 529 0.19205 0.365824
paper 515 512 518 514 0.190149 0.707697
paper 381 456 439 506 0.17432 0.739993
paper 401 417 482 485 0.112974 0.742195
box 637 493 719 528 0.171278 0.205280
box 512 484 597 528 0.109937 0.314049
person 246 56 284 108 0.391212 0.537317
person 227 75 263 110 0.236831 0.695608
person 264 57 279 81 0.139673 0.796025
person 75 77 82 98 0.133238 0.813163
person 62 74 90 114 0.103774 0.868554
person 75 77 78 85 0.103182 0.799288
