cabinet 110 174 229 271 0.2933 0.373054
cabinet 143 9 498 392 0.290654 0.599803
cabinet 248 146 379 250 0.227038 0.463177
cabinet 426 125 506 247 0.122329 0.704700
cabinet 10 199 95 311 0.121662 0.488420
chair 31 253 234 522 0.389228 0.594806
chair 162 290 517 529 0.329909 0.585985
chair 84 246 208 322 0.170447 0.691011
chair 131 246 200 285 0.103667 0.858164
sofa 177 229 451 518 0.331527 0.217712
sofa 337 177 668 494 0.143138 0.795724
sofa 478 360 720 523 0.124931 0.716097
bookshelf 110 137 219 278 0.194888 0.676553
bookshelf 36 102 232 396 0.188521 0.706440
bookshelf 17 70 107 331 0.103036 0.783869
picture 579 2 642 91 0.572521 0.397861
picture 611 1 622 84 0.254801 0.706290
picture 298 42 345 117 0.236151 0.481394
picture 591 39 618 79 0.218025 0.749905
picture 478 0 561 80 0.214353 0.586920
picture 586 44 602 49 0.212796 0.614126
picture 319 105 342 115 0.179766 0.741502
picture 618 37 640 81 0.170454 0.731836
picture 341 109 345 111 0.16664 0.752145
picture 264 53 317 147 0.120928 0.581418
picture 7 97 62 213 0.111861 0.437181
counter 198 180 618 379 0.933822 0.037156
counter 228 154 400 333 0.851431 0.051920
counter 356 259 504 350 0.587954 0.317300
counter 351 291 412 336 0.447015 0.440456
counter 24 205 461 507 0.302069 0.593381
counter 311 211 446 321 0.27151 0.680717
counter 397 283 450 338 0.271187 0.509424
counter 227 276 325 328 0.250535 0.667988
counter 279 246 456 426 0.249638 0.596694
counter 364 302 407 315 0.222608 0.688094
counter 169 201 278 340 0.187757 0.630419
counter 382 225 431 342 0.153962 0.691069
counter 376 285 401 305 0.146316 0.752402
counter 428 297 479 333 0.135443 0.740504
counter 162 209 232 264 0.114894 0.470598
counter 241 150 354 169 0.112218 0.800679
counter 426 288 538 345 0.110032 0.688807
pillow 488 186 620 274 0.246651 0.355865
pillow 296 188 388 288 0.220691 0.536468
pillow 234 296 361 386 0.147455 0.697588
pillow 562 189 593 253 0.144749 0.726908
pillow 1 433 94 482 0.109933 0.451428
paper 268 119 274 126 0.298185 0.560116
paper 462 480 514 529 0.297985 0.202734
paper 508 506 509 514 0.26873 0.319294
paper 440 59 447 86 0.25305 0.487684
paper 23 286 60 302 0.248206 0.277065
paper 2 27 60 216 0.239639 0.459805
paper 262 75 273 114 0.227977 0.570356
paper 443 72 450 85 0.224913 0.585304
paper 524 500 529 502 0.22341 0.494035
paper 245 74 277 142 0.206562 0.621957
paper 466 457 722 529 0.204333 0.357771
paper 1 75 14 83 0.203902 0.363738
paper 1 74 26 101 0.198209 0.286401
paper 243 127 255 133 0.198101 0.748568
paper 527 499 534 502 0.188179 0.530780
paper 411 58 440 89 0.180863 0.587005
paper 298 38 344 116 0.174568 0.481394
paper 437 17 450 78 0.1598 0.584724
paper 2 299 39 313 0.158357 0.455213
paper 715 447 729 463 0.158056 0.176780
paper 727 485 729 486 0.156365 0.164596
paper 404 6 447 93 0.155979 0.553498
paper 265 49 315 146 0.153476 0.581418
paper 630 78 641 86 0.148868 0.409099
paper 56 198 60 202 0.147879 0.711986
paper 384 493 406 529 0.143854 0.327600
paper 4 266 61 314 0.14275 0.430062
paper 322 59 327 63 0.14261 0.707377
paper 295 54 309 108 0.140833 0.691594
paper 91 493 169 529 0.134716 0.436956
paper 358 468 434 529 0.12813 0.461178
paper 459 78 464 84 0.127678 0.714442
paper 358 507 390 529 0.121986 0.316002
paper 451 88 452 95 0.115388 0.794596
paper 586 43 602 49 0.107948 0.614126
paper 405 33 410 39 0.107215 0.803618
paper 318 54 336 75 0.105809 0.765550
paper 309 110 312 120 0.10505 0.730105
paper 608 496 729 529 0.104214 0.431184
paper 0 29 21 82 0.10412 0.265143
paper 413 261 445 291 0.10244 0.510090
paper 1 433 92 483 0.102425 0.451428
paper 437 0 487 81 0.101166 0.587754
towel 0 30 22 82 0.285936 0.265143
box 94 308 106 319 0.693852 0.294324
box 48 324 127 336 0.679569 0.288422
box 300 200 303 208 0.673519 0.238265
box 95 291 99 294 0.604298 0.361259
box 43 251 111 325 0.560229 0.378856
box 98 293 111 306 0.46555 0.483900
box 608 301 621 339 0.422593 0.541791
box 605 267 631 320 0.369274 0.567593
box 2 285 64 311 0.368552 0.358508
box 98 275 141 306 0.298762 0.650991
box 587 249 614 349 0.296481 0.617968
box 8 292 106 345 0.268474 0.629861
box 98 278 102 280 0.242783 0.646037
box 508 505 510 514 0.205546 0.319294
box 7 191 88 276 0.177753 0.549387
box 381 508 383 510 0.170391 0.536473
box 42 254 225 400 0.17007 0.760826
box 592 303 600 324 0.165904 0.669775
box 542 232 634 323 0.163622 0.678561
box 461 476 516 528 0.162588 0.202734
box 395 254 436 308 0.161648 0.473697
box 7 193 20 212 0.151427 0.558022
box 74 251 89 259 0.145005 0.766598
box 523 500 529 502 0.143984 0.494035
box 526 499 534 502 0.143156 0.530780
box 97 245 186 306 0.14075 0.691812
box 383 492 408 529 0.140269 0.327600
box 432 150 463 247 0.136391 0.655863
box 61 296 75 306 0.131064 0.802751
box 174 209 232 249 0.12935 0.485259
box 357 507 392 529 0.126483 0.316002
box 727 484 729 485 0.110154 0.164596
box 541 495 547 498 0.10373 0.690490
box 439 60 448 86 0.101964 0.487684
toilet 631 40 729 476 0.166924 0.567170
garbage_bin 604 268 624 295 0.238036 0.696950
garbage_bin 634 100 723 481 0.183688 0.567170
garbage_bin 669 395 729 467 0.155773 0.756136
garbage_bin 581 189 620 243 0.134578 0.764780
garbage_bin 205 232 270 351 0.128113 0.689138
garbage_bin 238 224 308 320 0.11757 0.524655
garbage_bin 600 240 631 320 0.107005 0.765159
