chair 146 206 367 493 0.995392 0.004482
chair 20 216 196 521 0.975991 0.023293
chair 2 215 68 340 0.808353 0.189312
chair 140 200 205 496 0.784659 0.209848
chair 291 133 389 340 0.700452 0.289143
chair 4 159 35 225 0.47659 0.519607
chair 116 140 197 234 0.388044 0.609474
chair 281 170 294 207 0.382141 0.606828
chair 27 152 183 314 0.354947 0.644950
chair 206 140 289 225 0.351426 0.646490
chair 192 147 323 367 0.330124 0.669137
chair 31 153 100 235 0.288769 0.709781
chair 194 207 279 221 0.255964 0.735000
chair 4 217 46 230 0.255636 0.723588
chair 126 148 184 157 0.240635 0.703682
chair 218 141 276 150 0.23621 0.750414
chair 194 215 202 310 0.228612 0.770007
chair 63 226 68 293 0.211548 0.787916
chair 283 141 306 219 0.210787 0.782242
chair 71 209 171 229 0.209902 0.788035
chair 175 211 194 300 0.20496 0.794033
chair 76 158 113 225 0.203658 0.792956
chair 50 227 66 303 0.197283 0.802574
chair 106 159 115 213 0.192556 0.805594
chair 141 210 173 225 0.179904 0.816884
chair 27 159 35 213 0.174155 0.824933
chair 190 145 200 204 0.171958 0.824564
chair 1 217 23 225 0.161622 0.706266
chair 67 155 91 160 0.161065 0.823311
chair 282 139 293 188 0.157362 0.837349
chair 197 153 201 186 0.154423 0.842888
chair 0 418 108 528 0.137576 0.820968
chair 324 71 361 140 0.132699 0.618963
chair 195 152 199 167 0.132362 0.863515
chair 191 207 215 223 0.131877 0.866308
chair 325 245 334 292 0.130175 0.813932
chair 165 198 212 341 0.124249 0.875113
chair 82 155 92 158 0.121866 0.866861
chair 325 209 389 294 0.120109 0.856997
chair 279 204 309 213 0.11846 0.821529
chair 112 171 113 177 0.114515 0.884425
chair 192 216 205 225 0.113889 0.874823
chair 1 162 20 165 0.10675 0.815870
chair 105 156 108 166 0.103112 0.892550
chair 330 32 408 286 0.100628 0.856345
picture 342 2 383 34 0.104572 0.818225
box 691 162 706 205 0.162949 0.641264
whiteboard 362 6 658 257 0.505376 0.455019
whiteboard 545 2 694 95 0.319949 0.607775
whiteboard 32 3 362 152 0.315828 0.678908
whiteboard 395 2 532 91 0.281315 0.588307
garbage_bin 702 91 729 211 0.960481 0.016508
garbage_bin 712 109 724 113 0.959068 0.040382
garbage_bin 700 105 710 117 0.943116 0.055611
garbage_bin 712 112 721 120 0.93282 0.065289
garbage_bin 712 103 729 116 0.820486 0.165495
garbage_bin 712 93 729 102 0.379432 0.479234
garbage_bin 696 119 708 161 0.335213 0.529688
garbage_bin 721 97 729 102 0.196728 0.587427
