0.549710 0.002129 0.203793 0.003147 0.081048 0.024097 0.000648 0.000458 0.000788 0.003001 0.030780 0.000308 0.001625 0.001822 0.012374 0.000204 0.003443 0.000617 0.000295 0.017091 0.005014 0.006651 0.000492 0.001409 0.001442 0.004841 0.005787 0.002753 0.016025 0.004786 0.012786 0.000635
0.503939 0.002009 0.087268 0.008559 0.151608 0.015637 0.000681 0.000503 0.000651 0.004360 0.033001 0.000353 0.001463 0.001562 0.020861 0.000233 0.005325 0.001115 0.000386 0.028368 0.010372 0.017940 0.000620 0.001961 0.001781 0.009442 0.009536 0.004767 0.023793 0.012023 0.039026 0.000857
0.401096 0.000984 0.000313 0.000399 0.001623 0.000107 0.005893 0.002087 0.001290 0.189483 0.000558 0.021495 0.000017 0.000387 0.015873 0.003414 0.015564 0.000519 0.002888 0.183771 0.011697 0.041706 0.000909 0.014647 0.001376 0.000528 0.000173 0.015713 0.000224 0.058458 0.002490 0.004319
0.383639 0.000744 0.000814 0.002561 0.002903 0.000429 0.001290 0.001369 0.006667 0.185426 0.000816 0.004759 0.000110 0.000345 0.004997 0.002111 0.005972 0.000723 0.002075 0.230305 0.007436 0.090585 0.026356 0.006284 0.000546 0.000342 0.000435 0.013744 0.000425 0.010508 0.001068 0.004217
0.360987 0.001730 0.000600 0.002813 0.003522 0.000482 0.019361 0.003291 0.001596 0.162076 0.000471 0.128341 0.000047 0.000950 0.019743 0.004751 0.048965 0.000615 0.002765 0.079475 0.014767 0.035057 0.001505 0.017282 0.001815 0.000842 0.000345 0.018486 0.000458 0.052344 0.010582 0.003935
0.642820 0.001212 0.000083 0.000319 0.000592 0.000060 0.006296 0.002033 0.003206 0.129377 0.000442 0.022077 0.000009 0.000113 0.000840 0.028063 0.004225 0.001234 0.002345 0.056115 0.005401 0.023730 0.046356 0.002920 0.000144 0.000429 0.000443 0.012109 0.000236 0.003733 0.000439 0.002600
0.675708 0.002858 0.000686 0.003864 0.004210 0.001757 0.006728 0.002416 0.005052 0.119374 0.000639 0.019005 0.000079 0.001096 0.008873 0.005101 0.021372 0.000575 0.001872 0.038949 0.004433 0.022591 0.001156 0.010472 0.001270 0.000483 0.000379 0.013072 0.000412 0.017562 0.004096 0.003858
0.583097 0.006301 0.000620 0.000017 0.003299 0.000963 0.000031 0.000016 0.004521 0.000047 0.392890 0.000011 0.005540 0.000179 0.000004 0.000011 0.000008 0.000059 0.000010 0.000019 0.000012 0.000028 0.000049 0.000013 0.000027 0.000076 0.001579 0.000009 0.000509 0.000003 0.000042 0.000010
0.201869 0.002709 0.001192 0.000313 0.000882 0.000101 0.015478 0.003796 0.000221 0.005239 0.001235 0.728469 0.000006 0.000176 0.002044 0.001198 0.006533 0.000620 0.001419 0.004306 0.003064 0.003239 0.001547 0.002529 0.000443 0.000779 0.001238 0.002137 0.000356 0.004462 0.001758 0.000645
0.546157 0.001046 0.000228 0.000878 0.000594 0.000351 0.011269 0.002728 0.000670 0.049405 0.000896 0.157855 0.000041 0.000434 0.003815 0.035499 0.024124 0.001107 0.001767 0.024843 0.027571 0.010688 0.005126 0.011158 0.000407 0.001058 0.003158 0.050391 0.000704 0.020922 0.002942 0.002170
0.400136 0.001974 0.000554 0.002569 0.002760 0.000429 0.019828 0.002997 0.001406 0.137743 0.000425 0.145209 0.000043 0.000856 0.016855 0.004210 0.042610 0.000597 0.002381 0.074862 0.013339 0.028813 0.001256 0.015063 0.001790 0.000875 0.000313 0.017567 0.000404 0.049273 0.009576 0.003289
0.834880 0.002545 0.000528 0.000126 0.000734 0.000160 0.003124 0.001365 0.002886 0.004849 0.003545 0.129256 0.000011 0.000049 0.000139 0.002515 0.000838 0.000173 0.000513 0.001764 0.000322 0.000726 0.005463 0.001092 0.000056 0.000167 0.000680 0.000681 0.000194 0.000207 0.000169 0.000246
0.207835 0.000000 0.000000 0.000003 0.000000 0.000001 0.000002 0.000001 0.000003 0.006640 0.000001 0.000001 0.000000 0.000001 0.000547 0.000001 0.000079 0.000005 0.000001 0.745815 0.000488 0.036940 0.000003 0.000008 0.000013 0.000001 0.000001 0.000044 0.000001 0.001504 0.000027 0.000035
0.228348 0.000015 0.000014 0.000025 0.000007 0.000037 0.000103 0.000035 0.000213 0.005864 0.000070 0.000024 0.000049 0.000121 0.001428 0.000083 0.001049 0.000250 0.000305 0.710997 0.003290 0.037551 0.000051 0.000060 0.001142 0.000100 0.000197 0.000434 0.000037 0.006293 0.001025 0.000781
0.257834 0.000000 0.000001 0.000006 0.000001 0.000000 0.000001 0.000001 0.000003 0.005257 0.000001 0.000001 0.000000 0.000001 0.000695 0.000000 0.000102 0.000003 0.000001 0.702036 0.000490 0.032202 0.000009 0.000020 0.000007 0.000000 0.000000 0.000037 0.000001 0.001223 0.000018 0.000046
0.406891 0.000000 0.000000 0.000003 0.000000 0.000000 0.000001 0.000001 0.000004 0.024141 0.000001 0.000001 0.000000 0.000000 0.000103 0.000001 0.000061 0.000006 0.000001 0.523206 0.000184 0.044948 0.000004 0.000011 0.000002 0.000000 0.000000 0.000019 0.000000 0.000371 0.000004 0.000034
0.481713 0.000000 0.000000 0.000001 0.000000 0.000000 0.000003 0.000000 0.000015 0.004621 0.000001 0.000000 0.000000 0.000006 0.000141 0.000001 0.000020 0.000010 0.000001 0.499382 0.000047 0.013761 0.000000 0.000001 0.000044 0.000001 0.000000 0.000011 0.000000 0.000195 0.000009 0.000014
0.260503 0.000163 0.000414 0.006449 0.001420 0.000555 0.000267 0.000338 0.000285 0.007962 0.001646 0.000970 0.000356 0.000304 0.031145 0.000154 0.005991 0.000444 0.000771 0.430747 0.026093 0.179633 0.001911 0.005876 0.001932 0.000225 0.000348 0.003755 0.000320 0.020168 0.005426 0.003427
0.467103 0.000148 0.000078 0.002159 0.000189 0.000464 0.000886 0.000477 0.001297 0.048216 0.000287 0.000386 0.000226 0.000625 0.009338 0.001029 0.001662 0.000702 0.005712 0.392329 0.003898 0.026717 0.000670 0.002226 0.003112 0.000505 0.000548 0.003193 0.000199 0.016940 0.001863 0.006815
0.263606 0.000200 0.000380 0.000492 0.000615 0.000434 0.000967 0.000931 0.004110 0.037606 0.001793 0.000430 0.000726 0.000936 0.006057 0.001156 0.004697 0.005016 0.001978 0.391833 0.016682 0.208698 0.000736 0.001990 0.002280 0.001215 0.004327 0.006611 0.001093 0.020910 0.005019 0.006480
0.475279 0.000356 0.000232 0.008874 0.000772 0.001703 0.000143 0.000254 0.000616 0.037468 0.000272 0.000244 0.001186 0.000327 0.012376 0.000140 0.001941 0.000681 0.002286 0.286073 0.003734 0.109468 0.000381 0.002921 0.002377 0.000100 0.000122 0.003323 0.000249 0.041977 0.001518 0.002608
0.469602 0.001314 0.000039 0.000253 0.000221 0.000145 0.006366 0.001279 0.002187 0.091863 0.001416 0.001797 0.000075 0.000196 0.000438 0.021535 0.002279 0.009231 0.002417 0.260630 0.013822 0.058078 0.022760 0.000761 0.000356 0.001736 0.001860 0.011732 0.000915 0.005968 0.002773 0.005955
0.539803 0.000706 0.000060 0.001605 0.000436 0.001085 0.001889 0.001348 0.002728 0.023344 0.006570 0.000517 0.000097 0.000250 0.002663 0.005854 0.001943 0.002866 0.001338 0.237082 0.016709 0.090889 0.003831 0.001536 0.000961 0.000637 0.002515 0.013948 0.000853 0.015297 0.012998 0.007642
0.383639 0.000744 0.000814 0.002561 0.002903 0.000429 0.001290 0.001369 0.006667 0.185426 0.000816 0.004759 0.000110 0.000345 0.004997 0.002111 0.005972 0.000723 0.002075 0.230305 0.007436 0.090585 0.026356 0.006284 0.000546 0.000342 0.000435 0.013744 0.000425 0.010508 0.001068 0.004217
0.727242 0.000065 0.000010 0.000074 0.000026 0.000060 0.000166 0.000085 0.000318 0.015103 0.000443 0.000035 0.000026 0.000056 0.000724 0.000125 0.000535 0.001175 0.000068 0.210010 0.004581 0.032798 0.000029 0.000133 0.000205 0.000201 0.000358 0.000779 0.000222 0.002543 0.001059 0.000745
0.393828 0.000322 0.000715 0.006509 0.002404 0.000390 0.000543 0.000478 0.000584 0.013914 0.001346 0.000673 0.000270 0.000445 0.040998 0.000437 0.008714 0.000637 0.000544 0.199031 0.039531 0.230562 0.001004 0.003071 0.001769 0.000526 0.000719 0.007819 0.000503 0.029505 0.008368 0.003843
0.448337 0.000567 0.000509 0.004493 0.003034 0.000663 0.003712 0.001370 0.000847 0.027352 0.006574 0.009229 0.000187 0.000525 0.010833 0.000540 0.006510 0.002706 0.000766 0.192921 0.033975 0.144286 0.002828 0.010310 0.001892 0.004777 0.003777 0.008160 0.002223 0.023889 0.038950 0.003258
0.401096 0.000984 0.000313 0.000399 0.001623 0.000107 0.005893 0.002087 0.001290 0.189483 0.000558 0.021495 0.000017 0.000387 0.015873 0.003414 0.015564 0.000519 0.002888 0.183771 0.011697 0.041706 0.000909 0.014647 0.001376 0.000528 0.000173 0.015713 0.000224 0.058458 0.002490 0.004319
0.723905 0.000000 0.000000 0.000000 0.000000 0.000000 0.000001 0.000001 0.000022 0.089887 0.000001 0.000000 0.000000 0.000001 0.000062 0.000000 0.000048 0.000014 0.000000 0.174673 0.000178 0.010892 0.000001 0.000004 0.000001 0.000000 0.000000 0.000010 0.000001 0.000286 0.000001 0.000011
0.325150 0.008260 0.003302 0.009163 0.017387 0.026791 0.013831 0.005098 0.018800 0.039807 0.019576 0.004262 0.003350 0.005355 0.011500 0.004574 0.006198 0.016206 0.008002 0.162806 0.017212 0.086408 0.011286 0.006459 0.007128 0.011193 0.010063 0.028136 0.011568 0.017969 0.076470 0.006692
0.383348 0.004076 0.003393 0.012481 0.017133 0.035549 0.009991 0.003632 0.009411 0.027387 0.015427 0.002703 0.005015 0.004028 0.012092 0.002945 0.006206 0.017476 0.005764 0.157650 0.016478 0.062981 0.006278 0.004993 0.007589 0.014798 0.008469 0.027917 0.012844 0.014332 0.081384 0.006230
0.571829 0.000542 0.000343 0.001908 0.001893 0.000331 0.001293 0.000740 0.001238 0.048707 0.008361 0.002638 0.000268 0.000728 0.010189 0.000311 0.005382 0.001001 0.000514 0.153300 0.018931 0.108715 0.001089 0.005657 0.002085 0.001904 0.002171 0.004996 0.001550 0.019789 0.018575 0.003020
0.575843 0.000738 0.000978 0.003638 0.002997 0.000753 0.001273 0.001192 0.002457 0.040702 0.010412 0.002252 0.000371 0.001064 0.014734 0.000604 0.007001 0.001255 0.000575 0.147505 0.016061 0.110265 0.000971 0.006545 0.002299 0.002221 0.003992 0.007314 0.001663 0.017787 0.010435 0.004104
0.588889 0.000840 0.001009 0.003378 0.003020 0.000963 0.001277 0.001425 0.002662 0.044128 0.009688 0.002414 0.000282 0.000954 0.016188 0.000822 0.006936 0.001110 0.000684 0.145820 0.017095 0.088817 0.001059 0.006458 0.002182 0.002096 0.004664 0.008592 0.002115 0.019488 0.010457 0.004487
0.865928 0.000000 0.000000 0.000000 0.000000 0.000000 0.000000 0.000000 0.000000 0.000947 0.000000 0.000000 0.000000 0.000000 0.000111 0.000000 0.000012 0.000000 0.000000 0.130668 0.000136 0.002012 0.000000 0.000000 0.000000 0.000000 0.000000 0.000000 0.000000 0.000184 0.000001 0.000001
0.426992 0.003369 0.004642 0.009605 0.022870 0.019705 0.001412 0.001080 0.001430 0.026722 0.039425 0.001080 0.001427 0.002678 0.017213 0.000980 0.012088 0.001587 0.001933 0.126993 0.019970 0.098704 0.002396 0.005941 0.002890 0.002685 0.007859 0.021602 0.013142 0.031683 0.066581 0.003313
0.745638 0.000341 0.000076 0.001030 0.000245 0.000158 0.001712 0.000646 0.001207 0.044302 0.000294 0.003112 0.000054 0.000275 0.004166 0.003275 0.003428 0.000309 0.000976 0.125437 0.006076 0.017488 0.001154 0.002142 0.000670 0.000271 0.000344 0.017977 0.000117 0.013262 0.001011 0.002807
0.617468 0.000149 0.000081 0.002788 0.000702 0.000152 0.000832 0.000303 0.000232 0.020548 0.002023 0.001522 0.000047 0.000185 0.006360 0.000297 0.003727 0.000560 0.000423 0.124922 0.022779 0.143192 0.000646 0.003536 0.000635 0.000692 0.001595 0.004490 0.000623 0.024880 0.011960 0.001652
0.692522 0.001250 0.000283 0.003602 0.000891 0.000975 0.002634 0.001272 0.002814 0.043504 0.000907 0.002929 0.000189 0.000868 0.007546 0.004230 0.005206 0.000689 0.001153 0.122529 0.009326 0.037496 0.001288 0.003063 0.001411 0.000498 0.000924 0.025579 0.000337 0.017631 0.002570 0.003882
0.744247 0.000198 0.000227 0.001012 0.000708 0.000203 0.000304 0.000384 0.000924 0.032036 0.004037 0.000838 0.000043 0.000267 0.010135 0.000183 0.003693 0.000183 0.000152 0.118636 0.005805 0.050727 0.000179 0.001589 0.000788 0.000675 0.001665 0.003578 0.000430 0.011352 0.003294 0.001507
0.798003 0.000071 0.000010 0.000039 0.000019 0.000015 0.000163 0.000089 0.000679 0.014077 0.000494 0.000053 0.000008 0.000034 0.000634 0.000533 0.000547 0.000998 0.000095 0.118404 0.008956 0.045405 0.000038 0.000152 0.000111 0.000281 0.001499 0.002972 0.000206 0.003342 0.000811 0.001263
0.810566 0.000055 0.000008 0.000031 0.000020 0.000022 0.000075 0.000069 0.000187 0.035105 0.000345 0.000027 0.000010 0.000040 0.001976 0.000081 0.000853 0.000306 0.000021 0.116700 0.003627 0.024352 0.000010 0.000144 0.000116 0.000055 0.000215 0.000863 0.000115 0.003075 0.000558 0.000374
0.745261 0.000713 0.000029 0.000766 0.000096 0.001060 0.002751 0.000941 0.001068 0.017718 0.004813 0.000327 0.000051 0.000189 0.000893 0.005871 0.001371 0.003495 0.000863 0.116063 0.016146 0.043357 0.001923 0.000948 0.000636 0.000498 0.001168 0.008286 0.000466 0.011319 0.007323 0.003591
0.842031 0.000003 0.000003 0.000020 0.000004 0.000213 0.000006 0.000004 0.000024 0.001019 0.000053 0.000001 0.000060 0.000040 0.000187 0.000012 0.000292 0.000548 0.000060 0.112238 0.001332 0.032234 0.000007 0.000003 0.000510 0.000176 0.001836 0.001462 0.000028 0.002116 0.003283 0.000193
0.686329 0.001517 0.001382 0.005692 0.004899 0.024907 0.003041 0.001389 0.003596 0.020645 0.007103 0.001081 0.003186 0.001084 0.004040 0.000925 0.003099 0.003585 0.001450 0.111615 0.008750 0.028824 0.002283 0.002545 0.002306 0.004318 0.003729 0.013452 0.004363 0.009791 0.026426 0.002649
0.690959 0.000644 0.000172 0.000606 0.000396 0.000244 0.006806 0.001137 0.000693 0.029455 0.000722 0.038652 0.000065 0.000351 0.005775 0.001013 0.006801 0.000984 0.000549 0.107091 0.016266 0.030714 0.000672 0.004074 0.001141 0.001401 0.000529 0.015573 0.000274 0.026686 0.008371 0.001182
0.868260 0.000000 0.000000 0.000001 0.000000 0.000000 0.000004 0.000001 0.000041 0.008166 0.000005 0.000000 0.000001 0.000005 0.000054 0.000001 0.000058 0.000087 0.000000 0.106843 0.000238 0.015970 0.000000 0.000002 0.000009 0.000001 0.000003 0.000009 0.000003 0.000203 0.000012 0.000020
0.852534 0.000174 0.000056 0.000119 0.000164 0.000175 0.000156 0.000116 0.000229 0.002900 0.002669 0.000063 0.000031 0.000080 0.001380 0.000109 0.000412 0.000591 0.000180 0.104661 0.004898 0.017145 0.000061 0.000162 0.000361 0.000543 0.001481 0.000995 0.000781 0.002528 0.003535 0.000711
0.707438 0.001153 0.002999 0.001038 0.002128 0.010123 0.000340 0.000220 0.000635 0.006756 0.012757 0.000177 0.001089 0.001020 0.004297 0.000105 0.003875 0.000771 0.000286 0.102757 0.007130 0.078580 0.000395 0.000513 0.001649 0.001655 0.003121 0.005724 0.003383 0.008803 0.028262 0.000820
0.768533 0.000843 0.000063 0.000623 0.000197 0.000679 0.003484 0.001181 0.001300 0.016684 0.004379 0.000536 0.000049 0.000179 0.001142 0.010544 0.002440 0.001636 0.000786 0.101474 0.019091 0.025156 0.003640 0.001204 0.000407 0.000686 0.002050 0.011392 0.000871 0.010537 0.004797 0.003416
0.612945 0.000172 0.000175 0.002168 0.000144 0.001170 0.000166 0.000319 0.000886 0.006159 0.002277 0.000110 0.000712 0.000636 0.003708 0.000256 0.002970 0.000510 0.000287 0.057632 0.005665 0.274124 0.000090 0.001358 0.001090 0.000235 0.001539 0.005757 0.000295 0.009526 0.004176 0.002745
0.393828 0.000322 0.000715 0.006509 0.002404 0.000390 0.000543 0.000478 0.000584 0.013914 0.001346 0.000673 0.000270 0.000445 0.040998 0.000437 0.008714 0.000637 0.000544 0.199031 0.039531 0.230562 0.001004 0.003071 0.001769 0.000526 0.000719 0.007819 0.000503 0.029505 0.008368 0.003843
0.263606 0.000200 0.000380 0.000492 0.000615 0.000434 0.000967 0.000931 0.004110 0.037606 0.001793 0.000430 0.000726 0.000936 0.006057 0.001156 0.004697 0.005016 0.001978 0.391833 0.016682 0.208698 0.000736 0.001990 0.002280 0.001215 0.004327 0.006611 0.001093 0.020910 0.005019 0.006480
0.260503 0.000163 0.000414 0.006449 0.001420 0.000555 0.000267 0.000338 0.000285 0.007962 0.001646 0.000970 0.000356 0.000304 0.031145 0.000154 0.005991 0.000444 0.000771 0.430747 0.026093 0.179633 0.001911 0.005876 0.001932 0.000225 0.000348 0.003755 0.000320 0.020168 0.005426 0.003427
0.756598 0.000221 0.000039 0.000118 0.000093 0.001710 0.000066 0.000024 0.000356 0.000766 0.001911 0.000015 0.001380 0.000331 0.000279 0.000012 0.000742 0.000531 0.000118 0.038304 0.001588 0.161135 0.000071 0.000022 0.001723 0.000460 0.005004 0.000438 0.000291 0.001693 0.023637 0.000325
0.448337 0.000567 0.000509 0.004493 0.003034 0.000663 0.003712 0.001370 0.000847 0.027352 0.006574 0.009229 0.000187 0.000525 0.010833 0.000540 0.006510 0.002706 0.000766 0.192921 0.033975 0.144286 0.002828 0.010310 0.001892 0.004777 0.003777 0.008160 0.002223 0.023889 0.038950 0.003258
0.617468 0.000149 0.000081 0.002788 0.000702 0.000152 0.000832 0.000303 0.000232 0.020548 0.002023 0.001522 0.000047 0.000185 0.006360 0.000297 0.003727 0.000560 0.000423 0.124922 0.022779 0.143192 0.000646 0.003536 0.000635 0.000692 0.001595 0.004490 0.000623 0.024880 0.011960 0.001652
0.622569 0.000420 0.000594 0.009977 0.003318 0.000448 0.002360 0.001328 0.001645 0.017954 0.004143 0.003505 0.000107 0.000371 0.009175 0.001234 0.007636 0.001522 0.000671 0.091203 0.027248 0.133132 0.002115 0.006439 0.000901 0.002374 0.002617 0.006745 0.001675 0.014388 0.018646 0.003542
0.575843 0.000738 0.000978 0.003638 0.002997 0.000753 0.001273 0.001192 0.002457 0.040702 0.010412 0.002252 0.000371 0.001064 0.014734 0.000604 0.007001 0.001255 0.000575 0.147505 0.016061 0.110265 0.000971 0.006545 0.002299 0.002221 0.003992 0.007314 0.001663 0.017787 0.010435 0.004104
0.475279 0.000356 0.000232 0.008874 0.000772 0.001703 0.000143 0.000254 0.000616 0.037468 0.000272 0.000244 0.001186 0.000327 0.012376 0.000140 0.001941 0.000681 0.002286 0.286073 0.003734 0.109468 0.000381 0.002921 0.002377 0.000100 0.000122 0.003323 0.000249 0.041977 0.001518 0.002608
0.571829 0.000542 0.000343 0.001908 0.001893 0.000331 0.001293 0.000740 0.001238 0.048707 0.008361 0.002638 0.000268 0.000728 0.010189 0.000311 0.005382 0.001001 0.000514 0.153300 0.018931 0.108715 0.001089 0.005657 0.002085 0.001904 0.002171 0.004996 0.001550 0.019789 0.018575 0.003020
0.179244 0.022044 0.004372 0.004612 0.018797 0.005133 0.062778 0.007900 0.019550 0.042331 0.014740 0.005179 0.000744 0.015227 0.008670 0.016334 0.007756 0.083957 0.015236 0.074751 0.021866 0.067321 0.004756 0.007752 0.006010 0.053521 0.006946 0.017929 0.010616 0.017414 0.169453 0.007064
