cabinet 4 101 84 399 0.20629 0.509527
cabinet 73 82 143 353 0.107228 0.730226
chair 253 420 263 426 0.106921 0.401490
door 3 1 72 195 0.368499 0.205924
door 8 112 81 383 0.267921 0.311641
door 73 25 79 52 0.155726 0.429207
door 144 31 150 45 0.144163 0.502197
door 143 40 145 43 0.140938 0.519766
door 461 1 555 234 0.133381 0.610608
door 263 1 347 144 0.124509 0.726290
door 333 0 364 284 0.116558 0.687188
door 3 3 264 151 0.107897 0.607725
door 263 5 282 81 0.105659 0.799457
picture 70 22 164 101 0.710352 0.216943
picture 70 6 95 109 0.499192 0.435810
picture 90 47 116 87 0.226394 0.715447
picture 64 2 83 55 0.150462 0.637201
picture 66 27 79 87 0.128972 0.655985
picture 114 46 149 87 0.126306 0.791678
picture 21 6 278 131 0.113078 0.607725
picture 208 3 277 46 0.108579 0.620186
dresser 37 91 355 424 0.989722 0.005256
dresser 122 293 338 426 0.400553 0.356487
dresser 209 247 333 290 0.212405 0.742384
dresser 81 96 174 426 0.180272 0.707757
dresser 319 310 342 347 0.166691 0.699087
dresser 113 66 340 208 0.153999 0.789188
dresser 111 147 333 278 0.137084 0.841422
dresser 272 109 341 262 0.11365 0.850513
pillow 1 382 67 426 0.43203 0.130876
pillow 223 78 269 112 0.135034 0.539965
mirror 50 0 193 115 0.113435 0.129635
clothes 7 356 134 426 0.384187 0.207794
clothes 5 380 57 426 0.179688 0.197985
clothes 165 55 282 118 0.141751 0.659419
paper 341 395 354 406 0.328006 0.367954
paper 336 396 354 426 0.223552 0.204892
paper 222 71 270 98 0.208825 0.498479
paper 248 80 270 97 0.183361 0.424192
paper 267 80 281 88 0.176475 0.308066
paper 445 399 509 426 0.166875 0.396038
paper 372 383 481 426 0.166416 0.465579
paper 66 25 79 83 0.15087 0.655985
paper 336 417 341 422 0.147942 0.404947
paper 344 360 397 426 0.14329 0.401398
paper 74 24 90 97 0.134001 0.582796
paper 333 406 341 422 0.132752 0.381823
paper 479 120 482 127 0.1211 0.634721
paper 10 196 74 318 0.114789 0.182664
paper 543 240 560 256 0.109935 0.336699
paper 479 96 491 144 0.103319 0.595611
towel 86 2 143 64 0.253744 0.460500
towel 461 47 526 113 0.153859 0.492367
towel 446 94 480 221 0.136237 0.547801
towel 419 271 439 288 0.131893 0.526106
towel 416 257 422 270 0.114073 0.536432
towel 402 95 480 285 0.103567 0.687430
box 266 80 282 87 0.39965 0.308066
box 270 95 273 96 0.372007 0.484418
box 247 80 281 96 0.17541 0.481939
box 332 405 340 422 0.172334 0.381823
box 336 394 353 426 0.153283 0.204892
box 335 417 341 422 0.132076 0.404947
box 132 49 150 81 0.127777 0.606889
box 443 397 509 426 0.123424 0.396038
box 150 52 153 63 0.119729 0.520059
box 253 420 262 426 0.119348 0.401490
box 344 352 399 425 0.115708 0.401398
box 342 395 354 406 0.109442 0.367954
person 67 405 89 426 0.130826 0.759105
night_stand 127 296 344 426 0.207799 0.359760
night_stand 139 68 287 202 0.13068 0.744655
bag 77 369 140 426 0.370886 0.280313
bag 15 384 55 425 0.267298 0.413895
bag 11 392 32 416 0.165032 0.707561
garbage_bin 351 314 355 327 0.191642 0.735016
garbage_bin 346 302 351 325 0.178259 0.747405
garbage_bin 324 253 358 422 0.159102 0.794620
garbage_bin 326 251 336 273 0.126426 0.662680
garbage_bin 349 344 352 352 0.123631 0.802931
garbage_bin 340 396 354 406 0.117679 0.367954
garbage_bin 334 315 352 402 0.115271 0.846992
garbage_bin 326 231 351 308 0.107075 0.690384
garbage_bin 341 355 397 426 0.107005 0.401398
garbage_bin 334 396 354 426 0.10174 0.204892
garbage_bin 332 336 336 351 0.101074 0.765831
