0.671476 0.000929 0.000137 0.255217 0.008122 0.018975 0.000235 0.000344 0.008665 0.001092 0.007577 0.000449 0.003552 0.000302 0.000761 0.000158 0.000608 0.000493 0.000301 0.004022 0.000507 0.007524 0.000262 0.002389 0.000392 0.000263 0.000758 0.001497 0.000181 0.000954 0.001062 0.000798
0.647467 0.001258 0.000464 0.199127 0.003313 0.061355 0.000263 0.000213 0.018130 0.000690 0.013975 0.000164 0.021362 0.000513 0.000384 0.000147 0.000692 0.001172 0.000471 0.005138 0.000589 0.013634 0.000248 0.001161 0.000667 0.000425 0.001736 0.000919 0.000293 0.000926 0.002098 0.001006
0.660405 0.000803 0.000127 0.191396 0.001218 0.013782 0.000189 0.000118 0.008709 0.000948 0.004209 0.000087 0.010714 0.000529 0.000456 0.000102 0.000696 0.001233 0.000381 0.007506 0.000713 0.086118 0.000184 0.001016 0.000620 0.000295 0.001173 0.000785 0.000206 0.001612 0.002589 0.001078
0.816393 0.000008 0.000002 0.172351 0.000027 0.008020 0.000005 0.000005 0.000070 0.000044 0.000017 0.000003 0.000911 0.000006 0.000059 0.000004 0.000033 0.000018 0.000032 0.000536 0.000034 0.001054 0.000002 0.000022 0.000031 0.000004 0.000009 0.000104 0.000002 0.000093 0.000027 0.000073
0.216513 0.019461 0.004186 0.135283 0.015639 0.066784 0.031392 0.010932 0.017788 0.024147 0.040490 0.020219 0.008786 0.013317 0.009675 0.008012 0.014942 0.020526 0.010877 0.047009 0.018491 0.079983 0.009982 0.020445 0.007772 0.010085 0.006326 0.021290 0.004711 0.020276 0.047507 0.017154
0.788073 0.000481 0.000094 0.129986 0.000966 0.012780 0.000346 0.000465 0.006085 0.004392 0.005095 0.000382 0.010361 0.000350 0.000901 0.000396 0.001506 0.000701 0.000376 0.007263 0.000975 0.014781 0.000650 0.004636 0.000308 0.000320 0.001503 0.001497 0.000194 0.001997 0.000431 0.001710
0.798857 0.000676 0.000086 0.125561 0.001268 0.005408 0.000191 0.000208 0.003482 0.001450 0.005119 0.000407 0.001274 0.000299 0.001719 0.000121 0.000606 0.000530 0.000251 0.014477 0.001062 0.029210 0.000139 0.000862 0.000630 0.000306 0.000707 0.001333 0.000194 0.001425 0.001400 0.000743
0.434421 0.003988 0.006550 0.015825 0.010843 0.286957 0.000480 0.000435 0.011424 0.001964 0.124182 0.000223 0.053189 0.002141 0.000559 0.000397 0.000323 0.002688 0.001648 0.005728 0.001039 0.010420 0.000204 0.000756 0.000937 0.003070 0.009935 0.001117 0.002831 0.000770 0.003635 0.001320
0.082033 0.000085 0.000008 0.000001 0.000074 0.000019 0.000003 0.000002 0.917477 0.000010 0.000202 0.000003 0.000041 0.000001 0.000000 0.000000 0.000000 0.000009 0.000002 0.000003 0.000000 0.000009 0.000005 0.000002 0.000001 0.000001 0.000004 0.000001 0.000001 0.000000 0.000001 0.000002
0.199576 0.000351 0.000069 0.000262 0.000454 0.002410 0.000057 0.000035 0.791674 0.000213 0.001625 0.000022 0.000786 0.000039 0.000003 0.000021 0.000015 0.000738 0.000102 0.000186 0.000007 0.000907 0.000025 0.000043 0.000019 0.000031 0.000135 0.000036 0.000014 0.000008 0.000036 0.000100
0.286935 0.000747 0.000304 0.001649 0.000734 0.004539 0.000187 0.000232 0.662600 0.002488 0.006731 0.000126 0.001842 0.000319 0.000099 0.000164 0.000227 0.001226 0.000480 0.005429 0.000133 0.018391 0.000072 0.000661 0.000367 0.000108 0.000678 0.000852 0.000079 0.000204 0.000485 0.000914
0.575524 0.000298 0.000052 0.000311 0.000306 0.000596 0.000067 0.000048 0.412113 0.000276 0.001934 0.000071 0.002308 0.000046 0.000021 0.000014 0.000055 0.000199 0.000052 0.001440 0.000032 0.003307 0.000045 0.000163 0.000062 0.000063 0.000232 0.000073 0.000030 0.000051 0.000086 0.000129
0.600406 0.001888 0.001278 0.002053 0.002454 0.004221 0.000942 0.000852 0.329216 0.003889 0.018005 0.001059 0.000746 0.000500 0.000277 0.000666 0.001067 0.000747 0.001313 0.004509 0.000360 0.015401 0.000698 0.002411 0.000472 0.000256 0.000842 0.000777 0.000307 0.000458 0.000675 0.001253
0.712013 0.000305 0.000030 0.000382 0.000128 0.000173 0.000097 0.000043 0.282766 0.000340 0.000621 0.000055 0.000087 0.000022 0.000015 0.000039 0.000069 0.000246 0.000040 0.000532 0.000025 0.001396 0.000045 0.000152 0.000017 0.000022 0.000084 0.000083 0.000011 0.000026 0.000048 0.000088
0.629849 0.001408 0.000153 0.002048 0.000221 0.001855 0.000636 0.000498 0.265646 0.003161 0.002629 0.000300 0.001826 0.000406 0.000250 0.000357 0.000375 0.002532 0.001119 0.020965 0.000646 0.055093 0.000213 0.000564 0.000712 0.000341 0.000431 0.001457 0.000134 0.001120 0.001457 0.001596
0.676637 0.002818 0.000353 0.002494 0.001500 0.002612 0.000230 0.000184 0.257072 0.001027 0.012111 0.000224 0.013128 0.000326 0.000077 0.000088 0.000197 0.001132 0.000534 0.005434 0.000181 0.017375 0.000334 0.000545 0.000408 0.000168 0.000845 0.000432 0.000136 0.000265 0.000492 0.000640
0.700031 0.000944 0.000926 0.004995 0.001067 0.004264 0.000499 0.000523 0.227600 0.003846 0.012308 0.000524 0.000626 0.000397 0.000504 0.000458 0.000603 0.000591 0.000480 0.012921 0.000425 0.017275 0.000226 0.000959 0.000620 0.000333 0.001062 0.001867 0.000226 0.000628 0.000947 0.001327
0.748950 0.002582 0.000064 0.003621 0.000246 0.000692 0.001151 0.000555 0.200096 0.002475 0.003053 0.000500 0.000759 0.000257 0.000100 0.000382 0.000293 0.003284 0.000596 0.010908 0.000333 0.013248 0.000422 0.000415 0.000298 0.000706 0.000503 0.000736 0.000132 0.000555 0.000896 0.001192
0.778890 0.000793 0.000307 0.000606 0.000945 0.004042 0.000081 0.000106 0.181674 0.000531 0.009402 0.000135 0.002468 0.000116 0.000096 0.000031 0.000164 0.000213 0.000121 0.004010 0.000099 0.012853 0.000109 0.000575 0.000181 0.000053 0.000455 0.000204 0.000069 0.000166 0.000266 0.000240
0.830849 0.000339 0.000034 0.000044 0.000108 0.000242 0.000035 0.000005 0.167513 0.000028 0.000464 0.000013 0.000087 0.000009 0.000000 0.000002 0.000002 0.000068 0.000010 0.000020 0.000001 0.000061 0.000013 0.000006 0.000003 0.000008 0.000007 0.000006 0.000001 0.000001 0.000013 0.000007
0.863718 0.000180 0.000003 0.000021 0.000172 0.000085 0.000012 0.000003 0.135358 0.000014 0.000294 0.000004 0.000009 0.000001 0.000000 0.000003 0.000001 0.000041 0.000004 0.000005 0.000000 0.000023 0.000020 0.000003 0.000000 0.000005 0.000011 0.000002 0.000001 0.000000 0.000001 0.000004
0.779466 0.001810 0.000159 0.000852 0.002859 0.003401 0.000154 0.000137 0.133458 0.001411 0.024692 0.000164 0.012593 0.000192 0.000093 0.000049 0.000157 0.000590 0.000273 0.007271 0.000164 0.025566 0.000387 0.000660 0.000275 0.000104 0.001021 0.000400 0.000175 0.000262 0.000655 0.000552
0.773396 0.001797 0.000617 0.003002 0.003208 0.001524 0.001071 0.000888 0.113378 0.002480 0.007907 0.002383 0.001644 0.000298 0.000782 0.000359 0.001195 0.001520 0.000714 0.025521 0.001928 0.037857 0.001635 0.001673 0.000873 0.000882 0.002882 0.001482 0.000577 0.001804 0.003141 0.001580
0.757893 0.000131 0.000641 0.002102 0.001332 0.002997 0.000147 0.000159 0.112769 0.002700 0.006107 0.000077 0.001923 0.000303 0.000194 0.000121 0.000162 0.001468 0.001342 0.020274 0.000370 0.078791 0.000051 0.000492 0.000441 0.000222 0.002438 0.000929 0.000079 0.000362 0.001108 0.001875
0.756678 0.000783 0.000473 0.006622 0.002937 0.007574 0.000313 0.000364 0.101281 0.002145 0.011435 0.000296 0.012235 0.000514 0.000899 0.000126 0.000872 0.000840 0.000378 0.027691 0.001023 0.052860 0.000319 0.001326 0.000996 0.000616 0.002718 0.000913 0.000466 0.001096 0.001711 0.001501
0.318357 0.001550 0.000134 0.001390 0.000215 0.000318 0.002990 0.001101 0.005320 0.551268 0.000872 0.000351 0.000132 0.000882 0.001802 0.003539 0.000668 0.021698 0.001175 0.037879 0.001282 0.033696 0.000926 0.002987 0.000637 0.000368 0.000134 0.001769 0.000329 0.002821 0.000371 0.003041
0.660911 0.006924 0.000055 0.001083 0.000594 0.000112 0.004646 0.000603 0.014530 0.207020 0.000104 0.001474 0.000032 0.000530 0.000488 0.013616 0.002985 0.003745 0.018888 0.010752 0.000830 0.024189 0.000607 0.005325 0.000470 0.000140 0.000066 0.010082 0.000032 0.003562 0.000502 0.005101
0.780023 0.000752 0.000106 0.000431 0.000093 0.000043 0.000630 0.000363 0.002845 0.169719 0.000062 0.000476 0.000002 0.000057 0.000653 0.011365 0.003497 0.000402 0.000827 0.007700 0.001100 0.011036 0.000061 0.001770 0.000069 0.000029 0.000054 0.002477 0.000016 0.002361 0.000075 0.000905
0.721687 0.000723 0.000400 0.000393 0.000108 0.000570 0.000610 0.000470 0.003647 0.164329 0.001648 0.000281 0.000096 0.000639 0.002535 0.000626 0.000720 0.006123 0.000381 0.044973 0.001563 0.039774 0.000136 0.001220 0.000634 0.000182 0.000278 0.001316 0.000313 0.002098 0.000341 0.001187
0.630755 0.013279 0.000829 0.001454 0.000609 0.000491 0.009651 0.002508 0.032425 0.150309 0.004715 0.003549 0.000619 0.007154 0.001050 0.003430 0.001395 0.061027 0.002429 0.019542 0.001136 0.033920 0.001038 0.003731 0.002535 0.001289 0.000261 0.001928 0.000453 0.002275 0.001421 0.002794
0.602617 0.010047 0.000949 0.006099 0.001955 0.002738 0.025207 0.004308 0.009352 0.128350 0.000911 0.009557 0.000089 0.001481 0.001965 0.019872 0.009911 0.002300 0.008356 0.052298 0.003384 0.042428 0.022958 0.004431 0.001755 0.001233 0.000419 0.011237 0.000309 0.007212 0.002146 0.004126
0.690491 0.001317 0.000930 0.001438 0.000555 0.001202 0.001515 0.001048 0.012618 0.124445 0.003758 0.000867 0.000615 0.001435 0.004726 0.001378 0.001609 0.005334 0.001751 0.068615 0.002651 0.050589 0.000700 0.004729 0.001452 0.000530 0.000718 0.003447 0.001058 0.004367 0.001127 0.002986
0.474267 0.000937 0.000279 0.000954 0.000592 0.000317 0.000746 0.000384 0.003619 0.118048 0.002237 0.000436 0.000104 0.000508 0.004773 0.001000 0.003060 0.001769 0.001218 0.178103 0.008207 0.173122 0.000938 0.001433 0.000749 0.000446 0.001046 0.004711 0.001030 0.009441 0.003531 0.001995
0.764522 0.000590 0.001007 0.000733 0.000219 0.001107 0.000952 0.000600 0.006458 0.115435 0.003490 0.000523 0.000211 0.000577 0.003640 0.001165 0.001020 0.003479 0.001892 0.050778 0.001691 0.027492 0.000325 0.002618 0.001226 0.000281 0.000433 0.001968 0.000367 0.002297 0.000512 0.002394
0.817795 0.000122 0.000022 0.000339 0.000261 0.000021 0.000339 0.000160 0.000813 0.114656 0.000017 0.000274 0.000002 0.000049 0.001322 0.002034 0.006950 0.000141 0.004651 0.018612 0.001225 0.009305 0.000071 0.002977 0.000124 0.000015 0.000022 0.003694 0.000007 0.011495 0.000162 0.002324
0.823216 0.000313 0.000019 0.000471 0.000175 0.000242 0.000189 0.000332 0.000458 0.112479 0.000409 0.000288 0.000008 0.000041 0.000581 0.000232 0.000358 0.000716 0.000138 0.025199 0.001042 0.027734 0.000654 0.000503 0.000066 0.000090 0.000187 0.000894 0.000248 0.002079 0.000237 0.000404
0.711115 0.001630 0.000098 0.006653 0.001701 0.114902 0.000093 0.000136 0.003086 0.000442 0.145353 0.000076 0.003905 0.000097 0.000052 0.000146 0.000048 0.000237 0.000452 0.001498 0.000275 0.001599 0.000094 0.000145 0.000102 0.000377 0.003863 0.000224 0.000292 0.000181 0.000786 0.000340
0.341802 0.021136 0.056200 0.034009 0.040698 0.197647 0.000978 0.000577 0.010975 0.002588 0.140959 0.000328 0.043550 0.013717 0.001515 0.000701 0.000973 0.010195 0.003938 0.003759 0.002439 0.025270 0.000420 0.001059 0.003047 0.008344 0.010015 0.001858 0.007528 0.001399 0.010424 0.001954
0.505342 0.002837 0.001769 0.016758 0.005724 0.008945 0.020803 0.006564 0.002579 0.021669 0.004839 0.121033 0.001470 0.002166 0.008441 0.001930 0.009486 0.007640 0.003575 0.073117 0.014046 0.044060 0.003969 0.013800 0.006594 0.006104 0.002541 0.019609 0.003061 0.020083 0.032336 0.007107
0.821216 0.000242 0.000053 0.000574 0.000187 0.000209 0.006712 0.000466 0.000249 0.003510 0.000513 0.108154 0.000044 0.000078 0.000619 0.000084 0.001079 0.000711 0.000127 0.020637 0.002939 0.012918 0.000172 0.001484 0.000444 0.000907 0.000341 0.003452 0.000109 0.005452 0.005812 0.000506
0.596087 0.000428 0.000048 0.000870 0.000459 0.000197 0.000538 0.000333 0.000517 0.017082 0.000127 0.000294 0.000077 0.000455 0.001211 0.002325 0.204084 0.000519 0.002572 0.001970 0.024180 0.008948 0.000112 0.062669 0.000379 0.000023 0.000128 0.003739 0.000018 0.066036 0.000474 0.003100
0.720621 0.000580 0.000065 0.000469 0.000072 0.000122 0.000508 0.000228 0.000389 0.017658 0.000204 0.000157 0.000040 0.000647 0.001190 0.001845 0.108937 0.000648 0.000939 0.002897 0.034748 0.011912 0.000037 0.018335 0.000497 0.000033 0.000148 0.002934 0.000024 0.070787 0.000872 0.001455
0.136463 0.000000 0.000000 0.000000 0.000000 0.000000 0.000000 0.000000 0.000000 0.000001 0.000000 0.000000 0.000000 0.000000 0.000001 0.000000 0.000001 0.000000 0.000000 0.856969 0.000001 0.006520 0.000000 0.000000 0.000029 0.000000 0.000000 0.000000 0.000000 0.000011 0.000003 0.000000
0.270257 0.000008 0.000019 0.000041 0.000003 0.000024 0.000062 0.000011 0.000099 0.006763 0.000013 0.000011 0.000022 0.000090 0.000921 0.000023 0.000341 0.000076 0.000019 0.706350 0.000562 0.011904 0.000023 0.000037 0.000388 0.000018 0.000009 0.000198 0.000008 0.001378 0.000159 0.000160
0.373950 0.000026 0.000241 0.000174 0.000027 0.000575 0.000087 0.000084 0.000773 0.006363 0.000193 0.000034 0.000394 0.000273 0.005349 0.000047 0.005287 0.000340 0.001191 0.447916 0.004717 0.124489 0.000021 0.000183 0.002421 0.000061 0.000131 0.001104 0.000043 0.016807 0.005135 0.001563
0.525308 0.000091 0.000026 0.000710 0.000031 0.000225 0.000063 0.000032 0.000470 0.002663 0.000058 0.000067 0.000539 0.000609 0.001856 0.000011 0.000427 0.000076 0.000077 0.405579 0.000355 0.052517 0.000040 0.000511 0.001825 0.000069 0.000062 0.001212 0.000019 0.003312 0.000645 0.000515
0.381586 0.001366 0.000158 0.000243 0.000050 0.000199 0.001391 0.000252 0.001893 0.033809 0.000125 0.000482 0.000260 0.002873 0.005168 0.000372 0.001244 0.001053 0.000434 0.405394 0.001587 0.136656 0.000410 0.000595 0.004289 0.000260 0.000099 0.007022 0.000118 0.007022 0.002566 0.001022
0.355580 0.000128 0.000101 0.000337 0.000124 0.000177 0.000285 0.000152 0.000699 0.061190 0.000442 0.000113 0.000158 0.000344 0.004838 0.000192 0.002293 0.000881 0.000324 0.405225 0.006331 0.143647 0.000209 0.000595 0.001024 0.000212 0.000277 0.001562 0.000314 0.009471 0.001675 0.001098
0.293581 0.000080 0.000185 0.000610 0.000295 0.000515 0.000269 0.000393 0.001212 0.023398 0.001128 0.000124 0.000391 0.000275 0.009909 0.000220 0.002481 0.001044 0.000431 0.401697 0.012670 0.222987 0.000192 0.000386 0.001171 0.000576 0.001645 0.002788 0.001014 0.011806 0.003935 0.002589
0.695229 0.000000 0.000000 0.000000 0.000000 0.000000 0.000000 0.000000 0.000000 0.000000 0.000000 0.000000 0.000000 0.000000 0.000001 0.000000 0.000000 0.000000 0.000000 0.304057 0.000000 0.000707 0.000000 0.000000 0.000001 0.000000 0.000000 0.000000 0.000000 0.000003 0.000001 0.000000
0.669218 0.000119 0.000022 0.000198 0.000004 0.000045 0.001418 0.000080 0.000681 0.008810 0.000025 0.000228 0.000038 0.000486 0.000535 0.000313 0.000875 0.000578 0.000220 0.232220 0.000742 0.076437 0.000061 0.000177 0.000833 0.000064 0.000050 0.001491 0.000008 0.001991 0.001284 0.000748
0.474267 0.000937 0.000279 0.000954 0.000592 0.000317 0.000746 0.000384 0.003619 0.118048 0.002237 0.000436 0.000104 0.000508 0.004773 0.001000 0.003060 0.001769 0.001218 0.178103 0.008207 0.173122 0.000938 0.001433 0.000749 0.000446 0.001046 0.004711 0.001030 0.009441 0.003531 0.001995
0.504840 0.000475 0.000177 0.000052 0.000010 0.001445 0.000183 0.000040 0.000135 0.001268 0.000509 0.000088 0.001493 0.003217 0.000935 0.000014 0.000414 0.000562 0.000258 0.175210 0.001996 0.240720 0.000010 0.000054 0.043862 0.000200 0.000200 0.000275 0.000129 0.005173 0.015878 0.000178
0.688452 0.000033 0.000170 0.000461 0.000269 0.000917 0.000113 0.000064 0.000533 0.023124 0.000550 0.000032 0.000191 0.000340 0.006038 0.000034 0.001622 0.000477 0.000652 0.165116 0.003039 0.091746 0.000018 0.000311 0.000455 0.000051 0.000055 0.000520 0.000117 0.011824 0.002163 0.000512
0.659891 0.000649 0.000475 0.000287 0.000139 0.000274 0.000268 0.000235 0.006429 0.006871 0.005731 0.000195 0.000577 0.000965 0.001923 0.000186 0.001733 0.000625 0.000465 0.148901 0.002060 0.147751 0.000206 0.000550 0.003754 0.000171 0.000599 0.001662 0.000181 0.003320 0.001316 0.001613
0.626207 0.000198 0.000136 0.000902 0.000517 0.000535 0.000383 0.000363 0.001043 0.011810 0.003468 0.000499 0.000083 0.000129 0.006224 0.000251 0.005527 0.000205 0.000909 0.140677 0.007665 0.151285 0.000351 0.002754 0.000496 0.000403 0.005159 0.007312 0.000879 0.016469 0.004605 0.002554
0.687777 0.000783 0.000680 0.000899 0.000249 0.000599 0.000769 0.000266 0.007467 0.002735 0.004914 0.001343 0.001460 0.000952 0.001367 0.000068 0.002834 0.000476 0.000285 0.135299 0.003444 0.125558 0.000180 0.001272 0.002961 0.000359 0.000516 0.001412 0.000164 0.005507 0.006515 0.000889
0.663662 0.000279 0.000671 0.003129 0.001745 0.005907 0.000700 0.000275 0.001074 0.031122 0.004289 0.000221 0.000671 0.001362 0.007210 0.000224 0.002468 0.001750 0.002104 0.134317 0.006762 0.100377 0.000185 0.001504 0.000816 0.000303 0.000200 0.002032 0.000620 0.015011 0.007525 0.001487
0.842108 0.000027 0.000061 0.000387 0.000066 0.000424 0.000091 0.000062 0.003497 0.004337 0.000477 0.000057 0.000347 0.000115 0.002374 0.000016 0.001521 0.000080 0.000054 0.125320 0.001957 0.008879 0.000021 0.000390 0.000412 0.000087 0.000114 0.000579 0.000048 0.004944 0.000553 0.000593
0.439251 0.004700 0.004107 0.011904 0.002677 0.008350 0.002964 0.001649 0.007387 0.010374 0.003563 0.001320 0.008778 0.011601 0.013522 0.001637 0.016456 0.004362 0.004137 0.118531 0.014365 0.181912 0.002178 0.002626 0.027873 0.002560 0.002146 0.007570 0.002041 0.044414 0.031216 0.003831
0.699336 0.000061 0.000279 0.001588 0.000617 0.002075 0.000090 0.000103 0.000517 0.006074 0.002007 0.000185 0.000436 0.000101 0.002271 0.000059 0.002109 0.000137 0.000282 0.116492 0.003458 0.147525 0.000120 0.000635 0.000295 0.000126 0.001626 0.002182 0.000382 0.005013 0.002846 0.000972
0.880797 0.000000 0.000000 0.000000 0.000000 0.000000 0.000000 0.000000 0.000000 0.000003 0.000000 0.000000 0.000000 0.000000 0.000005 0.000000 0.000005 0.000000 0.000000 0.112211 0.000006 0.006887 0.000000 0.000000 0.000026 0.000000 0.000000 0.000002 0.000000 0.000027 0.000027 0.000001
0.403479 0.000327 0.000324 0.000950 0.000235 0.000453 0.000303 0.000443 0.011482 0.015816 0.003050 0.000277 0.000197 0.000286 0.002424 0.000283 0.001003 0.000898 0.000620 0.108525 0.003568 0.427796 0.000150 0.000765 0.000822 0.000379 0.001815 0.003746 0.000481 0.004155 0.002333 0.002617
0.475852 0.002992 0.002450 0.025956 0.008084 0.017322 0.013923 0.005836 0.004715 0.024946 0.007081 0.045165 0.002189 0.003150 0.009671 0.002113 0.011712 0.007179 0.004522 0.108352 0.014916 0.076840 0.004264 0.013574 0.006073 0.004146 0.002219 0.024912 0.003452 0.020969 0.036192 0.009235
0.825366 0.000091 0.000072 0.000958 0.000258 0.000429 0.000127 0.000156 0.009848 0.003854 0.003120 0.000100 0.000270 0.000081 0.002069 0.000058 0.001389 0.000130 0.000145 0.103421 0.001986 0.033702 0.000040 0.000409 0.000384 0.000257 0.001565 0.001838 0.000147 0.003996 0.002582 0.001153
0.778211 0.000180 0.000044 0.000438 0.000115 0.000171 0.001724 0.000481 0.000932 0.026082 0.000696 0.004283 0.000079 0.000248 0.002513 0.000238 0.002219 0.000732 0.000326 0.103276 0.006719 0.039568 0.000153 0.001382 0.001131 0.000836 0.000446 0.004209 0.000177 0.016558 0.004265 0.001565
0.777128 0.000189 0.000090 0.002164 0.000361 0.000456 0.000114 0.000074 0.002051 0.001605 0.001933 0.000176 0.000959 0.000076 0.000525 0.000059 0.000479 0.000348 0.000272 0.101417 0.001177 0.100509 0.000187 0.000589 0.000278 0.000097 0.000623 0.001592 0.000137 0.001925 0.001694 0.000718
0.162291 0.001097 0.000115 0.002416 0.000262 0.000524 0.000346 0.000052 0.001080 0.002468 0.000451 0.000043 0.000645 0.002595 0.000353 0.000134 0.000774 0.009995 0.000690 0.003338 0.001731 0.795475 0.000052 0.000427 0.001028 0.000768 0.000383 0.000899 0.000210 0.002355 0.006337 0.000667
0.354091 0.000330 0.000463 0.001614 0.000228 0.000712 0.000331 0.000474 0.008277 0.013156 0.003206 0.000291 0.000346 0.000402 0.002818 0.000341 0.001239 0.001198 0.000623 0.098640 0.003761 0.486575 0.000188 0.001070 0.000936 0.000431 0.001757 0.004900 0.000538 0.005066 0.002643 0.003355
0.547954 0.000374 0.000036 0.021165 0.000369 0.000972 0.000370 0.000086 0.002687 0.001504 0.001141 0.000062 0.001837 0.000655 0.000182 0.000114 0.000596 0.006188 0.000493 0.009158 0.000891 0.394571 0.000177 0.000487 0.000452 0.000738 0.001023 0.000596 0.000138 0.001325 0.002747 0.000910
0.406506 0.002033 0.001059 0.000421 0.000214 0.000779 0.000525 0.000678 0.006593 0.010188 0.024611 0.000391 0.001330 0.002391 0.001970 0.000442 0.002279 0.001634 0.000846 0.112902 0.004448 0.394022 0.000374 0.001118 0.005203 0.000345 0.002339 0.002386 0.000721 0.005825 0.003117 0.002308
0.575962 0.000202 0.000123 0.002241 0.000399 0.000776 0.000125 0.000066 0.003448 0.000801 0.001053 0.000105 0.000198 0.000149 0.000747 0.000026 0.000490 0.000242 0.000157 0.027705 0.001006 0.374604 0.000034 0.000361 0.000335 0.000125 0.000459 0.001156 0.000146 0.002497 0.003869 0.000395
0.578689 0.000015 0.000022 0.000405 0.000045 0.000112 0.000021 0.000019 0.000688 0.006120 0.000111 0.000014 0.000184 0.000098 0.000464 0.000013 0.000267 0.000243 0.000038 0.036869 0.000335 0.372210 0.000011 0.000339 0.000229 0.000039 0.000106 0.000356 0.000022 0.001227 0.000208 0.000481
0.560991 0.000424 0.000198 0.001076 0.000737 0.001257 0.000104 0.000128 0.020288 0.001114 0.004349 0.000128 0.000796 0.000190 0.000829 0.000046 0.000728 0.000259 0.000233 0.036382 0.000960 0.359607 0.000078 0.000989 0.000584 0.000119 0.001137 0.000799 0.000211 0.002179 0.002373 0.000708
0.584885 0.000424 0.000125 0.001031 0.001778 0.000348 0.000123 0.000092 0.001949 0.005822 0.001486 0.000132 0.000845 0.000280 0.001260 0.000111 0.002156 0.000431 0.000309 0.034428 0.001842 0.345395 0.000336 0.002613 0.000409 0.000103 0.000843 0.002058 0.000383 0.004286 0.002720 0.000999
0.589745 0.000009 0.000015 0.000093 0.000010 0.000040 0.000023 0.000021 0.000971 0.017778 0.000082 0.000014 0.000031 0.000050 0.000601 0.000030 0.000234 0.000296 0.000076 0.051074 0.000601 0.334300 0.000008 0.000252 0.000200 0.000027 0.000108 0.000567 0.000012 0.001864 0.000197 0.000671
0.398056 0.005713 0.001240 0.006359 0.001144 0.005917 0.002706 0.003578 0.009083 0.012580 0.064814 0.005364 0.004196 0.002305 0.002019 0.001431 0.004710 0.003465 0.002035 0.068154 0.008565 0.320795 0.001847 0.004810 0.003677 0.001954 0.016087 0.008568 0.003375 0.011885 0.007464 0.006102
0.581090 0.000142 0.000038 0.000327 0.000073 0.000204 0.000112 0.000047 0.000608 0.014952 0.000359 0.000046 0.000215 0.000242 0.000941 0.000044 0.000704 0.000895 0.000163 0.082006 0.001564 0.308339 0.000070 0.000335 0.000403 0.000169 0.000171 0.000824 0.000137 0.003038 0.001310 0.000431
0.212433 0.000092 0.000212 0.000332 0.000092 0.001416 0.000186 0.000178 0.001363 0.019963 0.000543 0.000089 0.000666 0.000578 0.006356 0.000134 0.006465 0.000529 0.002653 0.393352 0.006333 0.307372 0.000054 0.000608 0.002897 0.000086 0.000187 0.002630 0.000104 0.023805 0.005710 0.002582
0.561241 0.000800 0.000252 0.003344 0.000346 0.001535 0.000468 0.000822 0.022971 0.004171 0.007495 0.000548 0.001802 0.000815 0.001300 0.000348 0.001574 0.001571 0.000786 0.052640 0.003449 0.303670 0.000208 0.001841 0.001399 0.000581 0.001979 0.007732 0.000301 0.006190 0.003783 0.004037
0.650366 0.000250 0.000036 0.001597 0.000136 0.000333 0.000166 0.000077 0.002012 0.001791 0.001792 0.000127 0.000523 0.000188 0.000690 0.000064 0.000797 0.000279 0.000216 0.032391 0.001300 0.296465 0.000071 0.000586 0.000591 0.000155 0.000989 0.001338 0.000103 0.002441 0.001395 0.000737
0.649418 0.000367 0.000180 0.001389 0.001353 0.001535 0.000094 0.000141 0.007689 0.001232 0.004988 0.000138 0.000420 0.000145 0.000982 0.000051 0.000931 0.000252 0.000253 0.025785 0.001263 0.288208 0.000076 0.001076 0.000460 0.000134 0.001552 0.001010 0.000347 0.003223 0.004645 0.000662
0.626103 0.000369 0.000098 0.001956 0.000516 0.000539 0.000756 0.000145 0.001076 0.009021 0.000534 0.000131 0.000769 0.000707 0.001059 0.000161 0.000982 0.008859 0.000551 0.035328 0.002522 0.286183 0.000148 0.000517 0.000919 0.001879 0.001755 0.003437 0.000586 0.003258 0.007363 0.001773
0.649364 0.001283 0.000206 0.002441 0.000450 0.000855 0.000177 0.000081 0.002630 0.003254 0.002021 0.000139 0.001898 0.000745 0.000998 0.000071 0.001390 0.000318 0.000521 0.028707 0.002214 0.285924 0.000317 0.000812 0.002750 0.000158 0.000639 0.001650 0.000201 0.004652 0.002190 0.000946
0.614055 0.000120 0.000149 0.001416 0.000294 0.000681 0.000284 0.000210 0.006620 0.021544 0.001050 0.000101 0.000339 0.000360 0.001191 0.000243 0.000570 0.003889 0.000658 0.049774 0.002463 0.281045 0.000087 0.001043 0.000542 0.000410 0.001337 0.001988 0.000307 0.002996 0.001924 0.002310
0.549539 0.000749 0.000655 0.004746 0.001500 0.004886 0.000467 0.000401 0.004166 0.009362 0.004626 0.000616 0.000729 0.000397 0.003934 0.000337 0.004253 0.000593 0.001558 0.083595 0.006535 0.278654 0.000599 0.003478 0.001075 0.000476 0.004098 0.006702 0.000945 0.012015 0.005655 0.002658
0.673649 0.000065 0.000040 0.001085 0.000081 0.000256 0.000068 0.000119 0.001765 0.014543 0.001053 0.000045 0.000063 0.000119 0.000419 0.000060 0.000345 0.000536 0.000049 0.023499 0.000452 0.278289 0.000014 0.000709 0.000068 0.000028 0.000274 0.000734 0.000067 0.000823 0.000248 0.000435
0.629751 0.000655 0.000411 0.004033 0.000497 0.001958 0.000322 0.000136 0.003351 0.002086 0.001804 0.000153 0.001552 0.000571 0.002697 0.000109 0.002553 0.000531 0.000703 0.052851 0.002274 0.272704 0.000220 0.000715 0.003264 0.000347 0.000895 0.001105 0.000316 0.004843 0.005431 0.001162
0.653078 0.000825 0.000246 0.003740 0.001126 0.002104 0.000115 0.000130 0.003633 0.003521 0.002647 0.000153 0.001974 0.000461 0.001350 0.000073 0.001749 0.000263 0.000412 0.034416 0.002320 0.271026 0.000182 0.002974 0.000994 0.000109 0.000809 0.001304 0.000277 0.005271 0.001761 0.000955
0.654233 0.000742 0.000111 0.005172 0.003640 0.000905 0.000215 0.000171 0.003575 0.004302 0.003223 0.000217 0.001673 0.000295 0.001379 0.000187 0.002893 0.000648 0.000590 0.028841 0.002721 0.260317 0.000617 0.004833 0.000505 0.000154 0.001720 0.003091 0.000473 0.006329 0.004635 0.001594
0.367431 0.000146 0.000450 0.000631 0.000579 0.001259 0.000212 0.000369 0.000822 0.021312 0.002488 0.000100 0.001317 0.000628 0.008572 0.000203 0.002080 0.002389 0.000545 0.281656 0.017754 0.253787 0.000243 0.000391 0.002176 0.000671 0.004280 0.002900 0.002606 0.011547 0.007716 0.002740
0.668513 0.000290 0.000168 0.002081 0.000501 0.001160 0.000118 0.000074 0.001872 0.001966 0.005621 0.000093 0.000899 0.000291 0.000849 0.000060 0.001556 0.000348 0.000445 0.041844 0.002810 0.250414 0.000148 0.000352 0.000871 0.000180 0.002762 0.001065 0.000304 0.005052 0.006560 0.000735
0.674249 0.000441 0.000133 0.003566 0.000374 0.000989 0.000240 0.000424 0.008342 0.022883 0.003410 0.000223 0.000309 0.000272 0.000596 0.000335 0.000813 0.001291 0.000200 0.026545 0.000703 0.244370 0.000172 0.002555 0.000186 0.000100 0.001108 0.002330 0.000205 0.001071 0.000491 0.001073
0.504840 0.000475 0.000177 0.000052 0.000010 0.001445 0.000183 0.000040 0.000135 0.001268 0.000509 0.000088 0.001493 0.003217 0.000935 0.000014 0.000414 0.000562 0.000258 0.175210 0.001996 0.240720 0.000010 0.000054 0.043862 0.000200 0.000200 0.000275 0.000129 0.005173 0.015878 0.000178
0.632447 0.001386 0.000396 0.003778 0.003473 0.002017 0.000596 0.000702 0.032284 0.004406 0.007802 0.001038 0.000935 0.000340 0.001247 0.000209 0.002098 0.000906 0.000759 0.042865 0.002506 0.230916 0.000657 0.004700 0.000689 0.000256 0.001862 0.004363 0.000570 0.005563 0.006407 0.001826
0.659691 0.000354 0.000139 0.003221 0.000196 0.001649 0.000224 0.000370 0.002983 0.010890 0.002297 0.000164 0.000976 0.000754 0.003310 0.000340 0.002328 0.001257 0.000738 0.053271 0.005469 0.216044 0.000150 0.001263 0.001320 0.000563 0.001873 0.008646 0.000378 0.009221 0.006033 0.003888
0.731131 0.000200 0.000052 0.001380 0.000094 0.000335 0.000097 0.000061 0.007129 0.001116 0.001219 0.000085 0.000243 0.000114 0.000711 0.000055 0.000520 0.000153 0.000222 0.039240 0.000594 0.209332 0.000047 0.000473 0.000652 0.000083 0.000423 0.001106 0.000053 0.001606 0.000683 0.000792
0.755043 0.004975 0.000100 0.002010 0.000110 0.000732 0.000492 0.000062 0.001018 0.001143 0.001540 0.000065 0.000382 0.001881 0.000328 0.000136 0.001227 0.006089 0.000361 0.002603 0.001081 0.197601 0.000030 0.000443 0.000940 0.000857 0.000808 0.000974 0.000137 0.001990 0.014402 0.000442
0.655872 0.000133 0.000077 0.000366 0.000046 0.000221 0.000178 0.000392 0.005276 0.029439 0.003571 0.000193 0.000035 0.000156 0.001117 0.000440 0.000825 0.000722 0.000430 0.091737 0.001787 0.195939 0.000043 0.000553 0.000387 0.000123 0.000576 0.002811 0.000155 0.003125 0.001427 0.001847
0.655980 0.000685 0.000298 0.001610 0.000582 0.000585 0.000366 0.000524 0.035608 0.015488 0.005233 0.000565 0.000256 0.000249 0.000944 0.000281 0.000771 0.000651 0.000843 0.068091 0.001614 0.194995 0.000485 0.001120 0.000568 0.000366 0.001982 0.002762 0.000468 0.002425 0.001639 0.001963
0.724740 0.000584 0.000424 0.003072 0.000785 0.002932 0.000251 0.000185 0.004522 0.002188 0.006496 0.000185 0.001382 0.000543 0.001451 0.000148 0.002056 0.000937 0.000764 0.028113 0.003154 0.193405 0.000161 0.000849 0.001385 0.000364 0.004392 0.001126 0.000607 0.005843 0.005727 0.001227
0.719308 0.000049 0.000063 0.000399 0.000081 0.000299 0.000064 0.000068 0.010304 0.015703 0.000868 0.000048 0.000141 0.000142 0.000938 0.000101 0.000428 0.000906 0.000198 0.052228 0.000819 0.189863 0.000030 0.000331 0.000543 0.000140 0.000401 0.001486 0.000052 0.001940 0.000843 0.001218
0.729288 0.000205 0.000163 0.000538 0.000148 0.000665 0.000109 0.000047 0.001152 0.001132 0.003156 0.000067 0.000706 0.000264 0.000861 0.000042 0.001292 0.000292 0.000276 0.054066 0.002009 0.188085 0.000102 0.000185 0.001646 0.000298 0.002486 0.000548 0.000321 0.003624 0.005670 0.000556
0.686580 0.000441 0.000339 0.004107 0.001912 0.002205 0.000477 0.000476 0.022403 0.005002 0.005577 0.000375 0.001662 0.000549 0.001629 0.000212 0.001456 0.001639 0.000682 0.054570 0.002847 0.187008 0.000518 0.001380 0.001307 0.000938 0.003406 0.001962 0.000618 0.002817 0.003010 0.001895
0.667632 0.000320 0.000334 0.003042 0.000592 0.001709 0.000365 0.000317 0.031035 0.017455 0.003838 0.000252 0.000871 0.000666 0.002026 0.000427 0.001113 0.002348 0.001016 0.060043 0.001798 0.183327 0.000156 0.001470 0.001439 0.000546 0.001870 0.003340 0.000270 0.003739 0.003216 0.003431
0.635906 0.000840 0.000630 0.000791 0.000554 0.000579 0.000634 0.000265 0.012689 0.004242 0.004389 0.001003 0.001246 0.000743 0.001369 0.000086 0.002536 0.000492 0.000445 0.123340 0.003270 0.182005 0.000186 0.001605 0.001456 0.000323 0.000470 0.001773 0.000200 0.007176 0.007635 0.001120
0.439251 0.004700 0.004107 0.011904 0.002677 0.008350 0.002964 0.001649 0.007387 0.010374 0.003563 0.001320 0.008778 0.011601 0.013522 0.001637 0.016456 0.004362 0.004137 0.118531 0.014365 0.181912 0.002178 0.002626 0.027873 0.002560 0.002146 0.007570 0.002041 0.044414 0.031216 0.003831
0.777707 0.000027 0.000004 0.000008 0.000001 0.000023 0.000026 0.000004 0.000013 0.000367 0.000105 0.000026 0.000016 0.000068 0.000340 0.000001 0.000158 0.000033 0.000016 0.035899 0.000357 0.177677 0.000001 0.000015 0.002433 0.000036 0.000032 0.000079 0.000006 0.001643 0.002832 0.000047
0.703688 0.000623 0.000341 0.004745 0.000663 0.001715 0.000498 0.000283 0.012166 0.006560 0.005621 0.000477 0.001035 0.000386 0.001721 0.000248 0.001577 0.000896 0.001580 0.056309 0.002368 0.175870 0.000531 0.002646 0.001411 0.000349 0.002136 0.003253 0.000474 0.005503 0.002342 0.001986
0.474267 0.000937 0.000279 0.000954 0.000592 0.000317 0.000746 0.000384 0.003619 0.118048 0.002237 0.000436 0.000104 0.000508 0.004773 0.001000 0.003060 0.001769 0.001218 0.178103 0.008207 0.173122 0.000938 0.001433 0.000749 0.000446 0.001046 0.004711 0.001030 0.009441 0.003531 0.001995
0.780644 0.000004 0.000012 0.000277 0.000012 0.000051 0.000010 0.000011 0.002653 0.005515 0.000040 0.000006 0.000080 0.000027 0.000220 0.000011 0.000142 0.000147 0.000084 0.034917 0.000249 0.172755 0.000005 0.000182 0.000088 0.000011 0.000049 0.000322 0.000005 0.000746 0.000108 0.000619
0.735992 0.001346 0.000390 0.003220 0.000870 0.005622 0.000089 0.000139 0.022945 0.001015 0.021561 0.000128 0.004501 0.000390 0.000441 0.000047 0.000427 0.000416 0.000218 0.021502 0.000564 0.171396 0.000088 0.000713 0.001009 0.000118 0.000967 0.000533 0.000217 0.000994 0.001368 0.000772
0.604150 0.006145 0.000875 0.011958 0.001549 0.005686 0.001731 0.001961 0.015763 0.011166 0.049756 0.004290 0.003571 0.001127 0.001312 0.000758 0.002161 0.002127 0.001358 0.058367 0.004179 0.166563 0.001551 0.004255 0.001876 0.001082 0.010901 0.008071 0.001615 0.004909 0.005734 0.003453
0.706461 0.001463 0.000760 0.010279 0.001050 0.002148 0.000726 0.000446 0.016924 0.007950 0.005069 0.000777 0.002107 0.000694 0.002045 0.000294 0.001543 0.001443 0.001138 0.050887 0.002334 0.165467 0.000976 0.003369 0.001847 0.000418 0.001209 0.003000 0.000466 0.003636 0.001413 0.001660
0.759272 0.000271 0.000478 0.007359 0.003264 0.003178 0.000112 0.000085 0.003946 0.002495 0.007151 0.000089 0.002258 0.000234 0.001642 0.000058 0.001703 0.000279 0.000478 0.028983 0.001563 0.161318 0.000247 0.001075 0.000697 0.000161 0.001464 0.001077 0.000350 0.003899 0.003709 0.001103
0.626207 0.000198 0.000136 0.000902 0.000517 0.000535 0.000383 0.000363 0.001043 0.011810 0.003468 0.000499 0.000083 0.000129 0.006224 0.000251 0.005527 0.000205 0.000909 0.140677 0.007665 0.151285 0.000351 0.002754 0.000496 0.000403 0.005159 0.007312 0.000879 0.016469 0.004605 0.002554
0.777075 0.000686 0.000219 0.002183 0.002510 0.001329 0.000105 0.000156 0.003064 0.003823 0.005825 0.000148 0.001072 0.000262 0.001530 0.000090 0.002302 0.000215 0.000376 0.026823 0.003063 0.150017 0.000198 0.004299 0.000525 0.000115 0.001623 0.001321 0.000547 0.005804 0.001530 0.001166
0.794045 0.000071 0.000065 0.001962 0.000235 0.001330 0.000028 0.000023 0.000961 0.000326 0.001240 0.000026 0.003408 0.000084 0.000128 0.000012 0.000215 0.000183 0.000070 0.041608 0.000359 0.148946 0.000042 0.000190 0.000343 0.000052 0.000520 0.000398 0.000071 0.000847 0.001877 0.000334
0.727444 0.000308 0.000425 0.005351 0.003167 0.002812 0.000101 0.000057 0.001175 0.002553 0.006574 0.000075 0.002106 0.000310 0.002947 0.000055 0.002693 0.000200 0.000489 0.064211 0.002979 0.148518 0.000199 0.001010 0.001248 0.000224 0.001634 0.001685 0.000401 0.006911 0.010978 0.001162
0.699336 0.000061 0.000279 0.001588 0.000617 0.002075 0.000090 0.000103 0.000517 0.006074 0.002007 0.000185 0.000436 0.000101 0.002271 0.000059 0.002109 0.000137 0.000282 0.116492 0.003458 0.147525 0.000120 0.000635 0.000295 0.000126 0.001626 0.002182 0.000382 0.005013 0.002846 0.000972
0.442705 0.007865 0.000582 0.010485 0.007883 0.005313 0.012079 0.003233 0.015601 0.021782 0.017253 0.002163 0.000369 0.003464 0.003571 0.005913 0.004919 0.016924 0.006099 0.098432 0.015040 0.147391 0.002358 0.006676 0.001682 0.002829 0.002484 0.016733 0.001300 0.020242 0.087145 0.009486
0.688205 0.001876 0.000234 0.004523 0.000302 0.002783 0.000955 0.001167 0.062483 0.006139 0.004732 0.000568 0.002184 0.001182 0.000994 0.000771 0.001083 0.003752 0.001510 0.042596 0.002626 0.146374 0.000365 0.001263 0.002079 0.000599 0.001158 0.004465 0.000312 0.004317 0.005275 0.003128
0.778514 0.000730 0.000243 0.005561 0.000817 0.001410 0.000262 0.000142 0.013399 0.002589 0.003008 0.000215 0.004161 0.000392 0.000740 0.000075 0.000806 0.000635 0.000652 0.032203 0.000888 0.143799 0.000349 0.001301 0.001018 0.000233 0.000670 0.001167 0.000252 0.001821 0.001099 0.000847
0.691313 0.000245 0.000353 0.007715 0.002016 0.002736 0.000323 0.000402 0.023297 0.007786 0.006455 0.000261 0.002587 0.000508 0.002314 0.000127 0.001366 0.001208 0.000488 0.090764 0.002373 0.139597 0.000311 0.001028 0.001317 0.001068 0.002939 0.001654 0.000545 0.002155 0.002701 0.002050
0.751337 0.000018 0.000020 0.000086 0.000008 0.000031 0.000078 0.000052 0.000913 0.045756 0.000151 0.000026 0.000011 0.000081 0.001145 0.000143 0.000412 0.000665 0.000148 0.052558 0.001582 0.138140 0.000021 0.000307 0.000307 0.000068 0.000139 0.000938 0.000031 0.003495 0.000375 0.000958
0.381586 0.001366 0.000158 0.000243 0.000050 0.000199 0.001391 0.000252 0.001893 0.033809 0.000125 0.000482 0.000260 0.002873 0.005168 0.000372 0.001244 0.001053 0.000434 0.405394 0.001587 0.136656 0.000410 0.000595 0.004289 0.000260 0.000099 0.007022 0.000118 0.007022 0.002566 0.001022
0.689577 0.002212 0.001110 0.010304 0.001247 0.003071 0.001302 0.001648 0.013112 0.007430 0.009533 0.001634 0.002521 0.002362 0.003175 0.000958 0.003958 0.003798 0.001638 0.043815 0.008798 0.134758 0.000723 0.003390 0.003868 0.001009 0.003958 0.011256 0.000958 0.013094 0.010233 0.003549
0.401953 0.002670 0.005430 0.006203 0.003284 0.011361 0.003588 0.002435 0.007231 0.073341 0.007501 0.002019 0.004526 0.010062 0.021098 0.002382 0.019647 0.007063 0.022894 0.128621 0.018584 0.133905 0.001222 0.010083 0.008660 0.001307 0.001559 0.008773 0.002121 0.041917 0.016940 0.011621
0.761650 0.000782 0.000631 0.001502 0.002030 0.002799 0.000166 0.000213 0.041056 0.001093 0.009904 0.000254 0.002193 0.000266 0.000757 0.000061 0.001157 0.000391 0.000286 0.027425 0.001117 0.132606 0.000162 0.002052 0.000688 0.000123 0.001593 0.000730 0.000328 0.002149 0.003123 0.000714
0.802230 0.000231 0.000246 0.002235 0.001371 0.000997 0.000204 0.000197 0.021179 0.003115 0.001950 0.000189 0.000423 0.000184 0.001085 0.000143 0.000915 0.000566 0.000407 0.022226 0.001154 0.130598 0.000234 0.001073 0.000455 0.000286 0.001173 0.001081 0.000219 0.001693 0.000889 0.001051
0.604745 0.003714 0.002242 0.001471 0.001152 0.002235 0.001536 0.001802 0.027366 0.011490 0.063955 0.003743 0.003702 0.002538 0.001721 0.000677 0.002544 0.002649 0.001733 0.089512 0.004509 0.130060 0.001159 0.002421 0.003994 0.001407 0.005576 0.004569 0.001514 0.004949 0.005417 0.003899
0.748055 0.000177 0.000120 0.000545 0.000500 0.000476 0.000380 0.000210 0.001843 0.027121 0.001653 0.000108 0.000308 0.000448 0.001423 0.000190 0.000458 0.009915 0.000598 0.057114 0.003069 0.129671 0.000066 0.000634 0.000417 0.001025 0.001743 0.002868 0.000664 0.003103 0.003324 0.001774
0.835127 0.000136 0.000128 0.000529 0.000369 0.000443 0.000077 0.000073 0.012108 0.000854 0.001167 0.000061 0.000106 0.000118 0.001044 0.000037 0.000402 0.000281 0.000132 0.017920 0.000704 0.123789 0.000038 0.000367 0.000310 0.000136 0.000612 0.000329 0.000140 0.001268 0.000799 0.000397
0.624123 0.006708 0.001540 0.006007 0.001817 0.005564 0.001087 0.001250 0.066705 0.005687 0.072196 0.001988 0.011226 0.002253 0.001166 0.000422 0.001268 0.003018 0.001216 0.042294 0.002156 0.117796 0.000966 0.002670 0.003226 0.000768 0.003169 0.002070 0.001142 0.002277 0.003516 0.002709
0.684265 0.001419 0.000705 0.008185 0.001561 0.003379 0.000849 0.000708 0.066795 0.017606 0.008643 0.000484 0.002323 0.001633 0.003078 0.000767 0.002197 0.005880 0.001459 0.038504 0.002851 0.116826 0.000345 0.002259 0.003260 0.001158 0.003028 0.004780 0.000553 0.004784 0.005717 0.003999
0.771167 0.000405 0.000229 0.007698 0.001966 0.001907 0.000532 0.000544 0.014031 0.011373 0.004276 0.000393 0.001380 0.000582 0.001948 0.000267 0.001596 0.001968 0.000943 0.052295 0.002733 0.105447 0.000787 0.000970 0.001280 0.000824 0.001869 0.002519 0.000472 0.002839 0.002640 0.002122
0.777190 0.000383 0.000052 0.000951 0.004623 0.000205 0.000174 0.000193 0.006088 0.005290 0.009685 0.000342 0.001494 0.000116 0.000576 0.000100 0.001248 0.000282 0.000267 0.067769 0.000844 0.103271 0.000798 0.003246 0.000305 0.000140 0.004408 0.003256 0.000368 0.002047 0.002481 0.001809
0.824249 0.000112 0.000069 0.001151 0.000699 0.000960 0.000224 0.000133 0.000506 0.006157 0.001689 0.000071 0.000563 0.000205 0.000857 0.000103 0.000319 0.003048 0.000579 0.034866 0.002944 0.102424 0.000058 0.000410 0.000337 0.001348 0.002198 0.003163 0.000481 0.003037 0.005843 0.001194
0.830027 0.000066 0.000012 0.000292 0.000392 0.000121 0.000061 0.000068 0.000449 0.004309 0.001713 0.000060 0.000026 0.000031 0.001066 0.000099 0.001509 0.000030 0.000242 0.043968 0.002531 0.101605 0.000110 0.000309 0.000125 0.000073 0.002558 0.002345 0.000249 0.003115 0.001667 0.000770
