bed 39 353 351 423 0.825198 0.150063
bed 12 292 172 426 0.383302 0.489678
chair 512 238 535 282 0.169339 0.759609
chair 432 312 528 423 0.122622 0.701134
table 360 297 511 424 0.132658 0.332696
door 462 189 498 275 0.208896 0.482580
door 162 0 305 246 0.197771 0.414713
door 495 3 538 292 0.113159 0.668631
picture 332 378 478 426 0.357604 0.384204
picture 549 356 553 359 0.132719 0.434934
picture 543 355 550 365 0.118838 0.442616
picture 350 401 393 418 0.109692 0.778695
picture 384 409 417 426 0.102644 0.273785
desk 310 297 544 421 0.330557 0.134457
dresser 334 306 515 426 0.160754 0.288057
pillow 125 318 265 411 0.971708 0.024128
pillow 162 357 217 401 0.661636 0.333322
pillow 194 365 200 383 0.575359 0.403683
pillow 259 340 286 383 0.427522 0.544205
pillow 250 365 286 393 0.379171 0.611652
pillow 165 363 337 422 0.365599 0.366063
pillow 266 343 275 361 0.319256 0.632365
pillow 259 353 275 367 0.294196 0.677108
pillow 191 319 197 322 0.26174 0.457214
pillow 250 380 267 394 0.231027 0.764632
pillow 82 396 114 415 0.230822 0.608260
pillow 137 345 143 347 0.211668 0.559232
pillow 176 318 182 320 0.203746 0.458426
pillow 259 378 268 384 0.194711 0.803615
pillow 77 417 127 426 0.190276 0.396820
pillow 194 409 206 414 0.187091 0.804107
pillow 204 409 206 411 0.174088 0.821705
pillow 163 388 167 394 0.16775 0.824916
pillow 248 385 254 396 0.161786 0.836520
pillow 15 315 181 424 0.145428 0.486066
pillow 172 400 187 407 0.135909 0.840004
pillow 132 335 148 348 0.12504 0.732117
pillow 10 416 24 422 0.119476 0.664180
pillow 157 373 172 394 0.115104 0.872842
pillow 165 404 275 426 0.111361 0.604107
pillow 132 336 159 362 0.10905 0.736211
pillow 1 421 37 426 0.108566 0.386567
pillow 133 374 186 413 0.106389 0.844593
mirror 490 0 537 313 0.135692 0.668631
clothes 52 340 153 419 0.315429 0.541060
clothes 61 411 149 426 0.225447 0.492119
clothes 126 365 148 397 0.125777 0.822194
clothes 84 385 138 414 0.125178 0.774280
clothes 96 349 143 369 0.111376 0.755030
tv 327 356 488 426 0.100806 0.359543
paper 397 320 482 337 0.799712 0.185875
paper 412 320 439 330 0.787881 0.206343
paper 433 320 443 325 0.769468 0.227325
paper 386 300 490 355 0.633164 0.346991
paper 441 321 465 330 0.601789 0.380617
paper 432 317 439 321 0.535031 0.464447
paper 417 315 420 319 0.479526 0.517531
paper 439 317 448 321 0.477658 0.521576
paper 439 311 481 329 0.473515 0.510345
paper 417 315 432 320 0.462045 0.536929
paper 389 308 453 331 0.454709 0.529282
paper 417 333 470 340 0.438034 0.492417
paper 432 308 441 315 0.436675 0.562930
paper 417 308 443 320 0.401742 0.597499
paper 425 333 429 334 0.390198 0.574412
paper 446 313 463 320 0.321494 0.675828
paper 393 321 412 335 0.316786 0.612131
paper 432 330 479 336 0.31376 0.651158
paper 431 304 437 307 0.302754 0.696007
paper 398 324 412 327 0.297253 0.615442
paper 419 327 422 328 0.293667 0.668302
paper 427 300 480 320 0.286732 0.705212
paper 544 355 550 365 0.272931 0.442616
paper 401 328 430 336 0.260517 0.687132
paper 550 357 553 359 0.252816 0.434934
paper 404 312 419 315 0.245258 0.744382
paper 407 328 415 330 0.237632 0.715239
paper 392 309 429 317 0.213819 0.780099
paper 555 358 560 389 0.178444 0.325948
paper 314 300 317 302 0.174322 0.205854
paper 420 308 424 311 0.173415 0.819176
paper 428 295 431 297 0.168561 0.353800
paper 456 311 463 314 0.162344 0.830590
paper 418 413 425 415 0.152857 0.416104
paper 389 420 399 423 0.151095 0.381090
paper 392 321 398 327 0.147388 0.731782
paper 464 320 480 330 0.145982 0.775523
paper 432 300 441 305 0.145478 0.850613
paper 555 385 559 387 0.134323 0.309561
paper 540 80 560 98 0.133761 0.341746
paper 419 339 431 344 0.133027 0.827269
paper 401 314 405 317 0.130859 0.810380
paper 411 304 419 312 0.130339 0.852577
paper 540 36 560 97 0.125161 0.410968
paper 557 93 560 98 0.125046 0.286112
paper 529 159 540 175 0.123559 0.580018
paper 383 422 399 426 0.117982 0.229171
paper 384 409 416 426 0.11735 0.273785
paper 423 340 437 352 0.114128 0.843300
paper 549 334 557 355 0.112602 0.474330
paper 542 279 546 284 0.108021 0.564811
paper 528 154 550 192 0.107217 0.600043
paper 414 337 420 341 0.106574 0.859412
paper 438 341 439 344 0.101419 0.849450
paper 416 415 477 426 0.100868 0.260916
paper 544 295 560 358 0.100393 0.593530
box 349 390 352 397 0.486026 0.478972
box 342 385 351 403 0.243328 0.670249
box 481 306 490 311 0.24202 0.660341
box 337 398 340 406 0.211412 0.350970
box 511 305 518 312 0.196055 0.627445
box 548 270 549 273 0.19045 0.529109
box 542 279 546 284 0.175361 0.564811
box 545 314 559 356 0.1692 0.485262
box 475 305 478 305 0.163381 0.767515
box 428 295 431 296 0.148511 0.353800
box 437 300 506 419 0.141788 0.549632
box 543 355 550 364 0.1306 0.442616
box 432 417 475 426 0.126264 0.200264
box 52 417 64 426 0.123328 0.644770
box 558 329 560 356 0.120874 0.358318
box 48 423 56 426 0.118447 0.676363
box 469 422 476 426 0.115 0.240977
box 417 412 426 415 0.11373 0.416104
box 538 330 549 343 0.111645 0.734142
box 382 422 399 426 0.111249 0.229171
box 383 408 416 426 0.109842 0.273785
box 547 270 560 287 0.109189 0.537009
box 336 395 410 418 0.108645 0.522952
box 548 240 560 270 0.10123 0.305043
box 549 356 553 358 0.101044 0.434934
night_stand 336 307 516 426 0.837571 0.104732
lamp 521 78 559 295 0.135096 0.636793
lamp 523 234 539 242 0.121532 0.769649
lamp 557 92 560 98 0.113307 0.286112
lamp 521 79 559 129 0.111989 0.540201
lamp 560 263 560 267 0.105973 0.188004
lamp 557 266 560 268 0.103478 0.238927
lamp 541 79 560 98 0.102537 0.341746
garbage_bin 336 399 340 407 0.394323 0.350970
garbage_bin 546 143 560 286 0.117019 0.265028
garbage_bin 540 34 560 79 0.110414 0.335925
