chair 405 344 537 426 0.146365 0.450642
table 437 221 559 426 0.142892 0.522840
table 0 382 99 426 0.108786 0.517926
door 3 10 80 426 0.216556 0.651557
door 0 3 10 83 0.192461 0.427778
door 0 3 36 220 0.112983 0.642525
picture 185 139 229 199 0.754774 0.184942
picture 375 187 411 215 0.719315 0.150965
picture 369 187 413 331 0.385756 0.482996
picture 374 187 383 209 0.312812 0.529503
picture 324 275 376 330 0.306348 0.521453
picture 440 29 479 83 0.285695 0.658695
picture 389 4 479 80 0.284526 0.707486
picture 359 283 374 329 0.277971 0.678140
picture 112 306 133 345 0.270829 0.675310
picture 436 33 450 59 0.257807 0.692907
picture 429 35 438 56 0.251198 0.709550
picture 166 257 188 280 0.235402 0.731578
picture 187 152 210 181 0.232016 0.761611
picture 158 138 228 282 0.21334 0.750334
picture 164 254 217 288 0.206998 0.773882
picture 462 41 478 78 0.192155 0.755060
picture 452 47 464 83 0.180849 0.772832
picture 438 29 446 40 0.159442 0.709448
picture 334 177 409 224 0.157497 0.418421
picture 307 85 411 314 0.15639 0.735563
picture 468 56 473 62 0.156305 0.770249
picture 368 44 370 48 0.150423 0.795039
picture 170 406 245 426 0.149966 0.402382
picture 365 56 366 57 0.148381 0.832613
picture 108 93 175 208 0.146843 0.698980
picture 341 298 353 324 0.145189 0.773945
picture 353 293 367 305 0.140522 0.831187
picture 367 32 391 58 0.131537 0.864884
picture 368 39 379 48 0.128516 0.840052
picture 127 303 144 332 0.127496 0.820510
picture 138 321 142 327 0.113182 0.851651
picture 441 47 455 75 0.110521 0.853823
picture 368 190 375 212 0.108502 0.289195
picture 173 412 195 426 0.105444 0.627361
picture 459 44 470 48 0.105365 0.780646
picture 265 181 289 204 0.10207 0.714791
desk 18 200 489 401 0.895199 0.076104
dresser 382 354 560 426 0.201775 0.233088
pillow 546 400 560 426 0.14572 0.194202
pillow 248 35 292 80 0.127848 0.483328
mirror 0 47 97 426 0.1005 0.552412
clothes 546 400 560 425 0.178152 0.194202
clothes 250 35 290 79 0.129818 0.483328
tv 475 414 531 426 0.170143 0.216321
tv 103 96 179 189 0.137484 0.730043
tv 0 114 11 155 0.115467 0.613580
paper 333 179 383 215 0.295698 0.165140
paper 244 228 281 302 0.250354 0.680282
paper 368 191 374 212 0.213133 0.289195
paper 240 238 400 360 0.209203 0.484156
paper 275 256 301 304 0.187505 0.686497
paper 263 248 266 255 0.167424 0.806706
paper 243 266 247 279 0.154835 0.744251
paper 368 187 411 224 0.154305 0.225241
paper 239 232 248 292 0.135604 0.765016
paper 540 412 550 426 0.127304 0.322693
paper 374 187 383 208 0.121851 0.529503
paper 95 370 156 426 0.12096 0.470222
paper 287 247 292 249 0.120586 0.804952
paper 263 243 274 247 0.10647 0.870716
towel 17 208 54 335 0.209166 0.438262
towel 17 225 34 238 0.155807 0.425909
towel 1 302 37 351 0.104753 0.345347
box 222 65 222 68 0.533401 0.317621
box 158 402 167 426 0.531329 0.285251
box 219 65 222 84 0.4391 0.370903
box 301 328 396 426 0.360083 0.353361
box 333 176 378 215 0.34939 0.166920
box 359 167 360 168 0.280353 0.571838
box 256 217 402 372 0.267891 0.541341
box 119 336 369 424 0.2326 0.595561
box 352 167 365 178 0.223159 0.650800
box 97 365 217 425 0.20084 0.532077
box 372 167 378 179 0.189281 0.735613
box 368 190 375 211 0.184347 0.289195
box 309 180 403 254 0.156034 0.621468
box 376 179 378 184 0.15458 0.806524
box 147 399 243 426 0.148516 0.533242
box 539 411 549 426 0.133124 0.322693
box 320 176 332 212 0.126763 0.714928
box 172 400 207 414 0.117179 0.822229
box 367 186 412 223 0.11711 0.225241
box 438 383 531 426 0.115671 0.583490
box 467 80 479 89 0.111352 0.833862
box 123 366 158 426 0.108126 0.748721
box 319 62 361 82 0.106455 0.692812
box 300 102 363 317 0.100466 0.661591
person 405 415 419 426 0.161296 0.100977
lamp 468 332 556 380 0.194104 0.718637
lamp 471 230 557 352 0.171845 0.515611
lamp 547 384 560 402 0.140052 0.629372
lamp 289 47 305 62 0.138606 0.761099
lamp 282 0 317 47 0.130467 0.812481
lamp 534 367 559 426 0.128391 0.409167
lamp 304 47 318 62 0.109519 0.665964
lamp 183 1 355 88 0.104758 0.812782
bag 250 35 292 73 0.17967 0.483328
bag 267 182 297 204 0.125955 0.591971
bag 276 176 302 188 0.123805 0.610341
bag 546 400 560 426 0.114989 0.194202
bag 403 416 418 426 0.108865 0.100977
bag 193 331 203 334 0.101116 0.536505
garbage_bin 298 339 440 421 0.509127 0.427134
garbage_bin 289 406 294 408 0.336778 0.343281
garbage_bin 383 363 448 424 0.190376 0.669548
garbage_bin 394 368 398 380 0.177112 0.803821
garbage_bin 396 334 421 353 0.145209 0.698551
garbage_bin 387 348 417 373 0.135648 0.844195
garbage_bin 480 150 496 160 0.134322 0.580320
garbage_bin 382 361 396 374 0.134049 0.863055
garbage_bin 118 330 393 418 0.113505 0.595561
garbage_bin 401 353 404 368 0.112383 0.858461
garbage_bin 484 104 559 163 0.11157 0.507959
garbage_bin 0 218 85 426 0.106082 0.566578
garbage_bin 95 366 158 426 0.104506 0.470222
