0.596439 0.006517 0.004606 0.001666 0.101307 0.001208 0.020038 0.003584 0.005641 0.009206 0.004845 0.006917 0.000094 0.002488 0.002773 0.042319 0.080586 0.005909 0.012941 0.002561 0.034072 0.005813 0.003094 0.005171 0.001830 0.004067 0.008952 0.005404 0.002331 0.009403 0.006245 0.001972
0.364985 0.000950 0.015090 0.000528 0.000565 0.410186 0.000014 0.000009 0.000549 0.000039 0.001264 0.000006 0.203079 0.000538 0.000019 0.000007 0.000032 0.000050 0.000034 0.000079 0.000015 0.000086 0.000022 0.000015 0.001316 0.000039 0.000185 0.000091 0.000029 0.000022 0.000122 0.000037
0.707556 0.010586 0.000018 0.000308 0.000509 0.000048 0.000296 0.000463 0.000352 0.002360 0.254022 0.000262 0.000215 0.000302 0.000741 0.000449 0.001162 0.000294 0.000531 0.005483 0.003086 0.002292 0.000247 0.000360 0.001048 0.000190 0.002670 0.000186 0.001159 0.001692 0.000898 0.000216
0.745473 0.010492 0.000037 0.000349 0.000526 0.000073 0.000225 0.000436 0.000304 0.002582 0.208231 0.000228 0.000267 0.000537 0.001141 0.000343 0.001123 0.000374 0.000527 0.007067 0.003869 0.003273 0.000226 0.000441 0.001495 0.000341 0.003207 0.000282 0.002170 0.002404 0.001672 0.000284
0.746795 0.015710 0.000032 0.000514 0.000857 0.000106 0.000484 0.000742 0.000585 0.003182 0.195853 0.000367 0.000339 0.000297 0.001334 0.000724 0.001884 0.000323 0.000696 0.009248 0.004656 0.003116 0.000275 0.000565 0.001159 0.000209 0.003730 0.000310 0.001462 0.002696 0.001441 0.000310
0.665726 0.013011 0.001235 0.001780 0.001801 0.003668 0.001069 0.000491 0.001116 0.007781 0.118128 0.000343 0.001521 0.002292 0.001113 0.000738 0.001195 0.003281 0.000612 0.033148 0.014327 0.012948 0.003552 0.001193 0.002745 0.002286 0.031524 0.001219 0.032470 0.004770 0.031914 0.001003
0.714882 0.005792 0.000177 0.001269 0.002360 0.000518 0.001665 0.002445 0.002027 0.013722 0.113268 0.001474 0.000352 0.000673 0.005062 0.004692 0.006611 0.000892 0.002062 0.037666 0.016340 0.016719 0.001569 0.004236 0.002118 0.000827 0.019643 0.002189 0.004653 0.007504 0.004812 0.001783
0.006045 0.000039 0.000005 0.000009 0.000002 0.001778 0.000001 0.000000 0.000010 0.000001 0.000034 0.000000 0.992009 0.000021 0.000000 0.000000 0.000000 0.000011 0.000001 0.000001 0.000000 0.000001 0.000002 0.000001 0.000016 0.000002 0.000004 0.000001 0.000003 0.000000 0.000003 0.000001
0.579751 0.000750 0.028200 0.005000 0.007487 0.002388 0.001540 0.001244 0.002184 0.008221 0.004692 0.000821 0.001700 0.002158 0.105024 0.000482 0.069885 0.000493 0.000696 0.027046 0.061408 0.009148 0.000349 0.003161 0.003552 0.001273 0.004633 0.004131 0.002392 0.048699 0.007760 0.003734
0.282719 0.001710 0.001114 0.004993 0.005209 0.001471 0.010198 0.001309 0.000893 0.002453 0.000768 0.002465 0.000063 0.001819 0.003215 0.017387 0.499820 0.003861 0.002311 0.000524 0.077617 0.001678 0.000297 0.025022 0.001393 0.005002 0.003074 0.002856 0.000526 0.023435 0.013320 0.001477
0.176008 0.000416 0.000154 0.001126 0.000698 0.000629 0.001051 0.000552 0.000379 0.010473 0.000395 0.000735 0.000189 0.001224 0.004278 0.007609 0.355707 0.001007 0.002043 0.003818 0.254157 0.003417 0.000303 0.034836 0.000976 0.000625 0.001545 0.009263 0.000476 0.120002 0.003405 0.002503
0.450756 0.002502 0.000826 0.000739 0.000376 0.000618 0.007243 0.001040 0.002237 0.007729 0.000312 0.005022 0.000090 0.001974 0.002784 0.009642 0.320092 0.001105 0.006217 0.001105 0.085737 0.004982 0.000079 0.014481 0.003803 0.001920 0.001683 0.005315 0.000156 0.048931 0.008925 0.001581
0.281148 0.000338 0.002685 0.001707 0.001163 0.000443 0.000584 0.000340 0.000424 0.004794 0.000401 0.000441 0.000534 0.002302 0.026172 0.001598 0.245345 0.000515 0.001225 0.002699 0.238722 0.003341 0.000147 0.059410 0.002435 0.000349 0.001683 0.005794 0.000360 0.106896 0.003966 0.002041
0.684849 0.000194 0.000414 0.002226 0.000096 0.001298 0.000343 0.000163 0.000832 0.003272 0.000153 0.000296 0.001506 0.000583 0.000987 0.000618 0.194417 0.000183 0.000759 0.002272 0.039632 0.001772 0.000092 0.012820 0.000696 0.000087 0.000448 0.002680 0.000060 0.045102 0.000345 0.000805
0.736148 0.000131 0.000208 0.001682 0.000046 0.000593 0.000271 0.000121 0.000497 0.001808 0.000138 0.000241 0.000709 0.000498 0.000839 0.000325 0.141433 0.000160 0.000491 0.003561 0.060467 0.002236 0.000051 0.002315 0.000713 0.000081 0.000477 0.001812 0.000054 0.040712 0.000506 0.000677
0.463118 0.011432 0.000854 0.003979 0.020323 0.002644 0.046479 0.006303 0.045181 0.092003 0.001113 0.013483 0.000082 0.001392 0.002717 0.033604 0.045540 0.001331 0.108329 0.011323 0.007517 0.031235 0.000873 0.003656 0.002975 0.003074 0.001041 0.010044 0.000255 0.015097 0.007513 0.005489
0.281662 0.000000 0.000001 0.000000 0.000000 0.000000 0.000000 0.000000 0.000002 0.000068 0.000001 0.000000 0.000000 0.000000 0.000164 0.000000 0.000516 0.000000 0.000000 0.680996 0.005976 0.004626 0.000000 0.000000 0.000002 0.000001 0.000005 0.000084 0.000000 0.025867 0.000025 0.000002
0.228699 0.001236 0.000206 0.000646 0.000409 0.000436 0.000438 0.000519 0.001108 0.019924 0.001035 0.002107 0.000139 0.000496 0.003866 0.000207 0.001875 0.000457 0.000858 0.487605 0.008609 0.194343 0.014189 0.001338 0.004263 0.000268 0.000503 0.005806 0.000439 0.011535 0.004140 0.002299
0.434227 0.000000 0.000012 0.000001 0.000000 0.000002 0.000004 0.000003 0.000011 0.000172 0.000011 0.000004 0.000000 0.000002 0.001123 0.000000 0.006097 0.000001 0.000000 0.458758 0.034082 0.003886 0.000000 0.000003 0.000020 0.000004 0.000039 0.000183 0.000003 0.061099 0.000238 0.000015
0.513047 0.000177 0.000179 0.000153 0.000074 0.000767 0.000095 0.000147 0.001686 0.003882 0.000899 0.000111 0.000214 0.000229 0.002390 0.000067 0.005290 0.000051 0.000147 0.379158 0.009322 0.030124 0.000058 0.000165 0.002072 0.000257 0.001368 0.006688 0.000102 0.037404 0.002885 0.000792
0.628849 0.000000 0.000000 0.000000 0.000000 0.000000 0.000000 0.000000 0.000000 0.000010 0.000000 0.000000 0.000000 0.000000 0.000110 0.000000 0.000126 0.000000 0.000000 0.356304 0.001474 0.001653 0.000000 0.000000 0.000000 0.000000 0.000001 0.000008 0.000000 0.011460 0.000005 0.000000
0.129824 0.005514 0.003354 0.005766 0.016061 0.010913 0.004586 0.004639 0.003620 0.073432 0.052623 0.005439 0.001722 0.004027 0.020412 0.001903 0.011589 0.004837 0.004466 0.299993 0.021880 0.090949 0.016443 0.024555 0.005562 0.005615 0.006485 0.034954 0.018228 0.029531 0.067024 0.014054
0.714642 0.000000 0.000001 0.000000 0.000000 0.000000 0.000000 0.000000 0.000000 0.000007 0.000000 0.000000 0.000000 0.000000 0.000134 0.000000 0.000852 0.000000 0.000000 0.258907 0.006256 0.001380 0.000000 0.000000 0.000000 0.000000 0.000001 0.000006 0.000000 0.017807 0.000007 0.000000
0.700186 0.000002 0.000023 0.000003 0.000002 0.000011 0.000015 0.000010 0.000035 0.001074 0.000031 0.000013 0.000000 0.000008 0.001204 0.000002 0.002874 0.000005 0.000002 0.232019 0.015323 0.010363 0.000002 0.000006 0.000081 0.000013 0.000044 0.000517 0.000010 0.035787 0.000308 0.000026
0.706050 0.000113 0.000086 0.007716 0.000310 0.000262 0.000336 0.000224 0.000446 0.004462 0.000138 0.000232 0.000193 0.000351 0.008116 0.001479 0.002554 0.000140 0.002345 0.226385 0.001697 0.011208 0.000178 0.000602 0.004921 0.000160 0.000529 0.005289 0.000044 0.005039 0.000803 0.007591
0.111017 0.006548 0.002920 0.008077 0.030941 0.007232 0.008146 0.003591 0.003772 0.056697 0.022881 0.003374 0.001189 0.006751 0.019599 0.001733 0.009901 0.013826 0.003402 0.217828 0.021625 0.120696 0.010123 0.012553 0.004980 0.012673 0.007148 0.037535 0.018617 0.033777 0.169376 0.011471
0.780831 0.000000 0.000000 0.000000 0.000000 0.000000 0.000000 0.000000 0.000000 0.000002 0.000000 0.000000 0.000000 0.000000 0.000029 0.000000 0.000051 0.000000 0.000000 0.212364 0.001047 0.000555 0.000000 0.000000 0.000000 0.000000 0.000000 0.000001 0.000000 0.005120 0.000001 0.000000
0.721368 0.000056 0.000041 0.000140 0.000556 0.000408 0.000242 0.000072 0.000801 0.002715 0.000933 0.000054 0.000024 0.000039 0.000457 0.000073 0.000214 0.000355 0.000089 0.203183 0.004603 0.036517 0.000062 0.000100 0.000085 0.000185 0.000520 0.000850 0.000196 0.002349 0.022498 0.000215
0.658817 0.001009 0.000302 0.001739 0.001552 0.000827 0.000868 0.001177 0.001391 0.019491 0.024533 0.001229 0.000145 0.000354 0.005238 0.000363 0.003834 0.000598 0.000541 0.199929 0.006583 0.024038 0.001965 0.004997 0.001299 0.001282 0.002693 0.004362 0.002707 0.009446 0.014246 0.002445
0.690546 0.000020 0.000096 0.000023 0.000007 0.000068 0.000069 0.000061 0.000231 0.002509 0.000283 0.000045 0.000005 0.000042 0.010068 0.000014 0.014154 0.000020 0.000008 0.197233 0.019892 0.005970 0.000007 0.000087 0.000202 0.000062 0.000678 0.001732 0.000058 0.053960 0.001601 0.000253
0.708799 0.000085 0.000101 0.000028 0.000018 0.000097 0.000146 0.000120 0.000419 0.005231 0.000540 0.000124 0.000006 0.000112 0.010190 0.000033 0.009072 0.000047 0.000028 0.187951 0.014031 0.011153 0.000011 0.000145 0.000369 0.000081 0.000370 0.002215 0.000073 0.046706 0.001390 0.000306
0.740393 0.000003 0.000030 0.000008 0.000001 0.000019 0.000016 0.000014 0.000107 0.000295 0.000077 0.000010 0.000001 0.000011 0.003043 0.000002 0.010687 0.000006 0.000002 0.185867 0.015521 0.003233 0.000001 0.000022 0.000074 0.000011 0.000212 0.000356 0.000007 0.039408 0.000469 0.000095
0.372646 0.000860 0.001974 0.003594 0.002937 0.001544 0.000616 0.000220 0.000541 0.020896 0.000971 0.000250 0.000362 0.001867 0.025375 0.000473 0.021688 0.000841 0.001233 0.184603 0.025074 0.214097 0.000529 0.001278 0.003056 0.000535 0.000461 0.013845 0.000835 0.043850 0.050671 0.002278
0.743418 0.000033 0.000272 0.000166 0.000035 0.000166 0.000073 0.000074 0.000776 0.001499 0.000190 0.000076 0.000023 0.000097 0.005994 0.000030 0.009457 0.000038 0.000057 0.181544 0.007897 0.011831 0.000012 0.000145 0.000592 0.000063 0.000656 0.003564 0.000028 0.029228 0.001350 0.000615
0.743731 0.000133 0.000095 0.000260 0.000806 0.001360 0.000499 0.000133 0.000597 0.002972 0.001541 0.000124 0.000103 0.000082 0.000592 0.000106 0.000307 0.000893 0.000114 0.179995 0.004256 0.027275 0.000093 0.000302 0.000128 0.000516 0.000729 0.003545 0.000700 0.002354 0.025320 0.000336
0.761403 0.000029 0.000030 0.000012 0.000004 0.000062 0.000049 0.000035 0.000193 0.002183 0.000195 0.000037 0.000003 0.000045 0.005193 0.000010 0.006666 0.000016 0.000009 0.174181 0.007532 0.007813 0.000003 0.000044 0.000203 0.000032 0.000185 0.001144 0.000019 0.031680 0.000863 0.000129
0.818185 0.000000 0.000000 0.000000 0.000000 0.000000 0.000000 0.000000 0.000000 0.000005 0.000000 0.000000 0.000000 0.000000 0.000149 0.000000 0.000117 0.000000 0.000000 0.171722 0.001317 0.001219 0.000000 0.000000 0.000000 0.000000 0.000000 0.000001 0.000000 0.007283 0.000002 0.000000
0.319091 0.001582 0.001296 0.010084 0.027612 0.006372 0.002671 0.001630 0.001371 0.060599 0.016130 0.001854 0.000918 0.001790 0.013053 0.001318 0.011557 0.004365 0.002410 0.171282 0.023854 0.089850 0.004881 0.014962 0.002147 0.008431 0.006940 0.036213 0.011509 0.040323 0.096398 0.007507
0.824996 0.000000 0.000000 0.000000 0.000000 0.000000 0.000000 0.000000 0.000000 0.000010 0.000000 0.000000 0.000000 0.000000 0.000043 0.000000 0.000033 0.000000 0.000000 0.170864 0.000447 0.000803 0.000000 0.000000 0.000000 0.000000 0.000000 0.000007 0.000000 0.002795 0.000002 0.000000
0.632634 0.000233 0.000225 0.000098 0.000115 0.000136 0.000498 0.000415 0.000677 0.014932 0.001173 0.000478 0.000017 0.000225 0.019345 0.000146 0.013311 0.000162 0.000112 0.170639 0.033372 0.017755 0.000056 0.000614 0.000633 0.000257 0.000967 0.005529 0.000364 0.081257 0.002766 0.000858
0.828597 0.000000 0.000000 0.000000 0.000000 0.000000 0.000000 0.000000 0.000000 0.000001 0.000000 0.000000 0.000000 0.000000 0.000019 0.000000 0.000014 0.000000 0.000000 0.168218 0.000455 0.000259 0.000000 0.000000 0.000000 0.000000 0.000000 0.000000 0.000000 0.002437 0.000000 0.000000
0.838495 0.000000 0.000000 0.000000 0.000000 0.000000 0.000000 0.000000 0.000000 0.000001 0.000000 0.000000 0.000000 0.000000 0.000034 0.000000 0.000039 0.000000 0.000000 0.156207 0.000526 0.000483 0.000000 0.000000 0.000000 0.000000 0.000000 0.000000 0.000000 0.004215 0.000000 0.000000
0.597756 0.001431 0.000407 0.006486 0.001106 0.001162 0.004884 0.001834 0.000523 0.013171 0.004620 0.002866 0.000164 0.001104 0.007241 0.005938 0.013457 0.003346 0.000834 0.152128 0.033787 0.041871 0.022213 0.002549 0.002274 0.005023 0.006744 0.019888 0.005337 0.020143 0.016377 0.003335
0.748857 0.000049 0.000076 0.001040 0.000031 0.000758 0.000107 0.000062 0.000366 0.001164 0.000111 0.000061 0.000188 0.000129 0.002048 0.000036 0.009045 0.000084 0.000117 0.149203 0.003757 0.017758 0.000026 0.000324 0.000575 0.000026 0.000193 0.001868 0.000019 0.059247 0.002139 0.000534
0.757109 0.000145 0.000131 0.013647 0.000634 0.000370 0.000526 0.000265 0.000345 0.005192 0.000129 0.000687 0.000198 0.000446 0.013885 0.000765 0.002776 0.000431 0.000873 0.147343 0.002812 0.014891 0.000532 0.000983 0.002757 0.000823 0.001015 0.014871 0.000146 0.008139 0.002008 0.005127
0.827832 0.000003 0.000047 0.000016 0.000002 0.000011 0.000016 0.000010 0.000219 0.000193 0.000053 0.000007 0.000005 0.000013 0.001499 0.000001 0.004985 0.000009 0.000003 0.141755 0.007484 0.003846 0.000001 0.000032 0.000061 0.000006 0.000054 0.000082 0.000006 0.011457 0.000236 0.000055
0.653167 0.000182 0.000677 0.000148 0.000247 0.000216 0.000550 0.000401 0.000713 0.013567 0.001068 0.000539 0.000028 0.000318 0.019910 0.000139 0.016120 0.000261 0.000115 0.141229 0.035592 0.020647 0.000082 0.000669 0.000769 0.000315 0.001055 0.005636 0.000427 0.080527 0.003808 0.000878
0.768882 0.000044 0.000200 0.000034 0.000025 0.000117 0.000126 0.000113 0.000395 0.004272 0.000427 0.000110 0.000008 0.000125 0.010527 0.000027 0.009455 0.000048 0.000023 0.135610 0.014351 0.011408 0.000010 0.000115 0.000400 0.000081 0.000388 0.001807 0.000066 0.039177 0.001360 0.000272
0.670013 0.000313 0.000883 0.000261 0.000190 0.000533 0.000622 0.000515 0.001305 0.011617 0.001241 0.000385 0.000079 0.000508 0.022128 0.000187 0.019481 0.000216 0.000213 0.134427 0.029747 0.017822 0.000109 0.000407 0.002148 0.000559 0.001278 0.005904 0.000477 0.067632 0.007634 0.001167
0.667992 0.000857 0.000163 0.002056 0.003529 0.000323 0.001025 0.000981 0.000954 0.016849 0.006744 0.001447 0.000056 0.000202 0.003723 0.000639 0.003263 0.000465 0.000298 0.130682 0.013532 0.090701 0.022557 0.004553 0.000508 0.000673 0.002034 0.003167 0.003199 0.009328 0.006155 0.001346
0.826478 0.000001 0.000023 0.000002 0.000000 0.000014 0.000006 0.000005 0.000024 0.000328 0.000017 0.000004 0.000000 0.000005 0.002567 0.000001 0.004847 0.000002 0.000001 0.128708 0.007854 0.003900 0.000000 0.000005 0.000032 0.000004 0.000031 0.000185 0.000002 0.024745 0.000191 0.000017
0.751859 0.000087 0.000185 0.000409 0.000062 0.000504 0.000255 0.000179 0.000706 0.022343 0.000426 0.000116 0.000107 0.000408 0.008828 0.000114 0.014173 0.000490 0.000180 0.126407 0.015675 0.020221 0.000044 0.000341 0.001114 0.000116 0.000391 0.001814 0.000121 0.029593 0.001410 0.001322
0.651728 0.000322 0.000054 0.003332 0.002348 0.000227 0.000699 0.000434 0.000365 0.025967 0.001273 0.000723 0.000040 0.000170 0.004361 0.000508 0.002453 0.000664 0.000280 0.125199 0.011793 0.123884 0.007887 0.002873 0.000267 0.000830 0.001157 0.004323 0.002936 0.017319 0.004260 0.001322
0.636322 0.000250 0.000833 0.000257 0.000320 0.000315 0.000757 0.000483 0.000913 0.014024 0.001164 0.000682 0.000041 0.000405 0.020861 0.000206 0.018656 0.000350 0.000167 0.124267 0.042762 0.023088 0.000134 0.000869 0.000908 0.000486 0.001418 0.007590 0.000600 0.094745 0.004989 0.001137
0.691172 0.000130 0.000309 0.000131 0.000151 0.000138 0.000460 0.000320 0.000530 0.010310 0.000744 0.000363 0.000014 0.000192 0.021003 0.000089 0.011558 0.000175 0.000087 0.123555 0.033172 0.014135 0.000055 0.000545 0.000592 0.000243 0.000682 0.003906 0.000287 0.081957 0.002363 0.000635
0.453347 0.000547 0.002778 0.079450 0.031169 0.035044 0.004175 0.001472 0.001038 0.010543 0.006796 0.001005 0.000960 0.002916 0.021935 0.002038 0.008416 0.008233 0.006074 0.121377 0.023187 0.063360 0.001542 0.005191 0.003758 0.003415 0.000812 0.005654 0.003532 0.026022 0.059416 0.004795
0.805391 0.000150 0.000108 0.000403 0.001270 0.001936 0.000541 0.000180 0.001387 0.002635 0.002184 0.000118 0.000168 0.000104 0.000636 0.000114 0.000359 0.000828 0.000143 0.119801 0.004869 0.020851 0.000115 0.000276 0.000211 0.000563 0.001813 0.002382 0.000675 0.002834 0.026526 0.000429
0.468350 0.005164 0.003892 0.013602 0.014395 0.050415 0.005099 0.004632 0.003841 0.030664 0.035007 0.003888 0.003742 0.002860 0.007443 0.001929 0.007500 0.006760 0.002839 0.119234 0.015692 0.037337 0.012644 0.015770 0.003554 0.004430 0.011370 0.017992 0.011979 0.014543 0.055895 0.007537
0.422452 0.002715 0.001805 0.028266 0.021274 0.021192 0.008487 0.005054 0.007324 0.041352 0.008988 0.005778 0.001923 0.003707 0.014227 0.007061 0.011913 0.007283 0.016739 0.118301 0.026336 0.086870 0.004903 0.009414 0.004424 0.004540 0.002805 0.011385 0.004117 0.027717 0.050540 0.011108
0.275966 0.004029 0.009441 0.023260 0.027416 0.027127 0.009171 0.004408 0.003265 0.033775 0.020010 0.003751 0.003558 0.013496 0.055772 0.003340 0.021596 0.006512 0.010424 0.118171 0.018440 0.117183 0.004543 0.013531 0.012791 0.008551 0.002743 0.018122 0.016318 0.031693 0.069604 0.011993
0.813545 0.000000 0.000006 0.000003 0.000000 0.000007 0.000003 0.000002 0.000012 0.000121 0.000009 0.000002 0.000000 0.000002 0.001563 0.000000 0.009091 0.000001 0.000000 0.115807 0.012802 0.001369 0.000000 0.000005 0.000016 0.000001 0.000030 0.000126 0.000001 0.045355 0.000101 0.000017
0.312717 0.007764 0.002789 0.028658 0.023114 0.030693 0.011042 0.006693 0.012557 0.040212 0.017961 0.005025 0.013290 0.007815 0.013089 0.007369 0.033087 0.007774 0.027815 0.113160 0.055068 0.058419 0.005278 0.006843 0.009216 0.005643 0.006039 0.017043 0.008070 0.037996 0.054875 0.012885
0.693281 0.000090 0.000496 0.000234 0.000237 0.000190 0.000412 0.000220 0.000349 0.008640 0.000510 0.000314 0.000021 0.000174 0.017281 0.000103 0.011323 0.000221 0.000088 0.112620 0.039820 0.018425 0.000083 0.000586 0.000509 0.000263 0.000727 0.004694 0.000320 0.083600 0.003565 0.000605
0.854603 0.000023 0.000025 0.000096 0.000376 0.000307 0.000115 0.000035 0.000188 0.001269 0.000559 0.000022 0.000014 0.000015 0.000288 0.000030 0.000101 0.000188 0.000030 0.108331 0.002898 0.012856 0.000027 0.000061 0.000048 0.000124 0.000404 0.000520 0.000162 0.001357 0.014842 0.000087
0.877193 0.000000 0.000001 0.000001 0.000000 0.000000 0.000000 0.000000 0.000002 0.000019 0.000001 0.000000 0.000000 0.000000 0.000474 0.000000 0.000594 0.000000 0.000000 0.105042 0.001112 0.003128 0.000000 0.000001 0.000005 0.000000 0.000003 0.000013 0.000000 0.012372 0.000035 0.000003
0.176008 0.000416 0.000154 0.001126 0.000698 0.000629 0.001051 0.000552 0.000379 0.010473 0.000395 0.000735 0.000189 0.001224 0.004278 0.007609 0.355707 0.001007 0.002043 0.003818 0.254157 0.003417 0.000303 0.034836 0.000976 0.000625 0.001545 0.009263 0.000476 0.120002 0.003405 0.002503
0.281148 0.000338 0.002685 0.001707 0.001163 0.000443 0.000584 0.000340 0.000424 0.004794 0.000401 0.000441 0.000534 0.002302 0.026172 0.001598 0.245345 0.000515 0.001225 0.002699 0.238722 0.003341 0.000147 0.059410 0.002435 0.000349 0.001683 0.005794 0.000360 0.106896 0.003966 0.002041
0.284872 0.001461 0.001167 0.007339 0.006745 0.002096 0.006783 0.000985 0.000673 0.002157 0.000709 0.001424 0.000168 0.003034 0.002050 0.011950 0.488803 0.006779 0.002625 0.000429 0.100757 0.001589 0.000275 0.013037 0.001438 0.004398 0.004195 0.002536 0.000589 0.024398 0.013173 0.001370
0.112449 0.000918 0.000318 0.003602 0.006015 0.001190 0.000500 0.000756 0.001051 0.019254 0.001247 0.001598 0.000292 0.000513 0.008271 0.000510 0.002423 0.001556 0.002460 0.221842 0.025717 0.500977 0.018677 0.003078 0.002542 0.001283 0.005772 0.011971 0.005596 0.018533 0.011331 0.007757
0.485646 0.000083 0.000192 0.000572 0.000543 0.000304 0.000080 0.000020 0.000164 0.000568 0.000215 0.000016 0.000011 0.000225 0.001118 0.000006 0.001499 0.000218 0.000039 0.025826 0.000488 0.401902 0.000003 0.000055 0.000447 0.000338 0.000156 0.004851 0.000058 0.004075 0.070085 0.000197
0.502136 0.000306 0.000098 0.013262 0.001788 0.003573 0.000787 0.000594 0.000693 0.003928 0.000945 0.000270 0.000272 0.000213 0.003560 0.000576 0.001980 0.008889 0.002081 0.054600 0.010128 0.269409 0.001635 0.000443 0.001043 0.005171 0.020450 0.010510 0.003584 0.005418 0.058893 0.012768
0.637667 0.001257 0.000640 0.005234 0.001778 0.002752 0.000473 0.000195 0.001592 0.003637 0.000546 0.000187 0.000126 0.001412 0.001856 0.000113 0.001799 0.000784 0.000650 0.026793 0.000658 0.268653 0.000112 0.000413 0.002172 0.000529 0.000313 0.011109 0.000154 0.003946 0.020916 0.001532
0.372646 0.000860 0.001974 0.003594 0.002937 0.001544 0.000616 0.000220 0.000541 0.020896 0.000971 0.000250 0.000362 0.001867 0.025375 0.000473 0.021688 0.000841 0.001233 0.184603 0.025074 0.214097 0.000529 0.001278 0.003056 0.000535 0.000461 0.013845 0.000835 0.043850 0.050671 0.002278
0.422584 0.002170 0.004966 0.034205 0.018941 0.018047 0.004736 0.002531 0.002058 0.021806 0.009787 0.002127 0.001713 0.008966 0.039367 0.002001 0.014624 0.005175 0.006006 0.095668 0.012172 0.147548 0.002910 0.007967 0.009726 0.003747 0.001746 0.012124 0.005431 0.024139 0.047191 0.007821
0.835637 0.000188 0.000126 0.000285 0.000296 0.000253 0.000030 0.000016 0.000115 0.000434 0.000291 0.000005 0.000025 0.000310 0.000738 0.000007 0.001365 0.000040 0.000097 0.003870 0.000183 0.146197 0.000004 0.000036 0.001576 0.000052 0.000079 0.001177 0.000015 0.002149 0.004191 0.000214
0.399849 0.012269 0.000887 0.090018 0.006092 0.039284 0.015662 0.004321 0.006956 0.013922 0.013803 0.002581 0.003657 0.013211 0.002853 0.009067 0.009560 0.048288 0.014255 0.028610 0.011901 0.124176 0.003911 0.008429 0.007640 0.002331 0.002679 0.012207 0.002118 0.019048 0.054581 0.015834
0.651728 0.000322 0.000054 0.003332 0.002348 0.000227 0.000699 0.000434 0.000365 0.025967 0.001273 0.000723 0.000040 0.000170 0.004361 0.000508 0.002453 0.000664 0.000280 0.125199 0.011793 0.123884 0.007887 0.002873 0.000267 0.000830 0.001157 0.004323 0.002936 0.017319 0.004260 0.001322
0.111017 0.006548 0.002920 0.008077 0.030941 0.007232 0.008146 0.003591 0.003772 0.056697 0.022881 0.003374 0.001189 0.006751 0.019599 0.001733 0.009901 0.013826 0.003402 0.217828 0.021625 0.120696 0.010123 0.012553 0.004980 0.012673 0.007148 0.037535 0.018617 0.033777 0.169376 0.011471
0.404729 0.003911 0.003680 0.024702 0.019345 0.021035 0.006277 0.003993 0.003900 0.046455 0.010781 0.003451 0.002481 0.009358 0.031568 0.005285 0.017797 0.006590 0.015228 0.076010 0.025881 0.115216 0.004966 0.010067 0.012488 0.004924 0.003631 0.011708 0.007600 0.033053 0.043608 0.010282
0.827621 0.000005 0.000036 0.000410 0.000043 0.000035 0.000057 0.000030 0.000065 0.000876 0.000146 0.000023 0.000011 0.000050 0.001147 0.000026 0.001205 0.000139 0.000054 0.053801 0.003468 0.104074 0.000031 0.000118 0.000074 0.000086 0.000167 0.000370 0.000080 0.003059 0.002303 0.000390
0.332957 0.000229 0.000450 0.000755 0.000119 0.000260 0.000391 0.000178 0.000279 0.004432 0.000164 0.000375 0.000323 0.000927 0.003255 0.001592 0.259990 0.000259 0.000707 0.001641 0.153746 0.001565 0.000082 0.113755 0.000829 0.000100 0.000721 0.004743 0.000116 0.112829 0.000965 0.001266
0.837729 0.020441 0.000036 0.000049 0.000075 0.000855 0.000030 0.000018 0.000546 0.000561 0.001144 0.000015 0.000702 0.003950 0.000057 0.000016 0.000060 0.000042 0.000730 0.000619 0.000038 0.002173 0.000016 0.000013 0.129039 0.000023 0.000053 0.000204 0.000009 0.000128 0.000498 0.000134
0.167988 0.000486 0.000148 0.001371 0.000801 0.000706 0.001107 0.000651 0.000459 0.013098 0.000468 0.000815 0.000245 0.001358 0.004168 0.008357 0.346291 0.001134 0.002457 0.004336 0.247440 0.003970 0.000384 0.038056 0.001071 0.000705 0.001756 0.010375 0.000560 0.132689 0.003515 0.003036
0.332957 0.000229 0.000450 0.000755 0.000119 0.000260 0.000391 0.000178 0.000279 0.004432 0.000164 0.000375 0.000323 0.000927 0.003255 0.001592 0.259990 0.000259 0.000707 0.001641 0.153746 0.001565 0.000082 0.113755 0.000829 0.000100 0.000721 0.004743 0.000116 0.112829 0.000965 0.001266
0.358104 0.000361 0.002329 0.001522 0.001326 0.000424 0.000649 0.000356 0.000455 0.005191 0.000512 0.000446 0.000475 0.002284 0.029763 0.001583 0.196127 0.000568 0.001134 0.003389 0.205179 0.003851 0.000159 0.063899 0.002486 0.000435 0.001744 0.006177 0.000375 0.102132 0.004676 0.001890
0.111017 0.006548 0.002920 0.008077 0.030941 0.007232 0.008146 0.003591 0.003772 0.056697 0.022881 0.003374 0.001189 0.006751 0.019599 0.001733 0.009901 0.013826 0.003402 0.217828 0.021625 0.120696 0.010123 0.012553 0.004980 0.012673 0.007148 0.037535 0.018617 0.033777 0.169376 0.011471
0.362624 0.016540 0.006266 0.012029 0.014318 0.031726 0.010087 0.006016 0.007309 0.037499 0.021339 0.003530 0.009772 0.009932 0.013527 0.004931 0.011071 0.020475 0.085798 0.052440 0.008736 0.037320 0.012415 0.009410 0.012366 0.010937 0.004187 0.018718 0.015325 0.017835 0.101623 0.013903
