bed 0 261 246 426 0.513505 0.068698
chair 157 209 227 334 0.306163 0.503093
chair 365 255 396 344 0.258907 0.732540
chair 338 270 480 372 0.180004 0.475368
chair 0 285 20 426 0.114477 0.443918
sofa 5 256 229 425 0.104415 0.128788
table 369 273 560 409 0.960309 0.014201
door 348 202 352 267 0.367173 0.472040
door 16 99 72 275 0.128836 0.756485
door 347 191 351 212 0.10515 0.658809
picture 363 157 378 187 0.38215 0.303768
picture 292 160 305 190 0.334652 0.481110
picture 386 112 506 257 0.283672 0.580042
picture 296 159 302 166 0.235535 0.515342
picture 484 208 510 237 0.13536 0.571105
picture 498 215 510 232 0.112482 0.596632
pillow 3 282 42 309 0.324154 0.670441
pillow 154 226 225 292 0.175973 0.287879
pillow 21 276 55 298 0.149461 0.835716
pillow 10 301 131 422 0.143883 0.139082
pillow 33 300 35 304 0.11003 0.889939
clothes 10 295 137 426 0.425501 0.164670
clothes 104 223 232 416 0.335291 0.329358
clothes 3 278 37 426 0.21148 0.490193
clothes 229 236 272 277 0.121979 0.785219
clothes 13 384 32 424 0.121417 0.295786
clothes 237 276 272 286 0.104884 0.808818
paper 542 388 547 393 0.265814 0.373816
paper 466 293 472 298 0.172205 0.809252
paper 503 410 511 415 0.165316 0.625941
paper 504 394 536 415 0.164348 0.575956
paper 471 290 482 294 0.162891 0.792128
paper 363 156 378 186 0.159612 0.303768
paper 546 398 553 405 0.156208 0.453971
paper 449 288 472 297 0.147948 0.793375
paper 443 404 447 407 0.146801 0.476789
paper 297 159 302 166 0.136918 0.515342
paper 446 407 453 411 0.119462 0.584259
paper 501 251 502 253 0.119418 0.598230
paper 466 197 475 206 0.118138 0.339552
paper 281 158 291 165 0.115791 0.656914
paper 387 422 397 424 0.110365 0.500485
paper 441 277 482 290 0.109487 0.796198
paper 125 382 146 426 0.106122 0.476827
paper 385 420 431 426 0.101431 0.339590
paper 483 412 497 416 0.100831 0.773126
towel 14 387 31 426 0.257061 0.295786
towel 105 277 239 426 0.243944 0.418208
towel 308 215 310 220 0.139628 0.756283
towel 306 218 312 225 0.132391 0.746973
towel 0 341 8 426 0.117364 0.555891
box 479 255 560 285 0.755986 0.173712
box 479 257 496 267 0.591772 0.337053
box 492 264 512 288 0.586098 0.357260
box 496 262 530 276 0.493462 0.374611
box 479 254 498 288 0.487346 0.464897
box 496 257 551 264 0.465628 0.283894
box 495 262 498 266 0.339144 0.541180
box 488 249 497 258 0.29508 0.534229
box 510 274 514 288 0.190507 0.727411
box 542 388 548 393 0.189427 0.373816
box 468 266 484 276 0.172519 0.794398
box 442 404 448 407 0.171555 0.476789
box 501 253 535 260 0.167569 0.508461
box 531 259 559 271 0.164707 0.444055
box 505 393 537 414 0.152186 0.666093
box 459 198 465 209 0.137806 0.300278
box 445 193 449 196 0.136247 0.494257
box 280 158 291 165 0.134432 0.656914
box 448 198 457 206 0.118701 0.438649
box 510 285 514 288 0.116061 0.833906
box 466 197 475 205 0.115867 0.339552
person 225 135 307 311 0.980725 0.018544
person 231 164 277 252 0.721046 0.278907
person 261 217 275 240 0.413736 0.578310
person 272 193 301 276 0.288425 0.682075
person 214 119 252 343 0.225947 0.765040
person 261 154 312 239 0.195424 0.801262
person 225 200 237 215 0.195222 0.804765
person 222 196 236 279 0.17732 0.762397
person 276 201 286 214 0.139882 0.859906
person 297 186 312 228 0.10575 0.731331
person 130 154 241 426 0.104336 0.553207
bag 14 387 31 426 0.119401 0.295786
bag 104 275 248 426 0.109989 0.483756
garbage_bin 315 272 363 310 0.500831 0.376107
garbage_bin 325 278 350 290 0.467255 0.485485
garbage_bin 177 237 208 257 0.445078 0.447878
garbage_bin 332 278 335 282 0.334341 0.623294
garbage_bin 210 227 219 256 0.288503 0.466228
garbage_bin 170 224 210 240 0.186333 0.588915
garbage_bin 354 278 359 281 0.127813 0.794769
garbage_bin 324 267 351 282 0.10042 0.674080
