cabinet 221 233 305 341 0.941637 0.050214
cabinet 31 159 264 344 0.781447 0.209937
cabinet 222 28 340 360 0.540148 0.362636
cabinet 5 195 117 282 0.168149 0.772092
chair 76 325 286 418 0.806939 0.168255
chair 346 335 474 421 0.739971 0.242822
chair 264 298 351 420 0.557282 0.373518
chair 19 326 120 415 0.535602 0.240051
chair 60 348 120 375 0.383158 0.560354
chair 78 362 116 407 0.347273 0.533770
chair 401 339 457 387 0.241137 0.744426
chair 107 333 146 426 0.219254 0.767982
chair 3 276 46 288 0.203526 0.644163
chair 1 276 16 283 0.175354 0.662017
chair 338 331 353 401 0.161273 0.828259
chair 7 350 87 378 0.153984 0.702307
chair 140 277 158 286 0.142072 0.756633
chair 142 325 184 418 0.126456 0.748952
chair 0 259 10 276 0.125823 0.825352
chair 102 263 181 303 0.119674 0.798594
chair 133 271 145 276 0.117656 0.840107
chair 529 424 531 426 0.116992 0.135278
chair 463 329 530 420 0.114273 0.676990
chair 103 332 125 349 0.112405 0.846470
chair 52 270 180 346 0.110214 0.688556
chair 70 339 120 359 0.109265 0.852107
chair 318 325 334 340 0.105678 0.723556
chair 334 331 336 341 0.104866 0.807381
chair 341 338 344 344 0.100131 0.863728
sofa 17 280 186 408 0.788785 0.143862
sofa 117 297 245 414 0.532574 0.268291
sofa 164 316 179 328 0.236141 0.561655
sofa 4 310 134 365 0.217482 0.705170
sofa 124 317 180 335 0.180995 0.530507
table 434 322 557 420 0.607029 0.334368
table 3 334 119 421 0.377344 0.390812
table 13 46 221 378 0.252103 0.665914
table 240 328 364 420 0.195016 0.588836
table 352 295 416 417 0.18619 0.179948
table 0 262 84 278 0.12877 0.752013
door 221 211 224 218 0.144885 0.707809
bookshelf 236 60 307 265 0.50472 0.460344
bookshelf 239 185 305 240 0.277113 0.641495
bookshelf 230 21 456 275 0.102103 0.860777
picture 236 172 244 192 0.203184 0.574080
picture 245 173 261 193 0.147678 0.648734
picture 534 321 559 331 0.12345 0.583176
picture 2 153 56 220 0.112265 0.705162
pillow 6 303 96 343 0.487071 0.490859
pillow 32 309 52 320 0.321787 0.645736
pillow 4 286 63 325 0.291972 0.670797
mirror 451 5 559 340 0.19386 0.529477
tv 0 407 73 426 0.127346 0.461075
paper 2 223 26 244 0.159652 0.263747
paper 158 0 179 7 0.159439 0.406767
paper 236 172 244 191 0.149981 0.574080
paper 245 173 260 192 0.146611 0.648734
paper 3 44 99 128 0.117399 0.840842
paper 147 0 157 4 0.115057 0.523416
paper 6 145 32 155 0.108799 0.687389
box 221 271 230 277 0.750902 0.243376
box 220 276 227 283 0.600919 0.385597
box 220 271 240 283 0.254694 0.723845
box 2 221 25 245 0.197911 0.263747
box 303 30 324 54 0.162803 0.768664
box 145 1 181 7 0.158143 0.385619
box 44 69 66 81 0.154352 0.776730
box 103 4 174 64 0.135791 0.665708
box 359 310 411 353 0.130093 0.312410
box 308 54 319 61 0.127337 0.759626
box 146 0 158 4 0.117659 0.523416
box 133 44 176 70 0.116557 0.547798
box 319 48 340 63 0.103548 0.849143
lamp 360 214 415 315 0.899576 0.093207
lamp 363 170 452 367 0.722465 0.248048
lamp 384 260 416 310 0.603474 0.378627
lamp 359 215 407 243 0.480386 0.513741
lamp 381 246 383 249 0.468218 0.512320
lamp 365 238 384 315 0.380893 0.609007
lamp 382 232 428 255 0.295434 0.667515
lamp 382 243 397 249 0.272207 0.706989
lamp 366 243 381 253 0.221786 0.777694
lamp 3 174 40 244 0.150794 0.658466
lamp 369 215 389 224 0.145248 0.851249
lamp 343 90 404 327 0.143771 0.821127
lamp 534 320 559 331 0.104224 0.583176
bag 146 1 157 4 0.126134 0.523416
bag 147 1 179 6 0.100108 0.385619
garbage_bin 313 334 347 415 0.307065 0.663650
