0.120860 0.000003 0.000002 0.866303 0.000004 0.010558 0.000002 0.000002 0.000005 0.000006 0.000009 0.000001 0.002052 0.000006 0.000005 0.000002 0.000010 0.000017 0.000004 0.000011 0.000006 0.000027 0.000005 0.000023 0.000013 0.000002 0.000002 0.000009 0.000001 0.000023 0.000006 0.000022
0.044430 0.000090 0.000105 0.803843 0.000183 0.053525 0.000021 0.000017 0.000051 0.000041 0.000103 0.000011 0.094547 0.000163 0.000053 0.000019 0.000234 0.000199 0.000162 0.000074 0.000166 0.000337 0.000014 0.000145 0.000304 0.000028 0.000062 0.000202 0.000021 0.000343 0.000241 0.000266
0.432190 0.000105 0.000212 0.476584 0.015848 0.060586 0.000051 0.000039 0.000323 0.000188 0.000661 0.000030 0.008598 0.000076 0.000149 0.000030 0.000146 0.000122 0.000081 0.000272 0.000079 0.000941 0.000136 0.000417 0.000312 0.000134 0.000298 0.000547 0.000040 0.000189 0.000327 0.000289
0.617465 0.000374 0.000525 0.318392 0.003407 0.006594 0.000377 0.000153 0.000227 0.001940 0.000192 0.000146 0.001488 0.000962 0.006759 0.000294 0.008636 0.000574 0.000905 0.001345 0.004176 0.003059 0.000193 0.001281 0.000727 0.000297 0.000352 0.004251 0.000213 0.007345 0.005169 0.002183
0.534587 0.000407 0.000162 0.303312 0.000392 0.072067 0.000236 0.000091 0.000421 0.001483 0.000214 0.000099 0.054829 0.000957 0.000385 0.000229 0.001656 0.000630 0.000667 0.001199 0.000440 0.004972 0.001033 0.002188 0.001187 0.000245 0.000199 0.008116 0.000096 0.003458 0.001708 0.002337
0.704008 0.000364 0.000083 0.209130 0.000604 0.001100 0.000350 0.000159 0.000200 0.003181 0.000093 0.000160 0.000108 0.000384 0.001511 0.000582 0.001536 0.001388 0.000459 0.009134 0.000619 0.022599 0.000605 0.000483 0.000550 0.000242 0.000332 0.035167 0.000067 0.002123 0.000577 0.002103
0.647647 0.000643 0.000824 0.189627 0.003020 0.068830 0.000815 0.000425 0.001105 0.002230 0.000982 0.000272 0.004011 0.002154 0.001992 0.000623 0.005781 0.004381 0.003344 0.005809 0.004083 0.008519 0.000356 0.002866 0.001337 0.000740 0.000748 0.008976 0.000626 0.011621 0.012339 0.003273
0.798507 0.000054 0.000009 0.184452 0.000008 0.003549 0.000031 0.000021 0.000070 0.000073 0.000075 0.000014 0.009460 0.000041 0.000031 0.000016 0.000158 0.000119 0.000081 0.000569 0.000063 0.001160 0.000048 0.000122 0.000142 0.000020 0.000025 0.000151 0.000008 0.000517 0.000137 0.000270
0.805160 0.000014 0.000017 0.178952 0.000013 0.013628 0.000013 0.000008 0.000017 0.000094 0.000060 0.000008 0.000205 0.000022 0.000089 0.000023 0.000074 0.000035 0.000009 0.000355 0.000116 0.000378 0.000016 0.000075 0.000028 0.000023 0.000041 0.000190 0.000010 0.000164 0.000106 0.000054
0.456200 0.000133 0.000120 0.169254 0.000275 0.145525 0.000053 0.000033 0.000119 0.000119 0.000260 0.000027 0.216826 0.000180 0.000197 0.000030 0.000188 0.000136 0.000111 0.001881 0.000079 0.003370 0.000097 0.000315 0.000596 0.000161 0.000537 0.001008 0.000045 0.000596 0.000399 0.001131
0.821603 0.000032 0.000022 0.166575 0.000038 0.007360 0.000018 0.000007 0.000072 0.000105 0.000011 0.000012 0.001703 0.000041 0.000028 0.000010 0.000056 0.000034 0.000018 0.000218 0.000009 0.000565 0.000043 0.000087 0.000049 0.000008 0.000013 0.001021 0.000002 0.000071 0.000020 0.000147
0.410423 0.001369 0.002594 0.153671 0.029212 0.069283 0.007217 0.003907 0.003219 0.013078 0.011651 0.002264 0.004920 0.005254 0.016831 0.003755 0.009923 0.006873 0.010931 0.065045 0.019574 0.048326 0.002994 0.011214 0.006281 0.002901 0.001608 0.005645 0.004398 0.027740 0.030833 0.007065
0.831024 0.000049 0.000010 0.149383 0.000150 0.010750 0.000024 0.000009 0.000097 0.000028 0.000813 0.000006 0.006569 0.000017 0.000016 0.000008 0.000024 0.000065 0.000017 0.000151 0.000020 0.000189 0.000037 0.000029 0.000093 0.000047 0.000130 0.000063 0.000019 0.000035 0.000071 0.000055
0.400482 0.001054 0.000886 0.142796 0.001682 0.157319 0.000178 0.000091 0.000652 0.000940 0.000462 0.000118 0.244053 0.002853 0.000625 0.000104 0.001391 0.000478 0.000955 0.003485 0.000224 0.024308 0.000472 0.001338 0.002400 0.000101 0.000290 0.004497 0.000079 0.001847 0.001092 0.002745
0.864616 0.000008 0.000003 0.132453 0.000020 0.001772 0.000007 0.000002 0.000006 0.000060 0.000021 0.000002 0.000103 0.000005 0.000038 0.000006 0.000020 0.000011 0.000003 0.000266 0.000055 0.000274 0.000013 0.000046 0.000009 0.000008 0.000010 0.000056 0.000006 0.000067 0.000016 0.000018
0.693849 0.002096 0.000264 0.132194 0.003434 0.006339 0.003890 0.000770 0.001964 0.013587 0.000744 0.001588 0.006046 0.002402 0.003280 0.000997 0.006481 0.003079 0.001158 0.010101 0.003235 0.009773 0.005207 0.005887 0.001800 0.002347 0.000519 0.051891 0.000692 0.007808 0.011624 0.004954
0.729563 0.000058 0.000009 0.131264 0.000039 0.133714 0.000005 0.000003 0.000016 0.000014 0.000353 0.000002 0.004635 0.000007 0.000004 0.000002 0.000004 0.000029 0.000006 0.000031 0.000007 0.000077 0.000007 0.000016 0.000030 0.000008 0.000019 0.000020 0.000004 0.000009 0.000020 0.000023
0.465288 0.002141 0.002889 0.127285 0.015762 0.038729 0.000777 0.000682 0.002513 0.012446 0.002434 0.000840 0.005318 0.008522 0.027283 0.000331 0.007924 0.000934 0.001313 0.035048 0.003232 0.177218 0.000442 0.006407 0.006058 0.000463 0.000744 0.012462 0.000865 0.019224 0.010586 0.003837
0.876696 0.000003 0.000002 0.121920 0.000006 0.000288 0.000004 0.000002 0.000006 0.000015 0.000006 0.000002 0.000155 0.000005 0.000021 0.000002 0.000140 0.000010 0.000004 0.000067 0.000045 0.000088 0.000007 0.000094 0.000011 0.000002 0.000003 0.000037 0.000001 0.000314 0.000012 0.000031
0.868686 0.000016 0.000017 0.113488 0.000074 0.004342 0.000024 0.000019 0.000036 0.000154 0.000029 0.000012 0.001362 0.000054 0.000145 0.000025 0.001499 0.000082 0.000049 0.000213 0.000217 0.000340 0.000056 0.004498 0.000128 0.000009 0.000015 0.000222 0.000005 0.003821 0.000097 0.000265
0.859679 0.000037 0.000029 0.112687 0.000616 0.023149 0.000007 0.000009 0.000043 0.000049 0.000381 0.000007 0.001996 0.000015 0.000046 0.000007 0.000053 0.000023 0.000014 0.000155 0.000035 0.000211 0.000011 0.000163 0.000059 0.000015 0.000131 0.000151 0.000007 0.000073 0.000059 0.000082
0.814852 0.000494 0.000588 0.111473 0.001181 0.013654 0.000496 0.000287 0.001211 0.003024 0.001447 0.000495 0.001149 0.000499 0.001041 0.000408 0.002189 0.000575 0.000433 0.010247 0.002064 0.012896 0.000861 0.005475 0.000519 0.000381 0.000810 0.003573 0.000337 0.003320 0.002874 0.001146
0.694280 0.000113 0.000153 0.104193 0.000188 0.085860 0.000060 0.000060 0.000149 0.000486 0.000204 0.000045 0.103482 0.000270 0.000225 0.000039 0.001181 0.000190 0.000163 0.001960 0.000194 0.000940 0.000192 0.001038 0.000463 0.000054 0.000163 0.001088 0.000033 0.001464 0.000284 0.000789
0.210460 0.005667 0.007834 0.101492 0.057371 0.054936 0.013776 0.007276 0.006038 0.023195 0.023001 0.005614 0.010096 0.015774 0.040033 0.007703 0.020557 0.010263 0.024156 0.061613 0.027466 0.061717 0.006599 0.023800 0.017170 0.008347 0.003535 0.009831 0.012851 0.053622 0.055077 0.013131
0.893703 0.000006 0.000009 0.101370 0.000008 0.004232 0.000005 0.000002 0.000002 0.000046 0.000019 0.000001 0.000046 0.000007 0.000037 0.000005 0.000024 0.000007 0.000001 0.000188 0.000036 0.000093 0.000007 0.000023 0.000012 0.000008 0.000003 0.000035 0.000002 0.000042 0.000011 0.000011
0.748957 0.000233 0.000173 0.101038 0.001158 0.050192 0.000136 0.000091 0.000554 0.001061 0.000229 0.000115 0.073830 0.000463 0.000679 0.000082 0.000913 0.000221 0.000274 0.004271 0.000317 0.005599 0.000498 0.001258 0.000672 0.000129 0.000286 0.003874 0.000070 0.001097 0.000465 0.001067
0.779262 0.000240 0.000074 0.100493 0.001146 0.003327 0.000172 0.000148 0.000778 0.001661 0.000805 0.000155 0.001422 0.000233 0.000733 0.000126 0.000964 0.000835 0.000252 0.013845 0.000744 0.078135 0.000389 0.001909 0.000239 0.000166 0.000675 0.005710 0.000116 0.002787 0.000913 0.001545
0.675583 0.005526 0.000584 0.100011 0.002863 0.007689 0.004978 0.002422 0.004439 0.011489 0.001858 0.002941 0.002880 0.001997 0.011402 0.002564 0.015547 0.003174 0.002907 0.014558 0.005395 0.015218 0.004064 0.005796 0.003048 0.005083 0.006158 0.030614 0.002059 0.019179 0.019265 0.008709
0.079481 0.000047 0.000023 0.008508 0.000019 0.622233 0.000002 0.000001 0.000026 0.000001 0.000326 0.000001 0.289207 0.000015 0.000001 0.000001 0.000002 0.000007 0.000004 0.000004 0.000001 0.000006 0.000004 0.000004 0.000023 0.000006 0.000018 0.000008 0.000005 0.000002 0.000006 0.000008
0.094022 0.000151 0.000308 0.063462 0.000065 0.581589 0.000025 0.000017 0.000111 0.000040 0.000148 0.000011 0.258370 0.000319 0.000022 0.000016 0.000048 0.000132 0.000055 0.000039 0.000018 0.000134 0.000046 0.000113 0.000285 0.000038 0.000034 0.000118 0.000018 0.000060 0.000059 0.000129
0.183163 0.000155 0.000071 0.108515 0.000118 0.554622 0.000015 0.000011 0.000039 0.000036 0.000181 0.000006 0.150569 0.000084 0.000033 0.000008 0.000036 0.000102 0.000056 0.000129 0.000038 0.000550 0.000010 0.000070 0.000856 0.000026 0.000058 0.000116 0.000011 0.000073 0.000098 0.000142
0.318990 0.000991 0.000598 0.009839 0.000082 0.470885 0.000039 0.000033 0.000083 0.000241 0.002315 0.000021 0.188633 0.000621 0.000085 0.000024 0.000104 0.000494 0.000134 0.000733 0.000159 0.001910 0.000082 0.000221 0.000622 0.000124 0.000330 0.000482 0.000172 0.000349 0.000473 0.000131
0.409505 0.000041 0.000194 0.008498 0.000354 0.293197 0.000007 0.000007 0.000058 0.000113 0.000524 0.000004 0.285022 0.000138 0.000043 0.000005 0.000112 0.000032 0.000029 0.000537 0.000033 0.000584 0.000027 0.000170 0.000190 0.000008 0.000080 0.000126 0.000021 0.000120 0.000074 0.000147
0.543489 0.000087 0.000110 0.081298 0.000309 0.138303 0.000033 0.000028 0.000243 0.000277 0.000226 0.000019 0.228192 0.000189 0.000130 0.000015 0.000443 0.000130 0.000092 0.001517 0.000106 0.001699 0.000104 0.000393 0.000541 0.000038 0.000122 0.000642 0.000020 0.000522 0.000290 0.000393
0.733145 0.000255 0.000445 0.069886 0.000363 0.113563 0.000172 0.000185 0.000290 0.001229 0.000586 0.000126 0.052001 0.000607 0.000605 0.000137 0.004529 0.000639 0.000434 0.003468 0.000643 0.002181 0.000603 0.002479 0.000803 0.000125 0.000456 0.002936 0.000127 0.004218 0.000707 0.002059
0.136961 0.000081 0.000053 0.000207 0.000205 0.000061 0.000689 0.000373 0.001181 0.702191 0.000106 0.000220 0.000028 0.000194 0.002007 0.000627 0.000427 0.010963 0.000200 0.099464 0.003002 0.029072 0.001179 0.001411 0.000118 0.000490 0.000126 0.003690 0.000530 0.002840 0.000313 0.000992
0.253006 0.000040 0.000004 0.000101 0.000011 0.000035 0.000175 0.000101 0.000427 0.615194 0.000065 0.000032 0.000009 0.000036 0.000457 0.000117 0.000098 0.002562 0.000078 0.105994 0.000727 0.017989 0.000158 0.000255 0.000068 0.000087 0.000022 0.000613 0.000074 0.001085 0.000083 0.000296
0.271488 0.000388 0.000092 0.000545 0.000415 0.000143 0.000926 0.000494 0.008549 0.598404 0.000253 0.000244 0.000225 0.000537 0.003576 0.000709 0.000690 0.013943 0.000644 0.054807 0.001549 0.024030 0.000383 0.002684 0.000291 0.000601 0.000130 0.005581 0.000381 0.004240 0.000543 0.002514
0.367184 0.000015 0.000014 0.000097 0.000022 0.000043 0.000078 0.000068 0.000546 0.556623 0.000066 0.000020 0.000008 0.000032 0.000304 0.000061 0.000092 0.005548 0.000035 0.051393 0.000605 0.015414 0.000047 0.000184 0.000029 0.000061 0.000031 0.000284 0.000107 0.000692 0.000046 0.000253
0.423660 0.000168 0.000028 0.000173 0.000103 0.000027 0.000463 0.000197 0.002554 0.500481 0.000071 0.000165 0.000032 0.000142 0.001355 0.000356 0.000295 0.009364 0.000131 0.042129 0.000961 0.008877 0.000258 0.000855 0.000083 0.000352 0.000054 0.003769 0.000174 0.001784 0.000218 0.000721
0.425331 0.000288 0.000019 0.000705 0.000069 0.000175 0.000914 0.000353 0.000674 0.413546 0.000223 0.000240 0.000034 0.000191 0.001645 0.000601 0.000421 0.006009 0.000326 0.108234 0.001650 0.026379 0.001853 0.000984 0.000325 0.000528 0.000081 0.003276 0.000249 0.003247 0.000592 0.000837
0.415189 0.000021 0.000004 0.000144 0.000026 0.000073 0.000187 0.000173 0.000364 0.388418 0.000104 0.000045 0.000009 0.000027 0.000555 0.000168 0.000164 0.002975 0.000064 0.163719 0.001693 0.021770 0.000384 0.000299 0.000054 0.000181 0.000058 0.000846 0.000113 0.001522 0.000260 0.000393
0.469207 0.000686 0.000155 0.002282 0.001048 0.000901 0.001643 0.000796 0.007000 0.349201 0.000935 0.000577 0.000440 0.001155 0.005831 0.001452 0.001202 0.009355 0.000663 0.081535 0.002041 0.032597 0.001193 0.003820 0.000541 0.000948 0.000374 0.013815 0.000675 0.004214 0.001260 0.002459
0.499466 0.000050 0.000037 0.000490 0.000101 0.000096 0.000234 0.000211 0.001177 0.347467 0.000225 0.000093 0.000055 0.000096 0.000977 0.000129 0.000324 0.004766 0.000101 0.090834 0.001665 0.045477 0.000251 0.001034 0.000101 0.000240 0.000122 0.001054 0.000274 0.001690 0.000178 0.000984
0.485240 0.000149 0.000056 0.000237 0.000223 0.000152 0.000588 0.000298 0.001317 0.344723 0.000271 0.000314 0.000045 0.000264 0.003186 0.000576 0.000761 0.005212 0.000149 0.114435 0.003320 0.020246 0.000541 0.001026 0.000185 0.000596 0.000264 0.008998 0.000484 0.004318 0.000932 0.000896
0.569614 0.000007 0.000002 0.000054 0.000008 0.000013 0.000037 0.000023 0.000548 0.342953 0.000027 0.000005 0.000002 0.000015 0.000177 0.000037 0.000060 0.002258 0.000021 0.064607 0.000308 0.018225 0.000007 0.000042 0.000023 0.000025 0.000011 0.000104 0.000031 0.000588 0.000029 0.000139
0.544363 0.000008 0.000001 0.000043 0.000006 0.000022 0.000054 0.000045 0.000242 0.337071 0.000039 0.000011 0.000002 0.000010 0.000235 0.000053 0.000059 0.001626 0.000017 0.103149 0.000613 0.010847 0.000047 0.000089 0.000019 0.000053 0.000016 0.000303 0.000029 0.000697 0.000085 0.000143
0.643282 0.000010 0.000005 0.000084 0.000005 0.000032 0.000046 0.000038 0.000359 0.276677 0.000049 0.000009 0.000004 0.000017 0.000247 0.000032 0.000063 0.002273 0.000020 0.062421 0.000438 0.012825 0.000013 0.000083 0.000024 0.000025 0.000014 0.000122 0.000039 0.000588 0.000031 0.000124
0.656187 0.000618 0.000112 0.003992 0.001551 0.000310 0.001834 0.000776 0.007099 0.230484 0.000373 0.000727 0.000297 0.000752 0.004417 0.001497 0.001031 0.006737 0.000471 0.035556 0.001193 0.012214 0.002906 0.003944 0.000312 0.001021 0.000242 0.017533 0.000355 0.002756 0.000763 0.001941
0.692464 0.000051 0.000021 0.000275 0.000030 0.000107 0.000184 0.000142 0.000836 0.212287 0.000183 0.000052 0.000028 0.000073 0.000969 0.000136 0.000283 0.002617 0.000090 0.069480 0.001281 0.014544 0.000087 0.000381 0.000121 0.000109 0.000055 0.000600 0.000138 0.001719 0.000170 0.000486
0.623274 0.000032 0.000088 0.000133 0.000117 0.000102 0.000203 0.000206 0.000928 0.182192 0.000313 0.000080 0.000020 0.000059 0.002839 0.000155 0.000473 0.002054 0.000228 0.140310 0.003908 0.035023 0.000275 0.000290 0.000184 0.000306 0.000173 0.000984 0.000583 0.002979 0.000626 0.000865
0.737541 0.000021 0.000011 0.000661 0.000023 0.000120 0.000096 0.000089 0.000412 0.166702 0.000123 0.000027 0.000034 0.000056 0.000658 0.000071 0.000235 0.002361 0.000056 0.064436 0.001061 0.021648 0.000040 0.000367 0.000083 0.000083 0.000046 0.000548 0.000086 0.001561 0.000126 0.000618
0.789251 0.000005 0.000002 0.000057 0.000005 0.000016 0.000018 0.000013 0.000412 0.156031 0.000025 0.000004 0.000002 0.000008 0.000191 0.000010 0.000037 0.000949 0.000007 0.044209 0.000151 0.008025 0.000004 0.000023 0.000013 0.000013 0.000006 0.000057 0.000022 0.000362 0.000018 0.000052
0.344281 0.001570 0.000071 0.006317 0.000440 0.000193 0.003863 0.000842 0.000773 0.147918 0.000679 0.002427 0.000178 0.001171 0.010041 0.004016 0.005488 0.004068 0.002839 0.129744 0.028139 0.043681 0.010815 0.015769 0.001872 0.007271 0.002818 0.146606 0.001950 0.055768 0.007834 0.010559
0.694854 0.000737 0.000700 0.002379 0.000469 0.000823 0.001132 0.000888 0.004290 0.146370 0.001451 0.000382 0.000457 0.000952 0.004594 0.000847 0.001540 0.017328 0.000940 0.063004 0.004645 0.031160 0.000527 0.003689 0.000778 0.000749 0.000504 0.002876 0.001191 0.005746 0.000950 0.003045
0.730056 0.000619 0.000450 0.002166 0.000336 0.000753 0.001003 0.000695 0.003241 0.142254 0.001219 0.000332 0.000292 0.000733 0.003599 0.000663 0.001183 0.012084 0.000646 0.055158 0.003442 0.024116 0.000485 0.003391 0.000568 0.000545 0.000339 0.002073 0.000834 0.004188 0.000626 0.001915
0.267856 0.000983 0.000388 0.003930 0.000636 0.000574 0.003564 0.001037 0.000631 0.134507 0.001063 0.008140 0.000654 0.003999 0.021866 0.002337 0.012948 0.002193 0.003233 0.088227 0.020613 0.175007 0.002777 0.033727 0.009166 0.004193 0.001413 0.037400 0.001442 0.134190 0.010703 0.010604
0.720077 0.000091 0.000031 0.002177 0.000278 0.000187 0.000454 0.000250 0.000682 0.130357 0.000342 0.000190 0.000108 0.000143 0.001767 0.000206 0.000505 0.002851 0.000113 0.075501 0.002411 0.050875 0.001497 0.001599 0.000161 0.000615 0.000334 0.002189 0.000462 0.002016 0.000613 0.000923
0.704499 0.000622 0.001013 0.002182 0.000632 0.000656 0.001134 0.000902 0.004345 0.123219 0.001789 0.000476 0.000409 0.001144 0.003220 0.000864 0.001615 0.013471 0.000632 0.064705 0.004490 0.049376 0.000568 0.003640 0.000724 0.001011 0.000841 0.003400 0.001139 0.003595 0.000905 0.002780
0.670741 0.000789 0.001295 0.003084 0.000731 0.000861 0.001308 0.001176 0.005191 0.117564 0.001740 0.000451 0.000822 0.001355 0.007163 0.001059 0.002596 0.021055 0.001413 0.077102 0.007449 0.042872 0.000592 0.004166 0.001159 0.001210 0.000915 0.005135 0.001856 0.009671 0.001846 0.005635
0.745966 0.001728 0.001145 0.005710 0.041647 0.013358 0.000653 0.000366 0.001446 0.002047 0.100793 0.000341 0.000742 0.000417 0.001312 0.000264 0.001279 0.000867 0.000268 0.012306 0.002255 0.006991 0.001623 0.002347 0.001747 0.001809 0.007923 0.001264 0.002437 0.002263 0.035581 0.001104
0.676553 0.002149 0.002781 0.011162 0.061102 0.016626 0.001188 0.000749 0.002606 0.004850 0.100554 0.000749 0.001585 0.000770 0.002934 0.000684 0.002678 0.001449 0.000576 0.019596 0.005744 0.012162 0.004116 0.005957 0.003219 0.002639 0.014179 0.002397 0.004174 0.004276 0.027508 0.002288
0.628880 0.011396 0.000163 0.000403 0.000442 0.000317 0.081729 0.004108 0.004593 0.036806 0.000551 0.153338 0.000008 0.000441 0.000508 0.026398 0.006523 0.000888 0.004575 0.006108 0.001563 0.011686 0.000423 0.001391 0.000257 0.001231 0.000358 0.008102 0.000110 0.002930 0.002622 0.001152
0.009354 0.000035 0.000011 0.001666 0.000004 0.144636 0.000001 0.000001 0.000009 0.000002 0.000031 0.000000 0.844115 0.000016 0.000001 0.000001 0.000004 0.000003 0.000004 0.000006 0.000001 0.000009 0.000001 0.000011 0.000039 0.000001 0.000006 0.000008 0.000001 0.000006 0.000005 0.000011
0.082477 0.000039 0.000271 0.008085 0.000148 0.131944 0.000005 0.000004 0.000039 0.000025 0.000176 0.000003 0.775659 0.000130 0.000015 0.000002 0.000065 0.000022 0.000017 0.000132 0.000012 0.000242 0.000013 0.000069 0.000151 0.000005 0.000024 0.000046 0.000008 0.000061 0.000043 0.000070
0.277996 0.000087 0.000160 0.053679 0.000340 0.137883 0.000023 0.000019 0.000217 0.000132 0.000201 0.000013 0.524934 0.000201 0.000071 0.000010 0.000248 0.000090 0.000071 0.000748 0.000049 0.000892 0.000058 0.000305 0.000434 0.000023 0.000073 0.000323 0.000015 0.000250 0.000165 0.000289
0.062636 0.000320 0.000347 0.066106 0.000086 0.415026 0.000062 0.000044 0.000168 0.000101 0.000241 0.000034 0.449732 0.000405 0.000081 0.000053 0.000142 0.000199 0.000183 0.000275 0.000083 0.000614 0.000083 0.000265 0.000888 0.000112 0.000225 0.000511 0.000061 0.000271 0.000166 0.000480
0.312002 0.000335 0.000054 0.018572 0.000022 0.247671 0.000006 0.000003 0.000041 0.000007 0.000246 0.000002 0.420564 0.000095 0.000003 0.000003 0.000007 0.000086 0.000020 0.000011 0.000004 0.000043 0.000016 0.000018 0.000065 0.000009 0.000016 0.000020 0.000011 0.000010 0.000014 0.000024
0.600388 0.000161 0.000231 0.031417 0.000369 0.020996 0.000045 0.000036 0.000418 0.000372 0.000283 0.000032 0.319479 0.000506 0.000437 0.000025 0.001447 0.000101 0.000149 0.013383 0.000223 0.004146 0.000096 0.000512 0.001117 0.000042 0.000174 0.000701 0.000031 0.001270 0.000474 0.000937
0.183163 0.000155 0.000071 0.108515 0.000118 0.554622 0.000015 0.000011 0.000039 0.000036 0.000181 0.000006 0.150569 0.000084 0.000033 0.000008 0.000036 0.000102 0.000056 0.000129 0.000038 0.000550 0.000010 0.000070 0.000856 0.000026 0.000058 0.000116 0.000011 0.000073 0.000098 0.000142
0.694280 0.000113 0.000153 0.104193 0.000188 0.085860 0.000060 0.000060 0.000149 0.000486 0.000204 0.000045 0.103482 0.000270 0.000225 0.000039 0.001181 0.000190 0.000163 0.001960 0.000194 0.000940 0.000192 0.001038 0.000463 0.000054 0.000163 0.001088 0.000033 0.001464 0.000284 0.000789
0.579366 0.000018 0.000055 0.002282 0.000093 0.000173 0.000030 0.000030 0.000332 0.000641 0.000121 0.000032 0.000404 0.000100 0.002288 0.000013 0.001927 0.000019 0.000036 0.394410 0.000670 0.012426 0.000028 0.000345 0.000471 0.000022 0.000142 0.000362 0.000015 0.002164 0.000570 0.000415
0.490673 0.000067 0.000005 0.000888 0.000021 0.000033 0.000425 0.000166 0.000134 0.052416 0.000123 0.000240 0.000019 0.000059 0.003687 0.000400 0.000965 0.000498 0.000321 0.299584 0.016494 0.062659 0.001554 0.003009 0.000336 0.001029 0.000778 0.017654 0.000408 0.039651 0.002318 0.003388
0.569852 0.000043 0.000385 0.000033 0.000188 0.000029 0.000138 0.000053 0.000504 0.003284 0.000739 0.000060 0.000017 0.000371 0.018024 0.000013 0.005609 0.000063 0.000045 0.274438 0.005870 0.097666 0.000018 0.000088 0.001753 0.000065 0.000229 0.000575 0.000081 0.014090 0.005302 0.000376
0.654411 0.000006 0.000157 0.000011 0.000042 0.000008 0.000039 0.000014 0.000154 0.001262 0.000160 0.000017 0.000004 0.000101 0.008896 0.000004 0.003694 0.000014 0.000009 0.272466 0.003429 0.045988 0.000005 0.000027 0.000614 0.000019 0.000093 0.000209 0.000020 0.006064 0.001944 0.000118
0.621663 0.000011 0.000209 0.000126 0.000035 0.000081 0.000020 0.000013 0.000131 0.000655 0.000074 0.000033 0.000105 0.000188 0.002829 0.000008 0.003331 0.000018 0.000036 0.256449 0.001769 0.105288 0.000015 0.000124 0.000827 0.000022 0.000086 0.000367 0.000020 0.003812 0.001432 0.000222
0.521763 0.000027 0.000003 0.000516 0.000011 0.000013 0.000071 0.000038 0.000082 0.003582 0.000109 0.000049 0.000031 0.000039 0.001306 0.000033 0.000760 0.000150 0.000056 0.244180 0.006226 0.196260 0.000211 0.000723 0.000387 0.000488 0.000668 0.002828 0.000252 0.015363 0.002177 0.001601
0.460997 0.002312 0.000561 0.005184 0.001170 0.002799 0.012550 0.003886 0.002099 0.047636 0.005798 0.009736 0.000509 0.001418 0.007521 0.003272 0.004872 0.006383 0.001622 0.219413 0.029020 0.081815 0.029592 0.005436 0.001081 0.005116 0.005035 0.011303 0.002714 0.016980 0.008842 0.003326
0.688311 0.000036 0.000066 0.001656 0.000240 0.000862 0.000920 0.000484 0.000245 0.015815 0.001654 0.001149 0.000087 0.000055 0.003328 0.000355 0.001335 0.001100 0.000242 0.209054 0.010086 0.039019 0.001492 0.000764 0.000333 0.000697 0.001370 0.006290 0.000375 0.006493 0.004955 0.001131
0.624956 0.000103 0.000007 0.003712 0.000056 0.000097 0.000334 0.000132 0.000399 0.011501 0.000272 0.000184 0.000171 0.000091 0.001336 0.000192 0.000757 0.000937 0.000424 0.203509 0.008385 0.094816 0.000796 0.002182 0.000520 0.001970 0.003020 0.012022 0.000630 0.017585 0.002842 0.006063
0.577611 0.000192 0.000012 0.004799 0.000084 0.000119 0.000604 0.000194 0.000371 0.030027 0.000305 0.000310 0.000137 0.000180 0.003075 0.000418 0.001570 0.001226 0.000791 0.191046 0.015191 0.085413 0.001564 0.004522 0.000765 0.002359 0.002666 0.024873 0.000618 0.037885 0.003606 0.007465
0.187044 0.000049 0.000061 0.000307 0.000231 0.000092 0.000664 0.000422 0.001129 0.529317 0.000147 0.000208 0.000033 0.000176 0.002082 0.000458 0.000479 0.014532 0.000154 0.187091 0.004823 0.056912 0.001690 0.001413 0.000129 0.000696 0.000212 0.003096 0.000813 0.003802 0.000459 0.001279
0.665930 0.000198 0.003919 0.001457 0.001687 0.001574 0.000105 0.000066 0.000880 0.002070 0.000925 0.000054 0.010288 0.004314 0.009850 0.000024 0.005077 0.000141 0.000220 0.166366 0.001197 0.107014 0.000077 0.000828 0.005936 0.000097 0.000245 0.000583 0.000137 0.006036 0.001913 0.000793
0.415189 0.000021 0.000004 0.000144 0.000026 0.000073 0.000187 0.000173 0.000364 0.388418 0.000104 0.000045 0.000009 0.000027 0.000555 0.000168 0.000164 0.002975 0.000064 0.163719 0.001693 0.021770 0.000384 0.000299 0.000054 0.000181 0.000058 0.000846 0.000113 0.001522 0.000260 0.000393
0.598730 0.001091 0.000157 0.012647 0.001263 0.003902 0.000760 0.001320 0.001016 0.029206 0.012063 0.000719 0.002347 0.000849 0.006039 0.001088 0.009858 0.001569 0.001574 0.161366 0.022679 0.065925 0.004581 0.003888 0.001528 0.000998 0.001677 0.016608 0.002103 0.015858 0.011361 0.005227
0.441993 0.000064 0.000046 0.000167 0.000146 0.000090 0.000278 0.000173 0.003235 0.338916 0.000173 0.000106 0.000060 0.000137 0.002608 0.000208 0.000501 0.004940 0.000165 0.161183 0.003014 0.029374 0.000134 0.000838 0.000194 0.000398 0.000109 0.003242 0.000296 0.005200 0.000515 0.001495
0.633512 0.000147 0.000133 0.000756 0.000465 0.000596 0.000746 0.000725 0.000847 0.086999 0.001337 0.000374 0.000096 0.000148 0.003381 0.000516 0.001888 0.004230 0.001294 0.157682 0.012459 0.057410 0.003644 0.001810 0.000481 0.002595 0.000858 0.004478 0.002138 0.008432 0.007157 0.002667
0.624956 0.000069 0.000007 0.002740 0.000034 0.000080 0.000200 0.000066 0.000273 0.004904 0.000193 0.000099 0.000181 0.000088 0.000907 0.000089 0.000680 0.000698 0.000223 0.153650 0.006252 0.169237 0.000462 0.001549 0.000448 0.001266 0.002288 0.006795 0.000370 0.014302 0.002269 0.004625
0.304902 0.000416 0.000505 0.009096 0.003236 0.002177 0.000372 0.000304 0.002275 0.007793 0.001338 0.000456 0.001699 0.001383 0.011699 0.000174 0.006544 0.000609 0.000765 0.147046 0.003315 0.446388 0.000441 0.004798 0.001991 0.000153 0.001044 0.007304 0.000260 0.020505 0.006804 0.004209
0.447173 0.004507 0.000411 0.027144 0.002890 0.007154 0.015399 0.001602 0.004483 0.038355 0.002178 0.003058 0.002355 0.004099 0.004753 0.001940 0.005130 0.014155 0.001450 0.145110 0.006966 0.050751 0.004023 0.004320 0.003685 0.009478 0.000675 0.114467 0.001519 0.007874 0.056765 0.006131
0.638371 0.000008 0.000073 0.000062 0.000169 0.000050 0.000095 0.000091 0.000667 0.173394 0.000154 0.000032 0.000008 0.000033 0.002363 0.000064 0.000414 0.001960 0.000073 0.143290 0.003512 0.029654 0.000059 0.000102 0.000094 0.000264 0.000116 0.000466 0.000486 0.002959 0.000450 0.000466
0.628884 0.000460 0.000288 0.003347 0.000887 0.000977 0.002171 0.001765 0.001015 0.065810 0.001691 0.001694 0.000254 0.000553 0.006233 0.000770 0.002062 0.007631 0.001116 0.138677 0.008883 0.055400 0.040964 0.004903 0.000856 0.001520 0.000853 0.006582 0.001951 0.005640 0.003464 0.002698
0.480648 0.003126 0.017969 0.011030 0.019938 0.023609 0.004004 0.003665 0.002995 0.019960 0.015452 0.001928 0.001750 0.004313 0.033300 0.001263 0.007622 0.006853 0.003550 0.134867 0.022952 0.051268 0.002215 0.007440 0.004885 0.004384 0.002399 0.014904 0.010318 0.029496 0.047318 0.004578
0.804765 0.000054 0.000022 0.000882 0.000127 0.000302 0.000138 0.000208 0.000203 0.023999 0.000417 0.000127 0.000090 0.000046 0.000910 0.000054 0.000217 0.001898 0.000316 0.133059 0.001428 0.018309 0.003561 0.001973 0.000155 0.000249 0.000193 0.001640 0.000213 0.002699 0.000830 0.000916
0.684392 0.000172 0.001389 0.000419 0.000460 0.000290 0.000150 0.000102 0.000824 0.003959 0.000872 0.000159 0.000124 0.001071 0.026411 0.000044 0.005451 0.000133 0.000118 0.123890 0.003425 0.123885 0.000042 0.000289 0.003195 0.000099 0.000328 0.001320 0.000123 0.012141 0.004015 0.000705
0.406394 0.004137 0.000856 0.041347 0.004840 0.005799 0.003918 0.001523 0.011621 0.028096 0.003140 0.002795 0.001359 0.006466 0.005789 0.001089 0.004974 0.002926 0.001328 0.119770 0.004584 0.226283 0.000976 0.004561 0.003214 0.001969 0.000982 0.037666 0.001031 0.019437 0.034000 0.007132
0.338700 0.007245 0.000703 0.028116 0.005035 0.006470 0.005001 0.003003 0.017503 0.029431 0.006736 0.005415 0.001386 0.004709 0.005771 0.002060 0.006580 0.002725 0.002442 0.118699 0.005473 0.264071 0.002008 0.006064 0.003570 0.002689 0.001826 0.046675 0.001504 0.021229 0.035567 0.011594
0.535885 0.000031 0.000014 0.000508 0.000073 0.000055 0.000202 0.000143 0.000686 0.284207 0.000174 0.000073 0.000036 0.000056 0.000915 0.000092 0.000277 0.002133 0.000048 0.117348 0.001514 0.050751 0.000227 0.000722 0.000075 0.000231 0.000126 0.000933 0.000201 0.001439 0.000166 0.000657
0.265743 0.000056 0.000005 0.000127 0.000015 0.000040 0.000275 0.000140 0.000332 0.590544 0.000071 0.000053 0.000008 0.000041 0.000549 0.000178 0.000121 0.003173 0.000091 0.116061 0.000904 0.017725 0.000409 0.000302 0.000076 0.000138 0.000028 0.000982 0.000095 0.001293 0.000130 0.000293
0.485240 0.000149 0.000056 0.000237 0.000223 0.000152 0.000588 0.000298 0.001317 0.344723 0.000271 0.000314 0.000045 0.000264 0.003186 0.000576 0.000761 0.005212 0.000149 0.114435 0.003320 0.020246 0.000541 0.001026 0.000185 0.000596 0.000264 0.008998 0.000484 0.004318 0.000932 0.000896
0.514481 0.003064 0.006535 0.011613 0.012839 0.014108 0.008060 0.003977 0.003873 0.026117 0.021561 0.004164 0.003986 0.004915 0.041119 0.002623 0.013111 0.003453 0.005152 0.112177 0.014544 0.039292 0.003350 0.010991 0.007721 0.009376 0.003439 0.020373 0.015411 0.028265 0.025117 0.005189
0.304958 0.000290 0.000776 0.000353 0.000581 0.000396 0.000209 0.000102 0.000678 0.011686 0.001574 0.000156 0.000188 0.002176 0.016521 0.000048 0.004494 0.000460 0.000321 0.109311 0.006139 0.494555 0.000053 0.000660 0.003080 0.000123 0.000369 0.001655 0.000218 0.024860 0.011999 0.001011
0.425331 0.000288 0.000019 0.000705 0.000069 0.000175 0.000914 0.000353 0.000674 0.413546 0.000223 0.000240 0.000034 0.000191 0.001645 0.000601 0.000421 0.006009 0.000326 0.108234 0.001650 0.026379 0.001853 0.000984 0.000325 0.000528 0.000081 0.003276 0.000249 0.003247 0.000592 0.000837
0.593348 0.000805 0.000263 0.000759 0.000434 0.000400 0.007624 0.001640 0.000645 0.041103 0.001871 0.016908 0.000091 0.000850 0.009638 0.001986 0.013182 0.002109 0.001419 0.106947 0.037025 0.039413 0.000883 0.005103 0.003100 0.003408 0.001523 0.019187 0.000890 0.057130 0.027151 0.003164
0.662154 0.001067 0.001200 0.012123 0.001730 0.002024 0.001682 0.001390 0.003993 0.039420 0.003659 0.000656 0.002981 0.001133 0.009970 0.001633 0.005900 0.007908 0.003556 0.103674 0.016048 0.048708 0.002458 0.006940 0.003102 0.001360 0.002758 0.012756 0.001613 0.019552 0.006312 0.010541
0.544363 0.000008 0.000001 0.000043 0.000006 0.000022 0.000054 0.000045 0.000242 0.337071 0.000039 0.000011 0.000002 0.000010 0.000235 0.000053 0.000059 0.001626 0.000017 0.103149 0.000613 0.010847 0.000047 0.000089 0.000019 0.000053 0.000016 0.000303 0.000029 0.000697 0.000085 0.000143
0.798975 0.000137 0.000126 0.004378 0.000381 0.003324 0.001183 0.000714 0.000489 0.008967 0.001812 0.001767 0.000848 0.000163 0.002679 0.000849 0.001701 0.002143 0.000415 0.100908 0.007500 0.034018 0.001430 0.002219 0.000511 0.000818 0.002202 0.008729 0.000616 0.005359 0.002352 0.002290
0.522267 0.001640 0.001920 0.000354 0.005472 0.001714 0.001471 0.001563 0.001963 0.025797 0.020620 0.000594 0.000126 0.000699 0.027565 0.002121 0.024613 0.001272 0.003815 0.100006 0.017075 0.127935 0.000762 0.009202 0.003942 0.006603 0.002111 0.015252 0.004767 0.015687 0.045450 0.005621
0.225384 0.000333 0.000893 0.003526 0.004251 0.002001 0.000255 0.000204 0.001419 0.010536 0.001450 0.000284 0.002382 0.002091 0.006767 0.000114 0.006252 0.001022 0.000685 0.086702 0.004785 0.594634 0.000262 0.002414 0.001745 0.000178 0.000922 0.004306 0.000491 0.022232 0.008887 0.002592
0.498871 0.000106 0.000093 0.001034 0.000330 0.000093 0.000155 0.000045 0.000265 0.002711 0.000138 0.000083 0.000071 0.000659 0.002465 0.000104 0.001937 0.000268 0.000075 0.008134 0.001548 0.472877 0.000117 0.000488 0.000628 0.000238 0.000490 0.000982 0.000165 0.002936 0.001196 0.000697
0.452761 0.000376 0.000035 0.004608 0.000298 0.000244 0.000800 0.000212 0.000451 0.008404 0.000198 0.000231 0.000173 0.000439 0.001976 0.000823 0.002778 0.000962 0.000360 0.025903 0.006155 0.470552 0.000989 0.000784 0.000484 0.001150 0.002004 0.004152 0.000743 0.006006 0.002264 0.002685
0.364689 0.002635 0.001876 0.014040 0.006129 0.017915 0.000444 0.000337 0.006085 0.010921 0.003239 0.000359 0.012984 0.014771 0.007439 0.000126 0.002163 0.000971 0.000848 0.042972 0.001222 0.455824 0.000336 0.005309 0.007681 0.000222 0.000529 0.004010 0.000523 0.007287 0.003843 0.002271
0.614030 0.000062 0.000042 0.001491 0.000289 0.000080 0.000067 0.000024 0.000435 0.002259 0.000138 0.000037 0.000052 0.000179 0.000863 0.000060 0.000748 0.000142 0.000033 0.005416 0.000785 0.369389 0.000063 0.000358 0.000129 0.000072 0.000258 0.000429 0.000065 0.001197 0.000493 0.000313
0.599204 0.000317 0.000191 0.027040 0.002160 0.002802 0.000286 0.000230 0.001871 0.004735 0.001899 0.000291 0.001500 0.000506 0.001431 0.000173 0.001908 0.001144 0.000556 0.039773 0.001517 0.287470 0.000714 0.002723 0.000468 0.000263 0.001272 0.006579 0.000273 0.005682 0.002575 0.002447
0.691190 0.000240 0.000099 0.007130 0.000643 0.000436 0.000169 0.000089 0.003395 0.002693 0.001001 0.000108 0.000131 0.000176 0.000474 0.000100 0.000485 0.000278 0.000096 0.010439 0.000512 0.275200 0.000091 0.001248 0.000077 0.000050 0.000245 0.001088 0.000075 0.000960 0.000510 0.000571
0.338700 0.007245 0.000703 0.028116 0.005035 0.006470 0.005001 0.003003 0.017503 0.029431 0.006736 0.005415 0.001386 0.004709 0.005771 0.002060 0.006580 0.002725 0.002442 0.118699 0.005473 0.264071 0.002008 0.006064 0.003570 0.002689 0.001826 0.046675 0.001504 0.021229 0.035567 0.011594
0.645617 0.000443 0.000700 0.002369 0.000791 0.000272 0.000469 0.000174 0.000503 0.007778 0.000642 0.000243 0.000345 0.004145 0.007924 0.000282 0.003876 0.000728 0.000278 0.028313 0.003414 0.263908 0.000273 0.001448 0.003110 0.000667 0.001433 0.003795 0.001205 0.009293 0.003813 0.001749
0.406394 0.004137 0.000856 0.041347 0.004840 0.005799 0.003918 0.001523 0.011621 0.028096 0.003140 0.002795 0.001359 0.006466 0.005789 0.001089 0.004974 0.002926 0.001328 0.119770 0.004584 0.226283 0.000976 0.004561 0.003214 0.001969 0.000982 0.037666 0.001031 0.019437 0.034000 0.007132
0.657053 0.006049 0.000790 0.007669 0.001108 0.025035 0.000341 0.000260 0.008905 0.008333 0.003580 0.000372 0.010644 0.008533 0.002606 0.000105 0.000867 0.000601 0.000284 0.020358 0.000388 0.219396 0.000145 0.001619 0.005248 0.000261 0.000558 0.003427 0.000281 0.002102 0.002041 0.001038
0.644887 0.000773 0.000114 0.062130 0.000734 0.001141 0.000486 0.000208 0.001428 0.005052 0.000366 0.000287 0.000806 0.001101 0.001522 0.000259 0.001897 0.001343 0.000647 0.028459 0.000805 0.211261 0.000858 0.001665 0.001177 0.000145 0.000479 0.020120 0.000070 0.004316 0.001667 0.003793
0.529572 0.000792 0.001759 0.091013 0.013561 0.015906 0.000482 0.000352 0.001182 0.008248 0.001046 0.000496 0.003211 0.004837 0.026254 0.000160 0.007604 0.000512 0.000774 0.032527 0.002318 0.209847 0.000268 0.006120 0.003454 0.000227 0.000308 0.007862 0.000423 0.018573 0.007871 0.002441
0.639539 0.000334 0.001286 0.001782 0.002550 0.006442 0.000340 0.000542 0.000466 0.028492 0.002438 0.000428 0.000426 0.000406 0.009457 0.000228 0.006186 0.000692 0.000709 0.045553 0.003789 0.205971 0.000462 0.009026 0.001275 0.000440 0.000568 0.007324 0.000855 0.011759 0.007427 0.002806
0.521763 0.000027 0.000003 0.000516 0.000011 0.000013 0.000071 0.000038 0.000082 0.003582 0.000109 0.000049 0.000031 0.000039 0.001306 0.000033 0.000760 0.000150 0.000056 0.244180 0.006226 0.196260 0.000211 0.000723 0.000387 0.000488 0.000668 0.002828 0.000252 0.015363 0.002177 0.001601
0.709709 0.000416 0.000068 0.017623 0.001114 0.001817 0.000671 0.000257 0.005926 0.003691 0.000913 0.000515 0.002862 0.000370 0.000754 0.000159 0.001540 0.000722 0.000286 0.035423 0.000899 0.194131 0.001507 0.002983 0.000359 0.000301 0.000773 0.007474 0.000150 0.002506 0.001973 0.002107
0.636069 0.000698 0.001261 0.007196 0.009251 0.001069 0.001372 0.000774 0.002068 0.014082 0.001496 0.000526 0.000352 0.002058 0.009477 0.000998 0.009219 0.002052 0.000462 0.042586 0.009103 0.193385 0.008091 0.003007 0.001360 0.003258 0.005924 0.005586 0.003692 0.009830 0.009091 0.004610
0.245927 0.002150 0.001992 0.009511 0.004814 0.004705 0.005146 0.002857 0.001175 0.122729 0.005294 0.013813 0.001952 0.004406 0.025454 0.003252 0.018165 0.003873 0.005427 0.064729 0.020847 0.189682 0.010358 0.041422 0.017297 0.005301 0.003614 0.042356 0.004040 0.076215 0.025067 0.016431
0.624956 0.000069 0.000007 0.002740 0.000034 0.000080 0.000200 0.000066 0.000273 0.004904 0.000193 0.000099 0.000181 0.000088 0.000907 0.000089 0.000680 0.000698 0.000223 0.153650 0.006252 0.169237 0.000462 0.001549 0.000448 0.001266 0.002288 0.006795 0.000370 0.014302 0.002269 0.004625
0.669338 0.000034 0.000392 0.000119 0.000096 0.000100 0.000030 0.000022 0.000265 0.001020 0.000195 0.000040 0.000101 0.000427 0.006866 0.000011 0.004369 0.000027 0.000044 0.147847 0.001643 0.155744 0.000011 0.000145 0.001750 0.000031 0.000118 0.000382 0.000028 0.006427 0.002104 0.000274
0.492135 0.001403 0.030087 0.010375 0.024960 0.007694 0.001293 0.000747 0.003027 0.010268 0.005477 0.000544 0.016578 0.012821 0.057153 0.000392 0.028349 0.001565 0.003580 0.057372 0.010622 0.144835 0.000701 0.004950 0.012349 0.000729 0.001430 0.004005 0.001866 0.035583 0.011857 0.005253
0.598110 0.000617 0.001281 0.001458 0.002133 0.000484 0.000837 0.000425 0.001939 0.013862 0.003026 0.000470 0.000131 0.002013 0.064625 0.000209 0.009159 0.000511 0.000518 0.090701 0.008519 0.143006 0.000155 0.000948 0.004448 0.000419 0.000857 0.003400 0.000399 0.033308 0.010099 0.001935
0.774389 0.000017 0.000017 0.000066 0.000064 0.000161 0.000058 0.000018 0.000028 0.000524 0.000267 0.000035 0.000033 0.000084 0.002954 0.000010 0.009610 0.000037 0.000062 0.034072 0.002253 0.137852 0.000011 0.000062 0.000253 0.000443 0.000348 0.002181 0.000124 0.015609 0.017719 0.000639
0.470046 0.001765 0.002373 0.022861 0.038476 0.007957 0.001957 0.002608 0.011047 0.023697 0.014396 0.002243 0.004764 0.002555 0.011472 0.001116 0.009234 0.002862 0.002096 0.074563 0.008519 0.137289 0.003356 0.057080 0.001854 0.001363 0.003206 0.016410 0.003510 0.032112 0.019479 0.007736
0.758338 0.000137 0.000320 0.010065 0.002344 0.001813 0.000122 0.000073 0.000359 0.000628 0.002618 0.000074 0.001484 0.000282 0.002995 0.000041 0.003476 0.000336 0.000220 0.024650 0.002154 0.134571 0.000071 0.000626 0.002756 0.000702 0.002181 0.002651 0.000423 0.007539 0.034193 0.001757
0.522267 0.001640 0.001920 0.000354 0.005472 0.001714 0.001471 0.001563 0.001963 0.025797 0.020620 0.000594 0.000126 0.000699 0.027565 0.002121 0.024613 0.001272 0.003815 0.100006 0.017075 0.127935 0.000762 0.009202 0.003942 0.006603 0.002111 0.015252 0.004767 0.015687 0.045450 0.005621
0.662555 0.000388 0.002074 0.001319 0.002004 0.005244 0.000502 0.000743 0.000649 0.038695 0.002636 0.000606 0.000209 0.000413 0.016533 0.000565 0.009710 0.000622 0.001170 0.063269 0.005799 0.127861 0.000425 0.016218 0.001338 0.000577 0.000610 0.014881 0.000759 0.011115 0.006732 0.003780
0.705609 0.000692 0.000189 0.001330 0.000681 0.000682 0.000620 0.000367 0.004604 0.017114 0.002267 0.000564 0.000378 0.001143 0.003883 0.000239 0.002500 0.000477 0.000653 0.095113 0.002675 0.127278 0.000123 0.000933 0.002629 0.000426 0.000732 0.006693 0.000321 0.008741 0.008163 0.002183
0.684392 0.000172 0.001389 0.000419 0.000460 0.000290 0.000150 0.000102 0.000824 0.003959 0.000872 0.000159 0.000124 0.001071 0.026411 0.000044 0.005451 0.000133 0.000118 0.123890 0.003425 0.123885 0.000042 0.000289 0.003195 0.000099 0.000328 0.001320 0.000123 0.012141 0.004015 0.000705
0.317332 0.001027 0.000038 0.006246 0.000221 0.000192 0.002481 0.000551 0.000753 0.097791 0.000472 0.001400 0.000252 0.000874 0.006120 0.002224 0.003869 0.003730 0.002239 0.181338 0.028157 0.118636 0.008359 0.015126 0.001966 0.005577 0.003311 0.103314 0.001408 0.064718 0.006705 0.013573
0.675988 0.000038 0.000736 0.000056 0.000169 0.000050 0.000063 0.000031 0.000475 0.001721 0.000403 0.000051 0.000050 0.000430 0.009257 0.000011 0.005094 0.000053 0.000041 0.170850 0.003000 0.117841 0.000015 0.000114 0.001725 0.000044 0.000158 0.000433 0.000048 0.007776 0.002950 0.000328
0.500883 0.001888 0.004046 0.000841 0.008059 0.004522 0.002070 0.002199 0.002176 0.047705 0.014646 0.000996 0.000182 0.000975 0.028765 0.002995 0.029250 0.001772 0.006189 0.079884 0.015558 0.117553 0.001127 0.022342 0.004638 0.006311 0.001656 0.030885 0.003516 0.016307 0.032913 0.007150
0.776792 0.000036 0.000936 0.000784 0.000583 0.000362 0.000071 0.000045 0.000284 0.004866 0.000192 0.000071 0.000433 0.000438 0.003357 0.000030 0.006547 0.000324 0.000119 0.070558 0.003334 0.112248 0.000059 0.000318 0.000574 0.000061 0.000322 0.001362 0.000107 0.010966 0.002998 0.000825
0.796113 0.000597 0.000103 0.003435 0.000972 0.000910 0.000570 0.000285 0.007049 0.005803 0.002599 0.000478 0.000265 0.000310 0.001414 0.000186 0.001297 0.000183 0.000473 0.049624 0.001033 0.111657 0.000147 0.001330 0.000874 0.000200 0.000593 0.004998 0.000151 0.002783 0.002162 0.001406
0.682282 0.001879 0.000288 0.005418 0.007427 0.001158 0.001387 0.000703 0.004093 0.063252 0.001792 0.001739 0.000429 0.002289 0.004778 0.000907 0.003193 0.001534 0.001204 0.037522 0.002391 0.110399 0.000634 0.006576 0.001210 0.000460 0.000821 0.038236 0.000591 0.007191 0.004666 0.003552
0.665930 0.000198 0.003919 0.001457 0.001687 0.001574 0.000105 0.000066 0.000880 0.002070 0.000925 0.000054 0.010288 0.004314 0.009850 0.000024 0.005077 0.000141 0.000220 0.166366 0.001197 0.107014 0.000077 0.000828 0.005936 0.000097 0.000245 0.000583 0.000137 0.006036 0.001913 0.000793
0.726224 0.001248 0.002381 0.003131 0.013588 0.015410 0.000618 0.000730 0.001009 0.013237 0.016562 0.000400 0.001345 0.000748 0.006204 0.000295 0.005377 0.001444 0.001080 0.021119 0.003388 0.105357 0.001247 0.008123 0.003268 0.001530 0.001430 0.005690 0.002616 0.007437 0.024811 0.002956
0.016169 0.000735 0.000007 0.000220 0.000339 0.000011 0.001167 0.000353 0.000251 0.004455 0.000066 0.001330 0.000008 0.000030 0.000038 0.000271 0.000053 0.000891 0.000071 0.001056 0.000162 0.001613 0.969073 0.000218 0.000009 0.000217 0.000079 0.000384 0.000372 0.000152 0.000086 0.000117
0.782968 0.000466 0.000014 0.001141 0.004894 0.000132 0.000674 0.000805 0.001158 0.027505 0.001689 0.000765 0.000048 0.000050 0.000418 0.000489 0.001074 0.001060 0.000192 0.025900 0.001608 0.020796 0.116771 0.001911 0.000065 0.000584 0.000691 0.002363 0.000591 0.001516 0.001077 0.000587
0.739961 0.000813 0.000037 0.011411 0.000291 0.000834 0.002395 0.000331 0.000502 0.021176 0.000140 0.001050 0.000253 0.000915 0.002307 0.001068 0.002734 0.001362 0.000592 0.029865 0.003464 0.011214 0.000907 0.000994 0.001693 0.001325 0.000143 0.150789 0.000126 0.003654 0.005517 0.002131
0.344281 0.001570 0.000071 0.006317 0.000440 0.000193 0.003863 0.000842 0.000773 0.147918 0.000679 0.002427 0.000178 0.001171 0.010041 0.004016 0.005488 0.004068 0.002839 0.129744 0.028139 0.043681 0.010815 0.015769 0.001872 0.007271 0.002818 0.146606 0.001950 0.055768 0.007834 0.010559
0.622255 0.004195 0.000455 0.012846 0.001314 0.000555 0.010166 0.001108 0.000699 0.086322 0.000546 0.005295 0.000187 0.002773 0.015826 0.004890 0.005669 0.003858 0.000840 0.040539 0.009332 0.011013 0.011971 0.004468 0.002661 0.004325 0.000688 0.114954 0.001252 0.011455 0.004832 0.002711
0.447173 0.004507 0.000411 0.027144 0.002890 0.007154 0.015399 0.001602 0.004483 0.038355 0.002178 0.003058 0.002355 0.004099 0.004753 0.001940 0.005130 0.014155 0.001450 0.145110 0.006966 0.050751 0.004023 0.004320 0.003685 0.009478 0.000675 0.114467 0.001519 0.007874 0.056765 0.006131
0.690086 0.001811 0.000237 0.058552 0.001813 0.007653 0.004517 0.000721 0.001646 0.018893 0.000779 0.001835 0.001879 0.001993 0.003224 0.000975 0.004503 0.004861 0.000913 0.026081 0.003214 0.014470 0.002348 0.002217 0.001947 0.003304 0.000507 0.113750 0.000534 0.003668 0.017488 0.003582
0.267856 0.000983 0.000388 0.003930 0.000636 0.000574 0.003564 0.001037 0.000631 0.134507 0.001063 0.008140 0.000654 0.003999 0.021866 0.002337 0.012948 0.002193 0.003233 0.088227 0.020613 0.175007 0.002777 0.033727 0.009166 0.004193 0.001413 0.037400 0.001442 0.134190 0.010703 0.010604
