cabinet 302 202 412 314 0.2188 0.372468
chair 428 230 560 380 0.973505 0.025928
chair 0 344 30 389 0.431236 0.546892
chair 101 241 138 337 0.406004 0.511004
chair 500 247 557 300 0.260728 0.733487
chair 0 349 19 370 0.248237 0.719067
chair 170 248 235 325 0.245361 0.595036
chair 66 255 122 333 0.231166 0.710368
chair 4 257 114 386 0.192998 0.772082
chair 0 367 16 371 0.173326 0.816342
chair 7 196 67 269 0.156136 0.591404
table 1 340 165 425 0.650292 0.071653
table 90 246 238 355 0.33963 0.254622
table 4 368 34 404 0.189294 0.760707
table 236 186 432 391 0.142596 0.667875
table 8 182 143 270 0.128076 0.597696
door 449 1 467 124 0.14459 0.702493
bookshelf 0 175 59 208 0.358802 0.348599
bookshelf 253 128 369 295 0.229726 0.484301
picture 464 41 543 122 0.368305 0.493783
picture 473 77 539 223 0.273034 0.411895
picture 381 69 444 106 0.16307 0.385906
picture 472 143 498 217 0.159258 0.509555
picture 504 64 542 98 0.14158 0.717798
picture 4 168 52 197 0.138737 0.266356
picture 435 4 513 146 0.138221 0.727837
picture 482 71 504 78 0.13812 0.832552
picture 557 1 560 6 0.131289 0.340455
picture 34 168 44 177 0.124703 0.637595
picture 506 10 558 219 0.120879 0.703824
picture 517 83 535 99 0.117438 0.666531
picture 541 0 560 12 0.116177 0.559591
blinds 15 4 394 171 0.952646 0.045672
blinds 2 6 82 189 0.842509 0.142312
blinds 143 0 258 199 0.816553 0.175871
blinds 251 3 305 191 0.619699 0.374328
blinds 73 0 165 167 0.572604 0.413194
blinds 279 3 406 180 0.556093 0.430023
blinds 218 7 255 188 0.494871 0.488229
blinds 0 3 25 167 0.345983 0.622686
blinds 60 3 99 154 0.318059 0.652585
blinds 250 0 268 159 0.312677 0.680902
blinds 354 89 360 141 0.30811 0.474992
blinds 132 0 157 176 0.294298 0.691499
blinds 50 18 71 146 0.274113 0.679014
blinds 216 4 227 152 0.202463 0.771972
blinds 262 0 278 157 0.192795 0.798715
blinds 92 7 106 139 0.183178 0.770761
blinds 15 80 24 131 0.15473 0.799083
blinds 162 122 166 160 0.152605 0.772350
blinds 172 0 205 179 0.137057 0.852422
blinds 1 128 5 156 0.13259 0.440167
blinds 324 58 347 160 0.13008 0.794057
blinds 272 0 290 168 0.129388 0.864484
blinds 152 30 167 167 0.113674 0.857742
blinds 91 10 97 52 0.105695 0.819753
desk 27 265 222 419 0.89667 0.034667
desk 231 186 425 307 0.889489 0.029364
desk 99 213 249 362 0.522764 0.335208
desk 2 346 153 424 0.220896 0.071653
desk 10 183 170 267 0.181924 0.632679
mirror 377 65 445 112 0.170235 0.385906
tv 556 1 560 6 0.275174 0.340455
tv 539 1 560 12 0.149906 0.559591
paper 48 207 51 209 0.27692 0.451305
paper 481 202 486 206 0.243107 0.484484
paper 377 402 433 426 0.238867 0.089552
paper 53 204 61 208 0.219752 0.386006
paper 87 400 156 426 0.214586 0.478623
paper 470 137 498 212 0.18307 0.588187
paper 383 194 388 197 0.172091 0.721634
paper 349 197 397 204 0.169062 0.590731
paper 532 83 535 93 0.144569 0.696592
paper 31 295 33 299 0.132781 0.588392
paper 113 411 128 423 0.129586 0.804424
paper 517 82 535 98 0.128802 0.666531
paper 86 408 116 426 0.128428 0.672656
paper 470 64 543 211 0.121358 0.408735
paper 37 216 38 217 0.119125 0.850634
paper 465 194 475 207 0.1152 0.521664
paper 312 195 364 213 0.106032 0.738460
paper 182 183 200 194 0.105999 0.482522
box 115 156 127 159 0.850515 0.131865
box 59 153 139 214 0.724228 0.214039
box 101 140 141 158 0.629033 0.344142
box 268 248 270 254 0.512778 0.405659
box 129 151 143 159 0.45063 0.469097
box 134 337 206 423 0.400392 0.562247
box 2 166 54 197 0.299216 0.426179
box 102 400 115 415 0.266919 0.660281
box 86 386 160 426 0.266844 0.510532
box 99 155 112 159 0.262064 0.698424
box 59 140 83 154 0.25143 0.680048
box 225 144 226 147 0.238525 0.634273
box 376 402 434 426 0.218959 0.089552
box 228 148 249 158 0.211601 0.713189
box 45 166 58 186 0.208529 0.677900
box 464 195 475 207 0.180906 0.521664
box 129 387 154 402 0.178188 0.812062
box 254 152 255 152 0.177236 0.512923
box 480 203 486 206 0.162623 0.484484
box 89 408 102 422 0.161786 0.656822
box 34 294 46 323 0.159917 0.803538
box 140 316 179 345 0.15128 0.780571
box 471 148 499 211 0.150717 0.525125
box 152 415 192 426 0.147175 0.596423
box 86 399 116 426 0.143103 0.592335
box 140 138 153 150 0.138416 0.713560
box 167 190 177 195 0.13106 0.424229
box 491 159 513 214 0.129758 0.699052
box 181 183 199 193 0.125082 0.482522
box 164 226 254 266 0.121796 0.790824
box 102 167 126 182 0.121216 0.737415
box 468 96 521 212 0.116835 0.694666
box 33 168 45 177 0.109999 0.637595
box 28 278 53 304 0.108085 0.789439
box 12 171 129 250 0.102778 0.734239
person 294 162 302 172 0.204192 0.610175
person 294 173 295 175 0.120134 0.768245
person 506 207 558 237 0.107548 0.678039
person 289 160 305 182 0.107133 0.739516
night_stand 249 191 412 310 0.161741 0.110636
lamp 1 129 5 157 0.209888 0.440167
lamp 389 68 443 100 0.15355 0.379335
garbage_bin 406 195 410 206 0.15651 0.615344
