0.500313 0.000054 0.413486 0.000643 0.066197 0.000085 0.000076 0.000049 0.000610 0.000393 0.000177 0.000060 0.000187 0.000364 0.006762 0.000080 0.005801 0.000049 0.000094 0.000313 0.001264 0.000535 0.000067 0.000450 0.000367 0.000077 0.000134 0.000237 0.000077 0.000660 0.000149 0.000191
0.850434 0.000022 0.000006 0.134933 0.000114 0.002007 0.000016 0.000019 0.000134 0.000263 0.000073 0.000021 0.000824 0.000016 0.000195 0.000039 0.000130 0.000046 0.000042 0.002459 0.000121 0.005714 0.000047 0.000495 0.000040 0.000016 0.000239 0.000633 0.000013 0.000381 0.000075 0.000434
0.853007 0.000132 0.000017 0.128050 0.000150 0.003058 0.000043 0.000047 0.004313 0.000391 0.000140 0.000059 0.001005 0.000055 0.000101 0.000019 0.000069 0.000188 0.000263 0.002768 0.000031 0.002395 0.000034 0.000419 0.000156 0.000043 0.000095 0.000347 0.000010 0.000309 0.000143 0.002142
0.281260 0.002908 0.003166 0.117361 0.024064 0.090505 0.006854 0.005256 0.004008 0.027082 0.022563 0.002573 0.003308 0.004905 0.019490 0.009315 0.016632 0.008455 0.019064 0.084153 0.023742 0.060881 0.005922 0.007713 0.008200 0.009206 0.002690 0.010539 0.008488 0.037034 0.063330 0.009329
0.297660 0.002546 0.003098 0.102880 0.026673 0.062386 0.008934 0.005741 0.004275 0.044684 0.008905 0.003675 0.004864 0.006499 0.017748 0.008743 0.013679 0.008374 0.117768 0.064744 0.015328 0.056123 0.007540 0.012240 0.006974 0.004036 0.001044 0.006816 0.004204 0.027281 0.029719 0.014817
0.562512 0.001371 0.001697 0.004895 0.274609 0.001468 0.000271 0.000315 0.063931 0.009028 0.010002 0.000184 0.001141 0.001053 0.020289 0.000198 0.003468 0.000367 0.001314 0.005610 0.001759 0.011505 0.000098 0.005419 0.000602 0.000250 0.001602 0.001644 0.001321 0.005965 0.003174 0.002936
0.482490 0.000161 0.255728 0.006277 0.237028 0.002026 0.000133 0.000059 0.000338 0.000426 0.000264 0.000042 0.001727 0.000991 0.002726 0.000070 0.003953 0.000182 0.000273 0.000139 0.000534 0.000472 0.000143 0.000967 0.000647 0.000091 0.000067 0.000248 0.000108 0.001014 0.000419 0.000254
0.657469 0.000286 0.000472 0.024986 0.174089 0.001095 0.000897 0.000417 0.000530 0.002678 0.002689 0.000665 0.000159 0.000938 0.038360 0.000152 0.021684 0.000303 0.000393 0.006477 0.005424 0.005651 0.000366 0.008769 0.000723 0.000533 0.000686 0.005510 0.000150 0.021018 0.014368 0.002063
0.323612 0.000300 0.001772 0.005256 0.109858 0.000309 0.000415 0.000271 0.000623 0.007846 0.001077 0.000239 0.000147 0.000965 0.261613 0.000470 0.068739 0.000172 0.000792 0.006843 0.016335 0.020286 0.000320 0.020464 0.001188 0.000199 0.000774 0.008682 0.000482 0.124702 0.011977 0.003270
0.054060 0.000046 0.000080 0.002326 0.000012 0.185238 0.000001 0.000001 0.000007 0.000004 0.000488 0.000000 0.757207 0.000074 0.000002 0.000001 0.000004 0.000006 0.000015 0.000025 0.000005 0.000017 0.000001 0.000003 0.000320 0.000002 0.000014 0.000004 0.000012 0.000006 0.000012 0.000006
0.063114 0.000132 0.000006 0.000071 0.000014 0.000026 0.000003 0.000001 0.936496 0.000005 0.000019 0.000001 0.000085 0.000002 0.000000 0.000000 0.000000 0.000007 0.000003 0.000001 0.000000 0.000003 0.000001 0.000002 0.000001 0.000001 0.000001 0.000001 0.000000 0.000000 0.000001 0.000002
0.152212 0.000137 0.000007 0.000027 0.000020 0.000011 0.000002 0.000001 0.847403 0.000012 0.000038 0.000001 0.000050 0.000004 0.000002 0.000000 0.000001 0.000003 0.000002 0.000021 0.000001 0.000021 0.000000 0.000002 0.000004 0.000001 0.000004 0.000002 0.000001 0.000001 0.000004 0.000004
0.408643 0.000518 0.000327 0.000128 0.000604 0.000276 0.000044 0.000019 0.587522 0.000161 0.000332 0.000020 0.000438 0.000065 0.000051 0.000006 0.000027 0.000135 0.000032 0.000116 0.000008 0.000154 0.000035 0.000077 0.000050 0.000031 0.000041 0.000042 0.000013 0.000014 0.000024 0.000048
0.571642 0.000342 0.000021 0.004134 0.000164 0.000456 0.000104 0.000046 0.417148 0.000325 0.000559 0.000040 0.000423 0.000048 0.000047 0.000017 0.000039 0.000205 0.000110 0.001465 0.000025 0.001552 0.000048 0.000114 0.000118 0.000091 0.000119 0.000126 0.000022 0.000075 0.000129 0.000246
0.704023 0.002010 0.000090 0.001167 0.000246 0.000809 0.000469 0.000175 0.276638 0.001036 0.001992 0.000338 0.000877 0.000202 0.000321 0.000049 0.000236 0.000432 0.000193 0.002533 0.000126 0.002695 0.000125 0.000425 0.000468 0.000241 0.000266 0.000525 0.000090 0.000308 0.000577 0.000320
0.716021 0.000216 0.000064 0.000584 0.000150 0.000216 0.000180 0.000067 0.269465 0.000581 0.000881 0.000153 0.000201 0.000056 0.000122 0.000031 0.000126 0.000143 0.000088 0.004295 0.000177 0.004136 0.000018 0.000188 0.000125 0.000088 0.000181 0.000303 0.000031 0.000308 0.000639 0.000164
0.777002 0.004140 0.000072 0.000094 0.000389 0.000120 0.000048 0.000036 0.212405 0.000509 0.000933 0.000019 0.000313 0.000229 0.000164 0.000013 0.000052 0.000075 0.000077 0.000860 0.000040 0.001133 0.000005 0.000029 0.000397 0.000050 0.000121 0.000055 0.000048 0.000102 0.000386 0.000085
0.790874 0.000047 0.000009 0.001502 0.000034 0.000152 0.000017 0.000011 0.204373 0.000140 0.000112 0.000009 0.000165 0.000010 0.000031 0.000004 0.000014 0.000028 0.000022 0.001328 0.000011 0.000747 0.000010 0.000035 0.000026 0.000021 0.000033 0.000059 0.000005 0.000036 0.000025 0.000111
0.798490 0.000864 0.000229 0.011575 0.001389 0.002094 0.000566 0.000256 0.147799 0.001938 0.003096 0.000183 0.001514 0.000309 0.000603 0.000107 0.000370 0.001106 0.000454 0.010621 0.000394 0.007904 0.000321 0.000639 0.000720 0.000930 0.000889 0.000956 0.000330 0.000932 0.001317 0.001104
0.872446 0.000099 0.000029 0.000571 0.000056 0.000118 0.000074 0.000031 0.116380 0.000447 0.000668 0.000026 0.000057 0.000018 0.000153 0.000010 0.000060 0.000056 0.000031 0.005472 0.000081 0.002255 0.000019 0.000071 0.000075 0.000065 0.000089 0.000128 0.000028 0.000144 0.000168 0.000076
0.879242 0.000037 0.000015 0.000181 0.000118 0.000011 0.000051 0.000023 0.114339 0.001062 0.000080 0.000081 0.000003 0.000003 0.000088 0.000024 0.000058 0.000007 0.000067 0.002335 0.000045 0.001385 0.000012 0.000083 0.000016 0.000021 0.000033 0.000321 0.000007 0.000104 0.000030 0.000118
0.029105 0.000002 0.000000 0.000003 0.000000 0.000001 0.000014 0.000003 0.000016 0.964471 0.000000 0.000000 0.000000 0.000001 0.000002 0.000207 0.000001 0.001331 0.000008 0.002774 0.000010 0.001960 0.000006 0.000004 0.000001 0.000003 0.000000 0.000039 0.000001 0.000011 0.000001 0.000025
0.098682 0.000139 0.000001 0.000157 0.000005 0.000031 0.000562 0.000092 0.000341 0.877901 0.000010 0.000028 0.000005 0.000021 0.000035 0.003250 0.000030 0.006274 0.000206 0.006516 0.000085 0.004043 0.000347 0.000081 0.000015 0.000054 0.000008 0.000765 0.000017 0.000096 0.000013 0.000191
0.351533 0.003828 0.000146 0.000475 0.018312 0.000389 0.002773 0.002369 0.012290 0.279990 0.002106 0.001309 0.000070 0.000268 0.003647 0.011465 0.004536 0.000410 0.185156 0.055598 0.005351 0.030318 0.005273 0.003225 0.000795 0.000163 0.000150 0.002053 0.000302 0.007092 0.001265 0.007341
0.590405 0.000262 0.000010 0.000664 0.000052 0.000057 0.001626 0.000184 0.000459 0.201420 0.000036 0.000549 0.000019 0.000185 0.001301 0.001564 0.000676 0.001826 0.000322 0.093963 0.001635 0.040974 0.001900 0.000540 0.000331 0.000556 0.000080 0.053665 0.000068 0.002754 0.000988 0.000929
0.803394 0.000100 0.000000 0.001136 0.000007 0.000015 0.000458 0.000048 0.000154 0.177284 0.000011 0.000018 0.000003 0.000010 0.000022 0.002696 0.000027 0.005100 0.000045 0.005473 0.000091 0.001937 0.000679 0.000039 0.000009 0.000117 0.000017 0.000878 0.000026 0.000056 0.000012 0.000138
0.701189 0.000469 0.001288 0.002302 0.003385 0.004092 0.000704 0.000521 0.003120 0.106473 0.002603 0.000490 0.000464 0.002147 0.015441 0.000483 0.004485 0.000963 0.001357 0.054030 0.001977 0.053941 0.000195 0.013048 0.000881 0.000264 0.000226 0.004265 0.001154 0.012248 0.002753 0.003041
0.695729 0.000138 0.000057 0.000404 0.000295 0.000166 0.000164 0.000128 0.000922 0.101146 0.000419 0.000081 0.000085 0.000273 0.003225 0.000102 0.001141 0.000755 0.000222 0.092850 0.002220 0.085184 0.000136 0.000918 0.000290 0.000218 0.000101 0.002082 0.000548 0.007407 0.001779 0.000814
0.821309 0.000114 0.000027 0.000273 0.000103 0.000378 0.000289 0.000146 0.001622 0.100323 0.000233 0.000035 0.000244 0.000371 0.000587 0.000335 0.000470 0.020075 0.000230 0.031337 0.001925 0.011712 0.000091 0.000165 0.000466 0.000471 0.000500 0.002517 0.000340 0.001622 0.000987 0.000707
0.002295 0.000027 0.000028 0.000109 0.000009 0.006176 0.000001 0.000000 0.000022 0.000002 0.000168 0.000000 0.990991 0.000058 0.000000 0.000000 0.000001 0.000005 0.000005 0.000006 0.000001 0.000007 0.000000 0.000005 0.000070 0.000001 0.000003 0.000001 0.000002 0.000002 0.000003 0.000004
0.480849 0.000096 0.000016 0.000482 0.000017 0.003730 0.000014 0.000009 0.000891 0.000435 0.000539 0.000007 0.299129 0.000338 0.000057 0.000005 0.000132 0.000111 0.000099 0.183529 0.000075 0.025874 0.000012 0.000169 0.001238 0.000025 0.000313 0.000292 0.000015 0.000722 0.000283 0.000494
0.294312 0.000009 0.005153 0.000015 0.001011 0.000005 0.000041 0.000030 0.000039 0.000586 0.000019 0.000052 0.000001 0.000093 0.687565 0.000026 0.005150 0.000005 0.000018 0.000942 0.002017 0.000407 0.000015 0.000164 0.000183 0.000011 0.000039 0.000323 0.000029 0.001589 0.000089 0.000062
0.257588 0.000092 0.000718 0.002066 0.015654 0.000110 0.000202 0.000146 0.000164 0.004146 0.000376 0.000141 0.000037 0.000318 0.490887 0.000350 0.059597 0.000051 0.000346 0.009254 0.019314 0.016258 0.000097 0.011042 0.000907 0.000114 0.000530 0.006740 0.000219 0.094965 0.005195 0.002376
0.384051 0.000227 0.021988 0.000582 0.005322 0.000452 0.000639 0.000344 0.000610 0.005186 0.000619 0.000410 0.000062 0.001738 0.365989 0.000399 0.083019 0.000113 0.001136 0.026107 0.028475 0.024579 0.000166 0.001173 0.004171 0.000208 0.000884 0.003279 0.000300 0.030742 0.005789 0.001242
0.511009 0.000230 0.004315 0.008934 0.045300 0.000524 0.000348 0.000185 0.000247 0.007635 0.001460 0.000241 0.000250 0.000942 0.221359 0.000225 0.091055 0.000103 0.000995 0.002657 0.022520 0.004494 0.000106 0.010650 0.000644 0.000286 0.000824 0.003990 0.000515 0.050002 0.005183 0.002771
0.525850 0.000133 0.001302 0.010081 0.001158 0.000175 0.000099 0.000057 0.000094 0.002431 0.000503 0.000099 0.001558 0.001159 0.010409 0.000058 0.120031 0.000081 0.000288 0.001956 0.009605 0.004010 0.000167 0.159341 0.000373 0.000136 0.000135 0.001238 0.000185 0.145174 0.001272 0.000843
0.351533 0.003828 0.000146 0.000475 0.018312 0.000389 0.002773 0.002369 0.012290 0.279990 0.002106 0.001309 0.000070 0.000268 0.003647 0.011465 0.004536 0.000410 0.185156 0.055598 0.005351 0.030318 0.005273 0.003225 0.000795 0.000163 0.000150 0.002053 0.000302 0.007092 0.001265 0.007341
0.297660 0.002546 0.003098 0.102880 0.026673 0.062386 0.008934 0.005741 0.004275 0.044684 0.008905 0.003675 0.004864 0.006499 0.017748 0.008743 0.013679 0.008374 0.117768 0.064744 0.015328 0.056123 0.007540 0.012240 0.006974 0.004036 0.001044 0.006816 0.004204 0.027281 0.029719 0.014817
0.084156 0.000000 0.000000 0.000003 0.000000 0.000000 0.000000 0.000000 0.000000 0.000001 0.000000 0.000000 0.000000 0.000000 0.000003 0.000000 0.000001 0.000000 0.000000 0.915483 0.000002 0.000287 0.000000 0.000000 0.000001 0.000000 0.000000 0.000000 0.000000 0.000060 0.000000 0.000001
0.138638 0.000000 0.000000 0.000025 0.000000 0.000000 0.000000 0.000000 0.000001 0.000009 0.000000 0.000000 0.000006 0.000000 0.000014 0.000000 0.000008 0.000000 0.000000 0.860288 0.000011 0.000837 0.000000 0.000003 0.000008 0.000000 0.000001 0.000006 0.000000 0.000122 0.000002 0.000019
0.168275 0.000000 0.000000 0.000071 0.000000 0.000002 0.000000 0.000000 0.000006 0.000046 0.000002 0.000001 0.000024 0.000001 0.000041 0.000000 0.000025 0.000000 0.000002 0.829876 0.000038 0.001257 0.000000 0.000006 0.000031 0.000001 0.000005 0.000024 0.000000 0.000195 0.000009 0.000060
0.194476 0.000000 0.000000 0.000000 0.000000 0.000000 0.000000 0.000000 0.000000 0.000000 0.000000 0.000000 0.000000 0.000000 0.000001 0.000000 0.000000 0.000000 0.000000 0.805459 0.000000 0.000061 0.000000 0.000000 0.000000 0.000000 0.000000 0.000000 0.000000 0.000002 0.000000 0.000000
0.199632 0.000000 0.000000 0.000006 0.000000 0.000000 0.000000 0.000000 0.000000 0.000002 0.000000 0.000000 0.000001 0.000000 0.000008 0.000000 0.000004 0.000000 0.000000 0.799661 0.000005 0.000614 0.000000 0.000000 0.000003 0.000000 0.000000 0.000001 0.000000 0.000057 0.000001 0.000004
0.201909 0.000002 0.000001 0.000082 0.000001 0.000090 0.000001 0.000001 0.000024 0.000077 0.000035 0.000001 0.002749 0.000012 0.000031 0.000001 0.000060 0.000007 0.000009 0.783283 0.000074 0.010503 0.000001 0.000014 0.000206 0.000005 0.000064 0.000071 0.000001 0.000498 0.000084 0.000104
0.267912 0.000000 0.000000 0.000050 0.000000 0.000002 0.000000 0.000000 0.000001 0.000013 0.000001 0.000000 0.000023 0.000001 0.000014 0.000000 0.000018 0.000001 0.000001 0.725832 0.000026 0.005731 0.000000 0.000002 0.000041 0.000001 0.000005 0.000022 0.000000 0.000250 0.000012 0.000042
0.297275 0.000000 0.000000 0.000000 0.000000 0.000000 0.000000 0.000000 0.000000 0.000000 0.000000 0.000000 0.000000 0.000000 0.000000 0.000000 0.000000 0.000000 0.000000 0.702713 0.000000 0.000010 0.000000 0.000000 0.000000 0.000000 0.000000 0.000000 0.000000 0.000000 0.000000 0.000000
0.316978 0.000000 0.000000 0.000024 0.000000 0.000000 0.000000 0.000000 0.000000 0.000008 0.000001 0.000000 0.000003 0.000000 0.000012 0.000000 0.000006 0.000000 0.000000 0.682395 0.000012 0.000467 0.000000 0.000001 0.000010 0.000000 0.000000 0.000004 0.000000 0.000066 0.000002 0.000011
0.356451 0.000000 0.000000 0.000223 0.000001 0.000002 0.000001 0.000000 0.000013 0.000042 0.000001 0.000001 0.000031 0.000001 0.000053 0.000000 0.000015 0.000000 0.000002 0.641322 0.000020 0.001448 0.000000 0.000013 0.000024 0.000001 0.000004 0.000028 0.000000 0.000183 0.000005 0.000117
0.438143 0.000007 0.000014 0.002728 0.000045 0.000067 0.000067 0.000049 0.000117 0.001859 0.000035 0.000072 0.000080 0.000036 0.003833 0.000076 0.001412 0.000020 0.000087 0.524810 0.001375 0.009010 0.000050 0.000370 0.000499 0.000099 0.000367 0.002327 0.000024 0.010594 0.000369 0.001359
0.629300 0.000000 0.000000 0.000401 0.000001 0.000004 0.000001 0.000001 0.000010 0.000078 0.000006 0.000001 0.000065 0.000003 0.000064 0.000001 0.000034 0.000002 0.000005 0.366557 0.000052 0.002678 0.000001 0.000030 0.000047 0.000002 0.000012 0.000079 0.000000 0.000288 0.000016 0.000261
0.647836 0.000000 0.000000 0.000062 0.000000 0.000001 0.000000 0.000000 0.000001 0.000011 0.000000 0.000000 0.000017 0.000000 0.000017 0.000000 0.000012 0.000000 0.000001 0.349633 0.000013 0.002190 0.000000 0.000003 0.000018 0.000000 0.000001 0.000017 0.000000 0.000121 0.000005 0.000040
0.668716 0.000000 0.000000 0.000146 0.000000 0.000000 0.000000 0.000000 0.000001 0.000008 0.000000 0.000000 0.000005 0.000000 0.000010 0.000000 0.000003 0.000000 0.000000 0.330456 0.000005 0.000554 0.000000 0.000003 0.000003 0.000000 0.000001 0.000012 0.000000 0.000047 0.000001 0.000029
0.679916 0.000000 0.000000 0.000149 0.000000 0.000000 0.000000 0.000000 0.000000 0.000024 0.000000 0.000000 0.000001 0.000000 0.000055 0.000000 0.000019 0.000000 0.000000 0.318781 0.000023 0.000717 0.000000 0.000002 0.000006 0.000000 0.000002 0.000039 0.000000 0.000228 0.000002 0.000034
0.709509 0.000000 0.000000 0.000055 0.000000 0.000000 0.000000 0.000000 0.000003 0.000009 0.000000 0.000000 0.000004 0.000000 0.000017 0.000000 0.000004 0.000000 0.000000 0.289439 0.000006 0.000856 0.000000 0.000003 0.000006 0.000000 0.000001 0.000008 0.000000 0.000049 0.000001 0.000031
0.708426 0.000001 0.000000 0.000692 0.000005 0.000010 0.000002 0.000002 0.000054 0.000077 0.000005 0.000003 0.000069 0.000003 0.000096 0.000001 0.000052 0.000003 0.000005 0.283797 0.000070 0.005651 0.000002 0.000081 0.000034 0.000002 0.000024 0.000085 0.000000 0.000397 0.000022 0.000327
0.588304 0.000009 0.000010 0.000983 0.000013 0.000091 0.000039 0.000015 0.000373 0.000600 0.000022 0.000025 0.000422 0.000069 0.000431 0.000009 0.000288 0.000089 0.000115 0.270077 0.000434 0.132675 0.000022 0.000313 0.000432 0.000025 0.000066 0.000592 0.000006 0.001519 0.000200 0.001733
0.739608 0.000000 0.000000 0.000198 0.000000 0.000001 0.000000 0.000000 0.000003 0.000018 0.000000 0.000000 0.000009 0.000000 0.000032 0.000000 0.000009 0.000000 0.000001 0.258637 0.000014 0.001222 0.000000 0.000008 0.000011 0.000000 0.000002 0.000026 0.000000 0.000120 0.000002 0.000075
0.759137 0.000003 0.000002 0.003990 0.000035 0.000097 0.000010 0.000008 0.000087 0.000215 0.000034 0.000013 0.000586 0.000013 0.000267 0.000008 0.000161 0.000008 0.000029 0.229596 0.000118 0.002996 0.000009 0.000211 0.000168 0.000014 0.000116 0.000341 0.000004 0.000755 0.000057 0.000913
0.771435 0.000012 0.000002 0.001044 0.000003 0.000048 0.000005 0.000006 0.000031 0.000227 0.000239 0.000006 0.000410 0.000018 0.000179 0.000003 0.000163 0.000008 0.000029 0.220782 0.000391 0.003431 0.000006 0.000030 0.000424 0.000010 0.000040 0.000116 0.000006 0.000594 0.000111 0.000193
0.701767 0.000148 0.000165 0.001679 0.000505 0.000809 0.000099 0.000063 0.001037 0.003711 0.000817 0.000126 0.012118 0.000617 0.002631 0.000048 0.001841 0.000136 0.000389 0.216744 0.000807 0.035944 0.000127 0.002699 0.001551 0.000077 0.000429 0.002331 0.000102 0.006826 0.000854 0.002801
0.781294 0.000006 0.000001 0.000600 0.000006 0.000008 0.000005 0.000005 0.000072 0.000276 0.000041 0.000005 0.000096 0.000022 0.000326 0.000002 0.000115 0.000005 0.000027 0.212216 0.000176 0.002747 0.000003 0.000027 0.000614 0.000011 0.000018 0.000164 0.000002 0.000651 0.000076 0.000381
0.746948 0.000055 0.000030 0.003005 0.000149 0.000243 0.000085 0.000099 0.002059 0.001924 0.000418 0.000165 0.001974 0.000218 0.001530 0.000045 0.001643 0.000135 0.000299 0.202834 0.001049 0.018009 0.000053 0.002019 0.000922 0.000088 0.000468 0.001731 0.000034 0.007040 0.000519 0.004207
0.806131 0.000000 0.000000 0.000058 0.000001 0.000001 0.000002 0.000001 0.000290 0.000110 0.000001 0.000001 0.000009 0.000003 0.000178 0.000000 0.000019 0.000002 0.000003 0.189900 0.000020 0.002923 0.000001 0.000024 0.000029 0.000002 0.000002 0.000032 0.000000 0.000130 0.000007 0.000120
0.822677 0.000000 0.000000 0.000422 0.000000 0.000001 0.000000 0.000000 0.000004 0.000017 0.000000 0.000000 0.000013 0.000000 0.000036 0.000000 0.000009 0.000000 0.000002 0.175739 0.000013 0.000715 0.000000 0.000008 0.000014 0.000001 0.000004 0.000041 0.000000 0.000130 0.000003 0.000149
0.719550 0.000002 0.000008 0.000054 0.000003 0.000011 0.000009 0.000003 0.000121 0.000240 0.000009 0.000004 0.000018 0.000021 0.000397 0.000001 0.000138 0.000029 0.000013 0.169710 0.000266 0.108124 0.000004 0.000055 0.000126 0.000007 0.000018 0.000095 0.000002 0.000615 0.000120 0.000228
0.528983 0.002354 0.005623 0.007972 0.008450 0.024092 0.005267 0.001913 0.005434 0.019697 0.020973 0.001962 0.002921 0.004674 0.011104 0.000939 0.004308 0.004850 0.003340 0.158218 0.005361 0.086854 0.001832 0.005801 0.002696 0.003891 0.001641 0.012161 0.006898 0.008617 0.035839 0.005336
0.841183 0.000000 0.000000 0.000009 0.000000 0.000000 0.000000 0.000000 0.000032 0.000025 0.000000 0.000000 0.000000 0.000000 0.000086 0.000000 0.000004 0.000000 0.000000 0.158116 0.000005 0.000464 0.000000 0.000002 0.000004 0.000000 0.000000 0.000007 0.000000 0.000042 0.000001 0.000018
0.823816 0.000028 0.000012 0.000493 0.000114 0.000063 0.000030 0.000036 0.000575 0.001599 0.000307 0.000059 0.001006 0.000086 0.000770 0.000019 0.001203 0.000050 0.000105 0.145004 0.000623 0.015313 0.000037 0.000671 0.000323 0.000029 0.000359 0.001155 0.000023 0.003949 0.000348 0.001795
0.858859 0.000000 0.000000 0.000067 0.000000 0.000000 0.000000 0.000000 0.000000 0.000003 0.000000 0.000000 0.000000 0.000000 0.000005 0.000000 0.000002 0.000000 0.000000 0.140612 0.000004 0.000395 0.000000 0.000000 0.000001 0.000000 0.000000 0.000005 0.000000 0.000036 0.000000 0.000010
0.848135 0.000001 0.000001 0.002926 0.000008 0.000025 0.000012 0.000007 0.000064 0.000144 0.000005 0.000013 0.000236 0.000008 0.000145 0.000006 0.000103 0.000011 0.000032 0.139948 0.000103 0.005641 0.000009 0.000140 0.000091 0.000012 0.000050 0.000428 0.000001 0.000553 0.000033 0.001105
0.829510 0.000005 0.000012 0.002558 0.000048 0.000036 0.000021 0.000009 0.000283 0.000468 0.000011 0.000016 0.000337 0.000039 0.001191 0.000008 0.000467 0.000037 0.000087 0.134807 0.000258 0.022897 0.000016 0.000749 0.000390 0.000025 0.000043 0.000672 0.000003 0.002870 0.000145 0.001980
0.836922 0.000000 0.000000 0.000117 0.000000 0.000006 0.000001 0.000000 0.000007 0.000053 0.000003 0.000001 0.000085 0.000004 0.000044 0.000000 0.000060 0.000004 0.000006 0.134089 0.000085 0.027822 0.000001 0.000016 0.000066 0.000002 0.000013 0.000066 0.000000 0.000358 0.000032 0.000134
0.523084 0.001435 0.001224 0.026994 0.013753 0.034717 0.003908 0.003451 0.001829 0.022207 0.012312 0.002374 0.001601 0.002496 0.014063 0.003474 0.009350 0.004893 0.008630 0.131903 0.022170 0.062506 0.003603 0.003635 0.003287 0.002737 0.001352 0.005192 0.008137 0.019787 0.038390 0.005506
0.843559 0.000015 0.000010 0.001264 0.000085 0.000096 0.000029 0.000031 0.001510 0.000534 0.000080 0.000040 0.000591 0.000047 0.000521 0.000015 0.000499 0.000058 0.000080 0.130121 0.000362 0.015079 0.000016 0.000708 0.000212 0.000022 0.000181 0.000501 0.000009 0.001811 0.000165 0.001750
0.681159 0.000585 0.001447 0.002357 0.004827 0.004353 0.001147 0.000635 0.003699 0.055030 0.003633 0.000480 0.000507 0.001935 0.009852 0.000443 0.002610 0.002522 0.002377 0.117372 0.002931 0.067063 0.000507 0.005378 0.000734 0.000471 0.000234 0.004377 0.001868 0.010737 0.006419 0.002311
0.667753 0.000951 0.001836 0.003217 0.004547 0.009197 0.001423 0.000890 0.003516 0.030683 0.008136 0.000821 0.001130 0.002397 0.008921 0.000495 0.002371 0.002379 0.002050 0.116936 0.002772 0.086780 0.000806 0.005616 0.001218 0.000884 0.000711 0.006983 0.003337 0.007472 0.010640 0.003133
0.736056 0.000391 0.000810 0.001882 0.003597 0.002878 0.000678 0.000432 0.002123 0.037398 0.002582 0.000323 0.000348 0.001206 0.006977 0.000289 0.001628 0.001835 0.001290 0.101516 0.002370 0.067098 0.000483 0.004040 0.000520 0.000409 0.000234 0.003892 0.001903 0.007909 0.005365 0.001536
0.466389 0.000684 0.000309 0.001236 0.000913 0.001308 0.000305 0.000291 0.002370 0.013036 0.001988 0.000186 0.001016 0.000836 0.002542 0.000197 0.004435 0.000943 0.000424 0.101079 0.004873 0.363890 0.000564 0.003732 0.000847 0.000172 0.000680 0.004545 0.000450 0.012606 0.004948 0.002206
0.882200 0.000021 0.000009 0.003850 0.000031 0.000240 0.000023 0.000032 0.000095 0.000877 0.000111 0.000028 0.000167 0.000026 0.000772 0.000022 0.000265 0.000037 0.000081 0.101051 0.000579 0.005484 0.000020 0.000149 0.000200 0.000042 0.000190 0.000804 0.000023 0.001362 0.000210 0.000997
0.428333 0.000024 0.000021 0.000602 0.000017 0.000136 0.000050 0.000018 0.000785 0.000687 0.000047 0.000029 0.000526 0.000124 0.000279 0.000010 0.000278 0.000183 0.000207 0.106502 0.000442 0.456232 0.000033 0.000380 0.000535 0.000023 0.000076 0.000550 0.000010 0.001405 0.000339 0.001117
0.466389 0.000684 0.000309 0.001236 0.000913 0.001308 0.000305 0.000291 0.002370 0.013036 0.001988 0.000186 0.001016 0.000836 0.002542 0.000197 0.004435 0.000943 0.000424 0.101079 0.004873 0.363890 0.000564 0.003732 0.000847 0.000172 0.000680 0.004545 0.000450 0.012606 0.004948 0.002206
0.587375 0.001353 0.000324 0.005051 0.003459 0.002840 0.000698 0.000788 0.009199 0.017684 0.005417 0.000557 0.002362 0.000942 0.002303 0.000416 0.003611 0.001801 0.000746 0.069276 0.004529 0.231199 0.001341 0.013504 0.000774 0.000390 0.001678 0.007778 0.001014 0.011832 0.005698 0.004060
0.757258 0.000107 0.000033 0.000280 0.000062 0.000192 0.000025 0.000016 0.006944 0.000779 0.000181 0.000020 0.000091 0.000082 0.000287 0.000012 0.000120 0.000120 0.000123 0.014177 0.000160 0.216567 0.000021 0.000213 0.000554 0.000031 0.000064 0.000315 0.000012 0.000471 0.000257 0.000426
0.693271 0.000019 0.000158 0.001968 0.001007 0.000058 0.000061 0.000027 0.000449 0.001309 0.000052 0.000040 0.000289 0.000189 0.012596 0.000022 0.007915 0.000113 0.000217 0.030396 0.002185 0.203342 0.000059 0.005614 0.000670 0.000033 0.000107 0.002293 0.000021 0.031959 0.001716 0.001845
0.826455 0.000154 0.000005 0.000112 0.000003 0.000462 0.000053 0.000018 0.000196 0.000275 0.000425 0.000010 0.000157 0.000075 0.000037 0.000009 0.000105 0.001411 0.000082 0.033355 0.000170 0.132523 0.000004 0.000015 0.000804 0.000187 0.000822 0.000298 0.000009 0.000322 0.001191 0.000251
0.860792 0.000018 0.000002 0.000012 0.000000 0.000036 0.000007 0.000002 0.000027 0.000043 0.000056 0.000001 0.000020 0.000022 0.000013 0.000001 0.000033 0.000277 0.000016 0.016029 0.000065 0.121446 0.000000 0.000003 0.000365 0.000022 0.000179 0.000039 0.000001 0.000129 0.000299 0.000044
0.719550 0.000002 0.000008 0.000054 0.000003 0.000011 0.000009 0.000003 0.000121 0.000240 0.000009 0.000004 0.000018 0.000021 0.000397 0.000001 0.000138 0.000029 0.000013 0.169710 0.000266 0.108124 0.000004 0.000055 0.000126 0.000007 0.000018 0.000095 0.000002 0.000615 0.000120 0.000228
0.715569 0.000054 0.000453 0.002169 0.018131 0.000138 0.000137 0.000059 0.000301 0.002457 0.000398 0.000061 0.000172 0.000517 0.048874 0.000038 0.019833 0.000173 0.000337 0.014242 0.005318 0.100536 0.000111 0.004956 0.001017 0.000079 0.000222 0.001444 0.000075 0.051634 0.009178 0.001315
0.525850 0.000133 0.001302 0.010081 0.001158 0.000175 0.000099 0.000057 0.000094 0.002431 0.000503 0.000099 0.001558 0.001159 0.010409 0.000058 0.120031 0.000081 0.000288 0.001956 0.009605 0.004010 0.000167 0.159341 0.000373 0.000136 0.000135 0.001238 0.000185 0.145174 0.001272 0.000843
0.276593 0.000193 0.000834 0.004036 0.035522 0.000151 0.000360 0.000195 0.000592 0.008616 0.000864 0.000213 0.000270 0.001059 0.167066 0.000299 0.071376 0.000272 0.000872 0.018762 0.021696 0.109998 0.000329 0.026802 0.001631 0.000211 0.000638 0.008238 0.000383 0.221448 0.015541 0.004939
0.525850 0.000133 0.001302 0.010081 0.001158 0.000175 0.000099 0.000057 0.000094 0.002431 0.000503 0.000099 0.001558 0.001159 0.010409 0.000058 0.120031 0.000081 0.000288 0.001956 0.009605 0.004010 0.000167 0.159341 0.000373 0.000136 0.000135 0.001238 0.000185 0.145174 0.001272 0.000843
