0.222700 0.312528 0.001343 0.028394 0.001925 0.009989 0.002267 0.000554 0.003619 0.001337 0.017658 0.000564 0.117184 0.057735 0.000850 0.000578 0.001201 0.012712 0.016832 0.002396 0.002472 0.039287 0.001001 0.001000 0.104055 0.003752 0.005513 0.000854 0.002023 0.002578 0.020763 0.004337
0.543806 0.135932 0.001143 0.007801 0.009669 0.005031 0.005604 0.001021 0.182708 0.001246 0.016264 0.001542 0.009544 0.008940 0.000464 0.000704 0.001261 0.002503 0.003260 0.002106 0.000618 0.006899 0.001113 0.000515 0.007667 0.006040 0.004207 0.001630 0.001381 0.001143 0.027013 0.001225
0.009733 0.000012 0.000001 0.987431 0.000014 0.001838 0.000006 0.000003 0.000014 0.000006 0.000009 0.000003 0.000632 0.000005 0.000003 0.000007 0.000005 0.000023 0.000048 0.000005 0.000005 0.000032 0.000006 0.000014 0.000019 0.000003 0.000007 0.000007 0.000001 0.000009 0.000014 0.000087
0.014975 0.000013 0.000003 0.983134 0.000375 0.001188 0.000006 0.000001 0.000006 0.000002 0.000039 0.000001 0.000067 0.000005 0.000004 0.000002 0.000007 0.000022 0.000006 0.000002 0.000004 0.000011 0.000007 0.000002 0.000010 0.000009 0.000006 0.000005 0.000002 0.000004 0.000072 0.000011
0.625943 0.000070 0.000012 0.366500 0.000671 0.001681 0.000050 0.000037 0.000538 0.000120 0.000188 0.000020 0.000675 0.000021 0.000071 0.000066 0.000045 0.000272 0.000650 0.000433 0.000049 0.000401 0.000204 0.000064 0.000125 0.000022 0.000091 0.000067 0.000025 0.000103 0.000088 0.000699
0.580509 0.000214 0.000080 0.355383 0.044177 0.001744 0.000114 0.000066 0.000948 0.000367 0.000779 0.000072 0.002145 0.000113 0.001084 0.000066 0.001009 0.000192 0.000391 0.000860 0.000488 0.001934 0.000165 0.000569 0.000237 0.000229 0.000712 0.001133 0.000104 0.001421 0.001446 0.001249
0.801957 0.000003 0.000000 0.197573 0.000016 0.000161 0.000002 0.000001 0.000006 0.000014 0.000003 0.000002 0.000049 0.000001 0.000007 0.000002 0.000011 0.000004 0.000004 0.000066 0.000003 0.000048 0.000004 0.000010 0.000004 0.000001 0.000004 0.000011 0.000001 0.000011 0.000006 0.000017
0.692012 0.010925 0.000044 0.160162 0.007272 0.077525 0.000533 0.000074 0.005541 0.000283 0.001517 0.000158 0.035007 0.000391 0.000041 0.000303 0.000143 0.000522 0.002447 0.000039 0.000027 0.000259 0.000989 0.000246 0.000655 0.000150 0.000211 0.000806 0.000053 0.000138 0.000696 0.000830
0.712405 0.034191 0.000169 0.143586 0.006109 0.004037 0.000576 0.000231 0.003544 0.000479 0.020085 0.000211 0.047011 0.001303 0.000585 0.000188 0.000580 0.001660 0.001583 0.001018 0.000599 0.002665 0.000392 0.000200 0.004874 0.000935 0.003995 0.000399 0.000708 0.000705 0.003878 0.001100
0.721619 0.033804 0.000352 0.108307 0.001654 0.019890 0.001550 0.000310 0.002055 0.001277 0.006017 0.000341 0.028395 0.005390 0.000273 0.000534 0.000938 0.005323 0.011165 0.001723 0.000838 0.016224 0.007380 0.001505 0.003770 0.002032 0.001229 0.003243 0.000657 0.001799 0.003491 0.006914
0.346944 0.024515 0.014745 0.104988 0.110290 0.084297 0.004860 0.004417 0.065075 0.008739 0.038976 0.003121 0.031653 0.012560 0.011924 0.004260 0.013524 0.002360 0.004395 0.006392 0.007320 0.008751 0.007535 0.017759 0.019942 0.003776 0.005332 0.004518 0.001954 0.009049 0.009050 0.006978
0.855753 0.000049 0.000136 0.100686 0.000893 0.036740 0.000011 0.000005 0.000054 0.000058 0.000686 0.000004 0.003879 0.000064 0.000035 0.000004 0.000054 0.000033 0.000029 0.000067 0.000027 0.000117 0.000010 0.000053 0.000097 0.000018 0.000053 0.000036 0.000013 0.000072 0.000217 0.000047
0.005169 0.000034 0.002040 0.001191 0.976538 0.000163 0.000030 0.000024 0.000080 0.000082 0.000257 0.000018 0.000077 0.000172 0.010008 0.000016 0.000854 0.000018 0.000064 0.000038 0.000237 0.000154 0.000026 0.001548 0.000157 0.000023 0.000047 0.000047 0.000043 0.000623 0.000139 0.000082
0.537609 0.000730 0.000556 0.076321 0.323365 0.002681 0.000269 0.000225 0.003787 0.001531 0.004093 0.000204 0.005826 0.000560 0.006996 0.000168 0.003069 0.000282 0.000987 0.004228 0.001270 0.004189 0.000171 0.002179 0.001606 0.000613 0.001934 0.002231 0.000442 0.005442 0.003425 0.003011
0.539015 0.000496 0.001045 0.000665 0.120515 0.000476 0.000996 0.000619 0.002758 0.024262 0.001046 0.000632 0.000046 0.000560 0.123912 0.002227 0.039878 0.000202 0.003161 0.011218 0.012526 0.007478 0.000633 0.065515 0.000686 0.000160 0.000396 0.004270 0.000300 0.029021 0.001392 0.003895
0.346944 0.024515 0.014745 0.104988 0.110290 0.084297 0.004860 0.004417 0.065075 0.008739 0.038976 0.003121 0.031653 0.012560 0.011924 0.004260 0.013524 0.002360 0.004395 0.006392 0.007320 0.008751 0.007535 0.017759 0.019942 0.003776 0.005332 0.004518 0.001954 0.009049 0.009050 0.006978
0.758618 0.000600 0.000725 0.043922 0.105866 0.001838 0.000268 0.000313 0.003145 0.004187 0.002582 0.000357 0.005094 0.000608 0.010432 0.000225 0.005243 0.000369 0.001319 0.007377 0.003313 0.007498 0.000232 0.005667 0.001194 0.000625 0.002799 0.003241 0.000637 0.013733 0.002915 0.005054
0.429594 0.002184 0.012916 0.018376 0.102376 0.011328 0.002860 0.001962 0.003082 0.020660 0.019784 0.001622 0.001404 0.004136 0.027468 0.000815 0.009058 0.003434 0.002519 0.084872 0.010282 0.085710 0.003138 0.009517 0.003553 0.007160 0.005466 0.013882 0.013480 0.024729 0.058616 0.004016
0.137753 0.000004 0.000001 0.015840 0.000003 0.843828 0.000001 0.000000 0.000002 0.000007 0.000077 0.000000 0.002371 0.000002 0.000002 0.000000 0.000002 0.000011 0.000001 0.000013 0.000002 0.000016 0.000000 0.000001 0.000030 0.000001 0.000004 0.000004 0.000001 0.000004 0.000014 0.000004
0.587113 0.003154 0.000223 0.024405 0.001457 0.229827 0.000277 0.000308 0.011725 0.002345 0.001693 0.000179 0.103742 0.001351 0.000568 0.000223 0.001411 0.000244 0.000819 0.005482 0.000683 0.004033 0.000880 0.001289 0.010999 0.000312 0.000373 0.001482 0.000090 0.001199 0.000929 0.001185
0.824319 0.000414 0.000027 0.052658 0.001123 0.113833 0.000051 0.000009 0.000417 0.000043 0.000443 0.000010 0.005700 0.000053 0.000006 0.000013 0.000014 0.000164 0.000063 0.000006 0.000004 0.000017 0.000214 0.000030 0.000086 0.000027 0.000025 0.000056 0.000012 0.000010 0.000088 0.000065
0.509895 0.100405 0.001631 0.009561 0.008906 0.004346 0.004543 0.001131 0.241047 0.001975 0.011016 0.002153 0.013343 0.013028 0.000732 0.000731 0.001972 0.001917 0.003816 0.003223 0.000825 0.008483 0.000657 0.000724 0.011016 0.004076 0.002993 0.002498 0.001139 0.001637 0.029020 0.001558
0.301226 0.000002 0.000000 0.000002 0.000002 0.000001 0.000006 0.000004 0.000074 0.646143 0.000001 0.000001 0.000000 0.000003 0.000019 0.000009 0.000007 0.000438 0.000002 0.015719 0.000040 0.036110 0.000007 0.000006 0.000003 0.000004 0.000001 0.000047 0.000001 0.000105 0.000005 0.000012
0.695332 0.000029 0.000004 0.000045 0.000045 0.000037 0.000055 0.000060 0.000832 0.260813 0.000084 0.000014 0.000002 0.000038 0.000282 0.000060 0.000087 0.002816 0.000027 0.022505 0.000264 0.014854 0.000041 0.000068 0.000042 0.000084 0.000036 0.000570 0.000055 0.000653 0.000081 0.000083
0.579143 0.010190 0.000119 0.000945 0.000939 0.000557 0.011956 0.001677 0.019773 0.236349 0.001771 0.001489 0.000045 0.000881 0.000428 0.004231 0.000521 0.054499 0.002031 0.009401 0.000746 0.047655 0.004711 0.000725 0.000476 0.001356 0.000566 0.001591 0.000551 0.001271 0.001281 0.002126
0.649120 0.000165 0.000064 0.000431 0.000202 0.000412 0.000612 0.000321 0.003450 0.226961 0.000849 0.000117 0.000083 0.000258 0.001424 0.000465 0.000552 0.009025 0.000311 0.061628 0.002770 0.031424 0.000268 0.000457 0.000257 0.000783 0.000234 0.002112 0.000637 0.002729 0.001000 0.000881
0.728483 0.000476 0.000062 0.001588 0.001079 0.000219 0.001113 0.000503 0.036794 0.140417 0.000415 0.000284 0.000205 0.000234 0.000964 0.000460 0.000522 0.006944 0.000735 0.036355 0.000970 0.031647 0.001090 0.000690 0.000379 0.000513 0.000155 0.002099 0.000281 0.001977 0.000850 0.001494
0.629389 0.006953 0.000088 0.007974 0.000439 0.000372 0.008683 0.000803 0.004084 0.107772 0.000287 0.000743 0.000029 0.001485 0.001266 0.081044 0.002833 0.014688 0.019170 0.012448 0.002668 0.052351 0.000582 0.000829 0.001195 0.001598 0.000444 0.026532 0.000159 0.004948 0.002519 0.005624
0.273399 0.233769 0.000846 0.013080 0.001022 0.013917 0.001336 0.000261 0.004296 0.000695 0.018674 0.000308 0.293273 0.038995 0.000347 0.000249 0.000578 0.004122 0.006378 0.001042 0.000735 0.008004 0.000800 0.000574 0.069186 0.001349 0.001870 0.000512 0.000749 0.000903 0.006561 0.002170
0.587113 0.003154 0.000223 0.024405 0.001457 0.229827 0.000277 0.000308 0.011725 0.002345 0.001693 0.000179 0.103742 0.001351 0.000568 0.000223 0.001411 0.000244 0.000819 0.005482 0.000683 0.004033 0.000880 0.001289 0.010999 0.000312 0.000373 0.001482 0.000090 0.001199 0.000929 0.001185
0.092095 0.000002 0.000061 0.000007 0.009704 0.000005 0.000006 0.000009 0.000004 0.000106 0.000011 0.000009 0.000000 0.000014 0.888437 0.000013 0.002801 0.000001 0.000003 0.000084 0.000506 0.000034 0.000002 0.003595 0.000019 0.000002 0.000009 0.000134 0.000003 0.002282 0.000012 0.000031
0.762861 0.000001 0.000012 0.000001 0.000289 0.000001 0.000002 0.000003 0.000001 0.000031 0.000007 0.000003 0.000000 0.000004 0.233965 0.000002 0.000239 0.000000 0.000001 0.000093 0.000083 0.000041 0.000000 0.001981 0.000008 0.000001 0.000003 0.000056 0.000001 0.000302 0.000004 0.000005
0.835972 0.000002 0.000036 0.000008 0.000518 0.000004 0.000004 0.000005 0.000004 0.000052 0.000024 0.000006 0.000000 0.000009 0.161814 0.000002 0.000266 0.000001 0.000002 0.000260 0.000159 0.000104 0.000002 0.000352 0.000023 0.000003 0.000012 0.000075 0.000006 0.000241 0.000022 0.000012
0.469362 0.000937 0.003691 0.005792 0.022794 0.001300 0.001183 0.001247 0.001317 0.038986 0.002031 0.000777 0.000556 0.001931 0.127206 0.001109 0.039739 0.001059 0.002294 0.063584 0.018868 0.071335 0.001611 0.022452 0.003319 0.000991 0.001788 0.012266 0.001781 0.063154 0.008306 0.007234
0.539015 0.000496 0.001045 0.000665 0.120515 0.000476 0.000996 0.000619 0.002758 0.024262 0.001046 0.000632 0.000046 0.000560 0.123912 0.002227 0.039878 0.000202 0.003161 0.011218 0.012526 0.007478 0.000633 0.065515 0.000686 0.000160 0.000396 0.004270 0.000300 0.029021 0.001392 0.003895
0.836259 0.000056 0.000122 0.004976 0.009911 0.000056 0.000060 0.000040 0.000036 0.000431 0.000453 0.000053 0.000029 0.000172 0.110014 0.000030 0.004460 0.000034 0.000063 0.001074 0.008530 0.002161 0.000035 0.005715 0.000383 0.000124 0.000388 0.000439 0.000063 0.012280 0.001147 0.000406
0.899593 0.000000 0.000002 0.000000 0.000007 0.000000 0.000000 0.000000 0.000000 0.000003 0.000000 0.000000 0.000000 0.000000 0.100291 0.000000 0.000033 0.000000 0.000000 0.000035 0.000003 0.000003 0.000000 0.000003 0.000001 0.000000 0.000000 0.000004 0.000000 0.000020 0.000000 0.000000
0.302857 0.000113 0.000057 0.000259 0.000259 0.000439 0.000116 0.000087 0.000064 0.056351 0.000026 0.000081 0.000018 0.000116 0.000832 0.001061 0.000518 0.000051 0.626279 0.001809 0.000116 0.001538 0.000114 0.002379 0.000353 0.000011 0.000007 0.000752 0.000007 0.001681 0.000144 0.001505
0.269074 0.000069 0.000346 0.000091 0.000060 0.000508 0.000099 0.000081 0.000559 0.001945 0.000379 0.000046 0.000292 0.000638 0.007715 0.000033 0.004115 0.000102 0.001377 0.639666 0.002473 0.039860 0.000021 0.000097 0.012142 0.000080 0.000149 0.000423 0.000038 0.011311 0.005236 0.000976
0.529694 0.000002 0.000034 0.000141 0.000010 0.000177 0.000008 0.000007 0.000066 0.000301 0.000039 0.000010 0.000337 0.000047 0.000828 0.000002 0.000755 0.000014 0.000127 0.459542 0.000264 0.004872 0.000002 0.000021 0.000533 0.000003 0.000012 0.000082 0.000002 0.001621 0.000208 0.000239
0.476391 0.000181 0.000793 0.000992 0.000126 0.001115 0.000462 0.000422 0.001249 0.010006 0.000630 0.000555 0.002029 0.001089 0.007705 0.000236 0.017614 0.000437 0.005189 0.390587 0.008562 0.026927 0.000257 0.000932 0.004179 0.000209 0.000352 0.002100 0.000158 0.030971 0.002839 0.004707
0.495912 0.000354 0.000180 0.001480 0.000995 0.001093 0.001614 0.000240 0.000525 0.012803 0.001105 0.001341 0.000137 0.000363 0.002461 0.000201 0.002011 0.002141 0.000332 0.286211 0.007723 0.110097 0.000267 0.001184 0.000485 0.001607 0.000467 0.016775 0.000578 0.009274 0.038851 0.001191
0.540338 0.000048 0.000152 0.000126 0.000013 0.000105 0.000273 0.000208 0.000296 0.007517 0.000146 0.000197 0.000063 0.000276 0.007090 0.000176 0.029525 0.000176 0.001540 0.218074 0.024617 0.021173 0.000055 0.000365 0.001549 0.000088 0.000222 0.000978 0.000060 0.141144 0.002107 0.001301
0.431114 0.000334 0.000124 0.004166 0.001193 0.004580 0.000499 0.000569 0.000945 0.018607 0.002191 0.000451 0.000151 0.000187 0.003056 0.000249 0.001652 0.001329 0.001047 0.202433 0.007476 0.276584 0.001945 0.002076 0.000459 0.000634 0.001885 0.010631 0.001372 0.005774 0.013268 0.003020
0.541383 0.009735 0.000390 0.003584 0.002081 0.002961 0.000944 0.001474 0.022008 0.025997 0.004456 0.001500 0.001094 0.001189 0.001608 0.000964 0.003817 0.000614 0.001960 0.180360 0.006813 0.144507 0.006812 0.001275 0.005664 0.000905 0.001636 0.007422 0.000734 0.008316 0.005089 0.002708
0.816208 0.000001 0.000002 0.000047 0.000006 0.000005 0.000003 0.000001 0.000208 0.000413 0.000003 0.000002 0.000006 0.000007 0.001183 0.000001 0.000069 0.000003 0.000004 0.175744 0.000059 0.005152 0.000001 0.000017 0.000093 0.000003 0.000007 0.000075 0.000000 0.000557 0.000051 0.000070
0.435424 0.002458 0.005971 0.009004 0.029456 0.007630 0.003117 0.001674 0.002929 0.019509 0.013294 0.001572 0.001358 0.003971 0.022126 0.000788 0.006604 0.004776 0.002173 0.167543 0.009309 0.115568 0.002331 0.005446 0.003381 0.006060 0.003182 0.013825 0.013525 0.019151 0.063334 0.003512
0.704716 0.000032 0.000347 0.001482 0.002061 0.001875 0.000156 0.000069 0.000046 0.002808 0.001183 0.000218 0.000035 0.000108 0.003625 0.000016 0.001292 0.000786 0.000083 0.164808 0.003192 0.040474 0.000034 0.000418 0.000337 0.000898 0.000675 0.004090 0.000382 0.003417 0.060069 0.000265
0.606739 0.001240 0.000149 0.002777 0.000717 0.002712 0.001098 0.001152 0.000829 0.023588 0.005221 0.001746 0.000078 0.000173 0.003208 0.000602 0.001687 0.002086 0.001826 0.138779 0.007972 0.154506 0.006217 0.001347 0.000640 0.000958 0.005393 0.005710 0.002701 0.006683 0.008087 0.003379
0.329464 0.007152 0.016037 0.017770 0.030071 0.028560 0.011401 0.005357 0.007722 0.022119 0.039222 0.005340 0.009444 0.010114 0.028884 0.003109 0.012837 0.007976 0.008679 0.134540 0.016315 0.073680 0.005896 0.010216 0.009533 0.013952 0.005522 0.017223 0.024053 0.023934 0.055892 0.007987
0.443686 0.003194 0.002775 0.020652 0.005560 0.006174 0.004879 0.001808 0.009268 0.020506 0.005828 0.002435 0.002504 0.003672 0.007388 0.001449 0.007676 0.007331 0.002441 0.129201 0.008539 0.179249 0.002210 0.004917 0.003078 0.005384 0.003339 0.030485 0.002293 0.013945 0.052339 0.005794
0.243989 0.004591 0.005188 0.026805 0.022111 0.012449 0.014294 0.005404 0.005163 0.042491 0.011230 0.013084 0.002749 0.010026 0.031704 0.004571 0.023743 0.009995 0.010146 0.128156 0.035663 0.103742 0.008611 0.013409 0.009524 0.015393 0.004851 0.031467 0.009451 0.038783 0.087535 0.013682
0.792462 0.000605 0.000098 0.003414 0.000644 0.000967 0.000208 0.000568 0.001254 0.007500 0.012325 0.000572 0.000345 0.000291 0.004311 0.000320 0.003975 0.000182 0.000519 0.127773 0.005374 0.006781 0.000327 0.002751 0.000894 0.000413 0.002947 0.007811 0.000640 0.008277 0.002048 0.003408
0.379511 0.003142 0.000168 0.008068 0.000566 0.004591 0.003911 0.003224 0.001798 0.008823 0.011486 0.001476 0.000362 0.001097 0.003174 0.002740 0.009494 0.004737 0.004898 0.122745 0.021571 0.273688 0.003990 0.000997 0.004614 0.004591 0.003504 0.015854 0.002309 0.026564 0.049177 0.017131
0.504463 0.000816 0.002096 0.009623 0.012652 0.005513 0.002313 0.000940 0.000787 0.012246 0.006241 0.001572 0.000367 0.002745 0.013038 0.000608 0.007528 0.006112 0.001335 0.121791 0.012419 0.118460 0.000777 0.005540 0.003493 0.003694 0.003212 0.016785 0.003325 0.020166 0.095252 0.004092
0.404309 0.008079 0.004839 0.014773 0.008288 0.013291 0.010356 0.002892 0.012146 0.018450 0.013108 0.003890 0.004939 0.007343 0.006433 0.002119 0.007427 0.015325 0.004236 0.117157 0.008278 0.102073 0.002903 0.004018 0.003848 0.015777 0.005226 0.028545 0.005217 0.012409 0.126906 0.005401
0.881860 0.000000 0.000003 0.000111 0.000009 0.000049 0.000001 0.000000 0.000171 0.000051 0.000005 0.000000 0.000353 0.000008 0.000129 0.000000 0.000044 0.000001 0.000005 0.115086 0.000011 0.001664 0.000000 0.000005 0.000236 0.000001 0.000003 0.000020 0.000000 0.000106 0.000034 0.000034
0.522369 0.003157 0.001209 0.010899 0.005832 0.004969 0.002872 0.001150 0.004646 0.017951 0.004802 0.001918 0.000828 0.002354 0.005772 0.001067 0.004787 0.003336 0.002490 0.111334 0.006303 0.178405 0.001702 0.002686 0.001981 0.003997 0.002095 0.024076 0.002411 0.013439 0.045744 0.003418
0.722469 0.001860 0.000623 0.003139 0.001982 0.001834 0.000718 0.001635 0.006958 0.021621 0.017684 0.001798 0.000562 0.001257 0.007934 0.000995 0.008910 0.000847 0.001166 0.110472 0.008499 0.010842 0.000549 0.005757 0.002485 0.001262 0.005017 0.021161 0.001405 0.018222 0.004216 0.006121
0.421969 0.000639 0.000062 0.012102 0.000629 0.005267 0.001049 0.000836 0.000777 0.006418 0.004788 0.000377 0.000500 0.000392 0.002196 0.000922 0.003569 0.001742 0.001520 0.104945 0.009994 0.350372 0.001452 0.000577 0.001680 0.001539 0.001493 0.011930 0.001004 0.014378 0.027929 0.006953
0.370991 0.002621 0.000949 0.003227 0.010853 0.002388 0.001348 0.000681 0.001292 0.047249 0.006036 0.001023 0.000519 0.003305 0.011661 0.003677 0.013465 0.004270 0.006117 0.102619 0.025339 0.236434 0.001952 0.011869 0.003139 0.002257 0.006728 0.029313 0.003984 0.042215 0.037140 0.005337
0.421969 0.000639 0.000062 0.012102 0.000629 0.005267 0.001049 0.000836 0.000777 0.006418 0.004788 0.000377 0.000500 0.000392 0.002196 0.000922 0.003569 0.001742 0.001520 0.104945 0.009994 0.350372 0.001452 0.000577 0.001680 0.001539 0.001493 0.011930 0.001004 0.014378 0.027929 0.006953
0.579882 0.000250 0.000226 0.002071 0.005574 0.000207 0.000368 0.000260 0.000351 0.020323 0.000624 0.000355 0.000039 0.000687 0.017911 0.000205 0.003605 0.000896 0.000149 0.035346 0.005230 0.294753 0.000674 0.001459 0.000773 0.000361 0.000685 0.002889 0.000961 0.017881 0.004284 0.000720
0.431114 0.000334 0.000124 0.004166 0.001193 0.004580 0.000499 0.000569 0.000945 0.018607 0.002191 0.000451 0.000151 0.000187 0.003056 0.000249 0.001652 0.001329 0.001047 0.202433 0.007476 0.276584 0.001945 0.002076 0.000459 0.000634 0.001885 0.010631 0.001372 0.005774 0.013268 0.003020
0.379511 0.003142 0.000168 0.008068 0.000566 0.004591 0.003911 0.003224 0.001798 0.008823 0.011486 0.001476 0.000362 0.001097 0.003174 0.002740 0.009494 0.004737 0.004898 0.122745 0.021571 0.273688 0.003990 0.000997 0.004614 0.004591 0.003504 0.015854 0.002309 0.026564 0.049177 0.017131
0.527451 0.001894 0.000329 0.008755 0.000891 0.002211 0.002086 0.000498 0.002904 0.013717 0.000918 0.000453 0.000250 0.001477 0.002602 0.001112 0.001983 0.006595 0.001764 0.060945 0.002965 0.268328 0.000500 0.001627 0.000934 0.002233 0.000813 0.059812 0.000614 0.004638 0.015350 0.003352
0.370991 0.002621 0.000949 0.003227 0.010853 0.002388 0.001348 0.000681 0.001292 0.047249 0.006036 0.001023 0.000519 0.003305 0.011661 0.003677 0.013465 0.004270 0.006117 0.102619 0.025339 0.236434 0.001952 0.011869 0.003139 0.002257 0.006728 0.029313 0.003984 0.042215 0.037140 0.005337
0.443686 0.003194 0.002775 0.020652 0.005560 0.006174 0.004879 0.001808 0.009268 0.020506 0.005828 0.002435 0.002504 0.003672 0.007388 0.001449 0.007676 0.007331 0.002441 0.129201 0.008539 0.179249 0.002210 0.004917 0.003078 0.005384 0.003339 0.030485 0.002293 0.013945 0.052339 0.005794
0.522369 0.003157 0.001209 0.010899 0.005832 0.004969 0.002872 0.001150 0.004646 0.017951 0.004802 0.001918 0.000828 0.002354 0.005772 0.001067 0.004787 0.003336 0.002490 0.111334 0.006303 0.178405 0.001702 0.002686 0.001981 0.003997 0.002095 0.024076 0.002411 0.013439 0.045744 0.003418
0.310095 0.000365 0.001418 0.000139 0.000286 0.002175 0.000180 0.000112 0.000803 0.002933 0.000723 0.000059 0.000753 0.004174 0.015638 0.000048 0.014960 0.000389 0.003419 0.363602 0.004299 0.164243 0.000044 0.000285 0.044157 0.000156 0.000345 0.000939 0.000108 0.027217 0.034927 0.001007
0.263871 0.002980 0.000522 0.004120 0.002517 0.010882 0.001049 0.001186 0.001615 0.013023 0.002193 0.001404 0.001425 0.002409 0.016734 0.000734 0.007521 0.004763 0.013872 0.067585 0.009404 0.164180 0.002211 0.002188 0.014414 0.007155 0.007011 0.222935 0.003026 0.020339 0.108001 0.018731
0.606739 0.001240 0.000149 0.002777 0.000717 0.002712 0.001098 0.001152 0.000829 0.023588 0.005221 0.001746 0.000078 0.000173 0.003208 0.000602 0.001687 0.002086 0.001826 0.138779 0.007972 0.154506 0.006217 0.001347 0.000640 0.000958 0.005393 0.005710 0.002701 0.006683 0.008087 0.003379
0.541383 0.009735 0.000390 0.003584 0.002081 0.002961 0.000944 0.001474 0.022008 0.025997 0.004456 0.001500 0.001094 0.001189 0.001608 0.000964 0.003817 0.000614 0.001960 0.180360 0.006813 0.144507 0.006812 0.001275 0.005664 0.000905 0.001636 0.007422 0.000734 0.008316 0.005089 0.002708
0.613545 0.004325 0.000990 0.007298 0.002016 0.002147 0.004609 0.000926 0.007896 0.019756 0.002335 0.001391 0.000565 0.003294 0.002989 0.001555 0.004366 0.007521 0.002881 0.061091 0.005161 0.125015 0.000646 0.001494 0.002137 0.003341 0.001228 0.027069 0.000489 0.008414 0.069525 0.003987
0.504463 0.000816 0.002096 0.009623 0.012652 0.005513 0.002313 0.000940 0.000787 0.012246 0.006241 0.001572 0.000367 0.002745 0.013038 0.000608 0.007528 0.006112 0.001335 0.121791 0.012419 0.118460 0.000777 0.005540 0.003493 0.003694 0.003212 0.016785 0.003325 0.020166 0.095252 0.004092
0.435424 0.002458 0.005971 0.009004 0.029456 0.007630 0.003117 0.001674 0.002929 0.019509 0.013294 0.001572 0.001358 0.003971 0.022126 0.000788 0.006604 0.004776 0.002173 0.167543 0.009309 0.115568 0.002331 0.005446 0.003381 0.006060 0.003182 0.013825 0.013525 0.019151 0.063334 0.003512
0.225295 0.005782 0.007080 0.041964 0.050345 0.020549 0.011667 0.005422 0.006472 0.036059 0.034192 0.005898 0.006773 0.015945 0.028990 0.004656 0.016796 0.010821 0.010319 0.093624 0.024046 0.115148 0.010550 0.019134 0.009735 0.015811 0.008877 0.029347 0.017704 0.032200 0.063273 0.015527
0.510424 0.003916 0.007845 0.027248 0.037826 0.016348 0.002721 0.001708 0.003993 0.020140 0.014901 0.001403 0.003805 0.006105 0.024886 0.000997 0.008227 0.002377 0.004283 0.072962 0.008800 0.114623 0.002325 0.006964 0.005984 0.004621 0.003420 0.013648 0.007362 0.021288 0.034332 0.004515
0.495912 0.000354 0.000180 0.001480 0.000995 0.001093 0.001614 0.000240 0.000525 0.012803 0.001105 0.001341 0.000137 0.000363 0.002461 0.000201 0.002011 0.002141 0.000332 0.286211 0.007723 0.110097 0.000267 0.001184 0.000485 0.001607 0.000467 0.016775 0.000578 0.009274 0.038851 0.001191
0.243989 0.004591 0.005188 0.026805 0.022111 0.012449 0.014294 0.005404 0.005163 0.042491 0.011230 0.013084 0.002749 0.010026 0.031704 0.004571 0.023743 0.009995 0.010146 0.128156 0.035663 0.103742 0.008611 0.013409 0.009524 0.015393 0.004851 0.031467 0.009451 0.038783 0.087535 0.013682
0.404309 0.008079 0.004839 0.014773 0.008288 0.013291 0.010356 0.002892 0.012146 0.018450 0.013108 0.003890 0.004939 0.007343 0.006433 0.002119 0.007427 0.015325 0.004236 0.117157 0.008278 0.102073 0.002903 0.004018 0.003848 0.015777 0.005226 0.028545 0.005217 0.012409 0.126906 0.005401
0.360240 0.124878 0.001443 0.017664 0.002223 0.009323 0.002801 0.000837 0.004229 0.003746 0.025620 0.000882 0.067333 0.044813 0.002882 0.001245 0.003630 0.008452 0.018146 0.009010 0.007684 0.077596 0.001106 0.001904 0.114319 0.006996 0.018549 0.002571 0.004384 0.007822 0.040835 0.006836
0.069483 0.000085 0.000012 0.000094 0.000036 0.000083 0.000040 0.000026 0.000056 0.001558 0.000004 0.000232 0.000001 0.000009 0.000319 0.000609 0.000193 0.000022 0.000060 0.000367 0.000053 0.000135 0.000058 0.000045 0.000017 0.000038 0.000018 0.926125 0.000007 0.000084 0.000054 0.000075
0.186936 0.000012 0.000002 0.000054 0.000002 0.000062 0.000011 0.000008 0.000009 0.000457 0.000001 0.000058 0.000001 0.000001 0.000079 0.000193 0.000070 0.000004 0.000007 0.000837 0.000048 0.000061 0.000026 0.000022 0.000007 0.000011 0.000004 0.810879 0.000002 0.000096 0.000021 0.000017
0.189157 0.001082 0.000083 0.000734 0.000251 0.001143 0.000425 0.000313 0.001147 0.016560 0.000063 0.000790 0.000017 0.000166 0.001557 0.007231 0.001626 0.000289 0.000933 0.002113 0.000458 0.001792 0.000324 0.000782 0.000250 0.000313 0.000363 0.767472 0.000076 0.000591 0.000363 0.001534
0.341892 0.000445 0.000251 0.000382 0.000407 0.000431 0.000406 0.000064 0.000338 0.001719 0.000053 0.000120 0.000010 0.000162 0.002099 0.000773 0.001223 0.000336 0.000143 0.002617 0.000232 0.001519 0.000056 0.000043 0.000396 0.000495 0.000162 0.641152 0.000051 0.000266 0.001476 0.000279
0.341802 0.000905 0.000182 0.000777 0.000134 0.001442 0.000563 0.000124 0.001110 0.003455 0.000027 0.000385 0.000018 0.000162 0.000666 0.003349 0.000633 0.000420 0.000384 0.001932 0.000162 0.000788 0.000057 0.000085 0.000389 0.000511 0.000063 0.637844 0.000033 0.000189 0.000975 0.000437
0.525466 0.000025 0.000023 0.000202 0.000107 0.000249 0.000017 0.000009 0.000009 0.000763 0.000028 0.000008 0.000001 0.000008 0.002416 0.000034 0.000587 0.000029 0.000012 0.001217 0.000148 0.000780 0.000019 0.000034 0.000029 0.000068 0.000153 0.467167 0.000022 0.000152 0.000154 0.000065
0.555533 0.000215 0.000015 0.000236 0.000026 0.000055 0.000730 0.000184 0.000351 0.009052 0.000023 0.001160 0.000003 0.000017 0.000356 0.007878 0.000963 0.000065 0.000147 0.005356 0.001000 0.000591 0.000377 0.000220 0.000042 0.000175 0.000071 0.413723 0.000035 0.000914 0.000280 0.000208
0.551994 0.000645 0.000111 0.002961 0.002181 0.000906 0.000921 0.000406 0.001580 0.018708 0.000119 0.002072 0.000070 0.000362 0.003749 0.002344 0.003735 0.000493 0.000579 0.013534 0.001383 0.004079 0.001264 0.001201 0.000459 0.000563 0.000132 0.376358 0.000139 0.002872 0.003060 0.001020
0.627744 0.000990 0.000306 0.000807 0.000325 0.000653 0.001726 0.000529 0.000595 0.038843 0.000375 0.002720 0.000055 0.000642 0.005628 0.001835 0.006350 0.000461 0.000508 0.041699 0.005180 0.007321 0.001620 0.001043 0.000848 0.000721 0.000380 0.236620 0.000246 0.006336 0.006222 0.000671
0.572179 0.003572 0.000476 0.009268 0.001294 0.005373 0.001283 0.000575 0.001006 0.039076 0.000918 0.001206 0.000555 0.002579 0.005566 0.005647 0.008387 0.002087 0.004297 0.018743 0.005383 0.050798 0.000980 0.002624 0.003095 0.001351 0.003312 0.223215 0.000834 0.011036 0.008147 0.005139
0.263871 0.002980 0.000522 0.004120 0.002517 0.010882 0.001049 0.001186 0.001615 0.013023 0.002193 0.001404 0.001425 0.002409 0.016734 0.000734 0.007521 0.004763 0.013872 0.067585 0.009404 0.164180 0.002211 0.002188 0.014414 0.007155 0.007011 0.222935 0.003026 0.020339 0.108001 0.018731
0.750022 0.002848 0.000797 0.002625 0.000587 0.005160 0.009864 0.002062 0.001611 0.009168 0.001357 0.002480 0.000335 0.001247 0.002464 0.008353 0.007603 0.004532 0.000942 0.019223 0.007775 0.005666 0.001918 0.000766 0.001257 0.007383 0.003436 0.108637 0.001012 0.005731 0.021395 0.001744
0.540338 0.000048 0.000152 0.000126 0.000013 0.000105 0.000273 0.000208 0.000296 0.007517 0.000146 0.000197 0.000063 0.000276 0.007090 0.000176 0.029525 0.000176 0.001540 0.218074 0.024617 0.021173 0.000055 0.000365 0.001549 0.000088 0.000222 0.000978 0.000060 0.141144 0.002107 0.001301
0.613016 0.001554 0.000269 0.000491 0.000397 0.003701 0.000547 0.000194 0.000281 0.004484 0.000859 0.000060 0.000176 0.006391 0.003536 0.000207 0.003432 0.003310 0.008498 0.024182 0.001483 0.104956 0.000085 0.000226 0.049621 0.000456 0.000292 0.001286 0.000220 0.010941 0.153834 0.001015
0.456676 0.012422 0.004962 0.011695 0.010267 0.017127 0.010917 0.002898 0.017773 0.016182 0.014211 0.005988 0.005096 0.008911 0.004770 0.002201 0.008330 0.013237 0.005881 0.067902 0.007262 0.079468 0.002070 0.005003 0.004083 0.018540 0.004462 0.026408 0.005110 0.015316 0.129113 0.005718
0.404309 0.008079 0.004839 0.014773 0.008288 0.013291 0.010356 0.002892 0.012146 0.018450 0.013108 0.003890 0.004939 0.007343 0.006433 0.002119 0.007427 0.015325 0.004236 0.117157 0.008278 0.102073 0.002903 0.004018 0.003848 0.015777 0.005226 0.028545 0.005217 0.012409 0.126906 0.005401
0.410302 0.001600 0.003946 0.012579 0.020922 0.006885 0.004517 0.001818 0.001485 0.016572 0.008742 0.003288 0.000802 0.005426 0.021177 0.001199 0.013036 0.009388 0.002637 0.119592 0.017666 0.107452 0.002056 0.008586 0.006126 0.006714 0.005131 0.021472 0.006487 0.030499 0.115807 0.006090
0.456227 0.009737 0.004014 0.011961 0.012564 0.011122 0.016155 0.003282 0.014017 0.021472 0.011927 0.010541 0.003380 0.007690 0.005535 0.002497 0.008769 0.018589 0.004391 0.084811 0.009015 0.066493 0.003636 0.006972 0.003921 0.015303 0.004401 0.031189 0.004459 0.015986 0.114638 0.005308
0.263871 0.002980 0.000522 0.004120 0.002517 0.010882 0.001049 0.001186 0.001615 0.013023 0.002193 0.001404 0.001425 0.002409 0.016734 0.000734 0.007521 0.004763 0.013872 0.067585 0.009404 0.164180 0.002211 0.002188 0.014414 0.007155 0.007011 0.222935 0.003026 0.020339 0.108001 0.018731
0.592050 0.003045 0.001463 0.007308 0.003651 0.004012 0.002715 0.000984 0.003227 0.011097 0.003684 0.001488 0.001382 0.002642 0.004079 0.001069 0.006141 0.007881 0.001785 0.076108 0.010488 0.093768 0.000566 0.001420 0.002339 0.009578 0.003556 0.022565 0.002657 0.012852 0.102083 0.002316
