bed 369 102 560 426 0.102453 0.739966
chair 58 239 225 422 0.976366 0.018222
chair 2 264 35 350 0.532493 0.209030
chair 23 259 139 363 0.385898 0.529283
chair 276 299 543 426 0.384085 0.532424
chair 223 342 382 424 0.193791 0.547570
chair 139 405 240 425 0.189212 0.589217
chair 212 417 215 418 0.169195 0.616199
chair 92 211 152 359 0.160381 0.832516
chair 65 365 238 424 0.151162 0.809820
chair 147 238 153 251 0.147253 0.833622
chair 383 238 431 316 0.122722 0.773181
chair 365 272 437 426 0.105119 0.893291
table 205 311 404 419 0.975601 0.021472
table 0 237 165 412 0.716892 0.096197
table 374 176 559 422 0.516407 0.337607
table 0 256 54 362 0.293282 0.168299
table 122 207 353 421 0.189405 0.755248
table 83 310 243 410 0.125609 0.302589
door 78 4 113 275 0.189011 0.756088
picture 252 289 318 345 0.949262 0.034385
picture 520 90 559 149 0.328473 0.320474
picture 111 92 163 176 0.199024 0.669265
picture 131 2 350 47 0.198378 0.420319
picture 430 90 481 153 0.123064 0.433687
picture 387 64 480 214 0.116643 0.718061
picture 512 82 523 148 0.116274 0.467608
picture 65 181 68 187 0.108662 0.833585
picture 400 5 552 85 0.107413 0.799903
picture 71 246 78 252 0.105483 0.799006
counter 378 163 560 280 0.141626 0.752042
desk 1 246 105 354 0.166057 0.389591
mirror 0 20 97 273 0.169816 0.718241
paper 129 190 170 200 0.276619 0.701685
paper 153 191 158 193 0.177639 0.787127
paper 520 87 550 150 0.165163 0.428407
paper 187 341 197 347 0.161995 0.723838
paper 512 80 523 148 0.159542 0.467608
paper 180 346 191 358 0.152885 0.483322
paper 156 190 171 196 0.146376 0.786229
paper 524 90 531 91 0.137977 0.759061
paper 536 214 560 218 0.122003 0.693732
paper 514 205 559 217 0.119972 0.831039
paper 110 119 127 163 0.10917 0.534914
box 347 368 361 395 0.240856 0.739520
box 8 269 23 298 0.195003 0.720332
box 161 166 163 177 0.191598 0.473602
box 429 91 478 153 0.175203 0.433687
box 145 160 163 176 0.162831 0.636794
box 511 84 524 149 0.123027 0.467608
box 482 86 518 155 0.106719 0.677649
box 228 423 235 426 0.103903 0.213585
whiteboard 117 2 348 56 0.205763 0.420319
lamp 547 90 560 152 0.179261 0.436990
lamp 39 191 58 237 0.128259 0.748230
bag 179 346 191 358 0.105871 0.483322
garbage_bin 306 280 349 293 0.433402 0.393310
garbage_bin 303 293 316 298 0.140022 0.795068
