cabinet 160 15 284 221 0.20333 0.566438
chair 462 192 560 412 0.775845 0.216588
chair 494 71 523 107 0.113949 0.873180
chair 517 76 527 98 0.112203 0.875551
sofa 0 105 216 372 0.973179 0.025826
sofa 551 353 560 364 0.140867 0.724664
table 321 85 553 231 0.841007 0.045299
table 402 154 539 219 0.138401 0.752146
door 287 0 350 215 0.147331 0.460252
bookshelf 176 4 292 199 0.196516 0.646328
picture 3 3 55 140 0.290269 0.273329
desk 373 105 558 231 0.233647 0.290668
pillow 141 111 206 207 0.60721 0.389638
pillow 3 219 74 277 0.337295 0.615705
pillow 11 136 142 206 0.183596 0.746286
pillow 11 260 36 274 0.153225 0.550561
pillow 2 207 15 216 0.137853 0.858438
pillow 523 139 527 145 0.132409 0.522639
pillow 10 171 193 244 0.132151 0.854836
clothes 356 10 488 111 0.102542 0.376835
paper 372 87 457 107 0.339225 0.620280
paper 445 100 450 103 0.29613 0.606224
paper 434 102 456 113 0.253887 0.657175
paper 439 383 443 399 0.248264 0.191558
paper 152 320 157 335 0.228853 0.279954
paper 377 87 406 99 0.225793 0.710874
paper 387 96 399 101 0.22371 0.663650
paper 419 105 437 115 0.221881 0.705623
paper 450 100 452 103 0.219942 0.674308
paper 422 96 482 120 0.219654 0.670081
paper 441 380 442 383 0.209249 0.085412
paper 440 363 446 399 0.193714 0.148120
paper 368 80 523 118 0.188544 0.713789
paper 398 91 404 99 0.181407 0.738809
paper 455 106 458 109 0.176721 0.721147
paper 546 191 546 196 0.174239 0.301925
paper 442 367 445 382 0.162201 0.122440
paper 377 87 385 95 0.151995 0.796765
paper 374 95 385 105 0.138261 0.800316
paper 539 176 560 184 0.135425 0.305743
paper 545 184 557 187 0.134771 0.279974
paper 553 109 560 112 0.128571 0.452889
paper 553 183 560 190 0.12469 0.196929
paper 1 363 31 383 0.12463 0.533041
paper 397 106 412 114 0.115656 0.778359
paper 546 187 560 206 0.109641 0.286844
paper 545 199 547 202 0.106255 0.351580
paper 339 117 343 128 0.102196 0.761842
box 343 99 355 105 0.567349 0.405785
box 344 96 376 106 0.334706 0.632885
box 43 97 55 119 0.274431 0.551353
box 546 190 547 196 0.24095 0.301925
box 353 98 363 106 0.235607 0.744367
box 545 198 546 202 0.176409 0.351580
box 352 87 368 97 0.16775 0.803625
box 511 175 540 197 0.15461 0.677194
box 47 116 55 124 0.152123 0.702946
box 539 175 560 184 0.149994 0.305743
box 440 383 444 399 0.147805 0.191558
box 554 54 558 71 0.147004 0.200893
box 307 80 348 111 0.142213 0.779279
box 176 116 177 120 0.123803 0.691251
box 545 183 557 187 0.121441 0.279974
box 40 67 76 135 0.117978 0.557484
box 45 118 49 127 0.117853 0.764253
box 339 116 343 128 0.113991 0.761842
box 336 70 350 94 0.111001 0.836024
box 553 108 560 111 0.109255 0.452889
box 443 135 445 137 0.107478 0.675270
box 441 379 443 382 0.107427 0.085412
box 553 182 560 190 0.102023 0.196929
box 546 186 560 206 0.100222 0.286844
garbage_bin 258 110 333 205 0.262599 0.692230
garbage_bin 439 361 446 400 0.218676 0.148120
garbage_bin 442 366 445 382 0.193945 0.122440
garbage_bin 440 379 442 383 0.173646 0.085412
garbage_bin 439 383 444 400 0.160483 0.191558
garbage_bin 347 66 350 70 0.139751 0.539961
garbage_bin 544 198 546 203 0.134886 0.351580
garbage_bin 152 319 158 335 0.126595 0.279954
garbage_bin 182 125 210 155 0.124074 0.735701
garbage_bin 549 33 560 94 0.113604 0.423193
garbage_bin 544 203 545 209 0.111598 0.571638
garbage_bin 538 174 560 207 0.11028 0.348066
garbage_bin 259 143 271 159 0.104658 0.646832
garbage_bin 330 64 348 80 0.103519 0.713564
