cabinet 3 45 181 291 0.338893 0.240490
cabinet 420 172 556 203 0.110718 0.376836
bed 263 169 544 401 0.997907 0.001281
chair 18 82 218 416 0.150162 0.215560
sofa 272 349 292 387 0.133035 0.255027
sofa 502 220 560 298 0.111239 0.381610
table 492 271 558 426 0.223833 0.431154
table 9 101 238 426 0.121779 0.274719
door 144 382 151 426 0.203145 0.593231
door 143 393 145 405 0.115862 0.798834
door 150 414 153 426 0.109589 0.665882
door 150 382 161 426 0.107945 0.791786
door 146 347 158 385 0.107637 0.744558
dresser 6 58 171 260 0.224077 0.262019
pillow 387 183 436 226 0.754483 0.245131
pillow 522 228 559 266 0.596875 0.323530
pillow 410 199 427 212 0.519061 0.480516
pillow 387 196 406 206 0.438425 0.546688
pillow 400 183 428 205 0.424034 0.560054
pillow 508 242 559 295 0.209735 0.538525
pillow 345 273 371 279 0.190447 0.707976
pillow 329 184 431 249 0.181429 0.795308
pillow 267 217 548 283 0.145385 0.709328
pillow 340 180 429 205 0.145283 0.715923
pillow 344 247 493 297 0.138947 0.535432
pillow 369 211 408 231 0.136815 0.820642
pillow 392 179 408 184 0.108382 0.825504
pillow 344 277 387 290 0.102627 0.738133
clothes 271 215 388 284 0.448738 0.517569
clothes 322 205 403 239 0.266803 0.687930
clothes 275 200 503 350 0.24415 0.515992
clothes 347 247 502 299 0.225261 0.535432
clothes 369 210 395 234 0.215879 0.716106
clothes 359 222 385 234 0.15445 0.785779
clothes 369 265 376 273 0.144717 0.694469
clothes 362 276 378 281 0.142216 0.480626
clothes 360 228 388 248 0.116273 0.840865
clothes 359 266 369 274 0.113855 0.769021
clothes 290 210 362 236 0.108513 0.881545
fridge 22 57 178 426 0.136248 0.125182
paper 231 329 238 353 0.250523 0.146929
paper 238 384 249 426 0.21871 0.180610
paper 386 384 500 426 0.196059 0.353488
paper 218 351 234 388 0.183825 0.271086
paper 543 339 544 341 0.17472 0.321016
paper 485 384 515 426 0.173192 0.222525
paper 226 311 243 332 0.169054 0.374952
paper 86 225 91 238 0.163901 0.110951
paper 558 295 560 297 0.154309 0.486458
paper 384 393 408 426 0.151733 0.367168
paper 545 300 557 301 0.130243 0.406144
paper 353 177 391 186 0.1298 0.779487
paper 274 408 291 426 0.122835 0.179862
paper 463 375 468 377 0.117628 0.747373
paper 269 325 287 355 0.11693 0.462753
paper 336 394 386 426 0.115453 0.550415
paper 115 335 123 350 0.113082 0.406467
paper 392 179 402 182 0.107818 0.842046
paper 536 303 558 338 0.104487 0.479491
towel 80 320 110 334 0.140228 0.266308
towel 95 335 116 351 0.122536 0.233107
towel 80 272 111 304 0.118529 0.360790
towel 96 304 111 320 0.116112 0.232135
box 278 279 384 371 0.27986 0.702445
box 306 330 400 379 0.222824 0.763230
box 256 161 272 182 0.214454 0.748091
box 301 296 524 380 0.204146 0.781025
box 257 178 340 199 0.196928 0.793988
box 342 171 343 172 0.181475 0.631114
box 148 85 159 90 0.140738 0.816042
box 383 390 408 425 0.127877 0.367168
box 238 382 250 425 0.117246 0.180610
box 384 380 501 425 0.111789 0.353488
box 274 408 291 426 0.1039 0.179862
box 542 338 544 341 0.102671 0.321016
night_stand 437 173 543 232 0.660797 0.173047
lamp 177 33 264 284 0.147624 0.707630
bag 361 277 378 281 0.239995 0.480626
bag 371 275 381 278 0.229723 0.561634
bag 379 275 381 277 0.179668 0.657772
bag 369 266 376 273 0.122595 0.694469
garbage_bin 272 350 290 386 0.260884 0.255027
garbage_bin 268 323 288 355 0.166253 0.462753
garbage_bin 237 383 250 426 0.120908 0.180610
garbage_bin 273 408 290 426 0.108355 0.179862
garbage_bin 75 350 131 398 0.102754 0.499527
