chair 329 180 526 398 0.987675 0.012278
chair 276 172 385 306 0.869238 0.130592
chair 204 171 275 268 0.821543 0.177932
chair 0 207 63 348 0.658239 0.302711
chair 18 211 152 342 0.497754 0.436556
chair 147 200 244 341 0.432551 0.549216
chair 217 200 358 374 0.342317 0.657325
chair 278 177 375 208 0.332347 0.666950
chair 339 191 378 272 0.243131 0.753795
chair 243 171 270 231 0.212985 0.786358
chair 380 181 402 250 0.191936 0.807104
chair 0 255 54 298 0.124924 0.872603
chair 210 266 221 313 0.124099 0.867681
chair 209 287 211 291 0.106522 0.887423
table 12 209 207 337 0.184009 0.483155
picture 141 188 162 222 0.724408 0.141728
picture 186 4 254 73 0.43273 0.450144
picture 1 6 21 54 0.318304 0.146270
picture 16 20 21 30 0.311793 0.377822
picture 216 48 221 67 0.224404 0.648788
picture 98 179 159 228 0.200085 0.733891
picture 119 186 141 223 0.189909 0.751291
picture 266 1 288 7 0.173554 0.520054
picture 240 1 253 14 0.171328 0.506794
picture 220 42 253 70 0.155849 0.726307
picture 6 38 9 44 0.153734 0.673181
picture 325 1 335 10 0.148595 0.373544
picture 252 43 261 49 0.135547 0.797721
picture 79 107 137 215 0.123099 0.513416
picture 182 1 185 11 0.118332 0.811192
picture 219 1 235 3 0.117916 0.743004
pillow 29 222 103 239 0.126777 0.830876
paper 2 386 74 426 0.302155 0.198537
paper 1 5 22 54 0.25062 0.146270
paper 66 369 191 426 0.175027 0.250846
paper 187 33 222 75 0.151739 0.588628
paper 266 0 287 7 0.131256 0.520054
paper 175 404 209 426 0.129209 0.560726
paper 16 21 22 30 0.120099 0.377822
paper 175 375 242 426 0.108082 0.672394
paper 498 385 560 426 0.108036 0.713409
box 0 6 21 53 0.206931 0.146270
box 1 382 74 426 0.126381 0.198537
box 63 363 193 425 0.123608 0.250846
box 295 23 326 61 0.105774 0.633964
whiteboard 288 123 300 168 0.334899 0.521493
lamp 79 103 137 228 0.27442 0.513416
lamp 102 136 128 182 0.187711 0.649784
