cabinet 293 6 437 109 0.162783 0.593131
sofa 495 69 560 99 0.247023 0.437154
picture 397 2 437 60 0.25357 0.600532
picture 420 35 431 62 0.133972 0.745870
picture 1 144 10 147 0.122943 0.091489
picture 422 2 466 60 0.119881 0.725163
mirror 391 3 440 59 0.101062 0.600532
paper 297 404 313 414 0.236856 0.383588
paper 314 406 322 413 0.214714 0.478637
paper 532 336 540 344 0.178044 0.771434
paper 459 405 473 410 0.175714 0.378866
paper 537 335 547 340 0.17179 0.769210
paper 352 417 358 420 0.171225 0.408608
paper 322 407 330 416 0.169299 0.484986
paper 289 92 294 97 0.156881 0.688992
paper 329 410 334 415 0.156578 0.525899
paper 444 232 453 237 0.155518 0.373779
paper 463 239 471 248 0.151785 0.328447
paper 343 411 350 418 0.150605 0.527364
paper 329 413 339 420 0.150116 0.529782
paper 450 236 462 240 0.149306 0.347387
paper 265 382 353 426 0.147646 0.325170
paper 481 243 489 256 0.136222 0.576546
paper 1 144 9 147 0.135938 0.091489
paper 184 407 200 421 0.131583 0.553635
paper 294 398 303 406 0.128067 0.626069
paper 329 403 352 426 0.125225 0.496894
paper 352 419 368 426 0.122978 0.244941
paper 454 368 559 426 0.115761 0.388270
paper 353 423 355 426 0.112607 0.235757
paper 534 343 560 380 0.111693 0.777889
paper 267 417 273 420 0.1075 0.588710
paper 532 327 547 336 0.106597 0.842598
paper 461 30 469 40 0.102596 0.736402
paper 304 394 335 416 0.100419 0.716356
box 449 64 462 78 0.29339 0.633042
box 450 37 485 81 0.238269 0.530640
box 438 59 450 81 0.215344 0.704578
box 265 417 276 426 0.148258 0.381305
box 265 396 339 426 0.146573 0.250694
box 296 404 314 414 0.139869 0.383588
box 470 81 479 92 0.135926 0.784502
box 455 70 458 72 0.135088 0.797561
box 415 57 463 92 0.132386 0.771857
box 498 72 559 94 0.128768 0.521960
box 461 80 494 92 0.122002 0.809957
box 454 45 463 64 0.118243 0.764500
box 266 416 273 420 0.110622 0.588710
box 438 72 462 92 0.101159 0.829747
whiteboard 0 1 361 85 0.79929 0.150005
sink 107 226 521 426 0.945964 0.027261
sink 79 244 202 381 0.153024 0.743773
sink 422 262 426 266 0.107401 0.871030
lamp 491 16 495 19 0.431299 0.479483
lamp 474 17 501 43 0.397609 0.478527
lamp 471 0 499 22 0.379006 0.572877
lamp 470 16 499 22 0.3483 0.595742
lamp 493 3 495 16 0.249479 0.653252
lamp 453 3 553 90 0.163327 0.701140
lamp 445 1 472 16 0.137021 0.788157
lamp 405 2 491 80 0.127451 0.721832
garbage_bin 164 356 292 424 0.16537 0.486078
garbage_bin 459 405 473 411 0.129938 0.378866
garbage_bin 444 232 453 237 0.115739 0.373779
garbage_bin 450 236 462 240 0.1026 0.347387
