bed 254 196 523 409 0.213832 0.458522
chair 0 153 278 424 0.996676 0.002081
chair 473 49 560 280 0.885585 0.092240
chair 1 75 121 179 0.319312 0.663543
chair 270 152 484 403 0.258067 0.630680
chair 495 210 557 258 0.254338 0.667406
chair 494 245 500 254 0.18209 0.804092
chair 117 210 280 339 0.174431 0.822902
chair 464 231 472 237 0.164945 0.777075
chair 479 224 489 244 0.137155 0.859461
chair 472 231 481 236 0.123564 0.871063
chair 463 216 488 244 0.118149 0.870487
chair 489 245 493 248 0.116806 0.874356
chair 503 248 510 262 0.110353 0.852291
chair 270 243 286 335 0.104121 0.867085
chair 479 225 482 230 0.103656 0.884312
sofa 485 35 559 324 0.116633 0.139919
sofa 0 276 378 426 0.10044 0.750110
table 261 189 506 412 0.342456 0.399102
picture 232 308 235 318 0.126345 0.739415
desk 237 212 521 395 0.512055 0.239145
pillow 314 402 349 426 0.211335 0.552729
pillow 291 398 402 426 0.140717 0.527038
pillow 352 412 359 420 0.129886 0.554572
pillow 344 409 360 426 0.124554 0.512957
pillow 334 416 350 426 0.115732 0.530879
pillow 160 280 219 334 0.115264 0.856526
pillow 360 413 364 421 0.112204 0.508946
pillow 9 155 174 367 0.100662 0.674061
pillow 295 417 325 426 0.10053 0.286482
paper 444 409 445 409 0.201253 0.415481
paper 1 368 11 426 0.124434 0.351924
paper 206 234 210 242 0.122076 0.715718
paper 202 229 206 237 0.111338 0.649529
box 503 240 540 303 0.205621 0.537809
box 444 408 446 409 0.172552 0.415481
box 152 419 155 426 0.141893 0.323193
box 11 413 16 426 0.123691 0.401833
box 4 386 17 425 0.107456 0.224616
whiteboard 259 77 263 93 0.176584 0.375460
lamp 123 56 222 188 0.194116 0.656836
