0.314625 0.102669 0.001167 0.002202 0.003387 0.011623 0.122639 0.010326 0.023201 0.023640 0.024511 0.011729 0.002186 0.012822 0.001642 0.024553 0.007107 0.037944 0.019636 0.048872 0.025855 0.046451 0.002978 0.002768 0.003039 0.013991 0.012326 0.006175 0.006159 0.012445 0.057592 0.003741
0.112740 0.002743 0.001072 0.329435 0.071835 0.015719 0.009623 0.004911 0.001808 0.035833 0.004187 0.007087 0.000611 0.003014 0.075258 0.012199 0.021669 0.004615 0.014655 0.020444 0.042600 0.015795 0.004577 0.011059 0.002386 0.011793 0.008568 0.040592 0.007253 0.040915 0.041237 0.023767
0.614987 0.003405 0.000136 0.132665 0.090450 0.011104 0.004159 0.001114 0.001728 0.008478 0.004972 0.000571 0.001015 0.001047 0.005858 0.001099 0.005770 0.004414 0.001971 0.007911 0.003922 0.009305 0.000552 0.001502 0.000795 0.027585 0.001174 0.014247 0.002781 0.006640 0.024988 0.003654
0.086277 0.003479 0.001043 0.229887 0.113953 0.012624 0.009468 0.004790 0.002406 0.052224 0.004981 0.005855 0.000605 0.003780 0.114005 0.012777 0.018679 0.004880 0.017243 0.020204 0.045758 0.020911 0.004708 0.012082 0.002413 0.012048 0.007723 0.051777 0.009187 0.044246 0.042263 0.027723
0.335879 0.005363 0.004970 0.030737 0.004717 0.111647 0.000788 0.000458 0.000291 0.004793 0.002800 0.000456 0.001001 0.001639 0.028957 0.003156 0.002453 0.002298 0.001749 0.014246 0.009783 0.009878 0.000344 0.000971 0.003523 0.208862 0.032210 0.130778 0.016691 0.009123 0.017677 0.001763
0.579683 0.013619 0.000759 0.002826 0.000752 0.001315 0.143083 0.006075 0.004889 0.015897 0.006214 0.015247 0.000190 0.003490 0.001838 0.032588 0.010862 0.010068 0.002171 0.033069 0.023778 0.019049 0.003469 0.002584 0.001525 0.008700 0.006992 0.006088 0.001329 0.012307 0.026772 0.002773
0.564929 0.013804 0.000853 0.002864 0.000845 0.001324 0.141844 0.006379 0.005110 0.016128 0.006275 0.017459 0.000206 0.003812 0.002184 0.028093 0.010906 0.010917 0.002359 0.037766 0.022806 0.020568 0.003363 0.002409 0.001734 0.010931 0.007409 0.006687 0.001363 0.012949 0.032619 0.003106
0.572453 0.016207 0.000605 0.002734 0.000620 0.001386 0.132955 0.005466 0.005014 0.019119 0.006519 0.011150 0.000234 0.003844 0.001802 0.032058 0.009845 0.009269 0.002136 0.044661 0.026862 0.022803 0.004660 0.002737 0.001759 0.007426 0.005282 0.006139 0.001354 0.013861 0.026025 0.003014
0.555516 0.012084 0.000687 0.002269 0.000649 0.001337 0.131705 0.006175 0.004766 0.022818 0.005906 0.010997 0.000173 0.003472 0.001872 0.044569 0.011364 0.008348 0.002255 0.045350 0.036578 0.022920 0.004076 0.003207 0.001476 0.005843 0.005333 0.006831 0.001518 0.015594 0.021273 0.003038
0.314625 0.102669 0.001167 0.002202 0.003387 0.011623 0.122639 0.010326 0.023201 0.023640 0.024511 0.011729 0.002186 0.012822 0.001642 0.024553 0.007107 0.037944 0.019636 0.048872 0.025855 0.046451 0.002978 0.002768 0.003039 0.013991 0.012326 0.006175 0.006159 0.012445 0.057592 0.003741
0.266942 0.003039 0.000649 0.001356 0.001859 0.001046 0.008801 0.003119 0.004149 0.152615 0.004197 0.003463 0.000126 0.001468 0.008123 0.008214 0.012685 0.003651 0.003924 0.208073 0.062141 0.082495 0.008216 0.005070 0.001678 0.004527 0.002155 0.029922 0.002933 0.035334 0.062385 0.005645
0.228250 0.002483 0.000661 0.001095 0.002172 0.001008 0.008123 0.003333 0.003335 0.141317 0.004155 0.004537 0.000186 0.001290 0.008938 0.005144 0.013841 0.002784 0.003015 0.237699 0.076006 0.089388 0.014796 0.005711 0.001598 0.004959 0.002336 0.033009 0.003386 0.036478 0.053577 0.005388
0.643396 0.000159 0.000037 0.000130 0.000051 0.000113 0.000172 0.000175 0.000830 0.140147 0.000625 0.000049 0.000062 0.000319 0.002744 0.000225 0.000858 0.014029 0.000146 0.069514 0.002731 0.103054 0.000055 0.000302 0.000399 0.000471 0.001696 0.009034 0.000524 0.004500 0.001372 0.002080
0.086277 0.003479 0.001043 0.229887 0.113953 0.012624 0.009468 0.004790 0.002406 0.052224 0.004981 0.005855 0.000605 0.003780 0.114005 0.012777 0.018679 0.004880 0.017243 0.020204 0.045758 0.020911 0.004708 0.012082 0.002413 0.012048 0.007723 0.051777 0.009187 0.044246 0.042263 0.027723
0.546759 0.007673 0.000078 0.002097 0.000426 0.000962 0.097730 0.004645 0.002655 0.009834 0.001848 0.012028 0.000044 0.001908 0.000767 0.167556 0.025600 0.003220 0.005499 0.007551 0.023595 0.006684 0.001120 0.002007 0.000779 0.006537 0.006009 0.017585 0.000920 0.013414 0.019589 0.002882
0.582515 0.000013 0.000005 0.000113 0.000023 0.000032 0.000074 0.000069 0.000536 0.032012 0.000277 0.000021 0.000017 0.000024 0.001080 0.000044 0.000365 0.000986 0.000043 0.276768 0.003195 0.095510 0.000023 0.000075 0.000096 0.000273 0.000358 0.000615 0.000243 0.003076 0.000938 0.000582
0.656623 0.000032 0.000013 0.000168 0.000132 0.000051 0.000168 0.000096 0.000985 0.019634 0.000580 0.000051 0.000029 0.000040 0.001713 0.000083 0.000512 0.000865 0.000092 0.260162 0.003599 0.044218 0.000058 0.000152 0.000186 0.000667 0.000721 0.000774 0.000428 0.004136 0.002386 0.000644
0.646554 0.000004 0.000002 0.000039 0.000005 0.000010 0.000017 0.000020 0.000181 0.019291 0.000060 0.000005 0.000007 0.000009 0.000253 0.000014 0.000102 0.000762 0.000009 0.253890 0.001379 0.075313 0.000005 0.000023 0.000020 0.000037 0.000132 0.000319 0.000088 0.001022 0.000165 0.000264
0.228250 0.002483 0.000661 0.001095 0.002172 0.001008 0.008123 0.003333 0.003335 0.141317 0.004155 0.004537 0.000186 0.001290 0.008938 0.005144 0.013841 0.002784 0.003015 0.237699 0.076006 0.089388 0.014796 0.005711 0.001598 0.004959 0.002336 0.033009 0.003386 0.036478 0.053577 0.005388
0.535845 0.000320 0.002075 0.006030 0.004723 0.009597 0.000706 0.000635 0.000562 0.030510 0.002253 0.000574 0.002036 0.000951 0.016088 0.000380 0.012184 0.001177 0.000394 0.232193 0.023981 0.037525 0.000534 0.002036 0.002104 0.002886 0.001607 0.016387 0.002490 0.029970 0.018732 0.002516
0.266942 0.003039 0.000649 0.001356 0.001859 0.001046 0.008801 0.003119 0.004149 0.152615 0.004197 0.003463 0.000126 0.001468 0.008123 0.008214 0.012685 0.003651 0.003924 0.208073 0.062141 0.082495 0.008216 0.005070 0.001678 0.004527 0.002155 0.029922 0.002933 0.035334 0.062385 0.005645
0.685395 0.000405 0.000060 0.002217 0.000532 0.000648 0.000470 0.000399 0.001847 0.007032 0.001785 0.000168 0.000654 0.000390 0.002588 0.000222 0.001197 0.000829 0.000943 0.185432 0.003900 0.065861 0.000387 0.001518 0.001697 0.001876 0.004078 0.003452 0.000536 0.014847 0.005367 0.003265
0.530172 0.000676 0.000047 0.000353 0.000704 0.001006 0.018525 0.001980 0.000604 0.049552 0.006731 0.008996 0.000015 0.000127 0.004486 0.005751 0.002504 0.000813 0.000500 0.167739 0.015170 0.008189 0.005619 0.005872 0.000227 0.018647 0.003694 0.005259 0.081631 0.014578 0.038627 0.001206
0.576457 0.000405 0.002906 0.003701 0.012895 0.004161 0.000941 0.000852 0.000809 0.036723 0.003953 0.000632 0.001152 0.000988 0.022639 0.000709 0.014253 0.001262 0.000686 0.162593 0.036401 0.032743 0.000797 0.004055 0.001620 0.002116 0.002991 0.011174 0.004905 0.030481 0.020393 0.003607
0.338234 0.004246 0.009764 0.020232 0.024756 0.033371 0.008747 0.002820 0.004816 0.012889 0.019663 0.003106 0.003666 0.008751 0.018035 0.002039 0.007826 0.012117 0.006218 0.158143 0.025308 0.102058 0.003026 0.007623 0.006373 0.008317 0.002482 0.014739 0.008260 0.021874 0.094842 0.005657
0.397686 0.005080 0.011017 0.013170 0.025686 0.033102 0.006639 0.002657 0.005616 0.015134 0.018516 0.002794 0.005704 0.009767 0.017214 0.001936 0.006682 0.016303 0.007613 0.144836 0.018542 0.075724 0.002435 0.005884 0.007099 0.012003 0.004190 0.013823 0.011353 0.014301 0.081787 0.005709
0.659406 0.000065 0.000022 0.000530 0.000113 0.000298 0.000145 0.000081 0.000589 0.049887 0.000287 0.000030 0.000075 0.000098 0.000430 0.000145 0.000290 0.013647 0.000082 0.134357 0.004204 0.123719 0.000072 0.000086 0.000112 0.000902 0.002138 0.002907 0.000685 0.002059 0.001540 0.001000
0.748776 0.000054 0.000133 0.001732 0.006177 0.000312 0.000308 0.000164 0.001637 0.005588 0.001614 0.000159 0.000043 0.000139 0.002232 0.000216 0.004804 0.003382 0.000287 0.134176 0.007591 0.044030 0.000467 0.000239 0.000460 0.004001 0.007670 0.001762 0.002358 0.005007 0.012955 0.001529
0.185320 0.011767 0.011151 0.021989 0.025269 0.039729 0.013305 0.007369 0.013431 0.029256 0.028471 0.008403 0.012488 0.017946 0.026513 0.006424 0.015922 0.017855 0.019341 0.129732 0.025911 0.094408 0.008107 0.017594 0.017218 0.013560 0.008010 0.033795 0.015482 0.027545 0.079180 0.017508
0.320986 0.004552 0.010991 0.023409 0.046303 0.043332 0.010574 0.004565 0.005090 0.026771 0.020003 0.004757 0.007375 0.010621 0.025552 0.003064 0.011041 0.013013 0.012933 0.127133 0.016966 0.083324 0.004265 0.010447 0.007292 0.012081 0.002664 0.012760 0.012375 0.023527 0.074519 0.007717
0.487592 0.003259 0.001185 0.007964 0.002511 0.001413 0.009142 0.002648 0.003864 0.054964 0.001310 0.002683 0.001238 0.006256 0.007474 0.004794 0.017627 0.009634 0.002063 0.122123 0.022341 0.047782 0.006962 0.002927 0.006247 0.040705 0.005117 0.062464 0.006285 0.015809 0.027872 0.005744
0.677299 0.001576 0.000637 0.026005 0.001043 0.019206 0.001914 0.001754 0.003151 0.025184 0.014612 0.001366 0.000968 0.001201 0.004641 0.002646 0.005433 0.001572 0.000750 0.117853 0.013058 0.017411 0.004915 0.002953 0.001600 0.002605 0.006603 0.010833 0.008181 0.010178 0.008793 0.004060
0.631439 0.000312 0.001157 0.003942 0.004359 0.002546 0.000705 0.000543 0.000506 0.012380 0.001914 0.000430 0.000403 0.000725 0.016403 0.000627 0.007901 0.001359 0.000667 0.109837 0.043658 0.045429 0.000588 0.003094 0.001356 0.002933 0.007066 0.009104 0.005234 0.045408 0.034652 0.003324
0.287172 0.009171 0.013193 0.024526 0.032920 0.036087 0.009020 0.005463 0.011671 0.025122 0.027169 0.006019 0.014984 0.013680 0.026509 0.004550 0.017958 0.011047 0.015416 0.104805 0.023672 0.083510 0.006137 0.016924 0.016497 0.010997 0.008470 0.025909 0.014011 0.025790 0.059422 0.012179
0.417861 0.000115 0.000031 0.000138 0.000110 0.000214 0.000217 0.000209 0.001101 0.078404 0.001168 0.000060 0.000182 0.000213 0.001702 0.000206 0.000654 0.018543 0.000268 0.212057 0.008143 0.230976 0.000076 0.000273 0.000532 0.001718 0.005327 0.004792 0.001118 0.006695 0.004481 0.002412
0.616602 0.000503 0.000352 0.000389 0.000173 0.000353 0.000202 0.000310 0.001331 0.028963 0.002564 0.000100 0.000341 0.001566 0.005970 0.000198 0.001846 0.017976 0.000183 0.067111 0.005855 0.204944 0.000062 0.000579 0.001436 0.000853 0.007999 0.013174 0.001581 0.007688 0.005427 0.003368
0.572579 0.000155 0.000029 0.000597 0.000128 0.000201 0.000372 0.000216 0.001870 0.073164 0.000414 0.000081 0.000124 0.000187 0.000905 0.000425 0.000782 0.019764 0.000255 0.155527 0.008035 0.144935 0.000175 0.000190 0.000272 0.001425 0.002296 0.003738 0.000952 0.004296 0.002614 0.003297
0.522631 0.000566 0.000059 0.000169 0.001118 0.000690 0.001580 0.000511 0.001567 0.095085 0.001037 0.000199 0.000194 0.000876 0.001378 0.003025 0.002278 0.077499 0.002147 0.049930 0.012571 0.134341 0.000638 0.000995 0.001264 0.018941 0.006929 0.023973 0.002791 0.010406 0.021807 0.002806
0.539438 0.000922 0.000255 0.000339 0.000540 0.000775 0.000577 0.000325 0.000775 0.024646 0.002653 0.000131 0.000399 0.002111 0.003122 0.000438 0.001825 0.088744 0.000592 0.041055 0.008304 0.114458 0.000296 0.000663 0.002357 0.009384 0.067643 0.043114 0.003424 0.010006 0.026559 0.004133
0.867130 0.000026 0.000005 0.000409 0.000049 0.000251 0.000023 0.000012 0.000114 0.000450 0.000366 0.000005 0.000115 0.000050 0.000311 0.000006 0.000173 0.000166 0.000107 0.017777 0.000349 0.103751 0.000007 0.000087 0.000320 0.000084 0.000114 0.000686 0.000017 0.002010 0.004673 0.000358
0.577554 0.000569 0.000269 0.000405 0.000666 0.000449 0.000570 0.000281 0.000331 0.015427 0.001553 0.000182 0.000193 0.000945 0.006746 0.000498 0.003215 0.014688 0.000570 0.052015 0.013086 0.103332 0.000485 0.000797 0.002243 0.005641 0.052925 0.077469 0.003168 0.020576 0.039139 0.004012
0.643396 0.000159 0.000037 0.000130 0.000051 0.000113 0.000172 0.000175 0.000830 0.140147 0.000625 0.000049 0.000062 0.000319 0.002744 0.000225 0.000858 0.014029 0.000146 0.069514 0.002731 0.103054 0.000055 0.000302 0.000399 0.000471 0.001696 0.009034 0.000524 0.004500 0.001372 0.002080
0.338234 0.004246 0.009764 0.020232 0.024756 0.033371 0.008747 0.002820 0.004816 0.012889 0.019663 0.003106 0.003666 0.008751 0.018035 0.002039 0.007826 0.012117 0.006218 0.158143 0.025308 0.102058 0.003026 0.007623 0.006373 0.008317 0.002482 0.014739 0.008260 0.021874 0.094842 0.005657
0.000210 0.000002 0.000000 0.000001 0.000000 0.000001 0.000001 0.000000 0.000000 0.000000 0.000000 0.000000 0.000000 0.000000 0.000000 0.000000 0.000000 0.000016 0.000000 0.000000 0.000001 0.000001 0.000000 0.000000 0.000000 0.999696 0.000015 0.000001 0.000021 0.000000 0.000032 0.000000
0.638871 0.000191 0.000029 0.000239 0.000313 0.000225 0.000221 0.000055 0.000060 0.003462 0.000591 0.000033 0.000048 0.000224 0.000981 0.000159 0.000872 0.016883 0.000199 0.015642 0.006365 0.045787 0.000176 0.000141 0.000828 0.012346 0.114269 0.073067 0.001087 0.010917 0.054650 0.001070
0.420416 0.003306 0.001918 0.015414 0.001269 0.053646 0.000495 0.000252 0.000169 0.003406 0.000977 0.000240 0.000208 0.000700 0.019839 0.002314 0.001503 0.001813 0.000832 0.013294 0.007718 0.006642 0.000189 0.000421 0.002178 0.224089 0.015606 0.171755 0.007867 0.006833 0.013622 0.001070
0.751698 0.000010 0.000004 0.000003 0.000003 0.000008 0.000017 0.000001 0.000001 0.000036 0.000073 0.000000 0.000000 0.000000 0.000016 0.000020 0.000008 0.000012 0.000000 0.000671 0.000172 0.000066 0.000001 0.000002 0.000000 0.005591 0.000727 0.000031 0.240049 0.000017 0.000761 0.000001
0.756297 0.000127 0.000018 0.000032 0.000009 0.000048 0.000067 0.000010 0.000008 0.000121 0.000702 0.000003 0.000001 0.000006 0.000063 0.000079 0.000047 0.000162 0.000004 0.002772 0.001651 0.000668 0.000010 0.000010 0.000008 0.012151 0.005316 0.000055 0.214131 0.000119 0.005294 0.000012
0.794903 0.000173 0.000019 0.000026 0.000040 0.000009 0.000049 0.000017 0.000014 0.000194 0.003497 0.000005 0.000001 0.000004 0.000124 0.000249 0.000047 0.000052 0.000007 0.005792 0.003667 0.000839 0.000014 0.000022 0.000011 0.001778 0.007255 0.000025 0.180309 0.000196 0.000645 0.000019
0.867796 0.000002 0.000000 0.000000 0.000001 0.000000 0.000004 0.000000 0.000001 0.000019 0.000068 0.000000 0.000000 0.000000 0.000007 0.000047 0.000002 0.000001 0.000000 0.000940 0.000104 0.000033 0.000000 0.000001 0.000000 0.000333 0.000392 0.000004 0.130216 0.000006 0.000023 0.000000
0.867341 0.000077 0.000003 0.000005 0.000018 0.000001 0.000035 0.000008 0.000008 0.000096 0.000948 0.000003 0.000000 0.000001 0.000049 0.000404 0.000018 0.000013 0.000002 0.002842 0.001405 0.000323 0.000006 0.000011 0.000003 0.000364 0.003667 0.000015 0.122162 0.000070 0.000095 0.000006
0.820578 0.001384 0.000039 0.000105 0.000272 0.000030 0.000214 0.000139 0.000095 0.001358 0.023242 0.000054 0.000007 0.000023 0.000405 0.000940 0.000207 0.000208 0.000106 0.012015 0.008026 0.003258 0.000200 0.000163 0.000067 0.001405 0.012367 0.000121 0.110894 0.000847 0.001123 0.000108
0.285681 0.007880 0.009524 0.019026 0.028426 0.044014 0.011479 0.004038 0.007903 0.018307 0.020668 0.004370 0.006480 0.012252 0.014960 0.003284 0.007506 0.024265 0.012294 0.140748 0.022610 0.089285 0.003406 0.007713 0.007710 0.018094 0.004177 0.018450 0.011339 0.017443 0.108630 0.008038
