cabinet 404 52 537 294 0.427333 0.403422
sofa 2 147 78 269 0.880976 0.050353
sofa 1 157 62 199 0.411361 0.326940
sofa 13 157 157 316 0.123054 0.870738
table 129 208 255 325 0.979826 0.015029
bookshelf 424 7 516 122 0.43728 0.548672
bookshelf 495 0 538 175 0.307037 0.656560
bookshelf 419 12 453 97 0.162094 0.760549
bookshelf 489 0 559 374 0.130578 0.785748
picture 325 16 388 56 0.897772 0.081289
picture 9 15 89 139 0.866613 0.130434
picture 32 12 81 42 0.824419 0.123324
picture 54 84 79 125 0.772579 0.195186
picture 17 94 41 126 0.748686 0.244701
picture 317 88 335 111 0.731104 0.232861
picture 53 52 74 84 0.575903 0.361501
picture 26 6 271 140 0.574294 0.265790
picture 352 14 370 54 0.549155 0.387268
picture 2 11 35 40 0.530097 0.366125
picture 332 17 355 46 0.518458 0.449929
picture 12 61 38 80 0.517367 0.395780
picture 283 77 358 136 0.485534 0.470144
picture 32 11 46 43 0.481214 0.397609
picture 37 94 61 124 0.462347 0.518085
picture 297 59 342 80 0.428244 0.534829
picture 72 94 79 118 0.423927 0.463918
picture 394 66 409 82 0.356296 0.501576
picture 372 63 397 117 0.346313 0.592575
picture 348 6 432 66 0.344586 0.607375
picture 3 80 59 112 0.342633 0.633644
picture 327 61 340 80 0.328498 0.573153
picture 325 78 328 81 0.317648 0.593064
picture 315 62 328 79 0.315756 0.621078
picture 74 17 92 132 0.30586 0.628849
picture 371 50 384 57 0.304277 0.653526
picture 327 52 354 84 0.302584 0.601062
picture 315 78 352 89 0.295912 0.644347
picture 55 84 78 95 0.265652 0.561811
picture 435 1 457 16 0.242126 0.572948
picture 351 50 385 83 0.23867 0.710245
picture 340 59 342 63 0.236175 0.649460
picture 13 38 55 83 0.235646 0.699161
picture 524 1 539 20 0.23082 0.678859
picture 1 96 17 110 0.230118 0.716495
picture 321 58 327 62 0.22991 0.634427
picture 386 64 396 87 0.227345 0.717640
picture 12 69 14 75 0.225638 0.732836
picture 533 1 535 7 0.218842 0.644230
picture 371 63 388 86 0.215978 0.733173
picture 47 38 75 55 0.215663 0.729781
picture 278 50 284 101 0.212511 0.486957
picture 33 103 40 119 0.207201 0.783312
picture 374 85 389 91 0.197887 0.757044
picture 315 75 323 79 0.188242 0.757916
picture 350 63 361 82 0.181176 0.747034
picture 104 3 336 71 0.165447 0.756186
picture 285 58 301 77 0.165287 0.769236
picture 372 64 443 90 0.163831 0.701500
picture 55 79 74 87 0.160761 0.744260
picture 489 110 496 123 0.150741 0.689737
picture 324 48 328 55 0.14506 0.777982
picture 59 111 76 123 0.144235 0.842835
picture 100 12 193 103 0.14082 0.599774
picture 389 87 392 92 0.13841 0.808055
picture 280 49 284 64 0.117576 0.730875
picture 456 0 465 12 0.111295 0.773618
picture 257 15 287 23 0.101733 0.526439
blinds 90 17 276 138 0.429186 0.344577
dresser 402 155 514 292 0.545993 0.399159
pillow 6 178 70 209 0.290965 0.537891
pillow 3 199 51 240 0.209273 0.665277
pillow 4 158 59 190 0.18236 0.326940
pillow 12 226 25 230 0.174254 0.677223
pillow 16 178 34 191 0.144624 0.804146
pillow 12 222 30 232 0.140328 0.745278
fridge 397 11 506 297 0.21278 0.552046
tv 419 62 507 166 0.960197 0.033013
tv 425 112 440 124 0.538535 0.425162
tv 417 122 495 150 0.461552 0.533153
tv 444 110 465 144 0.409251 0.590043
tv 425 112 429 120 0.316031 0.549472
tv 428 79 467 131 0.316006 0.653284
tv 436 127 439 136 0.206168 0.792316
tv 422 110 446 146 0.173451 0.821364
tv 253 14 287 36 0.135232 0.485054
tv 431 103 442 112 0.129249 0.813218
tv 463 0 488 10 0.106851 0.752458
tv 448 140 455 143 0.102944 0.895739
paper 75 253 98 261 0.330232 0.616133
paper 99 247 101 254 0.261061 0.548680
paper 80 269 82 271 0.24337 0.640063
paper 1 315 3 323 0.241398 0.411732
paper 335 291 349 301 0.182784 0.198857
paper 72 260 84 271 0.170517 0.773445
paper 4 256 98 324 0.147387 0.495862
paper 1 280 31 313 0.130882 0.702030
paper 98 17 100 18 0.129976 0.754186
paper 99 11 198 103 0.118822 0.599774
paper 552 400 560 414 0.116224 0.375486
paper 1 360 17 373 0.113879 0.786543
paper 221 102 281 110 0.112265 0.730407
paper 553 394 560 398 0.111998 0.316048
paper 321 177 327 190 0.110957 0.344604
paper 192 16 286 104 0.108713 0.693573
box 128 278 176 353 0.663662 0.240865
box 159 313 165 318 0.464001 0.408113
box 131 297 170 315 0.45253 0.488383
box 6 279 57 323 0.335564 0.375708
box 1 309 4 322 0.287673 0.511057
box 132 283 170 302 0.284402 0.611920
box 396 140 420 240 0.248278 0.682748
box 162 318 165 322 0.200424 0.659523
box 162 315 172 331 0.19019 0.687521
box 14 306 45 322 0.188452 0.613246
box 335 290 349 301 0.131431 0.198857
box 445 61 452 69 0.109659 0.826088
box 18 292 33 310 0.105026 0.802942
whiteboard 321 176 328 190 0.122683 0.344604
lamp 548 175 560 198 0.138703 0.193344
garbage_bin 335 290 349 302 0.13412 0.198857
