0.547399 0.297251 0.000158 0.000321 0.000880 0.000325 0.017033 0.000888 0.000840 0.003643 0.015335 0.001995 0.000140 0.010170 0.000550 0.001682 0.000720 0.003247 0.000562 0.010917 0.005685 0.004000 0.000503 0.000572 0.002494 0.004688 0.004617 0.001686 0.003782 0.005818 0.051770 0.000328
0.584552 0.171786 0.000393 0.001283 0.000955 0.001392 0.050041 0.003163 0.001258 0.013454 0.010262 0.015772 0.000152 0.007230 0.001886 0.005796 0.003585 0.002773 0.001409 0.030509 0.012517 0.010241 0.005336 0.002212 0.002641 0.005492 0.004543 0.008451 0.004510 0.013008 0.022159 0.001240
0.491849 0.151205 0.000296 0.001179 0.001163 0.000256 0.024855 0.004624 0.001492 0.013248 0.051805 0.010412 0.000261 0.003063 0.002711 0.010720 0.004260 0.006174 0.001966 0.048524 0.038509 0.028414 0.004870 0.003686 0.002369 0.015136 0.023391 0.005155 0.014977 0.014280 0.016775 0.002373
0.387952 0.138037 0.000161 0.002961 0.000969 0.000186 0.269052 0.002951 0.002707 0.028833 0.000802 0.022976 0.000059 0.005374 0.001153 0.017086 0.002250 0.020700 0.000627 0.012502 0.003385 0.008238 0.026357 0.001635 0.000537 0.018342 0.000801 0.012263 0.001430 0.003477 0.005153 0.001047
0.119095 0.123211 0.000577 0.001741 0.000230 0.012882 0.001128 0.000350 0.000529 0.000400 0.343926 0.000117 0.001051 0.001701 0.000141 0.001033 0.000164 0.001303 0.000232 0.003682 0.005837 0.001166 0.000265 0.000200 0.000911 0.019361 0.192432 0.000505 0.155244 0.000792 0.009493 0.000303
0.726866 0.122680 0.000199 0.001419 0.000328 0.000243 0.005918 0.000777 0.000785 0.006630 0.016484 0.001038 0.000254 0.003788 0.001773 0.002409 0.001822 0.002155 0.001135 0.026846 0.020218 0.013647 0.001131 0.000756 0.004836 0.003830 0.005999 0.001889 0.004647 0.008859 0.009475 0.001162
0.689176 0.119433 0.000176 0.000559 0.000641 0.000131 0.011101 0.001659 0.000744 0.006457 0.041545 0.003934 0.000107 0.003430 0.001205 0.003931 0.001991 0.003255 0.001001 0.025842 0.019997 0.010473 0.001011 0.001177 0.001995 0.006342 0.011175 0.002095 0.006633 0.008542 0.013327 0.000916
0.774573 0.114804 0.000100 0.000643 0.000374 0.000100 0.005336 0.000570 0.000382 0.002328 0.024456 0.000892 0.000101 0.001058 0.000468 0.002537 0.000527 0.004677 0.000626 0.011570 0.010700 0.007352 0.000463 0.000408 0.000811 0.006942 0.012260 0.000875 0.006089 0.003278 0.004053 0.000645
0.719638 0.000334 0.000122 0.228809 0.004751 0.000966 0.000454 0.000235 0.000452 0.002073 0.000185 0.000778 0.000083 0.000278 0.007327 0.000555 0.001859 0.000761 0.000439 0.005388 0.001312 0.004419 0.000392 0.000586 0.000429 0.000291 0.000276 0.010781 0.000093 0.002847 0.001970 0.001117
0.550087 0.000093 0.000558 0.225996 0.049597 0.001062 0.000363 0.000209 0.000167 0.003760 0.001133 0.000150 0.000104 0.000661 0.055929 0.000285 0.009398 0.000808 0.001286 0.005093 0.039811 0.012128 0.000086 0.000581 0.000702 0.000392 0.000689 0.000682 0.000510 0.025220 0.010721 0.001739
0.807135 0.000132 0.000072 0.148517 0.000745 0.030172 0.000073 0.000088 0.000320 0.000764 0.000517 0.000051 0.000320 0.000106 0.002077 0.000063 0.000700 0.000078 0.000073 0.002054 0.000409 0.000993 0.000058 0.000734 0.000133 0.000095 0.000497 0.000636 0.000172 0.000959 0.000806 0.000449
0.833270 0.000559 0.002686 0.100385 0.016155 0.011990 0.000204 0.000105 0.000389 0.000536 0.005977 0.000040 0.000512 0.000402 0.002406 0.000207 0.000813 0.000385 0.000186 0.002154 0.004705 0.002695 0.000101 0.000061 0.000587 0.001364 0.002121 0.000254 0.005424 0.000871 0.002291 0.000165
0.099511 0.091833 0.006667 0.002046 0.000139 0.214227 0.002245 0.000177 0.000995 0.000551 0.443656 0.000277 0.012626 0.014784 0.000104 0.002274 0.000255 0.003669 0.000223 0.000498 0.000728 0.001109 0.000139 0.000862 0.000713 0.016326 0.057313 0.000891 0.022170 0.000151 0.002327 0.000513
0.387952 0.138037 0.000161 0.002961 0.000969 0.000186 0.269052 0.002951 0.002707 0.028833 0.000802 0.022976 0.000059 0.005374 0.001153 0.017086 0.002250 0.020700 0.000627 0.012502 0.003385 0.008238 0.026357 0.001635 0.000537 0.018342 0.000801 0.012263 0.001430 0.003477 0.005153 0.001047
0.234131 0.001583 0.000029 0.000657 0.000319 0.000084 0.012132 0.000993 0.002075 0.368313 0.000386 0.000944 0.000003 0.000184 0.001315 0.024611 0.001288 0.002528 0.000583 0.245823 0.002587 0.081357 0.002891 0.001294 0.000205 0.000774 0.000260 0.004196 0.000190 0.006136 0.000610 0.001519
0.456704 0.001268 0.000266 0.001116 0.001698 0.000312 0.012549 0.001478 0.003265 0.240491 0.000590 0.001256 0.000004 0.000361 0.005363 0.030091 0.003010 0.001182 0.001318 0.160008 0.003960 0.046751 0.001399 0.003171 0.000673 0.000651 0.000290 0.007402 0.000195 0.010087 0.000826 0.002266
0.638767 0.003528 0.001554 0.000465 0.005207 0.000201 0.005077 0.002601 0.004497 0.166911 0.001663 0.010545 0.000156 0.002525 0.005826 0.005567 0.011712 0.002660 0.001513 0.049569 0.006315 0.024067 0.006852 0.004723 0.001833 0.000985 0.001093 0.019458 0.000774 0.009225 0.001768 0.002362
0.646170 0.000075 0.000045 0.000194 0.000127 0.000175 0.000131 0.000079 0.000498 0.143435 0.000478 0.000052 0.000039 0.000097 0.001690 0.000097 0.000296 0.001169 0.000037 0.154478 0.000944 0.046214 0.000176 0.000378 0.000069 0.000084 0.000132 0.000663 0.000237 0.001346 0.000128 0.000267
0.608559 0.006329 0.000249 0.001375 0.005154 0.000186 0.009605 0.004661 0.001353 0.131322 0.001921 0.043846 0.000031 0.000370 0.002662 0.015732 0.011628 0.001145 0.001915 0.034589 0.009957 0.015039 0.049568 0.003429 0.000478 0.001330 0.001073 0.022885 0.001802 0.008989 0.001236 0.001584
0.688688 0.004221 0.000013 0.000176 0.000063 0.000017 0.056396 0.000530 0.000245 0.115472 0.000026 0.015177 0.000000 0.000310 0.000308 0.076999 0.001055 0.001384 0.000199 0.004947 0.000344 0.002718 0.001575 0.000641 0.000031 0.000487 0.000046 0.026878 0.000039 0.000571 0.000250 0.000193
0.018029 0.024656 0.000113 0.000126 0.000022 0.003178 0.000090 0.000037 0.000114 0.000046 0.817749 0.000014 0.000571 0.000294 0.000015 0.000192 0.000020 0.000075 0.000024 0.000471 0.000561 0.000116 0.000019 0.000036 0.000097 0.001102 0.071643 0.000040 0.059567 0.000047 0.000901 0.000034
0.799329 0.000487 0.001142 0.000627 0.000708 0.000117 0.000325 0.000200 0.000066 0.004185 0.001081 0.000137 0.000039 0.000801 0.112563 0.000127 0.008271 0.000321 0.000204 0.008902 0.003067 0.017963 0.000094 0.000812 0.003952 0.000600 0.002423 0.008473 0.000424 0.007520 0.012775 0.002264
0.855099 0.000275 0.001591 0.000588 0.000491 0.000037 0.000176 0.000084 0.000034 0.002334 0.000539 0.000084 0.000012 0.000475 0.108722 0.000045 0.003403 0.000105 0.000055 0.003223 0.000973 0.005723 0.000068 0.000233 0.002406 0.000242 0.000915 0.005562 0.000145 0.001994 0.003684 0.000682
0.305461 0.000103 0.000000 0.000015 0.000001 0.000002 0.001018 0.000028 0.000009 0.011838 0.000002 0.000612 0.000000 0.000007 0.000051 0.634731 0.000664 0.000022 0.000036 0.000420 0.000245 0.000370 0.000029 0.000077 0.000003 0.000047 0.000097 0.043820 0.000014 0.000144 0.000032 0.000102
0.160076 0.000138 0.000702 0.002002 0.000082 0.000071 0.000687 0.000112 0.000145 0.002756 0.000057 0.000347 0.000281 0.001133 0.003433 0.002880 0.286763 0.000817 0.001145 0.000741 0.466635 0.003121 0.000063 0.000912 0.001010 0.000901 0.004529 0.007502 0.000314 0.043362 0.005688 0.001596
0.714507 0.000017 0.000326 0.002135 0.000019 0.000043 0.000044 0.000012 0.000007 0.000923 0.000016 0.000025 0.000069 0.000291 0.003355 0.000141 0.128850 0.000218 0.000119 0.000264 0.107138 0.001500 0.000005 0.000424 0.000518 0.000143 0.000439 0.003362 0.000030 0.033042 0.001795 0.000226
0.748946 0.000013 0.000006 0.000040 0.000004 0.000008 0.000098 0.000014 0.000029 0.000461 0.000008 0.000042 0.000016 0.000035 0.000036 0.000277 0.126392 0.000131 0.000054 0.000544 0.109234 0.000337 0.000008 0.000066 0.000032 0.000052 0.000283 0.000474 0.000035 0.012092 0.000169 0.000063
0.538620 0.000010 0.000028 0.000044 0.000059 0.000015 0.000038 0.000031 0.000344 0.039392 0.000022 0.000037 0.000006 0.000034 0.008233 0.000093 0.000818 0.000028 0.000686 0.376360 0.000666 0.025366 0.000027 0.000237 0.000364 0.000010 0.000018 0.001156 0.000009 0.006435 0.000087 0.000729
0.372754 0.000918 0.000072 0.001766 0.000329 0.000429 0.005281 0.000726 0.001535 0.079402 0.001465 0.000600 0.000021 0.000333 0.001766 0.005337 0.001180 0.004364 0.000208 0.367387 0.003162 0.132635 0.002027 0.001340 0.000213 0.001247 0.001237 0.003915 0.001176 0.004213 0.001425 0.001534
0.419782 0.000108 0.000176 0.000231 0.000331 0.000211 0.000224 0.000217 0.001588 0.070833 0.000178 0.000165 0.000094 0.000336 0.011827 0.000536 0.003236 0.000501 0.002166 0.365041 0.003010 0.086462 0.000238 0.000673 0.002363 0.000129 0.000273 0.007719 0.000095 0.016756 0.001165 0.003340
0.234131 0.001583 0.000029 0.000657 0.000319 0.000084 0.012132 0.000993 0.002075 0.368313 0.000386 0.000944 0.000003 0.000184 0.001315 0.024611 0.001288 0.002528 0.000583 0.245823 0.002587 0.081357 0.002891 0.001294 0.000205 0.000774 0.000260 0.004196 0.000190 0.006136 0.000610 0.001519
0.434558 0.002103 0.001523 0.006284 0.005828 0.007968 0.004239 0.001299 0.002049 0.018389 0.005682 0.001608 0.000626 0.002019 0.010637 0.001066 0.003844 0.005781 0.001769 0.240110 0.014023 0.116567 0.001556 0.002797 0.001952 0.004007 0.001746 0.015695 0.004677 0.015360 0.061349 0.002888
0.181770 0.014301 0.001216 0.009263 0.009728 0.003669 0.010493 0.003152 0.006562 0.093686 0.007580 0.004510 0.002396 0.007766 0.014452 0.003792 0.018122 0.004649 0.003320 0.182431 0.058667 0.095144 0.055646 0.007865 0.006706 0.010237 0.008118 0.062328 0.009431 0.054229 0.041867 0.006905
0.534889 0.009237 0.000481 0.002191 0.000994 0.001886 0.020745 0.002777 0.003560 0.031679 0.011148 0.006682 0.000348 0.003254 0.003021 0.007475 0.003063 0.007181 0.000811 0.181865 0.018894 0.086867 0.006036 0.002621 0.000910 0.004307 0.010612 0.009269 0.002553 0.011278 0.010475 0.002891
0.392718 0.002142 0.001048 0.011762 0.005635 0.033143 0.006281 0.004706 0.002282 0.032900 0.010859 0.003641 0.001694 0.002980 0.015899 0.003095 0.013619 0.005298 0.004865 0.173951 0.030057 0.106313 0.003656 0.007385 0.004247 0.002635 0.002046 0.024084 0.004897 0.034047 0.043107 0.009007
0.440297 0.007028 0.006473 0.019650 0.006866 0.033020 0.008657 0.003701 0.005748 0.030255 0.010047 0.004247 0.013957 0.006448 0.018226 0.002282 0.007935 0.007920 0.004594 0.167714 0.008426 0.040329 0.007693 0.010281 0.005008 0.012177 0.003169 0.032896 0.019872 0.022874 0.026234 0.005977
0.262418 0.014325 0.001602 0.004285 0.004667 0.003577 0.033241 0.005513 0.004273 0.043243 0.010177 0.012797 0.000578 0.006015 0.006337 0.007173 0.011832 0.011762 0.003885 0.161098 0.067046 0.112192 0.011542 0.006503 0.002570 0.012882 0.012617 0.021753 0.009649 0.037766 0.091186 0.005496
0.456704 0.001268 0.000266 0.001116 0.001698 0.000312 0.012549 0.001478 0.003265 0.240491 0.000590 0.001256 0.000004 0.000361 0.005363 0.030091 0.003010 0.001182 0.001318 0.160008 0.003960 0.046751 0.001399 0.003171 0.000673 0.000651 0.000290 0.007402 0.000195 0.010087 0.000826 0.002266
0.646170 0.000075 0.000045 0.000194 0.000127 0.000175 0.000131 0.000079 0.000498 0.143435 0.000478 0.000052 0.000039 0.000097 0.001690 0.000097 0.000296 0.001169 0.000037 0.154478 0.000944 0.046214 0.000176 0.000378 0.000069 0.000084 0.000132 0.000663 0.000237 0.001346 0.000128 0.000267
0.245724 0.036278 0.001780 0.005517 0.007810 0.003272 0.031593 0.005093 0.004564 0.029903 0.015618 0.007562 0.000956 0.008291 0.008335 0.005747 0.006128 0.024435 0.003524 0.154292 0.045472 0.080877 0.009311 0.005024 0.004769 0.015968 0.012686 0.016055 0.018903 0.029549 0.150200 0.004765
0.198071 0.010855 0.003525 0.023633 0.010774 0.020425 0.018065 0.005691 0.004953 0.041948 0.010441 0.008769 0.003350 0.011814 0.023126 0.006250 0.015868 0.011460 0.011203 0.152897 0.037432 0.132468 0.016206 0.013437 0.011949 0.010652 0.004834 0.032702 0.010605 0.042455 0.080489 0.013653
0.574640 0.003797 0.006149 0.012438 0.008230 0.027809 0.004171 0.002053 0.003676 0.034202 0.011543 0.001864 0.006583 0.005150 0.014103 0.000959 0.004814 0.005708 0.002190 0.141230 0.004996 0.037537 0.003078 0.008740 0.003284 0.004463 0.001408 0.012587 0.013226 0.014206 0.021103 0.004065
0.398886 0.026238 0.001744 0.000798 0.003791 0.003322 0.035460 0.009278 0.028127 0.046344 0.015892 0.006625 0.000722 0.004983 0.005526 0.022228 0.010940 0.006589 0.022704 0.128318 0.040927 0.065876 0.001798 0.003752 0.006443 0.006096 0.006914 0.010871 0.003300 0.021402 0.046964 0.007142
0.442643 0.027869 0.001355 0.000504 0.002523 0.002647 0.035517 0.008944 0.025104 0.039516 0.017166 0.007045 0.000590 0.004520 0.003681 0.018694 0.008460 0.006545 0.016413 0.120074 0.040308 0.062185 0.001442 0.002938 0.004650 0.006029 0.007057 0.007996 0.003271 0.018214 0.050970 0.005128
0.712465 0.000364 0.001029 0.000324 0.001266 0.000089 0.000891 0.001081 0.001129 0.076270 0.000342 0.005416 0.000010 0.000205 0.010771 0.001351 0.009310 0.000144 0.001752 0.118703 0.007407 0.022708 0.001012 0.001183 0.000975 0.000149 0.000247 0.010057 0.000130 0.011119 0.000744 0.001357
0.551350 0.000535 0.000332 0.000334 0.000445 0.001901 0.000272 0.000157 0.001185 0.005875 0.001142 0.000162 0.000471 0.001382 0.012111 0.000226 0.026339 0.000391 0.000514 0.118012 0.013948 0.140209 0.000057 0.000661 0.005263 0.000602 0.003974 0.020690 0.000262 0.054214 0.035076 0.001907
0.666185 0.003559 0.003013 0.011030 0.003700 0.031716 0.002546 0.001649 0.003173 0.026370 0.013534 0.001299 0.007976 0.003128 0.008540 0.000866 0.003011 0.004123 0.001594 0.108493 0.004007 0.023373 0.002233 0.007928 0.002628 0.003007 0.001712 0.010374 0.012687 0.010023 0.013420 0.003103
0.072919 0.000114 0.000369 0.001466 0.000049 0.000023 0.000328 0.000046 0.000139 0.000939 0.000048 0.000197 0.000206 0.000599 0.001459 0.000634 0.101290 0.000190 0.000264 0.000424 0.784689 0.000503 0.000036 0.000521 0.000366 0.000191 0.000974 0.001908 0.000090 0.026905 0.001621 0.000492
0.467762 0.000021 0.000279 0.001016 0.000120 0.000146 0.000103 0.000031 0.000021 0.001002 0.000037 0.000034 0.000108 0.000374 0.007934 0.000247 0.225127 0.000416 0.000299 0.000868 0.196590 0.007960 0.000013 0.000514 0.001268 0.000985 0.004309 0.005708 0.000300 0.059838 0.015552 0.001018
0.822819 0.000122 0.000057 0.000036 0.000003 0.000048 0.000856 0.000115 0.000300 0.001085 0.000152 0.000270 0.000042 0.000138 0.000085 0.000906 0.021507 0.000117 0.000128 0.004784 0.133628 0.001074 0.000030 0.000260 0.000132 0.000073 0.000852 0.000759 0.000055 0.008726 0.000667 0.000172
0.752548 0.001554 0.000149 0.000430 0.000080 0.000282 0.006905 0.000761 0.001065 0.004253 0.000604 0.002610 0.000328 0.000555 0.000362 0.004630 0.050305 0.001064 0.000513 0.013474 0.121155 0.005356 0.000432 0.001487 0.000541 0.000640 0.002481 0.002535 0.000373 0.018722 0.003034 0.000771
0.748946 0.000013 0.000006 0.000040 0.000004 0.000008 0.000098 0.000014 0.000029 0.000461 0.000008 0.000042 0.000016 0.000035 0.000036 0.000277 0.126392 0.000131 0.000054 0.000544 0.109234 0.000337 0.000008 0.000066 0.000032 0.000052 0.000283 0.000474 0.000035 0.012092 0.000169 0.000063
0.744127 0.000012 0.000366 0.001246 0.000058 0.000047 0.000039 0.000017 0.000017 0.000550 0.000028 0.000033 0.000067 0.000159 0.003627 0.000118 0.112799 0.000087 0.000083 0.000661 0.105755 0.000857 0.000009 0.000129 0.000245 0.000092 0.000653 0.001580 0.000065 0.025354 0.000914 0.000207
0.816411 0.000765 0.000184 0.000192 0.000018 0.000165 0.002612 0.000400 0.001128 0.003324 0.000496 0.000789 0.000287 0.000747 0.000415 0.002580 0.027199 0.000655 0.000358 0.010168 0.101695 0.004125 0.000138 0.000752 0.000585 0.000249 0.001786 0.002892 0.000142 0.016044 0.002000 0.000698
0.253390 0.000074 0.000029 0.000022 0.000129 0.000329 0.000025 0.000013 0.000024 0.000385 0.000072 0.000007 0.000014 0.000221 0.000173 0.000012 0.000447 0.000139 0.000044 0.003417 0.000260 0.731055 0.000002 0.000098 0.000239 0.000324 0.000446 0.002952 0.000081 0.000447 0.005034 0.000097
0.410189 0.002078 0.000246 0.000583 0.000710 0.002431 0.000377 0.000125 0.001581 0.004911 0.000478 0.000167 0.000932 0.004932 0.002265 0.000237 0.003521 0.001008 0.001087 0.014750 0.001059 0.482592 0.000074 0.000811 0.010894 0.000528 0.000744 0.035030 0.000146 0.004662 0.008886 0.001967
0.497727 0.000859 0.000523 0.000281 0.001705 0.000802 0.000196 0.000195 0.000141 0.008385 0.000648 0.000115 0.000049 0.001339 0.033042 0.000215 0.005213 0.000427 0.000542 0.011594 0.003166 0.387372 0.000062 0.001035 0.002330 0.001995 0.001849 0.020168 0.001029 0.007100 0.008388 0.001510
0.658790 0.000570 0.000213 0.000928 0.000503 0.000887 0.000659 0.000208 0.000584 0.004189 0.000246 0.000287 0.000054 0.000934 0.000846 0.000316 0.001559 0.001355 0.000613 0.008998 0.001433 0.263472 0.000059 0.000954 0.000791 0.001095 0.000353 0.037494 0.000145 0.002162 0.008265 0.001040
0.725011 0.000013 0.000004 0.000378 0.000016 0.000062 0.000016 0.000004 0.000126 0.000339 0.000035 0.000006 0.000075 0.000028 0.000213 0.000004 0.000138 0.000048 0.000034 0.018509 0.000180 0.252779 0.000008 0.000037 0.000185 0.000019 0.000041 0.000597 0.000005 0.000582 0.000358 0.000147
0.754483 0.000137 0.000035 0.000132 0.000144 0.000495 0.000080 0.000034 0.000167 0.000708 0.000218 0.000023 0.000046 0.000132 0.000289 0.000059 0.000702 0.000237 0.000077 0.017496 0.000502 0.217271 0.000016 0.000115 0.000331 0.000209 0.001311 0.002223 0.000093 0.000660 0.001265 0.000308
0.790450 0.000005 0.000002 0.000136 0.000007 0.000019 0.000005 0.000001 0.000032 0.000082 0.000018 0.000002 0.000014 0.000010 0.000078 0.000001 0.000062 0.000025 0.000009 0.012603 0.000088 0.195684 0.000002 0.000010 0.000077 0.000010 0.000033 0.000108 0.000002 0.000186 0.000198 0.000041
0.448254 0.002434 0.002354 0.027257 0.013660 0.008577 0.006319 0.001968 0.008436 0.067894 0.002544 0.002594 0.001592 0.014456 0.014210 0.001293 0.004593 0.003902 0.002289 0.067110 0.003028 0.195510 0.001508 0.004521 0.003730 0.003568 0.000290 0.043195 0.001374 0.010723 0.025188 0.005627
0.766650 0.000066 0.000017 0.000626 0.000111 0.000360 0.000047 0.000025 0.000298 0.000896 0.000280 0.000022 0.000328 0.000123 0.000768 0.000024 0.000586 0.000158 0.000147 0.025991 0.000770 0.195114 0.000027 0.000140 0.000574 0.000083 0.000304 0.001376 0.000044 0.001789 0.001860 0.000396
0.532815 0.002317 0.002086 0.020626 0.008039 0.014309 0.002992 0.001435 0.005667 0.051359 0.003613 0.001732 0.003029 0.009601 0.013334 0.000889 0.004447 0.002690 0.002039 0.073973 0.003622 0.152153 0.000965 0.003871 0.004469 0.002577 0.000527 0.034275 0.001674 0.010997 0.023044 0.004834
0.829317 0.000044 0.000013 0.000478 0.000057 0.000172 0.000031 0.000008 0.000190 0.000342 0.000069 0.000009 0.000192 0.000109 0.000257 0.000010 0.000330 0.000141 0.000052 0.017720 0.000235 0.146606 0.000011 0.000052 0.000620 0.000049 0.000154 0.000937 0.000015 0.000658 0.000879 0.000243
0.220614 0.005622 0.005379 0.045099 0.031334 0.022637 0.010313 0.004357 0.005840 0.033651 0.018135 0.005921 0.003074 0.013209 0.034264 0.003744 0.024163 0.009311 0.009669 0.087369 0.027850 0.143594 0.006611 0.024609 0.011475 0.008109 0.004422 0.025807 0.007868 0.057924 0.072885 0.015143
0.388591 0.001098 0.000096 0.001313 0.000311 0.000548 0.004001 0.000705 0.001372 0.090288 0.001861 0.000518 0.000044 0.000440 0.001738 0.003102 0.000968 0.005323 0.000195 0.342671 0.002820 0.134977 0.002284 0.001227 0.000218 0.001158 0.001510 0.003286 0.001287 0.003485 0.001138 0.001427
0.198071 0.010855 0.003525 0.023633 0.010774 0.020425 0.018065 0.005691 0.004953 0.041948 0.010441 0.008769 0.003350 0.011814 0.023126 0.006250 0.015868 0.011460 0.011203 0.152897 0.037432 0.132468 0.016206 0.013437 0.011949 0.010652 0.004834 0.032702 0.010605 0.042455 0.080489 0.013653
0.320010 0.000368 0.001811 0.000597 0.001380 0.001061 0.000302 0.000184 0.000112 0.002606 0.001489 0.000077 0.000854 0.003182 0.039659 0.000361 0.046918 0.002587 0.001523 0.006839 0.051709 0.122146 0.000072 0.000447 0.030156 0.012110 0.020554 0.013160 0.003512 0.033495 0.276145 0.004572
0.434558 0.002103 0.001523 0.006284 0.005828 0.007968 0.004239 0.001299 0.002049 0.018389 0.005682 0.001608 0.000626 0.002019 0.010637 0.001066 0.003844 0.005781 0.001769 0.240110 0.014023 0.116567 0.001556 0.002797 0.001952 0.004007 0.001746 0.015695 0.004677 0.015360 0.061349 0.002888
0.710192 0.001331 0.000539 0.002521 0.000218 0.000655 0.000502 0.000360 0.000397 0.018661 0.003901 0.000296 0.000760 0.002503 0.021587 0.000520 0.007601 0.000679 0.001059 0.028915 0.005357 0.112921 0.000202 0.003593 0.006828 0.000729 0.003447 0.018314 0.000826 0.021665 0.018439 0.004481
0.262418 0.014325 0.001602 0.004285 0.004667 0.003577 0.033241 0.005513 0.004273 0.043243 0.010177 0.012797 0.000578 0.006015 0.006337 0.007173 0.011832 0.011762 0.003885 0.161098 0.067046 0.112192 0.011542 0.006503 0.002570 0.012882 0.012617 0.021753 0.009649 0.037766 0.091186 0.005496
0.155327 0.011213 0.006831 0.052014 0.030184 0.031172 0.021393 0.008153 0.010000 0.035917 0.025988 0.013277 0.007172 0.023984 0.023404 0.007571 0.024105 0.016704 0.016123 0.082433 0.026610 0.109802 0.009200 0.024751 0.014850 0.014560 0.006569 0.034671 0.011996 0.039269 0.083143 0.021614
0.863259 0.000071 0.000028 0.000366 0.000152 0.000274 0.000053 0.000025 0.000170 0.000505 0.000192 0.000022 0.000106 0.000127 0.000455 0.000034 0.000662 0.000199 0.000089 0.019135 0.000532 0.108767 0.000018 0.000097 0.000444 0.000110 0.000569 0.001147 0.000043 0.000888 0.001150 0.000311
0.392718 0.002142 0.001048 0.011762 0.005635 0.033143 0.006281 0.004706 0.002282 0.032900 0.010859 0.003641 0.001694 0.002980 0.015899 0.003095 0.013619 0.005298 0.004865 0.173951 0.030057 0.106313 0.003656 0.007385 0.004247 0.002635 0.002046 0.024084 0.004897 0.034047 0.043107 0.009007
0.371124 0.001652 0.003781 0.032856 0.022911 0.018847 0.004350 0.002952 0.001496 0.031628 0.009452 0.002745 0.002805 0.007635 0.052561 0.002246 0.022137 0.005646 0.009540 0.096948 0.025289 0.104760 0.003120 0.016771 0.007363 0.004212 0.002146 0.013062 0.008266 0.046920 0.053726 0.011056
0.313729 0.003627 0.004391 0.021371 0.021243 0.013012 0.007288 0.003791 0.002665 0.052105 0.011387 0.003574 0.002425 0.011020 0.059314 0.003565 0.024398 0.007358 0.011498 0.082549 0.028130 0.104559 0.005655 0.021424 0.009467 0.007875 0.004014 0.018162 0.012232 0.058881 0.055244 0.014047
0.628435 0.002548 0.000689 0.003785 0.001815 0.001726 0.006637 0.000768 0.004285 0.017773 0.000545 0.002348 0.000103 0.002720 0.003053 0.001928 0.006553 0.007218 0.001044 0.035158 0.005811 0.101006 0.000384 0.002015 0.001801 0.005726 0.000628 0.102288 0.000505 0.005559 0.042281 0.002868
0.153975 0.042463 0.001589 0.002969 0.000396 0.031737 0.002565 0.000135 0.000448 0.000254 0.051190 0.000079 0.000154 0.001373 0.000076 0.001932 0.000105 0.002218 0.000116 0.000764 0.001528 0.000538 0.000639 0.000108 0.000307 0.330596 0.167900 0.000980 0.197136 0.000147 0.005387 0.000192
0.513560 0.009203 0.000055 0.000158 0.000170 0.000331 0.002531 0.000328 0.000411 0.003802 0.010756 0.000247 0.000008 0.000177 0.001704 0.005044 0.000881 0.000727 0.000348 0.029392 0.012119 0.009535 0.000194 0.000258 0.000477 0.277972 0.021176 0.005933 0.042082 0.003978 0.045743 0.000699
0.813151 0.000135 0.000006 0.000327 0.000194 0.000107 0.000410 0.000027 0.000170 0.000197 0.000113 0.000041 0.000006 0.000012 0.000055 0.000409 0.000046 0.000370 0.000056 0.001066 0.000150 0.000222 0.000168 0.000027 0.000033 0.166221 0.003036 0.004646 0.002052 0.000142 0.006271 0.000133
0.394640 0.006719 0.000450 0.002550 0.000116 0.017696 0.000276 0.000225 0.000322 0.001316 0.207206 0.000122 0.001094 0.001573 0.002322 0.002212 0.001011 0.000421 0.000174 0.007335 0.003329 0.003066 0.000069 0.000964 0.001593 0.003330 0.314444 0.005316 0.014538 0.000598 0.003003 0.001972
0.169137 0.060593 0.000356 0.000459 0.000475 0.012597 0.001420 0.000176 0.000180 0.000237 0.143335 0.000086 0.000448 0.000890 0.000109 0.000766 0.000128 0.001165 0.000135 0.003637 0.002307 0.001096 0.000171 0.000113 0.000329 0.096887 0.235979 0.000704 0.233071 0.000521 0.032327 0.000165
0.669833 0.000185 0.000030 0.000275 0.000023 0.000044 0.000271 0.000035 0.000024 0.007547 0.000008 0.000248 0.000001 0.000143 0.000965 0.003433 0.000786 0.000069 0.000117 0.000846 0.000227 0.000343 0.000059 0.000226 0.000082 0.000169 0.000074 0.313268 0.000025 0.000306 0.000128 0.000214
0.795028 0.000113 0.000085 0.000136 0.000019 0.000385 0.000029 0.000007 0.000006 0.005914 0.000010 0.000007 0.000003 0.000330 0.001155 0.000055 0.002039 0.000082 0.000164 0.000465 0.000283 0.001863 0.000002 0.000046 0.001206 0.000109 0.000050 0.186873 0.000013 0.000382 0.003012 0.000128
0.642171 0.001450 0.000777 0.002254 0.000602 0.025003 0.000340 0.000102 0.000220 0.025367 0.000306 0.000047 0.000415 0.007243 0.003276 0.000596 0.005067 0.002204 0.003530 0.004107 0.002551 0.049217 0.000038 0.001111 0.012883 0.001667 0.000626 0.173384 0.000304 0.002570 0.027642 0.002930
0.820198 0.000207 0.000006 0.000026 0.000006 0.000090 0.000057 0.000013 0.000033 0.013220 0.000026 0.000016 0.000002 0.000098 0.000214 0.016474 0.001081 0.000090 0.000128 0.001212 0.000761 0.002575 0.000003 0.000276 0.000270 0.000280 0.002030 0.138578 0.000119 0.000545 0.000412 0.000955
0.710565 0.000977 0.000180 0.005149 0.000535 0.000338 0.001245 0.000209 0.000729 0.065206 0.000080 0.000871 0.000092 0.002682 0.005780 0.000264 0.001782 0.000888 0.000266 0.046618 0.000909 0.025848 0.000449 0.002533 0.001545 0.000344 0.000042 0.114680 0.000062 0.003730 0.004374 0.001026
0.299814 0.002309 0.000296 0.001357 0.001450 0.003384 0.000752 0.000350 0.001223 0.010717 0.000705 0.000377 0.000642 0.005117 0.003372 0.000745 0.006533 0.001856 0.002841 0.017383 0.003187 0.475373 0.000137 0.002079 0.007498 0.001562 0.001295 0.109756 0.000318 0.009977 0.024778 0.002818
0.628435 0.002548 0.000689 0.003785 0.001815 0.001726 0.006637 0.000768 0.004285 0.017773 0.000545 0.002348 0.000103 0.002720 0.003053 0.001928 0.006553 0.007218 0.001044 0.035158 0.005811 0.101006 0.000384 0.002015 0.001801 0.005726 0.000628 0.102288 0.000505 0.005559 0.042281 0.002868
0.010395 0.024859 0.000642 0.000455 0.000080 0.029534 0.000390 0.000075 0.000188 0.000137 0.372680 0.000035 0.000461 0.001064 0.000050 0.000561 0.000042 0.000368 0.000059 0.000990 0.000830 0.000467 0.000091 0.000080 0.000208 0.026223 0.177172 0.000250 0.349018 0.000084 0.002386 0.000127
0.670968 0.016161 0.019905 0.000187 0.002063 0.003095 0.000385 0.000088 0.000170 0.000066 0.074948 0.000040 0.000477 0.001271 0.000085 0.000170 0.000126 0.001341 0.000057 0.000806 0.001656 0.000222 0.000092 0.000028 0.000547 0.028415 0.060151 0.000079 0.107166 0.000155 0.009036 0.000040
0.496131 0.000159 0.000391 0.000190 0.001056 0.001104 0.000140 0.000074 0.000073 0.000833 0.001984 0.000023 0.000262 0.000584 0.005299 0.000110 0.010585 0.001348 0.000274 0.012768 0.012875 0.051055 0.000020 0.000109 0.006194 0.008360 0.013189 0.003373 0.003723 0.008523 0.357640 0.001552
0.573532 0.000143 0.000047 0.001376 0.000780 0.002533 0.000262 0.000096 0.000151 0.000415 0.001817 0.000046 0.000049 0.000155 0.001496 0.000087 0.003601 0.001238 0.000189 0.016332 0.003039 0.015673 0.000060 0.000098 0.001428 0.019249 0.003424 0.006002 0.000714 0.003842 0.341480 0.000647
0.245724 0.036278 0.001780 0.005517 0.007810 0.003272 0.031593 0.005093 0.004564 0.029903 0.015618 0.007562 0.000956 0.008291 0.008335 0.005747 0.006128 0.024435 0.003524 0.154292 0.045472 0.080877 0.009311 0.005024 0.004769 0.015968 0.012686 0.016055 0.018903 0.029549 0.150200 0.004765
0.782044 0.000173 0.000030 0.000642 0.000577 0.002350 0.000182 0.000081 0.000148 0.000642 0.002541 0.000071 0.000055 0.000074 0.002611 0.000126 0.001371 0.000563 0.000195 0.013703 0.002483 0.010763 0.000059 0.000115 0.000617 0.018539 0.009707 0.005639 0.001526 0.003191 0.138299 0.000882
0.321809 0.011871 0.000323 0.000449 0.000740 0.001667 0.001455 0.000160 0.000143 0.000557 0.018957 0.000059 0.000045 0.000629 0.000352 0.000821 0.000307 0.002413 0.000167 0.007491 0.006988 0.004212 0.000101 0.000099 0.000461 0.323308 0.071028 0.000966 0.103669 0.001333 0.117204 0.000216
