bed 0 410 98 426 0.141786 0.736689
chair 101 423 102 426 0.166355 0.177447
chair 86 417 100 426 0.139167 0.183876
table 85 418 100 426 0.213447 0.183876
table 78 419 87 426 0.183796 0.397428
table 88 418 95 419 0.171644 0.582053
table 101 424 102 426 0.122806 0.177447
table 80 416 87 416 0.103931 0.750567
table 96 420 98 425 0.101235 0.559930
picture 1 8 15 127 0.883165 0.052528
picture 3 15 49 195 0.360276 0.454760
picture 172 201 200 220 0.238842 0.745861
picture 3 5 4 8 0.196733 0.682326
picture 197 219 199 221 0.182257 0.809269
picture 194 204 199 210 0.164376 0.804685
picture 423 5 440 11 0.147606 0.411441
picture 24 19 198 267 0.133037 0.599312
picture 1 127 6 131 0.122165 0.819377
picture 210 97 216 121 0.118665 0.697777
picture 163 244 208 271 0.118346 0.740086
picture 188 222 190 222 0.106948 0.884740
picture 217 357 220 365 0.101319 0.209671
pillow 505 286 560 370 0.190283 0.623978
pillow 1 410 100 425 0.108206 0.766051
clothes 450 424 450 426 0.194009 0.376287
clothes 453 418 455 423 0.192889 0.596110
clothes 443 229 560 420 0.165998 0.545832
clothes 462 411 470 426 0.160753 0.630420
clothes 473 413 485 426 0.153864 0.276831
clothes 457 416 463 426 0.133132 0.419470
clothes 511 252 560 294 0.122812 0.716131
clothes 331 7 560 394 0.109068 0.326586
clothes 474 409 482 414 0.103187 0.723681
clothes 204 399 257 425 0.102713 0.232517
paper 127 311 141 322 0.304994 0.652117
paper 109 321 122 327 0.292446 0.673391
paper 116 324 122 327 0.262517 0.691107
paper 146 287 153 292 0.247627 0.718750
paper 530 400 540 401 0.231389 0.186125
paper 540 401 542 405 0.229744 0.256465
paper 119 315 127 320 0.222191 0.753444
paper 529 400 540 411 0.219429 0.257733
paper 525 378 528 384 0.215412 0.080934
paper 527 404 531 414 0.211659 0.347089
paper 95 321 109 334 0.207054 0.707088
paper 142 286 193 333 0.19182 0.766822
paper 217 357 219 365 0.1827 0.209671
paper 107 329 111 337 0.181651 0.702646
paper 405 369 412 382 0.176544 0.077240
paper 145 292 154 295 0.168587 0.823047
paper 414 370 429 383 0.166898 0.065044
paper 125 305 130 310 0.166575 0.703659
paper 511 366 560 426 0.165077 0.141515
paper 403 369 404 376 0.164424 0.097976
paper 400 79 416 95 0.162395 0.084853
paper 115 293 162 341 0.157574 0.795923
paper 265 381 280 387 0.155754 0.237991
paper 404 378 408 384 0.154272 0.100523
paper 163 297 183 303 0.149859 0.839579
paper 549 377 560 381 0.148566 0.239055
paper 155 300 159 307 0.148015 0.846809
paper 261 376 264 387 0.142027 0.312179
paper 98 332 103 336 0.138956 0.756197
paper 84 328 97 334 0.131595 0.762162
paper 265 381 267 387 0.13108 0.279694
paper 159 290 171 295 0.128174 0.855909
paper 347 319 403 424 0.12662 0.355067
paper 141 298 155 338 0.123835 0.852342
paper 547 369 552 371 0.123 0.304381
paper 550 371 560 376 0.122825 0.275607
paper 274 399 279 406 0.120466 0.377259
paper 439 327 447 333 0.11545 0.344231
paper 275 394 285 400 0.11488 0.310457
paper 263 301 316 387 0.109044 0.536680
paper 213 306 264 401 0.108124 0.279980
paper 88 341 95 347 0.103885 0.703572
paper 556 321 560 322 0.102623 0.240761
towel 440 19 551 424 0.490849 0.361871
towel 488 244 558 424 0.180223 0.590757
towel 520 101 525 112 0.177363 0.440123
towel 214 307 264 400 0.156842 0.279980
towel 505 61 530 225 0.152351 0.699613
towel 474 414 484 426 0.148174 0.276831
towel 481 414 482 415 0.143561 0.705323
towel 204 399 257 426 0.143448 0.232517
towel 479 93 494 128 0.140192 0.735869
towel 514 96 520 114 0.134706 0.640047
towel 480 391 490 426 0.132055 0.658589
towel 512 101 526 138 0.130691 0.555696
towel 516 111 518 117 0.129639 0.547452
towel 511 367 548 397 0.12827 0.148385
towel 474 410 481 415 0.127704 0.723681
towel 362 18 494 419 0.117491 0.804773
towel 512 92 513 100 0.116288 0.726151
towel 512 100 513 109 0.116246 0.666813
towel 517 93 518 95 0.108871 0.751502
towel 454 0 507 247 0.107426 0.857735
towel 265 380 280 387 0.106512 0.237991
towel 511 100 514 123 0.105145 0.663690
towel 457 141 495 176 0.104807 0.852092
towel 265 381 267 387 0.100319 0.279694
towel 261 376 264 387 0.100252 0.312179
box 527 404 532 414 0.234314 0.347089
box 530 399 541 401 0.189081 0.186125
box 529 399 541 411 0.157455 0.257733
box 540 400 543 405 0.153758 0.256465
box 510 363 560 426 0.141078 0.141515
box 347 315 405 423 0.112794 0.355067
box 125 304 130 309 0.107634 0.703659
box 548 376 560 381 0.106913 0.239055
person 450 424 451 426 0.244873 0.376287
person 457 416 464 426 0.241075 0.419470
person 466 419 468 426 0.205526 0.443906
person 467 415 472 426 0.186551 0.377424
person 182 239 208 271 0.135166 0.772494
person 453 418 455 424 0.105641 0.596110
toilet 0 311 68 390 0.173076 0.614523
lamp 423 5 439 12 0.121805 0.437532
lamp 197 52 206 63 0.100475 0.872980
bathtub 59 332 179 424 0.881114 0.116247
bathtub 153 273 218 426 0.557011 0.335254
bathtub 75 381 94 395 0.413083 0.496497
bathtub 98 388 128 419 0.1035 0.735382
bag 363 379 461 426 0.12251 0.631646
bag 454 383 481 426 0.109373 0.781514
garbage_bin 343 317 406 423 0.184265 0.355067
garbage_bin 509 366 550 397 0.160867 0.148385
garbage_bin 551 208 560 222 0.158955 0.393263
garbage_bin 529 399 541 401 0.133105 0.186125
garbage_bin 403 369 413 384 0.110072 0.088070
garbage_bin 216 358 220 365 0.107284 0.209671
garbage_bin 525 378 529 384 0.101695 0.080934
garbage_bin 404 378 409 384 0.10093 0.100523
