bed 163 288 437 424 0.191992 0.207160
chair 166 417 177 426 0.100222 0.231602
picture 6 0 129 62 0.318127 0.495714
picture 77 0 129 5 0.302697 0.410069
picture 4 0 135 12 0.239891 0.392427
picture 128 1 129 5 0.173593 0.639975
picture 351 137 355 145 0.169805 0.667303
picture 332 107 360 185 0.16545 0.653368
picture 331 137 356 152 0.150216 0.624570
pillow 196 301 410 423 0.163506 0.207160
clothes 184 296 424 421 0.133337 0.207160
fridge 24 4 261 426 0.100854 0.628648
paper 179 0 221 34 0.678149 0.226232
paper 331 126 355 151 0.219599 0.556293
paper 5 10 18 16 0.174909 0.290555
paper 521 399 537 417 0.159701 0.540598
paper 131 368 206 426 0.155506 0.441158
paper 167 410 205 426 0.129935 0.188616
paper 332 132 339 137 0.129389 0.748509
paper 341 128 350 141 0.12323 0.749476
paper 351 137 355 145 0.122452 0.667303
paper 394 385 486 426 0.12038 0.671682
paper 3 0 74 12 0.118734 0.336817
paper 167 417 178 426 0.103194 0.231602
box 359 104 441 193 0.525215 0.272245
box 389 151 432 189 0.30752 0.528341
box 129 360 209 426 0.165532 0.441158
box 388 108 425 133 0.15811 0.532373
box 166 409 204 426 0.134658 0.188616
box 367 122 373 127 0.132811 0.789242
box 370 174 377 181 0.114483 0.828131
box 373 164 377 172 0.109011 0.760663
box 357 133 362 136 0.108432 0.819077
box 4 10 19 16 0.103572 0.290555
box 196 148 264 212 0.102931 0.748082
toilet 244 176 560 426 0.993486 0.002180
sink 269 156 559 426 0.319814 0.188387
garbage_bin 365 117 446 187 0.26008 0.327737
garbage_bin 425 122 447 137 0.256068 0.714670
garbage_bin 304 197 315 212 0.170955 0.823877
garbage_bin 520 398 536 417 0.14552 0.540598
garbage_bin 126 282 417 426 0.142649 0.443823
garbage_bin 419 151 432 189 0.134677 0.632873
garbage_bin 390 108 427 133 0.111338 0.532373
garbage_bin 384 421 389 426 0.11066 0.392545
