0.397392 0.411202 0.000341 0.003853 0.000931 0.003977 0.018589 0.003900 0.003721 0.015636 0.033969 0.015353 0.002950 0.005387 0.000759 0.004212 0.001201 0.010054 0.001768 0.005030 0.002303 0.002531 0.022092 0.001521 0.002750 0.006515 0.004262 0.003703 0.006254 0.002153 0.004186 0.001509
0.251105 0.263208 0.004702 0.013187 0.002141 0.069117 0.002471 0.000825 0.004854 0.001570 0.049855 0.000343 0.137640 0.051477 0.000742 0.000658 0.000623 0.020170 0.003762 0.005349 0.002258 0.005170 0.000460 0.000570 0.050974 0.006449 0.013996 0.001261 0.010691 0.001372 0.021653 0.001347
0.005696 0.000011 0.000002 0.979469 0.000006 0.013982 0.000002 0.000001 0.000005 0.000001 0.000006 0.000001 0.000748 0.000002 0.000002 0.000001 0.000002 0.000005 0.000005 0.000002 0.000002 0.000005 0.000001 0.000002 0.000010 0.000002 0.000002 0.000010 0.000001 0.000003 0.000007 0.000007
0.035614 0.000055 0.000001 0.962866 0.000088 0.000734 0.000033 0.000008 0.000031 0.000017 0.000106 0.000010 0.000057 0.000006 0.000013 0.000018 0.000016 0.000045 0.000016 0.000011 0.000011 0.000030 0.000017 0.000016 0.000014 0.000016 0.000018 0.000023 0.000004 0.000017 0.000041 0.000048
0.163409 0.000006 0.000001 0.835943 0.000124 0.000317 0.000005 0.000002 0.000005 0.000007 0.000016 0.000003 0.000004 0.000001 0.000008 0.000007 0.000005 0.000006 0.000005 0.000006 0.000003 0.000006 0.000006 0.000006 0.000002 0.000023 0.000018 0.000017 0.000002 0.000005 0.000023 0.000009
0.742441 0.000008 0.000000 0.255054 0.000007 0.001789 0.000002 0.000001 0.000015 0.000013 0.000012 0.000001 0.000107 0.000002 0.000029 0.000002 0.000012 0.000002 0.000007 0.000163 0.000017 0.000075 0.000001 0.000009 0.000013 0.000003 0.000006 0.000134 0.000000 0.000035 0.000010 0.000028
0.759894 0.000125 0.000001 0.231957 0.000020 0.005549 0.000015 0.000008 0.000110 0.000072 0.000035 0.000007 0.000417 0.000009 0.000116 0.000027 0.000028 0.000032 0.000079 0.000147 0.000042 0.000396 0.000008 0.000025 0.000070 0.000013 0.000023 0.000403 0.000003 0.000167 0.000076 0.000127
0.818965 0.000081 0.000008 0.164747 0.000025 0.011271 0.000021 0.000021 0.000271 0.000155 0.000060 0.000027 0.000419 0.000015 0.000113 0.000025 0.000062 0.000017 0.000045 0.001542 0.000064 0.000392 0.000035 0.000067 0.000079 0.000028 0.000061 0.001015 0.000006 0.000151 0.000045 0.000165
0.674768 0.000515 0.000026 0.162214 0.000132 0.142606 0.000062 0.000064 0.000260 0.000147 0.000426 0.000044 0.014695 0.000078 0.000081 0.000070 0.000095 0.000231 0.000210 0.000252 0.000129 0.000598 0.000056 0.000139 0.000321 0.000075 0.000317 0.000662 0.000047 0.000189 0.000262 0.000231
0.839581 0.000012 0.000108 0.152225 0.002473 0.000250 0.000020 0.000018 0.000040 0.000141 0.000025 0.000016 0.000026 0.000051 0.001696 0.000021 0.000576 0.000049 0.000042 0.000661 0.000207 0.000301 0.000019 0.000054 0.000086 0.000019 0.000025 0.000277 0.000007 0.000661 0.000173 0.000141
0.842940 0.000020 0.000010 0.151698 0.000636 0.000411 0.000017 0.000016 0.000023 0.000105 0.000070 0.000016 0.000021 0.000024 0.001379 0.000016 0.000219 0.000027 0.000028 0.000659 0.000240 0.000378 0.000014 0.000054 0.000049 0.000018 0.000041 0.000162 0.000005 0.000464 0.000143 0.000097
0.834736 0.000135 0.000027 0.150956 0.000965 0.002401 0.000074 0.000045 0.000160 0.000323 0.000548 0.000057 0.000133 0.000101 0.002558 0.000048 0.000364 0.000049 0.000066 0.002805 0.000299 0.000355 0.000045 0.000203 0.000287 0.000077 0.000163 0.000916 0.000015 0.000556 0.000227 0.000308
0.851290 0.000103 0.000020 0.125268 0.000092 0.008643 0.000056 0.000055 0.000284 0.000634 0.000205 0.000070 0.000526 0.000046 0.000531 0.000048 0.000254 0.000063 0.000070 0.006680 0.000249 0.001981 0.000081 0.000321 0.000115 0.000065 0.000109 0.001008 0.000023 0.000590 0.000125 0.000396
0.847707 0.000409 0.000031 0.125074 0.000092 0.018878 0.000037 0.000057 0.000273 0.000192 0.000192 0.000037 0.000229 0.000040 0.000333 0.000052 0.000085 0.000027 0.000097 0.002634 0.000085 0.000371 0.000028 0.000086 0.000221 0.000098 0.000232 0.001646 0.000027 0.000257 0.000142 0.000333
0.083719 0.000405 0.000013 0.116187 0.000027 0.786852 0.000026 0.000016 0.000217 0.000024 0.000381 0.000017 0.011278 0.000025 0.000014 0.000029 0.000020 0.000027 0.000074 0.000021 0.000014 0.000039 0.000022 0.000034 0.000068 0.000028 0.000089 0.000166 0.000011 0.000018 0.000043 0.000096
0.731190 0.010336 0.000235 0.008603 0.000359 0.190933 0.000507 0.000114 0.000607 0.000228 0.020970 0.000064 0.016553 0.000986 0.000052 0.000136 0.000076 0.004112 0.000278 0.000446 0.000148 0.000417 0.000147 0.000070 0.000831 0.001981 0.004994 0.000291 0.001447 0.000112 0.002626 0.000152
0.719440 0.000456 0.000003 0.000266 0.000021 0.000017 0.210319 0.000445 0.000105 0.009103 0.000006 0.022979 0.000000 0.000032 0.000024 0.029310 0.001593 0.000384 0.000120 0.000681 0.000377 0.000824 0.000984 0.000216 0.000013 0.000458 0.000026 0.001156 0.000008 0.000405 0.000143 0.000086
0.030875 0.000030 0.000000 0.000002 0.000001 0.000000 0.000123 0.000019 0.000033 0.966307 0.000002 0.000011 0.000000 0.000001 0.000010 0.001110 0.000024 0.000110 0.000022 0.000913 0.000023 0.000242 0.000011 0.000010 0.000001 0.000003 0.000001 0.000037 0.000001 0.000053 0.000002 0.000022
0.152846 0.001949 0.000130 0.000727 0.000605 0.000734 0.001456 0.000653 0.000868 0.733285 0.001115 0.000208 0.000079 0.000842 0.006142 0.002485 0.000936 0.015267 0.004612 0.026135 0.001546 0.022803 0.000608 0.004742 0.001110 0.000300 0.000193 0.004660 0.000766 0.006079 0.001560 0.004556
0.328201 0.001221 0.000064 0.003642 0.000714 0.000333 0.004320 0.000696 0.001805 0.490737 0.000208 0.000883 0.000032 0.000420 0.004790 0.008931 0.011570 0.001935 0.020119 0.032027 0.008508 0.033356 0.002640 0.003178 0.000651 0.000700 0.000177 0.010830 0.000156 0.015409 0.003553 0.008198
0.506228 0.001280 0.000062 0.000434 0.000104 0.000324 0.000585 0.000382 0.001061 0.442561 0.000373 0.000079 0.000032 0.000281 0.001044 0.000809 0.000487 0.011831 0.003339 0.013226 0.000370 0.008305 0.000139 0.001202 0.000588 0.000075 0.000037 0.000733 0.000102 0.001841 0.000304 0.001783
0.558390 0.002393 0.000127 0.000659 0.000308 0.000723 0.001241 0.000603 0.000912 0.346030 0.001897 0.000133 0.000073 0.000542 0.003154 0.001181 0.000910 0.022277 0.002814 0.024404 0.001453 0.016424 0.000321 0.002151 0.000838 0.000219 0.000149 0.001138 0.000507 0.004478 0.000784 0.002764
0.610410 0.000281 0.000041 0.000252 0.000101 0.000390 0.000783 0.000245 0.000703 0.312471 0.000132 0.000413 0.000148 0.000617 0.002159 0.004641 0.002589 0.002159 0.002043 0.018187 0.002415 0.012435 0.000606 0.003495 0.000578 0.000094 0.000128 0.014560 0.000242 0.003624 0.000577 0.002478
0.655146 0.000021 0.000003 0.000083 0.000015 0.000040 0.000139 0.000055 0.000495 0.277837 0.000065 0.000019 0.000007 0.000028 0.000513 0.000122 0.000196 0.000659 0.000043 0.054457 0.000427 0.007570 0.000021 0.000123 0.000073 0.000042 0.000017 0.000288 0.000034 0.001063 0.000131 0.000266
0.370630 0.008411 0.003510 0.007904 0.009436 0.010934 0.015699 0.007645 0.013808 0.176562 0.008413 0.011837 0.001444 0.003964 0.012184 0.011107 0.011826 0.004818 0.042849 0.108032 0.010281 0.058658 0.010030 0.013411 0.004313 0.003726 0.001062 0.017082 0.002752 0.016404 0.011404 0.009863
0.566526 0.000115 0.000134 0.000294 0.000716 0.000139 0.000664 0.000334 0.001256 0.166553 0.000118 0.000523 0.000017 0.000580 0.006533 0.008331 0.017134 0.000876 0.000475 0.068725 0.021504 0.084639 0.000674 0.007045 0.000641 0.000172 0.000646 0.030982 0.000461 0.008229 0.001258 0.003708
0.335424 0.009275 0.000120 0.002863 0.000713 0.001083 0.005914 0.003136 0.002805 0.156737 0.001138 0.006963 0.000286 0.001179 0.001516 0.016267 0.004282 0.004106 0.012695 0.071448 0.009067 0.213729 0.073454 0.001816 0.001277 0.001500 0.001526 0.035223 0.002203 0.011736 0.004845 0.005674
0.338187 0.008845 0.002913 0.030097 0.018031 0.017863 0.009387 0.007267 0.011325 0.145080 0.006562 0.008109 0.002006 0.003015 0.006911 0.010450 0.011032 0.007454 0.032080 0.060153 0.009778 0.107722 0.065101 0.015518 0.001935 0.004120 0.001765 0.018627 0.004793 0.014898 0.009425 0.009555
0.853906 0.000000 0.000000 0.000001 0.000000 0.000000 0.000001 0.000000 0.000010 0.142039 0.000001 0.000000 0.000000 0.000000 0.000023 0.000001 0.000005 0.000034 0.000000 0.003494 0.000011 0.000430 0.000000 0.000001 0.000001 0.000000 0.000000 0.000003 0.000000 0.000032 0.000001 0.000003
0.553400 0.000761 0.000017 0.000171 0.000089 0.000067 0.001027 0.000308 0.000515 0.134644 0.001629 0.000152 0.000140 0.001462 0.000721 0.001330 0.001587 0.003159 0.000925 0.147303 0.014141 0.105238 0.000705 0.000877 0.001210 0.002328 0.004613 0.002772 0.001610 0.010005 0.005415 0.001679
0.714863 0.002266 0.000132 0.001951 0.000646 0.001487 0.001802 0.000820 0.000646 0.132814 0.003300 0.000302 0.000178 0.000658 0.008425 0.002114 0.001851 0.013987 0.001571 0.046059 0.005200 0.029593 0.000897 0.003671 0.001080 0.000777 0.001087 0.004261 0.001460 0.008495 0.003187 0.004421
0.820580 0.001346 0.000253 0.000726 0.000280 0.000390 0.000455 0.000475 0.003041 0.124044 0.000443 0.000159 0.000063 0.000417 0.001311 0.000496 0.000863 0.010040 0.001165 0.015180 0.000433 0.010049 0.000118 0.000862 0.000752 0.000178 0.000089 0.001899 0.000173 0.001848 0.000594 0.001279
0.648691 0.001840 0.000046 0.002598 0.000307 0.000117 0.019396 0.001847 0.000272 0.121096 0.000337 0.160737 0.000026 0.000301 0.001546 0.004130 0.001811 0.001288 0.000823 0.009150 0.001123 0.003018 0.001915 0.003991 0.000493 0.001310 0.000100 0.006553 0.000142 0.002809 0.000761 0.001425
0.731256 0.001888 0.000368 0.007229 0.000991 0.001606 0.002670 0.000971 0.001141 0.105999 0.001038 0.001143 0.000240 0.001445 0.023559 0.004515 0.003659 0.001813 0.008963 0.019101 0.002439 0.010004 0.001428 0.009325 0.004311 0.000648 0.000390 0.032051 0.000394 0.011433 0.002385 0.005598
0.714040 0.001147 0.000259 0.011802 0.000952 0.003551 0.002126 0.001456 0.001199 0.102266 0.000985 0.001097 0.000175 0.000837 0.020527 0.005076 0.003121 0.004917 0.005090 0.031506 0.004131 0.015051 0.001834 0.014341 0.002435 0.000649 0.000673 0.020457 0.000524 0.017120 0.002164 0.008491
0.437952 0.004178 0.007215 0.001907 0.032591 0.003052 0.002116 0.001509 0.007374 0.101601 0.019420 0.001684 0.000263 0.005193 0.053574 0.001082 0.005553 0.001135 0.002781 0.124339 0.005153 0.113488 0.000816 0.009649 0.007220 0.000815 0.001307 0.009646 0.003181 0.017409 0.011181 0.005613
0.650210 0.002060 0.000749 0.000112 0.000510 0.000057 0.000202 0.000329 0.000892 0.002969 0.313548 0.000384 0.000087 0.001349 0.001524 0.000374 0.000710 0.000770 0.000282 0.009946 0.000742 0.003042 0.000210 0.000593 0.001646 0.000260 0.003606 0.000364 0.000939 0.000369 0.000718 0.000447
0.699743 0.000424 0.000045 0.000464 0.000077 0.000329 0.000058 0.000166 0.000218 0.003660 0.146605 0.000100 0.000107 0.000208 0.001226 0.000079 0.000429 0.000088 0.000075 0.133177 0.001284 0.003754 0.000057 0.000474 0.000939 0.000115 0.001553 0.000423 0.001132 0.001119 0.001585 0.000288
0.032778 0.000019 0.000001 0.000007 0.000002 0.000001 0.003934 0.000064 0.000003 0.000173 0.000003 0.962515 0.000000 0.000001 0.000006 0.000017 0.000038 0.000010 0.000005 0.000074 0.000011 0.000007 0.000029 0.000108 0.000003 0.000056 0.000003 0.000076 0.000001 0.000032 0.000016 0.000004
0.204497 0.000170 0.000010 0.000139 0.000041 0.000015 0.019869 0.000396 0.000023 0.002764 0.000026 0.762308 0.000005 0.000033 0.000199 0.000112 0.000384 0.000250 0.000042 0.002839 0.000317 0.000479 0.000226 0.000778 0.000134 0.000874 0.000051 0.001379 0.000023 0.000946 0.000552 0.000122
0.258180 0.000263 0.000011 0.000515 0.000063 0.000036 0.032753 0.001001 0.000054 0.002292 0.000032 0.694891 0.000007 0.000026 0.000090 0.001324 0.000874 0.000254 0.000225 0.000876 0.000191 0.000121 0.001085 0.001388 0.000052 0.000971 0.000053 0.001294 0.000026 0.000501 0.000397 0.000156
0.343669 0.000664 0.000021 0.000775 0.000090 0.000098 0.033367 0.000909 0.000092 0.005169 0.000167 0.591021 0.000036 0.000072 0.000281 0.000206 0.000549 0.000620 0.000101 0.009436 0.000885 0.001473 0.000462 0.001347 0.000372 0.001839 0.000181 0.001967 0.000070 0.001972 0.001767 0.000322
0.515770 0.007365 0.000014 0.000747 0.000055 0.000099 0.033343 0.001124 0.000271 0.008912 0.000468 0.422016 0.000031 0.000111 0.000093 0.000539 0.000366 0.000849 0.000093 0.001422 0.000181 0.000256 0.001858 0.001140 0.000102 0.001099 0.000083 0.000773 0.000043 0.000345 0.000269 0.000161
0.535927 0.002342 0.000179 0.006033 0.000888 0.001096 0.025811 0.002741 0.001033 0.020160 0.001213 0.269133 0.000419 0.000661 0.002777 0.001269 0.004745 0.002794 0.000828 0.043083 0.006449 0.014347 0.002666 0.005474 0.001833 0.004063 0.001093 0.016537 0.000548 0.011553 0.009604 0.002703
0.704178 0.000203 0.000064 0.000682 0.000277 0.000081 0.007046 0.000613 0.000116 0.011059 0.000114 0.231804 0.000016 0.000096 0.001377 0.000256 0.001415 0.000602 0.000194 0.016796 0.001137 0.005319 0.000659 0.002071 0.000445 0.000946 0.000118 0.006356 0.000099 0.003182 0.002099 0.000581
0.588050 0.001668 0.000125 0.003513 0.000373 0.000678 0.080740 0.002411 0.000626 0.015508 0.000403 0.211483 0.000143 0.000656 0.001419 0.003884 0.003825 0.002774 0.000429 0.032102 0.004537 0.003589 0.001661 0.001951 0.000866 0.005747 0.000560 0.014281 0.000277 0.006788 0.007735 0.001198
0.732415 0.001132 0.000032 0.001657 0.000118 0.000041 0.013085 0.000809 0.000133 0.047428 0.000104 0.181226 0.000017 0.000166 0.000769 0.000885 0.000886 0.001050 0.000210 0.004948 0.000497 0.001127 0.001350 0.001651 0.000511 0.001314 0.000045 0.004274 0.000080 0.001105 0.000524 0.000411
0.781980 0.000294 0.000042 0.001223 0.000296 0.000053 0.006278 0.000764 0.000191 0.017329 0.000109 0.167518 0.000012 0.000121 0.000922 0.000343 0.001095 0.000511 0.000105 0.005608 0.000609 0.001521 0.001528 0.001557 0.000257 0.001140 0.000130 0.005812 0.000095 0.001334 0.000773 0.000452
0.648691 0.001840 0.000046 0.002598 0.000307 0.000117 0.019396 0.001847 0.000272 0.121096 0.000337 0.160737 0.000026 0.000301 0.001546 0.004130 0.001811 0.001288 0.000823 0.009150 0.001123 0.003018 0.001915 0.003991 0.000493 0.001310 0.000100 0.006553 0.000142 0.002809 0.000761 0.001425
0.162564 0.091713 0.059123 0.003837 0.008032 0.044417 0.004028 0.001051 0.018477 0.003106 0.037399 0.000721 0.229238 0.185271 0.001728 0.001269 0.001610 0.022765 0.008967 0.003776 0.003102 0.006478 0.000737 0.001601 0.048000 0.008524 0.008906 0.001977 0.012957 0.001829 0.014266 0.002533
0.126247 0.105340 0.069312 0.003318 0.004926 0.025401 0.003721 0.001128 0.014063 0.003674 0.022352 0.000753 0.207771 0.244120 0.001841 0.001488 0.002130 0.025257 0.010300 0.003250 0.003804 0.007614 0.000846 0.001951 0.057742 0.008778 0.007411 0.002211 0.014097 0.002086 0.014289 0.002782
0.427332 0.000660 0.003949 0.002066 0.019424 0.005227 0.001450 0.000937 0.000650 0.057271 0.003009 0.000477 0.000256 0.003490 0.123078 0.000501 0.010687 0.001468 0.002105 0.134909 0.005557 0.111982 0.000451 0.004716 0.004506 0.001479 0.000241 0.009108 0.003464 0.027388 0.028688 0.003472
0.450664 0.000924 0.000110 0.001539 0.001442 0.000860 0.001482 0.000520 0.001143 0.054511 0.000115 0.000347 0.000036 0.000177 0.001936 0.010766 0.002813 0.000284 0.436573 0.008313 0.000590 0.008180 0.000381 0.001956 0.001262 0.000104 0.000039 0.003814 0.000029 0.003398 0.000591 0.005103
0.656118 0.000258 0.000060 0.000814 0.000158 0.000600 0.000073 0.000231 0.000298 0.006566 0.054346 0.000146 0.000104 0.000189 0.002114 0.000089 0.000609 0.000082 0.000084 0.261910 0.001139 0.005021 0.000101 0.000901 0.000746 0.000143 0.001155 0.001077 0.000581 0.002043 0.001629 0.000616
0.240834 0.006074 0.005483 0.007833 0.020922 0.012870 0.008765 0.004452 0.009610 0.024106 0.022325 0.004640 0.003377 0.005526 0.014659 0.001830 0.013524 0.012210 0.002819 0.183758 0.024622 0.067178 0.005396 0.006955 0.004597 0.018693 0.013019 0.039793 0.019332 0.031807 0.156266 0.006726
0.323484 0.004188 0.008537 0.010349 0.015277 0.018900 0.008310 0.004140 0.004566 0.040299 0.024704 0.003523 0.004143 0.006944 0.036980 0.002543 0.011412 0.007319 0.006424 0.182373 0.018334 0.095143 0.003991 0.009210 0.007080 0.010236 0.003817 0.022408 0.021257 0.029265 0.047837 0.007007
0.682064 0.000004 0.000005 0.000138 0.000155 0.000042 0.000137 0.000086 0.000102 0.023331 0.000034 0.000119 0.000001 0.000021 0.001700 0.001303 0.014178 0.000192 0.000052 0.178150 0.059582 0.021750 0.000095 0.001387 0.000076 0.000100 0.000525 0.003305 0.000353 0.007966 0.001757 0.001289
0.628273 0.000161 0.000107 0.000348 0.000758 0.000622 0.001208 0.000504 0.000317 0.011775 0.002321 0.001607 0.000060 0.000221 0.015263 0.000325 0.009256 0.000519 0.000355 0.163002 0.016425 0.086383 0.000304 0.000865 0.001147 0.001413 0.003167 0.019095 0.000526 0.016930 0.015093 0.001650
0.357289 0.001344 0.009309 0.002225 0.034842 0.005078 0.001892 0.001275 0.002448 0.066396 0.009749 0.001012 0.000362 0.005630 0.070599 0.000557 0.008969 0.001500 0.002344 0.161174 0.005791 0.173223 0.000804 0.008731 0.006205 0.000952 0.000662 0.009397 0.003934 0.024547 0.016836 0.004928
0.378722 0.004854 0.012849 0.010212 0.022768 0.019526 0.011112 0.005290 0.005077 0.041779 0.015784 0.004075 0.003967 0.008490 0.051990 0.002764 0.012660 0.007306 0.006438 0.149622 0.012286 0.058418 0.005086 0.014466 0.007881 0.011060 0.002260 0.022842 0.018452 0.027076 0.038226 0.006662
0.553400 0.000761 0.000017 0.000171 0.000089 0.000067 0.001027 0.000308 0.000515 0.134644 0.001629 0.000152 0.000140 0.001462 0.000721 0.001330 0.001587 0.003159 0.000925 0.147303 0.014141 0.105238 0.000705 0.000877 0.001210 0.002328 0.004613 0.002772 0.001610 0.010005 0.005415 0.001679
0.775540 0.000495 0.000695 0.004272 0.001501 0.003255 0.000220 0.000410 0.000583 0.013321 0.007564 0.000290 0.000402 0.000592 0.013188 0.000214 0.002364 0.000349 0.000389 0.135334 0.003208 0.012118 0.000262 0.002820 0.001840 0.000375 0.000925 0.003799 0.000849 0.007793 0.003287 0.001745
0.427332 0.000660 0.003949 0.002066 0.019424 0.005227 0.001450 0.000937 0.000650 0.057271 0.003009 0.000477 0.000256 0.003490 0.123078 0.000501 0.010687 0.001468 0.002105 0.134909 0.005557 0.111982 0.000451 0.004716 0.004506 0.001479 0.000241 0.009108 0.003464 0.027388 0.028688 0.003472
0.542012 0.002879 0.006146 0.010940 0.011249 0.019401 0.004978 0.002561 0.003393 0.019322 0.022876 0.002603 0.003367 0.003855 0.022594 0.001743 0.008195 0.003819 0.004408 0.125980 0.011886 0.065917 0.003030 0.006490 0.004324 0.005743 0.003668 0.014292 0.011855 0.017895 0.028362 0.004213
0.464020 0.007674 0.000594 0.008376 0.002688 0.002254 0.005154 0.001075 0.002142 0.037994 0.009097 0.002271 0.000741 0.003610 0.005564 0.003392 0.010113 0.004134 0.002140 0.124623 0.046688 0.114623 0.005741 0.005416 0.002018 0.003469 0.010599 0.017823 0.004973 0.042901 0.043735 0.004358
0.437952 0.004178 0.007215 0.001907 0.032591 0.003052 0.002116 0.001509 0.007374 0.101601 0.019420 0.001684 0.000263 0.005193 0.053574 0.001082 0.005553 0.001135 0.002781 0.124339 0.005153 0.113488 0.000816 0.009649 0.007220 0.000815 0.001307 0.009646 0.003181 0.017409 0.011181 0.005613
0.771088 0.001039 0.001640 0.006771 0.002678 0.004476 0.000791 0.001051 0.004994 0.012133 0.007217 0.000977 0.000324 0.000905 0.017096 0.000562 0.002580 0.000449 0.000630 0.124093 0.002280 0.011063 0.000409 0.002494 0.002794 0.001199 0.001626 0.004467 0.000741 0.006346 0.002579 0.002508
0.712677 0.001804 0.001180 0.002395 0.002168 0.003697 0.000751 0.000895 0.000713 0.027549 0.021344 0.000512 0.002161 0.002250 0.015247 0.000425 0.003246 0.001554 0.001348 0.123919 0.005837 0.025237 0.000481 0.003572 0.004556 0.001027 0.001228 0.004211 0.004783 0.011697 0.009692 0.001844
0.567251 0.001352 0.005003 0.002658 0.018040 0.006167 0.001156 0.000925 0.001887 0.044235 0.012612 0.000775 0.000586 0.004543 0.044324 0.000545 0.006236 0.001305 0.001570 0.121201 0.004633 0.097708 0.000535 0.005901 0.005349 0.001015 0.001156 0.007512 0.003194 0.014854 0.012077 0.003695
0.584585 0.001661 0.004182 0.002067 0.016569 0.005256 0.001126 0.000791 0.002798 0.048529 0.015412 0.000846 0.000555 0.004080 0.030493 0.000537 0.004538 0.001099 0.001705 0.115750 0.004538 0.104379 0.000464 0.006168 0.004943 0.000793 0.001411 0.006921 0.002489 0.012312 0.009709 0.003295
0.600384 0.000742 0.002781 0.003145 0.013200 0.004510 0.000831 0.000684 0.000776 0.033623 0.006123 0.000483 0.000454 0.002750 0.048160 0.000382 0.006321 0.001327 0.001274 0.115452 0.004877 0.096083 0.000432 0.004338 0.003846 0.001082 0.000780 0.007379 0.002658 0.017685 0.014685 0.002754
0.793233 0.000062 0.000059 0.000125 0.000961 0.000163 0.000387 0.000227 0.000374 0.018127 0.001446 0.000714 0.000038 0.000046 0.002328 0.000093 0.003930 0.000238 0.000197 0.110799 0.003512 0.038224 0.000277 0.001962 0.000199 0.000231 0.000696 0.009348 0.000200 0.006837 0.004161 0.000803
0.276255 0.006493 0.007605 0.011072 0.022040 0.006557 0.008259 0.003880 0.014078 0.047793 0.008535 0.003717 0.002479 0.010657 0.040778 0.005437 0.024142 0.008789 0.009339 0.109128 0.019383 0.171411 0.004400 0.014421 0.009126 0.005874 0.002898 0.041055 0.007674 0.038785 0.046132 0.011810
0.862643 0.000129 0.000174 0.001448 0.000341 0.000682 0.000069 0.000145 0.000425 0.004712 0.005954 0.000118 0.000027 0.000146 0.004805 0.000066 0.000501 0.000055 0.000048 0.109053 0.000562 0.002478 0.000036 0.000632 0.000557 0.000136 0.000332 0.000911 0.000137 0.001514 0.000728 0.000439
0.370630 0.008411 0.003510 0.007904 0.009436 0.010934 0.015699 0.007645 0.013808 0.176562 0.008413 0.011837 0.001444 0.003964 0.012184 0.011107 0.011826 0.004818 0.042849 0.108032 0.010281 0.058658 0.010030 0.013411 0.004313 0.003726 0.001062 0.017082 0.002752 0.016404 0.011404 0.009863
0.502349 0.010665 0.002101 0.004577 0.009543 0.003015 0.006140 0.002676 0.002663 0.032201 0.060902 0.002832 0.002681 0.006599 0.018893 0.002479 0.006071 0.007353 0.006140 0.107636 0.018435 0.047831 0.002725 0.005666 0.008596 0.011155 0.006604 0.008671 0.028402 0.021938 0.038719 0.003742
0.588562 0.009472 0.000685 0.005398 0.001080 0.000989 0.002422 0.000531 0.000980 0.020205 0.006937 0.001219 0.001251 0.004361 0.005035 0.002152 0.023795 0.001189 0.001633 0.045526 0.105599 0.044206 0.002260 0.004717 0.002573 0.002214 0.008471 0.011929 0.003093 0.063690 0.025171 0.002659
0.474107 0.000289 0.000056 0.000658 0.000083 0.000193 0.000630 0.000240 0.000921 0.091886 0.000377 0.000156 0.000168 0.000573 0.003065 0.001190 0.001975 0.002771 0.000509 0.089115 0.007255 0.294784 0.000394 0.000963 0.001029 0.001067 0.001098 0.006536 0.000830 0.011132 0.002882 0.003066
0.335424 0.009275 0.000120 0.002863 0.000713 0.001083 0.005914 0.003136 0.002805 0.156737 0.001138 0.006963 0.000286 0.001179 0.001516 0.016267 0.004282 0.004106 0.012695 0.071448 0.009067 0.213729 0.073454 0.001816 0.001277 0.001500 0.001526 0.035223 0.002203 0.011736 0.004845 0.005674
0.357289 0.001344 0.009309 0.002225 0.034842 0.005078 0.001892 0.001275 0.002448 0.066396 0.009749 0.001012 0.000362 0.005630 0.070599 0.000557 0.008969 0.001500 0.002344 0.161174 0.005791 0.173223 0.000804 0.008731 0.006205 0.000952 0.000662 0.009397 0.003934 0.024547 0.016836 0.004928
0.276255 0.006493 0.007605 0.011072 0.022040 0.006557 0.008259 0.003880 0.014078 0.047793 0.008535 0.003717 0.002479 0.010657 0.040778 0.005437 0.024142 0.008789 0.009339 0.109128 0.019383 0.171411 0.004400 0.014421 0.009126 0.005874 0.002898 0.041055 0.007674 0.038785 0.046132 0.011810
0.452116 0.000094 0.000082 0.000245 0.000268 0.000102 0.000742 0.000339 0.001542 0.172834 0.000073 0.000776 0.000028 0.000585 0.004013 0.010169 0.033460 0.001050 0.000832 0.069786 0.037316 0.131728 0.000445 0.006316 0.000446 0.000169 0.000544 0.046387 0.000351 0.021236 0.001531 0.004396
0.505837 0.006123 0.000379 0.026170 0.008896 0.012186 0.002085 0.002417 0.003329 0.032677 0.015485 0.002743 0.001838 0.000814 0.003039 0.002070 0.005257 0.004533 0.005087 0.067373 0.018283 0.126480 0.058700 0.005323 0.001246 0.004226 0.009079 0.011318 0.010052 0.017788 0.024093 0.005075
0.535733 0.011395 0.001872 0.002651 0.003937 0.007381 0.002817 0.002359 0.003049 0.029312 0.039050 0.000669 0.003515 0.005825 0.026798 0.001641 0.011337 0.009889 0.003618 0.067968 0.014793 0.123206 0.001146 0.006342 0.007844 0.001497 0.005245 0.005297 0.006563 0.023626 0.024869 0.008757
0.464020 0.007674 0.000594 0.008376 0.002688 0.002254 0.005154 0.001075 0.002142 0.037994 0.009097 0.002271 0.000741 0.003610 0.005564 0.003392 0.010113 0.004134 0.002140 0.124623 0.046688 0.114623 0.005741 0.005416 0.002018 0.003469 0.010599 0.017823 0.004973 0.042901 0.043735 0.004358
0.437952 0.004178 0.007215 0.001907 0.032591 0.003052 0.002116 0.001509 0.007374 0.101601 0.019420 0.001684 0.000263 0.005193 0.053574 0.001082 0.005553 0.001135 0.002781 0.124339 0.005153 0.113488 0.000816 0.009649 0.007220 0.000815 0.001307 0.009646 0.003181 0.017409 0.011181 0.005613
0.427332 0.000660 0.003949 0.002066 0.019424 0.005227 0.001450 0.000937 0.000650 0.057271 0.003009 0.000477 0.000256 0.003490 0.123078 0.000501 0.010687 0.001468 0.002105 0.134909 0.005557 0.111982 0.000451 0.004716 0.004506 0.001479 0.000241 0.009108 0.003464 0.027388 0.028688 0.003472
0.553400 0.000761 0.000017 0.000171 0.000089 0.000067 0.001027 0.000308 0.000515 0.134644 0.001629 0.000152 0.000140 0.001462 0.000721 0.001330 0.001587 0.003159 0.000925 0.147303 0.014141 0.105238 0.000705 0.000877 0.001210 0.002328 0.004613 0.002772 0.001610 0.010005 0.005415 0.001679
0.584585 0.001661 0.004182 0.002067 0.016569 0.005256 0.001126 0.000791 0.002798 0.048529 0.015412 0.000846 0.000555 0.004080 0.030493 0.000537 0.004538 0.001099 0.001705 0.115750 0.004538 0.104379 0.000464 0.006168 0.004943 0.000793 0.001411 0.006921 0.002489 0.012312 0.009709 0.003295
0.780472 0.000845 0.000082 0.000176 0.000249 0.000294 0.000268 0.000163 0.000273 0.003496 0.003951 0.000074 0.000487 0.000536 0.003129 0.000106 0.005833 0.000445 0.000211 0.067197 0.004316 0.101007 0.000056 0.000484 0.001024 0.000548 0.000690 0.003015 0.000832 0.009156 0.009316 0.001269
0.642133 0.003039 0.000015 0.001162 0.000045 0.000559 0.005708 0.001141 0.000537 0.088124 0.000111 0.006057 0.000085 0.000213 0.000174 0.009047 0.000816 0.001345 0.002965 0.007825 0.000628 0.008077 0.192864 0.000688 0.000197 0.000329 0.000223 0.023129 0.000289 0.001071 0.000339 0.001066
0.731234 0.000097 0.000052 0.001368 0.000036 0.000293 0.000286 0.000160 0.000225 0.015130 0.000063 0.000578 0.000084 0.000381 0.001718 0.001164 0.005905 0.000171 0.000245 0.013030 0.006845 0.010539 0.000165 0.001637 0.000464 0.000079 0.000456 0.198198 0.000059 0.007762 0.000634 0.000941
0.769024 0.000938 0.000139 0.001309 0.000589 0.000204 0.002051 0.000615 0.000383 0.050567 0.000285 0.002243 0.000026 0.000598 0.016022 0.004503 0.002258 0.000396 0.000691 0.009785 0.001718 0.002165 0.001032 0.002416 0.001355 0.001170 0.000394 0.118421 0.000328 0.005959 0.001164 0.001252
0.611584 0.000133 0.000133 0.000469 0.000141 0.000175 0.000823 0.000354 0.001315 0.075834 0.000065 0.001055 0.000068 0.000819 0.002120 0.009822 0.022782 0.000965 0.000727 0.035455 0.020877 0.072467 0.000485 0.004653 0.000585 0.000188 0.000589 0.116067 0.000247 0.014860 0.001152 0.002990
0.723641 0.000377 0.000062 0.011304 0.005434 0.000574 0.000711 0.000780 0.002388 0.009896 0.001293 0.001140 0.000192 0.000130 0.007971 0.003597 0.003668 0.000524 0.004696 0.021421 0.002526 0.013816 0.000780 0.006732 0.001040 0.001223 0.017147 0.113240 0.000421 0.009334 0.002141 0.031800
0.240834 0.006074 0.005483 0.007833 0.020922 0.012870 0.008765 0.004452 0.009610 0.024106 0.022325 0.004640 0.003377 0.005526 0.014659 0.001830 0.013524 0.012210 0.002819 0.183758 0.024622 0.067178 0.005396 0.006955 0.004597 0.018693 0.013019 0.039793 0.019332 0.031807 0.156266 0.006726
0.496822 0.000902 0.002436 0.006423 0.050866 0.008775 0.001991 0.001064 0.001012 0.010696 0.019003 0.000656 0.000931 0.002704 0.011991 0.000540 0.006209 0.009722 0.001448 0.071396 0.016949 0.040653 0.000870 0.004109 0.003537 0.019670 0.014321 0.017496 0.013992 0.019191 0.139455 0.004171
