cabinet 1 309 44 361 0.297282 0.625817
cabinet 29 182 560 426 0.24786 0.388895
cabinet 0 5 327 85 0.225319 0.605139
cabinet 235 2 271 74 0.201806 0.604424
cabinet 14 336 32 349 0.129996 0.757004
cabinet 0 197 59 371 0.10416 0.799161
chair 261 416 271 426 0.12467 0.267763
table 0 316 206 420 0.147591 0.698558
bookshelf 0 56 525 412 0.901908 0.071428
picture 32 0 123 58 0.716165 0.169231
picture 260 2 341 73 0.569989 0.226386
picture 390 1 457 39 0.54521 0.154590
picture 1 2 32 70 0.420545 0.348022
picture 368 1 383 16 0.208266 0.650955
picture 31 1 34 9 0.194103 0.532270
picture 391 1 409 21 0.145389 0.716839
picture 384 1 392 25 0.142519 0.761805
picture 219 1 224 23 0.116364 0.535398
picture 1 149 32 178 0.112964 0.546568
picture 382 1 385 16 0.109926 0.827818
picture 147 0 214 53 0.105318 0.487915
counter 174 202 560 419 0.492997 0.440971
counter 207 152 333 333 0.200856 0.783805
counter 25 150 299 358 0.107967 0.799036
mirror 0 4 138 74 0.106786 0.174053
clothes 531 154 559 198 0.130432 0.290464
tv 146 1 214 58 0.200807 0.487915
paper 393 222 430 268 0.673085 0.288442
paper 407 244 415 252 0.442961 0.525803
paper 406 205 414 207 0.414456 0.493102
paper 198 413 202 426 0.369398 0.576627
paper 402 207 433 221 0.357943 0.549888
paper 406 226 488 269 0.348892 0.581256
paper 393 223 404 229 0.297109 0.621855
paper 403 251 423 267 0.288165 0.663216
paper 396 200 408 209 0.255673 0.662052
paper 522 255 541 278 0.245079 0.520535
paper 149 141 193 168 0.23003 0.724714
paper 302 222 424 268 0.225639 0.735625
paper 1 149 32 180 0.211381 0.546568
paper 384 222 394 224 0.207272 0.743348
paper 145 156 149 160 0.187667 0.689033
paper 72 360 198 426 0.171645 0.453743
paper 384 223 396 231 0.170398 0.762795
paper 423 248 430 254 0.165212 0.820624
paper 368 383 410 426 0.15999 0.496160
paper 421 228 431 238 0.157716 0.802515
paper 539 245 560 293 0.157 0.527183
paper 538 202 542 208 0.148856 0.765887
paper 2 380 72 426 0.147764 0.373087
paper 421 230 442 250 0.14013 0.838781
paper 403 266 410 270 0.138501 0.816482
paper 396 393 439 426 0.125175 0.581667
paper 336 214 403 229 0.121829 0.826109
paper 542 201 560 217 0.113924 0.587438
paper 304 225 333 239 0.112819 0.795897
paper 536 294 560 308 0.109323 0.612131
paper 466 326 473 327 0.106576 0.803454
paper 320 231 334 238 0.105411 0.796537
paper 283 230 301 243 0.104834 0.878192
paper 429 417 440 426 0.102005 0.196611
paper 278 208 343 229 0.100677 0.822660
box 419 146 551 246 0.460956 0.406268
box 541 198 559 243 0.412845 0.441984
box 521 157 558 277 0.405296 0.358114
box 491 232 521 278 0.311946 0.539113
box 539 237 560 292 0.186819 0.527183
box 401 195 432 220 0.158451 0.635333
box 484 138 553 156 0.148588 0.713808
box 480 198 540 276 0.135846 0.581428
box 522 252 542 277 0.133095 0.520535
box 549 155 560 169 0.119711 0.550061
box 401 196 414 208 0.113394 0.717299
box 428 416 439 426 0.102917 0.196611
box 367 379 413 426 0.100891 0.496160
whiteboard 473 2 558 59 0.676062 0.195763
whiteboard 391 0 506 70 0.101966 0.583825
person 532 162 560 199 0.100618 0.453357
bag 531 154 559 199 0.292423 0.290464
garbage_bin 481 180 542 279 0.114145 0.523902
