0.010079 0.985510 0.000005 0.000026 0.000010 0.000014 0.000993 0.000012 0.000049 0.000030 0.000421 0.000033 0.000018 0.001723 0.000001 0.000028 0.000002 0.000804 0.000018 0.000001 0.000001 0.000011 0.000023 0.000003 0.000071 0.000047 0.000016 0.000003 0.000014 0.000002 0.000029 0.000004
0.441106 0.387607 0.000039 0.000443 0.000156 0.000106 0.039963 0.000509 0.003515 0.007419 0.000502 0.001192 0.000073 0.003680 0.000025 0.001493 0.000139 0.101945 0.000416 0.000545 0.000107 0.004518 0.000490 0.000109 0.000252 0.001901 0.000143 0.000255 0.000145 0.000178 0.000838 0.000189
0.338160 0.279537 0.000172 0.011487 0.001628 0.001347 0.027453 0.002867 0.001261 0.002088 0.006745 0.011411 0.000180 0.001289 0.000312 0.002991 0.000840 0.013092 0.004779 0.004997 0.001732 0.025472 0.232714 0.000838 0.001026 0.003928 0.003875 0.002265 0.003476 0.002174 0.007382 0.002479
0.495776 0.203608 0.000719 0.011975 0.000838 0.004027 0.006000 0.000574 0.006287 0.001637 0.002570 0.000804 0.018627 0.080978 0.000960 0.000461 0.002327 0.024425 0.004689 0.003049 0.001233 0.027696 0.000717 0.001104 0.041280 0.003410 0.001438 0.001965 0.000477 0.004069 0.043641 0.002639
0.736366 0.176997 0.000630 0.005237 0.001359 0.000577 0.006673 0.001194 0.001313 0.004732 0.009659 0.002527 0.000558 0.012303 0.000895 0.000936 0.000917 0.001545 0.002765 0.002148 0.001890 0.003050 0.000892 0.000602 0.007369 0.002664 0.001891 0.001098 0.000957 0.002522 0.007074 0.000660
0.702110 0.134031 0.001128 0.003941 0.002402 0.003696 0.004391 0.000818 0.003356 0.000575 0.052767 0.001313 0.001095 0.001768 0.000122 0.000969 0.000243 0.010494 0.001860 0.002545 0.000583 0.009982 0.010057 0.000278 0.001452 0.005671 0.028637 0.000626 0.007205 0.000375 0.004449 0.001062
0.620490 0.127779 0.000598 0.008851 0.001610 0.010509 0.011062 0.001343 0.009132 0.003551 0.013540 0.001231 0.022117 0.019754 0.000991 0.001517 0.001319 0.023036 0.002579 0.008032 0.002389 0.023081 0.001795 0.000730 0.023278 0.013886 0.012254 0.002735 0.003482 0.002215 0.021761 0.003351
0.844080 0.101280 0.000015 0.004798 0.000075 0.000195 0.028642 0.000232 0.000511 0.001102 0.000336 0.000919 0.000018 0.000520 0.000006 0.003653 0.000084 0.009978 0.001344 0.000027 0.000022 0.000214 0.001194 0.000048 0.000047 0.000184 0.000028 0.000084 0.000012 0.000048 0.000163 0.000142
0.285581 0.001427 0.193105 0.000681 0.000275 0.014375 0.000463 0.000434 0.000927 0.005507 0.001884 0.000366 0.004349 0.009878 0.030341 0.000418 0.038652 0.000373 0.002787 0.271659 0.016546 0.041690 0.000322 0.001240 0.025590 0.000526 0.001894 0.009079 0.000710 0.024355 0.011815 0.002750
0.259377 0.005318 0.002038 0.183642 0.004515 0.292288 0.001016 0.000461 0.001197 0.003561 0.010301 0.000290 0.012014 0.004590 0.002125 0.001866 0.002133 0.003356 0.004419 0.011248 0.007119 0.118541 0.000363 0.001149 0.004571 0.004016 0.010300 0.012852 0.002758 0.006767 0.023586 0.002222
0.355916 0.003361 0.006669 0.107234 0.034375 0.044236 0.008189 0.004320 0.004991 0.017100 0.009180 0.004542 0.007070 0.007293 0.024825 0.005665 0.014065 0.008839 0.018111 0.081918 0.027331 0.083058 0.002786 0.006980 0.009788 0.006541 0.002220 0.007255 0.007093 0.031030 0.040629 0.007392
0.158627 0.024150 0.001421 0.025888 0.000849 0.622537 0.000864 0.000306 0.001486 0.000722 0.024971 0.000132 0.046613 0.006829 0.000268 0.000825 0.000283 0.004473 0.002729 0.002396 0.001390 0.024412 0.000225 0.000244 0.012066 0.003542 0.016570 0.001559 0.003155 0.000774 0.008591 0.001102
0.295448 0.020795 0.004666 0.011393 0.000735 0.391123 0.001084 0.000341 0.002413 0.002309 0.011229 0.000164 0.045516 0.031054 0.000926 0.000913 0.002395 0.034568 0.006578 0.010980 0.005051 0.073155 0.000531 0.002519 0.008223 0.001582 0.002157 0.002419 0.001885 0.005793 0.018346 0.003709
0.157637 0.011450 0.006577 0.010995 0.001746 0.255577 0.001096 0.000989 0.008950 0.014507 0.012408 0.000693 0.145403 0.019935 0.003120 0.000401 0.002234 0.010209 0.001982 0.081964 0.003455 0.186165 0.001197 0.008214 0.010596 0.001963 0.002594 0.007182 0.003799 0.009813 0.012101 0.005047
0.392504 0.068172 0.001577 0.004348 0.000837 0.000715 0.358688 0.002778 0.002473 0.005598 0.000312 0.010890 0.000069 0.010805 0.000712 0.012098 0.011804 0.026191 0.003733 0.002987 0.006298 0.008048 0.004877 0.001131 0.001940 0.022586 0.000548 0.004051 0.000278 0.005349 0.026260 0.001344
0.594804 0.046331 0.000006 0.000358 0.000025 0.000028 0.280452 0.000286 0.000788 0.008139 0.000033 0.001008 0.000001 0.000423 0.000005 0.043202 0.000223 0.017565 0.003236 0.000103 0.000048 0.001412 0.000317 0.000056 0.000044 0.000430 0.000009 0.000158 0.000006 0.000095 0.000167 0.000241
0.276701 0.000023 0.000000 0.000029 0.000001 0.000005 0.000025 0.000018 0.000349 0.704861 0.000007 0.000002 0.000001 0.000005 0.000038 0.000057 0.000019 0.001074 0.000020 0.011738 0.000033 0.004706 0.000002 0.000031 0.000010 0.000003 0.000001 0.000059 0.000003 0.000104 0.000005 0.000070
0.093478 0.000788 0.000383 0.001609 0.001470 0.002602 0.000840 0.000834 0.001282 0.456325 0.002355 0.000507 0.000575 0.001685 0.005695 0.002116 0.001977 0.004379 0.007373 0.108560 0.005308 0.257734 0.001315 0.004566 0.001472 0.000704 0.000976 0.010914 0.002436 0.009252 0.004162 0.006328
0.525485 0.000236 0.000165 0.000141 0.000257 0.000029 0.000416 0.000250 0.000833 0.360828 0.000272 0.000179 0.000013 0.000473 0.022684 0.001712 0.001946 0.001331 0.000277 0.035220 0.005852 0.011378 0.000077 0.002074 0.000858 0.000327 0.000165 0.015353 0.000277 0.008471 0.000542 0.001881
0.598478 0.000269 0.000014 0.000173 0.000073 0.000048 0.001736 0.000527 0.000175 0.327488 0.000091 0.000244 0.000001 0.000109 0.000392 0.036275 0.000654 0.000907 0.012226 0.011889 0.000401 0.002898 0.000179 0.000481 0.000184 0.000060 0.000031 0.000849 0.000032 0.001287 0.000132 0.001696
0.430178 0.019627 0.000174 0.001334 0.000278 0.000486 0.011531 0.001950 0.001162 0.270449 0.003067 0.002786 0.000049 0.001072 0.002105 0.085343 0.008214 0.012887 0.005252 0.015870 0.011309 0.059694 0.000782 0.003490 0.001754 0.003196 0.011632 0.018903 0.000532 0.006108 0.004048 0.004740
0.481169 0.000277 0.000033 0.001389 0.000138 0.000201 0.000691 0.000328 0.001682 0.262816 0.000276 0.000302 0.000113 0.000282 0.002226 0.000620 0.000927 0.001937 0.000595 0.163333 0.002390 0.063924 0.000409 0.000969 0.000510 0.000259 0.000125 0.003575 0.000234 0.005400 0.000721 0.002148
0.710591 0.000025 0.000037 0.000041 0.000026 0.000005 0.000157 0.000064 0.000287 0.209450 0.000053 0.000055 0.000002 0.000070 0.011157 0.000321 0.000818 0.000250 0.000042 0.048200 0.003164 0.005844 0.000025 0.000367 0.000211 0.000078 0.000045 0.002679 0.000049 0.005286 0.000165 0.000437
0.604846 0.002592 0.000081 0.002159 0.000361 0.000301 0.002245 0.000468 0.005873 0.182560 0.000646 0.000321 0.000069 0.001146 0.002061 0.003544 0.001751 0.005333 0.001116 0.047859 0.003084 0.111465 0.000735 0.001683 0.000781 0.000583 0.000285 0.004040 0.000364 0.006199 0.002705 0.002744
0.415166 0.001312 0.000816 0.004237 0.001598 0.004884 0.001271 0.001040 0.003285 0.157171 0.003972 0.000756 0.001461 0.002378 0.006109 0.001222 0.003408 0.005221 0.007319 0.103681 0.006549 0.206840 0.001888 0.009246 0.001654 0.001084 0.000741 0.014464 0.001641 0.013304 0.007807 0.008476
0.820875 0.000991 0.000002 0.000448 0.000006 0.000037 0.001112 0.000090 0.001453 0.155820 0.000013 0.000075 0.000011 0.000064 0.000025 0.000662 0.000054 0.008768 0.000146 0.004143 0.000040 0.004039 0.000063 0.000051 0.000050 0.000062 0.000003 0.000399 0.000006 0.000166 0.000060 0.000265
0.507219 0.000567 0.000383 0.001723 0.002035 0.001657 0.000839 0.000509 0.003037 0.132995 0.002046 0.000219 0.000147 0.001182 0.003472 0.001098 0.001594 0.004477 0.001415 0.073351 0.004233 0.236299 0.000364 0.001144 0.000659 0.000823 0.000905 0.002239 0.001634 0.005565 0.004538 0.001631
0.650355 0.000191 0.000119 0.001945 0.001068 0.000673 0.000340 0.000371 0.000646 0.131975 0.001060 0.000187 0.000088 0.000240 0.002191 0.001354 0.001128 0.002218 0.001066 0.091433 0.006497 0.087878 0.000626 0.000878 0.000234 0.000537 0.001692 0.003714 0.001598 0.004156 0.001919 0.001625
0.777803 0.000012 0.000019 0.000024 0.000007 0.000004 0.000107 0.000038 0.000222 0.127788 0.000059 0.000023 0.000002 0.000043 0.003696 0.000164 0.000966 0.000272 0.000029 0.064293 0.004968 0.009350 0.000013 0.000163 0.000167 0.000060 0.000048 0.001025 0.000041 0.007811 0.000392 0.000390
0.806599 0.000023 0.000018 0.000042 0.000010 0.000006 0.000193 0.000053 0.000467 0.111723 0.000061 0.000041 0.000003 0.000051 0.002407 0.000431 0.000597 0.000382 0.000046 0.057936 0.003941 0.007475 0.000029 0.000243 0.000142 0.000082 0.000062 0.001914 0.000048 0.004250 0.000252 0.000471
0.830995 0.000686 0.000104 0.002055 0.000264 0.000778 0.000519 0.000298 0.001571 0.103699 0.000420 0.000085 0.000074 0.000209 0.001384 0.000390 0.000724 0.006468 0.002071 0.022996 0.000779 0.015746 0.000171 0.000749 0.000842 0.000103 0.000072 0.000855 0.000166 0.002402 0.001097 0.001229
0.474955 0.000425 0.000920 0.002855 0.004271 0.003289 0.000627 0.000796 0.001586 0.101078 0.005333 0.000413 0.000495 0.001025 0.006914 0.001116 0.003010 0.002487 0.002446 0.125505 0.010514 0.212348 0.000663 0.001942 0.000976 0.001363 0.004260 0.004593 0.005135 0.008471 0.007261 0.002931
0.552049 0.077501 0.002165 0.012303 0.005354 0.040516 0.004473 0.000855 0.005151 0.001023 0.135779 0.000718 0.005475 0.004552 0.000292 0.001738 0.000393 0.011053 0.001210 0.003440 0.001410 0.007762 0.002662 0.000590 0.003274 0.017179 0.072615 0.001679 0.014702 0.000586 0.010012 0.001489
0.523365 0.002055 0.000106 0.000141 0.000354 0.000080 0.009939 0.002500 0.000490 0.015276 0.002055 0.421936 0.000010 0.000176 0.000590 0.001242 0.001643 0.000199 0.000494 0.003990 0.000552 0.000888 0.001170 0.002040 0.000257 0.000981 0.000224 0.005044 0.000103 0.001076 0.000489 0.000534
0.278524 0.016868 0.001144 0.005812 0.000101 0.142878 0.000314 0.000064 0.002419 0.000350 0.003507 0.000044 0.496929 0.020321 0.000052 0.000139 0.000419 0.012249 0.001698 0.000685 0.000261 0.003582 0.000098 0.000657 0.003475 0.000419 0.000637 0.000792 0.000199 0.000500 0.003910 0.000951
0.222649 0.005395 0.008783 0.011867 0.002139 0.142448 0.000806 0.000635 0.007297 0.009979 0.007284 0.000364 0.148591 0.023527 0.003316 0.000383 0.002843 0.009316 0.002087 0.075121 0.003061 0.252015 0.000691 0.006856 0.011204 0.001244 0.002381 0.006648 0.002653 0.010412 0.012796 0.005211
0.659644 0.030185 0.000871 0.000134 0.000110 0.000025 0.022428 0.000650 0.000995 0.067613 0.000086 0.007999 0.000002 0.002194 0.000905 0.152635 0.012934 0.002630 0.001804 0.001129 0.001353 0.003802 0.001241 0.000640 0.000528 0.000784 0.000433 0.022943 0.000239 0.001573 0.000689 0.000800
0.512011 0.018953 0.000155 0.007468 0.000384 0.000937 0.007622 0.001454 0.001008 0.109550 0.004096 0.002213 0.000065 0.000985 0.002384 0.135690 0.013262 0.006977 0.003069 0.014925 0.017701 0.060730 0.000912 0.004209 0.001522 0.006145 0.027020 0.015673 0.000745 0.013870 0.003221 0.005042
0.648336 0.005391 0.000029 0.000649 0.000137 0.000247 0.019304 0.001512 0.001100 0.146171 0.000403 0.001405 0.000014 0.000657 0.000269 0.115355 0.002128 0.008056 0.020969 0.005477 0.001603 0.008920 0.000439 0.000658 0.000322 0.000724 0.000149 0.001490 0.000097 0.002904 0.001612 0.003473
0.441106 0.387607 0.000039 0.000443 0.000156 0.000106 0.039963 0.000509 0.003515 0.007419 0.000502 0.001192 0.000073 0.003680 0.000025 0.001493 0.000139 0.101945 0.000416 0.000545 0.000107 0.004518 0.000490 0.000109 0.000252 0.001901 0.000143 0.000255 0.000145 0.000178 0.000838 0.000189
0.268890 0.000432 0.033967 0.000857 0.000269 0.008528 0.000287 0.000391 0.000433 0.005133 0.001388 0.000301 0.001866 0.002177 0.028981 0.000138 0.022105 0.000212 0.000814 0.534658 0.008648 0.032080 0.000304 0.000831 0.010151 0.000499 0.000825 0.005363 0.000546 0.020646 0.006353 0.001925
0.681446 0.000009 0.000108 0.000118 0.000014 0.000110 0.000018 0.000016 0.000059 0.001667 0.000010 0.000012 0.000021 0.000076 0.013220 0.000008 0.001112 0.000015 0.000013 0.285796 0.001886 0.003021 0.000005 0.000128 0.000687 0.000018 0.000050 0.000593 0.000008 0.008857 0.000744 0.000158
0.610491 0.000137 0.002186 0.003697 0.000725 0.003489 0.000198 0.000231 0.000262 0.013528 0.000268 0.000076 0.000127 0.000503 0.044025 0.000117 0.004858 0.000494 0.000185 0.190568 0.010138 0.060807 0.000254 0.001985 0.000899 0.000295 0.000374 0.011363 0.000862 0.021162 0.014579 0.001118
0.389730 0.004036 0.001057 0.005075 0.005331 0.005377 0.005196 0.001833 0.009911 0.024391 0.005365 0.002977 0.000893 0.002125 0.004957 0.002926 0.006991 0.004050 0.003907 0.185192 0.024361 0.174210 0.001764 0.002875 0.002020 0.004112 0.002829 0.023627 0.002954 0.020033 0.065289 0.004605
0.481169 0.000277 0.000033 0.001389 0.000138 0.000201 0.000691 0.000328 0.001682 0.262816 0.000276 0.000302 0.000113 0.000282 0.002226 0.000620 0.000927 0.001937 0.000595 0.163333 0.002390 0.063924 0.000409 0.000969 0.000510 0.000259 0.000125 0.003575 0.000234 0.005400 0.000721 0.002148
0.526912 0.003250 0.001882 0.013145 0.009159 0.020436 0.004452 0.001770 0.003014 0.013305 0.008777 0.001538 0.001865 0.002780 0.010140 0.001800 0.004785 0.005036 0.003536 0.159574 0.022690 0.077323 0.001414 0.002244 0.003274 0.004156 0.002827 0.010339 0.006066 0.016749 0.052994 0.002769
0.833058 0.000005 0.000077 0.000045 0.000002 0.000054 0.000007 0.000006 0.000017 0.000557 0.000003 0.000005 0.000007 0.000042 0.014683 0.000002 0.001201 0.000003 0.000003 0.143968 0.000343 0.001516 0.000001 0.000029 0.000593 0.000005 0.000008 0.000303 0.000001 0.003150 0.000269 0.000039
0.094887 0.000670 0.000174 0.003624 0.001005 0.001889 0.001077 0.000838 0.000880 0.425646 0.001032 0.000760 0.000427 0.001192 0.007013 0.002202 0.002221 0.003729 0.006849 0.140793 0.006896 0.228586 0.002020 0.006464 0.001641 0.000802 0.000577 0.026724 0.001252 0.015994 0.004802 0.007333
0.334535 0.000780 0.001026 0.002418 0.003684 0.003271 0.001024 0.001002 0.003895 0.140271 0.005069 0.000484 0.000660 0.002481 0.007371 0.001347 0.003306 0.004519 0.002554 0.136391 0.007548 0.297253 0.000750 0.002847 0.001751 0.001291 0.002752 0.005011 0.003897 0.010041 0.006722 0.004046
0.143613 0.017903 0.010327 0.008908 0.002361 0.213443 0.002323 0.002079 0.013806 0.033447 0.009687 0.001290 0.060510 0.027550 0.007561 0.001253 0.003467 0.020071 0.003637 0.128994 0.009384 0.185434 0.002600 0.005655 0.016115 0.003430 0.004169 0.019834 0.006689 0.011736 0.016001 0.006724
0.635260 0.003312 0.002882 0.006675 0.006937 0.015027 0.002210 0.000981 0.002295 0.008198 0.011872 0.000550 0.001753 0.003680 0.007249 0.000636 0.002232 0.005246 0.001470 0.127547 0.015714 0.049905 0.000694 0.001109 0.003519 0.003078 0.004356 0.005724 0.006206 0.009875 0.052372 0.001436
0.517703 0.008530 0.002181 0.004750 0.011115 0.019560 0.003057 0.001352 0.005152 0.018171 0.029977 0.000825 0.002507 0.007879 0.004979 0.000572 0.002321 0.011496 0.001321 0.124353 0.009984 0.065251 0.001444 0.002938 0.003368 0.006037 0.009286 0.006771 0.012721 0.012332 0.089560 0.002507
0.804225 0.000203 0.001388 0.000568 0.000415 0.000528 0.000174 0.000153 0.000394 0.002527 0.000395 0.000091 0.000089 0.000483 0.028432 0.000052 0.005574 0.000082 0.000069 0.122298 0.001656 0.015123 0.000084 0.000621 0.002079 0.000269 0.000248 0.001030 0.000067 0.006525 0.003751 0.000407
0.415782 0.004328 0.003726 0.006150 0.010537 0.008480 0.002653 0.001620 0.004487 0.052402 0.020290 0.001037 0.002884 0.013701 0.015127 0.001272 0.008696 0.006508 0.003025 0.118931 0.010627 0.200569 0.001907 0.008555 0.006695 0.002381 0.003810 0.009537 0.007881 0.020541 0.019076 0.006784
0.791297 0.000579 0.000201 0.001107 0.003717 0.000590 0.000165 0.000097 0.000814 0.001284 0.011237 0.000047 0.000169 0.000575 0.005552 0.000044 0.001164 0.000215 0.000161 0.118174 0.001219 0.028538 0.000131 0.000517 0.002438 0.000548 0.001113 0.000420 0.000300 0.004153 0.022826 0.000606
0.467258 0.003826 0.003299 0.037082 0.016392 0.034391 0.006242 0.002861 0.005709 0.014076 0.009456 0.003364 0.004922 0.004487 0.013669 0.003547 0.008259 0.005819 0.009201 0.116915 0.029853 0.088126 0.002097 0.003686 0.005925 0.005599 0.002843 0.009160 0.006356 0.021859 0.048868 0.004853
0.142639 0.007231 0.012256 0.012885 0.042916 0.037510 0.003581 0.002445 0.003754 0.041198 0.043695 0.002248 0.005919 0.013344 0.054964 0.002329 0.021022 0.002954 0.011424 0.116794 0.030467 0.180288 0.002214 0.011158 0.016640 0.005188 0.008612 0.026406 0.016999 0.045323 0.066698 0.008899
0.741324 0.000241 0.000106 0.000153 0.000171 0.000154 0.000354 0.000245 0.000867 0.021760 0.001003 0.000229 0.000139 0.000358 0.015414 0.000870 0.019184 0.000253 0.000493 0.116102 0.013189 0.006835 0.000120 0.001241 0.000959 0.000314 0.000987 0.005592 0.000559 0.038615 0.010361 0.001809
0.440442 0.006450 0.002697 0.021367 0.013015 0.034081 0.005568 0.004068 0.004844 0.023530 0.012133 0.003530 0.004411 0.005518 0.015118 0.002983 0.011263 0.004770 0.008714 0.109765 0.032348 0.095481 0.002865 0.006131 0.007742 0.003846 0.004374 0.015268 0.006750 0.028468 0.054106 0.008355
0.624443 0.003779 0.007084 0.005454 0.007267 0.011917 0.001727 0.000982 0.001407 0.016971 0.009085 0.000884 0.004453 0.004430 0.016941 0.000682 0.004223 0.003239 0.002297 0.106795 0.011405 0.082548 0.001097 0.003025 0.004869 0.004597 0.003424 0.009751 0.008299 0.012658 0.022058 0.002209
0.767620 0.000479 0.000109 0.000238 0.000322 0.000214 0.000272 0.000280 0.000453 0.031411 0.001067 0.000340 0.000396 0.000426 0.011030 0.001024 0.009899 0.000248 0.000529 0.101807 0.009935 0.008082 0.000267 0.002589 0.001002 0.000264 0.001132 0.005037 0.001100 0.035056 0.005384 0.001990
0.543499 0.000574 0.000921 0.007239 0.002364 0.004056 0.000781 0.000884 0.002542 0.031760 0.009884 0.000432 0.000968 0.001209 0.005642 0.000701 0.002235 0.002307 0.001847 0.101652 0.007563 0.233814 0.000403 0.001794 0.001114 0.001832 0.004086 0.004129 0.002786 0.009020 0.009355 0.002606
0.086006 0.000048 0.000009 0.000037 0.000010 0.000139 0.000012 0.000004 0.000122 0.000397 0.000101 0.000004 0.000490 0.000172 0.000316 0.000003 0.000365 0.000045 0.000052 0.008248 0.000424 0.898477 0.000006 0.000046 0.001031 0.000027 0.000077 0.000204 0.000011 0.002244 0.000735 0.000139
0.307145 0.000904 0.000062 0.000106 0.000029 0.001833 0.000073 0.000018 0.001861 0.000294 0.003196 0.000009 0.003128 0.001472 0.000144 0.000015 0.000422 0.001374 0.000267 0.012118 0.000651 0.636189 0.000012 0.000075 0.003420 0.000247 0.001377 0.000203 0.000057 0.002145 0.020710 0.000443
0.376760 0.000879 0.000050 0.000096 0.000073 0.000688 0.000091 0.000019 0.000568 0.000728 0.000718 0.000018 0.000604 0.001056 0.000832 0.000014 0.000959 0.000211 0.000125 0.014299 0.000848 0.569046 0.000029 0.000051 0.010486 0.000525 0.000369 0.000418 0.000075 0.003475 0.015640 0.000249
0.261928 0.000870 0.000108 0.002168 0.000279 0.002513 0.000648 0.000258 0.000180 0.033516 0.001293 0.000306 0.000123 0.001138 0.006984 0.004764 0.007659 0.000960 0.001909 0.033697 0.016157 0.443069 0.000438 0.002330 0.002719 0.004855 0.009963 0.085896 0.001311 0.035098 0.033051 0.003812
0.612944 0.000045 0.000003 0.000045 0.000002 0.000052 0.000016 0.000002 0.000083 0.000353 0.000040 0.000004 0.000029 0.000054 0.000216 0.000002 0.000237 0.000017 0.000010 0.014179 0.000290 0.368399 0.000006 0.000014 0.000755 0.000025 0.000032 0.000179 0.000004 0.001322 0.000597 0.000045
0.441616 0.004239 0.003886 0.007268 0.003503 0.034380 0.000786 0.000464 0.009442 0.008570 0.003470 0.000290 0.023203 0.008688 0.001701 0.000325 0.002608 0.009151 0.001449 0.046212 0.001927 0.345070 0.000652 0.004697 0.003349 0.001223 0.002083 0.005717 0.002197 0.007169 0.011240 0.003423
0.086792 0.006421 0.007035 0.009604 0.007564 0.017664 0.005158 0.003727 0.007674 0.221646 0.005958 0.001762 0.005830 0.026119 0.014627 0.009399 0.008348 0.026916 0.037913 0.066803 0.010541 0.297502 0.003667 0.009940 0.024943 0.003174 0.002600 0.014593 0.005240 0.016353 0.012614 0.021873
0.618604 0.000621 0.000223 0.038552 0.000266 0.003039 0.000211 0.000088 0.000161 0.001316 0.000446 0.000111 0.000569 0.000204 0.001083 0.000194 0.000841 0.002166 0.001918 0.019951 0.006434 0.283562 0.000577 0.000402 0.000355 0.000699 0.001610 0.001342 0.000870 0.005048 0.004389 0.004149
0.507219 0.000567 0.000383 0.001723 0.002035 0.001657 0.000839 0.000509 0.003037 0.132995 0.002046 0.000219 0.000147 0.001182 0.003472 0.001098 0.001594 0.004477 0.001415 0.073351 0.004233 0.236299 0.000364 0.001144 0.000659 0.000823 0.000905 0.002239 0.001634 0.005565 0.004538 0.001631
0.543499 0.000574 0.000921 0.007239 0.002364 0.004056 0.000781 0.000884 0.002542 0.031760 0.009884 0.000432 0.000968 0.001209 0.005642 0.000701 0.002235 0.002307 0.001847 0.101652 0.007563 0.233814 0.000403 0.001794 0.001114 0.001832 0.004086 0.004129 0.002786 0.009020 0.009355 0.002606
0.743366 0.000001 0.000000 0.000075 0.000001 0.000007 0.000001 0.000000 0.000023 0.000097 0.000009 0.000001 0.000088 0.000005 0.000031 0.000000 0.000030 0.000004 0.000004 0.022001 0.000049 0.233763 0.000001 0.000020 0.000044 0.000002 0.000009 0.000065 0.000000 0.000240 0.000026 0.000036
0.756064 0.000045 0.000033 0.000371 0.000369 0.000117 0.000018 0.000014 0.000232 0.001116 0.000355 0.000017 0.000398 0.000085 0.000482 0.000010 0.000813 0.000051 0.000146 0.020697 0.000692 0.212784 0.000028 0.000594 0.000262 0.000019 0.000166 0.000526 0.000030 0.002235 0.000787 0.000444
0.474955 0.000425 0.000920 0.002855 0.004271 0.003289 0.000627 0.000796 0.001586 0.101078 0.005333 0.000413 0.000495 0.001025 0.006914 0.001116 0.003010 0.002487 0.002446 0.125505 0.010514 0.212348 0.000663 0.001942 0.000976 0.001363 0.004260 0.004593 0.005135 0.008471 0.007261 0.002931
0.333117 0.007506 0.000863 0.098080 0.002140 0.183759 0.000963 0.000448 0.001349 0.007654 0.006247 0.000257 0.008655 0.004092 0.002236 0.002875 0.002863 0.003729 0.006388 0.010480 0.008541 0.207190 0.000342 0.001564 0.005625 0.004391 0.012308 0.028238 0.001821 0.009066 0.033761 0.003455
0.415166 0.001312 0.000816 0.004237 0.001598 0.004884 0.001271 0.001040 0.003285 0.157171 0.003972 0.000756 0.001461 0.002378 0.006109 0.001222 0.003408 0.005221 0.007319 0.103681 0.006549 0.206840 0.001888 0.009246 0.001654 0.001084 0.000741 0.014464 0.001641 0.013304 0.007807 0.008476
0.415782 0.004328 0.003726 0.006150 0.010537 0.008480 0.002653 0.001620 0.004487 0.052402 0.020290 0.001037 0.002884 0.013701 0.015127 0.001272 0.008696 0.006508 0.003025 0.118931 0.010627 0.200569 0.001907 0.008555 0.006695 0.002381 0.003810 0.009537 0.007881 0.020541 0.019076 0.006784
0.779439 0.000007 0.000003 0.000201 0.000016 0.000020 0.000010 0.000003 0.000062 0.000368 0.000028 0.000007 0.000172 0.000026 0.000127 0.000003 0.000176 0.000022 0.000023 0.029175 0.000209 0.187899 0.000011 0.000217 0.000068 0.000010 0.000049 0.000485 0.000004 0.000840 0.000101 0.000217
0.142639 0.007231 0.012256 0.012885 0.042916 0.037510 0.003581 0.002445 0.003754 0.041198 0.043695 0.002248 0.005919 0.013344 0.054964 0.002329 0.021022 0.002954 0.011424 0.116794 0.030467 0.180288 0.002214 0.011158 0.016640 0.005188 0.008612 0.026406 0.016999 0.045323 0.066698 0.008899
0.389730 0.004036 0.001057 0.005075 0.005331 0.005377 0.005196 0.001833 0.009911 0.024391 0.005365 0.002977 0.000893 0.002125 0.004957 0.002926 0.006991 0.004050 0.003907 0.185192 0.024361 0.174210 0.001764 0.002875 0.002020 0.004112 0.002829 0.023627 0.002954 0.020033 0.065289 0.004605
0.605721 0.001273 0.002374 0.010194 0.003291 0.007390 0.000858 0.000915 0.002612 0.036496 0.014738 0.000469 0.001700 0.002342 0.008162 0.000868 0.003459 0.002008 0.002386 0.070803 0.010378 0.162656 0.000520 0.003020 0.002092 0.001988 0.006220 0.005920 0.004222 0.009620 0.011632 0.003673
0.818583 0.000034 0.000052 0.000603 0.000222 0.000161 0.000015 0.000015 0.000492 0.000669 0.000189 0.000017 0.000936 0.000085 0.000430 0.000012 0.000930 0.000040 0.000148 0.027361 0.000401 0.143169 0.000019 0.001197 0.000346 0.000013 0.000092 0.000484 0.000011 0.002439 0.000350 0.000485
0.212024 0.007869 0.003467 0.057087 0.022138 0.030795 0.012319 0.006439 0.009434 0.041876 0.012129 0.009443 0.005616 0.009300 0.026903 0.008278 0.022516 0.007281 0.022091 0.103658 0.034196 0.135646 0.007546 0.015218 0.010317 0.007552 0.004569 0.026638 0.007568 0.044863 0.058447 0.016777
0.336074 0.000565 0.000116 0.005333 0.000636 0.001236 0.001510 0.000516 0.000713 0.316134 0.000473 0.000681 0.000290 0.001082 0.005253 0.001703 0.001599 0.006203 0.003079 0.127932 0.005905 0.118592 0.001459 0.004292 0.001341 0.001004 0.000270 0.032433 0.000676 0.013416 0.005573 0.003910
0.872613 0.000004 0.000001 0.000138 0.000006 0.000021 0.000004 0.000002 0.000052 0.000218 0.000022 0.000003 0.000245 0.000015 0.000071 0.000001 0.000145 0.000012 0.000014 0.013146 0.000092 0.111795 0.000003 0.000115 0.000049 0.000004 0.000020 0.000198 0.000001 0.000747 0.000095 0.000146
0.604846 0.002592 0.000081 0.002159 0.000361 0.000301 0.002245 0.000468 0.005873 0.182560 0.000646 0.000321 0.000069 0.001146 0.002061 0.003544 0.001751 0.005333 0.001116 0.047859 0.003084 0.111465 0.000735 0.001683 0.000781 0.000583 0.000285 0.004040 0.000364 0.006199 0.002705 0.002744
0.721875 0.004220 0.001911 0.005362 0.003033 0.011511 0.000912 0.000471 0.001101 0.009256 0.009785 0.000350 0.005402 0.002597 0.004346 0.000684 0.001791 0.002092 0.001863 0.048488 0.007158 0.110282 0.000572 0.002381 0.002939 0.003284 0.007671 0.004304 0.005097 0.007385 0.010188 0.001689
0.338160 0.279537 0.000172 0.011487 0.001628 0.001347 0.027453 0.002867 0.001261 0.002088 0.006745 0.011411 0.000180 0.001289 0.000312 0.002991 0.000840 0.013092 0.004779 0.004997 0.001732 0.025472 0.232714 0.000838 0.001026 0.003928 0.003875 0.002265 0.003476 0.002174 0.007382 0.002479
0.743928 0.001156 0.000164 0.000894 0.000372 0.000328 0.000564 0.000258 0.000785 0.058295 0.000288 0.000291 0.000090 0.001753 0.011815 0.005244 0.009457 0.001160 0.000833 0.006311 0.003423 0.006596 0.000081 0.002578 0.003104 0.000643 0.000699 0.116309 0.000235 0.012000 0.003626 0.006722
0.499138 0.001092 0.000190 0.002521 0.000429 0.001579 0.000701 0.000290 0.000304 0.048343 0.001032 0.000305 0.000085 0.001450 0.007510 0.008961 0.012026 0.000941 0.002196 0.023239 0.014323 0.204789 0.000392 0.002353 0.002851 0.002353 0.004839 0.104555 0.000861 0.027137 0.019787 0.003430
0.444806 0.030575 0.001515 0.040883 0.000978 0.010477 0.002683 0.000788 0.001125 0.002830 0.003366 0.000508 0.002986 0.026159 0.008985 0.000844 0.005539 0.011506 0.006675 0.018172 0.010920 0.062996 0.000739 0.001641 0.073508 0.003768 0.006111 0.004087 0.001049 0.026390 0.182592 0.004799
0.409039 0.004080 0.004570 0.026840 0.057875 0.026643 0.003836 0.001321 0.003956 0.016627 0.017249 0.002225 0.003639 0.007018 0.010990 0.002324 0.016522 0.009459 0.006734 0.038762 0.019762 0.050190 0.001492 0.008105 0.005192 0.023997 0.007410 0.027219 0.007968 0.023981 0.149491 0.005483
0.429127 0.003583 0.003218 0.024347 0.039249 0.023952 0.004911 0.001903 0.004726 0.016675 0.024253 0.002791 0.002600 0.005475 0.008479 0.002229 0.010430 0.009404 0.005189 0.058925 0.019646 0.064009 0.001985 0.009587 0.004179 0.020511 0.006295 0.023656 0.010803 0.022649 0.129216 0.005997
0.549246 0.002911 0.001588 0.001302 0.000324 0.002805 0.000874 0.000215 0.001519 0.001468 0.010975 0.000105 0.000916 0.010238 0.001879 0.000279 0.004614 0.009484 0.001603 0.062520 0.009779 0.168148 0.000133 0.000457 0.010539 0.002190 0.006399 0.000841 0.001120 0.007913 0.125163 0.002453
