cabinet 276 217 365 364 0.203829 0.755339
cabinet 0 2 80 140 0.200688 0.276119
cabinet 85 211 264 315 0.166697 0.782470
bed 61 73 519 426 0.992932 0.004009
bed 350 127 546 426 0.705794 0.175776
bed 351 279 454 408 0.12063 0.790490
chair 212 135 261 164 0.132833 0.504142
sofa 218 132 511 409 0.160074 0.283639
table 349 200 554 426 0.568761 0.173942
table 385 154 559 262 0.112411 0.775335
door 3 1 72 86 0.169895 0.508417
door 46 0 129 85 0.131541 0.724689
picture 490 0 545 47 0.831898 0.152546
picture 415 1 458 47 0.448136 0.506456
picture 538 1 544 13 0.164964 0.547304
picture 419 2 421 25 0.139533 0.653736
picture 245 2 264 32 0.118329 0.769409
picture 415 0 558 66 0.115808 0.858483
picture 373 139 379 150 0.110791 0.682240
picture 124 2 133 46 0.108353 0.639650
counter 0 155 560 221 0.239212 0.754922
counter 253 220 272 254 0.162619 0.736153
blinds 269 1 383 75 0.234514 0.638135
blinds 311 0 348 60 0.162661 0.811225
blinds 310 0 318 61 0.105533 0.873432
desk 341 160 550 422 0.118122 0.327921
dresser 32 157 478 310 0.124609 0.735315
pillow 337 129 379 168 0.368815 0.615988
pillow 356 137 381 156 0.316157 0.662580
pillow 357 139 418 171 0.238806 0.741103
pillow 366 151 396 166 0.193899 0.800306
pillow 389 153 398 165 0.134571 0.797903
pillow 365 164 418 172 0.130627 0.860009
pillow 340 142 361 161 0.103471 0.869942
pillow 524 324 547 346 0.102438 0.583479
mirror 0 9 132 127 0.424287 0.216473
clothes 216 242 306 423 0.379811 0.122753
clothes 344 140 348 149 0.195657 0.772082
clothes 348 140 353 146 0.130461 0.751262
tv 2 142 19 160 0.10353 0.843542
tv 312 184 350 198 0.102432 0.872426
paper 162 400 168 426 0.302681 0.408925
paper 532 195 560 218 0.18059 0.410908
paper 521 255 543 263 0.171223 0.625240
paper 442 392 463 426 0.162922 0.365600
paper 472 303 478 307 0.148101 0.746603
paper 166 412 167 414 0.145113 0.474164
paper 481 231 557 260 0.142253 0.630681
paper 528 209 543 212 0.130173 0.639696
paper 557 421 560 424 0.127757 0.367499
paper 495 208 543 235 0.127585 0.723084
paper 403 164 432 180 0.125436 0.695311
paper 358 127 378 137 0.122149 0.619379
paper 443 290 479 304 0.115648 0.799505
paper 545 265 554 274 0.113841 0.590213
paper 415 164 464 181 0.10705 0.716629
paper 374 390 398 426 0.104209 0.606166
paper 428 376 487 426 0.101019 0.635801
paper 544 341 556 403 0.100956 0.593109
towel 180 235 316 419 0.741847 0.075183
towel 191 377 206 391 0.156413 0.772794
box 352 119 380 136 0.342884 0.623824
box 158 92 192 125 0.189035 0.768269
box 115 108 161 158 0.158807 0.543809
box 441 389 463 426 0.142934 0.365600
box 556 160 560 163 0.120195 0.297009
box 140 108 152 154 0.112642 0.527639
box 140 109 161 126 0.111872 0.790512
box 499 67 556 159 0.111817 0.449560
box 129 40 170 80 0.106811 0.728128
box 524 323 547 346 0.103526 0.583479
sink 70 120 95 143 0.106053 0.668672
lamp 408 137 452 167 0.102851 0.664339
bag 351 371 359 395 0.101789 0.633591
garbage_bin 512 136 523 145 0.325595 0.492503
garbage_bin 230 136 259 146 0.119312 0.446367
