cabinet 354 213 560 420 0.592627 0.149720
cabinet 362 0 485 152 0.311507 0.137503
cabinet 85 184 347 389 0.23385 0.622310
cabinet 465 126 469 129 0.101352 0.404308
chair 3 180 85 308 0.979227 0.017284
chair 16 237 76 274 0.588431 0.401880
chair 15 260 106 325 0.297118 0.668664
chair 61 259 84 321 0.166943 0.749733
chair 247 155 316 196 0.16426 0.575553
chair 46 239 66 258 0.142556 0.838137
door 416 1 490 144 0.51003 0.128053
door 206 2 519 149 0.116764 0.382069
door 449 335 459 381 0.107054 0.744549
door 6 60 56 217 0.105063 0.754762
picture 64 62 192 124 0.979678 0.019324
picture 79 3 235 111 0.851741 0.144378
picture 84 63 118 119 0.797677 0.200291
picture 554 150 560 160 0.594749 0.330189
picture 508 60 527 110 0.542538 0.322573
picture 180 64 188 109 0.379697 0.591128
picture 191 1 259 35 0.284828 0.581386
picture 544 140 560 160 0.281615 0.477544
picture 395 262 399 267 0.163037 0.805807
picture 335 65 369 134 0.13273 0.377901
picture 137 58 163 73 0.129457 0.777383
picture 106 0 190 31 0.109198 0.848585
counter 132 189 355 245 0.520764 0.342328
counter 413 233 556 273 0.394432 0.521690
counter 163 178 254 228 0.17434 0.642755
blinds 238 81 244 155 0.918005 0.076222
blinds 242 62 332 174 0.909375 0.080652
blinds 531 2 560 160 0.770449 0.198588
blinds 234 6 522 175 0.715966 0.246860
blinds 240 106 243 133 0.679467 0.305651
blinds 547 53 560 119 0.262778 0.687070
blinds 120 64 416 200 0.224041 0.756579
blinds 421 3 552 136 0.159988 0.426454
dresser 416 181 560 426 0.402689 0.271089
pillow 400 155 403 159 0.155141 0.498339
pillow 174 356 247 424 0.116406 0.434431
clothes 400 153 432 208 0.25459 0.391284
clothes 407 172 420 195 0.203783 0.498836
clothes 402 163 413 175 0.138823 0.651156
clothes 418 173 424 176 0.124584 0.590898
fridge 360 210 459 426 0.19335 0.699498
tv 330 141 405 206 0.971304 0.018422
tv 351 148 384 191 0.848898 0.142396
tv 373 155 382 177 0.711125 0.266981
tv 333 146 351 180 0.373146 0.622816
tv 355 136 386 144 0.326755 0.571029
tv 263 141 528 211 0.227853 0.478842
tv 353 162 362 175 0.214326 0.781499
tv 361 143 367 146 0.194962 0.800745
tv 356 136 364 143 0.170321 0.755906
tv 338 135 368 145 0.132065 0.710120
tv 351 171 376 185 0.10693 0.883254
paper 384 227 392 231 0.348339 0.585140
paper 537 149 544 159 0.312055 0.557702
paper 537 142 560 161 0.208328 0.527075
paper 544 141 550 148 0.196339 0.650759
paper 408 409 414 415 0.190519 0.482552
paper 532 136 546 148 0.182776 0.618548
paper 363 204 422 227 0.162668 0.812505
paper 391 227 400 231 0.162258 0.775810
paper 448 166 489 186 0.147435 0.563650
paper 371 232 382 236 0.135305 0.837147
paper 103 222 142 230 0.134812 0.862793
paper 249 364 405 426 0.125292 0.572559
paper 181 404 186 409 0.125084 0.353812
paper 460 170 466 181 0.123511 0.688642
paper 338 135 357 145 0.115386 0.752364
paper 509 59 527 108 0.115065 0.322573
paper 407 400 413 408 0.106662 0.798335
paper 451 166 459 181 0.106144 0.769121
paper 358 120 369 133 0.105798 0.548537
paper 462 413 481 423 0.103806 0.417424
paper 101 416 112 426 0.101748 0.241554
box 495 183 500 191 0.627676 0.200060
box 495 182 501 184 0.612489 0.247537
box 497 183 530 208 0.425042 0.377561
box 491 175 495 181 0.350231 0.505947
box 489 180 494 191 0.309923 0.579731
box 446 174 495 192 0.281313 0.493481
box 519 185 524 187 0.24559 0.428117
box 488 190 505 208 0.192769 0.729083
box 537 141 559 162 0.191709 0.527075
box 181 404 186 409 0.186758 0.353812
box 532 136 545 149 0.185808 0.618548
box 446 155 504 177 0.182591 0.617630
box 100 415 111 426 0.165528 0.241554
box 496 167 555 192 0.16175 0.499342
box 461 412 480 423 0.134939 0.417424
box 547 218 560 228 0.132348 0.640880
box 434 288 454 328 0.128715 0.735686
box 554 196 560 219 0.126522 0.474765
box 178 404 185 426 0.124968 0.210582
box 335 77 368 134 0.110883 0.522851
box 536 148 544 159 0.109811 0.557702
box 454 413 464 426 0.108121 0.341701
box 444 164 527 212 0.10372 0.834993
box 407 408 414 415 0.102725 0.482552
whiteboard 339 66 414 145 0.196513 0.607021
toilet 23 266 206 425 0.231795 0.386565
sink 158 177 324 233 0.281907 0.408605
sink 166 183 174 186 0.143639 0.609635
sink 106 181 445 401 0.112231 0.699394
lamp 554 193 560 219 0.178584 0.474765
lamp 499 165 556 192 0.152522 0.499342
lamp 336 62 370 139 0.129446 0.397105
bathtub 79 214 453 426 0.107918 0.640671
bag 403 164 420 197 0.202882 0.395458
bag 411 152 445 192 0.174697 0.394329
bag 418 174 424 177 0.145783 0.590898
bag 401 156 415 176 0.128316 0.608267
bag 178 405 185 426 0.101136 0.210582
garbage_bin 83 309 185 426 0.954313 0.041804
garbage_bin 92 344 125 419 0.824344 0.167518
garbage_bin 5 326 100 426 0.53482 0.244836
garbage_bin 81 381 111 426 0.324575 0.557398
garbage_bin 92 348 176 375 0.296763 0.702726
garbage_bin 176 357 181 367 0.211435 0.777377
garbage_bin 168 330 179 353 0.190816 0.783196
garbage_bin 102 346 107 349 0.175913 0.821926
garbage_bin 115 397 125 416 0.130808 0.596658
garbage_bin 110 380 151 412 0.130465 0.786833
garbage_bin 134 331 205 372 0.125022 0.853555
garbage_bin 181 404 186 409 0.109465 0.353812
garbage_bin 459 413 481 423 0.10599 0.417424
