cabinet 408 279 560 422 0.50139 0.079882
cabinet 358 25 559 149 0.33882 0.560589
cabinet 3 239 235 423 0.258566 0.082395
cabinet 129 327 211 426 0.177475 0.599360
cabinet 240 104 309 344 0.163625 0.633553
cabinet 489 76 560 199 0.115769 0.619927
table 395 284 560 403 0.351283 0.187512
door 243 113 340 329 0.17609 0.631912
door 5 10 87 266 0.172272 0.739602
bookshelf 512 261 560 271 0.105759 0.741546
picture 376 148 492 214 0.714251 0.241555
picture 512 208 560 269 0.680634 0.296389
picture 491 127 559 249 0.589189 0.369371
picture 189 212 232 267 0.55847 0.423509
picture 450 238 492 281 0.539134 0.360074
picture 379 155 418 240 0.511242 0.470763
picture 407 161 445 233 0.491099 0.439184
picture 400 157 419 201 0.450389 0.505638
picture 207 213 231 242 0.410482 0.554056
picture 193 230 224 251 0.373634 0.609419
picture 463 260 490 267 0.373066 0.469662
picture 492 241 493 259 0.348676 0.459692
picture 207 214 223 225 0.328773 0.613904
picture 389 169 411 185 0.32752 0.610471
picture 461 153 492 178 0.318335 0.308897
picture 410 154 443 183 0.312469 0.590081
picture 456 260 467 281 0.302147 0.585267
picture 526 235 544 256 0.295553 0.677733
picture 400 166 410 173 0.294503 0.623269
picture 207 239 224 247 0.284674 0.696720
picture 406 161 415 176 0.271175 0.638499
picture 538 211 560 239 0.266879 0.690301
picture 426 260 490 290 0.24811 0.594384
picture 445 238 462 289 0.232534 0.665530
picture 500 231 527 269 0.223315 0.733522
picture 381 148 547 299 0.216292 0.711395
picture 210 231 223 239 0.210933 0.740054
picture 542 238 560 257 0.207695 0.727458
picture 551 210 560 226 0.200008 0.607143
picture 405 232 523 291 0.199488 0.642730
picture 461 238 558 277 0.189719 0.740516
picture 422 180 436 192 0.18836 0.758497
picture 381 180 456 272 0.177925 0.659989
picture 385 201 389 206 0.174014 0.739778
picture 532 255 560 266 0.158865 0.773849
picture 391 202 425 218 0.157667 0.828684
picture 205 221 218 237 0.153611 0.828601
picture 436 251 455 280 0.15111 0.701320
picture 556 383 560 392 0.127508 0.356997
picture 401 158 410 168 0.127365 0.785994
picture 202 246 215 262 0.126691 0.800899
picture 493 238 513 254 0.126161 0.824223
picture 189 229 207 288 0.123355 0.836910
picture 1 289 5 334 0.119699 0.648338
picture 518 184 522 201 0.116885 0.778619
picture 419 191 444 211 0.114027 0.846147
picture 518 188 520 192 0.110044 0.786461
picture 513 251 520 260 0.105354 0.869538
picture 423 207 443 212 0.10532 0.857778
counter 50 275 203 419 0.940582 0.012123
counter 108 302 183 368 0.619316 0.346459
counter 157 291 197 337 0.30094 0.680332
counter 397 282 560 372 0.299311 0.519967
counter 187 256 209 279 0.149117 0.605516
counter 195 274 207 279 0.139211 0.743411
counter 197 265 207 275 0.133114 0.554603
desk 390 278 560 414 0.58024 0.077251
desk 0 341 215 419 0.284558 0.356687
dresser 9 243 223 426 0.108687 0.082395
pillow 12 386 57 419 0.274244 0.675019
pillow 0 371 92 426 0.204411 0.687165
pillow 12 413 37 419 0.139067 0.785721
pillow 134 260 164 268 0.116385 0.864397
pillow 124 241 134 270 0.110475 0.880585
pillow 104 224 153 270 0.101375 0.842807
pillow 142 254 147 259 0.100127 0.747211
fridge 370 129 487 396 0.883239 0.084622
fridge 350 36 406 391 0.461105 0.498829
fridge 171 207 233 425 0.440489 0.387695
fridge 367 195 413 300 0.300261 0.583148
fridge 435 154 495 254 0.211232 0.495539
fridge 257 44 445 385 0.178715 0.731293
fridge 382 208 462 265 0.160076 0.624685
fridge 378 232 395 299 0.118837 0.754732
tv 458 156 493 216 0.273312 0.467384
tv 459 166 486 178 0.149308 0.399827
tv 459 154 492 166 0.105505 0.467312
paper 426 268 442 288 0.130956 0.692479
paper 405 240 441 289 0.121086 0.695480
paper 555 357 560 376 0.115766 0.479791
paper 560 368 560 376 0.105436 0.565265
box 380 290 432 385 0.209165 0.686821
box 207 420 210 426 0.181429 0.188768
box 493 208 493 215 0.181408 0.527193
box 440 323 452 369 0.149699 0.791779
box 559 368 560 376 0.149651 0.565265
box 155 300 223 423 0.146294 0.672026
box 439 325 448 333 0.1388 0.761095
box 556 382 560 392 0.117409 0.356997
box 555 357 560 376 0.101331 0.479791
whiteboard 1 287 7 374 0.121899 0.648616
sink 10 287 213 393 0.147241 0.213804
lamp 6 249 51 366 0.384692 0.178986
lamp 496 72 555 129 0.331214 0.517420
lamp 524 80 558 195 0.179903 0.664588
lamp 528 79 532 121 0.106783 0.888363
lamp 1 227 21 245 0.105018 0.478168
