0.254459 0.685835 0.000902 0.000644 0.000696 0.000207 0.006230 0.000565 0.000241 0.002454 0.006934 0.001093 0.000116 0.018441 0.000467 0.001496 0.000293 0.001234 0.000627 0.000570 0.001387 0.000903 0.000252 0.000309 0.002496 0.001097 0.002750 0.000535 0.001937 0.000913 0.003748 0.000168
0.577727 0.258356 0.000677 0.000569 0.001300 0.000711 0.002042 0.001286 0.015584 0.009248 0.011663 0.001645 0.000130 0.003549 0.000211 0.002257 0.000591 0.000898 0.100716 0.000528 0.000280 0.003284 0.000415 0.000239 0.002957 0.000176 0.000556 0.000198 0.000321 0.000253 0.000698 0.000933
0.581105 0.196254 0.002214 0.002045 0.001814 0.000948 0.037393 0.002023 0.004852 0.009776 0.024771 0.003231 0.000077 0.004781 0.000449 0.015739 0.000957 0.083332 0.000640 0.002213 0.001407 0.003576 0.000974 0.001055 0.000421 0.003742 0.005456 0.000795 0.004133 0.000667 0.002335 0.000827
0.563563 0.141444 0.000057 0.000329 0.000223 0.000096 0.080890 0.001160 0.000478 0.006509 0.009411 0.012289 0.000031 0.003870 0.000753 0.002261 0.001798 0.004151 0.000170 0.058984 0.025612 0.014006 0.002429 0.001094 0.000432 0.011880 0.005038 0.003789 0.002424 0.009536 0.034809 0.000481
0.507935 0.119760 0.000312 0.009402 0.004867 0.002752 0.167785 0.005317 0.007554 0.005977 0.015561 0.016097 0.000050 0.001261 0.000347 0.016655 0.002517 0.008175 0.001795 0.006733 0.001863 0.008386 0.060449 0.001839 0.000425 0.007724 0.002023 0.003234 0.002679 0.002105 0.006838 0.001583
0.504371 0.000909 0.000648 0.211030 0.003850 0.056424 0.003029 0.001528 0.002457 0.009802 0.012255 0.001558 0.001221 0.001566 0.004329 0.001892 0.004108 0.004632 0.003839 0.061932 0.007770 0.045332 0.003085 0.006692 0.002040 0.000610 0.000539 0.006320 0.000698 0.013751 0.016189 0.005595
0.168971 0.005669 0.002303 0.106762 0.010658 0.060134 0.008155 0.005682 0.009138 0.017002 0.039068 0.002806 0.004004 0.007197 0.010325 0.007390 0.010178 0.013246 0.005573 0.152617 0.022362 0.142358 0.011495 0.010337 0.008484 0.009615 0.008339 0.018437 0.011670 0.034219 0.061245 0.014562
0.656090 0.005738 0.002348 0.049346 0.010294 0.114777 0.002107 0.001016 0.005628 0.003115 0.050844 0.000516 0.000777 0.001362 0.000891 0.001513 0.001266 0.003755 0.000440 0.035221 0.002491 0.010481 0.002139 0.001206 0.001102 0.005747 0.005076 0.002261 0.008802 0.002660 0.009667 0.001323
0.507935 0.119760 0.000312 0.009402 0.004867 0.002752 0.167785 0.005317 0.007554 0.005977 0.015561 0.016097 0.000050 0.001261 0.000347 0.016655 0.002517 0.008175 0.001795 0.006733 0.001863 0.008386 0.060449 0.001839 0.000425 0.007724 0.002023 0.003234 0.002679 0.002105 0.006838 0.001583
0.652446 0.173300 0.000268 0.000291 0.001303 0.000073 0.127650 0.000942 0.001520 0.002705 0.002631 0.005714 0.000003 0.000719 0.000071 0.008190 0.000304 0.014678 0.000178 0.000322 0.000142 0.000592 0.001113 0.000189 0.000059 0.002645 0.000517 0.000306 0.000530 0.000118 0.000340 0.000144
0.704150 0.043900 0.000239 0.000169 0.004476 0.000179 0.002261 0.001513 0.103189 0.021305 0.008778 0.002726 0.000022 0.000479 0.000097 0.003888 0.000412 0.000632 0.087381 0.000690 0.000102 0.008204 0.001224 0.000530 0.000403 0.000085 0.000282 0.000492 0.000098 0.000166 0.000185 0.001743
0.260199 0.000077 0.000002 0.000403 0.000070 0.000088 0.000351 0.000311 0.000184 0.612819 0.000039 0.000158 0.000007 0.000027 0.000262 0.010884 0.000428 0.000498 0.003965 0.077887 0.000325 0.022172 0.000929 0.000646 0.000078 0.000043 0.000063 0.003716 0.000025 0.000756 0.000042 0.002545
0.524509 0.000052 0.000000 0.000035 0.000005 0.000000 0.000467 0.000032 0.000285 0.431127 0.000001 0.000028 0.000000 0.000004 0.000021 0.000798 0.000036 0.000225 0.000033 0.018110 0.000062 0.023397 0.000109 0.000032 0.000006 0.000022 0.000001 0.000199 0.000002 0.000315 0.000011 0.000074
0.631186 0.000206 0.000015 0.000136 0.000145 0.000033 0.000208 0.000105 0.001073 0.333089 0.000069 0.000144 0.000023 0.000113 0.000741 0.000587 0.000547 0.000874 0.000107 0.011709 0.000351 0.011345 0.000085 0.000802 0.000088 0.000065 0.000092 0.003814 0.000079 0.001224 0.000113 0.000830
0.690999 0.000016 0.000002 0.000029 0.000018 0.000010 0.000034 0.000027 0.000495 0.258198 0.000084 0.000013 0.000003 0.000020 0.000262 0.000025 0.000134 0.000659 0.000009 0.033389 0.000373 0.013852 0.000007 0.000096 0.000021 0.000018 0.000032 0.000171 0.000032 0.000789 0.000037 0.000147
0.348048 0.030185 0.000091 0.008238 0.000970 0.000607 0.062705 0.005915 0.026738 0.246913 0.000839 0.004904 0.000202 0.001603 0.001088 0.035266 0.002730 0.024289 0.007433 0.044551 0.002799 0.093888 0.013317 0.001888 0.002170 0.006902 0.000567 0.007989 0.000674 0.006778 0.003499 0.006211
0.715233 0.000233 0.000012 0.000057 0.000070 0.000031 0.000206 0.000139 0.001502 0.206100 0.000646 0.000058 0.000010 0.000119 0.001011 0.000266 0.000334 0.003810 0.000068 0.037497 0.001145 0.027427 0.000017 0.000284 0.000099 0.000090 0.000446 0.000873 0.000231 0.001315 0.000162 0.000511
0.705604 0.000261 0.000008 0.000040 0.000045 0.000002 0.002795 0.000279 0.000327 0.171322 0.000027 0.000297 0.000000 0.000047 0.001628 0.002588 0.000652 0.000170 0.000139 0.078716 0.001906 0.020217 0.001232 0.000169 0.000222 0.000159 0.000010 0.003522 0.000012 0.007116 0.000157 0.000331
0.583293 0.000763 0.000071 0.000030 0.001765 0.000016 0.000236 0.000684 0.002054 0.167239 0.000365 0.000397 0.000001 0.000158 0.000387 0.002911 0.000649 0.000141 0.231787 0.001777 0.000196 0.002169 0.000094 0.000383 0.000299 0.000014 0.000029 0.000206 0.000032 0.000518 0.000070 0.001263
0.752184 0.003604 0.000063 0.001888 0.000141 0.000725 0.010676 0.001991 0.003150 0.105521 0.001404 0.001380 0.000090 0.000697 0.001012 0.010825 0.002905 0.009637 0.000792 0.032566 0.004944 0.035721 0.000882 0.001158 0.000418 0.000687 0.000458 0.004343 0.000314 0.004798 0.001760 0.003265
0.571519 0.016641 0.000044 0.000017 0.000302 0.000013 0.000340 0.000287 0.000642 0.004578 0.378885 0.000341 0.000033 0.000962 0.000192 0.002023 0.000376 0.000822 0.000417 0.001349 0.001128 0.001466 0.000046 0.000232 0.000420 0.000214 0.012062 0.000248 0.003221 0.000372 0.000577 0.000230
0.812176 0.025824 0.000394 0.000008 0.000587 0.000027 0.000353 0.000182 0.000200 0.000500 0.151430 0.000353 0.000010 0.000329 0.000049 0.000624 0.000081 0.000168 0.000247 0.000156 0.000196 0.000141 0.000049 0.000046 0.000103 0.000169 0.003308 0.000063 0.001959 0.000029 0.000201 0.000036
0.836306 0.001987 0.001294 0.001348 0.005634 0.003211 0.000243 0.000322 0.002655 0.001366 0.126293 0.000573 0.001138 0.000369 0.000461 0.000140 0.000393 0.000290 0.000650 0.002584 0.000541 0.005011 0.000182 0.000940 0.000367 0.000233 0.002259 0.000486 0.000744 0.000367 0.001220 0.000390
0.442424 0.004598 0.002037 0.023753 0.027793 0.034305 0.001873 0.003126 0.010142 0.017884 0.117442 0.001338 0.001179 0.001714 0.003994 0.001351 0.003931 0.002343 0.000938 0.177336 0.007122 0.028205 0.010062 0.007442 0.001847 0.004322 0.014965 0.007297 0.007328 0.011507 0.016832 0.003571
0.861623 0.009737 0.000389 0.000296 0.002234 0.000494 0.000486 0.000360 0.001204 0.002446 0.102806 0.000475 0.000334 0.000609 0.000363 0.000507 0.000336 0.000324 0.001153 0.002761 0.000838 0.003134 0.000359 0.000433 0.000386 0.000319 0.002482 0.000294 0.001225 0.000470 0.000903 0.000219
0.722460 0.003137 0.000404 0.010376 0.000230 0.051220 0.000040 0.000024 0.000331 0.000216 0.003883 0.000009 0.166818 0.002357 0.000214 0.000033 0.000316 0.000127 0.000634 0.001197 0.000895 0.008910 0.000012 0.000033 0.018054 0.000190 0.001106 0.000216 0.000152 0.000653 0.005547 0.000203
0.575737 0.016461 0.000007 0.000643 0.000184 0.000039 0.106307 0.001411 0.001993 0.034900 0.000171 0.004524 0.000003 0.000118 0.000037 0.208568 0.000927 0.028010 0.003522 0.001154 0.000402 0.005098 0.003648 0.000268 0.000041 0.001774 0.000338 0.001849 0.000196 0.000410 0.000255 0.001009
0.408744 0.136013 0.000953 0.002369 0.001328 0.000837 0.036965 0.001843 0.006663 0.014054 0.006415 0.001881 0.000169 0.006482 0.000344 0.008691 0.000695 0.339909 0.001109 0.002193 0.001210 0.005568 0.001209 0.000838 0.000453 0.003436 0.002077 0.000574 0.002399 0.000777 0.002805 0.000995
0.239480 0.000355 0.000002 0.000026 0.000123 0.000006 0.000103 0.000162 0.000526 0.043475 0.000055 0.000052 0.000000 0.000047 0.000050 0.001151 0.000099 0.000181 0.710122 0.000581 0.000049 0.001697 0.000017 0.000041 0.000158 0.000003 0.000006 0.000040 0.000006 0.000114 0.000032 0.001240
0.572397 0.179600 0.000535 0.000460 0.002048 0.000464 0.002416 0.001743 0.012784 0.013521 0.009369 0.002564 0.000064 0.002555 0.000233 0.003356 0.000764 0.000813 0.182912 0.000606 0.000328 0.004108 0.000449 0.000293 0.002208 0.000201 0.000532 0.000283 0.000307 0.000322 0.000646 0.001121
0.737161 0.004882 0.000011 0.000136 0.000332 0.000124 0.000786 0.001508 0.009845 0.097176 0.000830 0.001109 0.000005 0.000058 0.000047 0.009517 0.000242 0.000650 0.117126 0.001543 0.000048 0.012115 0.001412 0.000263 0.000108 0.000018 0.000078 0.000725 0.000026 0.000102 0.000041 0.001975
0.869473 0.000242 0.000003 0.000092 0.000076 0.000014 0.000089 0.000126 0.000238 0.013361 0.000187 0.000046 0.000001 0.000121 0.000130 0.000367 0.000195 0.000557 0.108529 0.001277 0.000180 0.002846 0.000012 0.000030 0.000363 0.000009 0.000028 0.000048 0.000025 0.000280 0.000104 0.000949
0.349952 0.000839 0.000443 0.025745 0.001790 0.015354 0.002388 0.001498 0.002181 0.009666 0.009408 0.000666 0.000531 0.000907 0.005112 0.001998 0.002357 0.003192 0.000601 0.424646 0.006470 0.082234 0.001932 0.002858 0.002345 0.003002 0.002185 0.009576 0.003515 0.012156 0.011374 0.003078
0.366179 0.001108 0.000633 0.011779 0.002460 0.012140 0.002003 0.002439 0.002569 0.012876 0.009777 0.000897 0.000676 0.001277 0.007974 0.002863 0.003870 0.003445 0.000823 0.389589 0.008152 0.082676 0.002415 0.003157 0.002589 0.003901 0.002741 0.012595 0.007756 0.018148 0.017088 0.003407
0.447483 0.001840 0.000758 0.009570 0.003630 0.011515 0.001741 0.001824 0.003058 0.013407 0.012775 0.000859 0.000181 0.000920 0.004010 0.003579 0.005257 0.002870 0.000546 0.329711 0.014961 0.054041 0.002921 0.001858 0.002277 0.006082 0.006124 0.013312 0.007311 0.017454 0.016052 0.002072
0.382364 0.001040 0.000785 0.017963 0.002573 0.023652 0.002082 0.002336 0.001941 0.017674 0.012267 0.001210 0.000448 0.001376 0.004946 0.001981 0.003925 0.005398 0.000929 0.310975 0.008221 0.115094 0.005147 0.002914 0.001886 0.002124 0.001861 0.009378 0.004517 0.015471 0.034510 0.003012
0.317984 0.005435 0.002130 0.026584 0.007409 0.026026 0.005979 0.005236 0.007452 0.019810 0.017630 0.002986 0.001121 0.003149 0.009733 0.011072 0.009624 0.007039 0.002050 0.286529 0.016783 0.068798 0.009377 0.006535 0.006232 0.012520 0.012609 0.029230 0.014885 0.022543 0.018706 0.006804
0.661544 0.000055 0.000056 0.001563 0.000161 0.003505 0.000151 0.000103 0.000107 0.001601 0.001137 0.000024 0.000039 0.000056 0.000829 0.000174 0.000242 0.000365 0.000031 0.282343 0.002142 0.032651 0.000088 0.000187 0.000210 0.000970 0.000270 0.001390 0.002638 0.002712 0.002498 0.000156
0.638861 0.000467 0.000181 0.013193 0.000523 0.006019 0.001359 0.000431 0.000653 0.003092 0.002815 0.000269 0.000148 0.000275 0.001519 0.001182 0.000916 0.001227 0.000119 0.278956 0.003058 0.022008 0.000793 0.001245 0.000917 0.003539 0.001996 0.004760 0.001991 0.003751 0.002839 0.000898
0.489151 0.000832 0.000380 0.024492 0.002564 0.019683 0.001497 0.000744 0.001204 0.004754 0.013338 0.000243 0.000360 0.000424 0.002945 0.000783 0.001216 0.003471 0.000441 0.263798 0.004711 0.108751 0.000674 0.000743 0.001030 0.004082 0.000870 0.004506 0.005526 0.009927 0.025623 0.001238
0.396477 0.004859 0.001641 0.015991 0.012798 0.015524 0.005994 0.004652 0.006106 0.022966 0.037586 0.003023 0.000446 0.002028 0.005679 0.004612 0.007978 0.004351 0.001271 0.261793 0.015591 0.044062 0.012150 0.006202 0.003265 0.009764 0.011630 0.016222 0.011702 0.020494 0.028392 0.004752
0.715303 0.000047 0.000018 0.002204 0.000055 0.001785 0.000153 0.000058 0.000100 0.000726 0.001077 0.000022 0.000017 0.000031 0.000295 0.000113 0.000126 0.000147 0.000013 0.259389 0.000615 0.013224 0.000057 0.000205 0.000167 0.000451 0.000284 0.000858 0.000459 0.001083 0.000776 0.000140
0.427893 0.000446 0.000216 0.073301 0.001863 0.036476 0.000861 0.000488 0.001258 0.003461 0.017926 0.000152 0.000261 0.000557 0.001534 0.000568 0.000896 0.004280 0.000414 0.251226 0.004691 0.129298 0.000676 0.000714 0.000848 0.000964 0.000451 0.002182 0.001375 0.009339 0.024025 0.001361
0.583955 0.001586 0.000426 0.014380 0.001967 0.007300 0.001894 0.000987 0.001658 0.005651 0.013540 0.000592 0.000224 0.000632 0.004592 0.001846 0.002996 0.001678 0.000404 0.242365 0.012292 0.036393 0.001239 0.002958 0.002013 0.005368 0.007255 0.007878 0.007434 0.014144 0.012213 0.002139
0.663821 0.000641 0.000141 0.004132 0.000318 0.002747 0.000940 0.000437 0.000689 0.003603 0.005648 0.000246 0.000065 0.000273 0.002698 0.001229 0.001606 0.000751 0.000167 0.238508 0.006888 0.031137 0.000307 0.001232 0.001197 0.002810 0.003352 0.004470 0.003929 0.009300 0.005639 0.001079
0.655144 0.000591 0.000218 0.013866 0.000584 0.010705 0.001668 0.000606 0.000944 0.003753 0.005794 0.000301 0.000285 0.000422 0.001762 0.001586 0.001171 0.001779 0.000189 0.238502 0.004109 0.025332 0.001004 0.001547 0.001159 0.004433 0.003033 0.004533 0.003613 0.005168 0.005023 0.001174
0.662342 0.000801 0.000180 0.004139 0.000371 0.002548 0.001296 0.000530 0.000799 0.004240 0.005015 0.000348 0.000076 0.000353 0.002815 0.001636 0.001924 0.000876 0.000180 0.237527 0.007720 0.027949 0.000424 0.001515 0.001432 0.003215 0.003907 0.005026 0.004191 0.009835 0.005560 0.001229
0.719252 0.000210 0.000074 0.006400 0.000207 0.004968 0.000610 0.000187 0.000257 0.001539 0.002090 0.000091 0.000073 0.000109 0.000660 0.000535 0.000359 0.000533 0.000049 0.234620 0.001525 0.013514 0.000277 0.000624 0.000464 0.002035 0.001074 0.002321 0.001503 0.001790 0.001667 0.000384
0.645763 0.001240 0.000253 0.007338 0.000691 0.004172 0.001630 0.000712 0.001095 0.004525 0.008466 0.000436 0.000118 0.000468 0.003106 0.001995 0.002208 0.001195 0.000259 0.231269 0.009272 0.027603 0.000736 0.001908 0.001748 0.004329 0.005689 0.005951 0.005988 0.010520 0.007770 0.001543
0.710350 0.000344 0.000098 0.003445 0.000216 0.002695 0.000568 0.000265 0.000413 0.002438 0.002962 0.000136 0.000041 0.000162 0.001700 0.000670 0.000903 0.000487 0.000090 0.218429 0.004449 0.028088 0.000171 0.000728 0.000800 0.001786 0.001710 0.002967 0.002539 0.006055 0.003659 0.000635
0.674427 0.000347 0.000110 0.001560 0.000426 0.003652 0.000596 0.000413 0.000740 0.004322 0.004820 0.000116 0.000059 0.000154 0.001706 0.000483 0.000679 0.000912 0.000121 0.214919 0.003113 0.056314 0.000168 0.000718 0.000402 0.001370 0.000658 0.003510 0.003389 0.006195 0.012854 0.000747
0.728644 0.000187 0.000066 0.001786 0.000248 0.002908 0.000344 0.000177 0.000378 0.001673 0.002952 0.000041 0.000053 0.000091 0.000644 0.000245 0.000267 0.000489 0.000040 0.210984 0.001269 0.032258 0.000129 0.000284 0.000246 0.001708 0.000500 0.001599 0.003184 0.002224 0.004115 0.000266
0.740448 0.000297 0.000055 0.003412 0.000251 0.001808 0.000465 0.000159 0.000300 0.001521 0.003504 0.000080 0.000025 0.000094 0.000923 0.000351 0.000619 0.000349 0.000051 0.207410 0.003525 0.018848 0.000149 0.000549 0.000470 0.001358 0.001373 0.002037 0.001909 0.003971 0.003304 0.000381
0.748824 0.000140 0.000037 0.001684 0.000086 0.001018 0.000315 0.000143 0.000218 0.001788 0.001387 0.000067 0.000025 0.000074 0.001043 0.000366 0.000566 0.000235 0.000051 0.202544 0.003568 0.021495 0.000092 0.000442 0.000428 0.001065 0.001116 0.002151 0.001454 0.005272 0.001932 0.000375
0.181558 0.006860 0.003010 0.045468 0.020101 0.025389 0.008444 0.007712 0.009681 0.025867 0.020276 0.004319 0.002144 0.004960 0.016230 0.010796 0.020041 0.012725 0.004783 0.199192 0.023795 0.119861 0.014328 0.009156 0.006758 0.019686 0.009206 0.034180 0.018007 0.040025 0.064478 0.010963
0.501052 0.003284 0.001491 0.020486 0.024463 0.020861 0.001277 0.002061 0.009138 0.015663 0.097381 0.000970 0.001012 0.001282 0.003879 0.000889 0.003113 0.001496 0.000729 0.188889 0.005014 0.028248 0.005550 0.006862 0.001370 0.003011 0.011202 0.005432 0.005046 0.010467 0.015313 0.003070
0.758126 0.000231 0.000088 0.005199 0.000273 0.004031 0.000445 0.000177 0.000310 0.001972 0.002505 0.000079 0.000031 0.000115 0.000602 0.000328 0.000321 0.000787 0.000050 0.184265 0.002057 0.025525 0.000103 0.000241 0.000313 0.001319 0.000503 0.001368 0.001428 0.003113 0.003845 0.000250
0.790597 0.000101 0.000016 0.001727 0.000074 0.000855 0.000172 0.000055 0.000115 0.000674 0.001909 0.000026 0.000008 0.000032 0.000439 0.000141 0.000276 0.000131 0.000018 0.180529 0.001878 0.012403 0.000046 0.000220 0.000226 0.000632 0.000743 0.001048 0.000885 0.002224 0.001630 0.000170
0.763251 0.000227 0.000038 0.002558 0.000172 0.001441 0.000352 0.000130 0.000223 0.001520 0.001942 0.000060 0.000024 0.000066 0.001209 0.000416 0.000602 0.000320 0.000066 0.180521 0.004433 0.024410 0.000092 0.000469 0.000390 0.001216 0.001283 0.002342 0.002052 0.004855 0.002913 0.000407
0.784636 0.000070 0.000020 0.001294 0.000048 0.000832 0.000157 0.000067 0.000112 0.000963 0.000707 0.000026 0.000012 0.000037 0.000590 0.000166 0.000269 0.000148 0.000024 0.180411 0.002211 0.018944 0.000035 0.000198 0.000223 0.000582 0.000472 0.001215 0.000810 0.003221 0.001308 0.000189
0.779011 0.000163 0.000027 0.001972 0.000090 0.001243 0.000260 0.000103 0.000177 0.001119 0.001964 0.000044 0.000018 0.000060 0.000777 0.000264 0.000405 0.000218 0.000037 0.179871 0.002619 0.018000 0.000076 0.000357 0.000360 0.000981 0.001037 0.001648 0.001457 0.003336 0.002013 0.000295
0.747875 0.000473 0.000129 0.004499 0.000422 0.002460 0.000722 0.000307 0.000665 0.002469 0.007563 0.000168 0.000037 0.000172 0.001903 0.000717 0.001107 0.000518 0.000109 0.178214 0.004194 0.021948 0.000246 0.000830 0.000757 0.002035 0.002389 0.002625 0.002883 0.005656 0.005206 0.000701
0.678638 0.000450 0.000190 0.013428 0.001038 0.015393 0.000695 0.000369 0.001077 0.003084 0.008213 0.000121 0.000109 0.000280 0.001335 0.000343 0.000557 0.002657 0.000179 0.177903 0.002259 0.066847 0.000268 0.000462 0.000488 0.000801 0.000357 0.001877 0.001345 0.005677 0.012807 0.000757
0.797889 0.000027 0.000008 0.000794 0.000023 0.000937 0.000040 0.000025 0.000042 0.000374 0.000531 0.000004 0.000006 0.000013 0.000187 0.000039 0.000060 0.000087 0.000007 0.177867 0.000821 0.016459 0.000012 0.000050 0.000071 0.000307 0.000138 0.000419 0.000611 0.001172 0.000927 0.000051
0.744936 0.000601 0.000175 0.005056 0.000551 0.003232 0.001144 0.000436 0.000867 0.003183 0.005552 0.000257 0.000062 0.000237 0.001459 0.001112 0.001219 0.000767 0.000128 0.177806 0.004404 0.018049 0.000423 0.001439 0.000915 0.003007 0.003036 0.003918 0.003714 0.005803 0.005609 0.000899
0.777299 0.000249 0.000034 0.003675 0.000299 0.001311 0.000343 0.000105 0.000238 0.001253 0.003565 0.000054 0.000016 0.000057 0.000940 0.000230 0.000581 0.000263 0.000044 0.174368 0.003521 0.017576 0.000111 0.000433 0.000316 0.001055 0.001119 0.001660 0.001405 0.003966 0.003594 0.000320
0.787875 0.000185 0.000030 0.002361 0.000113 0.001448 0.000284 0.000096 0.000176 0.001084 0.002140 0.000046 0.000019 0.000057 0.000812 0.000280 0.000442 0.000240 0.000039 0.169731 0.002863 0.018071 0.000070 0.000343 0.000351 0.001002 0.001017 0.001656 0.001497 0.003119 0.002260 0.000292
0.794779 0.000246 0.000061 0.002829 0.000191 0.001841 0.000467 0.000154 0.000340 0.001320 0.003199 0.000085 0.000020 0.000078 0.000642 0.000455 0.000496 0.000330 0.000045 0.161665 0.002598 0.014414 0.000117 0.000568 0.000408 0.001310 0.001386 0.001766 0.001707 0.003237 0.002879 0.000366
0.806793 0.000131 0.000021 0.001595 0.000071 0.001065 0.000210 0.000073 0.000142 0.000821 0.002046 0.000032 0.000012 0.000045 0.000550 0.000196 0.000314 0.000156 0.000024 0.161074 0.001954 0.013545 0.000051 0.000268 0.000287 0.000858 0.000896 0.001246 0.001214 0.002349 0.001752 0.000206
0.804435 0.000170 0.000051 0.002268 0.000141 0.001212 0.000329 0.000123 0.000296 0.001256 0.002514 0.000071 0.000014 0.000064 0.000610 0.000346 0.000438 0.000238 0.000033 0.159982 0.002086 0.013269 0.000086 0.000455 0.000348 0.000755 0.001027 0.001222 0.001058 0.002862 0.001962 0.000280
0.794377 0.000139 0.000059 0.000720 0.000178 0.001879 0.000222 0.000147 0.000249 0.001626 0.003142 0.000026 0.000031 0.000066 0.000771 0.000152 0.000204 0.000268 0.000033 0.157110 0.001076 0.025185 0.000062 0.000259 0.000227 0.001028 0.000378 0.001055 0.003098 0.002078 0.003921 0.000235
0.799429 0.000343 0.000096 0.003746 0.000334 0.001718 0.000652 0.000266 0.000593 0.002343 0.004627 0.000151 0.000028 0.000134 0.001098 0.000651 0.000856 0.000443 0.000074 0.147475 0.003054 0.014544 0.000213 0.000852 0.000592 0.001376 0.001895 0.001978 0.001893 0.004431 0.003568 0.000547
0.820981 0.000147 0.000022 0.001877 0.000084 0.001272 0.000192 0.000080 0.000156 0.000793 0.002415 0.000029 0.000015 0.000052 0.000628 0.000163 0.000324 0.000182 0.000029 0.143486 0.002183 0.014745 0.000058 0.000248 0.000309 0.000937 0.000962 0.001200 0.001367 0.002728 0.002110 0.000226
0.324271 0.004702 0.014124 0.011847 0.017520 0.015974 0.008494 0.005371 0.003263 0.038046 0.021802 0.004299 0.003604 0.006870 0.075389 0.003273 0.022035 0.003778 0.005397 0.138946 0.028250 0.058520 0.004067 0.013726 0.010670 0.009798 0.006326 0.026372 0.022487 0.047175 0.036067 0.007541
0.680308 0.002432 0.001097 0.021558 0.005984 0.019034 0.001724 0.001227 0.003996 0.005162 0.043930 0.000631 0.000278 0.000744 0.002256 0.001182 0.002162 0.001558 0.000357 0.135487 0.004097 0.019392 0.001937 0.002771 0.001509 0.004380 0.007577 0.004125 0.005816 0.005852 0.009721 0.001714
0.399041 0.001655 0.003352 0.008012 0.014764 0.010474 0.002221 0.001032 0.001404 0.062930 0.014977 0.001115 0.001045 0.002620 0.032509 0.001484 0.015500 0.001436 0.003576 0.133581 0.026769 0.107835 0.001911 0.006268 0.003043 0.003753 0.004610 0.026264 0.012186 0.043466 0.046678 0.004492
0.865085 0.000004 0.000002 0.000355 0.000004 0.000510 0.000016 0.000003 0.000005 0.000065 0.000162 0.000001 0.000001 0.000002 0.000025 0.000011 0.000008 0.000012 0.000001 0.129500 0.000123 0.003330 0.000002 0.000017 0.000016 0.000112 0.000056 0.000141 0.000157 0.000146 0.000120 0.000009
0.845847 0.000058 0.000021 0.001106 0.000054 0.000987 0.000089 0.000047 0.000077 0.000566 0.000858 0.000013 0.000013 0.000029 0.000292 0.000070 0.000126 0.000148 0.000012 0.128538 0.001056 0.014277 0.000022 0.000084 0.000112 0.000463 0.000278 0.000573 0.000960 0.001512 0.001634 0.000078
0.847190 0.000073 0.000027 0.001425 0.000104 0.002451 0.000109 0.000057 0.000112 0.000544 0.001777 0.000009 0.000014 0.000032 0.000303 0.000066 0.000082 0.000158 0.000013 0.120803 0.000614 0.017711 0.000033 0.000093 0.000118 0.000784 0.000211 0.000513 0.001426 0.001004 0.002048 0.000096
0.867850 0.000023 0.000012 0.000954 0.000022 0.001901 0.000058 0.000015 0.000029 0.000204 0.000557 0.000005 0.000005 0.000010 0.000080 0.000034 0.000032 0.000050 0.000003 0.119066 0.000281 0.006663 0.000010 0.000056 0.000063 0.000305 0.000147 0.000311 0.000427 0.000352 0.000441 0.000035
0.844720 0.000214 0.000070 0.002616 0.000178 0.001979 0.000369 0.000148 0.000231 0.001151 0.002251 0.000058 0.000032 0.000096 0.000855 0.000321 0.000464 0.000304 0.000049 0.115900 0.002214 0.013225 0.000111 0.000361 0.000388 0.001303 0.001113 0.001466 0.002364 0.002871 0.002306 0.000271
0.840800 0.000215 0.000074 0.004184 0.000546 0.001360 0.000366 0.000173 0.000450 0.001563 0.005085 0.000084 0.000029 0.000087 0.001068 0.000299 0.000676 0.000323 0.000066 0.110977 0.003084 0.013177 0.000155 0.000641 0.000421 0.001168 0.001817 0.001507 0.001353 0.003837 0.003967 0.000444
0.859769 0.000156 0.000026 0.001931 0.000096 0.001536 0.000206 0.000073 0.000148 0.000628 0.003193 0.000028 0.000013 0.000048 0.000463 0.000156 0.000270 0.000165 0.000023 0.110602 0.001550 0.010061 0.000053 0.000215 0.000288 0.000920 0.000925 0.000969 0.001301 0.001771 0.002238 0.000179
0.842645 0.000291 0.000173 0.004492 0.000764 0.007030 0.000333 0.000190 0.000526 0.001392 0.005798 0.000066 0.000026 0.000108 0.000448 0.000211 0.000322 0.000599 0.000032 0.108684 0.001026 0.014111 0.000169 0.000137 0.000214 0.001367 0.000506 0.001017 0.001648 0.001577 0.003904 0.000189
0.840461 0.000236 0.000082 0.004570 0.000583 0.001569 0.000400 0.000183 0.000487 0.001661 0.004827 0.000088 0.000033 0.000092 0.001091 0.000344 0.000694 0.000377 0.000076 0.107834 0.003366 0.014759 0.000167 0.000706 0.000430 0.001244 0.001833 0.001617 0.001506 0.004052 0.004157 0.000477
0.729054 0.002738 0.000497 0.015357 0.007071 0.008983 0.001517 0.000954 0.003367 0.005758 0.048112 0.000527 0.000174 0.000519 0.003198 0.001121 0.001788 0.001138 0.000326 0.103908 0.004563 0.018108 0.000826 0.002483 0.001084 0.003423 0.004247 0.003614 0.004737 0.006273 0.013158 0.001376
0.570235 0.000786 0.000286 0.002176 0.009957 0.000390 0.000942 0.001703 0.004798 0.083801 0.014302 0.001208 0.000935 0.000534 0.009235 0.001523 0.012148 0.002014 0.001496 0.100621 0.009539 0.092065 0.004335 0.021615 0.000744 0.000803 0.008200 0.010826 0.002654 0.016345 0.004640 0.009145
0.168971 0.005669 0.002303 0.106762 0.010658 0.060134 0.008155 0.005682 0.009138 0.017002 0.039068 0.002806 0.004004 0.007197 0.010325 0.007390 0.010178 0.013246 0.005573 0.152617 0.022362 0.142358 0.011495 0.010337 0.008484 0.009615 0.008339 0.018437 0.011670 0.034219 0.061245 0.014562
0.538541 0.001470 0.006722 0.030363 0.024998 0.020726 0.003700 0.003150 0.002573 0.015835 0.030494 0.007488 0.003225 0.002460 0.013509 0.000661 0.010798 0.002364 0.001321 0.045692 0.010095 0.137398 0.001284 0.016679 0.004805 0.003763 0.007648 0.014784 0.003501 0.015836 0.011909 0.006208
0.629770 0.002326 0.000380 0.003354 0.001395 0.000236 0.006143 0.001305 0.012668 0.044984 0.000390 0.001492 0.000201 0.001525 0.006516 0.003208 0.006104 0.001675 0.002068 0.081124 0.010833 0.131328 0.003243 0.000944 0.004018 0.003400 0.000381 0.010321 0.000316 0.019501 0.005691 0.003161
0.265615 0.002248 0.001056 0.059003 0.004145 0.057193 0.004964 0.004617 0.003976 0.031884 0.022973 0.002368 0.001288 0.002917 0.007027 0.004820 0.005267 0.012432 0.003334 0.243245 0.012159 0.125642 0.010159 0.007634 0.003657 0.002962 0.002737 0.012766 0.006416 0.019857 0.047614 0.008024
0.181558 0.006860 0.003010 0.045468 0.020101 0.025389 0.008444 0.007712 0.009681 0.025867 0.020276 0.004319 0.002144 0.004960 0.016230 0.010796 0.020041 0.012725 0.004783 0.199192 0.023795 0.119861 0.014328 0.009156 0.006758 0.019686 0.009206 0.034180 0.018007 0.040025 0.064478 0.010963
0.489151 0.000832 0.000380 0.024492 0.002564 0.019683 0.001497 0.000744 0.001204 0.004754 0.013338 0.000243 0.000360 0.000424 0.002945 0.000783 0.001216 0.003471 0.000441 0.263798 0.004711 0.108751 0.000674 0.000743 0.001030 0.004082 0.000870 0.004506 0.005526 0.009927 0.025623 0.001238
0.399041 0.001655 0.003352 0.008012 0.014764 0.010474 0.002221 0.001032 0.001404 0.062930 0.014977 0.001115 0.001045 0.002620 0.032509 0.001484 0.015500 0.001436 0.003576 0.133581 0.026769 0.107835 0.001911 0.006268 0.003043 0.003753 0.004610 0.026264 0.012186 0.043466 0.046678 0.004492
0.268505 0.001724 0.000876 0.039393 0.003924 0.023125 0.003793 0.002704 0.003839 0.015437 0.012392 0.001246 0.001102 0.001853 0.008997 0.003532 0.004354 0.005626 0.001394 0.390828 0.010969 0.106433 0.003668 0.004797 0.004033 0.004787 0.003465 0.015595 0.006402 0.019860 0.019599 0.005749
0.791626 0.000516 0.000928 0.008946 0.001015 0.001425 0.000705 0.001276 0.003490 0.005326 0.008667 0.001578 0.000445 0.000643 0.004129 0.000465 0.004152 0.001117 0.001273 0.022933 0.004872 0.100688 0.000362 0.004515 0.001934 0.000415 0.003114 0.005507 0.000442 0.008314 0.005555 0.003627
0.550743 0.072428 0.000254 0.013367 0.005263 0.002676 0.099068 0.005527 0.007383 0.005091 0.011672 0.016233 0.000078 0.001010 0.000426 0.009186 0.002831 0.009093 0.001684 0.010303 0.002938 0.010508 0.123059 0.001744 0.000547 0.010105 0.002734 0.005015 0.003362 0.002842 0.010908 0.001923
