0.354828 0.366988 0.000018 0.001055 0.000013 0.000125 0.000258 0.000041 0.000137 0.000475 0.000984 0.000011 0.001861 0.053869 0.000106 0.000049 0.000084 0.001369 0.000437 0.000231 0.000150 0.003142 0.000039 0.000039 0.208227 0.000205 0.000174 0.000198 0.000081 0.000685 0.003971 0.000149
0.070822 0.306097 0.041937 0.012533 0.001608 0.016014 0.003450 0.000447 0.003460 0.001801 0.002423 0.000388 0.029388 0.397358 0.001381 0.001409 0.001343 0.020353 0.001248 0.000794 0.001896 0.007441 0.000438 0.000826 0.039332 0.009725 0.002009 0.011402 0.002158 0.001353 0.007865 0.001303
0.632772 0.285203 0.000025 0.000212 0.000108 0.000049 0.000691 0.000081 0.029866 0.036944 0.000311 0.000204 0.000112 0.003336 0.000125 0.000285 0.000127 0.007222 0.000064 0.000338 0.000023 0.000563 0.000029 0.000164 0.000498 0.000054 0.000019 0.000236 0.000027 0.000090 0.000101 0.000119
0.003281 0.000000 0.996681 0.000000 0.000026 0.000001 0.000000 0.000000 0.000001 0.000000 0.000000 0.000000 0.000000 0.000004 0.000002 0.000000 0.000001 0.000000 0.000000 0.000000 0.000000 0.000000 0.000000 0.000000 0.000000 0.000000 0.000000 0.000000 0.000000 0.000000 0.000000 0.000000
0.348194 0.017643 0.416444 0.010044 0.016253 0.041044 0.001143 0.000394 0.002841 0.001541 0.004649 0.000379 0.020419 0.052953 0.001617 0.000778 0.003285 0.012075 0.001615 0.000914 0.002889 0.003290 0.000630 0.000980 0.007931 0.003664 0.003850 0.010967 0.002117 0.001107 0.007248 0.001103
0.802644 0.000068 0.179460 0.000537 0.001875 0.000203 0.000062 0.000040 0.000672 0.000353 0.000052 0.000035 0.000013 0.000528 0.008253 0.000048 0.002224 0.000025 0.000025 0.000540 0.000317 0.000290 0.000010 0.000028 0.000586 0.000209 0.000045 0.000342 0.000054 0.000114 0.000271 0.000076
0.585634 0.017011 0.000299 0.003552 0.000355 0.000566 0.127979 0.002173 0.003967 0.074131 0.000506 0.004506 0.000065 0.003193 0.000542 0.028193 0.003168 0.073835 0.001188 0.013660 0.005947 0.014893 0.005729 0.001242 0.000603 0.006977 0.000425 0.011119 0.000817 0.003471 0.002262 0.001993
0.027210 0.000002 0.000000 0.000002 0.000000 0.000000 0.000023 0.000002 0.000014 0.971006 0.000000 0.000005 0.000000 0.000001 0.000014 0.000125 0.000007 0.000033 0.000003 0.001278 0.000019 0.000135 0.000003 0.000004 0.000001 0.000001 0.000000 0.000057 0.000000 0.000047 0.000000 0.000008
0.031868 0.000001 0.000000 0.000000 0.000000 0.000000 0.000002 0.000001 0.000002 0.965633 0.000000 0.000000 0.000000 0.000001 0.000033 0.000018 0.000005 0.000082 0.000001 0.002002 0.000016 0.000195 0.000000 0.000001 0.000002 0.000000 0.000000 0.000078 0.000000 0.000052 0.000001 0.000006
0.100887 0.000003 0.000000 0.000002 0.000001 0.000001 0.000019 0.000004 0.000031 0.890866 0.000001 0.000002 0.000000 0.000004 0.000093 0.000066 0.000031 0.000531 0.000005 0.005924 0.000172 0.000876 0.000002 0.000011 0.000006 0.000005 0.000001 0.000162 0.000003 0.000257 0.000009 0.000024
0.131644 0.000092 0.000005 0.000011 0.000004 0.000002 0.001226 0.000232 0.000216 0.839872 0.000003 0.003583 0.000001 0.000018 0.000161 0.002406 0.003563 0.000074 0.000863 0.007941 0.001645 0.002173 0.000034 0.000136 0.000055 0.000026 0.000011 0.001980 0.000004 0.001852 0.000033 0.000135
0.160129 0.000055 0.000000 0.000010 0.000001 0.000000 0.000659 0.000013 0.000042 0.835160 0.000001 0.000026 0.000000 0.000001 0.000015 0.001729 0.000025 0.000131 0.000004 0.001520 0.000041 0.000153 0.000022 0.000011 0.000001 0.000025 0.000001 0.000129 0.000002 0.000077 0.000002 0.000016
0.209096 0.000079 0.000000 0.000133 0.000006 0.000002 0.000111 0.000023 0.000026 0.778629 0.000008 0.000011 0.000000 0.000019 0.000135 0.000435 0.000035 0.000838 0.000048 0.006685 0.000071 0.002488 0.000057 0.000090 0.000022 0.000020 0.000004 0.000552 0.000011 0.000234 0.000009 0.000124
0.187478 0.000208 0.000016 0.000167 0.000047 0.000041 0.000217 0.000093 0.000354 0.767110 0.000063 0.000061 0.000015 0.000194 0.001357 0.000244 0.000164 0.001157 0.000145 0.023639 0.000401 0.013103 0.000068 0.000572 0.000186 0.000051 0.000017 0.001290 0.000051 0.001044 0.000064 0.000382
0.171668 0.001512 0.000239 0.002967 0.000598 0.000663 0.003015 0.001692 0.002202 0.618277 0.000716 0.000601 0.000327 0.001706 0.004663 0.015137 0.002424 0.027361 0.003478 0.046955 0.006965 0.048248 0.001699 0.003454 0.001460 0.001105 0.000941 0.009885 0.001184 0.008315 0.001577 0.008966
0.350896 0.000005 0.000001 0.000038 0.000005 0.000011 0.000057 0.000022 0.000078 0.610447 0.000004 0.000014 0.000002 0.000009 0.000243 0.000089 0.000090 0.000527 0.000016 0.026343 0.000429 0.008940 0.000048 0.000165 0.000015 0.000029 0.000005 0.000759 0.000012 0.000559 0.000032 0.000108
0.407475 0.000012 0.000001 0.000017 0.000003 0.000010 0.000019 0.000008 0.000120 0.563098 0.000014 0.000003 0.000003 0.000021 0.000310 0.000014 0.000040 0.000345 0.000006 0.021959 0.000143 0.005600 0.000004 0.000064 0.000025 0.000004 0.000003 0.000104 0.000007 0.000502 0.000014 0.000055
0.344115 0.000006 0.000001 0.000014 0.000002 0.000005 0.000023 0.000012 0.000341 0.526928 0.000012 0.000002 0.000003 0.000019 0.000185 0.000009 0.000033 0.000697 0.000012 0.116554 0.000129 0.010270 0.000004 0.000029 0.000026 0.000007 0.000002 0.000076 0.000007 0.000404 0.000011 0.000062
0.502025 0.000002 0.000001 0.000025 0.000001 0.000002 0.000021 0.000005 0.000058 0.488471 0.000003 0.000007 0.000000 0.000003 0.000450 0.000067 0.000146 0.000032 0.000006 0.005923 0.000453 0.001275 0.000002 0.000035 0.000005 0.000003 0.000002 0.000146 0.000001 0.000785 0.000005 0.000038
0.353914 0.000310 0.000088 0.002288 0.000159 0.000311 0.000742 0.000836 0.002809 0.446025 0.000544 0.000158 0.000173 0.000480 0.002897 0.001349 0.000954 0.008403 0.000491 0.085463 0.003019 0.073763 0.000369 0.002187 0.000506 0.000279 0.000336 0.002817 0.000550 0.004412 0.000421 0.002948
0.530524 0.000011 0.000004 0.000036 0.000009 0.000002 0.000038 0.000014 0.000165 0.439888 0.000007 0.000014 0.000001 0.000021 0.001413 0.000231 0.005887 0.000040 0.000015 0.010927 0.000674 0.003080 0.000002 0.000710 0.000018 0.000003 0.000002 0.000408 0.000003 0.005666 0.000012 0.000176
0.539044 0.013851 0.000144 0.000619 0.000269 0.000049 0.000791 0.000192 0.000453 0.405792 0.000086 0.000326 0.000034 0.005835 0.014699 0.001087 0.000422 0.001123 0.000342 0.001848 0.000174 0.002180 0.000413 0.000693 0.001851 0.000091 0.000027 0.005789 0.000094 0.001051 0.000085 0.000547
0.582149 0.004417 0.000001 0.000007 0.000012 0.000001 0.000170 0.000054 0.002680 0.397095 0.000047 0.000144 0.000000 0.000047 0.000287 0.000532 0.000320 0.000214 0.000048 0.006826 0.000347 0.001826 0.000006 0.000070 0.000049 0.000015 0.000009 0.001434 0.000011 0.000945 0.000061 0.000175
0.522404 0.000112 0.000020 0.000406 0.000045 0.000089 0.000212 0.000147 0.000950 0.382490 0.000150 0.000054 0.000031 0.000128 0.001441 0.000160 0.000374 0.001606 0.000087 0.060247 0.001176 0.023633 0.000057 0.000387 0.000172 0.000079 0.000053 0.000585 0.000106 0.002025 0.000133 0.000442
0.617491 0.000007 0.000001 0.000005 0.000005 0.000001 0.000028 0.000015 0.000166 0.347915 0.000014 0.000015 0.000000 0.000006 0.000645 0.000163 0.000269 0.000038 0.000011 0.027960 0.000721 0.001605 0.000003 0.000592 0.000016 0.000003 0.000005 0.000512 0.000006 0.001651 0.000014 0.000116
0.372219 0.000005 0.000001 0.000028 0.000001 0.000012 0.000022 0.000010 0.000094 0.343512 0.000016 0.000003 0.000012 0.000020 0.000143 0.000009 0.000031 0.000412 0.000015 0.255687 0.000183 0.026731 0.000010 0.000048 0.000048 0.000006 0.000004 0.000121 0.000007 0.000458 0.000016 0.000118
0.586116 0.000024 0.000001 0.000089 0.000007 0.000020 0.000226 0.000091 0.000112 0.330686 0.000016 0.000040 0.000002 0.000017 0.000488 0.000145 0.000117 0.001776 0.000040 0.060538 0.000792 0.013892 0.000771 0.000267 0.000030 0.000289 0.000015 0.001895 0.000036 0.001170 0.000158 0.000133
0.400152 0.000858 0.000416 0.005267 0.000434 0.001358 0.001185 0.001501 0.004755 0.321897 0.001476 0.000423 0.000707 0.001059 0.005842 0.002405 0.001846 0.012376 0.001374 0.080212 0.006867 0.118227 0.000660 0.003247 0.001237 0.000670 0.001048 0.005707 0.001292 0.008079 0.001230 0.006194
0.609215 0.000128 0.000007 0.000523 0.000066 0.000063 0.001097 0.000224 0.000367 0.317927 0.000031 0.000157 0.000011 0.000087 0.001215 0.000469 0.000384 0.006107 0.000133 0.034148 0.001317 0.012733 0.002099 0.001061 0.000077 0.001496 0.000035 0.005908 0.000127 0.002021 0.000417 0.000349
0.606971 0.000041 0.000000 0.000085 0.000003 0.000007 0.000794 0.000064 0.000160 0.310038 0.000025 0.000087 0.000001 0.000036 0.000056 0.003108 0.000205 0.004460 0.000259 0.023703 0.000932 0.045391 0.000030 0.000101 0.000012 0.000072 0.000016 0.001192 0.000015 0.001381 0.000099 0.000656
0.679918 0.000008 0.000001 0.000013 0.000003 0.000005 0.000034 0.000012 0.000132 0.302109 0.000007 0.000007 0.000001 0.000008 0.000210 0.000080 0.000067 0.000360 0.000008 0.011785 0.000227 0.004258 0.000003 0.000130 0.000009 0.000008 0.000004 0.000206 0.000007 0.000309 0.000017 0.000053
0.673145 0.000004 0.000001 0.000025 0.000002 0.000005 0.000030 0.000012 0.000318 0.257062 0.000018 0.000004 0.000001 0.000007 0.000219 0.000039 0.000050 0.000409 0.000012 0.055471 0.000333 0.011720 0.000003 0.000038 0.000025 0.000009 0.000007 0.000199 0.000008 0.000658 0.000028 0.000138
0.735211 0.005679 0.000000 0.000002 0.000001 0.000000 0.000886 0.000011 0.010824 0.244432 0.000001 0.000068 0.000000 0.000014 0.000012 0.000825 0.000043 0.000468 0.000005 0.000974 0.000025 0.000257 0.000001 0.000004 0.000009 0.000012 0.000000 0.000154 0.000001 0.000054 0.000012 0.000013
0.596925 0.000070 0.000008 0.000247 0.000022 0.000047 0.000262 0.000104 0.001155 0.238159 0.000115 0.000051 0.000034 0.000099 0.000799 0.000365 0.000291 0.003591 0.000148 0.093458 0.001305 0.055395 0.000053 0.000508 0.000212 0.000096 0.000091 0.002511 0.000062 0.002308 0.000283 0.001224
0.730755 0.000011 0.000003 0.000073 0.000005 0.000057 0.000022 0.000015 0.000287 0.235493 0.000031 0.000007 0.000009 0.000026 0.000330 0.000028 0.000183 0.000294 0.000012 0.021803 0.000286 0.009078 0.000006 0.000110 0.000036 0.000006 0.000011 0.000191 0.000011 0.000681 0.000025 0.000117
0.759943 0.000000 0.000000 0.000008 0.000000 0.000000 0.000001 0.000000 0.000019 0.234878 0.000000 0.000000 0.000000 0.000000 0.000037 0.000001 0.000010 0.000024 0.000000 0.004661 0.000039 0.000241 0.000000 0.000003 0.000001 0.000000 0.000000 0.000012 0.000000 0.000111 0.000001 0.000006
0.680897 0.001818 0.000041 0.003144 0.000306 0.000279 0.000896 0.000360 0.000437 0.232872 0.000748 0.000334 0.000110 0.000709 0.002700 0.001038 0.000719 0.004491 0.000663 0.032863 0.001337 0.018282 0.001308 0.001105 0.001115 0.000408 0.000215 0.004547 0.000507 0.003584 0.000672 0.001494
0.757633 0.000022 0.000003 0.000034 0.000008 0.000004 0.000102 0.000020 0.000255 0.232614 0.000010 0.000051 0.000000 0.000009 0.000615 0.000231 0.000556 0.000040 0.000009 0.004928 0.000541 0.000738 0.000008 0.000071 0.000012 0.000011 0.000009 0.000332 0.000005 0.001055 0.000012 0.000064
0.769079 0.000092 0.000001 0.000003 0.000003 0.000001 0.000026 0.000011 0.000132 0.220740 0.000016 0.000022 0.000000 0.000009 0.000538 0.000077 0.000234 0.000065 0.000005 0.006471 0.000499 0.000417 0.000001 0.000049 0.000012 0.000002 0.000004 0.000532 0.000003 0.000896 0.000009 0.000051
0.532318 0.001329 0.000214 0.002841 0.000733 0.000523 0.003168 0.000674 0.001575 0.217606 0.000589 0.001322 0.000159 0.001471 0.009821 0.001181 0.001714 0.002419 0.000659 0.144091 0.002294 0.035838 0.001420 0.002286 0.001783 0.001369 0.000182 0.019262 0.000572 0.006159 0.002483 0.001944
0.766160 0.000604 0.000005 0.000130 0.000006 0.000002 0.000279 0.000026 0.000177 0.212170 0.000034 0.000022 0.000004 0.000248 0.001294 0.000363 0.000213 0.001347 0.000109 0.003937 0.000192 0.005094 0.000042 0.000121 0.000370 0.000095 0.000029 0.005943 0.000021 0.000446 0.000065 0.000454
0.557701 0.000107 0.001222 0.000408 0.000940 0.001435 0.000549 0.000409 0.000710 0.206232 0.001135 0.000227 0.000209 0.000877 0.028688 0.000293 0.010810 0.001185 0.000818 0.097267 0.029142 0.016461 0.000063 0.001213 0.000993 0.000757 0.000311 0.002351 0.001233 0.032058 0.003118 0.001080
0.568199 0.008874 0.000127 0.001466 0.000218 0.000204 0.078122 0.001662 0.003694 0.192673 0.000439 0.008475 0.000027 0.001574 0.000960 0.032914 0.003925 0.013495 0.001328 0.029276 0.006485 0.014950 0.002611 0.000890 0.000485 0.003510 0.000478 0.013580 0.000481 0.005082 0.001538 0.002257
0.797469 0.000057 0.000001 0.000005 0.000006 0.000005 0.000030 0.000017 0.000173 0.185802 0.000050 0.000016 0.000000 0.000015 0.000733 0.000096 0.000461 0.000079 0.000009 0.011509 0.000795 0.000691 0.000002 0.000134 0.000015 0.000004 0.000011 0.000328 0.000010 0.001370 0.000025 0.000082
0.787014 0.002478 0.000008 0.000065 0.000030 0.000050 0.000103 0.000070 0.001300 0.183587 0.000494 0.000115 0.000003 0.000247 0.001209 0.000094 0.000408 0.000155 0.000030 0.006528 0.000136 0.013097 0.000003 0.000234 0.000123 0.000011 0.000020 0.000857 0.000022 0.001159 0.000144 0.000205
0.812376 0.000084 0.000003 0.000004 0.000003 0.000000 0.000056 0.000011 0.000834 0.179514 0.000009 0.000009 0.000000 0.000044 0.000228 0.000062 0.000398 0.000321 0.000005 0.004034 0.000202 0.000958 0.000001 0.000046 0.000025 0.000006 0.000001 0.000100 0.000003 0.000620 0.000013 0.000028
0.607078 0.000521 0.000485 0.000781 0.000841 0.000539 0.000461 0.000294 0.030008 0.175178 0.000611 0.000161 0.000152 0.000637 0.005669 0.000170 0.000805 0.001261 0.000320 0.119487 0.002029 0.041271 0.000092 0.001090 0.000714 0.000241 0.000080 0.002518 0.000345 0.004233 0.000879 0.001047
0.709199 0.000132 0.000059 0.000675 0.000068 0.000142 0.000177 0.000222 0.003497 0.168884 0.000325 0.000044 0.000095 0.000288 0.001754 0.000163 0.000521 0.004243 0.000110 0.063836 0.001228 0.038912 0.000038 0.000650 0.000217 0.000100 0.000142 0.000956 0.000207 0.002147 0.000193 0.000776
0.662948 0.000456 0.000027 0.000126 0.000020 0.000035 0.011106 0.001416 0.000892 0.165845 0.000062 0.017496 0.000002 0.000100 0.001038 0.019923 0.022396 0.000219 0.003877 0.018730 0.020560 0.018105 0.000127 0.000871 0.000417 0.000244 0.000150 0.009327 0.000028 0.021628 0.000824 0.001003
0.790665 0.000050 0.000014 0.000104 0.000058 0.000014 0.000360 0.000078 0.000183 0.156472 0.000036 0.000175 0.000001 0.000037 0.001888 0.000890 0.003195 0.000052 0.000083 0.027176 0.003296 0.004967 0.000046 0.000280 0.000068 0.000055 0.000041 0.002177 0.000017 0.007131 0.000100 0.000292
0.847726 0.000002 0.000001 0.000016 0.000001 0.000001 0.000005 0.000003 0.000030 0.138108 0.000002 0.000002 0.000000 0.000008 0.000334 0.000025 0.003012 0.000018 0.000002 0.006319 0.000333 0.001356 0.000000 0.000211 0.000005 0.000000 0.000001 0.000078 0.000001 0.002361 0.000003 0.000037
0.706502 0.000140 0.000079 0.001194 0.000086 0.000186 0.000214 0.000323 0.003036 0.134849 0.000459 0.000056 0.000160 0.000397 0.002195 0.000227 0.000638 0.005252 0.000166 0.073547 0.001679 0.060517 0.000058 0.001035 0.000305 0.000140 0.000264 0.001536 0.000337 0.002803 0.000291 0.001329
0.817024 0.000006 0.000001 0.000021 0.000002 0.000002 0.000042 0.000012 0.000308 0.134840 0.000019 0.000008 0.000001 0.000008 0.000374 0.000109 0.000083 0.000249 0.000019 0.035834 0.000647 0.008289 0.000005 0.000057 0.000035 0.000014 0.000010 0.000567 0.000006 0.001183 0.000054 0.000170
0.812353 0.000009 0.000001 0.000031 0.000002 0.000004 0.000059 0.000018 0.000419 0.134217 0.000029 0.000011 0.000001 0.000013 0.000400 0.000151 0.000098 0.000328 0.000030 0.040312 0.000795 0.008339 0.000007 0.000083 0.000049 0.000017 0.000014 0.000590 0.000008 0.001315 0.000073 0.000223
0.837549 0.000027 0.000010 0.000244 0.000025 0.000074 0.000063 0.000049 0.000530 0.120713 0.000064 0.000025 0.000020 0.000049 0.000606 0.000066 0.000305 0.000651 0.000036 0.028752 0.000495 0.006930 0.000020 0.000179 0.000082 0.000035 0.000031 0.000946 0.000029 0.001051 0.000096 0.000249
0.840098 0.000228 0.000209 0.000894 0.000954 0.000360 0.000177 0.000118 0.001214 0.114868 0.000725 0.000164 0.000022 0.000914 0.006969 0.000145 0.002082 0.000146 0.000117 0.005735 0.000462 0.014125 0.000025 0.002792 0.000223 0.000051 0.000041 0.001258 0.000148 0.003675 0.000394 0.000670
0.870764 0.000000 0.000000 0.000002 0.000000 0.000000 0.000004 0.000001 0.000021 0.113256 0.000000 0.000000 0.000000 0.000001 0.000098 0.000004 0.000107 0.000013 0.000000 0.013207 0.000173 0.001617 0.000000 0.000006 0.000004 0.000000 0.000000 0.000047 0.000000 0.000664 0.000001 0.000008
0.767622 0.000032 0.000507 0.000161 0.000106 0.000463 0.000162 0.000123 0.000473 0.112586 0.000362 0.000079 0.000122 0.000280 0.007842 0.000056 0.005610 0.000760 0.000116 0.056247 0.015980 0.012020 0.000020 0.000316 0.000368 0.000107 0.000207 0.000529 0.000240 0.015585 0.000540 0.000379
0.444931 0.009982 0.000652 0.001855 0.000306 0.001304 0.001272 0.001150 0.003450 0.109142 0.007397 0.000959 0.001202 0.010683 0.027291 0.002935 0.022593 0.005643 0.004399 0.039244 0.015688 0.168669 0.000604 0.003337 0.012026 0.002782 0.006248 0.035221 0.001539 0.030400 0.014814 0.012284
0.870623 0.000009 0.000005 0.000065 0.000010 0.000018 0.000040 0.000029 0.000374 0.106697 0.000022 0.000020 0.000003 0.000019 0.000599 0.000127 0.000304 0.000190 0.000012 0.014218 0.000524 0.004248 0.000007 0.000315 0.000026 0.000011 0.000014 0.000287 0.000015 0.000997 0.000032 0.000141
0.044966 0.166220 0.099919 0.004509 0.001434 0.051951 0.002718 0.000495 0.006233 0.001349 0.006425 0.000682 0.228091 0.273941 0.000522 0.001446 0.001212 0.036364 0.002972 0.000834 0.001933 0.004370 0.000387 0.001573 0.021732 0.008425 0.004253 0.011484 0.002841 0.001089 0.008034 0.001598
0.043091 0.298052 0.060214 0.006546 0.002029 0.028455 0.002326 0.000322 0.003134 0.001277 0.003313 0.000289 0.037244 0.417380 0.000889 0.000933 0.001077 0.018725 0.001288 0.000538 0.001407 0.007136 0.000231 0.000663 0.031858 0.009405 0.002324 0.007439 0.002084 0.000958 0.008342 0.001030
0.183599 0.206670 0.000280 0.005631 0.000220 0.000575 0.002055 0.000284 0.001859 0.012342 0.001250 0.000185 0.007085 0.218771 0.001207 0.001230 0.001276 0.015898 0.003949 0.000755 0.001173 0.036390 0.000393 0.001166 0.275290 0.000997 0.000266 0.004824 0.000372 0.004529 0.007059 0.002420
0.404249 0.000022 0.000094 0.000036 0.000451 0.000003 0.000021 0.000017 0.000012 0.001587 0.000010 0.000040 0.000000 0.000068 0.590412 0.000032 0.000479 0.000002 0.000012 0.000214 0.000113 0.000139 0.000012 0.000123 0.000056 0.000018 0.000007 0.001178 0.000012 0.000510 0.000021 0.000049
0.425755 0.000004 0.000008 0.000010 0.000045 0.000000 0.000006 0.000004 0.000003 0.000607 0.000002 0.000017 0.000000 0.000009 0.571891 0.000011 0.000302 0.000000 0.000002 0.000106 0.000037 0.000052 0.000002 0.000034 0.000009 0.000003 0.000001 0.000782 0.000001 0.000275 0.000006 0.000016
0.066598 0.000004 0.000959 0.000085 0.000354 0.000003 0.000024 0.000009 0.000009 0.000275 0.000010 0.000020 0.000001 0.000034 0.492745 0.000011 0.205809 0.000003 0.000011 0.000422 0.186738 0.000818 0.000004 0.000140 0.000026 0.000008 0.000041 0.000141 0.000021 0.044419 0.000188 0.000070
0.788266 0.000037 0.000561 0.000100 0.000693 0.000008 0.000076 0.000060 0.000049 0.001300 0.000063 0.000143 0.000001 0.000093 0.204543 0.000062 0.000859 0.000007 0.000016 0.000836 0.000306 0.000181 0.000032 0.000207 0.000094 0.000087 0.000063 0.000590 0.000041 0.000491 0.000045 0.000090
0.804552 0.000043 0.000231 0.000119 0.001151 0.000006 0.000061 0.000058 0.000055 0.003134 0.000075 0.000089 0.000002 0.000146 0.184231 0.000035 0.000648 0.000014 0.000020 0.002111 0.000301 0.000445 0.000024 0.000307 0.000175 0.000075 0.000063 0.000800 0.000048 0.000774 0.000063 0.000141
0.801797 0.000036 0.000362 0.000172 0.011406 0.000011 0.000056 0.000047 0.000042 0.006594 0.000033 0.000055 0.000001 0.000177 0.173658 0.000033 0.000307 0.000025 0.000039 0.001324 0.000137 0.000520 0.000027 0.000564 0.000163 0.000159 0.000015 0.001515 0.000069 0.000510 0.000064 0.000081
0.813253 0.000098 0.000784 0.000618 0.001267 0.000033 0.000130 0.000106 0.000074 0.003684 0.000195 0.000192 0.000011 0.000242 0.167886 0.000115 0.001728 0.000032 0.000067 0.001965 0.001126 0.001052 0.000065 0.000630 0.000339 0.000184 0.000222 0.001542 0.000154 0.001729 0.000164 0.000315
0.783468 0.000000 0.000072 0.000001 0.000019 0.000000 0.000004 0.000001 0.000002 0.000353 0.000000 0.000004 0.000000 0.000003 0.156482 0.000002 0.012291 0.000001 0.000000 0.001869 0.025096 0.000522 0.000000 0.000010 0.000003 0.000002 0.000002 0.000155 0.000002 0.019606 0.000025 0.000005
0.740734 0.000115 0.000092 0.000308 0.002678 0.000028 0.000145 0.000073 0.000058 0.081688 0.000041 0.000107 0.000004 0.000375 0.146694 0.000104 0.000524 0.000139 0.000174 0.007352 0.000600 0.004501 0.000059 0.000923 0.000359 0.000262 0.000023 0.008503 0.000134 0.002594 0.000338 0.000274
0.815953 0.000057 0.000521 0.000182 0.033423 0.000022 0.000080 0.000060 0.000086 0.006611 0.000042 0.000057 0.000003 0.000311 0.134891 0.000046 0.000339 0.000051 0.000069 0.001988 0.000168 0.000730 0.000049 0.000586 0.000286 0.000400 0.000017 0.002049 0.000202 0.000493 0.000133 0.000096
0.877372 0.000007 0.000765 0.000098 0.000781 0.000013 0.000029 0.000038 0.000044 0.001801 0.000043 0.000081 0.000001 0.000039 0.112776 0.000020 0.000401 0.000003 0.000012 0.004285 0.000148 0.000333 0.000028 0.000163 0.000067 0.000027 0.000010 0.000253 0.000018 0.000276 0.000020 0.000047
0.888155 0.000016 0.000418 0.000103 0.000476 0.000017 0.000062 0.000036 0.000050 0.000654 0.000068 0.000075 0.000001 0.000046 0.105877 0.000057 0.001000 0.000006 0.000012 0.000921 0.000359 0.000275 0.000016 0.000102 0.000063 0.000109 0.000058 0.000341 0.000045 0.000446 0.000067 0.000066
0.894505 0.000005 0.000057 0.000104 0.000150 0.000008 0.000012 0.000011 0.000012 0.000386 0.000032 0.000014 0.000001 0.000020 0.102035 0.000010 0.000726 0.000002 0.000006 0.000609 0.000139 0.000310 0.000004 0.000044 0.000059 0.000011 0.000011 0.000160 0.000006 0.000475 0.000036 0.000041
0.066598 0.000004 0.000959 0.000085 0.000354 0.000003 0.000024 0.000009 0.000009 0.000275 0.000010 0.000020 0.000001 0.000034 0.492745 0.000011 0.205809 0.000003 0.000011 0.000422 0.186738 0.000818 0.000004 0.000140 0.000026 0.000008 0.000041 0.000141 0.000021 0.044419 0.000188 0.000070
0.573754 0.032273 0.000081 0.001813 0.000098 0.000382 0.021011 0.000830 0.002819 0.026641 0.000893 0.000297 0.000288 0.009300 0.000113 0.007860 0.000692 0.265778 0.000813 0.005209 0.001274 0.034318 0.001484 0.000695 0.000706 0.001241 0.000362 0.004481 0.000391 0.001102 0.001056 0.001947
0.594139 0.043913 0.094248 0.003071 0.002067 0.005822 0.003379 0.000253 0.006944 0.002453 0.000937 0.000323 0.011452 0.094730 0.000518 0.000793 0.000448 0.110824 0.000880 0.000588 0.000370 0.001687 0.000410 0.000365 0.004349 0.006204 0.000553 0.004640 0.001115 0.000291 0.001568 0.000667
0.203014 0.000000 0.000000 0.000001 0.000000 0.000000 0.000000 0.000000 0.000001 0.001448 0.000000 0.000000 0.000000 0.000000 0.000021 0.000000 0.000008 0.000002 0.000000 0.788553 0.000045 0.006798 0.000000 0.000001 0.000005 0.000000 0.000000 0.000004 0.000000 0.000089 0.000005 0.000004
0.240336 0.000001 0.000004 0.000023 0.000001 0.000005 0.000004 0.000002 0.000016 0.000206 0.000011 0.000004 0.000008 0.000012 0.000332 0.000002 0.000256 0.000006 0.000004 0.749161 0.000487 0.008117 0.000004 0.000014 0.000160 0.000005 0.000018 0.000052 0.000002 0.000545 0.000152 0.000051
0.285023 0.000002 0.000001 0.000018 0.000001 0.000008 0.000014 0.000007 0.000070 0.136040 0.000007 0.000002 0.000006 0.000012 0.000117 0.000006 0.000033 0.000315 0.000008 0.545752 0.000209 0.031568 0.000006 0.000016 0.000045 0.000006 0.000003 0.000099 0.000004 0.000491 0.000022 0.000091
0.506079 0.000001 0.000005 0.000027 0.000001 0.000006 0.000003 0.000001 0.000014 0.000154 0.000010 0.000003 0.000005 0.000007 0.000265 0.000001 0.000194 0.000006 0.000002 0.477180 0.000363 0.014971 0.000003 0.000009 0.000110 0.000006 0.000017 0.000040 0.000002 0.000321 0.000166 0.000030
0.671981 0.000003 0.000037 0.000186 0.000008 0.000027 0.000017 0.000008 0.000055 0.000997 0.000029 0.000013 0.000031 0.000032 0.001323 0.000009 0.000672 0.000033 0.000014 0.306760 0.000733 0.015222 0.000011 0.000042 0.000201 0.000015 0.000041 0.000175 0.000007 0.000951 0.000219 0.000150
0.372219 0.000005 0.000001 0.000028 0.000001 0.000012 0.000022 0.000010 0.000094 0.343512 0.000016 0.000003 0.000012 0.000020 0.000143 0.000009 0.000031 0.000412 0.000015 0.255687 0.000183 0.026731 0.000010 0.000048 0.000048 0.000006 0.000004 0.000121 0.000007 0.000458 0.000016 0.000118
0.769865 0.000001 0.000021 0.000196 0.000004 0.000027 0.000009 0.000004 0.000025 0.000575 0.000014 0.000006 0.000025 0.000016 0.000935 0.000005 0.000452 0.000021 0.000008 0.212269 0.000543 0.013789 0.000006 0.000023 0.000110 0.000009 0.000028 0.000144 0.000004 0.000600 0.000174 0.000089
0.532318 0.001329 0.000214 0.002841 0.000733 0.000523 0.003168 0.000674 0.001575 0.217606 0.000589 0.001322 0.000159 0.001471 0.009821 0.001181 0.001714 0.002419 0.000659 0.144091 0.002294 0.035838 0.001420 0.002286 0.001783 0.001369 0.000182 0.019262 0.000572 0.006159 0.002483 0.001944
0.760829 0.000019 0.000164 0.001061 0.000049 0.000270 0.000083 0.000047 0.000193 0.002650 0.000279 0.000053 0.000124 0.000103 0.003005 0.000036 0.002031 0.000303 0.000105 0.141732 0.003686 0.075101 0.000056 0.000119 0.000437 0.000129 0.000434 0.000529 0.000083 0.003926 0.001684 0.000679
0.510483 0.003555 0.007472 0.006064 0.013970 0.010159 0.004650 0.003536 0.003834 0.037227 0.024356 0.002997 0.002472 0.004636 0.050743 0.002480 0.011637 0.002634 0.003734 0.137051 0.013578 0.035576 0.002442 0.010575 0.006391 0.005974 0.003517 0.016924 0.016710 0.024131 0.015866 0.004626
0.780802 0.000030 0.000037 0.000217 0.000026 0.000085 0.000102 0.000068 0.000495 0.053712 0.000100 0.000041 0.000030 0.000109 0.002223 0.000095 0.001039 0.000528 0.000079 0.123508 0.002077 0.028594 0.000022 0.000187 0.000255 0.000063 0.000076 0.000996 0.000060 0.003464 0.000357 0.000521
0.490154 0.000345 0.000162 0.001043 0.000558 0.002002 0.001142 0.000128 0.000295 0.005214 0.000505 0.000282 0.000157 0.000594 0.001373 0.000138 0.004739 0.003539 0.001067 0.120352 0.007638 0.129018 0.000082 0.000391 0.000974 0.002200 0.000471 0.025606 0.000334 0.008206 0.190274 0.001018
0.607078 0.000521 0.000485 0.000781 0.000841 0.000539 0.000461 0.000294 0.030008 0.175178 0.000611 0.000161 0.000152 0.000637 0.005669 0.000170 0.000805 0.001261 0.000320 0.119487 0.002029 0.041271 0.000092 0.001090 0.000714 0.000241 0.000080 0.002518 0.000345 0.004233 0.000879 0.001047
0.876869 0.000000 0.000008 0.000051 0.000002 0.000007 0.000004 0.000002 0.000015 0.000760 0.000007 0.000002 0.000005 0.000007 0.000665 0.000002 0.000196 0.000020 0.000003 0.113497 0.000304 0.006998 0.000002 0.000008 0.000036 0.000005 0.000012 0.000056 0.000002 0.000352 0.000067 0.000035
0.867819 0.000001 0.000023 0.000333 0.000009 0.000044 0.000008 0.000004 0.000027 0.000326 0.000021 0.000007 0.000017 0.000010 0.001229 0.000004 0.000444 0.000017 0.000007 0.112763 0.000671 0.015005 0.000007 0.000024 0.000080 0.000013 0.000051 0.000144 0.000006 0.000578 0.000226 0.000080
0.397693 0.000040 0.000005 0.000277 0.000036 0.000069 0.000367 0.000154 0.000199 0.446576 0.000042 0.000108 0.000013 0.000062 0.001472 0.000277 0.000367 0.002187 0.000105 0.107343 0.002540 0.030495 0.001065 0.000490 0.000103 0.000439 0.000061 0.003380 0.000123 0.002981 0.000438 0.000493
0.066598 0.000004 0.000959 0.000085 0.000354 0.000003 0.000024 0.000009 0.000009 0.000275 0.000010 0.000020 0.000001 0.000034 0.492745 0.000011 0.205809 0.000003 0.000011 0.000422 0.186738 0.000818 0.000004 0.000140 0.000026 0.000008 0.000041 0.000141 0.000021 0.044419 0.000188 0.000070
0.604815 0.000009 0.000006 0.000118 0.000015 0.000030 0.000021 0.000007 0.000037 0.000581 0.000024 0.000006 0.000011 0.000028 0.000599 0.000007 0.000301 0.000134 0.000018 0.016831 0.000883 0.373018 0.000011 0.000091 0.000095 0.000045 0.000083 0.000174 0.000021 0.001347 0.000484 0.000152
0.644587 0.006755 0.000115 0.001970 0.000217 0.000472 0.000951 0.000313 0.000610 0.016250 0.001146 0.000266 0.000282 0.004389 0.003522 0.000771 0.004333 0.022428 0.001792 0.010288 0.005239 0.192052 0.000329 0.000681 0.006258 0.003485 0.002604 0.007854 0.000743 0.015621 0.040870 0.002804
0.540451 0.004012 0.000195 0.001022 0.000070 0.000397 0.000666 0.000574 0.000848 0.047549 0.003698 0.000378 0.000758 0.006895 0.010589 0.001271 0.024394 0.004412 0.003184 0.033710 0.014421 0.187851 0.000352 0.001638 0.010433 0.002509 0.003257 0.041049 0.000666 0.022152 0.019638 0.010960
0.444931 0.009982 0.000652 0.001855 0.000306 0.001304 0.001272 0.001150 0.003450 0.109142 0.007397 0.000959 0.001202 0.010683 0.027291 0.002935 0.022593 0.005643 0.004399 0.039244 0.015688 0.168669 0.000604 0.003337 0.012026 0.002782 0.006248 0.035221 0.001539 0.030400 0.014814 0.012284
0.787199 0.000387 0.000008 0.005149 0.000032 0.000208 0.000378 0.000127 0.000347 0.006987 0.000177 0.000171 0.000097 0.000141 0.001174 0.001349 0.001511 0.001173 0.001426 0.013199 0.002960 0.162008 0.000109 0.000396 0.000144 0.000280 0.001173 0.003764 0.000136 0.003948 0.000348 0.003491
0.713795 0.000171 0.000062 0.000342 0.000093 0.000082 0.000160 0.000107 0.000087 0.013842 0.000362 0.000085 0.000123 0.000884 0.004181 0.000178 0.007412 0.007386 0.000413 0.015673 0.006249 0.129355 0.000096 0.000752 0.001116 0.001244 0.001523 0.011473 0.000250 0.051767 0.029128 0.001611
0.490154 0.000345 0.000162 0.001043 0.000558 0.002002 0.001142 0.000128 0.000295 0.005214 0.000505 0.000282 0.000157 0.000594 0.001373 0.000138 0.004739 0.003539 0.001067 0.120352 0.007638 0.129018 0.000082 0.000391 0.000974 0.002200 0.000471 0.025606 0.000334 0.008206 0.190274 0.001018
0.400152 0.000858 0.000416 0.005267 0.000434 0.001358 0.001185 0.001501 0.004755 0.321897 0.001476 0.000423 0.000707 0.001059 0.005842 0.002405 0.001846 0.012376 0.001374 0.080212 0.006867 0.118227 0.000660 0.003247 0.001237 0.000670 0.001048 0.005707 0.001292 0.008079 0.001230 0.006194
0.768369 0.000468 0.000007 0.000791 0.000027 0.000084 0.000798 0.000198 0.001281 0.060349 0.000226 0.000275 0.000036 0.000367 0.000432 0.002489 0.001505 0.012222 0.001178 0.019338 0.003526 0.114879 0.000061 0.000418 0.000084 0.000367 0.000259 0.002787 0.000146 0.004280 0.000443 0.002308
0.621492 0.004406 0.000034 0.000825 0.000098 0.000203 0.017904 0.000708 0.003540 0.058802 0.000919 0.000516 0.000038 0.001922 0.000296 0.014115 0.001123 0.114375 0.001323 0.031305 0.004300 0.107056 0.000432 0.000392 0.000258 0.001169 0.000680 0.002978 0.000294 0.003542 0.002097 0.002859
0.838385 0.001371 0.000047 0.003783 0.000157 0.000084 0.001375 0.000114 0.001079 0.021895 0.000070 0.000413 0.000142 0.002362 0.001043 0.000381 0.000764 0.002888 0.000127 0.007842 0.000497 0.100396 0.000346 0.001672 0.000544 0.000273 0.000096 0.009376 0.000085 0.001335 0.000406 0.000651
0.204852 0.114510 0.000033 0.000087 0.000015 0.000065 0.000165 0.000037 0.000234 0.000830 0.002937 0.000018 0.002090 0.056861 0.000126 0.000047 0.000119 0.001613 0.000520 0.000279 0.000250 0.001714 0.000016 0.000045 0.607584 0.000284 0.000132 0.000210 0.000048 0.000385 0.003713 0.000182
0.490154 0.000345 0.000162 0.001043 0.000558 0.002002 0.001142 0.000128 0.000295 0.005214 0.000505 0.000282 0.000157 0.000594 0.001373 0.000138 0.004739 0.003539 0.001067 0.120352 0.007638 0.129018 0.000082 0.000391 0.000974 0.002200 0.000471 0.025606 0.000334 0.008206 0.190274 0.001018
0.665741 0.001379 0.001594 0.002938 0.009136 0.005810 0.001281 0.000521 0.002376 0.003850 0.009659 0.000384 0.000658 0.002449 0.004062 0.000240 0.001339 0.011012 0.001308 0.065482 0.009202 0.066274 0.000125 0.000880 0.002700 0.006432 0.002470 0.006649 0.002155 0.006362 0.104001 0.001535
