cabinet 336 68 477 199 0.424618 0.387257
cabinet 235 10 422 177 0.209489 0.733465
cabinet 331 0 389 164 0.187843 0.718967
cabinet 364 39 557 401 0.164505 0.589406
cabinet 218 173 263 244 0.105188 0.442576
bed 15 127 229 323 0.998876 0.000956
chair 317 169 453 318 0.609575 0.272581
chair 310 173 360 299 0.25211 0.741709
chair 304 186 336 254 0.110022 0.886584
table 227 201 294 247 0.137244 0.408457
table 7 258 129 420 0.10498 0.607017
door 305 6 372 180 0.14544 0.644707
bookshelf 367 2 472 216 0.272479 0.530212
picture 403 0 432 30 0.265796 0.623992
picture 413 1 469 16 0.229949 0.373783
picture 420 187 446 196 0.183838 0.493487
picture 406 2 466 45 0.139884 0.776288
picture 1 375 22 415 0.103115 0.290090
blinds 236 8 325 154 0.88512 0.064236
blinds 301 16 330 151 0.365137 0.462562
blinds 272 4 395 180 0.137161 0.789846
desk 354 178 464 374 0.56682 0.303167
desk 1 237 85 366 0.11127 0.472564
dresser 354 155 458 397 0.143382 0.229925
dresser 204 168 303 243 0.122683 0.041716
pillow 112 144 182 169 0.286533 0.701555
pillow 144 148 169 156 0.15839 0.825106
pillow 382 343 430 395 0.142213 0.818389
clothes 397 16 406 31 0.234866 0.506184
clothes 402 0 453 28 0.168042 0.495395
clothes 367 275 445 390 0.148324 0.333458
clothes 430 0 453 8 0.14454 0.418640
clothes 388 0 403 50 0.124986 0.787839
fridge 439 0 560 426 0.171607 0.357876
fridge 434 114 452 144 0.153895 0.651310
fridge 425 100 462 188 0.140678 0.689440
fridge 402 104 430 136 0.118573 0.740067
paper 22 252 58 268 0.300695 0.597238
paper 48 367 144 426 0.251286 0.129703
paper 1 376 23 416 0.199013 0.290090
paper 1 202 10 215 0.192726 0.501709
paper 393 412 400 418 0.190245 0.384669
paper 3 257 64 280 0.182883 0.506133
paper 135 397 196 426 0.17841 0.208830
paper 398 396 441 426 0.163615 0.221810
paper 1 331 14 340 0.157161 0.410375
paper 1 191 28 215 0.140161 0.596441
paper 189 414 194 426 0.126781 0.247410
paper 15 276 28 286 0.125614 0.648918
paper 38 246 74 257 0.108976 0.764239
paper 99 416 105 419 0.102994 0.385550
paper 392 416 399 426 0.101541 0.334755
towel 135 10 201 99 0.270646 0.287064
towel 371 270 458 396 0.115215 0.328016
box 2 206 82 346 0.927732 0.055731
box 0 213 14 226 0.644408 0.249131
box 44 253 82 329 0.550296 0.349181
box 0 222 35 269 0.533261 0.417129
box 436 227 443 235 0.395122 0.526602
box 31 226 47 240 0.358509 0.547102
box 0 202 30 226 0.352306 0.446016
box 1 331 14 340 0.290648 0.410375
box 1 334 28 370 0.282792 0.448029
box 2 307 133 423 0.280666 0.229737
box 342 231 448 385 0.238095 0.497736
box 0 202 11 214 0.23148 0.501709
box 3 282 55 348 0.22109 0.643472
box 2 240 74 281 0.212811 0.564075
box 419 107 442 184 0.206823 0.690854
box 231 202 290 241 0.196104 0.393983
box 1 372 22 414 0.175847 0.290090
box 188 413 194 426 0.170519 0.247410
box 377 287 422 303 0.165364 0.799187
box 402 109 427 170 0.162788 0.777555
box 31 271 48 280 0.162652 0.672165
box 394 213 448 239 0.161161 0.634107
box 398 393 439 426 0.153396 0.221810
box 134 396 196 426 0.153154 0.208830
box 398 290 446 397 0.149739 0.591088
box 432 106 437 108 0.149484 0.829613
box 419 188 445 196 0.14877 0.493487
box 385 282 414 290 0.145193 0.828983
box 391 63 442 180 0.138497 0.716793
box 391 411 399 426 0.136875 0.219990
box 29 279 35 285 0.13068 0.782169
box 10 207 28 213 0.129318 0.670328
box 2 271 48 288 0.125949 0.702495
box 33 239 72 252 0.123163 0.758675
box 436 119 450 143 0.117136 0.651310
box 45 265 65 301 0.117072 0.788102
box 15 275 29 287 0.116852 0.648918
box 0 162 66 270 0.109386 0.782018
box 236 165 295 204 0.106647 0.563671
box 378 117 450 295 0.103938 0.806089
box 372 105 429 134 0.101004 0.761167
whiteboard 230 14 334 240 0.128158 0.575984
night_stand 219 170 291 246 0.83151 0.035368
night_stand 240 169 296 183 0.153959 0.731059
night_stand 1 255 81 351 0.130476 0.275308
toilet 434 54 560 395 0.115376 0.322348
bag 401 2 455 29 0.165452 0.495395
bag 429 1 454 8 0.150736 0.418640
bag 397 18 406 32 0.145905 0.506184
bag 428 4 449 15 0.109092 0.630499
garbage_bin 370 269 460 386 0.200602 0.351234
garbage_bin 433 84 560 426 0.123747 0.357876
garbage_bin 44 364 145 426 0.122301 0.129703
garbage_bin 212 167 328 244 0.115738 0.325330
garbage_bin 202 211 218 223 0.108505 0.745389
garbage_bin 256 169 305 204 0.10174 0.635431
