0.030521 0.419680 0.000194 0.000226 0.000176 0.000435 0.003053 0.000063 0.001116 0.000292 0.000295 0.000028 0.003736 0.424463 0.000023 0.000184 0.000127 0.059501 0.001229 0.000092 0.000244 0.002739 0.000033 0.000042 0.028660 0.006306 0.000711 0.000154 0.000514 0.000229 0.014811 0.000122
0.234283 0.117373 0.001105 0.004536 0.002013 0.002858 0.031142 0.002994 0.015069 0.024238 0.012641 0.001595 0.001456 0.068851 0.002744 0.004100 0.004019 0.078516 0.008208 0.030727 0.022504 0.094958 0.001648 0.002578 0.026214 0.011875 0.007544 0.005299 0.002505 0.017328 0.152412 0.006666
0.062499 0.000343 0.917673 0.000749 0.007841 0.000752 0.000150 0.000043 0.000209 0.000053 0.000378 0.000049 0.001243 0.002997 0.000508 0.000056 0.000833 0.000197 0.000058 0.000044 0.000243 0.000076 0.000075 0.000051 0.000682 0.000848 0.000444 0.000154 0.000309 0.000086 0.000275 0.000082
0.203376 0.000402 0.744963 0.000355 0.020555 0.000458 0.000235 0.000162 0.001800 0.000254 0.001735 0.000135 0.000651 0.002764 0.006741 0.000096 0.003880 0.000852 0.000174 0.000567 0.001970 0.000976 0.000052 0.000143 0.001128 0.000778 0.001018 0.000154 0.000559 0.000698 0.002067 0.000303
0.644515 0.000287 0.327262 0.001826 0.004533 0.000344 0.000134 0.000055 0.000691 0.000157 0.000476 0.000081 0.000087 0.000525 0.012452 0.000057 0.002226 0.000063 0.000024 0.000357 0.000440 0.000191 0.000034 0.000133 0.000493 0.000357 0.000549 0.000985 0.000118 0.000213 0.000236 0.000099
0.749899 0.000007 0.249004 0.000007 0.000811 0.000014 0.000001 0.000000 0.000002 0.000000 0.000015 0.000000 0.000055 0.000107 0.000007 0.000000 0.000014 0.000009 0.000000 0.000001 0.000002 0.000001 0.000000 0.000000 0.000015 0.000008 0.000006 0.000000 0.000008 0.000001 0.000006 0.000000
0.558203 0.068390 0.173897 0.000330 0.004405 0.001585 0.009869 0.000190 0.003104 0.000337 0.000768 0.000601 0.002052 0.084394 0.000245 0.000425 0.000834 0.030823 0.000505 0.000207 0.000690 0.000708 0.000496 0.000085 0.003006 0.043149 0.001808 0.000704 0.003114 0.000199 0.004649 0.000227
0.041705 0.000068 0.000069 0.950941 0.000312 0.002933 0.000082 0.000038 0.000060 0.000095 0.000042 0.000056 0.000605 0.000073 0.000240 0.000067 0.000298 0.000100 0.000054 0.000079 0.000130 0.000199 0.000068 0.000401 0.000194 0.000087 0.000058 0.000261 0.000024 0.000259 0.000176 0.000228
0.777278 0.000037 0.000018 0.218600 0.000068 0.001292 0.000071 0.000026 0.000064 0.000222 0.000072 0.000018 0.000363 0.000045 0.000068 0.000026 0.000102 0.000096 0.000011 0.000197 0.000034 0.000165 0.000315 0.000194 0.000115 0.000039 0.000020 0.000176 0.000014 0.000063 0.000075 0.000115
0.790731 0.000039 0.000111 0.201926 0.000681 0.002330 0.000064 0.000024 0.000046 0.000143 0.000152 0.000029 0.000226 0.000054 0.000414 0.000021 0.000370 0.000093 0.000018 0.000404 0.000132 0.000384 0.000045 0.000401 0.000114 0.000063 0.000097 0.000218 0.000022 0.000326 0.000200 0.000122
0.363609 0.000215 0.442578 0.000736 0.156172 0.000380 0.000313 0.000177 0.000676 0.000570 0.001625 0.000138 0.000567 0.001600 0.010918 0.000100 0.004315 0.001149 0.000202 0.000754 0.003323 0.000854 0.000068 0.000271 0.000790 0.001363 0.001122 0.000207 0.001101 0.000828 0.002916 0.000360
0.538886 0.031578 0.000085 0.000908 0.000466 0.000155 0.196434 0.003694 0.003089 0.061227 0.000361 0.015955 0.000005 0.001563 0.001206 0.028748 0.011483 0.001650 0.003352 0.018873 0.010203 0.026582 0.007528 0.001532 0.000772 0.004469 0.000270 0.006474 0.000268 0.011107 0.009030 0.002048
0.550650 0.044107 0.000740 0.001127 0.000819 0.003925 0.102671 0.000930 0.010180 0.005393 0.000868 0.000604 0.000304 0.025009 0.000139 0.007802 0.003947 0.133248 0.002029 0.002263 0.006723 0.011402 0.000216 0.000573 0.001628 0.023588 0.001506 0.001980 0.000412 0.001886 0.052515 0.000817
0.610128 0.000618 0.000177 0.000128 0.000129 0.000166 0.001165 0.000201 0.000401 0.317752 0.000203 0.000116 0.000032 0.001306 0.001338 0.002004 0.001813 0.027984 0.000372 0.011352 0.002818 0.007301 0.000064 0.000971 0.000580 0.000468 0.000351 0.004906 0.000189 0.002222 0.001915 0.000831
0.692268 0.001049 0.000118 0.000251 0.000040 0.000446 0.000473 0.000111 0.000168 0.209827 0.000391 0.000074 0.000244 0.001590 0.003634 0.000337 0.001548 0.012966 0.000332 0.016319 0.001357 0.013589 0.000218 0.000363 0.002305 0.000888 0.001314 0.029076 0.000358 0.002598 0.004512 0.001237
0.664922 0.003488 0.000038 0.000272 0.000258 0.000051 0.032505 0.001498 0.003652 0.159206 0.000140 0.003548 0.000003 0.000519 0.000884 0.024771 0.008521 0.000764 0.001183 0.018391 0.004452 0.051681 0.000437 0.001482 0.000405 0.000445 0.000103 0.005085 0.000050 0.008614 0.001183 0.001449
0.706470 0.000637 0.000016 0.000578 0.000057 0.000536 0.018565 0.000808 0.000816 0.119741 0.000559 0.000192 0.000009 0.000294 0.000315 0.082706 0.001606 0.019246 0.001796 0.011201 0.005154 0.011240 0.000154 0.000302 0.000263 0.000772 0.000333 0.001815 0.000162 0.002632 0.009711 0.001317
0.779653 0.000171 0.000316 0.000472 0.002115 0.000146 0.000278 0.000354 0.000659 0.105040 0.001267 0.000363 0.000016 0.000162 0.010095 0.000414 0.002270 0.000395 0.000195 0.053784 0.003526 0.019643 0.000309 0.001149 0.000266 0.000231 0.000536 0.002440 0.001168 0.010177 0.001468 0.000923
0.172184 0.001234 0.000040 0.000036 0.000018 0.000012 0.009044 0.000386 0.000081 0.001647 0.000028 0.810167 0.000007 0.000059 0.000099 0.000195 0.000267 0.000173 0.000052 0.000213 0.000066 0.000069 0.002029 0.000311 0.000073 0.000281 0.000030 0.000894 0.000017 0.000139 0.000099 0.000049
0.546548 0.000285 0.000150 0.000241 0.000199 0.000063 0.009199 0.000541 0.000104 0.005277 0.000068 0.405547 0.000021 0.000104 0.000541 0.000359 0.001673 0.000698 0.000089 0.006036 0.001011 0.000890 0.001412 0.001044 0.000237 0.001502 0.000162 0.013422 0.000098 0.001061 0.001191 0.000225
0.539288 0.000733 0.000161 0.000589 0.000291 0.000228 0.025592 0.001434 0.000214 0.010406 0.000396 0.333869 0.000083 0.000325 0.002032 0.000536 0.003147 0.001314 0.000351 0.030393 0.004887 0.005890 0.001091 0.002874 0.001583 0.004896 0.000911 0.008621 0.000391 0.009124 0.007534 0.000814
0.632761 0.000175 0.000008 0.000393 0.000017 0.000078 0.008945 0.000212 0.000057 0.005033 0.000024 0.329212 0.000032 0.000035 0.000125 0.000046 0.000509 0.000334 0.000094 0.008955 0.000384 0.001841 0.000276 0.001214 0.000258 0.000467 0.000031 0.006219 0.000013 0.001045 0.000991 0.000214
0.683344 0.000833 0.000117 0.000643 0.000176 0.000153 0.007566 0.000974 0.000169 0.042014 0.000079 0.167979 0.000028 0.000234 0.001688 0.003279 0.004491 0.000369 0.000189 0.008573 0.002534 0.001043 0.007791 0.002065 0.000342 0.000990 0.000157 0.058649 0.000146 0.002376 0.000603 0.000408
0.687675 0.000467 0.000183 0.000764 0.000192 0.000070 0.007863 0.000533 0.000173 0.026291 0.000034 0.138910 0.000016 0.000226 0.001853 0.001372 0.003074 0.000437 0.000162 0.009519 0.001494 0.001353 0.002938 0.001199 0.000383 0.000891 0.000069 0.108473 0.000064 0.001997 0.000910 0.000416
0.070567 0.100791 0.032045 0.000501 0.000676 0.001852 0.003162 0.000099 0.000706 0.000424 0.000503 0.000102 0.010712 0.689388 0.000208 0.000437 0.001243 0.039178 0.001405 0.000124 0.001175 0.001279 0.000159 0.000099 0.019386 0.009907 0.001142 0.000854 0.001678 0.000459 0.009469 0.000269
0.198646 0.000000 0.000021 0.000000 0.000012 0.000000 0.000000 0.000000 0.000000 0.000009 0.000001 0.000000 0.000000 0.000001 0.801128 0.000000 0.000100 0.000000 0.000000 0.000012 0.000037 0.000007 0.000000 0.000000 0.000002 0.000000 0.000001 0.000001 0.000000 0.000020 0.000001 0.000001
0.353373 0.000000 0.000000 0.000000 0.000000 0.000000 0.000000 0.000000 0.000000 0.000000 0.000000 0.000000 0.000000 0.000000 0.646623 0.000000 0.000002 0.000000 0.000000 0.000001 0.000000 0.000000 0.000000 0.000000 0.000000 0.000000 0.000000 0.000000 0.000000 0.000000 0.000000 0.000000
0.594560 0.000000 0.000092 0.000003 0.000022 0.000000 0.000002 0.000001 0.000001 0.000095 0.000010 0.000001 0.000000 0.000009 0.402958 0.000000 0.000898 0.000000 0.000001 0.000274 0.000347 0.000170 0.000000 0.000003 0.000020 0.000000 0.000001 0.000015 0.000000 0.000469 0.000040 0.000005
0.729675 0.000041 0.000787 0.000889 0.000305 0.000006 0.000048 0.000017 0.000028 0.001011 0.000053 0.000054 0.000001 0.000095 0.259196 0.000054 0.001569 0.000013 0.000012 0.000792 0.001718 0.000434 0.000015 0.000104 0.000095 0.000053 0.000113 0.001629 0.000017 0.000982 0.000086 0.000108
0.758311 0.000005 0.000126 0.000143 0.000191 0.000001 0.000009 0.000007 0.000007 0.000310 0.000033 0.000011 0.000000 0.000012 0.234106 0.000016 0.001786 0.000003 0.000003 0.000584 0.002603 0.000362 0.000002 0.000036 0.000028 0.000016 0.000085 0.000189 0.000011 0.000894 0.000080 0.000028
0.491949 0.000236 0.210899 0.000641 0.000732 0.000070 0.000184 0.000163 0.000154 0.000921 0.000334 0.000238 0.000026 0.000876 0.211822 0.000193 0.042845 0.000067 0.000069 0.001589 0.015470 0.001775 0.000039 0.000368 0.001168 0.000551 0.000732 0.006735 0.000235 0.007760 0.000843 0.000315
0.725246 0.000288 0.007125 0.001272 0.001610 0.000183 0.000304 0.000239 0.000529 0.003261 0.001036 0.000180 0.000454 0.003469 0.197705 0.000197 0.013146 0.000233 0.000742 0.003150 0.009485 0.007679 0.000031 0.000337 0.006866 0.000187 0.000471 0.001663 0.000176 0.007265 0.004382 0.001089
0.660530 0.000030 0.104900 0.000189 0.036386 0.000037 0.000127 0.000095 0.000338 0.000391 0.001144 0.000080 0.000020 0.000229 0.182344 0.000050 0.002593 0.000088 0.000067 0.000517 0.004674 0.000738 0.000013 0.000133 0.000270 0.000247 0.001433 0.000091 0.000207 0.000916 0.000955 0.000171
0.827928 0.000000 0.000000 0.000000 0.000000 0.000000 0.000000 0.000000 0.000000 0.000000 0.000000 0.000000 0.000000 0.000000 0.172067 0.000000 0.000003 0.000000 0.000000 0.000001 0.000000 0.000000 0.000000 0.000000 0.000000 0.000000 0.000000 0.000000 0.000000 0.000000 0.000000 0.000000
0.863622 0.000000 0.000002 0.000002 0.000001 0.000000 0.000000 0.000000 0.000000 0.000056 0.000001 0.000000 0.000000 0.000000 0.135417 0.000000 0.000100 0.000000 0.000000 0.000288 0.000323 0.000037 0.000000 0.000001 0.000001 0.000000 0.000002 0.000055 0.000000 0.000088 0.000002 0.000001
0.715939 0.000019 0.000409 0.000301 0.000084 0.000016 0.000125 0.000044 0.000062 0.000757 0.000075 0.000035 0.000013 0.000264 0.107979 0.000028 0.037262 0.000053 0.000077 0.075956 0.013222 0.017318 0.000032 0.000199 0.001418 0.000087 0.000187 0.000422 0.000038 0.023249 0.003941 0.000391
0.894357 0.000001 0.000251 0.000032 0.000291 0.000001 0.000002 0.000002 0.000003 0.000060 0.000014 0.000002 0.000000 0.000006 0.103443 0.000001 0.000534 0.000001 0.000001 0.000180 0.000343 0.000143 0.000001 0.000012 0.000015 0.000004 0.000010 0.000014 0.000004 0.000221 0.000042 0.000010
0.898814 0.000000 0.000003 0.000000 0.000002 0.000000 0.000000 0.000000 0.000000 0.000004 0.000000 0.000000 0.000000 0.000000 0.101129 0.000000 0.000007 0.000000 0.000000 0.000032 0.000002 0.000004 0.000000 0.000000 0.000000 0.000000 0.000000 0.000001 0.000000 0.000002 0.000000 0.000000
0.895477 0.000002 0.000175 0.000057 0.000098 0.000001 0.000014 0.000009 0.000006 0.000328 0.000013 0.000022 0.000000 0.000019 0.101119 0.000010 0.000947 0.000002 0.000004 0.000373 0.000377 0.000203 0.000006 0.000030 0.000031 0.000004 0.000007 0.000196 0.000002 0.000402 0.000041 0.000025
0.746085 0.000182 0.000007 0.000070 0.000018 0.000066 0.023829 0.000378 0.000513 0.085879 0.000046 0.000110 0.000000 0.000055 0.000051 0.122710 0.003398 0.003212 0.000694 0.002444 0.002960 0.002793 0.000030 0.000155 0.000039 0.000178 0.000040 0.000761 0.000011 0.001543 0.001405 0.000338
0.105429 0.192550 0.000394 0.000370 0.000389 0.001159 0.031552 0.000200 0.004614 0.001262 0.000281 0.000126 0.002216 0.228413 0.000047 0.001819 0.000817 0.326091 0.003167 0.000317 0.001225 0.008765 0.000080 0.000193 0.005717 0.045245 0.001403 0.000667 0.000573 0.000517 0.034002 0.000401
0.679586 0.005299 0.002709 0.000103 0.001871 0.001248 0.010278 0.000364 0.003923 0.019235 0.001460 0.000234 0.000100 0.016303 0.000448 0.004311 0.001660 0.173974 0.001564 0.005452 0.005473 0.012274 0.000098 0.000664 0.000810 0.009571 0.001099 0.002759 0.001166 0.001352 0.034006 0.000608
0.313320 0.333138 0.000593 0.005366 0.001095 0.008500 0.022650 0.000837 0.008858 0.001674 0.007608 0.000519 0.010165 0.054010 0.000172 0.001318 0.000614 0.109088 0.002530 0.002662 0.004394 0.007266 0.000587 0.000447 0.005184 0.018731 0.007612 0.001131 0.002897 0.002477 0.063634 0.000922
0.520976 0.035483 0.000137 0.004947 0.000373 0.000982 0.026776 0.000185 0.000880 0.000642 0.000320 0.000124 0.001737 0.029965 0.000052 0.001025 0.000690 0.101152 0.000746 0.001103 0.002387 0.003962 0.000160 0.000067 0.002307 0.208473 0.003038 0.001126 0.002347 0.001014 0.046538 0.000283
0.271187 0.020733 0.000480 0.002452 0.001699 0.001758 0.033383 0.004872 0.002604 0.026831 0.011616 0.011185 0.000349 0.004963 0.004764 0.008978 0.011863 0.007466 0.001581 0.204470 0.100809 0.085492 0.015641 0.004170 0.001745 0.014656 0.011925 0.022198 0.008217 0.053732 0.043653 0.004528
0.747619 0.000189 0.000037 0.001466 0.000111 0.000314 0.000323 0.000258 0.000324 0.002478 0.000726 0.000143 0.000130 0.000189 0.000529 0.000271 0.001857 0.000611 0.000843 0.181680 0.001863 0.049023 0.000374 0.000085 0.001083 0.000246 0.000576 0.000638 0.000121 0.003449 0.001474 0.000972
0.608691 0.000662 0.000558 0.001678 0.000748 0.002751 0.002917 0.002284 0.002044 0.018950 0.003350 0.008211 0.000680 0.000816 0.009239 0.000747 0.013507 0.001145 0.000535 0.147995 0.035990 0.047326 0.001851 0.001716 0.001820 0.002976 0.005304 0.010468 0.002204 0.030441 0.029508 0.002888
0.458244 0.002729 0.001116 0.009212 0.007298 0.009012 0.005355 0.001945 0.001939 0.022216 0.007909 0.001977 0.000733 0.003819 0.013116 0.001576 0.011136 0.006060 0.002462 0.147449 0.020196 0.091068 0.003579 0.003969 0.003609 0.003899 0.003559 0.017842 0.003972 0.029409 0.098173 0.005420
0.402188 0.001159 0.005197 0.018235 0.016065 0.007400 0.003579 0.002635 0.001593 0.027098 0.005929 0.004580 0.000961 0.004559 0.049798 0.001735 0.022952 0.004507 0.004173 0.138542 0.032880 0.092914 0.003764 0.008963 0.005499 0.003885 0.002434 0.018588 0.005667 0.035085 0.059861 0.007579
0.459163 0.005514 0.001273 0.007976 0.004468 0.007219 0.016129 0.003827 0.017620 0.072845 0.005444 0.003053 0.003986 0.006087 0.004969 0.004413 0.006295 0.016156 0.007351 0.124452 0.014596 0.071716 0.003467 0.003453 0.006295 0.012710 0.003334 0.027220 0.002975 0.022354 0.041649 0.011991
0.747273 0.000040 0.000268 0.000148 0.000089 0.000037 0.000180 0.000056 0.000099 0.000897 0.000112 0.000033 0.000019 0.000375 0.050188 0.000044 0.030444 0.000105 0.000094 0.115989 0.011522 0.017248 0.000032 0.000127 0.002268 0.000131 0.000206 0.000366 0.000068 0.015529 0.005628 0.000385
0.811898 0.000008 0.000141 0.000103 0.000092 0.000036 0.000100 0.000065 0.000043 0.041613 0.000136 0.000093 0.000003 0.000020 0.011725 0.000040 0.000612 0.000127 0.000032 0.115376 0.002384 0.008301 0.000023 0.000089 0.000122 0.000130 0.000068 0.000300 0.000312 0.005444 0.000393 0.000170
0.693294 0.000627 0.000377 0.001108 0.000644 0.000810 0.004302 0.001471 0.000590 0.014891 0.001990 0.024203 0.000167 0.000631 0.009426 0.000759 0.009871 0.000928 0.000572 0.112785 0.025242 0.021115 0.000694 0.002008 0.002597 0.003288 0.003909 0.013853 0.000964 0.024817 0.019934 0.002133
0.688981 0.000612 0.000420 0.008273 0.002195 0.013588 0.001592 0.000663 0.000654 0.018546 0.002557 0.000863 0.001521 0.000851 0.003928 0.000395 0.003353 0.003152 0.000712 0.112036 0.009578 0.042937 0.000651 0.002030 0.001389 0.006141 0.002465 0.023770 0.002060 0.011812 0.029106 0.003170
0.606532 0.003358 0.001104 0.005321 0.002499 0.007954 0.011243 0.003072 0.004633 0.032053 0.010244 0.001778 0.002443 0.003156 0.007662 0.006812 0.006643 0.007398 0.006219 0.109448 0.017815 0.053111 0.002675 0.002771 0.003516 0.005955 0.005377 0.011195 0.005753 0.017345 0.028785 0.006130
0.583352 0.001193 0.000745 0.001379 0.000893 0.001390 0.006509 0.002213 0.001106 0.025303 0.003140 0.028940 0.000359 0.001009 0.021102 0.000883 0.016139 0.001206 0.000728 0.108384 0.036569 0.033524 0.001175 0.003937 0.004192 0.005699 0.004739 0.019887 0.001593 0.046489 0.032856 0.003368
0.432598 0.018808 0.000842 0.002449 0.003732 0.003485 0.021096 0.003830 0.003716 0.019481 0.011189 0.005872 0.001535 0.008521 0.004117 0.007930 0.008917 0.018906 0.001784 0.108184 0.065207 0.034266 0.008328 0.004155 0.002671 0.022481 0.043304 0.020162 0.018891 0.037504 0.052503 0.003536
0.709506 0.000560 0.000379 0.000988 0.000598 0.000786 0.004043 0.001421 0.000559 0.014000 0.001881 0.023707 0.000158 0.000594 0.009200 0.000674 0.009565 0.000839 0.000507 0.105685 0.024008 0.020237 0.000628 0.001903 0.002438 0.003071 0.003537 0.012785 0.000924 0.023581 0.019346 0.001892
0.271187 0.020733 0.000480 0.002452 0.001699 0.001758 0.033383 0.004872 0.002604 0.026831 0.011616 0.011185 0.000349 0.004963 0.004764 0.008978 0.011863 0.007466 0.001581 0.204470 0.100809 0.085492 0.015641 0.004170 0.001745 0.014656 0.011925 0.022198 0.008217 0.053732 0.043653 0.004528
0.445309 0.000380 0.000031 0.001281 0.000383 0.000502 0.000159 0.000093 0.000901 0.002258 0.000242 0.000091 0.000172 0.000945 0.001382 0.000036 0.001334 0.000436 0.000130 0.005945 0.000370 0.528427 0.000027 0.000263 0.001671 0.000134 0.000135 0.001624 0.000049 0.002813 0.002083 0.000396
0.565575 0.000137 0.000018 0.000520 0.000110 0.000315 0.000053 0.000031 0.000377 0.000855 0.000152 0.000033 0.000076 0.000471 0.000762 0.000009 0.000837 0.000238 0.000039 0.004080 0.000177 0.420557 0.000006 0.000095 0.000742 0.000054 0.000073 0.000745 0.000019 0.001479 0.001209 0.000156
0.585593 0.001807 0.000799 0.001757 0.001327 0.001427 0.001639 0.000471 0.003032 0.064665 0.001630 0.000526 0.000246 0.006136 0.013066 0.001437 0.006953 0.001861 0.001623 0.052221 0.009119 0.185237 0.000337 0.002715 0.007434 0.000910 0.001086 0.011953 0.000677 0.017771 0.010856 0.003689
0.746526 0.000165 0.000476 0.001758 0.000069 0.000487 0.000174 0.000049 0.000205 0.001267 0.000111 0.000046 0.000913 0.001208 0.002371 0.000065 0.043092 0.000625 0.000904 0.011762 0.007412 0.142646 0.000060 0.000388 0.002107 0.000061 0.000055 0.001071 0.000032 0.026046 0.006851 0.000999
0.453843 0.003300 0.000563 0.012082 0.003337 0.003407 0.007441 0.001724 0.001395 0.062292 0.000923 0.001290 0.001294 0.005243 0.006532 0.008480 0.010188 0.032374 0.004042 0.060880 0.023582 0.126392 0.003450 0.001718 0.004747 0.012994 0.005971 0.055287 0.005326 0.032208 0.041984 0.005713
0.430825 0.009978 0.000948 0.025452 0.002644 0.021406 0.023267 0.005407 0.013059 0.015836 0.007002 0.002696 0.007371 0.008203 0.004238 0.016214 0.007329 0.025995 0.009221 0.055074 0.014543 0.118022 0.004927 0.002652 0.007982 0.013011 0.005621 0.040272 0.002063 0.018341 0.069271 0.011129
0.863732 0.000206 0.000019 0.000749 0.000102 0.000114 0.000134 0.000057 0.000250 0.004736 0.000092 0.000092 0.000025 0.000370 0.002763 0.000045 0.000724 0.000108 0.000057 0.011796 0.000302 0.104435 0.000022 0.000179 0.001339 0.000059 0.000042 0.003191 0.000027 0.003256 0.000715 0.000264
0.520976 0.035483 0.000137 0.004947 0.000373 0.000982 0.026776 0.000185 0.000880 0.000642 0.000320 0.000124 0.001737 0.029965 0.000052 0.001025 0.000690 0.101152 0.000746 0.001103 0.002387 0.003962 0.000160 0.000067 0.002307 0.208473 0.003038 0.001126 0.002347 0.001014 0.046538 0.000283
0.727188 0.000771 0.000195 0.005232 0.000339 0.000218 0.002731 0.000381 0.000480 0.036095 0.000080 0.005052 0.000049 0.000513 0.005251 0.001916 0.003099 0.000513 0.000248 0.020101 0.002026 0.003803 0.002082 0.001469 0.001195 0.000623 0.000089 0.173351 0.000086 0.002927 0.001084 0.000813
0.801138 0.000533 0.000023 0.000589 0.000448 0.000153 0.000074 0.000039 0.000169 0.004083 0.000063 0.000101 0.000019 0.000175 0.009770 0.000136 0.001383 0.000021 0.000137 0.002573 0.000249 0.001841 0.000043 0.000210 0.001200 0.000080 0.000077 0.172781 0.000009 0.001146 0.000292 0.000447
0.687675 0.000467 0.000183 0.000764 0.000192 0.000070 0.007863 0.000533 0.000173 0.026291 0.000034 0.138910 0.000016 0.000226 0.001853 0.001372 0.003074 0.000437 0.000162 0.009519 0.001494 0.001353 0.002938 0.001199 0.000383 0.000891 0.000069 0.108473 0.000064 0.001997 0.000910 0.000416
0.808629 0.000592 0.000110 0.001018 0.000034 0.000031 0.006836 0.000391 0.000175 0.034318 0.000009 0.011568 0.000005 0.000198 0.002119 0.006725 0.002046 0.000116 0.000136 0.008783 0.001032 0.001179 0.002568 0.000703 0.000181 0.000519 0.000037 0.107845 0.000028 0.001640 0.000162 0.000265
0.891495 0.000013 0.000000 0.000090 0.000003 0.000054 0.000001 0.000001 0.000015 0.000195 0.000000 0.000001 0.000001 0.000005 0.000183 0.000007 0.000031 0.000001 0.000011 0.000321 0.000003 0.000155 0.000000 0.000003 0.000303 0.000002 0.000002 0.107034 0.000000 0.000026 0.000006 0.000035
0.423172 0.002708 0.000603 0.001832 0.002685 0.018940 0.007342 0.000986 0.002958 0.010853 0.002111 0.001393 0.001326 0.005555 0.001167 0.009858 0.015178 0.053400 0.014014 0.025319 0.040128 0.028494 0.000590 0.003196 0.001776 0.049683 0.006422 0.043229 0.002443 0.009881 0.210020 0.002739
0.553391 0.005851 0.000602 0.001550 0.001741 0.005243 0.010359 0.000943 0.010173 0.010858 0.004064 0.001726 0.000297 0.005675 0.001229 0.011787 0.007197 0.045566 0.008161 0.025439 0.011932 0.031504 0.000315 0.002388 0.001681 0.017123 0.004523 0.028357 0.000723 0.004903 0.180498 0.004202
0.654281 0.001500 0.000688 0.000389 0.001428 0.004922 0.006058 0.000458 0.002723 0.005243 0.001995 0.000343 0.000242 0.002897 0.000443 0.005191 0.002048 0.032752 0.002339 0.019330 0.015261 0.014855 0.000113 0.000566 0.000599 0.027864 0.003718 0.007149 0.001281 0.003008 0.179600 0.000715
0.234283 0.117373 0.001105 0.004536 0.002013 0.002858 0.031142 0.002994 0.015069 0.024238 0.012641 0.001595 0.001456 0.068851 0.002744 0.004100 0.004019 0.078516 0.008208 0.030727 0.022504 0.094958 0.001648 0.002578 0.026214 0.011875 0.007544 0.005299 0.002505 0.017328 0.152412 0.006666
0.447292 0.049889 0.006418 0.001950 0.003446 0.004549 0.050773 0.003231 0.026698 0.008826 0.016301 0.001747 0.004757 0.034164 0.002245 0.005488 0.002828 0.078421 0.003085 0.030699 0.009302 0.018102 0.000881 0.001214 0.011349 0.037003 0.006154 0.003275 0.005792 0.003961 0.117332 0.002829
