0.478693 0.283582 0.000106 0.000607 0.000297 0.001039 0.034318 0.001046 0.006747 0.009671 0.002630 0.001715 0.000204 0.003712 0.000050 0.005776 0.000385 0.083597 0.074408 0.000391 0.000112 0.002952 0.000853 0.000382 0.001007 0.001075 0.000112 0.000318 0.000158 0.000191 0.001738 0.002128
0.259218 0.011376 0.001413 0.463678 0.003396 0.056311 0.002340 0.000388 0.002610 0.002076 0.001451 0.000172 0.011256 0.014548 0.000327 0.001233 0.000899 0.017905 0.116510 0.000403 0.000914 0.008361 0.000284 0.000537 0.004730 0.001048 0.000258 0.000942 0.000258 0.001383 0.010975 0.002798
0.605162 0.002404 0.000667 0.106985 0.003422 0.018965 0.004206 0.000949 0.003054 0.020547 0.001008 0.001991 0.001673 0.003693 0.006489 0.001817 0.004796 0.003911 0.009704 0.031126 0.004156 0.051815 0.001732 0.004299 0.005589 0.001677 0.000513 0.051955 0.000555 0.010819 0.025315 0.009009
0.074384 0.000157 0.020273 0.000245 0.880715 0.000512 0.000223 0.000108 0.001373 0.000259 0.007290 0.000059 0.000095 0.000567 0.004875 0.000041 0.002936 0.000071 0.000228 0.000169 0.000401 0.001228 0.000048 0.000439 0.000551 0.000289 0.000521 0.000204 0.000171 0.000476 0.000879 0.000214
0.378224 0.003612 0.007548 0.035806 0.134373 0.008804 0.003752 0.002616 0.002233 0.024250 0.011234 0.003727 0.000965 0.009049 0.014860 0.003631 0.019757 0.008719 0.007024 0.017348 0.009566 0.104359 0.002748 0.083915 0.004431 0.007564 0.007321 0.015683 0.006766 0.012532 0.040336 0.007246
0.401478 0.001734 0.009427 0.055316 0.101535 0.036934 0.003605 0.003374 0.002512 0.018696 0.021698 0.001853 0.004588 0.008140 0.045023 0.002324 0.012496 0.003850 0.010024 0.056274 0.014453 0.047908 0.002807 0.030954 0.006160 0.002750 0.001218 0.005830 0.010684 0.042666 0.027419 0.006269
0.439595 0.018906 0.000050 0.003441 0.000104 0.000570 0.411760 0.003270 0.001271 0.009058 0.000701 0.041951 0.000009 0.000554 0.000361 0.021792 0.004408 0.002740 0.000608 0.005630 0.003190 0.010838 0.001681 0.000780 0.000313 0.002362 0.000614 0.004564 0.000085 0.003113 0.004744 0.000939
0.676849 0.067766 0.000050 0.000112 0.000194 0.000029 0.176691 0.000541 0.003456 0.010298 0.000244 0.002426 0.000002 0.000804 0.000040 0.009788 0.000386 0.039102 0.004887 0.000405 0.000088 0.002135 0.000559 0.000177 0.000193 0.001264 0.000030 0.000324 0.000027 0.000133 0.000414 0.000587
0.637451 0.003373 0.000046 0.001321 0.000112 0.000342 0.137054 0.003401 0.000487 0.007893 0.000805 0.092476 0.000038 0.000674 0.000625 0.018008 0.008651 0.002153 0.000613 0.017914 0.016031 0.013537 0.001542 0.001519 0.000178 0.002900 0.003005 0.008850 0.000204 0.010016 0.007326 0.001457
0.724153 0.012318 0.000420 0.000620 0.000364 0.001981 0.101103 0.007861 0.002509 0.012834 0.005015 0.007688 0.000071 0.003564 0.002675 0.007066 0.020799 0.002245 0.001639 0.009138 0.018776 0.010361 0.002474 0.001758 0.001737 0.002292 0.000946 0.009059 0.000325 0.014347 0.010794 0.003068
0.104221 0.000000 0.000000 0.000001 0.000000 0.000000 0.000001 0.000000 0.000008 0.888981 0.000000 0.000000 0.000000 0.000000 0.000002 0.000001 0.000000 0.000072 0.000000 0.006431 0.000002 0.000265 0.000000 0.000001 0.000000 0.000000 0.000000 0.000002 0.000000 0.000009 0.000000 0.000001
0.191673 0.000001 0.000000 0.000002 0.000000 0.000000 0.000056 0.000001 0.000011 0.798985 0.000000 0.000001 0.000000 0.000000 0.000002 0.000039 0.000001 0.000048 0.000000 0.008584 0.000004 0.000557 0.000002 0.000002 0.000000 0.000001 0.000000 0.000006 0.000000 0.000021 0.000000 0.000003
0.142058 0.000336 0.000021 0.000345 0.000083 0.000032 0.001584 0.000341 0.001098 0.775589 0.000083 0.000276 0.000010 0.000162 0.000895 0.003272 0.000563 0.002696 0.000355 0.042792 0.001926 0.016227 0.000419 0.000410 0.000204 0.000394 0.000051 0.003498 0.000168 0.002704 0.000373 0.001037
0.503191 0.000002 0.000000 0.000005 0.000000 0.000000 0.000008 0.000002 0.000018 0.469954 0.000002 0.000001 0.000000 0.000002 0.000044 0.000008 0.000003 0.000110 0.000001 0.023719 0.000017 0.002765 0.000002 0.000009 0.000002 0.000001 0.000000 0.000013 0.000001 0.000112 0.000002 0.000007
0.570010 0.000037 0.000002 0.000142 0.000007 0.000012 0.000078 0.000037 0.000157 0.400716 0.000022 0.000030 0.000002 0.000017 0.000193 0.000075 0.000068 0.000396 0.000020 0.023359 0.000140 0.003111 0.000029 0.000198 0.000028 0.000019 0.000004 0.000557 0.000008 0.000414 0.000025 0.000085
0.585314 0.001495 0.000050 0.003118 0.000215 0.000326 0.005195 0.000839 0.001155 0.264105 0.000614 0.000963 0.000107 0.000759 0.002175 0.005949 0.002969 0.005685 0.000876 0.050161 0.008358 0.031478 0.001493 0.001160 0.000781 0.001605 0.000749 0.007767 0.000600 0.008305 0.003316 0.002317
0.730200 0.000213 0.000010 0.000228 0.000035 0.000015 0.000196 0.000072 0.000908 0.248747 0.000035 0.000078 0.000005 0.000073 0.000494 0.000178 0.000208 0.001264 0.000031 0.011869 0.000220 0.002900 0.000049 0.000264 0.000036 0.000038 0.000012 0.001003 0.000020 0.000420 0.000058 0.000121
0.633140 0.003345 0.000005 0.000165 0.000277 0.000005 0.033344 0.001399 0.001346 0.239705 0.000029 0.014977 0.000001 0.000072 0.000118 0.034510 0.000468 0.001666 0.000422 0.003897 0.000210 0.002565 0.021974 0.000310 0.000028 0.000507 0.000034 0.004416 0.000097 0.000544 0.000098 0.000325
0.705630 0.000032 0.000010 0.000502 0.000041 0.000032 0.000170 0.000094 0.000868 0.176123 0.000127 0.000065 0.000006 0.000039 0.001003 0.000242 0.000299 0.000486 0.000067 0.088181 0.001287 0.020093 0.000063 0.000179 0.000084 0.000087 0.000039 0.000813 0.000091 0.002679 0.000241 0.000328
0.121926 0.000432 0.000102 0.000137 0.000246 0.000071 0.021513 0.001652 0.000211 0.012942 0.000284 0.816516 0.000029 0.000161 0.000325 0.001194 0.001836 0.000532 0.000506 0.002933 0.001432 0.001163 0.001086 0.004360 0.000181 0.000464 0.000100 0.003821 0.000064 0.002214 0.001099 0.000469
0.311252 0.000075 0.000014 0.000012 0.000035 0.000004 0.003465 0.000150 0.000023 0.000956 0.000024 0.681722 0.000002 0.000016 0.000053 0.000052 0.000248 0.000050 0.000028 0.000288 0.000043 0.000045 0.000262 0.000277 0.000018 0.000052 0.000013 0.000557 0.000006 0.000129 0.000095 0.000033
0.358076 0.000201 0.000026 0.000056 0.000021 0.000018 0.027302 0.000587 0.000055 0.003329 0.000043 0.600672 0.000005 0.000086 0.000170 0.000526 0.001500 0.000199 0.000101 0.001227 0.000772 0.000369 0.000210 0.000490 0.000115 0.000433 0.000045 0.001080 0.000014 0.001402 0.000750 0.000119
0.424031 0.032799 0.009915 0.049442 0.014470 0.016066 0.004616 0.000695 0.003727 0.005134 0.008229 0.000857 0.042349 0.103729 0.003756 0.001144 0.010067 0.008206 0.039460 0.004429 0.009116 0.026549 0.000482 0.002943 0.049232 0.006297 0.003337 0.006008 0.001898 0.011556 0.093777 0.005683
0.392996 0.000423 0.003428 0.001150 0.103128 0.000395 0.000434 0.000346 0.000532 0.003470 0.005382 0.000242 0.000099 0.002370 0.369842 0.000182 0.046790 0.000213 0.000796 0.002753 0.009073 0.023616 0.000083 0.001675 0.002581 0.000701 0.001921 0.002539 0.000537 0.015189 0.005652 0.001463
0.681042 0.000471 0.000945 0.000204 0.020821 0.000007 0.000762 0.000201 0.001608 0.020318 0.000270 0.001131 0.000008 0.002100 0.207501 0.000317 0.021006 0.000040 0.000135 0.003303 0.001240 0.007711 0.000088 0.006723 0.000691 0.000046 0.000039 0.010192 0.000033 0.009300 0.000738 0.001009
0.708400 0.001050 0.002176 0.001694 0.013993 0.000154 0.000499 0.000287 0.001116 0.007179 0.001064 0.000476 0.000127 0.004496 0.159219 0.000248 0.036350 0.000213 0.000560 0.001888 0.003620 0.017664 0.000090 0.009079 0.001916 0.000097 0.000166 0.002709 0.000129 0.020346 0.001627 0.001366
0.655108 0.000000 0.000001 0.000001 0.000000 0.000001 0.000001 0.000000 0.000003 0.000013 0.000000 0.000000 0.000000 0.000001 0.000025 0.000001 0.315000 0.000000 0.000000 0.000020 0.004368 0.000022 0.000000 0.000152 0.000003 0.000000 0.000000 0.000017 0.000000 0.025261 0.000001 0.000001
0.747796 0.000027 0.000068 0.000055 0.000002 0.000051 0.000024 0.000008 0.000141 0.000167 0.000016 0.000015 0.000057 0.000066 0.000333 0.000033 0.218901 0.000009 0.000009 0.000084 0.002307 0.000080 0.000003 0.002574 0.000076 0.000004 0.000008 0.000289 0.000001 0.026737 0.000035 0.000022
0.827578 0.000002 0.000010 0.000000 0.000000 0.000001 0.000036 0.000004 0.000014 0.000979 0.000002 0.000005 0.000000 0.000004 0.000042 0.000222 0.140033 0.000001 0.000010 0.000169 0.021543 0.000170 0.000000 0.000187 0.000010 0.000000 0.000002 0.000049 0.000000 0.008908 0.000008 0.000010
0.803300 0.000010 0.000037 0.000013 0.000001 0.000012 0.000109 0.000022 0.000115 0.001329 0.000020 0.000032 0.000004 0.000035 0.000234 0.000194 0.137760 0.000018 0.000038 0.000896 0.022298 0.000916 0.000003 0.000656 0.000066 0.000007 0.000026 0.000266 0.000002 0.031390 0.000113 0.000076
0.838133 0.000106 0.000199 0.000313 0.000026 0.000471 0.000172 0.000048 0.000442 0.000900 0.000073 0.000092 0.000160 0.000124 0.000470 0.000351 0.125234 0.000074 0.000087 0.000487 0.006165 0.000317 0.000015 0.003172 0.000158 0.000027 0.000057 0.001523 0.000018 0.020021 0.000426 0.000140
0.819405 0.000110 0.000283 0.000050 0.000018 0.000033 0.001815 0.000195 0.000666 0.010699 0.000056 0.000385 0.000006 0.000249 0.000383 0.004134 0.116211 0.000296 0.000307 0.001432 0.019067 0.001413 0.000030 0.002883 0.000158 0.000039 0.000029 0.001063 0.000006 0.017871 0.000352 0.000358
0.001232 0.000215 0.000004 0.000035 0.000017 0.000006 0.000021 0.000005 0.000013 0.000045 0.000004 0.000010 0.000001 0.000082 0.000002 0.000048 0.000005 0.000073 0.997922 0.000002 0.000005 0.000037 0.000001 0.000004 0.000071 0.000002 0.000001 0.000003 0.000001 0.000011 0.000038 0.000082
0.375843 0.000048 0.000000 0.000044 0.000001 0.000024 0.000023 0.000009 0.000022 0.000090 0.000005 0.000002 0.000003 0.000008 0.000001 0.000050 0.000004 0.000492 0.621942 0.000067 0.000002 0.000221 0.000002 0.000002 0.000176 0.000004 0.000003 0.000004 0.000000 0.000016 0.000216 0.000675
0.743039 0.000000 0.000000 0.000000 0.000000 0.000000 0.000000 0.000000 0.000000 0.000000 0.000000 0.000000 0.000000 0.000000 0.000000 0.000000 0.000000 0.000001 0.256938 0.000000 0.000000 0.000001 0.000000 0.000000 0.000000 0.000000 0.000000 0.000000 0.000000 0.000000 0.000000 0.000022
0.717123 0.016185 0.000253 0.000868 0.000295 0.001755 0.002782 0.000574 0.006420 0.002293 0.001693 0.000490 0.001500 0.002098 0.000116 0.001341 0.000270 0.013458 0.206019 0.001405 0.000310 0.005419 0.000835 0.000204 0.005688 0.000598 0.000459 0.001103 0.000145 0.000400 0.002068 0.005836
0.794685 0.000887 0.000042 0.000060 0.000047 0.000038 0.000311 0.000269 0.000098 0.001194 0.000548 0.000768 0.000004 0.000077 0.000069 0.000467 0.000101 0.000583 0.195715 0.000764 0.000226 0.000827 0.000011 0.000052 0.000403 0.000035 0.000179 0.000048 0.000051 0.000234 0.000463 0.000742
0.574785 0.000980 0.000803 0.009805 0.001396 0.002047 0.001497 0.001028 0.001269 0.018363 0.000475 0.001171 0.000469 0.003426 0.004325 0.003722 0.013022 0.007715 0.171210 0.014193 0.008046 0.058727 0.000602 0.002736 0.004864 0.002086 0.001327 0.022999 0.000340 0.017228 0.012845 0.036496
0.234023 0.004617 0.014508 0.032485 0.028551 0.039020 0.009085 0.007721 0.009971 0.050923 0.026729 0.006769 0.005694 0.015196 0.022467 0.003725 0.010955 0.015972 0.023519 0.128720 0.010105 0.144230 0.012055 0.015022 0.009232 0.007075 0.003264 0.014642 0.012213 0.011714 0.052090 0.017709
0.543486 0.002919 0.001990 0.006915 0.015844 0.034315 0.006017 0.003833 0.013466 0.016847 0.019034 0.002416 0.002964 0.003228 0.004856 0.002172 0.003817 0.006041 0.010617 0.125905 0.011096 0.070863 0.001051 0.002595 0.003480 0.003441 0.002667 0.004959 0.008045 0.011519 0.049906 0.003698
0.819574 0.000011 0.000005 0.000237 0.000020 0.000029 0.000075 0.000058 0.000537 0.041331 0.000126 0.000038 0.000008 0.000024 0.000919 0.000064 0.000283 0.000179 0.000038 0.116888 0.001190 0.014843 0.000029 0.000116 0.000085 0.000067 0.000079 0.000490 0.000064 0.002096 0.000240 0.000255
0.781718 0.000089 0.000106 0.000189 0.000095 0.000379 0.000133 0.000035 0.000121 0.000873 0.000216 0.000021 0.000139 0.000647 0.000637 0.000038 0.001624 0.001267 0.000241 0.007662 0.001935 0.181623 0.000010 0.000148 0.000670 0.001195 0.001120 0.003103 0.000138 0.003053 0.010139 0.000635
0.236844 0.003878 0.012344 0.032104 0.036202 0.034061 0.006299 0.005902 0.006491 0.054669 0.025080 0.005644 0.004355 0.013822 0.021471 0.003697 0.010771 0.016660 0.024562 0.109862 0.009371 0.178493 0.009669 0.019228 0.008507 0.005708 0.003803 0.014526 0.012073 0.011093 0.046649 0.016160
0.701885 0.000443 0.000164 0.000662 0.000183 0.000273 0.001160 0.000338 0.001373 0.018682 0.000758 0.000629 0.000036 0.000723 0.002630 0.000901 0.002516 0.000980 0.000816 0.067970 0.014284 0.152750 0.000214 0.001786 0.000403 0.000518 0.001526 0.004694 0.000271 0.013478 0.005520 0.001436
0.767361 0.000602 0.000449 0.000901 0.003346 0.000178 0.000368 0.000399 0.008142 0.024392 0.002548 0.000663 0.000175 0.000784 0.001644 0.000461 0.005114 0.000379 0.000232 0.012233 0.001540 0.142274 0.000140 0.013195 0.000318 0.000067 0.001496 0.002824 0.000384 0.004860 0.001081 0.001448
0.311494 0.006904 0.001511 0.048093 0.007330 0.011924 0.014031 0.003259 0.009018 0.056130 0.002860 0.005909 0.002041 0.008565 0.014440 0.004619 0.009262 0.012676 0.008538 0.096239 0.009560 0.139838 0.006301 0.009117 0.008196 0.006996 0.001141 0.099602 0.002491 0.016380 0.052673 0.012858
0.799069 0.000612 0.000045 0.001336 0.000483 0.000582 0.000190 0.000106 0.004623 0.003718 0.002932 0.000166 0.000732 0.000440 0.000803 0.000062 0.000721 0.000162 0.000395 0.032901 0.000868 0.137632 0.000054 0.000448 0.002459 0.000197 0.000737 0.002376 0.000060 0.002450 0.001458 0.001183
0.589154 0.005562 0.000558 0.036141 0.004117 0.003328 0.007845 0.001469 0.012848 0.013210 0.002729 0.005934 0.000756 0.003117 0.002300 0.004525 0.005263 0.010461 0.004145 0.029403 0.004815 0.113135 0.001368 0.006361 0.001283 0.005209 0.001616 0.080569 0.000654 0.008443 0.025546 0.008137
0.378224 0.003612 0.007548 0.035806 0.134373 0.008804 0.003752 0.002616 0.002233 0.024250 0.011234 0.003727 0.000965 0.009049 0.014860 0.003631 0.019757 0.008719 0.007024 0.017348 0.009566 0.104359 0.002748 0.083915 0.004431 0.007564 0.007321 0.015683 0.006766 0.012532 0.040336 0.007246
0.439444 0.007043 0.000025 0.000514 0.002300 0.000026 0.025583 0.004377 0.001608 0.063041 0.000134 0.078092 0.000005 0.000149 0.000350 0.045832 0.002303 0.001431 0.004162 0.002342 0.000694 0.001964 0.290482 0.000945 0.000088 0.000900 0.000279 0.022567 0.000471 0.001327 0.000381 0.001141
0.646582 0.002275 0.000143 0.077738 0.005374 0.010325 0.002994 0.000785 0.003318 0.027424 0.001288 0.003307 0.000521 0.001103 0.003900 0.001310 0.003935 0.002937 0.000604 0.038309 0.005990 0.015914 0.001690 0.002897 0.001580 0.004906 0.000929 0.107736 0.000684 0.006778 0.012654 0.004068
0.376093 0.006370 0.000914 0.032262 0.005654 0.006352 0.013931 0.002295 0.007246 0.054840 0.001677 0.005065 0.001139 0.006497 0.011127 0.003613 0.007230 0.013066 0.005668 0.099249 0.008511 0.128000 0.004578 0.006901 0.005615 0.006934 0.000774 0.102430 0.001756 0.013492 0.051459 0.009258
