cabinet 479 100 555 253 0.178525 0.721930
bed 7 152 337 426 0.999588 0.000266
bed 3 282 100 417 0.356727 0.586256
bed 0 144 134 232 0.298324 0.344437
chair 492 176 560 426 0.798101 0.109354
chair 169 415 181 424 0.145908 0.687245
chair 526 192 543 236 0.106226 0.831196
sofa 283 259 373 333 0.141868 0.609045
table 439 207 549 423 0.209 0.493602
bookshelf 351 78 510 363 0.929738 0.068161
bookshelf 387 152 527 260 0.21762 0.763361
bookshelf 359 131 429 275 0.135464 0.860266
picture 369 40 479 133 0.998007 0.001776
picture 406 66 424 77 0.783709 0.183473
picture 404 69 433 97 0.686502 0.282738
picture 422 66 470 120 0.667851 0.280645
picture 379 46 477 77 0.647969 0.351593
picture 423 70 432 92 0.609241 0.327956
picture 436 68 450 92 0.48161 0.432113
picture 386 65 394 114 0.47796 0.521148
picture 381 161 400 191 0.415829 0.559969
picture 429 66 440 89 0.380798 0.527610
picture 370 42 382 134 0.297285 0.685049
picture 389 160 421 197 0.282276 0.675372
picture 446 71 458 92 0.278674 0.644477
picture 155 97 182 125 0.237221 0.685878
picture 391 101 466 129 0.226564 0.703578
picture 393 72 402 105 0.190065 0.804917
picture 403 109 425 114 0.156965 0.780057
picture 386 110 391 115 0.11786 0.868908
picture 399 173 403 183 0.11701 0.863846
picture 421 114 428 117 0.105651 0.798271
counter 487 190 491 196 0.117382 0.424090
desk 327 208 543 403 0.40307 0.490785
pillow 23 125 104 164 0.755148 0.235994
pillow 87 169 123 206 0.59491 0.365166
pillow 8 129 117 228 0.475285 0.359974
pillow 267 137 336 219 0.465972 0.500419
pillow 25 142 65 160 0.3723 0.621512
pillow 50 178 90 191 0.268687 0.720321
pillow 60 145 79 164 0.261404 0.732248
pillow 195 144 321 240 0.256233 0.725254
pillow 91 206 95 209 0.250122 0.728315
pillow 1 326 97 426 0.23358 0.558547
pillow 55 161 151 213 0.208817 0.730062
pillow 97 195 98 198 0.194116 0.793841
pillow 164 150 215 205 0.182801 0.759815
pillow 90 192 106 216 0.164734 0.826676
pillow 302 201 339 241 0.149182 0.784112
pillow 64 214 71 223 0.130167 0.831199
pillow 92 169 116 184 0.127631 0.817388
pillow 5 159 114 189 0.113568 0.786583
clothes 452 206 495 243 0.152234 0.504695
tv 448 302 508 371 0.168228 0.698872
paper 464 263 501 286 0.459108 0.249977
paper 481 272 503 298 0.286308 0.471134
paper 0 284 10 293 0.285606 0.624859
paper 318 408 318 411 0.277204 0.298434
paper 481 264 497 265 0.214665 0.666505
paper 383 352 460 398 0.206954 0.386160
paper 451 212 504 302 0.176619 0.495328
paper 367 397 433 426 0.167243 0.168176
paper 272 384 310 404 0.146193 0.462015
paper 454 205 468 209 0.13992 0.768124
paper 439 354 460 383 0.126877 0.603101
paper 535 191 541 203 0.119463 0.624887
paper 62 400 78 426 0.118834 0.462398
paper 541 400 560 421 0.115698 0.453285
paper 77 398 83 408 0.106099 0.814117
paper 320 360 501 426 0.105964 0.567751
paper 449 210 496 241 0.102781 0.504695
box 129 155 166 199 0.798318 0.183190
box 144 161 165 169 0.35927 0.586594
box 361 215 366 241 0.274104 0.694669
box 450 261 453 286 0.267118 0.607324
box 464 260 504 300 0.265169 0.248305
box 480 271 499 287 0.248383 0.317680
box 487 158 494 195 0.228524 0.434356
box 139 156 160 164 0.202365 0.636667
box 318 407 319 411 0.18001 0.298434
box 291 313 384 390 0.171284 0.638485
box 293 338 303 370 0.13988 0.730180
box 364 214 391 268 0.134277 0.841978
box 443 210 496 298 0.123261 0.719873
box 448 264 463 297 0.11598 0.812815
box 64 409 77 426 0.113896 0.260695
box 366 395 433 426 0.110162 0.168176
box 469 74 486 140 0.106536 0.647036
box 459 244 501 266 0.10135 0.767611
box 162 181 164 196 0.101077 0.767356
night_stand 129 139 197 207 0.147799 0.429239
lamp 556 135 560 148 0.126644 0.702956
lamp 487 46 499 88 0.115879 0.768090
bag 460 213 489 241 0.192465 0.506575
garbage_bin 270 383 308 404 0.213154 0.462015
garbage_bin 379 345 462 399 0.1848 0.386160
garbage_bin 363 396 432 426 0.144508 0.168176
