0.005716 0.993869 0.000000 0.000000 0.000000 0.000000 0.000010 0.000001 0.000081 0.000012 0.000204 0.000007 0.000001 0.000079 0.000000 0.000001 0.000000 0.000005 0.000000 0.000000 0.000000 0.000000 0.000002 0.000001 0.000004 0.000001 0.000001 0.000000 0.000001 0.000000 0.000001 0.000000
0.108258 0.889978 0.000000 0.000162 0.000002 0.000006 0.000064 0.000006 0.000013 0.000015 0.001201 0.000026 0.000007 0.000108 0.000002 0.000010 0.000003 0.000005 0.000002 0.000003 0.000003 0.000002 0.000019 0.000004 0.000025 0.000021 0.000019 0.000006 0.000012 0.000004 0.000013 0.000002
0.564899 0.360135 0.000068 0.000025 0.000408 0.000007 0.000569 0.000156 0.000796 0.003224 0.029212 0.000300 0.000136 0.020895 0.000631 0.000140 0.000274 0.001718 0.000280 0.000187 0.000363 0.000883 0.000146 0.000137 0.008925 0.000546 0.000763 0.000273 0.000979 0.000448 0.002325 0.000149
0.806024 0.117495 0.000072 0.000148 0.000403 0.000047 0.000375 0.000129 0.002585 0.002069 0.001910 0.000075 0.000217 0.028336 0.000651 0.000050 0.000324 0.000890 0.000213 0.001626 0.000172 0.002099 0.000023 0.000088 0.022822 0.000269 0.000106 0.000284 0.000167 0.000978 0.009161 0.000194
0.753124 0.102914 0.000184 0.000140 0.000523 0.000261 0.000729 0.000626 0.043322 0.053108 0.007233 0.000928 0.000415 0.006028 0.000523 0.000893 0.001158 0.001148 0.000787 0.003288 0.000344 0.008037 0.000098 0.005684 0.002366 0.000162 0.000287 0.001918 0.000324 0.001780 0.000774 0.000894
0.065146 0.000279 0.000074 0.929361 0.002399 0.000914 0.000033 0.000010 0.000040 0.000015 0.000308 0.000008 0.000131 0.000057 0.000080 0.000016 0.000085 0.000058 0.000013 0.000015 0.000083 0.000030 0.000020 0.000070 0.000032 0.000274 0.000110 0.000037 0.000043 0.000069 0.000148 0.000042
0.309746 0.000125 0.001676 0.288436 0.368712 0.002378 0.000226 0.000109 0.000363 0.000206 0.000980 0.000099 0.001637 0.000296 0.009328 0.000057 0.005794 0.000198 0.000168 0.000617 0.000630 0.000473 0.000096 0.001101 0.000392 0.000267 0.000496 0.000243 0.000280 0.002641 0.001839 0.000391
0.710602 0.000159 0.000013 0.271883 0.006217 0.000269 0.000089 0.000060 0.000191 0.000208 0.000425 0.000156 0.000037 0.000045 0.003221 0.000102 0.001491 0.000038 0.000043 0.000227 0.000308 0.000245 0.000062 0.001343 0.000043 0.000094 0.000167 0.000627 0.000030 0.000997 0.000351 0.000255
0.708787 0.000128 0.000198 0.245830 0.000904 0.011513 0.000208 0.000088 0.000207 0.000719 0.001334 0.000127 0.004331 0.000149 0.001644 0.000123 0.001227 0.000136 0.000209 0.002725 0.000846 0.002116 0.000251 0.004978 0.000489 0.000647 0.000620 0.003595 0.000152 0.003147 0.001222 0.001349
0.711229 0.000647 0.000077 0.239970 0.003326 0.003769 0.000313 0.000246 0.001302 0.001195 0.000560 0.000420 0.002351 0.000251 0.000502 0.000351 0.002319 0.000308 0.000241 0.000692 0.000471 0.000670 0.000261 0.022292 0.000180 0.000231 0.000220 0.001502 0.000121 0.002394 0.000484 0.001106
0.359420 0.012081 0.001561 0.199675 0.005848 0.034306 0.001446 0.001444 0.017532 0.017788 0.006237 0.001246 0.029915 0.004957 0.004550 0.003896 0.004458 0.013819 0.054860 0.013776 0.004136 0.116864 0.002867 0.010654 0.005455 0.000899 0.002681 0.013910 0.000878 0.011174 0.005900 0.035765
0.141710 0.000011 0.000157 0.023891 0.831680 0.000218 0.000009 0.000006 0.000033 0.000011 0.000093 0.000005 0.000040 0.000013 0.001129 0.000005 0.000449 0.000004 0.000006 0.000011 0.000026 0.000012 0.000009 0.000180 0.000014 0.000018 0.000042 0.000021 0.000010 0.000118 0.000051 0.000018
0.393133 0.000323 0.001509 0.250596 0.327560 0.001332 0.000252 0.000151 0.000703 0.000264 0.002243 0.000126 0.002589 0.000414 0.006029 0.000080 0.003754 0.000341 0.000154 0.000567 0.000715 0.000410 0.000134 0.001100 0.000345 0.000352 0.000567 0.000240 0.000482 0.001711 0.001487 0.000342
0.792583 0.000077 0.007547 0.004592 0.183726 0.004641 0.000027 0.000028 0.000199 0.000097 0.001244 0.000013 0.000591 0.000108 0.001178 0.000009 0.000340 0.000116 0.000013 0.000243 0.000219 0.000243 0.000060 0.000067 0.000119 0.000327 0.000236 0.000091 0.000269 0.000140 0.000825 0.000030
0.328228 0.001732 0.006390 0.009770 0.029217 0.209200 0.000186 0.000130 0.017296 0.000477 0.037716 0.000062 0.344073 0.002098 0.000506 0.000053 0.000287 0.001072 0.000287 0.001168 0.000292 0.002097 0.000188 0.000365 0.002306 0.000566 0.001175 0.000241 0.000671 0.000245 0.001292 0.000611
0.369262 0.010782 0.000038 0.000171 0.000085 0.000187 0.000087 0.000048 0.611528 0.001760 0.000586 0.000075 0.002651 0.000353 0.000037 0.000020 0.000057 0.000414 0.000088 0.000421 0.000015 0.000508 0.000013 0.000169 0.000170 0.000025 0.000022 0.000101 0.000016 0.000073 0.000072 0.000164
0.428759 0.008229 0.019443 0.002432 0.018672 0.024986 0.000416 0.000170 0.454664 0.000622 0.013567 0.000086 0.016100 0.003258 0.000366 0.000078 0.000234 0.002350 0.000282 0.000507 0.000115 0.001383 0.000126 0.000497 0.000749 0.000259 0.000415 0.000168 0.000238 0.000091 0.000341 0.000398
0.752524 0.000184 0.000010 0.000082 0.000034 0.000019 0.000047 0.000028 0.238345 0.001283 0.000187 0.000070 0.000020 0.000014 0.000107 0.000012 0.000056 0.000028 0.000040 0.003888 0.000064 0.001965 0.000004 0.000093 0.000032 0.000018 0.000035 0.000471 0.000007 0.000164 0.000073 0.000096
0.770761 0.000644 0.000044 0.000524 0.000111 0.000067 0.000419 0.000264 0.192640 0.003139 0.000663 0.000706 0.000034 0.000053 0.000411 0.000098 0.000288 0.000106 0.000281 0.013541 0.000440 0.009986 0.000079 0.000303 0.000143 0.000390 0.000257 0.001430 0.000080 0.000751 0.000465 0.000880
0.704314 0.072739 0.000113 0.000829 0.000091 0.000122 0.001443 0.000446 0.186835 0.006824 0.001631 0.000627 0.000205 0.001619 0.000264 0.000229 0.000401 0.004086 0.000266 0.004003 0.000285 0.006019 0.000016 0.000134 0.000987 0.000545 0.000378 0.000715 0.000103 0.000600 0.002678 0.000454
0.798970 0.006139 0.000017 0.000034 0.000067 0.000004 0.000616 0.000190 0.171696 0.013677 0.000186 0.002093 0.000004 0.000072 0.000080 0.000344 0.000331 0.000157 0.000099 0.001305 0.000102 0.001569 0.000023 0.000132 0.000035 0.000080 0.000069 0.001408 0.000017 0.000181 0.000108 0.000196
0.860286 0.000869 0.000097 0.000778 0.000211 0.000313 0.000123 0.000112 0.113002 0.000848 0.001750 0.000105 0.000422 0.000113 0.000372 0.000047 0.000177 0.000168 0.000181 0.006346 0.000226 0.010452 0.000032 0.000269 0.000213 0.000110 0.000386 0.000544 0.000079 0.000495 0.000524 0.000348
0.634628 0.066385 0.000083 0.001974 0.000818 0.002013 0.007467 0.001180 0.111176 0.097423 0.003550 0.001054 0.000186 0.001156 0.000173 0.009589 0.001894 0.028448 0.007574 0.002085 0.000471 0.013159 0.001149 0.001333 0.000411 0.000232 0.000669 0.000896 0.000127 0.000564 0.000524 0.001610
0.813980 0.010225 0.000174 0.019211 0.005021 0.003620 0.001372 0.000673 0.101514 0.003477 0.007212 0.000917 0.007579 0.000899 0.000377 0.000680 0.001110 0.002667 0.001022 0.001627 0.000374 0.001830 0.001082 0.005760 0.000439 0.000768 0.000674 0.001489 0.000450 0.000833 0.000656 0.002289
0.021386 0.000012 0.000000 0.000003 0.000004 0.000001 0.000125 0.000028 0.000154 0.960652 0.000003 0.000013 0.000000 0.000005 0.000088 0.001495 0.000399 0.000082 0.000203 0.009066 0.000530 0.003942 0.000014 0.000065 0.000012 0.000004 0.000002 0.000294 0.000002 0.001170 0.000012 0.000233
0.132124 0.000001 0.000000 0.000001 0.000000 0.000001 0.000061 0.000011 0.000321 0.761395 0.000001 0.000007 0.000000 0.000002 0.000046 0.000070 0.000050 0.000067 0.000031 0.100446 0.000223 0.004681 0.000005 0.000008 0.000008 0.000005 0.000001 0.000074 0.000002 0.000295 0.000008 0.000055
0.410158 0.000025 0.000000 0.000006 0.000001 0.000000 0.000061 0.000008 0.000060 0.568137 0.000001 0.000083 0.000000 0.000006 0.000204 0.000076 0.000071 0.000021 0.000004 0.018778 0.000041 0.000778 0.000014 0.000029 0.000010 0.000004 0.000000 0.001203 0.000001 0.000189 0.000005 0.000026
0.496557 0.000096 0.000007 0.000529 0.000052 0.000146 0.000144 0.000085 0.000824 0.392644 0.000182 0.000022 0.000042 0.000065 0.000299 0.000110 0.000100 0.007475 0.000122 0.062008 0.000330 0.035195 0.000049 0.000250 0.000144 0.000063 0.000039 0.000568 0.000068 0.000935 0.000114 0.000736
0.588898 0.000134 0.000012 0.000047 0.000023 0.000008 0.000228 0.000107 0.005941 0.333079 0.000029 0.000793 0.000002 0.000046 0.000846 0.000196 0.000620 0.000057 0.000062 0.044210 0.000498 0.019591 0.000019 0.000335 0.000069 0.000026 0.000011 0.002128 0.000012 0.001527 0.000092 0.000355
0.653387 0.000416 0.000001 0.000007 0.000005 0.000001 0.000036 0.000053 0.000306 0.330467 0.000194 0.000022 0.000000 0.000023 0.000266 0.000152 0.000114 0.000199 0.000011 0.008481 0.000174 0.004415 0.000007 0.000054 0.000027 0.000012 0.000040 0.000575 0.000014 0.000403 0.000024 0.000114
0.629427 0.000351 0.000008 0.000079 0.000027 0.000020 0.000086 0.000232 0.000811 0.260440 0.001053 0.000078 0.000004 0.000095 0.001477 0.000416 0.000461 0.000393 0.000049 0.063137 0.001047 0.031492 0.000060 0.000401 0.000136 0.000078 0.000759 0.004199 0.000134 0.001779 0.000143 0.001130
0.729183 0.000039 0.000016 0.000250 0.000186 0.000034 0.000161 0.000073 0.000538 0.217963 0.000014 0.000058 0.000005 0.000051 0.001812 0.001020 0.014186 0.000050 0.005956 0.007168 0.002620 0.004999 0.000039 0.000805 0.000117 0.000007 0.000010 0.000820 0.000003 0.009814 0.000049 0.001953
0.734634 0.000251 0.000012 0.000050 0.000029 0.000004 0.000317 0.000117 0.023549 0.215729 0.000032 0.001468 0.000003 0.000043 0.000414 0.000207 0.000304 0.000083 0.000088 0.015941 0.000172 0.003557 0.000067 0.000281 0.000063 0.000038 0.000012 0.001697 0.000011 0.000490 0.000060 0.000276
0.646465 0.000168 0.000038 0.000048 0.000039 0.000030 0.010292 0.000995 0.000549 0.210205 0.000039 0.005065 0.000001 0.000066 0.001456 0.032855 0.015810 0.000104 0.001167 0.028568 0.012210 0.010671 0.000165 0.001375 0.000261 0.000406 0.000066 0.008624 0.000040 0.011131 0.000534 0.000555
0.755538 0.000070 0.000005 0.000083 0.000008 0.000024 0.000039 0.000095 0.000293 0.189169 0.000310 0.000035 0.000004 0.000032 0.001421 0.000231 0.000376 0.000301 0.000018 0.038005 0.000676 0.009414 0.000014 0.000227 0.000046 0.000054 0.000237 0.001324 0.000078 0.001290 0.000117 0.000469
0.822686 0.000377 0.000003 0.000040 0.000008 0.000008 0.000058 0.000015 0.000393 0.162660 0.000026 0.000042 0.000002 0.000217 0.000336 0.000044 0.000114 0.000216 0.000010 0.006462 0.000049 0.004744 0.000005 0.000066 0.000091 0.000008 0.000005 0.000916 0.000006 0.000265 0.000042 0.000088
0.824730 0.000482 0.000001 0.000011 0.000004 0.000002 0.000072 0.000022 0.000241 0.161471 0.000041 0.000011 0.000000 0.000029 0.000184 0.000091 0.000061 0.000295 0.000011 0.008572 0.000132 0.002819 0.000004 0.000018 0.000050 0.000013 0.000006 0.000178 0.000008 0.000349 0.000050 0.000044
0.822167 0.000618 0.000005 0.000053 0.000019 0.000048 0.000068 0.000042 0.002339 0.144851 0.000289 0.000037 0.000015 0.000205 0.000389 0.000066 0.000133 0.000384 0.000025 0.009566 0.000111 0.016628 0.000009 0.000164 0.000166 0.000027 0.000051 0.000658 0.000035 0.000550 0.000083 0.000200
0.834588 0.000772 0.000004 0.000085 0.000023 0.000043 0.000063 0.000036 0.003954 0.126176 0.000217 0.000063 0.000023 0.000244 0.000293 0.000053 0.000129 0.000342 0.000033 0.010411 0.000099 0.019227 0.000007 0.000220 0.000147 0.000019 0.000040 0.001744 0.000021 0.000541 0.000112 0.000270
0.760070 0.001037 0.000009 0.000091 0.000071 0.000019 0.000130 0.000316 0.002818 0.125632 0.004274 0.000204 0.000005 0.000091 0.001080 0.000450 0.000703 0.000139 0.000103 0.063880 0.001227 0.026846 0.000219 0.000543 0.000210 0.000106 0.001191 0.005141 0.000138 0.001769 0.000188 0.001301
0.768923 0.000352 0.000060 0.000749 0.000192 0.000182 0.000223 0.000168 0.002850 0.125275 0.000395 0.000050 0.000061 0.000310 0.000695 0.000215 0.000204 0.018194 0.000209 0.038485 0.000447 0.038065 0.000072 0.000400 0.000166 0.000123 0.000128 0.000933 0.000177 0.000836 0.000165 0.000697
0.708184 0.134546 0.000054 0.000032 0.000164 0.000058 0.000101 0.000101 0.000873 0.002296 0.144654 0.000088 0.000064 0.003460 0.000053 0.000107 0.000123 0.000724 0.000012 0.000216 0.000147 0.000581 0.000026 0.000133 0.000550 0.000115 0.001689 0.000139 0.000313 0.000107 0.000232 0.000060
0.510313 0.002505 0.022642 0.006282 0.038934 0.106241 0.000348 0.000255 0.012496 0.000924 0.112641 0.000116 0.136861 0.004354 0.002367 0.000079 0.000922 0.001431 0.000373 0.007176 0.001859 0.008434 0.000289 0.000617 0.004481 0.001028 0.004867 0.000409 0.002317 0.000854 0.006713 0.000872
0.351896 0.002569 0.008489 0.010549 0.032302 0.109745 0.000406 0.000274 0.034152 0.001210 0.046166 0.000147 0.357907 0.005537 0.001688 0.000091 0.000862 0.001720 0.000624 0.005327 0.000955 0.007139 0.000289 0.000799 0.006805 0.001322 0.002641 0.000642 0.001335 0.000803 0.004175 0.001436
0.573128 0.000205 0.008426 0.000759 0.070706 0.000307 0.000547 0.000241 0.000453 0.000870 0.001970 0.000199 0.000029 0.000503 0.299490 0.000057 0.015797 0.000180 0.000090 0.004108 0.004955 0.004317 0.000120 0.000389 0.000775 0.000819 0.001316 0.000754 0.000576 0.003426 0.004224 0.000267
0.522333 0.000072 0.004205 0.007309 0.042219 0.002038 0.000214 0.000119 0.000074 0.001284 0.000779 0.000100 0.001288 0.000677 0.262815 0.000061 0.053832 0.000113 0.000516 0.007417 0.011315 0.005815 0.000075 0.002259 0.002106 0.000215 0.000518 0.001098 0.000645 0.060609 0.007111 0.000768
0.791950 0.000018 0.000710 0.000189 0.002411 0.000129 0.000064 0.000031 0.000047 0.000416 0.000201 0.000032 0.000015 0.000110 0.176208 0.000017 0.007408 0.000025 0.000022 0.002645 0.003543 0.001754 0.000012 0.000443 0.000223 0.000029 0.000086 0.000173 0.000068 0.010227 0.000696 0.000095
0.730724 0.000038 0.001173 0.000636 0.005424 0.000323 0.000216 0.000093 0.000059 0.001772 0.000703 0.000069 0.000141 0.000547 0.137546 0.000049 0.034719 0.000092 0.000316 0.007802 0.007911 0.008835 0.000036 0.002064 0.000984 0.000125 0.000207 0.000561 0.000329 0.050552 0.005578 0.000378
0.748857 0.000040 0.007696 0.002757 0.015253 0.000249 0.000167 0.000079 0.000148 0.003124 0.000194 0.000080 0.000067 0.000632 0.107619 0.000077 0.051168 0.000172 0.000381 0.005391 0.011678 0.018622 0.000045 0.001033 0.000644 0.000191 0.000147 0.001401 0.000199 0.017524 0.003845 0.000519
0.674497 0.000121 0.001798 0.001861 0.005432 0.000905 0.000900 0.000303 0.000204 0.003870 0.000928 0.000263 0.000260 0.001415 0.105599 0.000198 0.068483 0.000428 0.001059 0.015167 0.011813 0.016752 0.000163 0.002079 0.003336 0.000516 0.000309 0.000778 0.000550 0.066094 0.012944 0.000973
0.463698 0.001421 0.011063 0.016557 0.050801 0.014110 0.002495 0.001723 0.001169 0.013135 0.017723 0.001415 0.005230 0.008031 0.104022 0.000894 0.023549 0.001975 0.004038 0.037752 0.015469 0.031132 0.001031 0.014561 0.007623 0.004793 0.002709 0.009355 0.011333 0.067557 0.049580 0.004056
0.372990 0.000025 0.000049 0.000334 0.000019 0.000085 0.000068 0.000039 0.000213 0.001330 0.000073 0.000040 0.000068 0.000094 0.005423 0.000036 0.002876 0.000073 0.000083 0.572988 0.003646 0.021794 0.000045 0.000201 0.000817 0.000094 0.000288 0.000698 0.000035 0.013590 0.000868 0.001019
0.443083 0.000000 0.000002 0.000017 0.000001 0.000003 0.000002 0.000001 0.000007 0.000111 0.000003 0.000001 0.000001 0.000005 0.002456 0.000001 0.000287 0.000002 0.000002 0.545371 0.000387 0.005289 0.000001 0.000011 0.000102 0.000006 0.000009 0.000037 0.000001 0.002564 0.000189 0.000048
0.507584 0.000003 0.000011 0.000041 0.000002 0.000018 0.000012 0.000006 0.000020 0.000189 0.000022 0.000004 0.000007 0.000022 0.002651 0.000003 0.002541 0.000010 0.000009 0.463091 0.002694 0.012726 0.000003 0.000020 0.000371 0.000010 0.000029 0.000089 0.000004 0.006865 0.000857 0.000088
0.570798 0.000028 0.000025 0.000895 0.000078 0.000078 0.000107 0.000057 0.000238 0.002545 0.000090 0.000067 0.000030 0.000077 0.007226 0.000081 0.000725 0.000092 0.000118 0.389446 0.001855 0.008940 0.000087 0.000462 0.000519 0.000403 0.000500 0.002025 0.000066 0.009873 0.001254 0.001215
0.704078 0.000000 0.000000 0.000011 0.000001 0.000000 0.000000 0.000000 0.000003 0.000038 0.000009 0.000000 0.000002 0.000001 0.000100 0.000000 0.000013 0.000000 0.000001 0.292633 0.000016 0.002762 0.000000 0.000004 0.000030 0.000001 0.000003 0.000047 0.000000 0.000164 0.000031 0.000051
0.097280 0.000000 0.000000 0.000001 0.000000 0.000000 0.000019 0.000004 0.000120 0.623836 0.000001 0.000002 0.000000 0.000001 0.000061 0.000016 0.000029 0.000051 0.000011 0.271411 0.000136 0.006647 0.000003 0.000004 0.000007 0.000002 0.000000 0.000045 0.000001 0.000273 0.000006 0.000034
0.725977 0.000013 0.000029 0.000164 0.000020 0.000058 0.000042 0.000018 0.001012 0.000878 0.000101 0.000015 0.000033 0.000044 0.002785 0.000012 0.000758 0.000027 0.000028 0.250913 0.001216 0.011471 0.000009 0.000088 0.000290 0.000055 0.000105 0.000305 0.000018 0.002611 0.000709 0.000197
0.241122 0.000004 0.000001 0.000002 0.000001 0.000000 0.000044 0.000007 0.000081 0.503181 0.000002 0.000007 0.000000 0.000004 0.000263 0.000037 0.000091 0.000082 0.000008 0.247487 0.000212 0.006413 0.000006 0.000012 0.000015 0.000005 0.000001 0.000214 0.000002 0.000633 0.000016 0.000046
0.509842 0.000733 0.000471 0.049274 0.000629 0.030987 0.001302 0.000481 0.001417 0.009714 0.004519 0.000588 0.016559 0.001366 0.007950 0.000633 0.002923 0.002019 0.001986 0.207263 0.008080 0.058265 0.001112 0.012884 0.003973 0.003144 0.003876 0.011754 0.002161 0.028226 0.004588 0.011279
0.808345 0.000010 0.000022 0.000412 0.000034 0.000156 0.000043 0.000018 0.000358 0.000762 0.000147 0.000012 0.000154 0.000075 0.001606 0.000009 0.001028 0.000073 0.000051 0.172137 0.001106 0.008216 0.000011 0.000071 0.000606 0.000062 0.000067 0.000316 0.000017 0.002553 0.001137 0.000385
0.311385 0.003543 0.006057 0.024567 0.023597 0.045649 0.003319 0.004829 0.004717 0.024604 0.017535 0.002355 0.002451 0.003385 0.026675 0.002348 0.005957 0.017121 0.005667 0.155296 0.029416 0.107033 0.003538 0.009022 0.005472 0.003162 0.003139 0.024583 0.008069 0.043803 0.060639 0.011066
0.810566 0.000008 0.000066 0.000012 0.000002 0.000020 0.000012 0.000010 0.000026 0.000337 0.000083 0.000006 0.000012 0.000045 0.010520 0.000006 0.003945 0.000013 0.000011 0.146305 0.005312 0.014343 0.000003 0.000024 0.000820 0.000016 0.000138 0.000214 0.000011 0.005604 0.001370 0.000141
0.576280 0.000742 0.000201 0.000608 0.000510 0.000087 0.001116 0.000364 0.022115 0.061341 0.000328 0.000836 0.000021 0.000239 0.007797 0.000966 0.002295 0.000503 0.000908 0.131770 0.005170 0.144999 0.000299 0.001719 0.000820 0.000389 0.000237 0.018537 0.000167 0.013034 0.003450 0.002150
0.245894 0.003936 0.004449 0.025710 0.025510 0.020999 0.010577 0.005702 0.004102 0.052210 0.015329 0.006709 0.003019 0.011938 0.030602 0.006864 0.019762 0.011958 0.043844 0.122830 0.024133 0.105465 0.009682 0.021359 0.010795 0.005678 0.002049 0.014524 0.009274 0.042432 0.060985 0.021681
0.765786 0.000202 0.000304 0.012517 0.000683 0.003458 0.000418 0.000309 0.002500 0.003686 0.001965 0.000210 0.010110 0.000639 0.003374 0.000213 0.003725 0.000808 0.000475 0.116753 0.002894 0.045333 0.000241 0.001300 0.001418 0.000643 0.002042 0.003892 0.000250 0.005397 0.002934 0.005520
0.869680 0.000013 0.000015 0.000947 0.000064 0.000309 0.000058 0.000027 0.000664 0.000980 0.000218 0.000016 0.000253 0.000076 0.001129 0.000009 0.000678 0.000125 0.000071 0.111637 0.000868 0.007584 0.000016 0.000088 0.000493 0.000093 0.000079 0.000359 0.000021 0.001917 0.000998 0.000514
0.861463 0.000005 0.000000 0.000038 0.000046 0.000002 0.000009 0.000009 0.000032 0.001634 0.000364 0.000008 0.000012 0.000007 0.003002 0.000003 0.000634 0.000002 0.000013 0.110510 0.000811 0.007192 0.000001 0.001050 0.000271 0.000015 0.000050 0.001057 0.000018 0.010897 0.000503 0.000341
0.542403 0.003037 0.000663 0.004567 0.000657 0.002256 0.001476 0.000609 0.010561 0.020546 0.003387 0.001019 0.000616 0.001767 0.004831 0.000677 0.003021 0.003183 0.001576 0.108825 0.006746 0.174551 0.000401 0.002248 0.002362 0.001167 0.001506 0.025934 0.000668 0.017179 0.048874 0.002685
0.646691 0.001852 0.000201 0.000460 0.000158 0.000486 0.001257 0.000650 0.004965 0.064588 0.001060 0.001373 0.000087 0.000614 0.001403 0.001278 0.001131 0.006012 0.001510 0.053544 0.003349 0.158038 0.000199 0.004458 0.001349 0.000691 0.001121 0.030973 0.000379 0.004315 0.002418 0.003390
0.480020 0.021796 0.003503 0.054352 0.003332 0.037265 0.001377 0.001793 0.011421 0.013882 0.058508 0.001175 0.031317 0.005189 0.003287 0.002131 0.004562 0.007151 0.007178 0.035357 0.019341 0.129638 0.005396 0.002831 0.009316 0.001695 0.006270 0.003088 0.003714 0.012054 0.016599 0.005462
0.748349 0.000700 0.000409 0.001752 0.000676 0.000360 0.000682 0.000823 0.015315 0.012295 0.005365 0.001652 0.000482 0.000611 0.003825 0.000322 0.001926 0.000881 0.000765 0.050536 0.003555 0.123977 0.000246 0.002032 0.001310 0.000697 0.002338 0.005217 0.000435 0.005697 0.002912 0.003860
0.359420 0.012081 0.001561 0.199675 0.005848 0.034306 0.001446 0.001444 0.017532 0.017788 0.006237 0.001246 0.029915 0.004957 0.004550 0.003896 0.004458 0.013819 0.054860 0.013776 0.004136 0.116864 0.002867 0.010654 0.005455 0.000899 0.002681 0.013910 0.000878 0.011174 0.005900 0.035765
0.798486 0.001624 0.000183 0.000801 0.000389 0.001151 0.000392 0.000267 0.002033 0.011369 0.006140 0.000348 0.000787 0.000755 0.001196 0.000116 0.001755 0.000535 0.000455 0.048973 0.003045 0.108434 0.001619 0.000492 0.000765 0.000407 0.000518 0.001011 0.000324 0.002762 0.001854 0.001011
0.779672 0.001139 0.000167 0.001933 0.000225 0.000381 0.000597 0.000493 0.010083 0.005760 0.008605 0.000728 0.000277 0.000485 0.001250 0.000345 0.001374 0.000456 0.000505 0.053765 0.003731 0.107179 0.000266 0.000716 0.001694 0.000452 0.002564 0.005033 0.000265 0.005219 0.003108 0.001536
0.311385 0.003543 0.006057 0.024567 0.023597 0.045649 0.003319 0.004829 0.004717 0.024604 0.017535 0.002355 0.002451 0.003385 0.026675 0.002348 0.005957 0.017121 0.005667 0.155296 0.029416 0.107033 0.003538 0.009022 0.005472 0.003162 0.003139 0.024583 0.008069 0.043803 0.060639 0.011066
0.245894 0.003936 0.004449 0.025710 0.025510 0.020999 0.010577 0.005702 0.004102 0.052210 0.015329 0.006709 0.003019 0.011938 0.030602 0.006864 0.019762 0.011958 0.043844 0.122830 0.024133 0.105465 0.009682 0.021359 0.010795 0.005678 0.002049 0.014524 0.009274 0.042432 0.060985 0.021681
0.054337 0.000007 0.000007 0.000024 0.000120 0.000005 0.000013 0.000010 0.000011 0.000134 0.000031 0.000044 0.000001 0.000011 0.000079 0.000161 0.000665 0.000005 0.000009 0.000008 0.000016 0.000049 0.000013 0.943797 0.000007 0.000001 0.000001 0.000107 0.000001 0.000301 0.000003 0.000024
0.319984 0.000000 0.000000 0.000009 0.000038 0.000001 0.000000 0.000000 0.000001 0.000007 0.000003 0.000001 0.000000 0.000000 0.000024 0.000001 0.000041 0.000000 0.000000 0.000003 0.000002 0.000005 0.000000 0.679774 0.000000 0.000000 0.000000 0.000005 0.000000 0.000099 0.000000 0.000001
0.418164 0.000006 0.000008 0.000080 0.000173 0.000032 0.000004 0.000006 0.000009 0.000111 0.000025 0.000008 0.000002 0.000007 0.000137 0.000010 0.000153 0.000004 0.000006 0.000036 0.000018 0.000100 0.000006 0.580407 0.000006 0.000001 0.000001 0.000101 0.000001 0.000355 0.000006 0.000017
0.623273 0.000474 0.000126 0.004478 0.000946 0.000568 0.000266 0.000333 0.000224 0.006578 0.001516 0.000952 0.000118 0.000273 0.001573 0.001052 0.005261 0.000109 0.000135 0.001956 0.000971 0.001917 0.000272 0.335917 0.000259 0.000067 0.000183 0.002274 0.000098 0.006672 0.000309 0.000848
0.670304 0.000012 0.000004 0.000312 0.000063 0.000016 0.000010 0.000012 0.000010 0.000654 0.000050 0.000047 0.000005 0.000009 0.000089 0.000062 0.001476 0.000003 0.000004 0.000165 0.000054 0.000132 0.000011 0.321888 0.000010 0.000001 0.000003 0.000384 0.000001 0.004123 0.000022 0.000064
0.720532 0.000000 0.000000 0.000013 0.000004 0.000003 0.000000 0.000000 0.000000 0.000011 0.000002 0.000001 0.000000 0.000000 0.000014 0.000001 0.000025 0.000000 0.000000 0.000005 0.000001 0.000015 0.000000 0.279295 0.000000 0.000000 0.000000 0.000010 0.000000 0.000062 0.000000 0.000001
0.689367 0.000237 0.000077 0.006991 0.000963 0.001265 0.000161 0.000197 0.000527 0.003171 0.000915 0.000446 0.000783 0.000125 0.000308 0.000560 0.003403 0.000090 0.000115 0.001111 0.000459 0.000920 0.000317 0.277896 0.000109 0.000035 0.000145 0.001897 0.000039 0.006241 0.000232 0.000896
0.758299 0.000248 0.000079 0.011913 0.001116 0.002217 0.000308 0.000300 0.000272 0.003148 0.000969 0.000929 0.000158 0.000110 0.001149 0.000920 0.004951 0.000122 0.000176 0.002955 0.001420 0.001246 0.000468 0.196107 0.000109 0.000144 0.000345 0.002597 0.000152 0.005139 0.000726 0.001209
0.851068 0.000008 0.000015 0.000342 0.000519 0.000054 0.000011 0.000014 0.000030 0.000084 0.000077 0.000020 0.000013 0.000016 0.000374 0.000069 0.007401 0.000004 0.000004 0.000060 0.000075 0.000059 0.000008 0.136053 0.000010 0.000002 0.000005 0.000136 0.000003 0.003414 0.000020 0.000033
0.877924 0.000002 0.000001 0.000064 0.000011 0.000004 0.000002 0.000003 0.000005 0.000574 0.000010 0.000010 0.000001 0.000002 0.000049 0.000018 0.000314 0.000001 0.000003 0.000230 0.000017 0.000354 0.000002 0.119040 0.000004 0.000000 0.000001 0.000138 0.000000 0.001190 0.000004 0.000023
0.834666 0.000361 0.000027 0.020090 0.000310 0.000293 0.000239 0.000169 0.000290 0.003212 0.000224 0.000671 0.000084 0.000143 0.000816 0.000974 0.004208 0.000115 0.000160 0.001427 0.000705 0.001499 0.000198 0.118233 0.000089 0.000069 0.000073 0.002820 0.000037 0.006468 0.000185 0.001144
0.859410 0.000054 0.000103 0.001973 0.000494 0.000311 0.000054 0.000078 0.000321 0.002262 0.000569 0.000134 0.000157 0.000057 0.000387 0.000119 0.003330 0.000041 0.000036 0.001324 0.000335 0.001062 0.000058 0.116188 0.000056 0.000011 0.000048 0.000973 0.000015 0.009463 0.000154 0.000422
0.285133 0.003689 0.002473 0.065467 0.024135 0.022425 0.003563 0.003166 0.001769 0.039372 0.015222 0.002891 0.007643 0.010671 0.057028 0.003327 0.037313 0.002040 0.024198 0.048489 0.033802 0.050611 0.001757 0.021776 0.011698 0.005673 0.005348 0.015968 0.011718 0.108806 0.060514 0.012316
0.382532 0.002898 0.003460 0.033801 0.013216 0.009792 0.003440 0.002860 0.003769 0.038123 0.018455 0.004037 0.007140 0.009753 0.027098 0.004828 0.041931 0.003894 0.007270 0.052896 0.020844 0.041098 0.002300 0.062244 0.005307 0.005361 0.006089 0.018389 0.008091 0.106350 0.041151 0.011583
