cabinet 1 117 105 278 0.177545 0.484891
bed 7 287 180 391 0.242662 0.334930
bed 451 199 552 358 0.110718 0.631550
bed 134 315 405 426 0.10103 0.844354
chair 213 189 406 336 0.372206 0.262275
chair 63 416 67 420 0.295092 0.459020
chair 71 420 76 426 0.185433 0.257049
chair 0 419 11 426 0.152805 0.483056
chair 381 358 392 382 0.133643 0.857233
sofa 5 214 175 410 0.981941 0.005966
sofa 217 155 386 382 0.781433 0.136380
sofa 447 136 559 356 0.504677 0.426988
sofa 238 222 394 296 0.139582 0.837698
table 219 350 560 419 0.273759 0.650467
table 23 210 201 295 0.211204 0.605554
table 233 247 429 344 0.130867 0.757738
door 400 7 417 251 0.196306 0.678369
picture 103 14 193 117 0.892542 0.100111
picture 3 5 83 122 0.366658 0.327478
picture 288 157 379 238 0.360583 0.350520
picture 29 181 64 207 0.196087 0.463862
picture 343 188 346 191 0.146428 0.800409
picture 334 192 359 211 0.141989 0.827605
picture 356 207 368 221 0.12996 0.824346
picture 168 107 183 110 0.119413 0.807099
picture 361 378 389 398 0.112167 0.729054
blinds 213 7 413 244 0.959763 0.036948
blinds 80 9 309 227 0.825232 0.168204
blinds 253 0 286 209 0.700431 0.297023
blinds 200 0 248 252 0.700028 0.297555
blinds 354 6 422 241 0.411495 0.511839
blinds 273 0 301 184 0.201992 0.793822
blinds 318 0 375 221 0.164972 0.823236
pillow 0 238 63 336 0.893435 0.060865
pillow 255 171 368 274 0.682986 0.302264
pillow 239 198 303 260 0.510238 0.481669
pillow 5 267 166 341 0.318598 0.643202
pillow 1 243 37 288 0.273129 0.400447
pillow 449 246 556 297 0.257652 0.515487
pillow 9 344 124 402 0.21341 0.695353
pillow 454 162 558 280 0.212262 0.717230
pillow 1 279 48 308 0.183861 0.812723
pillow 489 205 560 249 0.18299 0.768619
pillow 0 313 11 326 0.139574 0.806054
pillow 65 291 165 320 0.133155 0.854810
pillow 1 300 13 315 0.12982 0.867515
pillow 205 358 220 371 0.122289 0.852319
pillow 8 312 150 367 0.117986 0.844292
pillow 227 356 231 360 0.107447 0.890909
pillow 305 202 332 225 0.105065 0.876174
mirror 0 2 84 130 0.203265 0.327478
paper 199 400 209 407 0.32186 0.474504
paper 434 315 447 320 0.274402 0.524012
paper 200 400 205 402 0.260342 0.625453
paper 527 397 557 411 0.24469 0.498235
paper 438 395 451 399 0.215036 0.463835
paper 167 401 180 414 0.18561 0.614528
paper 500 388 537 426 0.176533 0.445577
paper 166 364 205 426 0.17631 0.293324
paper 448 368 535 425 0.17142 0.556618
paper 97 398 128 426 0.167829 0.581012
paper 196 400 209 426 0.164865 0.335905
paper 203 408 210 418 0.161781 0.445968
paper 508 33 510 34 0.161526 0.109840
paper 508 360 557 411 0.151549 0.720133
paper 196 400 242 426 0.133653 0.487929
paper 530 47 560 58 0.130007 0.223366
paper 42 408 57 415 0.127822 0.564634
paper 289 183 323 214 0.125566 0.547267
paper 207 382 237 410 0.124639 0.843104
paper 47 398 67 409 0.123358 0.759710
paper 534 409 560 426 0.119024 0.241507
paper 404 301 413 304 0.111308 0.808145
paper 410 384 417 388 0.111115 0.763231
paper 305 200 315 212 0.108528 0.746300
paper 334 394 499 426 0.106994 0.557168
paper 517 352 531 360 0.104544 0.854435
towel 0 243 55 284 0.134721 0.349007
box 317 170 349 196 0.555358 0.327373
box 271 167 368 209 0.47927 0.383499
box 8 196 23 219 0.241881 0.644852
box 352 163 374 223 0.191161 0.673551
box 382 380 392 398 0.177344 0.697872
box 498 385 539 426 0.171612 0.445577
box 537 396 557 408 0.16771 0.419671
box 288 183 324 215 0.16043 0.547267
box 527 395 560 426 0.157661 0.362683
box 31 181 93 251 0.157547 0.621988
box 438 395 452 399 0.155559 0.463835
box 2 128 91 219 0.142269 0.421775
box 436 158 553 242 0.140692 0.782010
box 20 212 50 224 0.1344 0.772061
box 202 408 210 418 0.132383 0.445968
box 485 4 531 52 0.130159 0.208276
box 351 221 365 226 0.130005 0.747252
box 199 400 209 407 0.119921 0.474504
box 195 398 209 426 0.119343 0.335905
box 526 2 543 52 0.117374 0.614682
box 164 360 206 425 0.116418 0.293324
box 451 192 495 240 0.114444 0.878111
box 96 414 128 426 0.111645 0.315918
box 305 200 315 212 0.110606 0.746300
box 466 209 473 236 0.104027 0.887637
box 166 400 181 413 0.103185 0.614528
lamp 7 115 100 250 0.219116 0.345424
lamp 389 246 425 255 0.21284 0.517309
lamp 365 212 387 251 0.137458 0.669713
bag 0 244 54 281 0.214333 0.349007
bag 0 244 13 262 0.170013 0.555381
bag 1 232 28 260 0.110506 0.621522
garbage_bin 483 32 523 51 0.164383 0.450919
garbage_bin 507 33 510 34 0.140077 0.109840
garbage_bin 530 46 560 59 0.120379 0.223366
