0.110582 0.763677 0.000828 0.000081 0.000043 0.001366 0.002157 0.000199 0.009309 0.000841 0.003014 0.000520 0.005883 0.072878 0.000051 0.000888 0.000670 0.008737 0.001420 0.000188 0.000470 0.000667 0.000010 0.000265 0.009400 0.000531 0.000535 0.000342 0.000086 0.000254 0.003905 0.000203
0.343936 0.400454 0.000126 0.000407 0.000131 0.000162 0.003689 0.000242 0.000826 0.000884 0.002600 0.000171 0.000809 0.096889 0.000159 0.000392 0.000480 0.008096 0.007785 0.000443 0.000848 0.002091 0.000031 0.000085 0.081310 0.000945 0.001511 0.000267 0.000178 0.001648 0.042065 0.000343
0.212755 0.287253 0.000483 0.008292 0.000047 0.032457 0.002485 0.000231 0.004688 0.000289 0.001296 0.000125 0.101921 0.165286 0.000027 0.000362 0.000494 0.011149 0.017465 0.000169 0.001225 0.001291 0.000075 0.000220 0.133330 0.000724 0.000341 0.000266 0.000134 0.001509 0.012922 0.000692
0.320118 0.158798 0.003298 0.001897 0.002074 0.048454 0.001567 0.000205 0.004138 0.000472 0.019695 0.000166 0.331262 0.054422 0.000083 0.000628 0.000309 0.004969 0.005452 0.000125 0.000279 0.000328 0.000194 0.000277 0.017279 0.004407 0.005548 0.000691 0.002048 0.000210 0.010145 0.000462
0.060258 0.008528 0.108445 0.013956 0.026794 0.594008 0.000952 0.000349 0.000945 0.001444 0.005836 0.000236 0.082027 0.026271 0.002870 0.000454 0.002495 0.003537 0.002732 0.001188 0.002211 0.003370 0.000651 0.001188 0.008867 0.010376 0.003568 0.007013 0.005473 0.001913 0.010770 0.001274
0.231468 0.000686 0.002632 0.391785 0.257612 0.007349 0.001027 0.000243 0.000214 0.000969 0.002485 0.000165 0.000836 0.001453 0.011342 0.000407 0.003978 0.001709 0.000735 0.000637 0.011117 0.002042 0.000285 0.000914 0.000885 0.035951 0.004957 0.002878 0.002018 0.002751 0.017575 0.000894
0.295003 0.004597 0.004855 0.133122 0.010479 0.028801 0.014245 0.005320 0.008199 0.021411 0.013447 0.013516 0.004279 0.009449 0.014653 0.006915 0.033001 0.009470 0.008043 0.060537 0.033890 0.089601 0.004120 0.030051 0.008041 0.005481 0.004748 0.023479 0.003082 0.043888 0.040760 0.013517
0.389300 0.003792 0.004563 0.119940 0.008817 0.025302 0.014078 0.005580 0.007808 0.017505 0.011338 0.020386 0.002407 0.006734 0.013174 0.005599 0.026724 0.007576 0.006240 0.050815 0.025404 0.075551 0.002953 0.023571 0.006386 0.005496 0.004411 0.021749 0.002168 0.033772 0.039283 0.011579
0.462941 0.000725 0.001228 0.013412 0.264464 0.002468 0.001451 0.001212 0.001073 0.005332 0.005130 0.000732 0.001308 0.001596 0.008116 0.001124 0.024851 0.002050 0.000481 0.009170 0.011669 0.007288 0.003354 0.069531 0.001339 0.004042 0.001309 0.008860 0.006642 0.052780 0.018651 0.005672
0.231468 0.000686 0.002632 0.391785 0.257612 0.007349 0.001027 0.000243 0.000214 0.000969 0.002485 0.000165 0.000836 0.001453 0.011342 0.000407 0.003978 0.001709 0.000735 0.000637 0.011117 0.002042 0.000285 0.000914 0.000885 0.035951 0.004957 0.002878 0.002018 0.002751 0.017575 0.000894
0.710701 0.000519 0.000698 0.010692 0.145096 0.000947 0.001072 0.000636 0.000513 0.003735 0.002718 0.000324 0.000715 0.000824 0.009605 0.000949 0.007934 0.000881 0.000124 0.008515 0.006485 0.005028 0.002242 0.025080 0.000713 0.011414 0.001519 0.010640 0.010951 0.011393 0.004325 0.003010
0.693451 0.001108 0.003133 0.010710 0.111841 0.002789 0.001814 0.001068 0.001134 0.009019 0.003360 0.000790 0.001384 0.002082 0.012367 0.001572 0.014682 0.001962 0.000560 0.013689 0.009462 0.007901 0.004376 0.024315 0.001477 0.005867 0.001683 0.013986 0.007688 0.018672 0.011046 0.005013
0.060258 0.008528 0.108445 0.013956 0.026794 0.594008 0.000952 0.000349 0.000945 0.001444 0.005836 0.000236 0.082027 0.026271 0.002870 0.000454 0.002495 0.003537 0.002732 0.001188 0.002211 0.003370 0.000651 0.001188 0.008867 0.010376 0.003568 0.007013 0.005473 0.001913 0.010770 0.001274
0.579999 0.025138 0.000361 0.001862 0.000481 0.000418 0.158169 0.004956 0.011327 0.015429 0.008201 0.026605 0.000068 0.002749 0.000971 0.011615 0.003573 0.013527 0.001278 0.043161 0.014744 0.029820 0.002746 0.002404 0.000905 0.005921 0.003951 0.004534 0.001164 0.007707 0.014224 0.001992
0.476488 0.000126 0.000013 0.000123 0.000021 0.000024 0.000172 0.000109 0.000406 0.492233 0.000044 0.000122 0.000007 0.000110 0.001034 0.001528 0.000855 0.000420 0.000119 0.011086 0.000670 0.006061 0.000036 0.001646 0.000152 0.000030 0.000037 0.003676 0.000021 0.001875 0.000104 0.000653
0.597842 0.000161 0.000033 0.000173 0.000034 0.000062 0.000145 0.000107 0.000970 0.360319 0.000098 0.000100 0.000020 0.000236 0.001460 0.000593 0.000615 0.000674 0.000096 0.017785 0.000677 0.010382 0.000028 0.001583 0.000226 0.000040 0.000040 0.002716 0.000041 0.002071 0.000127 0.000545
0.625127 0.001650 0.000010 0.000057 0.000013 0.000006 0.003602 0.000206 0.000275 0.291115 0.000015 0.001568 0.000000 0.000129 0.000510 0.057263 0.000945 0.000370 0.000257 0.001778 0.000409 0.001739 0.000152 0.001017 0.000054 0.000105 0.000030 0.010434 0.000027 0.000705 0.000079 0.000353
0.655547 0.000757 0.000106 0.000342 0.000099 0.000060 0.000578 0.000270 0.001773 0.282297 0.000143 0.000401 0.000023 0.000611 0.002642 0.004743 0.002666 0.001263 0.000387 0.011829 0.001497 0.009833 0.000082 0.003256 0.000446 0.000106 0.000117 0.013044 0.000064 0.003197 0.000373 0.001448
0.418520 0.000838 0.000037 0.001137 0.000392 0.000053 0.020729 0.001288 0.000773 0.263372 0.000053 0.001146 0.000001 0.000228 0.000304 0.229012 0.001823 0.002850 0.033775 0.004793 0.000752 0.005665 0.002200 0.000842 0.000110 0.000523 0.000064 0.004499 0.000079 0.001195 0.000564 0.002383
0.801668 0.000106 0.000019 0.000022 0.000005 0.000018 0.000177 0.000034 0.000119 0.177821 0.000026 0.000006 0.000004 0.000300 0.000299 0.000270 0.000288 0.004345 0.001107 0.005573 0.000468 0.004361 0.000001 0.000027 0.000446 0.000015 0.000007 0.000089 0.000010 0.001139 0.001024 0.000206
0.839845 0.000194 0.000010 0.000054 0.000006 0.000017 0.000261 0.000037 0.000149 0.145396 0.000019 0.000146 0.000002 0.000147 0.000640 0.000634 0.000865 0.000279 0.000029 0.004579 0.000924 0.000506 0.000024 0.000114 0.000133 0.000043 0.000022 0.003928 0.000008 0.000800 0.000084 0.000107
0.878973 0.000001 0.000000 0.000002 0.000000 0.000001 0.000004 0.000002 0.000031 0.114338 0.000002 0.000000 0.000000 0.000003 0.000104 0.000006 0.000062 0.000131 0.000007 0.005179 0.000084 0.000730 0.000000 0.000004 0.000008 0.000001 0.000001 0.000019 0.000001 0.000268 0.000018 0.000020
0.260853 0.000755 0.000053 0.000440 0.000114 0.000509 0.001552 0.000443 0.000140 0.102426 0.000042 0.001258 0.000022 0.000646 0.005952 0.006312 0.003680 0.001084 0.001362 0.013483 0.003506 0.006404 0.004430 0.000372 0.000903 0.001302 0.000180 0.570256 0.000419 0.005843 0.003946 0.001314
0.156291 0.000108 0.000005 0.000005 0.000003 0.000000 0.003076 0.000110 0.000022 0.000122 0.000011 0.839419 0.000000 0.000002 0.000012 0.000035 0.000209 0.000008 0.000024 0.000077 0.000046 0.000039 0.000015 0.000030 0.000007 0.000058 0.000010 0.000155 0.000001 0.000060 0.000029 0.000008
0.170060 0.000259 0.000025 0.000007 0.000004 0.000003 0.010959 0.000107 0.000018 0.000025 0.000011 0.817850 0.000000 0.000004 0.000002 0.000047 0.000133 0.000117 0.000016 0.000012 0.000044 0.000020 0.000003 0.000025 0.000005 0.000140 0.000020 0.000029 0.000001 0.000020 0.000031 0.000005
0.492565 0.000301 0.000034 0.000045 0.000041 0.000006 0.008037 0.000455 0.000125 0.000991 0.000099 0.489434 0.000001 0.000014 0.000130 0.000203 0.001338 0.000066 0.000117 0.001203 0.000981 0.001062 0.000059 0.000249 0.000034 0.000388 0.000139 0.000646 0.000013 0.000788 0.000390 0.000048
0.727057 0.001118 0.000028 0.000064 0.000046 0.000012 0.003362 0.000601 0.000500 0.002044 0.000217 0.252471 0.000002 0.000041 0.000308 0.000479 0.001790 0.000044 0.000235 0.001400 0.000398 0.000513 0.000182 0.000334 0.000119 0.000212 0.000137 0.005127 0.000020 0.000661 0.000311 0.000167
0.761151 0.000264 0.000193 0.000278 0.000173 0.000043 0.003865 0.000650 0.000121 0.001761 0.000183 0.208181 0.000005 0.000034 0.001375 0.000160 0.002350 0.000133 0.000106 0.005943 0.002028 0.002174 0.000165 0.000631 0.000111 0.000518 0.000229 0.002373 0.000083 0.003421 0.001176 0.000124
0.565720 0.154947 0.004360 0.000155 0.000709 0.000387 0.033929 0.001352 0.003588 0.001572 0.001624 0.177950 0.000505 0.010699 0.000153 0.005668 0.005430 0.010095 0.002692 0.000309 0.001084 0.000429 0.000144 0.001645 0.001670 0.004532 0.000976 0.001924 0.000246 0.000883 0.004187 0.000436
0.654847 0.007439 0.000157 0.000890 0.000390 0.000280 0.025595 0.004416 0.006878 0.022579 0.001850 0.159326 0.000044 0.000482 0.001292 0.008105 0.007191 0.001333 0.002215 0.019187 0.005789 0.021098 0.002757 0.006247 0.000520 0.001721 0.001605 0.022459 0.000562 0.006502 0.004147 0.002098
0.846267 0.000021 0.000005 0.000011 0.000001 0.000001 0.001132 0.000068 0.000006 0.000085 0.000029 0.150962 0.000000 0.000001 0.000034 0.000005 0.000131 0.000005 0.000004 0.000361 0.000204 0.000143 0.000002 0.000021 0.000011 0.000043 0.000028 0.000127 0.000001 0.000186 0.000101 0.000006
0.852102 0.000075 0.000037 0.000030 0.000015 0.000004 0.002055 0.000148 0.000033 0.000494 0.000101 0.138965 0.000000 0.000005 0.000253 0.000021 0.000382 0.000024 0.000012 0.002103 0.000659 0.000520 0.000017 0.000108 0.000034 0.000154 0.000086 0.000432 0.000013 0.000723 0.000376 0.000018
0.824136 0.001084 0.000021 0.000034 0.000025 0.000003 0.019310 0.000509 0.000129 0.016510 0.000016 0.113664 0.000000 0.000040 0.000209 0.007868 0.002041 0.000117 0.000143 0.001540 0.000710 0.000948 0.000987 0.000313 0.000026 0.000426 0.000033 0.008132 0.000025 0.000696 0.000180 0.000126
0.843055 0.000443 0.000142 0.000816 0.000123 0.000400 0.004192 0.001645 0.000200 0.002777 0.000785 0.107785 0.000013 0.000071 0.001042 0.000441 0.002886 0.000293 0.000350 0.006477 0.005131 0.006527 0.000114 0.001422 0.000284 0.000468 0.001265 0.003542 0.000157 0.003867 0.002899 0.000388
0.182183 0.258747 0.001429 0.001083 0.000766 0.023211 0.000425 0.000070 0.001299 0.000117 0.008713 0.000044 0.384869 0.091518 0.000024 0.000094 0.000090 0.002396 0.002488 0.000031 0.000070 0.000138 0.000046 0.000085 0.031754 0.000913 0.001495 0.000156 0.000408 0.000074 0.005106 0.000156
0.072947 0.226510 0.000398 0.009654 0.000059 0.017730 0.001165 0.000147 0.002604 0.000255 0.000631 0.000074 0.127260 0.226698 0.000039 0.000226 0.000654 0.006019 0.019510 0.000122 0.001383 0.001034 0.000062 0.000265 0.267001 0.000627 0.000261 0.000209 0.000114 0.002165 0.013600 0.000577
0.112046 0.353858 0.000669 0.001429 0.000181 0.001782 0.001528 0.000169 0.002500 0.001475 0.000792 0.000085 0.013353 0.326953 0.000096 0.000473 0.000240 0.006504 0.018985 0.000092 0.000247 0.000782 0.000017 0.000117 0.143714 0.000391 0.000251 0.000621 0.000104 0.000303 0.009811 0.000433
0.213225 0.269506 0.000951 0.001161 0.000030 0.004773 0.001264 0.000139 0.004714 0.000196 0.001743 0.000122 0.045698 0.280486 0.000030 0.000139 0.000424 0.006694 0.007009 0.000161 0.000770 0.000937 0.000017 0.000135 0.144996 0.000461 0.000450 0.000121 0.000081 0.000844 0.012342 0.000381
0.510760 0.109599 0.000138 0.000217 0.000199 0.000039 0.005261 0.000234 0.000385 0.002278 0.001312 0.000222 0.000138 0.159768 0.000230 0.000349 0.001107 0.014223 0.016108 0.000467 0.000866 0.002687 0.000044 0.000111 0.084847 0.001151 0.000674 0.000354 0.000160 0.003170 0.082508 0.000393
0.773201 0.006791 0.000025 0.000046 0.000041 0.000003 0.000342 0.000024 0.000252 0.000604 0.000137 0.000026 0.000164 0.149972 0.000053 0.000013 0.000202 0.000704 0.000219 0.000350 0.000121 0.000444 0.000003 0.000019 0.045932 0.000326 0.000037 0.000156 0.000015 0.000631 0.019094 0.000052
0.768199 0.003041 0.000044 0.000089 0.000138 0.000005 0.000307 0.000032 0.000067 0.000408 0.000509 0.000029 0.000089 0.120486 0.000213 0.000015 0.000333 0.000554 0.000373 0.000317 0.000201 0.000274 0.000004 0.000029 0.077252 0.000225 0.000103 0.000140 0.000031 0.001039 0.025395 0.000060
0.524050 0.002660 0.000029 0.001577 0.000348 0.000092 0.057248 0.001266 0.001702 0.077471 0.000119 0.001263 0.000002 0.000303 0.000159 0.285542 0.001377 0.011065 0.006134 0.004184 0.000788 0.007521 0.002933 0.000725 0.000092 0.002064 0.000225 0.005345 0.000218 0.000804 0.001086 0.001609
0.608007 0.002249 0.000167 0.000551 0.000070 0.000120 0.017801 0.001051 0.000368 0.040930 0.000075 0.008200 0.000006 0.000545 0.001958 0.137659 0.005269 0.000822 0.000482 0.011491 0.005560 0.003088 0.002327 0.000710 0.000380 0.002032 0.000262 0.140831 0.000339 0.004512 0.001189 0.000946
0.660474 0.000040 0.000006 0.000326 0.000016 0.000022 0.000028 0.000022 0.000012 0.000121 0.000020 0.000056 0.000075 0.000272 0.000026 0.000088 0.196834 0.000137 0.000475 0.000080 0.006202 0.000234 0.000009 0.005352 0.000129 0.000015 0.000056 0.000147 0.000008 0.128111 0.000347 0.000262
0.194805 0.005924 0.003086 0.021903 0.015710 0.009837 0.008126 0.003731 0.003466 0.029260 0.006231 0.005158 0.003652 0.020697 0.020640 0.014867 0.105887 0.007741 0.017075 0.010498 0.077052 0.016456 0.002798 0.214574 0.008468 0.002708 0.003528 0.007502 0.003891 0.130514 0.016477 0.007739
0.669918 0.002966 0.000093 0.001855 0.000104 0.001915 0.001384 0.000123 0.002312 0.003506 0.000493 0.000046 0.001050 0.003300 0.000093 0.000641 0.000409 0.178345 0.020584 0.002356 0.000404 0.087544 0.000046 0.000083 0.001879 0.001179 0.000961 0.000708 0.000204 0.001141 0.012275 0.002085
0.609853 0.002929 0.001467 0.007967 0.005962 0.010466 0.005289 0.002949 0.003413 0.041686 0.010773 0.002648 0.003955 0.002306 0.008098 0.005554 0.005286 0.002655 0.109832 0.066168 0.004614 0.020362 0.005566 0.007127 0.003890 0.002187 0.001994 0.007393 0.004403 0.011210 0.006621 0.015376
0.673938 0.000064 0.000054 0.001321 0.001194 0.001314 0.000329 0.000070 0.000075 0.006425 0.000873 0.000098 0.000048 0.000160 0.001863 0.000052 0.000493 0.001307 0.000153 0.193514 0.003161 0.074313 0.000076 0.000547 0.000176 0.000745 0.000232 0.005034 0.000626 0.002894 0.028324 0.000525
0.302169 0.002280 0.003308 0.018855 0.015986 0.018610 0.005964 0.002832 0.002216 0.027354 0.010961 0.003324 0.001715 0.005799 0.027930 0.001964 0.013381 0.008290 0.005240 0.178908 0.019814 0.127733 0.003689 0.010342 0.006357 0.008907 0.003537 0.028977 0.009896 0.028792 0.084460 0.010412
0.646683 0.000208 0.000791 0.002361 0.004688 0.002841 0.000700 0.000272 0.000339 0.004809 0.003014 0.000232 0.000113 0.000480 0.008581 0.000102 0.001642 0.002115 0.000272 0.177123 0.004933 0.054912 0.000218 0.000952 0.000612 0.001802 0.000973 0.006532 0.002506 0.008370 0.060073 0.000752
0.359515 0.002576 0.003098 0.014273 0.021598 0.021858 0.006319 0.002356 0.002205 0.039060 0.014531 0.002110 0.003636 0.003915 0.018258 0.001844 0.006170 0.010803 0.003203 0.174962 0.027325 0.078300 0.004109 0.009088 0.004172 0.018913 0.008261 0.031631 0.027082 0.027115 0.044838 0.006876
0.571708 0.001040 0.000938 0.003586 0.003668 0.011629 0.001574 0.000933 0.001360 0.027061 0.006096 0.000956 0.001046 0.001824 0.009785 0.000721 0.004434 0.003549 0.002134 0.166263 0.011158 0.095576 0.000882 0.003425 0.002195 0.002064 0.002990 0.014209 0.006220 0.014773 0.022348 0.003855
0.585949 0.001073 0.001191 0.006509 0.002207 0.005089 0.004004 0.001418 0.002045 0.027348 0.002862 0.001336 0.000475 0.001564 0.010989 0.001710 0.005326 0.005989 0.001411 0.161223 0.025183 0.051561 0.005284 0.003127 0.001877 0.008841 0.003274 0.023393 0.003550 0.020439 0.020252 0.003500
0.755243 0.000036 0.000026 0.000896 0.000549 0.000928 0.000224 0.000037 0.000033 0.005642 0.000470 0.000066 0.000032 0.000089 0.001161 0.000036 0.000277 0.000838 0.000084 0.157672 0.002578 0.051610 0.000047 0.000390 0.000091 0.000494 0.000140 0.003275 0.000457 0.001845 0.014422 0.000313
0.253558 0.002274 0.004272 0.026781 0.021221 0.016892 0.005753 0.002969 0.002195 0.029600 0.010420 0.003336 0.001341 0.007333 0.036720 0.002360 0.018685 0.007863 0.007007 0.148730 0.025602 0.157476 0.003540 0.010841 0.008477 0.007532 0.002874 0.024455 0.008077 0.036588 0.093804 0.011424
0.631406 0.000658 0.001424 0.004841 0.002440 0.004880 0.002447 0.001026 0.001507 0.018014 0.003190 0.000989 0.000338 0.001081 0.012366 0.000857 0.005108 0.003483 0.001136 0.146711 0.025770 0.047867 0.002411 0.001948 0.001512 0.005903 0.003455 0.018391 0.002704 0.020501 0.023011 0.002623
0.307092 0.002659 0.004182 0.025118 0.021111 0.017082 0.006727 0.003031 0.002207 0.029608 0.011361 0.004137 0.002177 0.008379 0.033376 0.002444 0.018793 0.007508 0.007579 0.130779 0.026481 0.122242 0.004028 0.012161 0.007906 0.010865 0.003520 0.028085 0.008979 0.037600 0.080426 0.012354
0.663120 0.000481 0.001267 0.005567 0.010267 0.008776 0.001256 0.000601 0.000890 0.006585 0.008649 0.000440 0.000334 0.000739 0.008672 0.000232 0.002609 0.002727 0.000574 0.129946 0.011789 0.035863 0.000808 0.001329 0.001182 0.007033 0.005321 0.009692 0.005726 0.011080 0.055152 0.001291
0.670103 0.000345 0.000557 0.017124 0.005935 0.017159 0.001997 0.000459 0.000262 0.011781 0.003479 0.000580 0.000746 0.001647 0.008732 0.000471 0.002452 0.003776 0.001416 0.129792 0.011732 0.045545 0.000674 0.002492 0.001610 0.005615 0.000797 0.005207 0.004683 0.010715 0.029898 0.002219
0.772749 0.000083 0.000038 0.001638 0.000758 0.001870 0.000374 0.000075 0.000061 0.008882 0.000721 0.000115 0.000122 0.000174 0.001247 0.000093 0.000387 0.001302 0.000211 0.123655 0.003840 0.056393 0.000111 0.000817 0.000164 0.000970 0.000385 0.004295 0.000950 0.003255 0.013590 0.000679
0.847834 0.000022 0.000005 0.002260 0.000189 0.000103 0.000081 0.000068 0.000408 0.003940 0.000164 0.000089 0.000156 0.000048 0.000973 0.000090 0.000411 0.000124 0.000370 0.112100 0.000685 0.012928 0.000085 0.001139 0.000420 0.000189 0.000570 0.007487 0.000044 0.003807 0.000574 0.002638
0.841353 0.001158 0.000109 0.000478 0.000211 0.000245 0.000105 0.000174 0.001498 0.003963 0.006963 0.000334 0.000040 0.000355 0.005391 0.000293 0.002808 0.000035 0.000130 0.110408 0.000851 0.008743 0.000053 0.000624 0.001898 0.000158 0.001973 0.005888 0.000055 0.002124 0.000604 0.000980
0.340275 0.013860 0.001212 0.002080 0.002436 0.002708 0.052789 0.010534 0.011518 0.040696 0.014108 0.009759 0.000650 0.006410 0.005111 0.012804 0.017326 0.008518 0.006381 0.108841 0.118572 0.052356 0.005840 0.004661 0.005666 0.007299 0.004468 0.018272 0.002009 0.045392 0.059222 0.008226
0.528879 0.002137 0.001830 0.008562 0.030827 0.009859 0.003803 0.001603 0.002979 0.023765 0.027212 0.001896 0.002218 0.002134 0.007954 0.001737 0.004232 0.007622 0.003084 0.108020 0.016438 0.064376 0.007819 0.008798 0.002210 0.009915 0.013820 0.017717 0.018917 0.018992 0.035583 0.005064
0.482075 0.003238 0.000267 0.004452 0.001261 0.002285 0.004501 0.002146 0.014154 0.029681 0.004933 0.005684 0.000307 0.000853 0.002739 0.003431 0.003631 0.005409 0.004665 0.105577 0.010369 0.228575 0.001543 0.006860 0.000935 0.001447 0.002595 0.026866 0.001083 0.016124 0.015592 0.006721
0.647464 0.005702 0.000262 0.000192 0.000114 0.000265 0.009911 0.001557 0.001400 0.012334 0.003639 0.003385 0.000181 0.002790 0.000762 0.004024 0.012751 0.000849 0.000836 0.047741 0.174361 0.012597 0.000825 0.001494 0.001291 0.001378 0.004474 0.003429 0.000728 0.031358 0.010889 0.001016
0.774537 0.000249 0.000012 0.000105 0.000010 0.000022 0.001237 0.000129 0.000094 0.001056 0.000133 0.000636 0.000021 0.000230 0.000068 0.001095 0.026035 0.000270 0.000443 0.005082 0.150004 0.001636 0.000058 0.000341 0.000117 0.000413 0.000966 0.000897 0.000084 0.029214 0.004437 0.000372
0.797777 0.000903 0.000096 0.000068 0.000026 0.000054 0.002667 0.000356 0.000246 0.003587 0.000977 0.000778 0.000032 0.001290 0.000297 0.002102 0.010053 0.001054 0.000740 0.008929 0.133498 0.003717 0.000043 0.000591 0.000288 0.000397 0.002534 0.000520 0.000255 0.020042 0.005605 0.000479
0.340275 0.013860 0.001212 0.002080 0.002436 0.002708 0.052789 0.010534 0.011518 0.040696 0.014108 0.009759 0.000650 0.006410 0.005111 0.012804 0.017326 0.008518 0.006381 0.108841 0.118572 0.052356 0.005840 0.004661 0.005666 0.007299 0.004468 0.018272 0.002009 0.045392 0.059222 0.008226
0.359037 0.002675 0.001068 0.006320 0.003717 0.004215 0.002568 0.001568 0.000934 0.023937 0.003405 0.001687 0.002049 0.010607 0.013116 0.006436 0.095145 0.003757 0.012415 0.010533 0.117229 0.012196 0.000660 0.096680 0.006426 0.001365 0.002733 0.004654 0.002369 0.171528 0.014246 0.004726
0.516908 0.002319 0.000242 0.006303 0.001869 0.002044 0.002403 0.001909 0.016908 0.022280 0.004658 0.003922 0.000362 0.000663 0.002603 0.001888 0.003408 0.004115 0.003986 0.081074 0.006829 0.249985 0.001427 0.008375 0.000775 0.000786 0.002197 0.019010 0.000856 0.012490 0.010352 0.007053
0.471288 0.002458 0.000414 0.007409 0.002887 0.002508 0.003451 0.002314 0.012761 0.026130 0.005004 0.005729 0.000377 0.000811 0.003675 0.002147 0.005007 0.005310 0.004649 0.096151 0.008922 0.249672 0.001633 0.009095 0.001054 0.001325 0.002324 0.026681 0.001030 0.014965 0.015397 0.007422
0.683488 0.000924 0.000101 0.010282 0.002206 0.000893 0.001008 0.000926 0.011694 0.010856 0.002308 0.001968 0.000622 0.000335 0.001203 0.000784 0.002118 0.002195 0.002877 0.046252 0.002153 0.168840 0.001392 0.009115 0.000498 0.000481 0.001803 0.014031 0.000385 0.005973 0.004320 0.007969
0.253558 0.002274 0.004272 0.026781 0.021221 0.016892 0.005753 0.002969 0.002195 0.029600 0.010420 0.003336 0.001341 0.007333 0.036720 0.002360 0.018685 0.007863 0.007007 0.148730 0.025602 0.157476 0.003540 0.010841 0.008477 0.007532 0.002874 0.024455 0.008077 0.036588 0.093804 0.011424
0.697511 0.001500 0.000120 0.001916 0.000131 0.001793 0.000989 0.000095 0.001771 0.001759 0.000621 0.000035 0.000884 0.002442 0.000107 0.000288 0.000382 0.105429 0.010058 0.003636 0.000428 0.141329 0.000032 0.000067 0.001956 0.001886 0.001479 0.000839 0.000238 0.001222 0.017212 0.001847
0.830877 0.000170 0.000010 0.001217 0.000011 0.000170 0.000128 0.000017 0.000306 0.000877 0.000116 0.000006 0.000133 0.000471 0.000053 0.000052 0.000157 0.020974 0.003961 0.002084 0.000238 0.130896 0.000007 0.000016 0.000530 0.000259 0.000392 0.000199 0.000045 0.001044 0.003476 0.001107
0.302169 0.002280 0.003308 0.018855 0.015986 0.018610 0.005964 0.002832 0.002216 0.027354 0.010961 0.003324 0.001715 0.005799 0.027930 0.001964 0.013381 0.008290 0.005240 0.178908 0.019814 0.127733 0.003689 0.010342 0.006357 0.008907 0.003537 0.028977 0.009896 0.028792 0.084460 0.010412
0.659199 0.014267 0.000221 0.008308 0.002035 0.002314 0.010653 0.003031 0.015372 0.019253 0.006254 0.006649 0.000429 0.001059 0.001475 0.004184 0.002350 0.010076 0.004424 0.042057 0.006283 0.125736 0.005179 0.005278 0.000654 0.002443 0.003405 0.010358 0.001823 0.007744 0.011950 0.005538
0.307092 0.002659 0.004182 0.025118 0.021111 0.017082 0.006727 0.003031 0.002207 0.029608 0.011361 0.004137 0.002177 0.008379 0.033376 0.002444 0.018793 0.007508 0.007579 0.130779 0.026481 0.122242 0.004028 0.012161 0.007906 0.010865 0.003520 0.028085 0.008979 0.037600 0.080426 0.012354
0.819728 0.000452 0.000014 0.001637 0.000015 0.000264 0.000239 0.000034 0.000506 0.002816 0.000116 0.000013 0.000235 0.000922 0.000079 0.000182 0.000279 0.040366 0.010771 0.002126 0.000340 0.110151 0.000015 0.000030 0.000818 0.000227 0.000363 0.000305 0.000057 0.001471 0.003513 0.001917
0.246561 0.004014 0.009179 0.048719 0.032561 0.017483 0.008694 0.004224 0.003427 0.031734 0.009706 0.005598 0.002053 0.012386 0.050754 0.003671 0.037962 0.010367 0.011484 0.068099 0.040126 0.103838 0.005835 0.017910 0.012829 0.012294 0.004483 0.024882 0.007205 0.052810 0.084385 0.014730
0.537342 0.001827 0.002149 0.014643 0.004049 0.012630 0.008303 0.006273 0.004038 0.023907 0.006815 0.042870 0.000462 0.001765 0.009261 0.004918 0.012906 0.005021 0.010553 0.057489 0.020430 0.103180 0.002439 0.017526 0.003289 0.002187 0.002379 0.015990 0.001691 0.028762 0.027173 0.007733
0.687565 0.000660 0.001462 0.004829 0.010127 0.002013 0.001087 0.000353 0.001000 0.003690 0.007093 0.000348 0.000754 0.001147 0.005192 0.000449 0.004772 0.002916 0.001613 0.049864 0.009022 0.103070 0.000575 0.001216 0.002640 0.005880 0.017852 0.006441 0.003765 0.016935 0.042877 0.002791
0.213499 0.001204 0.000610 0.010528 0.003276 0.002820 0.002558 0.001354 0.000926 0.012667 0.002089 0.001696 0.001433 0.005123 0.006679 0.007217 0.085110 0.001814 0.008909 0.004187 0.036827 0.006797 0.001450 0.417369 0.003004 0.000506 0.000632 0.003053 0.000729 0.147349 0.004292 0.004294
0.418114 0.000298 0.000204 0.010777 0.001076 0.002510 0.000813 0.000602 0.000320 0.004049 0.000919 0.000526 0.000849 0.001053 0.001795 0.002775 0.036901 0.000478 0.002084 0.002126 0.008645 0.002645 0.000594 0.416811 0.000973 0.000137 0.000167 0.001152 0.000172 0.077611 0.001141 0.001683
0.649701 0.000155 0.000097 0.008137 0.000389 0.002201 0.000559 0.000363 0.000188 0.002880 0.000653 0.000353 0.000603 0.000395 0.000760 0.001643 0.016346 0.000272 0.001426 0.002295 0.004257 0.002260 0.000507 0.252604 0.000575 0.000058 0.000090 0.000807 0.000072 0.047664 0.000553 0.001138
0.726289 0.000057 0.000035 0.002207 0.000125 0.000453 0.000103 0.000067 0.000031 0.000754 0.000229 0.000075 0.000252 0.000187 0.000323 0.000346 0.019274 0.000074 0.000408 0.000759 0.002740 0.000537 0.000053 0.175439 0.000225 0.000011 0.000020 0.000139 0.000017 0.068363 0.000215 0.000192
0.192273 0.103080 0.000761 0.002410 0.000199 0.001738 0.001150 0.000490 0.005695 0.002677 0.001779 0.000248 0.022419 0.164756 0.000575 0.000611 0.000973 0.001854 0.024818 0.000625 0.000791 0.002297 0.000043 0.000368 0.449685 0.000621 0.000916 0.001579 0.000144 0.001289 0.011659 0.001482
0.124139 0.169177 0.000371 0.001750 0.000033 0.002477 0.001320 0.000119 0.002836 0.000295 0.000438 0.000079 0.032484 0.257321 0.000039 0.000148 0.000575 0.005169 0.012635 0.000173 0.001198 0.001227 0.000021 0.000134 0.363761 0.000877 0.000289 0.000183 0.000055 0.001495 0.018651 0.000530
0.640027 0.009399 0.000034 0.000328 0.000041 0.000169 0.000122 0.000025 0.000572 0.000150 0.000643 0.000011 0.002324 0.017754 0.000071 0.000010 0.000073 0.000326 0.000445 0.000642 0.000117 0.000763 0.000005 0.000013 0.322202 0.000104 0.000074 0.000073 0.000014 0.000303 0.003057 0.000110
0.785634 0.013448 0.000139 0.000234 0.000114 0.001009 0.000250 0.000112 0.000866 0.000404 0.001930 0.000057 0.001120 0.008008 0.000200 0.000043 0.000385 0.000452 0.000376 0.001482 0.000360 0.001364 0.000019 0.000045 0.170954 0.000409 0.000810 0.000480 0.000051 0.000585 0.008406 0.000255
0.535033 0.020204 0.000207 0.000336 0.000290 0.000056 0.002480 0.000195 0.000425 0.002454 0.001146 0.000134 0.000260 0.153922 0.000566 0.000236 0.001591 0.009409 0.013768 0.001022 0.001031 0.003978 0.000032 0.000129 0.124198 0.001357 0.000740 0.000565 0.000153 0.004376 0.119151 0.000557
0.180274 0.000175 0.000008 0.000079 0.000006 0.000013 0.000458 0.000061 0.000042 0.015001 0.000001 0.001780 0.000000 0.000032 0.000377 0.019140 0.000653 0.000050 0.000143 0.000460 0.000140 0.000101 0.000203 0.000121 0.000031 0.000115 0.000021 0.779907 0.000011 0.000231 0.000081 0.000285
0.800832 0.000003 0.000124 0.000126 0.000052 0.000017 0.000002 0.000001 0.000001 0.000784 0.000002 0.000002 0.000000 0.000009 0.015630 0.000002 0.000076 0.000006 0.000001 0.000273 0.000018 0.000145 0.000005 0.000003 0.000045 0.000082 0.000003 0.181649 0.000002 0.000055 0.000039 0.000011
0.839603 0.000189 0.000001 0.000056 0.000003 0.000004 0.000064 0.000027 0.000201 0.003691 0.000003 0.000553 0.000000 0.000008 0.000134 0.008603 0.000410 0.000010 0.000051 0.000367 0.000051 0.000077 0.000003 0.000102 0.000016 0.000025 0.000069 0.145280 0.000002 0.000082 0.000023 0.000294
0.608007 0.002249 0.000167 0.000551 0.000070 0.000120 0.017801 0.001051 0.000368 0.040930 0.000075 0.008200 0.000006 0.000545 0.001958 0.137659 0.005269 0.000822 0.000482 0.011491 0.005560 0.003088 0.002327 0.000710 0.000380 0.002032 0.000262 0.140831 0.000339 0.004512 0.001189 0.000946
0.230432 0.001354 0.000776 0.013348 0.004588 0.004121 0.003163 0.001689 0.001186 0.017637 0.002939 0.001799 0.002048 0.006562 0.009987 0.006998 0.076226 0.002558 0.011621 0.007209 0.044399 0.012206 0.002315 0.333571 0.004695 0.000833 0.000785 0.004793 0.001167 0.174879 0.007287 0.006829
0.660474 0.000040 0.000006 0.000326 0.000016 0.000022 0.000028 0.000022 0.000012 0.000121 0.000020 0.000056 0.000075 0.000272 0.000026 0.000088 0.196834 0.000137 0.000475 0.000080 0.006202 0.000234 0.000009 0.005352 0.000129 0.000015 0.000056 0.000147 0.000008 0.128111 0.000347 0.000262
0.567066 0.023012 0.000246 0.000431 0.000364 0.000083 0.003542 0.000280 0.000585 0.003610 0.001526 0.000196 0.000322 0.124702 0.000727 0.000426 0.002138 0.011528 0.020361 0.001319 0.001481 0.004844 0.000049 0.000210 0.100393 0.001534 0.000930 0.000840 0.000194 0.006350 0.119857 0.000852
0.686178 0.001508 0.000979 0.001897 0.001832 0.003292 0.001803 0.000207 0.001795 0.001047 0.002935 0.000101 0.000425 0.001829 0.000591 0.000388 0.001304 0.032525 0.002184 0.015972 0.001637 0.082138 0.000102 0.000131 0.003019 0.014651 0.015594 0.002341 0.001820 0.002470 0.116116 0.001189
0.775272 0.035727 0.000465 0.001770 0.000753 0.000332 0.009656 0.000980 0.002064 0.002001 0.001728 0.001024 0.000316 0.014865 0.001102 0.000775 0.005799 0.004462 0.000966 0.004849 0.003900 0.003143 0.000084 0.000250 0.006370 0.005502 0.000793 0.001379 0.000562 0.005987 0.106618 0.000505
