bed 2 269 163 426 0.166171 0.661942
chair 128 158 235 397 0.966659 0.031444
chair 358 167 541 418 0.964677 0.009602
chair 40 163 161 302 0.799505 0.171087
chair 481 170 558 422 0.569699 0.424160
chair 118 147 178 312 0.523882 0.465017
chair 421 149 513 279 0.421531 0.526188
chair 16 219 135 273 0.415076 0.487218
chair 146 196 415 411 0.38131 0.106490
chair 313 138 456 333 0.324064 0.664759
chair 531 219 559 328 0.241058 0.643297
chair 146 177 312 259 0.200647 0.795298
chair 381 138 427 258 0.194719 0.793076
chair 16 216 53 263 0.190839 0.783276
chair 1 235 14 260 0.183389 0.699006
chair 498 305 553 400 0.180914 0.804682
chair 151 280 202 367 0.160204 0.832726
chair 316 215 421 266 0.153315 0.827803
chair 337 117 409 246 0.144598 0.828190
chair 329 416 333 420 0.136509 0.535869
chair 129 151 209 223 0.135969 0.857231
chair 508 171 560 273 0.123253 0.850516
chair 113 179 129 225 0.117508 0.878990
chair 178 178 237 223 0.111571 0.882465
chair 546 280 560 311 0.110631 0.588578
chair 540 419 560 426 0.107384 0.231007
chair 488 255 551 326 0.103212 0.883022
chair 526 181 535 199 0.102499 0.889105
sofa 19 183 134 273 0.296571 0.317854
sofa 9 215 160 415 0.173468 0.707331
sofa 5 202 50 302 0.127987 0.739413
table 120 210 544 423 0.993586 0.001834
table 342 261 513 414 0.219681 0.628373
table 29 211 175 298 0.157599 0.466857
door 539 7 559 174 0.1326 0.597360
bookshelf 0 53 56 214 0.124281 0.703288
picture 218 101 266 142 0.995719 0.002837
picture 220 41 256 101 0.820005 0.167520
picture 541 5 560 95 0.700173 0.277685
picture 291 103 313 144 0.569441 0.373592
picture 546 37 560 73 0.401177 0.501926
picture 138 86 173 127 0.372059 0.605171
blinds 404 25 424 187 0.826998 0.160620
blinds 448 10 548 238 0.814233 0.172931
blinds 389 22 414 157 0.729387 0.259704
blinds 362 35 398 150 0.469982 0.497020
blinds 88 67 127 218 0.356625 0.632835
blinds 456 17 474 148 0.356457 0.613472
blinds 384 38 452 219 0.348306 0.631353
blinds 86 140 88 148 0.249114 0.711181
blinds 425 37 488 227 0.105912 0.869437
pillow 46 180 97 214 0.347354 0.637965
pillow 1 261 47 300 0.346161 0.635276
pillow 74 198 78 215 0.136334 0.862393
clothes 429 11 458 98 0.144906 0.762811
paper 25 336 37 340 0.18131 0.493317
paper 539 322 560 356 0.164859 0.450931
paper 549 319 560 325 0.148574 0.336354
paper 546 260 552 280 0.144181 0.609375
paper 1 417 14 426 0.140993 0.385054
paper 93 403 142 426 0.133778 0.477857
paper 543 270 550 287 0.13328 0.658899
paper 556 283 560 286 0.119672 0.659838
paper 6 285 138 349 0.107073 0.730756
box 549 319 560 325 0.254912 0.336354
box 24 335 37 340 0.247556 0.493317
box 544 309 560 324 0.225717 0.440313
box 1 90 33 163 0.155173 0.683034
box 413 209 421 230 0.134712 0.682687
box 535 284 560 324 0.123548 0.623296
box 541 419 560 426 0.121794 0.231007
box 539 320 560 355 0.112913 0.450931
box 39 167 45 170 0.112642 0.826701
person 95 180 114 200 0.129561 0.780421
person 2 161 17 194 0.107952 0.617745
