0.009911 0.000000 0.000000 0.990014 0.000006 0.000056 0.000000 0.000000 0.000000 0.000000 0.000001 0.000000 0.000003 0.000000 0.000001 0.000000 0.000002 0.000000 0.000000 0.000000 0.000001 0.000000 0.000000 0.000001 0.000000 0.000000 0.000000 0.000000 0.000000 0.000001 0.000001 0.000000
0.104201 0.000029 0.000012 0.870205 0.000455 0.017665 0.000016 0.000012 0.000071 0.000036 0.000034 0.000013 0.006131 0.000016 0.000035 0.000009 0.000111 0.000022 0.000031 0.000026 0.000023 0.000051 0.000023 0.000317 0.000042 0.000023 0.000019 0.000087 0.000004 0.000107 0.000045 0.000126
0.554254 0.000280 0.000001 0.430776 0.000135 0.011871 0.000014 0.000009 0.000361 0.000065 0.000278 0.000008 0.001432 0.000013 0.000026 0.000007 0.000027 0.000016 0.000009 0.000064 0.000020 0.000060 0.000017 0.000041 0.000026 0.000026 0.000011 0.000055 0.000004 0.000024 0.000042 0.000028
0.647233 0.000020 0.000018 0.340626 0.000383 0.001791 0.000029 0.000019 0.000037 0.000164 0.000046 0.000042 0.002001 0.000033 0.000194 0.000031 0.000707 0.000031 0.000031 0.000500 0.000165 0.000345 0.000051 0.002800 0.000059 0.000075 0.000078 0.000957 0.000011 0.000915 0.000161 0.000446
0.708785 0.000011 0.000000 0.290277 0.000025 0.000300 0.000004 0.000002 0.000007 0.000025 0.000082 0.000003 0.000008 0.000001 0.000027 0.000001 0.000031 0.000003 0.000002 0.000129 0.000042 0.000084 0.000002 0.000011 0.000001 0.000010 0.000002 0.000035 0.000000 0.000044 0.000034 0.000012
0.730496 0.000084 0.000002 0.237787 0.000125 0.027862 0.000013 0.000009 0.000242 0.000023 0.000371 0.000004 0.002389 0.000013 0.000014 0.000005 0.000056 0.000022 0.000007 0.000043 0.000023 0.000065 0.000013 0.000037 0.000040 0.000028 0.000029 0.000036 0.000008 0.000036 0.000086 0.000031
0.733483 0.000010 0.000000 0.217633 0.000003 0.045365 0.000001 0.000002 0.000023 0.000007 0.000021 0.000001 0.003266 0.000002 0.000002 0.000001 0.000004 0.000003 0.000003 0.000042 0.000005 0.000021 0.000002 0.000014 0.000009 0.000003 0.000010 0.000031 0.000001 0.000010 0.000005 0.000016
0.625125 0.000599 0.000830 0.198512 0.001536 0.021351 0.000928 0.000513 0.000318 0.010006 0.001798 0.000437 0.002978 0.001224 0.021646 0.000558 0.013011 0.000835 0.000897 0.021263 0.016490 0.011767 0.000333 0.004421 0.001596 0.001637 0.000398 0.003162 0.002380 0.024109 0.007218 0.002123
0.813961 0.000030 0.000007 0.177764 0.000080 0.001796 0.000048 0.000023 0.000050 0.000251 0.000040 0.000061 0.000139 0.000021 0.000363 0.000034 0.000616 0.000031 0.000018 0.000933 0.000255 0.000572 0.000041 0.000786 0.000026 0.000056 0.000064 0.000604 0.000012 0.000880 0.000197 0.000240
0.716830 0.000851 0.000001 0.160854 0.000026 0.077286 0.000023 0.000022 0.003990 0.000099 0.000659 0.000021 0.038513 0.000022 0.000009 0.000010 0.000027 0.000031 0.000027 0.000082 0.000014 0.000144 0.000044 0.000077 0.000073 0.000025 0.000027 0.000062 0.000005 0.000025 0.000050 0.000071
0.366314 0.004138 0.001905 0.160383 0.000718 0.321904 0.000612 0.000202 0.000680 0.000839 0.005395 0.000213 0.054321 0.004089 0.000576 0.000598 0.020819 0.002251 0.001114 0.000502 0.019573 0.003843 0.000362 0.003989 0.001687 0.000861 0.004195 0.001807 0.000788 0.009278 0.004400 0.001646
0.864303 0.000007 0.000000 0.134556 0.000013 0.000435 0.000003 0.000002 0.000013 0.000025 0.000032 0.000002 0.000013 0.000001 0.000038 0.000002 0.000018 0.000003 0.000002 0.000215 0.000026 0.000133 0.000002 0.000014 0.000002 0.000006 0.000003 0.000057 0.000000 0.000043 0.000015 0.000015
0.879256 0.000016 0.000006 0.117883 0.000480 0.000602 0.000008 0.000006 0.000017 0.000064 0.000137 0.000007 0.000134 0.000005 0.000138 0.000009 0.000129 0.000007 0.000005 0.000145 0.000049 0.000127 0.000039 0.000231 0.000017 0.000020 0.000048 0.000179 0.000007 0.000107 0.000064 0.000058
0.052191 0.000017 0.000004 0.000151 0.000006 0.899060 0.000001 0.000001 0.000029 0.000006 0.000143 0.000000 0.048308 0.000003 0.000000 0.000000 0.000001 0.000008 0.000004 0.000010 0.000001 0.000007 0.000001 0.000003 0.000010 0.000002 0.000012 0.000007 0.000002 0.000002 0.000005 0.000004
0.529568 0.000478 0.000702 0.064545 0.000858 0.340238 0.000024 0.000012 0.000216 0.000022 0.009806 0.000009 0.052119 0.000210 0.000016 0.000013 0.000150 0.000141 0.000014 0.000020 0.000058 0.000052 0.000027 0.000133 0.000060 0.000039 0.000220 0.000031 0.000045 0.000039 0.000087 0.000047
0.658347 0.000887 0.000016 0.084180 0.000266 0.197801 0.000041 0.000039 0.004342 0.000071 0.002192 0.000016 0.050280 0.000087 0.000017 0.000017 0.000101 0.000122 0.000041 0.000070 0.000038 0.000132 0.000044 0.000113 0.000198 0.000074 0.000111 0.000061 0.000034 0.000039 0.000134 0.000088
0.686217 0.025776 0.000343 0.004466 0.001535 0.183906 0.000395 0.000237 0.018821 0.000631 0.032278 0.000109 0.027910 0.001118 0.000234 0.000106 0.000423 0.000529 0.000220 0.000628 0.000304 0.001203 0.000170 0.000397 0.006697 0.000630 0.001331 0.000311 0.000244 0.000282 0.002297 0.000251
0.605468 0.008462 0.003319 0.000737 0.001227 0.136379 0.000476 0.000224 0.001900 0.002659 0.012486 0.000219 0.014748 0.004969 0.001027 0.000458 0.005325 0.003156 0.001273 0.013156 0.011530 0.115109 0.000162 0.000988 0.004700 0.002155 0.024580 0.002632 0.001957 0.005039 0.012784 0.000696
0.743333 0.000026 0.000000 0.128105 0.000003 0.126448 0.000002 0.000002 0.000031 0.000013 0.000038 0.000002 0.001823 0.000002 0.000003 0.000002 0.000002 0.000003 0.000003 0.000031 0.000004 0.000019 0.000003 0.000007 0.000009 0.000006 0.000014 0.000035 0.000001 0.000008 0.000008 0.000014
0.718753 0.009230 0.000043 0.021217 0.001062 0.066676 0.000152 0.000177 0.119623 0.000521 0.014027 0.000112 0.044378 0.000200 0.000058 0.000051 0.000146 0.000142 0.000142 0.000287 0.000082 0.000316 0.000357 0.000252 0.000587 0.000258 0.000335 0.000154 0.000080 0.000077 0.000304 0.000200
0.280676 0.003520 0.000426 0.003528 0.002962 0.000884 0.006464 0.002448 0.005208 0.241818 0.001551 0.007787 0.000133 0.002298 0.017188 0.011196 0.014335 0.002323 0.003297 0.122791 0.018820 0.099806 0.002148 0.006981 0.001701 0.002397 0.001141 0.066656 0.001713 0.035770 0.025683 0.006351
0.278029 0.002141 0.000739 0.001390 0.016608 0.001091 0.004194 0.004168 0.008953 0.213342 0.002805 0.004056 0.000341 0.001029 0.005232 0.002488 0.005785 0.005170 0.009959 0.155677 0.007854 0.146105 0.064311 0.010020 0.001034 0.002031 0.000553 0.011100 0.002554 0.012562 0.009807 0.008870
0.561161 0.001271 0.000228 0.002333 0.000866 0.000917 0.008696 0.003428 0.004694 0.197261 0.000913 0.023208 0.000072 0.000660 0.005831 0.008701 0.016881 0.000715 0.005151 0.050369 0.012953 0.032013 0.001961 0.005925 0.000787 0.001089 0.000734 0.021599 0.000676 0.018381 0.005747 0.004782
0.639239 0.002110 0.000309 0.000491 0.001539 0.000086 0.002446 0.000984 0.000570 0.166520 0.001080 0.001259 0.000046 0.003158 0.010042 0.005823 0.005175 0.003530 0.000510 0.044377 0.008481 0.037083 0.008431 0.005859 0.001223 0.001047 0.001276 0.026605 0.005124 0.009304 0.003818 0.002456
0.523981 0.000814 0.001075 0.001090 0.003881 0.003796 0.000949 0.001109 0.004367 0.164053 0.014870 0.001128 0.000826 0.001425 0.018244 0.001298 0.006357 0.000982 0.004609 0.139286 0.004482 0.043393 0.000450 0.006156 0.002372 0.000668 0.002041 0.011783 0.001957 0.017966 0.004466 0.010127
0.416702 0.002244 0.004691 0.001621 0.006195 0.013594 0.002681 0.002202 0.006421 0.160083 0.023183 0.001273 0.002609 0.007371 0.023748 0.001655 0.005269 0.003034 0.014952 0.158297 0.003984 0.072643 0.001343 0.005316 0.007164 0.002695 0.000927 0.005280 0.008713 0.013345 0.012811 0.007957
0.571933 0.000862 0.000913 0.000804 0.002707 0.004024 0.000712 0.000923 0.004187 0.148254 0.019789 0.000818 0.001053 0.001470 0.014523 0.000952 0.005130 0.000816 0.003973 0.129851 0.002971 0.042645 0.000384 0.004169 0.002152 0.000585 0.001731 0.006311 0.001907 0.011617 0.003768 0.008069
0.568327 0.001717 0.003905 0.002440 0.003425 0.009855 0.002627 0.001752 0.004531 0.110897 0.014640 0.001642 0.001795 0.002675 0.018014 0.003290 0.006917 0.002206 0.011343 0.104720 0.007283 0.039132 0.001743 0.012576 0.003409 0.001151 0.001841 0.014980 0.003981 0.019635 0.006957 0.010596
0.470143 0.000036 0.000018 0.001198 0.000068 0.199662 0.000011 0.000007 0.000417 0.000104 0.000338 0.000005 0.327250 0.000024 0.000004 0.000005 0.000010 0.000087 0.000043 0.000119 0.000005 0.000071 0.000021 0.000060 0.000039 0.000019 0.000050 0.000043 0.000014 0.000014 0.000026 0.000089
0.666324 0.003294 0.000021 0.025566 0.000178 0.177663 0.000088 0.000097 0.009761 0.000423 0.007136 0.000072 0.105618 0.000159 0.000063 0.000040 0.000116 0.000106 0.000092 0.000449 0.000090 0.000502 0.000182 0.000226 0.000568 0.000106 0.000219 0.000236 0.000042 0.000119 0.000270 0.000174
0.738322 0.000009 0.000116 0.000077 0.000002 0.000009 0.000014 0.000003 0.000016 0.000035 0.000011 0.000008 0.000008 0.000051 0.000268 0.000024 0.221833 0.000005 0.000004 0.000044 0.028085 0.000038 0.000001 0.002884 0.000046 0.000010 0.000120 0.000156 0.000003 0.007685 0.000087 0.000027
0.372112 0.000684 0.003690 0.003991 0.001575 0.001326 0.001206 0.000394 0.001408 0.005058 0.001302 0.000817 0.000857 0.005858 0.015983 0.000309 0.195481 0.001141 0.000970 0.007092 0.148326 0.014018 0.000174 0.006298 0.002445 0.000472 0.001004 0.002967 0.000524 0.191597 0.009321 0.001603
0.845871 0.000007 0.000032 0.000043 0.000001 0.000006 0.000015 0.000003 0.000019 0.000067 0.000006 0.000008 0.000010 0.000040 0.000127 0.000020 0.120893 0.000005 0.000007 0.000130 0.023960 0.000066 0.000001 0.000484 0.000037 0.000007 0.000069 0.000177 0.000002 0.007792 0.000060 0.000034
0.544835 0.002834 0.005222 0.004649 0.000361 0.005398 0.002947 0.000871 0.002597 0.001845 0.002536 0.001550 0.002620 0.003325 0.003978 0.006230 0.118902 0.001272 0.001800 0.001751 0.196489 0.002261 0.000660 0.006876 0.002891 0.004738 0.024308 0.011484 0.001541 0.021717 0.009324 0.002188
0.828664 0.000019 0.000025 0.000175 0.000004 0.000012 0.000056 0.000016 0.000040 0.000270 0.000026 0.000024 0.000042 0.000084 0.000202 0.000067 0.112561 0.000025 0.000045 0.000620 0.034207 0.000415 0.000004 0.001305 0.000095 0.000061 0.000224 0.000720 0.000010 0.019579 0.000257 0.000144
0.424241 0.000530 0.001039 0.005712 0.003532 0.001006 0.001204 0.000429 0.001351 0.011881 0.001460 0.000861 0.000193 0.001343 0.082624 0.000280 0.103634 0.000386 0.000304 0.031565 0.131852 0.017925 0.000182 0.002365 0.001140 0.000539 0.001147 0.002425 0.000727 0.161380 0.005342 0.001400
0.585542 0.000195 0.000021 0.014757 0.000277 0.002558 0.000510 0.000505 0.001005 0.009590 0.000175 0.000214 0.000259 0.000145 0.000076 0.001724 0.000100 0.002484 0.339352 0.003024 0.000114 0.003142 0.000409 0.000774 0.000453 0.000085 0.000094 0.000563 0.000041 0.000459 0.000337 0.031017
0.820295 0.000346 0.000023 0.017507 0.000133 0.003414 0.000542 0.000437 0.000746 0.010580 0.000195 0.000580 0.000602 0.000153 0.000202 0.001143 0.000561 0.000778 0.108100 0.006398 0.000257 0.003625 0.000710 0.003604 0.000513 0.000112 0.000066 0.001053 0.000043 0.001403 0.000436 0.015440
0.529118 0.000024 0.000117 0.000127 0.000028 0.000082 0.000093 0.000061 0.000277 0.002949 0.000205 0.000042 0.000030 0.000153 0.009226 0.000057 0.004817 0.000074 0.000104 0.402463 0.005639 0.026076 0.000023 0.000093 0.001444 0.000102 0.000229 0.000849 0.000043 0.011406 0.003539 0.000511
0.461009 0.000181 0.000561 0.000964 0.000536 0.002059 0.000304 0.000276 0.001562 0.008142 0.001433 0.000200 0.001193 0.000831 0.012808 0.000212 0.008002 0.000328 0.001643 0.348779 0.007071 0.100314 0.000090 0.000693 0.005393 0.000361 0.000748 0.005176 0.000212 0.018707 0.007930 0.002282
0.717298 0.000002 0.000001 0.002259 0.000009 0.000032 0.000004 0.000005 0.000085 0.000254 0.000024 0.000006 0.000052 0.000004 0.000123 0.000002 0.000036 0.000003 0.000010 0.276920 0.000053 0.001583 0.000003 0.000067 0.000052 0.000010 0.000040 0.000286 0.000001 0.000261 0.000021 0.000492
0.624341 0.000090 0.000234 0.000346 0.000122 0.000204 0.000322 0.000229 0.000706 0.011031 0.000613 0.000134 0.000056 0.000380 0.012311 0.000268 0.007140 0.000303 0.000482 0.247144 0.014822 0.038088 0.000087 0.000257 0.002091 0.000396 0.000862 0.002626 0.000173 0.024493 0.008353 0.001296
0.749684 0.000003 0.000001 0.002325 0.000021 0.000054 0.000005 0.000007 0.000093 0.000408 0.000038 0.000010 0.000060 0.000005 0.000237 0.000005 0.000065 0.000003 0.000012 0.244181 0.000076 0.001170 0.000003 0.000089 0.000060 0.000011 0.000064 0.000403 0.000002 0.000335 0.000030 0.000538
0.643158 0.000204 0.000462 0.001625 0.000880 0.002376 0.000300 0.000184 0.005886 0.003942 0.001591 0.000151 0.001663 0.000711 0.008378 0.000103 0.002581 0.000338 0.000929 0.238578 0.002532 0.060330 0.000083 0.001228 0.003337 0.000360 0.000512 0.002697 0.000207 0.007989 0.005037 0.001648
0.756691 0.000011 0.000006 0.002790 0.000048 0.000080 0.000029 0.000029 0.000418 0.000959 0.000085 0.000051 0.000283 0.000028 0.000662 0.000019 0.000261 0.000018 0.000073 0.226044 0.000330 0.005342 0.000015 0.000416 0.000248 0.000039 0.000198 0.000962 0.000009 0.001520 0.000099 0.002238
0.775647 0.000001 0.000002 0.000014 0.000001 0.000007 0.000003 0.000002 0.000026 0.000152 0.000017 0.000001 0.000003 0.000005 0.000737 0.000001 0.000265 0.000003 0.000007 0.214526 0.000232 0.006652 0.000000 0.000004 0.000185 0.000004 0.000011 0.000118 0.000001 0.000910 0.000412 0.000050
0.244883 0.001129 0.000964 0.001417 0.024724 0.001507 0.002545 0.002291 0.004046 0.168091 0.003005 0.001603 0.000312 0.000812 0.005665 0.001290 0.004436 0.006389 0.005507 0.201443 0.009441 0.225899 0.030769 0.006141 0.000883 0.001981 0.000411 0.007650 0.003662 0.012030 0.014749 0.004326
0.803105 0.000002 0.000001 0.006269 0.000007 0.000049 0.000004 0.000004 0.000042 0.000193 0.000022 0.000006 0.000060 0.000005 0.000138 0.000002 0.000045 0.000004 0.000009 0.187587 0.000071 0.001363 0.000003 0.000049 0.000064 0.000008 0.000031 0.000289 0.000001 0.000241 0.000020 0.000307
0.814203 0.000001 0.000001 0.001353 0.000010 0.000014 0.000005 0.000004 0.000124 0.000223 0.000012 0.000006 0.000059 0.000004 0.000134 0.000002 0.000036 0.000003 0.000011 0.180313 0.000055 0.002009 0.000002 0.000097 0.000051 0.000009 0.000033 0.000242 0.000001 0.000298 0.000016 0.000668
0.743226 0.000214 0.000158 0.006308 0.002215 0.000991 0.000501 0.000475 0.004124 0.012425 0.001135 0.000506 0.000947 0.000353 0.005590 0.000504 0.001164 0.000518 0.000354 0.171690 0.002238 0.015824 0.001185 0.004722 0.000749 0.000706 0.002627 0.008370 0.000278 0.004914 0.001139 0.003850
0.810275 0.000046 0.000038 0.002922 0.000528 0.000165 0.000073 0.000070 0.000333 0.002908 0.000224 0.000086 0.000107 0.000101 0.004678 0.000100 0.000837 0.000038 0.000086 0.162983 0.000649 0.004660 0.000059 0.000508 0.000510 0.000128 0.000556 0.002293 0.000044 0.002092 0.000320 0.001584
0.416702 0.002244 0.004691 0.001621 0.006195 0.013594 0.002681 0.002202 0.006421 0.160083 0.023183 0.001273 0.002609 0.007371 0.023748 0.001655 0.005269 0.003034 0.014952 0.158297 0.003984 0.072643 0.001343 0.005316 0.007164 0.002695 0.000927 0.005280 0.008713 0.013345 0.012811 0.007957
0.693149 0.000544 0.000128 0.000999 0.000868 0.000991 0.000260 0.000501 0.002191 0.055332 0.007280 0.000552 0.000353 0.000547 0.007174 0.000499 0.006500 0.000285 0.000776 0.148003 0.004733 0.024157 0.000140 0.002380 0.001325 0.000278 0.002578 0.009627 0.000477 0.018365 0.002805 0.006204
0.843848 0.000009 0.000011 0.004289 0.000090 0.000147 0.000012 0.000013 0.000152 0.000779 0.000067 0.000021 0.000051 0.000015 0.000788 0.000015 0.000099 0.000008 0.000015 0.146298 0.000112 0.001006 0.000009 0.000159 0.000090 0.000035 0.000117 0.000632 0.000008 0.000437 0.000052 0.000614
0.752057 0.000324 0.000063 0.002065 0.000597 0.000639 0.000195 0.000421 0.001515 0.014034 0.007939 0.000503 0.000351 0.000383 0.005652 0.000312 0.006949 0.000171 0.000448 0.141480 0.005536 0.014327 0.000101 0.001586 0.001259 0.000272 0.004400 0.010167 0.000252 0.017762 0.002986 0.005255
0.806771 0.000224 0.000038 0.001544 0.000218 0.000753 0.000069 0.000193 0.000887 0.003722 0.011391 0.000136 0.000394 0.000229 0.002193 0.000086 0.002138 0.000055 0.000150 0.140552 0.002307 0.008503 0.000032 0.000407 0.001569 0.000108 0.002952 0.001953 0.000122 0.006883 0.001794 0.001628
0.523981 0.000814 0.001075 0.001090 0.003881 0.003796 0.000949 0.001109 0.004367 0.164053 0.014870 0.001128 0.000826 0.001425 0.018244 0.001298 0.006357 0.000982 0.004609 0.139286 0.004482 0.043393 0.000450 0.006156 0.002372 0.000668 0.002041 0.011783 0.001957 0.017966 0.004466 0.010127
0.858747 0.000001 0.000000 0.003034 0.000002 0.000015 0.000001 0.000001 0.000009 0.000083 0.000007 0.000002 0.000012 0.000002 0.000080 0.000001 0.000018 0.000001 0.000003 0.137155 0.000028 0.000339 0.000001 0.000016 0.000033 0.000002 0.000008 0.000152 0.000000 0.000118 0.000005 0.000126
0.856813 0.000002 0.000000 0.000811 0.000006 0.000016 0.000003 0.000006 0.000037 0.000341 0.000038 0.000009 0.000129 0.000004 0.000132 0.000004 0.000109 0.000004 0.000016 0.136765 0.000135 0.002390 0.000003 0.000156 0.000043 0.000003 0.000079 0.000353 0.000002 0.000937 0.000039 0.000614
0.757756 0.000943 0.000215 0.001025 0.000732 0.001967 0.000189 0.000482 0.002956 0.023324 0.016976 0.000312 0.000638 0.000803 0.004843 0.000260 0.003304 0.000257 0.000602 0.135230 0.002476 0.019901 0.000100 0.000943 0.003047 0.000225 0.002140 0.003213 0.000431 0.008468 0.002757 0.003484
0.571933 0.000862 0.000913 0.000804 0.002707 0.004024 0.000712 0.000923 0.004187 0.148254 0.019789 0.000818 0.001053 0.001470 0.014523 0.000952 0.005130 0.000816 0.003973 0.129851 0.002971 0.042645 0.000384 0.004169 0.002152 0.000585 0.001731 0.006311 0.001907 0.011617 0.003768 0.008069
0.280676 0.003520 0.000426 0.003528 0.002962 0.000884 0.006464 0.002448 0.005208 0.241818 0.001551 0.007787 0.000133 0.002298 0.017188 0.011196 0.014335 0.002323 0.003297 0.122791 0.018820 0.099806 0.002148 0.006981 0.001701 0.002397 0.001141 0.066656 0.001713 0.035770 0.025683 0.006351
0.558220 0.002216 0.002428 0.003243 0.002895 0.007589 0.002531 0.001594 0.003904 0.084118 0.010225 0.001302 0.001401 0.002621 0.013319 0.003406 0.006934 0.002443 0.009572 0.118989 0.012361 0.048533 0.001784 0.015427 0.003020 0.000916 0.001452 0.023348 0.002699 0.030589 0.011090 0.009834
0.568327 0.001717 0.003905 0.002440 0.003425 0.009855 0.002627 0.001752 0.004531 0.110897 0.014640 0.001642 0.001795 0.002675 0.018014 0.003290 0.006917 0.002206 0.011343 0.104720 0.007283 0.039132 0.001743 0.012576 0.003409 0.001151 0.001841 0.014980 0.003981 0.019635 0.006957 0.010596
0.606674 0.000610 0.001439 0.003708 0.004814 0.003737 0.000913 0.000570 0.001669 0.078621 0.005127 0.000490 0.000284 0.001209 0.018536 0.001166 0.008188 0.000923 0.002079 0.103812 0.016565 0.062692 0.000499 0.002574 0.001630 0.001200 0.001691 0.013095 0.002698 0.034845 0.014775 0.003170
0.891842 0.000001 0.000001 0.001843 0.000007 0.000015 0.000006 0.000005 0.000028 0.000210 0.000009 0.000009 0.000063 0.000005 0.000191 0.000004 0.000074 0.000004 0.000016 0.101213 0.000095 0.002576 0.000004 0.000077 0.000063 0.000008 0.000042 0.000358 0.000001 0.000476 0.000024 0.000728
0.894913 0.000005 0.000003 0.002593 0.000032 0.000146 0.000004 0.000005 0.000049 0.000361 0.000075 0.000006 0.000009 0.000005 0.000335 0.000005 0.000038 0.000002 0.000005 0.100135 0.000047 0.000434 0.000004 0.000034 0.000035 0.000010 0.000041 0.000335 0.000003 0.000165 0.000023 0.000143
0.371199 0.014250 0.038347 0.007339 0.001935 0.024962 0.004544 0.000897 0.006688 0.001896 0.010740 0.001329 0.016978 0.022288 0.002190 0.006477 0.054091 0.012483 0.005315 0.001927 0.233479 0.011131 0.000793 0.009289 0.004766 0.013455 0.068679 0.006264 0.011304 0.017864 0.013409 0.003689
0.738152 0.000047 0.000150 0.000483 0.000046 0.000168 0.000181 0.000096 0.000056 0.001280 0.000139 0.000135 0.000032 0.000180 0.003370 0.000318 0.032752 0.000060 0.000103 0.005287 0.163491 0.003386 0.000033 0.000941 0.000280 0.000127 0.000887 0.000892 0.000200 0.044567 0.001764 0.000398
0.463682 0.001572 0.004815 0.003269 0.002632 0.001385 0.002693 0.000943 0.002245 0.011958 0.002415 0.002163 0.000837 0.005416 0.019425 0.000970 0.147710 0.002496 0.001145 0.011686 0.153718 0.012276 0.000552 0.009242 0.002142 0.001365 0.003035 0.003943 0.001763 0.112029 0.008284 0.002195
0.793060 0.000106 0.000179 0.000174 0.000004 0.000118 0.000113 0.000017 0.000061 0.000166 0.000074 0.000078 0.000110 0.000194 0.000242 0.000097 0.042405 0.000051 0.000015 0.000237 0.151479 0.000231 0.000004 0.000735 0.000114 0.000080 0.000726 0.000143 0.000037 0.008637 0.000273 0.000040
0.811200 0.000030 0.000059 0.000082 0.000011 0.000056 0.000163 0.000051 0.000040 0.000929 0.000074 0.000127 0.000012 0.000086 0.001276 0.000212 0.021114 0.000035 0.000039 0.003681 0.136922 0.002030 0.000014 0.000506 0.000125 0.000079 0.000489 0.000597 0.000073 0.018676 0.001077 0.000135
0.848492 0.000004 0.000002 0.000003 0.000000 0.000001 0.000020 0.000002 0.000004 0.000100 0.000004 0.000024 0.000000 0.000004 0.000018 0.000038 0.010105 0.000001 0.000001 0.000753 0.135477 0.000117 0.000001 0.000080 0.000007 0.000002 0.000076 0.000097 0.000002 0.004522 0.000030 0.000010
0.424241 0.000530 0.001039 0.005712 0.003532 0.001006 0.001204 0.000429 0.001351 0.011881 0.001460 0.000861 0.000193 0.001343 0.082624 0.000280 0.103634 0.000386 0.000304 0.031565 0.131852 0.017925 0.000182 0.002365 0.001140 0.000539 0.001147 0.002425 0.000727 0.161380 0.005342 0.001400
0.190899 0.000585 0.000108 0.000100 0.000162 0.006971 0.000041 0.000024 0.000174 0.000672 0.000824 0.000016 0.000943 0.000565 0.000495 0.000026 0.000777 0.000840 0.000269 0.014373 0.002207 0.761257 0.000020 0.000092 0.001696 0.000635 0.001972 0.001217 0.000197 0.002001 0.009613 0.000230
0.356874 0.000016 0.000024 0.000003 0.000003 0.000028 0.000007 0.000002 0.000026 0.000183 0.000018 0.000002 0.000003 0.000035 0.000024 0.000002 0.000041 0.000351 0.000076 0.006879 0.000172 0.634523 0.000003 0.000010 0.000058 0.000028 0.000075 0.000107 0.000011 0.000112 0.000266 0.000036
0.244883 0.001129 0.000964 0.001417 0.024724 0.001507 0.002545 0.002291 0.004046 0.168091 0.003005 0.001603 0.000312 0.000812 0.005665 0.001290 0.004436 0.006389 0.005507 0.201443 0.009441 0.225899 0.030769 0.006141 0.000883 0.001981 0.000411 0.007650 0.003662 0.012030 0.014749 0.004326
0.395423 0.001148 0.006633 0.002012 0.003128 0.005799 0.001603 0.000922 0.003863 0.026751 0.005549 0.000936 0.003407 0.004782 0.031945 0.001006 0.018919 0.001397 0.005263 0.256098 0.018589 0.119166 0.000620 0.003555 0.009135 0.001572 0.001923 0.009207 0.001772 0.035113 0.018208 0.004557
0.450673 0.000817 0.004733 0.001667 0.001848 0.004555 0.001295 0.000663 0.002786 0.020224 0.004100 0.000720 0.002643 0.003715 0.024676 0.000696 0.015103 0.001177 0.003669 0.269862 0.014206 0.103441 0.000451 0.002617 0.007654 0.001180 0.001401 0.006617 0.001211 0.026973 0.015239 0.003385
0.660257 0.002214 0.000055 0.001081 0.000239 0.000531 0.004230 0.002099 0.001836 0.032205 0.000633 0.011260 0.000376 0.000167 0.000259 0.008231 0.001666 0.001462 0.002933 0.005851 0.001351 0.000786 0.225827 0.003173 0.000167 0.000905 0.000193 0.026371 0.000457 0.001068 0.000352 0.001766
0.618676 0.000185 0.000341 0.017626 0.001245 0.001576 0.000284 0.000265 0.000688 0.002880 0.000473 0.000392 0.001702 0.000402 0.003317 0.000477 0.011582 0.000223 0.000352 0.003315 0.002019 0.003769 0.000342 0.295101 0.000479 0.000121 0.000208 0.003195 0.000098 0.026614 0.000411 0.001638
0.602128 0.002061 0.002282 0.024365 0.019192 0.020476 0.001298 0.001221 0.005038 0.006209 0.003792 0.000863 0.008966 0.004943 0.014190 0.001985 0.027381 0.002733 0.004659 0.006565 0.008478 0.021180 0.001032 0.146772 0.004704 0.000880 0.002386 0.010657 0.001660 0.027696 0.005626 0.008583
0.818156 0.000763 0.000362 0.000567 0.003095 0.000086 0.001121 0.000577 0.001533 0.035172 0.000144 0.003398 0.000022 0.000653 0.010799 0.001705 0.002491 0.000830 0.000445 0.002848 0.001217 0.001860 0.002570 0.003309 0.000248 0.000448 0.000505 0.100039 0.000405 0.001753 0.001117 0.001761
0.372112 0.000684 0.003690 0.003991 0.001575 0.001326 0.001206 0.000394 0.001408 0.005058 0.001302 0.000817 0.000857 0.005858 0.015983 0.000309 0.195481 0.001141 0.000970 0.007092 0.148326 0.014018 0.000174 0.006298 0.002445 0.000472 0.001004 0.002967 0.000524 0.191597 0.009321 0.001603
0.424241 0.000530 0.001039 0.005712 0.003532 0.001006 0.001204 0.000429 0.001351 0.011881 0.001460 0.000861 0.000193 0.001343 0.082624 0.000280 0.103634 0.000386 0.000304 0.031565 0.131852 0.017925 0.000182 0.002365 0.001140 0.000539 0.001147 0.002425 0.000727 0.161380 0.005342 0.001400
