0.731425 0.000915 0.001439 0.002280 0.000254 0.137420 0.000277 0.000160 0.002966 0.018884 0.002363 0.000134 0.023764 0.002665 0.000427 0.000160 0.000417 0.003146 0.000350 0.019906 0.001030 0.040386 0.000320 0.000709 0.001845 0.000361 0.000953 0.001983 0.000581 0.001058 0.000686 0.000735
0.565191 0.000061 0.000012 0.000168 0.000060 0.000100 0.000417 0.000172 0.000113 0.255645 0.000149 0.000116 0.000021 0.000089 0.001528 0.000172 0.000190 0.003151 0.000113 0.146338 0.001703 0.016056 0.003406 0.000312 0.000132 0.000399 0.000079 0.001795 0.000556 0.001126 0.000352 0.000280
0.619226 0.001944 0.000240 0.000729 0.000793 0.002089 0.002492 0.001808 0.002090 0.246423 0.000430 0.002521 0.000035 0.000293 0.001930 0.031739 0.006793 0.000452 0.008820 0.023744 0.002257 0.012370 0.002968 0.005204 0.000463 0.000359 0.000145 0.013110 0.000178 0.005068 0.000855 0.002430
0.701194 0.000008 0.000003 0.000026 0.000007 0.000010 0.000041 0.000023 0.000094 0.233708 0.000022 0.000011 0.000003 0.000023 0.000270 0.000019 0.000035 0.000988 0.000013 0.058287 0.000246 0.004284 0.000057 0.000037 0.000028 0.000032 0.000009 0.000187 0.000046 0.000205 0.000035 0.000049
0.800524 0.000006 0.000004 0.000007 0.000004 0.000007 0.000014 0.000011 0.000110 0.145962 0.000022 0.000004 0.000001 0.000014 0.000899 0.000012 0.000148 0.000144 0.000005 0.044422 0.000770 0.005829 0.000002 0.000023 0.000024 0.000003 0.000009 0.000079 0.000009 0.000855 0.000027 0.000048
0.864632 0.000002 0.000000 0.000206 0.000001 0.000022 0.000003 0.000005 0.000106 0.116427 0.000008 0.000001 0.000003 0.000003 0.000055 0.000013 0.000022 0.000082 0.000008 0.008657 0.000024 0.009369 0.000001 0.000056 0.000012 0.000001 0.000003 0.000075 0.000001 0.000104 0.000002 0.000099
0.787239 0.000074 0.000124 0.000210 0.000217 0.000150 0.000206 0.000120 0.000346 0.113756 0.000298 0.000084 0.000070 0.000402 0.003243 0.000075 0.000348 0.002580 0.000105 0.067087 0.001270 0.016696 0.000288 0.000338 0.000351 0.000440 0.000155 0.001298 0.000593 0.001230 0.000339 0.000269
0.767977 0.001979 0.001655 0.000016 0.000511 0.013951 0.000179 0.000073 0.002183 0.000587 0.009832 0.000123 0.191679 0.000624 0.000018 0.000028 0.000047 0.002976 0.000082 0.000855 0.000045 0.000488 0.001612 0.000130 0.000176 0.000305 0.000509 0.000071 0.000981 0.000036 0.000162 0.000111
0.682669 0.000003 0.001281 0.000039 0.000040 0.000073 0.000038 0.000012 0.000033 0.001394 0.000024 0.000012 0.000008 0.000070 0.009788 0.000022 0.138282 0.000039 0.000009 0.078800 0.042349 0.015341 0.000008 0.000033 0.000207 0.000040 0.000044 0.000530 0.000039 0.027760 0.000906 0.000108
0.708028 0.000423 0.000373 0.000187 0.001901 0.001514 0.000794 0.001052 0.005587 0.080145 0.001580 0.001504 0.000217 0.000229 0.000595 0.001242 0.001057 0.000122 0.167215 0.011706 0.000668 0.007088 0.000625 0.001432 0.000398 0.000050 0.000066 0.000690 0.000138 0.001571 0.000403 0.001398
0.154798 0.000000 0.000001 0.000001 0.000000 0.000002 0.000001 0.000001 0.000001 0.000261 0.000002 0.000000 0.000001 0.000002 0.000404 0.000000 0.000138 0.000002 0.000001 0.837050 0.000505 0.005837 0.000001 0.000002 0.000052 0.000002 0.000001 0.000018 0.000001 0.000764 0.000139 0.000009
0.179553 0.000000 0.000000 0.000000 0.000000 0.000000 0.000000 0.000000 0.000000 0.000017 0.000000 0.000000 0.000000 0.000000 0.000703 0.000000 0.000050 0.000000 0.000000 0.816796 0.000093 0.002210 0.000000 0.000000 0.000012 0.000000 0.000000 0.000000 0.000000 0.000548 0.000015 0.000001
0.222955 0.000000 0.000000 0.000000 0.000000 0.000000 0.000000 0.000000 0.000000 0.000011 0.000000 0.000000 0.000000 0.000000 0.000048 0.000000 0.000026 0.000000 0.000000 0.775825 0.000061 0.000950 0.000000 0.000000 0.000003 0.000000 0.000000 0.000000 0.000000 0.000108 0.000012 0.000000
0.226079 0.000000 0.000000 0.000002 0.000000 0.000000 0.000000 0.000000 0.000000 0.000001 0.000000 0.000000 0.000003 0.000000 0.000001 0.000000 0.000000 0.000000 0.000000 0.773774 0.000001 0.000128 0.000000 0.000000 0.000003 0.000000 0.000000 0.000000 0.000000 0.000005 0.000001 0.000001
0.221541 0.000000 0.000001 0.000085 0.000001 0.000003 0.000002 0.000001 0.000005 0.000089 0.000003 0.000001 0.000016 0.000011 0.000399 0.000001 0.000140 0.000003 0.000003 0.773469 0.000141 0.002962 0.000001 0.000014 0.000127 0.000003 0.000009 0.000043 0.000001 0.000756 0.000084 0.000086
0.261176 0.000000 0.000000 0.000000 0.000000 0.000000 0.000000 0.000000 0.000000 0.000000 0.000000 0.000000 0.000000 0.000000 0.000039 0.000000 0.000006 0.000000 0.000000 0.738280 0.000007 0.000443 0.000000 0.000000 0.000001 0.000000 0.000000 0.000000 0.000000 0.000044 0.000002 0.000000
0.401249 0.000000 0.000000 0.000002 0.000000 0.000000 0.000000 0.000000 0.000000 0.000011 0.000000 0.000000 0.000000 0.000000 0.000408 0.000000 0.000211 0.000000 0.000000 0.595384 0.000250 0.001971 0.000000 0.000000 0.000020 0.000000 0.000001 0.000003 0.000000 0.000432 0.000052 0.000004
0.448368 0.000000 0.000000 0.000003 0.000000 0.000000 0.000000 0.000000 0.000000 0.000001 0.000000 0.000000 0.000001 0.000000 0.000000 0.000000 0.000000 0.000000 0.000000 0.551547 0.000000 0.000071 0.000000 0.000000 0.000001 0.000000 0.000000 0.000001 0.000000 0.000005 0.000000 0.000001
0.449160 0.000000 0.000000 0.000000 0.000000 0.000000 0.000000 0.000000 0.000000 0.000000 0.000000 0.000000 0.000000 0.000000 0.000031 0.000000 0.000007 0.000000 0.000000 0.550527 0.000003 0.000247 0.000000 0.000000 0.000002 0.000000 0.000000 0.000000 0.000000 0.000020 0.000002 0.000000
0.461204 0.000000 0.000000 0.000000 0.000000 0.000000 0.000000 0.000000 0.000000 0.000001 0.000000 0.000000 0.000000 0.000000 0.000037 0.000000 0.000015 0.000000 0.000000 0.537500 0.000014 0.001138 0.000000 0.000000 0.000011 0.000000 0.000000 0.000000 0.000000 0.000064 0.000015 0.000000
0.464992 0.000000 0.000000 0.000000 0.000000 0.000000 0.000000 0.000000 0.000000 0.000001 0.000000 0.000000 0.000000 0.000000 0.000019 0.000000 0.000007 0.000000 0.000000 0.533821 0.000007 0.001099 0.000000 0.000000 0.000005 0.000000 0.000000 0.000000 0.000000 0.000043 0.000007 0.000000
0.493884 0.000000 0.000000 0.000000 0.000000 0.000000 0.000000 0.000000 0.000000 0.000001 0.000000 0.000000 0.000000 0.000000 0.000190 0.000000 0.000032 0.000000 0.000000 0.504950 0.000015 0.000804 0.000000 0.000000 0.000006 0.000000 0.000000 0.000000 0.000000 0.000109 0.000008 0.000000
0.491139 0.000000 0.000001 0.000020 0.000000 0.000008 0.000001 0.000001 0.000003 0.000835 0.000005 0.000000 0.000031 0.000005 0.000195 0.000000 0.000156 0.000007 0.000001 0.500637 0.000327 0.005553 0.000000 0.000004 0.000069 0.000001 0.000006 0.000047 0.000001 0.000859 0.000036 0.000051
0.490062 0.000000 0.000002 0.000000 0.000000 0.000001 0.000003 0.000001 0.000005 0.001271 0.000010 0.000001 0.000000 0.000008 0.008823 0.000000 0.000343 0.000002 0.000001 0.480752 0.000985 0.014047 0.000001 0.000003 0.000093 0.000002 0.000001 0.000015 0.000002 0.003361 0.000190 0.000012
0.595164 0.000004 0.000115 0.000006 0.000003 0.000039 0.000027 0.000014 0.000027 0.002890 0.000040 0.000011 0.000007 0.000085 0.007403 0.000009 0.007239 0.000031 0.000021 0.336244 0.010569 0.029675 0.000011 0.000022 0.000612 0.000018 0.000025 0.000228 0.000021 0.008336 0.000992 0.000111
0.640525 0.000001 0.000002 0.000176 0.000012 0.000033 0.000007 0.000002 0.000004 0.000338 0.000009 0.000004 0.000010 0.000003 0.000768 0.000002 0.000162 0.000021 0.000008 0.331062 0.000547 0.025024 0.000006 0.000026 0.000040 0.000007 0.000015 0.000261 0.000004 0.000547 0.000232 0.000139
0.705156 0.000000 0.000000 0.000013 0.000000 0.000000 0.000000 0.000000 0.000000 0.000004 0.000000 0.000000 0.000005 0.000000 0.000001 0.000000 0.000000 0.000000 0.000000 0.290294 0.000000 0.004519 0.000000 0.000000 0.000001 0.000000 0.000000 0.000001 0.000000 0.000004 0.000000 0.000002
0.671416 0.000005 0.000028 0.000066 0.000016 0.000030 0.000041 0.000025 0.000056 0.005865 0.000016 0.000037 0.000003 0.000028 0.005121 0.000090 0.003685 0.000019 0.000028 0.282583 0.004412 0.016532 0.000032 0.000433 0.000196 0.000012 0.000015 0.001607 0.000010 0.006838 0.000403 0.000352
0.743475 0.000000 0.000000 0.000001 0.000000 0.000001 0.000000 0.000000 0.000001 0.000011 0.000002 0.000000 0.000000 0.000001 0.000133 0.000000 0.000059 0.000000 0.000000 0.252839 0.000049 0.003037 0.000000 0.000000 0.000046 0.000000 0.000001 0.000005 0.000000 0.000266 0.000066 0.000006
0.748580 0.000000 0.000000 0.000002 0.000000 0.000000 0.000000 0.000000 0.000001 0.000021 0.000001 0.000000 0.000000 0.000001 0.000258 0.000000 0.000082 0.000000 0.000000 0.247363 0.000054 0.003176 0.000000 0.000001 0.000031 0.000000 0.000001 0.000007 0.000000 0.000365 0.000043 0.000010
0.748257 0.000000 0.000001 0.000000 0.000000 0.000000 0.000001 0.000000 0.000001 0.000131 0.000003 0.000000 0.000000 0.000003 0.007454 0.000000 0.000266 0.000000 0.000000 0.235393 0.000278 0.006181 0.000000 0.000000 0.000047 0.000000 0.000000 0.000003 0.000000 0.001893 0.000084 0.000003
0.761254 0.000000 0.000000 0.000003 0.000000 0.000001 0.000000 0.000000 0.000002 0.000057 0.000000 0.000000 0.000001 0.000001 0.000619 0.000000 0.000099 0.000000 0.000000 0.234052 0.000044 0.003529 0.000000 0.000002 0.000017 0.000000 0.000000 0.000007 0.000000 0.000286 0.000013 0.000010
0.768141 0.000000 0.000000 0.000005 0.000000 0.000000 0.000000 0.000000 0.000000 0.000001 0.000000 0.000000 0.000004 0.000000 0.000000 0.000000 0.000000 0.000000 0.000000 0.231712 0.000001 0.000126 0.000000 0.000000 0.000001 0.000000 0.000000 0.000001 0.000000 0.000004 0.000000 0.000002
0.767126 0.000000 0.000000 0.000001 0.000000 0.000000 0.000000 0.000000 0.000000 0.000002 0.000000 0.000000 0.000000 0.000000 0.000005 0.000000 0.000000 0.000000 0.000000 0.229932 0.000000 0.002929 0.000000 0.000000 0.000000 0.000000 0.000000 0.000001 0.000000 0.000004 0.000000 0.000001
0.615065 0.000016 0.000026 0.000546 0.000054 0.000257 0.000042 0.000028 0.000202 0.002019 0.000289 0.000016 0.003246 0.000094 0.000722 0.000016 0.000607 0.000429 0.000142 0.224757 0.001088 0.143559 0.000034 0.000182 0.000653 0.000064 0.000256 0.001002 0.000055 0.002462 0.001128 0.000945
0.746658 0.000011 0.000006 0.000033 0.000005 0.000022 0.000019 0.000012 0.000211 0.022396 0.000083 0.000003 0.000035 0.000044 0.000666 0.000006 0.000160 0.000364 0.000008 0.209469 0.000365 0.018140 0.000005 0.000037 0.000106 0.000009 0.000020 0.000098 0.000018 0.000780 0.000097 0.000116
0.793074 0.000000 0.000000 0.000096 0.000000 0.000004 0.000000 0.000000 0.000006 0.000317 0.000000 0.000000 0.000166 0.000001 0.000010 0.000000 0.000001 0.000001 0.000001 0.191847 0.000003 0.014376 0.000000 0.000002 0.000022 0.000000 0.000000 0.000014 0.000000 0.000031 0.000001 0.000027
0.738061 0.000004 0.000003 0.000713 0.000182 0.000101 0.000017 0.000013 0.000075 0.002125 0.000040 0.000015 0.000106 0.000008 0.000632 0.000009 0.000210 0.000088 0.000052 0.183138 0.000442 0.069069 0.000023 0.000349 0.000068 0.000023 0.000105 0.001760 0.000014 0.001226 0.000318 0.001013
0.819737 0.000000 0.000000 0.000002 0.000000 0.000000 0.000000 0.000000 0.000001 0.000037 0.000000 0.000000 0.000000 0.000001 0.000225 0.000000 0.000059 0.000000 0.000000 0.176455 0.000037 0.003169 0.000000 0.000001 0.000019 0.000000 0.000000 0.000014 0.000000 0.000220 0.000013 0.000008
0.498290 0.002487 0.002806 0.006533 0.007226 0.010635 0.004262 0.001772 0.005175 0.013504 0.014300 0.002162 0.002321 0.002579 0.006707 0.000945 0.004210 0.005174 0.002146 0.174966 0.010920 0.128142 0.002434 0.003375 0.002088 0.003864 0.002813 0.012476 0.006366 0.010631 0.045889 0.002803
0.794615 0.000020 0.000039 0.000373 0.000033 0.000081 0.000064 0.000016 0.000087 0.002103 0.000039 0.000045 0.000054 0.000180 0.003345 0.000010 0.001413 0.000028 0.000028 0.174446 0.000469 0.017770 0.000055 0.000110 0.000529 0.000010 0.000012 0.000566 0.000007 0.002491 0.000698 0.000264
0.613651 0.000048 0.000007 0.000144 0.000037 0.000086 0.000449 0.000163 0.000115 0.187066 0.000129 0.000112 0.000017 0.000062 0.001089 0.000189 0.000198 0.002691 0.000106 0.168940 0.001949 0.014329 0.003693 0.000299 0.000099 0.000332 0.000070 0.001668 0.000379 0.001247 0.000355 0.000278
0.198643 0.011904 0.003207 0.005558 0.009534 0.007704 0.027070 0.008528 0.003662 0.056366 0.011528 0.031436 0.001830 0.009395 0.017203 0.003830 0.021025 0.012598 0.004638 0.163325 0.039711 0.072589 0.027149 0.008612 0.010419 0.016469 0.007438 0.046882 0.013592 0.044725 0.095511 0.007919
0.815996 0.000000 0.000000 0.000090 0.000004 0.000013 0.000001 0.000001 0.000007 0.000214 0.000010 0.000001 0.000024 0.000002 0.000125 0.000000 0.000050 0.000008 0.000006 0.152239 0.000053 0.030246 0.000001 0.000024 0.000025 0.000002 0.000009 0.000299 0.000001 0.000303 0.000081 0.000165
0.835929 0.000000 0.000004 0.000027 0.000019 0.000010 0.000002 0.000001 0.000007 0.000381 0.000007 0.000001 0.000026 0.000005 0.002159 0.000000 0.000485 0.000003 0.000003 0.145878 0.000173 0.013624 0.000002 0.000036 0.000052 0.000001 0.000005 0.000069 0.000001 0.000897 0.000092 0.000099
0.642059 0.001037 0.000444 0.004782 0.001189 0.010977 0.004009 0.001483 0.000777 0.015062 0.006293 0.000764 0.000214 0.001067 0.006740 0.001220 0.005985 0.002332 0.000358 0.142010 0.018657 0.060219 0.002297 0.001944 0.001456 0.003192 0.002459 0.015695 0.004018 0.021970 0.016932 0.002362
0.637014 0.001675 0.000152 0.000233 0.004564 0.000121 0.000783 0.000587 0.001274 0.028998 0.012424 0.000657 0.000112 0.000357 0.012686 0.001853 0.015042 0.000410 0.000359 0.141406 0.029009 0.039172 0.000918 0.003027 0.000697 0.001136 0.020112 0.011543 0.005615 0.017735 0.008204 0.002122
0.637941 0.000358 0.000656 0.003561 0.000753 0.000934 0.004784 0.001385 0.000551 0.009639 0.002622 0.018179 0.000264 0.000721 0.016673 0.000613 0.010636 0.000723 0.000562 0.136941 0.016491 0.051990 0.000648 0.005909 0.002804 0.003637 0.004854 0.006719 0.000724 0.039859 0.014928 0.002944
0.379174 0.005454 0.017076 0.011454 0.022771 0.022936 0.011655 0.006755 0.007656 0.026495 0.040168 0.005772 0.004565 0.007051 0.029930 0.003295 0.011370 0.006682 0.007392 0.135976 0.012466 0.066708 0.008354 0.012718 0.007099 0.010966 0.004770 0.020289 0.023300 0.018806 0.042376 0.008522
0.523859 0.002817 0.002889 0.006195 0.004728 0.007578 0.006137 0.002865 0.006787 0.074442 0.004997 0.006496 0.001020 0.002948 0.009486 0.003044 0.008714 0.003304 0.015093 0.131644 0.007000 0.077622 0.006395 0.010873 0.002168 0.001823 0.000802 0.028654 0.002101 0.015107 0.014443 0.007969
0.559977 0.001478 0.000443 0.001114 0.005084 0.001247 0.001679 0.000796 0.002307 0.013691 0.019771 0.000818 0.000407 0.000727 0.008728 0.002456 0.020866 0.000877 0.000518 0.129228 0.044067 0.041604 0.001083 0.002718 0.001123 0.003212 0.042415 0.014108 0.008973 0.026108 0.039670 0.002709
0.868937 0.000000 0.000000 0.000010 0.000000 0.000000 0.000000 0.000000 0.000000 0.000004 0.000000 0.000000 0.000002 0.000000 0.000004 0.000000 0.000001 0.000000 0.000000 0.128087 0.000002 0.002903 0.000000 0.000000 0.000001 0.000000 0.000000 0.000014 0.000000 0.000014 0.000004 0.000015
0.223797 0.007525 0.007125 0.032640 0.019290 0.034074 0.017923 0.008906 0.008749 0.031072 0.036875 0.009193 0.003186 0.009569 0.021901 0.006280 0.021744 0.008555 0.005070 0.125267 0.038198 0.087907 0.016001 0.014218 0.008448 0.015449 0.011418 0.035575 0.016321 0.046308 0.056622 0.014794
0.398830 0.005388 0.014926 0.012705 0.024965 0.020914 0.011801 0.006292 0.006901 0.022653 0.039263 0.005767 0.004957 0.006317 0.030901 0.002968 0.011987 0.005628 0.006469 0.124167 0.012894 0.060884 0.007807 0.014205 0.007190 0.011710 0.004874 0.021107 0.023850 0.021153 0.042682 0.007845
0.736963 0.000668 0.000051 0.000150 0.001140 0.000033 0.000397 0.000335 0.000593 0.025742 0.006502 0.000364 0.000026 0.000162 0.008080 0.000972 0.008712 0.000189 0.000162 0.123617 0.019629 0.030131 0.000255 0.001783 0.000412 0.000389 0.008130 0.006463 0.001626 0.011751 0.003211 0.001362
0.486620 0.001134 0.003372 0.032553 0.015250 0.016150 0.006908 0.003254 0.001795 0.022960 0.009804 0.002157 0.001555 0.004424 0.049708 0.003047 0.013694 0.004901 0.005268 0.122215 0.027762 0.049293 0.002099 0.006639 0.008555 0.004742 0.001329 0.005635 0.006990 0.048738 0.027096 0.004356
0.528408 0.000912 0.002640 0.033832 0.012313 0.014318 0.006015 0.002708 0.001409 0.020311 0.008015 0.001800 0.001258 0.003626 0.045627 0.002750 0.011712 0.004022 0.004406 0.121034 0.025271 0.046579 0.001725 0.005785 0.007475 0.003790 0.001015 0.004495 0.005649 0.044534 0.022905 0.003660
0.820885 0.000011 0.000018 0.004865 0.000130 0.000249 0.000059 0.000042 0.000125 0.003709 0.000169 0.000070 0.000244 0.000055 0.001350 0.000074 0.000882 0.000098 0.000269 0.118100 0.001427 0.039724 0.000059 0.000491 0.000297 0.000075 0.000512 0.001375 0.000037 0.002480 0.000379 0.001740
0.880819 0.000000 0.000000 0.000060 0.000000 0.000002 0.000000 0.000000 0.000003 0.000596 0.000000 0.000000 0.000002 0.000000 0.000026 0.000000 0.000001 0.000003 0.000001 0.112950 0.000004 0.005391 0.000000 0.000005 0.000007 0.000000 0.000001 0.000037 0.000000 0.000043 0.000001 0.000047
0.889744 0.000000 0.000000 0.000093 0.000000 0.000011 0.000000 0.000000 0.000001 0.000018 0.000003 0.000000 0.000229 0.000000 0.000004 0.000000 0.000003 0.000002 0.000001 0.109015 0.000011 0.000703 0.000000 0.000001 0.000040 0.000000 0.000005 0.000019 0.000000 0.000037 0.000029 0.000029
0.450486 0.001965 0.002527 0.026839 0.011221 0.012567 0.007960 0.003822 0.002117 0.029767 0.008958 0.003135 0.001743 0.005376 0.051641 0.004125 0.016375 0.005448 0.006874 0.108363 0.033999 0.058673 0.002814 0.010521 0.010119 0.005996 0.002370 0.008215 0.007468 0.058783 0.033385 0.006347
0.723490 0.000709 0.000566 0.005853 0.000701 0.004398 0.002783 0.001714 0.001184 0.015620 0.003708 0.018350 0.000804 0.001036 0.007153 0.000464 0.010962 0.000735 0.000872 0.105739 0.012384 0.017342 0.001201 0.004208 0.002384 0.002327 0.003517 0.008874 0.000967 0.026120 0.010805 0.003032
0.816009 0.000055 0.000082 0.002201 0.000200 0.001318 0.000112 0.000035 0.000068 0.003840 0.000297 0.000033 0.000152 0.000179 0.004823 0.000032 0.002259 0.000451 0.000042 0.105142 0.002710 0.047174 0.000090 0.000189 0.000843 0.000080 0.000304 0.000367 0.000081 0.005256 0.005142 0.000434
0.805739 0.000088 0.000255 0.005296 0.002992 0.001650 0.000512 0.000169 0.000675 0.004119 0.001191 0.000287 0.000070 0.000141 0.012298 0.000117 0.001546 0.000437 0.000224 0.104823 0.007039 0.036944 0.000182 0.001042 0.000461 0.000411 0.000686 0.002518 0.000399 0.004204 0.002607 0.000879
0.615065 0.000016 0.000026 0.000546 0.000054 0.000257 0.000042 0.000028 0.000202 0.002019 0.000289 0.000016 0.003246 0.000094 0.000722 0.000016 0.000607 0.000429 0.000142 0.224757 0.001088 0.143559 0.000034 0.000182 0.000653 0.000064 0.000256 0.001002 0.000055 0.002462 0.001128 0.000945
0.498290 0.002487 0.002806 0.006533 0.007226 0.010635 0.004262 0.001772 0.005175 0.013504 0.014300 0.002162 0.002321 0.002579 0.006707 0.000945 0.004210 0.005174 0.002146 0.174966 0.010920 0.128142 0.002434 0.003375 0.002088 0.003864 0.002813 0.012476 0.006366 0.010631 0.045889 0.002803
0.422824 0.002520 0.000203 0.000970 0.001156 0.002234 0.012690 0.002020 0.001485 0.068048 0.000971 0.003735 0.000513 0.001930 0.004237 0.012517 0.012234 0.041413 0.006353 0.059485 0.043694 0.034038 0.004577 0.001536 0.002698 0.047520 0.007928 0.049575 0.005911 0.020891 0.118588 0.005504
0.724061 0.000754 0.000053 0.005029 0.000588 0.001565 0.000780 0.000164 0.000395 0.001567 0.004681 0.000231 0.000135 0.000258 0.001907 0.000806 0.003942 0.000690 0.000214 0.041962 0.017013 0.036505 0.000108 0.000490 0.000643 0.002625 0.010808 0.012018 0.001534 0.012772 0.114743 0.000961
