cabinet 5 12 162 220 0.100356 0.796627
chair 171 198 495 426 0.758711 0.197910
chair 372 222 472 274 0.492581 0.441489
chair 406 234 453 263 0.217753 0.634486
chair 147 276 306 426 0.150015 0.838563
chair 467 39 556 177 0.135849 0.847583
chair 447 234 454 250 0.118359 0.863577
table 107 223 491 425 0.30527 0.257452
picture 436 2 477 36 0.229342 0.639066
picture 356 2 433 18 0.132655 0.804219
picture 340 2 478 36 0.123956 0.720874
picture 1 2 16 16 0.118863 0.654682
blinds 7 149 186 211 0.551079 0.249789
blinds 385 102 478 170 0.519804 0.408543
blinds 377 112 381 165 0.204278 0.613488
desk 422 184 558 417 0.967032 0.031283
desk 22 192 551 426 0.807003 0.148322
desk 317 217 560 285 0.322261 0.660502
pillow 472 418 497 426 0.149717 0.141283
pillow 408 160 472 210 0.139977 0.427246
mirror 356 112 363 136 0.120205 0.481611
clothes 473 418 498 426 0.221967 0.141283
tv 177 56 363 191 0.734127 0.242698
tv 0 2 16 17 0.164479 0.654682
tv 282 114 363 183 0.101653 0.774598
paper 143 239 259 291 0.908255 0.083576
paper 98 223 323 273 0.678801 0.295664
paper 138 241 195 253 0.547424 0.436066
paper 219 217 247 251 0.466641 0.521618
paper 203 235 215 242 0.442419 0.544407
paper 225 219 415 272 0.439242 0.445241
paper 216 237 220 241 0.437138 0.554418
paper 142 253 154 265 0.402493 0.595013
paper 343 232 420 266 0.306481 0.557944
paper 221 233 232 243 0.302793 0.688029
paper 543 173 560 184 0.289507 0.401005
paper 92 234 193 259 0.280861 0.705861
paper 130 219 244 250 0.254748 0.725632
paper 224 202 259 223 0.232062 0.711112
paper 418 233 419 235 0.231929 0.553736
paper 142 264 156 271 0.228323 0.765073
paper 205 225 226 241 0.227741 0.757346
paper 398 226 416 239 0.178273 0.734061
paper 501 207 556 221 0.167481 0.824116
paper 384 247 415 255 0.158918 0.345199
paper 55 241 155 271 0.146938 0.834618
paper 510 159 559 210 0.144995 0.796773
paper 476 186 556 222 0.138499 0.858725
paper 338 227 349 248 0.138168 0.781167
paper 516 203 529 210 0.137603 0.858669
paper 129 247 144 254 0.135691 0.858721
paper 69 233 112 254 0.129367 0.728807
paper 516 203 547 215 0.12168 0.867531
paper 411 159 418 166 0.117731 0.674734
paper 3 384 138 425 0.111556 0.567939
paper 84 232 109 237 0.110242 0.722921
paper 380 232 408 253 0.10699 0.830240
paper 484 208 491 213 0.102364 0.897159
paper 85 232 128 244 0.101812 0.782615
paper 520 174 543 181 0.101466 0.836007
box 338 242 339 247 0.283408 0.415453
box 383 247 415 255 0.157652 0.345199
box 524 172 559 186 0.128635 0.585949
box 360 34 411 36 0.108055 0.478863
box 417 233 420 236 0.106252 0.553736
person 106 5 148 25 0.189791 0.757654
person 99 4 111 26 0.127872 0.811605
bag 472 418 497 426 0.154076 0.141283
bag 375 160 481 204 0.123089 0.506528
bag 384 248 415 254 0.114577 0.345199
garbage_bin 544 247 560 331 0.208099 0.605018
