chair 372 164 560 380 0.973236 0.021657
chair 319 177 401 307 0.274717 0.308865
chair 12 417 32 426 0.197394 0.521279
chair 8 415 76 426 0.122699 0.611210
table 249 184 529 402 0.145498 0.697780
desk 85 328 560 426 0.152745 0.772763
tv 403 154 557 291 0.206405 0.703791
paper 346 298 354 309 0.77477 0.221633
paper 344 292 357 298 0.632844 0.359142
paper 414 367 425 382 0.551144 0.401117
paper 339 292 340 293 0.539311 0.455115
paper 414 358 446 382 0.305702 0.608084
paper 545 145 560 146 0.195485 0.357569
paper 303 413 304 415 0.191491 0.555732
paper 241 360 248 367 0.179977 0.785422
paper 217 372 221 379 0.140624 0.749506
paper 406 357 418 368 0.131776 0.856208
paper 108 333 151 370 0.131065 0.669415
paper 549 164 554 164 0.130709 0.386300
paper 346 292 396 305 0.130083 0.814616
paper 299 402 306 410 0.130052 0.731640
paper 230 366 249 374 0.126606 0.854584
paper 209 370 217 381 0.126488 0.721601
paper 213 363 216 365 0.125121 0.749468
paper 421 337 422 343 0.121246 0.803518
paper 342 373 348 383 0.119446 0.873989
paper 555 317 557 320 0.114786 0.380351
paper 400 366 403 368 0.11166 0.887328
paper 229 420 232 426 0.106616 0.195093
paper 217 365 249 390 0.103081 0.854323
box 229 419 231 426 0.141821 0.195093
box 545 144 560 146 0.136477 0.357569
box 108 331 155 371 0.124068 0.669415
box 120 353 125 356 0.116508 0.785172
box 4 340 150 419 0.101545 0.765104
bag 240 317 301 358 0.10814 0.829452
