0.255367 0.009652 0.006812 0.220704 0.015161 0.125175 0.006642 0.004788 0.010085 0.027025 0.018151 0.004493 0.006313 0.010058 0.008872 0.009692 0.009930 0.010176 0.009792 0.037803 0.012645 0.052661 0.005328 0.024176 0.006304 0.004362 0.004144 0.016962 0.004652 0.026544 0.021694 0.013834
0.397912 0.004412 0.005142 0.216505 0.004403 0.196788 0.001731 0.001806 0.008098 0.010495 0.006648 0.001123 0.014865 0.007394 0.002819 0.002131 0.006875 0.004612 0.005674 0.012280 0.003973 0.017528 0.001237 0.012410 0.006676 0.000937 0.000632 0.007050 0.000725 0.021627 0.008692 0.006800
0.422413 0.005358 0.000484 0.206838 0.001241 0.073666 0.003981 0.002231 0.012823 0.012314 0.002495 0.000927 0.006064 0.003731 0.001779 0.018521 0.006563 0.012578 0.050167 0.009694 0.004461 0.053746 0.002595 0.004524 0.004004 0.002499 0.006673 0.025201 0.000529 0.007681 0.005883 0.028336
0.573625 0.001745 0.002135 0.175769 0.002604 0.105692 0.000867 0.000901 0.003499 0.005579 0.004803 0.000645 0.022935 0.004879 0.003011 0.000683 0.006359 0.002251 0.003063 0.009468 0.002887 0.007563 0.000429 0.009122 0.009186 0.000537 0.000414 0.003700 0.000445 0.023800 0.007589 0.003815
0.497903 0.005733 0.000745 0.151634 0.001352 0.069093 0.003775 0.002500 0.017456 0.014755 0.002001 0.000904 0.005886 0.004344 0.001544 0.016737 0.005645 0.010273 0.060258 0.010588 0.003541 0.039517 0.001983 0.005789 0.004912 0.001784 0.002878 0.019671 0.000483 0.007824 0.005160 0.023332
0.632387 0.000825 0.005017 0.142657 0.021544 0.063692 0.001332 0.001453 0.004663 0.010835 0.003744 0.001020 0.006662 0.003003 0.010070 0.002229 0.010647 0.001669 0.007872 0.008667 0.004505 0.006430 0.000498 0.011252 0.003278 0.000989 0.000537 0.004193 0.000810 0.015924 0.007537 0.004056
0.677739 0.000949 0.002112 0.134415 0.003806 0.055708 0.000771 0.000876 0.002407 0.004439 0.004559 0.000601 0.013528 0.003578 0.006027 0.000755 0.007921 0.001312 0.002160 0.008257 0.003692 0.005650 0.000339 0.010609 0.005473 0.000548 0.000459 0.004140 0.000632 0.026556 0.006726 0.003255
0.714487 0.001844 0.000072 0.128261 0.000187 0.035754 0.004471 0.001500 0.004602 0.007258 0.000985 0.000517 0.001751 0.000687 0.000296 0.011757 0.002476 0.004858 0.013123 0.007147 0.001505 0.016600 0.002398 0.001483 0.000867 0.000833 0.001459 0.011300 0.000203 0.003073 0.002743 0.015502
0.566100 0.002311 0.001660 0.124628 0.001407 0.175410 0.001139 0.001126 0.004525 0.010548 0.004324 0.000816 0.010973 0.002741 0.001244 0.001714 0.003750 0.004645 0.003492 0.012271 0.002876 0.014718 0.000849 0.006344 0.003379 0.001038 0.000817 0.007251 0.000572 0.014827 0.005763 0.006743
0.846432 0.000008 0.000266 0.119340 0.002512 0.021907 0.000028 0.000026 0.000153 0.000555 0.000206 0.000016 0.000827 0.000123 0.001077 0.000074 0.000792 0.000066 0.000438 0.001251 0.000308 0.000425 0.000006 0.000512 0.000189 0.000020 0.000010 0.000163 0.000020 0.001541 0.000516 0.000195
0.569181 0.000614 0.000775 0.084281 0.000761 0.265516 0.000309 0.000422 0.001090 0.007039 0.001978 0.000219 0.009266 0.000883 0.001267 0.001105 0.003340 0.001070 0.002885 0.008378 0.002012 0.008764 0.000256 0.002803 0.002350 0.000308 0.000420 0.005479 0.000244 0.011594 0.002311 0.003082
0.397912 0.004412 0.005142 0.216505 0.004403 0.196788 0.001731 0.001806 0.008098 0.010495 0.006648 0.001123 0.014865 0.007394 0.002819 0.002131 0.006875 0.004612 0.005674 0.012280 0.003973 0.017528 0.001237 0.012410 0.006676 0.000937 0.000632 0.007050 0.000725 0.021627 0.008692 0.006800
0.579836 0.002922 0.001984 0.093175 0.001319 0.192005 0.001041 0.001157 0.005343 0.012289 0.003772 0.000735 0.008065 0.002891 0.001186 0.001740 0.003563 0.004545 0.003489 0.014047 0.002784 0.016364 0.001027 0.006663 0.003318 0.000836 0.000679 0.007600 0.000510 0.013542 0.005155 0.006417
0.255367 0.009652 0.006812 0.220704 0.015161 0.125175 0.006642 0.004788 0.010085 0.027025 0.018151 0.004493 0.006313 0.010058 0.008872 0.009692 0.009930 0.010176 0.009792 0.037803 0.012645 0.052661 0.005328 0.024176 0.006304 0.004362 0.004144 0.016962 0.004652 0.026544 0.021694 0.013834
0.809805 0.000373 0.000145 0.045653 0.000132 0.112881 0.000113 0.000124 0.001181 0.003424 0.000677 0.000074 0.001752 0.000404 0.000119 0.000206 0.000513 0.001047 0.000524 0.005871 0.000590 0.005175 0.000089 0.000919 0.000427 0.000099 0.000061 0.001586 0.000050 0.003790 0.001125 0.001070
0.680347 0.001704 0.000900 0.044632 0.006539 0.107280 0.001491 0.000865 0.002835 0.007302 0.032605 0.000505 0.002144 0.001283 0.004055 0.000517 0.001345 0.002009 0.002244 0.034481 0.003518 0.022881 0.002134 0.002242 0.002459 0.003199 0.001183 0.002781 0.002617 0.006564 0.013633 0.001708
0.811717 0.000002 0.000003 0.000964 0.000009 0.106229 0.000001 0.000002 0.000017 0.000145 0.000150 0.000001 0.067107 0.000014 0.000008 0.000000 0.000022 0.000072 0.000012 0.010674 0.000015 0.001753 0.000003 0.000041 0.000054 0.000004 0.000044 0.000106 0.000011 0.000148 0.000399 0.000273
0.573625 0.001745 0.002135 0.175769 0.002604 0.105692 0.000867 0.000901 0.003499 0.005579 0.004803 0.000645 0.022935 0.004879 0.003011 0.000683 0.006359 0.002251 0.003063 0.009468 0.002887 0.007563 0.000429 0.009122 0.009186 0.000537 0.000414 0.003700 0.000445 0.023800 0.007589 0.003815
0.790520 0.000022 0.000025 0.001330 0.000115 0.050838 0.000015 0.000013 0.000201 0.000347 0.000298 0.000009 0.147636 0.000079 0.000020 0.000005 0.000065 0.000419 0.000040 0.004731 0.000028 0.001520 0.000051 0.000152 0.000115 0.000038 0.000144 0.000256 0.000049 0.000166 0.000389 0.000366
0.208955 0.000000 0.000000 0.000020 0.000000 0.000003 0.000001 0.000000 0.000003 0.000079 0.000001 0.000000 0.000054 0.000009 0.000053 0.000000 0.000131 0.000002 0.000002 0.767247 0.000084 0.022332 0.000001 0.000012 0.000172 0.000001 0.000004 0.000056 0.000000 0.000631 0.000049 0.000097
0.239772 0.000000 0.000000 0.000001 0.000000 0.000000 0.000000 0.000000 0.000000 0.000014 0.000000 0.000000 0.000003 0.000001 0.000044 0.000000 0.000013 0.000000 0.000000 0.746944 0.000017 0.012982 0.000000 0.000000 0.000063 0.000000 0.000000 0.000004 0.000000 0.000123 0.000010 0.000004
0.289138 0.000004 0.000029 0.000125 0.000024 0.000140 0.000015 0.000011 0.000108 0.002292 0.000061 0.000007 0.000062 0.000040 0.001836 0.000008 0.000366 0.000049 0.000034 0.670103 0.000903 0.030532 0.000007 0.000109 0.000288 0.000026 0.000113 0.000303 0.000020 0.002399 0.000426 0.000421
0.342647 0.000000 0.000000 0.000005 0.000000 0.000000 0.000000 0.000000 0.000000 0.000001 0.000000 0.000000 0.000001 0.000000 0.000001 0.000000 0.000000 0.000000 0.000000 0.657222 0.000001 0.000116 0.000000 0.000000 0.000000 0.000000 0.000000 0.000001 0.000000 0.000004 0.000000 0.000001
0.350923 0.000000 0.000000 0.000121 0.000000 0.000003 0.000000 0.000000 0.000001 0.000056 0.000009 0.000000 0.000035 0.000001 0.000021 0.000000 0.000022 0.000001 0.000000 0.647026 0.000050 0.001490 0.000001 0.000011 0.000012 0.000000 0.000003 0.000026 0.000000 0.000136 0.000014 0.000037
0.359976 0.000000 0.000000 0.000127 0.000000 0.000001 0.000000 0.000000 0.000001 0.000062 0.000015 0.000000 0.000010 0.000001 0.000035 0.000000 0.000024 0.000000 0.000000 0.638319 0.000076 0.001112 0.000001 0.000012 0.000009 0.000000 0.000003 0.000031 0.000000 0.000133 0.000012 0.000037
0.366221 0.000000 0.000000 0.000174 0.000001 0.000004 0.000000 0.000001 0.000003 0.000103 0.000021 0.000001 0.000023 0.000002 0.000051 0.000000 0.000041 0.000001 0.000001 0.631252 0.000130 0.001608 0.000001 0.000014 0.000018 0.000001 0.000005 0.000051 0.000001 0.000207 0.000023 0.000043
0.282160 0.000060 0.000377 0.000242 0.000102 0.002143 0.000113 0.000127 0.000606 0.036866 0.002014 0.000096 0.000290 0.000286 0.003898 0.000040 0.000629 0.000347 0.000134 0.615574 0.002751 0.037035 0.000049 0.000195 0.001050 0.000226 0.000209 0.001331 0.000400 0.005395 0.004335 0.000919
0.428043 0.000000 0.000000 0.000021 0.000000 0.000000 0.000000 0.000000 0.000000 0.000006 0.000001 0.000000 0.000003 0.000000 0.000005 0.000000 0.000004 0.000000 0.000000 0.571525 0.000006 0.000336 0.000000 0.000002 0.000001 0.000000 0.000000 0.000004 0.000000 0.000032 0.000001 0.000009
0.372121 0.000109 0.000801 0.000381 0.000146 0.000809 0.000095 0.000159 0.000508 0.006560 0.001584 0.000125 0.000406 0.000445 0.003187 0.000037 0.002609 0.000261 0.000119 0.548783 0.006222 0.031415 0.000115 0.000187 0.001479 0.000153 0.000400 0.001293 0.000355 0.010061 0.008477 0.000596
0.421780 0.000032 0.000151 0.000509 0.000079 0.000185 0.000044 0.000062 0.000129 0.001706 0.000314 0.000051 0.000214 0.000166 0.002882 0.000021 0.002987 0.000084 0.000090 0.527585 0.004374 0.021367 0.000067 0.000177 0.001005 0.000055 0.000166 0.000736 0.000078 0.008817 0.003608 0.000480
0.456203 0.000001 0.000002 0.000052 0.000001 0.000004 0.000004 0.000001 0.000011 0.000372 0.000002 0.000004 0.000022 0.000032 0.000892 0.000001 0.000809 0.000003 0.000004 0.521565 0.000254 0.017073 0.000003 0.000053 0.000346 0.000002 0.000006 0.000279 0.000000 0.001804 0.000074 0.000121
0.477094 0.000002 0.000001 0.000389 0.000004 0.000014 0.000001 0.000003 0.000009 0.000278 0.000062 0.000003 0.000045 0.000004 0.000098 0.000001 0.000062 0.000004 0.000003 0.518017 0.000225 0.002936 0.000006 0.000032 0.000036 0.000002 0.000008 0.000159 0.000002 0.000335 0.000075 0.000090
0.496525 0.000000 0.000000 0.000228 0.000000 0.000015 0.000000 0.000000 0.000002 0.000061 0.000025 0.000000 0.000290 0.000001 0.000006 0.000000 0.000009 0.000001 0.000001 0.501248 0.000031 0.001392 0.000001 0.000011 0.000015 0.000000 0.000002 0.000021 0.000000 0.000061 0.000024 0.000028
0.519114 0.000000 0.000000 0.000003 0.000000 0.000000 0.000000 0.000000 0.000000 0.000001 0.000000 0.000000 0.000001 0.000000 0.000000 0.000000 0.000000 0.000000 0.000000 0.480701 0.000001 0.000170 0.000000 0.000000 0.000000 0.000000 0.000000 0.000001 0.000000 0.000005 0.000001 0.000002
0.548658 0.000000 0.000000 0.000007 0.000000 0.000000 0.000000 0.000000 0.000000 0.000002 0.000000 0.000000 0.000003 0.000000 0.000001 0.000000 0.000001 0.000000 0.000000 0.450615 0.000002 0.000681 0.000000 0.000001 0.000001 0.000000 0.000000 0.000003 0.000000 0.000014 0.000001 0.000008
0.555999 0.000000 0.000000 0.000004 0.000000 0.000000 0.000000 0.000000 0.000000 0.000000 0.000000 0.000000 0.000001 0.000000 0.000000 0.000000 0.000000 0.000000 0.000000 0.443875 0.000000 0.000115 0.000000 0.000000 0.000000 0.000000 0.000000 0.000000 0.000000 0.000002 0.000000 0.000001
0.567149 0.000002 0.000001 0.000471 0.000004 0.000042 0.000003 0.000004 0.000013 0.000204 0.000025 0.000004 0.000099 0.000005 0.000126 0.000002 0.000108 0.000007 0.000022 0.423377 0.000132 0.006005 0.000008 0.000068 0.000070 0.000006 0.000023 0.000308 0.000002 0.001127 0.000137 0.000448
0.598414 0.000001 0.000001 0.000627 0.000002 0.000015 0.000004 0.000002 0.000029 0.001258 0.000005 0.000002 0.000034 0.000004 0.000281 0.000005 0.000048 0.000007 0.000014 0.392576 0.000124 0.005106 0.000002 0.000039 0.000075 0.000009 0.000020 0.000122 0.000001 0.000875 0.000021 0.000278
0.540606 0.000003 0.000008 0.000139 0.000008 0.000057 0.000007 0.000005 0.000031 0.000485 0.000056 0.000003 0.000023 0.000023 0.001273 0.000005 0.001197 0.000024 0.000021 0.387511 0.001253 0.060735 0.000003 0.000036 0.000332 0.000020 0.000100 0.000397 0.000009 0.003187 0.002131 0.000310
0.583890 0.000035 0.000193 0.000083 0.000027 0.000072 0.000022 0.000063 0.000321 0.009354 0.001205 0.000056 0.000015 0.000117 0.003917 0.000014 0.000914 0.000038 0.000012 0.377340 0.002741 0.009493 0.000011 0.000104 0.000416 0.000057 0.000279 0.000795 0.000075 0.006838 0.001135 0.000370
0.650694 0.000069 0.000054 0.003225 0.000050 0.001144 0.000030 0.000042 0.000168 0.002129 0.000661 0.000052 0.001976 0.000072 0.000451 0.000013 0.000455 0.000091 0.000060 0.319671 0.001639 0.011785 0.000095 0.000274 0.000363 0.000038 0.000059 0.000900 0.000066 0.001811 0.001514 0.000351
0.679967 0.000000 0.000000 0.000036 0.000000 0.000001 0.000000 0.000000 0.000001 0.000013 0.000001 0.000000 0.000016 0.000000 0.000011 0.000000 0.000011 0.000000 0.000000 0.317672 0.000015 0.002067 0.000000 0.000004 0.000010 0.000000 0.000003 0.000016 0.000000 0.000094 0.000008 0.000052
0.632413 0.000091 0.001271 0.001207 0.000412 0.002782 0.000138 0.000118 0.000229 0.012782 0.009006 0.000114 0.000147 0.000236 0.002441 0.000031 0.000325 0.000709 0.000097 0.312701 0.002214 0.009548 0.000060 0.000122 0.000578 0.000194 0.000078 0.000388 0.001554 0.002231 0.005567 0.000218
0.688560 0.000000 0.000000 0.000171 0.000000 0.000002 0.000000 0.000000 0.000001 0.000017 0.000002 0.000000 0.000046 0.000000 0.000006 0.000000 0.000006 0.000000 0.000000 0.310144 0.000012 0.000919 0.000000 0.000006 0.000005 0.000000 0.000002 0.000012 0.000000 0.000050 0.000004 0.000034
0.692594 0.000005 0.000003 0.003115 0.000018 0.000116 0.000017 0.000011 0.000121 0.002726 0.000022 0.000012 0.000090 0.000017 0.000777 0.000028 0.000124 0.000031 0.000072 0.288193 0.000313 0.007558 0.000011 0.000159 0.000198 0.000054 0.000116 0.000675 0.000009 0.001675 0.000104 0.001039
0.700276 0.000003 0.000031 0.001046 0.000010 0.000531 0.000003 0.000005 0.000053 0.000498 0.000381 0.000004 0.005285 0.000022 0.000061 0.000001 0.000100 0.000035 0.000009 0.286809 0.000163 0.003255 0.000005 0.000040 0.000176 0.000006 0.000026 0.000047 0.000013 0.000718 0.000233 0.000157
0.736536 0.000000 0.000000 0.000007 0.000000 0.000000 0.000000 0.000000 0.000000 0.000002 0.000000 0.000000 0.000005 0.000000 0.000002 0.000000 0.000003 0.000000 0.000000 0.260820 0.000003 0.002569 0.000000 0.000000 0.000004 0.000000 0.000001 0.000004 0.000000 0.000025 0.000005 0.000014
0.589575 0.000215 0.000097 0.001918 0.001418 0.003152 0.000791 0.000172 0.000405 0.010329 0.003625 0.000259 0.000311 0.000261 0.001578 0.000104 0.000583 0.002452 0.000329 0.259568 0.002584 0.071421 0.000157 0.000754 0.000208 0.000725 0.000208 0.004882 0.000784 0.003437 0.036877 0.000819
0.699670 0.000001 0.000004 0.002496 0.000017 0.000465 0.000004 0.000004 0.000060 0.000496 0.000006 0.000002 0.001300 0.000031 0.000458 0.000003 0.000667 0.000049 0.000057 0.254408 0.000373 0.032591 0.000004 0.000081 0.000346 0.000015 0.000036 0.001150 0.000004 0.003064 0.000556 0.001580
0.592142 0.000320 0.001085 0.002827 0.003179 0.019882 0.000977 0.000390 0.000780 0.012281 0.005048 0.000488 0.000584 0.000636 0.005378 0.000293 0.001080 0.001944 0.002096 0.252825 0.004199 0.048090 0.000743 0.000753 0.000792 0.001039 0.000214 0.003586 0.002459 0.006864 0.026260 0.000768
0.468852 0.000814 0.001133 0.008181 0.003379 0.018421 0.002372 0.001858 0.001590 0.032902 0.019608 0.000913 0.001879 0.002664 0.018307 0.001395 0.004126 0.002444 0.004628 0.236526 0.017922 0.056612 0.001966 0.005547 0.004339 0.003045 0.001987 0.004892 0.010695 0.033580 0.023320 0.004104
0.762395 0.000000 0.000000 0.000468 0.000001 0.000005 0.000000 0.000001 0.000002 0.000056 0.000006 0.000001 0.000053 0.000001 0.000029 0.000000 0.000040 0.000001 0.000001 0.235265 0.000069 0.001088 0.000001 0.000027 0.000016 0.000001 0.000007 0.000039 0.000000 0.000302 0.000012 0.000114
0.597337 0.000284 0.000153 0.003039 0.000951 0.004595 0.001018 0.000250 0.002301 0.010411 0.005048 0.000343 0.000442 0.000303 0.001210 0.000102 0.000684 0.002943 0.000478 0.234224 0.001703 0.072556 0.000189 0.000644 0.000231 0.000578 0.000138 0.004974 0.000328 0.003260 0.048212 0.001071
0.594123 0.000389 0.000442 0.006300 0.001339 0.009265 0.001020 0.000950 0.000729 0.021509 0.012256 0.000447 0.001118 0.001245 0.011188 0.000652 0.002427 0.001212 0.001859 0.231428 0.012183 0.031515 0.000873 0.003044 0.002428 0.001519 0.001094 0.002876 0.005976 0.022445 0.014023 0.002125
0.150250 0.004236 0.002405 0.014628 0.017244 0.021047 0.008065 0.003753 0.004687 0.073877 0.019142 0.004656 0.005345 0.006926 0.019558 0.003449 0.008725 0.010637 0.007989 0.228921 0.016796 0.165700 0.011082 0.017256 0.006205 0.008834 0.003544 0.044072 0.014870 0.024405 0.057692 0.014002
0.770073 0.000000 0.000000 0.000021 0.000000 0.000001 0.000000 0.000000 0.000001 0.000007 0.000001 0.000000 0.000032 0.000000 0.000005 0.000000 0.000009 0.000001 0.000000 0.225175 0.000011 0.004493 0.000000 0.000002 0.000016 0.000000 0.000002 0.000010 0.000000 0.000066 0.000038 0.000035
0.775197 0.000000 0.000000 0.000067 0.000000 0.000001 0.000000 0.000000 0.000000 0.000005 0.000001 0.000000 0.000068 0.000000 0.000001 0.000000 0.000002 0.000000 0.000000 0.223323 0.000004 0.001267 0.000000 0.000001 0.000005 0.000000 0.000001 0.000006 0.000000 0.000022 0.000007 0.000021
0.781873 0.000000 0.000000 0.000064 0.000000 0.000009 0.000000 0.000000 0.000000 0.000017 0.000008 0.000000 0.000163 0.000000 0.000001 0.000000 0.000002 0.000001 0.000000 0.216837 0.000007 0.000887 0.000000 0.000004 0.000007 0.000000 0.000003 0.000011 0.000000 0.000032 0.000033 0.000037
0.743093 0.000011 0.000066 0.000066 0.000031 0.000526 0.000034 0.000038 0.000431 0.021848 0.000960 0.000024 0.000019 0.000058 0.001548 0.000013 0.000178 0.000109 0.000025 0.208909 0.000870 0.017601 0.000003 0.000066 0.000153 0.000045 0.000071 0.000378 0.000049 0.001414 0.001040 0.000324
0.735706 0.000035 0.000035 0.000132 0.000045 0.000671 0.000203 0.000107 0.000547 0.022950 0.001445 0.000085 0.000040 0.000087 0.001499 0.000082 0.000602 0.000309 0.000178 0.201910 0.001195 0.020245 0.000020 0.000232 0.000226 0.000139 0.000121 0.001201 0.000090 0.002960 0.006271 0.000633
0.713601 0.000091 0.000057 0.001344 0.000553 0.002344 0.000350 0.000117 0.000341 0.007341 0.002814 0.000156 0.000259 0.000094 0.001330 0.000065 0.000498 0.001100 0.000307 0.201131 0.001412 0.030664 0.000092 0.000401 0.000152 0.000364 0.000158 0.002706 0.000345 0.002768 0.026570 0.000477
0.708014 0.000186 0.000107 0.000282 0.000112 0.000610 0.000368 0.000209 0.001637 0.019466 0.001916 0.000184 0.000076 0.000390 0.003854 0.000173 0.001679 0.000325 0.000099 0.197723 0.002316 0.042412 0.000029 0.000371 0.000805 0.000308 0.000574 0.002340 0.000198 0.006176 0.006025 0.001038
0.790485 0.000018 0.000519 0.000595 0.000088 0.000663 0.000027 0.000034 0.000104 0.009875 0.003739 0.000035 0.000028 0.000080 0.001123 0.000006 0.000164 0.000180 0.000017 0.183251 0.001094 0.004292 0.000009 0.000030 0.000250 0.000049 0.000034 0.000121 0.000315 0.001198 0.001496 0.000085
0.241873 0.003790 0.005093 0.015537 0.023106 0.022043 0.008026 0.003146 0.002600 0.048622 0.024183 0.003441 0.004422 0.007029 0.032036 0.002387 0.009040 0.009816 0.007209 0.182550 0.020595 0.106584 0.005048 0.014547 0.005712 0.015196 0.003969 0.030302 0.025731 0.030821 0.076089 0.009454
0.537689 0.003428 0.000806 0.011146 0.002689 0.013462 0.002129 0.002060 0.001027 0.039319 0.025264 0.001295 0.008921 0.003567 0.007758 0.001222 0.003875 0.004367 0.001988 0.172289 0.014062 0.047782 0.003314 0.012007 0.005784 0.003757 0.004096 0.014311 0.013581 0.018039 0.012882 0.006084
0.762573 0.000085 0.000059 0.000984 0.000533 0.002811 0.000273 0.000106 0.000158 0.008501 0.002118 0.000105 0.000253 0.000104 0.001278 0.000065 0.000330 0.001428 0.000262 0.171035 0.001504 0.022131 0.000103 0.000407 0.000158 0.000360 0.000194 0.002449 0.000581 0.002396 0.016281 0.000375
0.808898 0.000004 0.000410 0.000054 0.000012 0.000146 0.000009 0.000010 0.000243 0.008693 0.000471 0.000010 0.000006 0.000043 0.001841 0.000002 0.000110 0.000043 0.000004 0.169717 0.000797 0.005693 0.000001 0.000008 0.000201 0.000021 0.000035 0.000081 0.000033 0.001820 0.000515 0.000069
0.368719 0.001514 0.000590 0.006398 0.006208 0.006386 0.002469 0.000714 0.000638 0.051698 0.004045 0.000958 0.000826 0.002141 0.007950 0.001042 0.004247 0.017620 0.003051 0.169400 0.016917 0.134784 0.002139 0.003655 0.001858 0.005709 0.002646 0.055849 0.006997 0.024776 0.083811 0.004246
0.808725 0.000028 0.000068 0.000126 0.000031 0.000078 0.000059 0.000030 0.001633 0.001265 0.000117 0.000026 0.000044 0.000086 0.005216 0.000017 0.001138 0.000034 0.000052 0.154354 0.001479 0.018701 0.000007 0.000119 0.000785 0.000043 0.000099 0.000463 0.000015 0.003810 0.001060 0.000294
0.365859 0.001053 0.002556 0.025012 0.011003 0.067585 0.007196 0.003551 0.002520 0.031003 0.028754 0.001992 0.002167 0.003353 0.016442 0.002417 0.006289 0.006200 0.005374 0.154095 0.017732 0.093103 0.006204 0.008095 0.005843 0.007854 0.002571 0.015884 0.014016 0.022378 0.054985 0.006915
0.178106 0.006160 0.006697 0.020071 0.030648 0.019745 0.010555 0.005053 0.006046 0.043377 0.024970 0.005075 0.003613 0.009058 0.027410 0.003694 0.011456 0.012394 0.007404 0.153755 0.019998 0.159057 0.007705 0.014619 0.006439 0.014789 0.004475 0.038388 0.020036 0.032249 0.084945 0.012014
0.851967 0.000000 0.000000 0.000020 0.000000 0.000000 0.000000 0.000000 0.000000 0.000005 0.000000 0.000000 0.000006 0.000000 0.000002 0.000000 0.000001 0.000000 0.000000 0.147623 0.000002 0.000324 0.000000 0.000002 0.000002 0.000000 0.000001 0.000004 0.000000 0.000024 0.000000 0.000016
0.390089 0.003723 0.001494 0.027164 0.006641 0.011412 0.008715 0.003531 0.014372 0.049278 0.015213 0.005294 0.003227 0.004376 0.007741 0.002865 0.009752 0.007383 0.008381 0.145281 0.009749 0.129300 0.004361 0.012068 0.003344 0.003732 0.001657 0.024282 0.002043 0.017510 0.049740 0.016282
0.378440 0.001939 0.003583 0.017729 0.018186 0.040223 0.004972 0.002864 0.003528 0.033421 0.028730 0.001817 0.002724 0.006330 0.029933 0.002632 0.008036 0.005234 0.009940 0.138024 0.020429 0.101037 0.004643 0.010813 0.007464 0.006375 0.003667 0.007534 0.015795 0.038003 0.039064 0.006890
0.822849 0.000062 0.000063 0.000066 0.000026 0.000087 0.000084 0.000065 0.002940 0.012570 0.000790 0.000057 0.000013 0.000125 0.003394 0.000050 0.000526 0.000089 0.000026 0.136491 0.000936 0.012168 0.000006 0.000101 0.000421 0.000105 0.000252 0.000663 0.000044 0.003541 0.000968 0.000420
0.852893 0.000005 0.000004 0.004470 0.000010 0.000202 0.000007 0.000009 0.000034 0.000402 0.000068 0.000009 0.001146 0.000026 0.000137 0.000005 0.000174 0.000020 0.000019 0.135026 0.000259 0.002943 0.000015 0.000212 0.000135 0.000008 0.000048 0.000335 0.000005 0.000786 0.000083 0.000507
0.840944 0.000043 0.000062 0.000045 0.000013 0.000093 0.000083 0.000059 0.000686 0.009878 0.000506 0.000061 0.000009 0.000141 0.003318 0.000052 0.001321 0.000065 0.000016 0.120339 0.001329 0.012849 0.000003 0.000069 0.000512 0.000073 0.000194 0.000723 0.000030 0.004533 0.001633 0.000316
0.807256 0.000110 0.000350 0.002948 0.000620 0.005037 0.000113 0.000177 0.001039 0.007924 0.007062 0.000114 0.014673 0.000390 0.000628 0.000038 0.000751 0.002131 0.000504 0.118231 0.000824 0.013227 0.000145 0.001597 0.000689 0.000122 0.000592 0.000839 0.000560 0.006010 0.002972 0.002331
0.570440 0.002395 0.000426 0.035275 0.001718 0.058137 0.001910 0.001193 0.001178 0.022940 0.021419 0.001052 0.036355 0.001925 0.003142 0.000932 0.002681 0.004779 0.002146 0.116771 0.009222 0.048729 0.002568 0.006894 0.003736 0.002545 0.001869 0.009316 0.003747 0.010727 0.007501 0.006331
0.759702 0.000305 0.000799 0.006015 0.003968 0.013122 0.000304 0.000512 0.001966 0.013283 0.003979 0.000215 0.003344 0.000819 0.009650 0.000260 0.003033 0.001224 0.000459 0.107731 0.002794 0.037535 0.000648 0.003899 0.001179 0.000388 0.002398 0.004173 0.000785 0.008718 0.003830 0.002963
0.816372 0.000071 0.000020 0.000843 0.000353 0.001045 0.000348 0.000040 0.000045 0.007462 0.000618 0.000085 0.000087 0.000106 0.000523 0.000054 0.000247 0.000955 0.000101 0.106698 0.002595 0.046499 0.000055 0.000445 0.000083 0.000496 0.000160 0.003772 0.000428 0.001733 0.007251 0.000412
0.852110 0.000044 0.000005 0.001297 0.000016 0.004579 0.000013 0.000012 0.000038 0.000462 0.002977 0.000010 0.025787 0.000061 0.000055 0.000006 0.000086 0.000126 0.000040 0.104281 0.000257 0.004385 0.000024 0.000188 0.000428 0.000037 0.000185 0.000244 0.000088 0.000519 0.001189 0.000450
0.150250 0.004236 0.002405 0.014628 0.017244 0.021047 0.008065 0.003753 0.004687 0.073877 0.019142 0.004656 0.005345 0.006926 0.019558 0.003449 0.008725 0.010637 0.007989 0.228921 0.016796 0.165700 0.011082 0.017256 0.006205 0.008834 0.003544 0.044072 0.014870 0.024405 0.057692 0.014002
0.178106 0.006160 0.006697 0.020071 0.030648 0.019745 0.010555 0.005053 0.006046 0.043377 0.024970 0.005075 0.003613 0.009058 0.027410 0.003694 0.011456 0.012394 0.007404 0.153755 0.019998 0.159057 0.007705 0.014619 0.006439 0.014789 0.004475 0.038388 0.020036 0.032249 0.084945 0.012014
0.368719 0.001514 0.000590 0.006398 0.006208 0.006386 0.002469 0.000714 0.000638 0.051698 0.004045 0.000958 0.000826 0.002141 0.007950 0.001042 0.004247 0.017620 0.003051 0.169400 0.016917 0.134784 0.002139 0.003655 0.001858 0.005709 0.002646 0.055849 0.006997 0.024776 0.083811 0.004246
0.390089 0.003723 0.001494 0.027164 0.006641 0.011412 0.008715 0.003531 0.014372 0.049278 0.015213 0.005294 0.003227 0.004376 0.007741 0.002865 0.009752 0.007383 0.008381 0.145281 0.009749 0.129300 0.004361 0.012068 0.003344 0.003732 0.001657 0.024282 0.002043 0.017510 0.049740 0.016282
0.241873 0.003790 0.005093 0.015537 0.023106 0.022043 0.008026 0.003146 0.002600 0.048622 0.024183 0.003441 0.004422 0.007029 0.032036 0.002387 0.009040 0.009816 0.007209 0.182550 0.020595 0.106584 0.005048 0.014547 0.005712 0.015196 0.003969 0.030302 0.025731 0.030821 0.076089 0.009454
0.378440 0.001939 0.003583 0.017729 0.018186 0.040223 0.004972 0.002864 0.003528 0.033421 0.028730 0.001817 0.002724 0.006330 0.029933 0.002632 0.008036 0.005234 0.009940 0.138024 0.020429 0.101037 0.004643 0.010813 0.007464 0.006375 0.003667 0.007534 0.015795 0.038003 0.039064 0.006890
0.537751 0.002791 0.001249 0.025157 0.006512 0.002957 0.009273 0.002882 0.004513 0.048174 0.000685 0.004034 0.001413 0.003542 0.010170 0.004858 0.006732 0.008387 0.002403 0.043677 0.008307 0.018154 0.044971 0.006243 0.002160 0.017961 0.002066 0.138120 0.003150 0.011218 0.014122 0.006369
0.735292 0.000044 0.000030 0.000192 0.000060 0.000206 0.000175 0.000108 0.000194 0.003076 0.000337 0.000097 0.000037 0.000057 0.003416 0.000076 0.005916 0.000138 0.000118 0.068149 0.013279 0.052889 0.000071 0.000554 0.000201 0.000096 0.000623 0.002477 0.000139 0.106100 0.005241 0.000612
0.075457 0.000015 0.000011 0.000128 0.000043 0.000353 0.000020 0.000010 0.000006 0.000089 0.000118 0.000002 0.000007 0.000074 0.000116 0.000007 0.000656 0.001185 0.000047 0.001098 0.001326 0.007304 0.000002 0.000023 0.000547 0.000874 0.000554 0.000474 0.000078 0.001093 0.907902 0.000379
0.216775 0.000003 0.000001 0.000015 0.000003 0.000079 0.000004 0.000001 0.000002 0.000013 0.000054 0.000000 0.000000 0.000005 0.000048 0.000001 0.000233 0.000127 0.000008 0.000871 0.000299 0.003078 0.000000 0.000002 0.000097 0.000146 0.000075 0.000023 0.000009 0.000224 0.777786 0.000017
0.242656 0.000002 0.000001 0.000028 0.000002 0.000124 0.000001 0.000000 0.000001 0.000003 0.000053 0.000000 0.000000 0.000003 0.000022 0.000000 0.000099 0.000079 0.000001 0.000175 0.000060 0.000668 0.000000 0.000000 0.000104 0.000042 0.000036 0.000005 0.000003 0.000074 0.755752 0.000006
0.365524 0.000019 0.000009 0.000072 0.000030 0.000304 0.000024 0.000008 0.000011 0.000082 0.000319 0.000002 0.000005 0.000029 0.000349 0.000005 0.000920 0.000326 0.000036 0.005286 0.001336 0.011580 0.000002 0.000016 0.000381 0.000589 0.000405 0.000131 0.000077 0.001191 0.610840 0.000090
0.389392 0.000043 0.000012 0.000429 0.000089 0.001813 0.000027 0.000015 0.000017 0.000129 0.000328 0.000003 0.000029 0.000098 0.000175 0.000012 0.001514 0.001056 0.000068 0.001523 0.001235 0.009581 0.000004 0.000034 0.000825 0.000608 0.000428 0.000478 0.000073 0.001767 0.587804 0.000394
0.417942 0.000016 0.000007 0.000121 0.000039 0.000717 0.000006 0.000002 0.000004 0.000018 0.000240 0.000000 0.000003 0.000015 0.000257 0.000000 0.000649 0.000130 0.000003 0.000446 0.000062 0.000904 0.000000 0.000001 0.000537 0.000179 0.000191 0.000028 0.000031 0.000182 0.577233 0.000036
0.433954 0.000004 0.000000 0.000005 0.000000 0.000101 0.000002 0.000001 0.000001 0.000012 0.000048 0.000000 0.000001 0.000008 0.000014 0.000001 0.000212 0.000131 0.000005 0.000876 0.000711 0.007098 0.000000 0.000002 0.000048 0.000091 0.000127 0.000048 0.000004 0.000303 0.556180 0.000013
0.423215 0.000006 0.000001 0.000107 0.000008 0.000926 0.000005 0.000002 0.000005 0.000057 0.000243 0.000001 0.000009 0.000012 0.000178 0.000002 0.000369 0.000144 0.000023 0.005089 0.000465 0.020520 0.000001 0.000009 0.000204 0.000071 0.000197 0.000238 0.000015 0.000830 0.546917 0.000131
0.461701 0.000020 0.000009 0.000192 0.000028 0.001150 0.000006 0.000002 0.000005 0.000010 0.000270 0.000001 0.000005 0.000017 0.000076 0.000001 0.000442 0.000226 0.000003 0.000419 0.000146 0.001228 0.000000 0.000002 0.000289 0.000219 0.000246 0.000018 0.000022 0.000217 0.533009 0.000022
0.499762 0.000010 0.000008 0.000063 0.000054 0.000445 0.000014 0.000004 0.000022 0.000052 0.000081 0.000001 0.000002 0.000030 0.000154 0.000002 0.000811 0.000375 0.000027 0.001325 0.000206 0.002961 0.000001 0.000004 0.000730 0.000315 0.000189 0.000134 0.000038 0.000369 0.491730 0.000079
0.523290 0.000011 0.000004 0.000097 0.000107 0.003220 0.000006 0.000002 0.000012 0.000020 0.000249 0.000001 0.000008 0.000010 0.000109 0.000001 0.000459 0.000189 0.000009 0.000620 0.000115 0.000879 0.000001 0.000002 0.000166 0.000210 0.000560 0.000126 0.000024 0.000201 0.469251 0.000042
0.556428 0.000004 0.000001 0.000012 0.000003 0.000051 0.000004 0.000001 0.000001 0.000015 0.000138 0.000000 0.000001 0.000006 0.000066 0.000001 0.000312 0.000102 0.000002 0.001810 0.000324 0.004420 0.000000 0.000002 0.000081 0.000394 0.000180 0.000016 0.000015 0.000484 0.435115 0.000010
0.530001 0.000011 0.000002 0.000010 0.000002 0.000149 0.000005 0.000002 0.000006 0.000034 0.000194 0.000001 0.000007 0.000014 0.000071 0.000003 0.000239 0.000156 0.000015 0.005857 0.000863 0.041085 0.000000 0.000008 0.000164 0.000229 0.000321 0.000145 0.000019 0.000585 0.419696 0.000105
0.583866 0.000002 0.000001 0.000036 0.000019 0.000174 0.000002 0.000001 0.000004 0.000024 0.000029 0.000000 0.000000 0.000003 0.000082 0.000000 0.000157 0.000088 0.000007 0.000579 0.000023 0.002456 0.000000 0.000000 0.000295 0.000046 0.000040 0.000047 0.000006 0.000057 0.411914 0.000043
0.586294 0.000027 0.000008 0.001602 0.000133 0.003637 0.000034 0.000017 0.000060 0.000255 0.000284 0.000007 0.000009 0.000020 0.001396 0.000006 0.001034 0.000433 0.000034 0.006160 0.000464 0.004610 0.000005 0.000008 0.000361 0.000472 0.001094 0.001422 0.000089 0.000405 0.389332 0.000286
0.644442 0.000002 0.000000 0.000031 0.000023 0.000162 0.000002 0.000001 0.000003 0.000023 0.000042 0.000000 0.000000 0.000003 0.000076 0.000000 0.000112 0.000064 0.000004 0.000621 0.000022 0.002535 0.000000 0.000001 0.000302 0.000043 0.000046 0.000042 0.000008 0.000057 0.351296 0.000038
0.676019 0.000001 0.000000 0.000004 0.000000 0.000021 0.000000 0.000000 0.000000 0.000003 0.000033 0.000000 0.000000 0.000001 0.000008 0.000000 0.000087 0.000055 0.000001 0.000340 0.000215 0.001801 0.000000 0.000001 0.000018 0.000030 0.000038 0.000007 0.000001 0.000182 0.321131 0.000002
0.638428 0.000013 0.000002 0.000017 0.000013 0.000200 0.000004 0.000002 0.000006 0.000044 0.000679 0.000001 0.000014 0.000011 0.000195 0.000001 0.000219 0.000041 0.000009 0.011277 0.000642 0.031053 0.000001 0.000008 0.000320 0.000118 0.000172 0.000063 0.000023 0.000818 0.315562 0.000043
0.763371 0.000001 0.000000 0.000002 0.000000 0.000012 0.000000 0.000000 0.000000 0.000002 0.000020 0.000000 0.000000 0.000001 0.000003 0.000000 0.000042 0.000041 0.000001 0.000330 0.000154 0.001575 0.000000 0.000000 0.000009 0.000020 0.000030 0.000004 0.000000 0.000095 0.234285 0.000001
0.710938 0.000013 0.000002 0.000017 0.000001 0.000188 0.000005 0.000003 0.000010 0.000039 0.000338 0.000001 0.000020 0.000015 0.000063 0.000003 0.000178 0.000138 0.000019 0.009877 0.000642 0.057943 0.000001 0.000010 0.000186 0.000224 0.000457 0.000218 0.000023 0.000546 0.217692 0.000191
0.769864 0.000009 0.000001 0.000032 0.000001 0.000156 0.000008 0.000004 0.000003 0.000074 0.000108 0.000002 0.000008 0.000042 0.000023 0.000007 0.001410 0.000420 0.000021 0.001239 0.002574 0.004026 0.000001 0.000022 0.000074 0.000201 0.000249 0.000370 0.000010 0.002469 0.216531 0.000044
0.705350 0.000040 0.000017 0.002805 0.000264 0.020834 0.000028 0.000026 0.000019 0.000467 0.001098 0.000007 0.001482 0.000182 0.000208 0.000010 0.000583 0.001300 0.000101 0.028040 0.000855 0.025663 0.000022 0.000377 0.001453 0.000317 0.001090 0.001575 0.000312 0.002305 0.200858 0.002314
0.755805 0.000184 0.000050 0.002733 0.000993 0.007158 0.000159 0.000089 0.000413 0.001034 0.001914 0.000060 0.000098 0.000129 0.001821 0.000081 0.003830 0.001288 0.000252 0.007545 0.001674 0.005372 0.000063 0.000094 0.000728 0.001603 0.008271 0.005073 0.000604 0.002325 0.187572 0.000982
0.784170 0.000046 0.000007 0.000043 0.000008 0.000266 0.000007 0.000004 0.000007 0.000048 0.000791 0.000001 0.000011 0.000042 0.000235 0.000003 0.000433 0.000148 0.000007 0.004513 0.001056 0.025368 0.000001 0.000047 0.000311 0.000126 0.000267 0.000063 0.000026 0.001325 0.180577 0.000045
0.259281 0.003351 0.003232 0.011741 0.018124 0.019532 0.005759 0.002222 0.001317 0.071969 0.015649 0.002148 0.003425 0.007351 0.026070 0.002055 0.008386 0.022188 0.006473 0.135009 0.022395 0.095260 0.005270 0.011216 0.005213 0.012620 0.003544 0.043925 0.025271 0.036924 0.105207 0.007870
