chair 508 142 560 217 0.423769 0.411081
chair 532 149 560 183 0.351299 0.544764
chair 544 115 556 142 0.208398 0.458406
chair 531 103 560 152 0.140275 0.737944
chair 551 121 560 137 0.110976 0.441364
chair 502 145 545 172 0.104906 0.872655
door 368 2 401 144 0.483444 0.408097
door 165 0 199 303 0.388821 0.302989
door 171 118 194 220 0.194984 0.454031
door 399 0 466 86 0.144579 0.368941
door 167 138 172 152 0.123751 0.462614
door 390 185 400 218 0.115294 0.423015
door 458 0 501 87 0.114779 0.203375
picture 401 117 407 130 0.389729 0.410418
picture 553 3 560 24 0.343954 0.223067
picture 393 111 401 136 0.299085 0.464883
picture 552 5 553 8 0.202232 0.423863
picture 552 1 560 4 0.194478 0.237156
picture 367 113 375 148 0.190637 0.503101
picture 123 1 138 2 0.175812 0.416545
picture 503 2 559 36 0.175169 0.635685
picture 117 2 123 12 0.169861 0.420778
picture 555 24 560 63 0.159325 0.184418
picture 523 3 559 108 0.15866 0.519103
picture 539 4 553 24 0.133882 0.690676
picture 197 195 200 212 0.133662 0.433013
picture 71 208 80 222 0.131195 0.800660
picture 460 1 503 48 0.123035 0.186703
picture 197 200 199 203 0.111453 0.604802
picture 544 15 550 22 0.111389 0.655278
picture 549 6 560 106 0.109268 0.588339
picture 64 207 81 240 0.104915 0.780800
picture 404 1 468 83 0.10355 0.368941
picture 497 27 527 109 0.102486 0.454049
picture 1 307 20 320 0.101912 0.134981
mirror 495 0 529 99 0.109281 0.671587
clothes 360 415 369 426 0.150872 0.530852
clothes 356 421 366 426 0.132938 0.496274
clothes 366 415 367 420 0.132887 0.731244
clothes 370 417 377 426 0.130457 0.510544
clothes 370 415 372 416 0.11277 0.691239
clothes 375 397 385 426 0.106322 0.599295
tv 121 0 139 2 0.150402 0.416545
paper 552 0 560 4 0.25548 0.237156
paper 68 320 71 322 0.246491 0.125306
paper 434 409 434 411 0.232541 0.236422
paper 435 397 435 399 0.2301 0.301263
paper 283 408 288 413 0.227239 0.174274
paper 141 337 143 338 0.22408 0.109245
paper 418 388 426 399 0.220192 0.458014
paper 437 396 438 399 0.219011 0.312261
paper 1 307 20 319 0.210877 0.134981
paper 87 374 89 379 0.208314 0.195094
paper 90 394 95 399 0.205666 0.265840
paper 129 383 136 385 0.205242 0.117907
paper 90 370 95 383 0.204746 0.202352
paper 445 395 448 397 0.204645 0.337982
paper 94 391 96 393 0.203634 0.241229
paper 95 398 97 400 0.203307 0.253022
paper 270 397 275 400 0.202344 0.199107
paper 138 383 140 385 0.199945 0.105694
paper 492 335 497 342 0.199654 0.139994
paper 441 395 452 398 0.198621 0.366162
paper 96 385 106 390 0.196034 0.194219
paper 94 386 96 390 0.193318 0.220896
paper 449 393 456 396 0.193307 0.393918
paper 507 397 508 399 0.192395 0.397578
paper 528 347 534 349 0.192303 0.053616
paper 464 5 477 19 0.190307 0.052719
paper 89 382 94 383 0.188461 0.237648
paper 483 327 487 336 0.184953 0.230448
paper 493 341 499 352 0.18418 0.185267
paper 167 96 174 121 0.179037 0.340718
paper 477 399 481 402 0.178882 0.442908
paper 482 399 484 401 0.177397 0.443775
paper 280 409 284 415 0.176844 0.206617
paper 489 322 491 331 0.174825 0.218951
paper 492 411 494 414 0.17472 0.379894
paper 186 75 189 80 0.174369 0.509850
paper 489 397 495 399 0.174337 0.451943
paper 494 404 496 409 0.173799 0.390810
paper 498 410 499 413 0.173142 0.398644
paper 495 384 513 400 0.172486 0.449852
paper 516 411 519 414 0.172215 0.397211
paper 553 1 560 24 0.171355 0.223067
paper 463 16 465 18 0.170187 0.077020
paper 174 104 177 119 0.169006 0.352511
paper 433 384 479 400 0.164952 0.474424
paper 160 113 163 120 0.164705 0.308353
paper 520 301 522 303 0.162804 0.256702
paper 404 391 410 393 0.159747 0.647752
paper 294 319 300 321 0.155048 0.187942
paper 445 386 452 394 0.154932 0.500324
paper 392 395 399 397 0.154647 0.598392
paper 476 382 494 402 0.154278 0.524626
paper 481 32 489 36 0.15294 0.173993
paper 114 141 126 147 0.152578 0.057479
paper 257 89 266 97 0.151972 0.120812
paper 474 391 476 400 0.147993 0.550882
paper 187 373 188 375 0.147503 0.388610
paper 165 58 172 68 0.146989 0.360866
paper 453 384 462 396 0.146359 0.535690
paper 253 94 260 103 0.145358 0.125264
paper 178 373 180 378 0.143551 0.388447
paper 465 391 466 394 0.141438 0.560984
paper 495 59 498 74 0.139896 0.623671
paper 173 120 175 129 0.13898 0.407788
paper 167 123 175 137 0.137258 0.421394
paper 116 0 138 2 0.135613 0.414714
paper 179 330 181 335 0.133987 0.422102
paper 554 68 556 77 0.133397 0.187254
paper 162 190 171 194 0.131565 0.321352
paper 187 377 190 389 0.128447 0.467150
paper 394 111 400 123 0.128422 0.540084
paper 367 112 374 148 0.128396 0.503101
paper 554 135 560 141 0.126 0.261262
paper 164 178 171 189 0.125772 0.332189
paper 175 367 180 378 0.123943 0.388752
paper 442 91 450 94 0.122752 0.636750
paper 423 400 454 426 0.122219 0.223150
paper 234 207 237 207 0.121814 0.731654
paper 156 52 172 64 0.121271 0.348311
paper 180 377 186 382 0.120646 0.525483
paper 552 4 553 8 0.120508 0.423863
paper 524 50 527 75 0.11954 0.516571
paper 166 145 169 151 0.119376 0.456405
paper 174 238 175 244 0.117806 0.369077
paper 497 96 500 105 0.117201 0.658410
paper 421 382 423 383 0.117149 0.509200
paper 494 399 528 416 0.116455 0.296641
paper 162 195 172 219 0.116348 0.340671
paper 497 383 501 385 0.116286 0.446287
paper 169 228 173 240 0.115437 0.337176
paper 451 397 496 426 0.115241 0.286541
paper 499 381 500 383 0.115099 0.479488
paper 412 404 420 426 0.11435 0.255318
paper 174 375 177 375 0.114131 0.412676
paper 200 336 203 347 0.113427 0.504742
paper 117 1 123 12 0.113026 0.420778
paper 544 420 547 426 0.112769 0.122380
paper 455 69 458 81 0.112595 0.607955
paper 45 272 69 288 0.111091 0.543116
paper 191 376 204 383 0.110915 0.488894
paper 400 371 425 426 0.109957 0.404241
paper 459 48 467 54 0.108787 0.127276
paper 537 31 542 35 0.108331 0.627105
paper 553 142 555 143 0.106497 0.242267
paper 442 69 458 99 0.105789 0.618087
paper 177 307 184 329 0.105678 0.524016
paper 541 288 560 326 0.104575 0.383563
paper 500 20 503 39 0.104461 0.451631
paper 493 373 495 374 0.10394 0.457347
paper 544 400 560 414 0.103499 0.420591
paper 196 182 197 192 0.102678 0.561914
paper 163 1 192 120 0.102379 0.296384
paper 187 382 209 426 0.102037 0.482130
paper 497 28 526 105 0.101612 0.454049
paper 63 286 70 293 0.100143 0.360273
towel 459 40 463 48 0.11973 0.182097
towel 459 48 468 53 0.1159 0.127276
towel 464 5 477 18 0.111727 0.052719
towel 463 16 465 18 0.109537 0.077020
towel 520 301 521 303 0.101705 0.256702
box 434 409 435 411 0.24939 0.236422
box 283 408 289 413 0.22455 0.174274
box 361 377 367 378 0.21058 0.642466
box 554 134 560 141 0.205601 0.261262
box 491 411 494 414 0.200722 0.379894
box 493 404 496 409 0.196513 0.390810
box 497 410 499 413 0.194169 0.398644
box 279 409 284 415 0.190493 0.206617
box 489 397 495 399 0.188829 0.451943
box 482 399 484 401 0.18184 0.443775
box 515 411 519 414 0.175329 0.397211
box 477 399 482 402 0.174608 0.442908
box 556 140 560 148 0.169897 0.207755
box 445 395 449 397 0.168499 0.337982
box 437 396 439 399 0.165708 0.312261
box 435 397 436 399 0.165429 0.301263
box 507 397 509 399 0.164717 0.397578
box 441 395 453 398 0.161709 0.366162
box 450 393 457 396 0.156642 0.393918
box 464 6 477 19 0.151927 0.052719
box 552 142 556 143 0.14983 0.242267
box 462 16 466 18 0.14668 0.077020
box 354 372 367 382 0.136832 0.728022
box 271 397 276 400 0.134906 0.199107
box 552 1 560 3 0.128889 0.237156
box 553 3 560 24 0.124849 0.223067
box 493 398 528 416 0.124009 0.296641
box 370 327 393 355 0.123015 0.632876
box 450 396 495 426 0.119955 0.286541
box 554 69 557 76 0.119884 0.187254
box 528 347 535 349 0.119408 0.053616
box 422 398 453 426 0.11872 0.223150
box 196 182 198 191 0.118493 0.561914
box 411 403 419 426 0.118215 0.255318
box 479 410 493 426 0.115686 0.298963
box 394 300 399 325 0.114944 0.666371
box 96 398 97 400 0.110277 0.253022
box 197 196 200 211 0.109397 0.433013
box 175 416 182 426 0.107698 0.525663
box 392 395 399 397 0.106932 0.598392
box 91 394 94 399 0.104813 0.265840
box 424 413 434 426 0.104563 0.231479
box 68 320 71 322 0.102368 0.125306
box 405 406 413 426 0.100454 0.274617
whiteboard 5 5 168 164 0.536895 0.140413
whiteboard 457 32 498 87 0.184023 0.093417
whiteboard 416 63 430 73 0.17719 0.106083
lamp 64 285 69 294 0.313705 0.360273
lamp 238 98 241 107 0.163951 0.204399
lamp 72 140 85 156 0.11954 0.672871
lamp 1 306 19 320 0.119046 0.134981
lamp 46 272 68 289 0.113285 0.543116
lamp 214 137 274 240 0.111124 0.675496
lamp 554 134 560 142 0.108874 0.261262
garbage_bin 258 89 267 98 0.158847 0.120812
garbage_bin 270 397 276 400 0.157852 0.199107
garbage_bin 527 347 535 350 0.156868 0.053616
garbage_bin 294 319 300 321 0.150127 0.187942
garbage_bin 254 94 261 104 0.143793 0.125264
garbage_bin 95 398 98 401 0.131557 0.253022
garbage_bin 279 409 284 415 0.124923 0.206617
garbage_bin 90 394 95 400 0.124544 0.265840
garbage_bin 94 391 97 394 0.122682 0.241229
garbage_bin 434 397 436 399 0.119973 0.301263
garbage_bin 436 396 439 399 0.117962 0.312261
garbage_bin 282 408 289 413 0.115309 0.174274
garbage_bin 97 384 107 391 0.11432 0.194219
garbage_bin 492 335 498 342 0.110762 0.139994
garbage_bin 129 382 137 386 0.108657 0.117907
garbage_bin 444 395 449 397 0.108487 0.337982
garbage_bin 138 382 141 386 0.10528 0.105694
garbage_bin 495 384 514 400 0.104073 0.449852
garbage_bin 520 301 522 303 0.103165 0.256702
garbage_bin 493 341 500 352 0.102931 0.185267
garbage_bin 439 395 453 398 0.102162 0.366162
garbage_bin 95 385 96 391 0.102123 0.220896
garbage_bin 431 383 480 400 0.101699 0.474424
