0.569065 0.000921 0.001898 0.109645 0.025522 0.060395 0.004347 0.002158 0.002308 0.012157 0.007032 0.001295 0.004561 0.002666 0.009375 0.003440 0.003695 0.004787 0.026702 0.061461 0.008815 0.034143 0.001772 0.003691 0.003378 0.001599 0.000610 0.001605 0.003940 0.011407 0.011644 0.003967
0.546785 0.001010 0.002470 0.104235 0.030141 0.058102 0.004439 0.002419 0.002312 0.014902 0.007657 0.001501 0.004596 0.003117 0.011980 0.003635 0.004404 0.005106 0.032317 0.064418 0.009319 0.035202 0.002181 0.005007 0.003506 0.001775 0.000619 0.001859 0.004415 0.013237 0.012727 0.004605
0.399204 0.001370 0.003527 0.101601 0.034204 0.065550 0.006902 0.003141 0.002193 0.021343 0.010637 0.001740 0.004854 0.005517 0.021407 0.004872 0.007212 0.008554 0.036294 0.105734 0.014410 0.056302 0.003106 0.006500 0.006039 0.003055 0.000820 0.003013 0.007274 0.019397 0.027943 0.006282
0.320634 0.004507 0.008322 0.064080 0.031867 0.116398 0.008639 0.007080 0.010882 0.041033 0.014182 0.004528 0.014513 0.009484 0.017226 0.007423 0.014003 0.009185 0.038290 0.070719 0.016158 0.048767 0.006089 0.016584 0.008031 0.004895 0.002901 0.008717 0.007174 0.026390 0.030143 0.011158
0.584898 0.013430 0.000117 0.005389 0.000680 0.001325 0.227941 0.001892 0.008321 0.002712 0.001197 0.001992 0.000029 0.000883 0.000071 0.030196 0.001598 0.075710 0.002210 0.001140 0.001485 0.007008 0.000632 0.000453 0.000180 0.009313 0.001984 0.001146 0.000153 0.000856 0.013925 0.001134
0.514347 0.010857 0.000715 0.006742 0.013826 0.002107 0.154580 0.006011 0.022564 0.035264 0.003475 0.006875 0.000054 0.002360 0.001120 0.040861 0.004803 0.032521 0.012464 0.011622 0.004743 0.052364 0.004495 0.004143 0.000780 0.009408 0.001179 0.005932 0.000667 0.006830 0.022233 0.004057
0.268023 0.000019 0.000001 0.000458 0.000013 0.000006 0.000192 0.000096 0.000193 0.589649 0.000019 0.000036 0.000004 0.000011 0.000314 0.000390 0.000079 0.000849 0.000195 0.126553 0.000762 0.006685 0.000548 0.000287 0.000033 0.000265 0.000051 0.001663 0.000070 0.001452 0.000068 0.001018
0.228320 0.000009 0.000001 0.000194 0.000006 0.000005 0.000119 0.000071 0.000117 0.573387 0.000016 0.000023 0.000003 0.000007 0.000228 0.000163 0.000056 0.000761 0.000089 0.182518 0.000632 0.009412 0.000591 0.000201 0.000022 0.000187 0.000034 0.001209 0.000053 0.001057 0.000060 0.000451
0.432310 0.000024 0.000002 0.000088 0.000007 0.000027 0.000143 0.000082 0.000269 0.425184 0.000030 0.000028 0.000009 0.000022 0.000364 0.000086 0.000069 0.002221 0.000054 0.117717 0.000738 0.016912 0.000449 0.000278 0.000046 0.000222 0.000030 0.001362 0.000061 0.000833 0.000115 0.000219
0.566643 0.000038 0.000002 0.000163 0.000007 0.000008 0.000079 0.000034 0.000313 0.386134 0.000017 0.000014 0.000007 0.000032 0.000555 0.000073 0.000076 0.001398 0.000036 0.034840 0.000344 0.006863 0.000054 0.000183 0.000054 0.000102 0.000017 0.000929 0.000028 0.000652 0.000037 0.000267
0.214839 0.000516 0.000043 0.012846 0.000829 0.002705 0.001262 0.001064 0.000239 0.344162 0.000264 0.000449 0.000133 0.000529 0.001777 0.017240 0.002052 0.019998 0.003761 0.038161 0.004820 0.028465 0.001983 0.001791 0.001900 0.002320 0.002753 0.264819 0.000901 0.008526 0.005165 0.013690
0.579079 0.000032 0.000002 0.000302 0.000015 0.000020 0.000225 0.000085 0.000224 0.315057 0.000022 0.000041 0.000008 0.000023 0.000615 0.000118 0.000126 0.001575 0.000048 0.078045 0.001148 0.017219 0.000446 0.000467 0.000046 0.000442 0.000039 0.002165 0.000070 0.001856 0.000155 0.000284
0.601922 0.000066 0.000004 0.000542 0.000123 0.000131 0.000838 0.000251 0.000150 0.301459 0.000076 0.000130 0.000016 0.000063 0.000544 0.003061 0.001183 0.005769 0.000514 0.043592 0.004022 0.013805 0.000630 0.000113 0.000200 0.001084 0.000798 0.011359 0.000323 0.003401 0.002584 0.001244
0.634953 0.000004 0.000000 0.000021 0.000000 0.000002 0.000015 0.000010 0.000108 0.289635 0.000007 0.000002 0.000001 0.000003 0.000068 0.000013 0.000016 0.000407 0.000007 0.068356 0.000136 0.005729 0.000016 0.000024 0.000007 0.000018 0.000004 0.000155 0.000006 0.000196 0.000016 0.000065
0.691644 0.000032 0.000002 0.000379 0.000016 0.000014 0.000218 0.000052 0.000176 0.258893 0.000013 0.000035 0.000005 0.000022 0.000692 0.000125 0.000104 0.001172 0.000029 0.033712 0.000580 0.007273 0.000268 0.000303 0.000045 0.000311 0.000022 0.002412 0.000032 0.001109 0.000078 0.000232
0.575870 0.000060 0.000007 0.000309 0.000037 0.000173 0.000424 0.000274 0.000446 0.205685 0.000112 0.000126 0.000031 0.000053 0.000736 0.000174 0.000212 0.003559 0.000147 0.161007 0.002076 0.035925 0.004526 0.000945 0.000108 0.000601 0.000099 0.003217 0.000183 0.001858 0.000622 0.000398
0.537613 0.000098 0.000009 0.000518 0.000060 0.000291 0.000478 0.000420 0.000495 0.200778 0.000251 0.000203 0.000054 0.000064 0.000676 0.000231 0.000269 0.003994 0.000306 0.191769 0.002204 0.037809 0.012608 0.001383 0.000122 0.000467 0.000098 0.002836 0.000222 0.002335 0.000732 0.000605
0.608335 0.000157 0.000011 0.000999 0.000080 0.000104 0.001137 0.000377 0.000435 0.197332 0.000073 0.000267 0.000032 0.000093 0.001717 0.000356 0.000547 0.003580 0.000158 0.112042 0.004070 0.040791 0.005076 0.001809 0.000172 0.002257 0.000248 0.009536 0.000298 0.006071 0.001172 0.000666
0.634279 0.000507 0.000040 0.021363 0.000985 0.001168 0.001759 0.000954 0.000528 0.144589 0.000357 0.000985 0.000162 0.000559 0.006253 0.007508 0.004162 0.001771 0.002275 0.076680 0.004384 0.016954 0.001475 0.002659 0.002188 0.000888 0.000394 0.039192 0.000366 0.014125 0.002120 0.008371
0.519785 0.000704 0.000085 0.002185 0.000403 0.001090 0.002983 0.001396 0.001763 0.144318 0.000751 0.000920 0.000165 0.000400 0.002688 0.000956 0.001060 0.010409 0.000791 0.179492 0.007816 0.065158 0.024762 0.003419 0.000531 0.002320 0.000530 0.009038 0.000922 0.007075 0.004342 0.001743
0.851699 0.000074 0.000005 0.000518 0.000038 0.000012 0.000340 0.000055 0.000115 0.117087 0.000010 0.000093 0.000005 0.000038 0.001340 0.000179 0.000168 0.000629 0.000023 0.013830 0.000473 0.003152 0.000399 0.000434 0.000071 0.000292 0.000016 0.007346 0.000025 0.001297 0.000058 0.000181
0.713937 0.000472 0.000076 0.000094 0.000074 0.000031 0.010722 0.001204 0.002380 0.114428 0.000093 0.002812 0.000001 0.000217 0.001356 0.043130 0.012219 0.000393 0.002321 0.027586 0.019360 0.016390 0.000145 0.001208 0.000515 0.000426 0.000124 0.007300 0.000039 0.017540 0.002161 0.001246
0.726048 0.001088 0.000068 0.000239 0.000156 0.000107 0.040257 0.001679 0.004368 0.054319 0.000214 0.002142 0.000001 0.000269 0.000514 0.100696 0.005127 0.002080 0.002145 0.013631 0.006868 0.018465 0.000152 0.001057 0.000317 0.000806 0.000143 0.005448 0.000042 0.006355 0.003854 0.001344
0.676316 0.008936 0.010558 0.000643 0.011796 0.014467 0.007921 0.000839 0.004652 0.008500 0.001889 0.000664 0.000944 0.005423 0.000250 0.004923 0.000734 0.180433 0.001981 0.002418 0.001445 0.002341 0.004358 0.000446 0.000460 0.013694 0.003436 0.006604 0.018517 0.000617 0.002855 0.000938
0.234878 0.002215 0.001735 0.005136 0.012210 0.004491 0.003654 0.001281 0.004121 0.024841 0.007703 0.001485 0.001120 0.003316 0.010537 0.000804 0.006658 0.007621 0.002093 0.283276 0.014918 0.163209 0.002040 0.003723 0.002601 0.008158 0.003044 0.027801 0.006385 0.025660 0.117956 0.005330
0.167909 0.000008 0.000001 0.000093 0.000006 0.000010 0.000120 0.000083 0.000090 0.536660 0.000019 0.000029 0.000003 0.000007 0.000218 0.000116 0.000058 0.000844 0.000077 0.270182 0.000763 0.017935 0.001374 0.000252 0.000022 0.000156 0.000025 0.001303 0.000049 0.001213 0.000090 0.000284
0.360168 0.001628 0.002206 0.006883 0.018210 0.007777 0.002777 0.001395 0.002455 0.017620 0.009342 0.001244 0.000942 0.002691 0.016562 0.000704 0.008173 0.005060 0.001856 0.219382 0.014028 0.117181 0.001497 0.003673 0.002612 0.007633 0.004067 0.022472 0.007397 0.027975 0.099837 0.004552
0.351760 0.001707 0.001352 0.008454 0.008310 0.005796 0.003605 0.001337 0.002570 0.022526 0.005117 0.001550 0.000647 0.002608 0.013413 0.000914 0.005494 0.006092 0.002268 0.218319 0.013517 0.177228 0.001551 0.003952 0.002542 0.004550 0.002115 0.020066 0.004225 0.021490 0.080186 0.004737
0.373915 0.001244 0.000792 0.007910 0.007137 0.005985 0.002245 0.000793 0.001732 0.023520 0.004073 0.000885 0.000577 0.001820 0.012373 0.000744 0.004204 0.004149 0.001928 0.216141 0.013031 0.183102 0.001036 0.002872 0.002001 0.003592 0.001736 0.019645 0.003511 0.021538 0.072439 0.003328
0.410495 0.001072 0.001067 0.006128 0.006346 0.004166 0.002569 0.000980 0.001887 0.014994 0.004222 0.001103 0.000405 0.001599 0.012154 0.000558 0.004668 0.004860 0.001198 0.215619 0.012221 0.149252 0.000976 0.002672 0.001676 0.003555 0.001825 0.017232 0.002963 0.019235 0.089363 0.002941
0.549632 0.000019 0.000001 0.001059 0.000015 0.000011 0.000136 0.000098 0.000246 0.214825 0.000044 0.000034 0.000012 0.000015 0.000368 0.000251 0.000108 0.000833 0.000178 0.211431 0.001342 0.013119 0.000583 0.000329 0.000049 0.000362 0.000126 0.001649 0.000131 0.001690 0.000141 0.001162
0.243969 0.002950 0.002900 0.006852 0.019906 0.005425 0.004276 0.002261 0.006205 0.021972 0.015091 0.002632 0.001289 0.003412 0.015864 0.001139 0.014561 0.005988 0.002020 0.210319 0.032730 0.115554 0.002774 0.005296 0.003362 0.010840 0.008796 0.046713 0.008541 0.037076 0.133563 0.005726
0.172927 0.003226 0.001343 0.008134 0.014240 0.005754 0.002867 0.001125 0.002297 0.091385 0.005693 0.001549 0.001314 0.003596 0.017388 0.001727 0.013597 0.004597 0.002649 0.206695 0.041219 0.126705 0.011000 0.006397 0.002465 0.007074 0.006229 0.068806 0.012484 0.045016 0.105063 0.005440
0.213863 0.003277 0.002675 0.007715 0.017142 0.006577 0.006181 0.002798 0.007525 0.023480 0.014061 0.003714 0.001641 0.003556 0.012057 0.001695 0.013374 0.011057 0.002558 0.203639 0.030980 0.102383 0.003541 0.005766 0.003370 0.015133 0.010429 0.056113 0.009372 0.032547 0.165044 0.006737
0.330363 0.001837 0.001856 0.006276 0.014881 0.004841 0.002715 0.001831 0.005332 0.018146 0.016224 0.001687 0.001123 0.002235 0.014811 0.000880 0.012607 0.003773 0.001686 0.203464 0.025267 0.118419 0.001678 0.004594 0.002722 0.007504 0.008145 0.036678 0.006982 0.034420 0.101934 0.005091
0.575041 0.000075 0.000008 0.000461 0.000065 0.000253 0.000353 0.000368 0.000367 0.159644 0.000300 0.000207 0.000041 0.000049 0.000759 0.000207 0.000315 0.002553 0.000286 0.198655 0.002193 0.035504 0.013494 0.001354 0.000120 0.000365 0.000088 0.002747 0.000194 0.002647 0.000716 0.000572
0.332987 0.001772 0.002133 0.006132 0.016421 0.004800 0.002725 0.001818 0.005213 0.018056 0.016282 0.001800 0.001059 0.002237 0.015421 0.000853 0.013942 0.003645 0.001669 0.194799 0.025137 0.111443 0.001666 0.004589 0.002663 0.008042 0.008208 0.038231 0.007049 0.035757 0.108523 0.004931
0.279660 0.002372 0.002953 0.006278 0.019872 0.006030 0.003950 0.002071 0.005954 0.019411 0.013212 0.002349 0.001254 0.003341 0.014844 0.000994 0.014800 0.006415 0.001926 0.189519 0.028228 0.093071 0.002121 0.004517 0.003301 0.012898 0.008099 0.045177 0.008060 0.036223 0.155835 0.005266
0.519785 0.000704 0.000085 0.002185 0.000403 0.001090 0.002983 0.001396 0.001763 0.144318 0.000751 0.000920 0.000165 0.000400 0.002688 0.000956 0.001060 0.010409 0.000791 0.179492 0.007816 0.065158 0.024762 0.003419 0.000531 0.002320 0.000530 0.009038 0.000922 0.007075 0.004342 0.001743
0.427998 0.001401 0.001565 0.006705 0.015555 0.006541 0.002268 0.001835 0.004385 0.016793 0.013444 0.001442 0.001143 0.001971 0.014859 0.000844 0.011550 0.004028 0.001596 0.175432 0.021809 0.090906 0.001422 0.004000 0.002224 0.006779 0.007816 0.026996 0.006416 0.033969 0.081848 0.004460
0.296163 0.002039 0.001522 0.015153 0.006828 0.008815 0.005386 0.003031 0.002781 0.047906 0.009237 0.002994 0.001539 0.002766 0.016430 0.002433 0.012058 0.011335 0.004778 0.174871 0.032672 0.155336 0.006213 0.012889 0.005012 0.008961 0.004815 0.024570 0.005148 0.024235 0.084425 0.007663
0.575870 0.000060 0.000007 0.000309 0.000037 0.000173 0.000424 0.000274 0.000446 0.205685 0.000112 0.000126 0.000031 0.000053 0.000736 0.000174 0.000212 0.003559 0.000147 0.161007 0.002076 0.035925 0.004526 0.000945 0.000108 0.000601 0.000099 0.003217 0.000183 0.001858 0.000622 0.000398
0.662726 0.000157 0.000023 0.000776 0.000300 0.000589 0.000541 0.000597 0.000518 0.077452 0.000793 0.000473 0.000059 0.000080 0.001237 0.000281 0.000740 0.001818 0.000509 0.159316 0.003339 0.037024 0.034827 0.002961 0.000217 0.000531 0.000172 0.004920 0.000354 0.004023 0.001843 0.000804
0.335942 0.001957 0.003509 0.019926 0.025179 0.009848 0.004213 0.001930 0.003012 0.022613 0.008502 0.001942 0.001060 0.005225 0.028298 0.001178 0.012551 0.005847 0.004073 0.158446 0.015771 0.158468 0.002481 0.006112 0.004497 0.006248 0.002880 0.018889 0.006229 0.032303 0.083816 0.007059
0.404293 0.002152 0.002475 0.014135 0.018001 0.017210 0.004963 0.002688 0.002915 0.031332 0.015006 0.003156 0.001943 0.004819 0.019472 0.001714 0.010108 0.006748 0.005208 0.156686 0.018151 0.107325 0.003486 0.011997 0.004568 0.005928 0.004173 0.018836 0.009173 0.023698 0.058480 0.009161
0.469042 0.001006 0.000849 0.007713 0.014966 0.005779 0.001895 0.001252 0.002522 0.021658 0.007287 0.000993 0.000665 0.001685 0.020012 0.000643 0.006586 0.004089 0.001601 0.155932 0.013566 0.112139 0.001470 0.004050 0.002068 0.005489 0.004372 0.016605 0.006541 0.026611 0.076835 0.004081
0.287654 0.009508 0.007484 0.010177 0.017208 0.039118 0.012569 0.008770 0.019852 0.078125 0.020031 0.007815 0.004126 0.008377 0.007639 0.006329 0.006133 0.018151 0.022302 0.147942 0.010890 0.113649 0.024678 0.009602 0.003672 0.007608 0.002970 0.015561 0.010409 0.012373 0.039643 0.009631
0.396587 0.002981 0.001404 0.016630 0.005302 0.009063 0.006179 0.002396 0.003259 0.035657 0.009919 0.002202 0.001096 0.002580 0.010749 0.002497 0.008339 0.009951 0.003305 0.143816 0.026620 0.135350 0.004716 0.007058 0.003811 0.007940 0.004584 0.019959 0.003817 0.020027 0.086577 0.005630
0.612110 0.001399 0.000349 0.004714 0.006298 0.008185 0.003130 0.000951 0.003848 0.013470 0.004518 0.000776 0.000868 0.001444 0.003291 0.001665 0.001739 0.004569 0.003288 0.140410 0.012873 0.103546 0.000765 0.001388 0.001483 0.002714 0.002382 0.003656 0.003378 0.007017 0.041355 0.002422
0.524189 0.000030 0.000003 0.000123 0.000012 0.000059 0.000196 0.000125 0.000334 0.304262 0.000051 0.000046 0.000014 0.000027 0.000392 0.000093 0.000087 0.002669 0.000069 0.138718 0.000991 0.022373 0.001116 0.000394 0.000052 0.000307 0.000047 0.001710 0.000094 0.000972 0.000210 0.000233
0.225236 0.003823 0.003602 0.032592 0.018034 0.009672 0.007719 0.003209 0.003915 0.043717 0.008387 0.005460 0.001313 0.006980 0.033377 0.002945 0.021278 0.005557 0.008148 0.129722 0.025752 0.186844 0.006178 0.012143 0.007088 0.006994 0.003546 0.035055 0.005449 0.043521 0.080029 0.012713
0.154452 0.005326 0.016346 0.025309 0.064318 0.019256 0.010652 0.008913 0.007672 0.049918 0.016497 0.004680 0.002853 0.011398 0.020419 0.004388 0.013651 0.018341 0.013422 0.119501 0.013934 0.159877 0.016631 0.011901 0.005951 0.014841 0.002792 0.020759 0.017753 0.023141 0.111592 0.013516
0.594782 0.001349 0.001740 0.005927 0.010010 0.012081 0.001424 0.000794 0.001424 0.010258 0.008727 0.000597 0.001662 0.001619 0.010109 0.000480 0.004674 0.004013 0.000958 0.118474 0.016352 0.043387 0.000942 0.001435 0.001622 0.009158 0.006345 0.012476 0.010862 0.020766 0.083959 0.001593
0.608335 0.000157 0.000011 0.000999 0.000080 0.000104 0.001137 0.000377 0.000435 0.197332 0.000073 0.000267 0.000032 0.000093 0.001717 0.000356 0.000547 0.003580 0.000158 0.112042 0.004070 0.040791 0.005076 0.001809 0.000172 0.002257 0.000248 0.009536 0.000298 0.006071 0.001172 0.000666
0.068096 0.007969 0.010344 0.031265 0.078204 0.004725 0.013815 0.008395 0.007790 0.050870 0.010411 0.006943 0.000888 0.009585 0.021719 0.004011 0.021185 0.014287 0.003601 0.111837 0.024612 0.160833 0.044737 0.016877 0.005036 0.016230 0.004232 0.046352 0.014244 0.032020 0.134331 0.014557
0.449893 0.001229 0.001185 0.024108 0.004060 0.009877 0.003716 0.002042 0.001731 0.040565 0.005858 0.001481 0.001044 0.002060 0.014412 0.001974 0.010078 0.008971 0.003768 0.110594 0.024312 0.110164 0.005203 0.006971 0.003521 0.006670 0.002877 0.020108 0.003075 0.025658 0.086372 0.006423
0.274027 0.001737 0.007179 0.098389 0.044683 0.056061 0.007922 0.003990 0.002162 0.027444 0.011362 0.002419 0.004326 0.009049 0.046292 0.005985 0.015054 0.010149 0.039639 0.109180 0.020906 0.071295 0.004844 0.011560 0.008808 0.005403 0.001181 0.005463 0.009395 0.032379 0.042377 0.009342
0.562758 0.001790 0.001311 0.039223 0.004411 0.010713 0.004159 0.002869 0.002775 0.027525 0.005958 0.002259 0.001494 0.001878 0.016062 0.001753 0.015884 0.002561 0.001533 0.108128 0.027897 0.053015 0.005566 0.007628 0.003910 0.003548 0.002475 0.023657 0.001990 0.028597 0.019129 0.007546
0.399204 0.001370 0.003527 0.101601 0.034204 0.065550 0.006902 0.003141 0.002193 0.021343 0.010637 0.001740 0.004854 0.005517 0.021407 0.004872 0.007212 0.008554 0.036294 0.105734 0.014410 0.056302 0.003106 0.006500 0.006039 0.003055 0.000820 0.003013 0.007274 0.019397 0.027943 0.006282
0.726876 0.002356 0.000478 0.001943 0.001762 0.001391 0.001686 0.000666 0.001056 0.043479 0.003475 0.000876 0.000505 0.000970 0.004372 0.000738 0.003133 0.003226 0.000376 0.105426 0.012082 0.034286 0.004127 0.001434 0.000954 0.001759 0.003261 0.011911 0.003152 0.011187 0.009594 0.001465
0.591312 0.000831 0.000435 0.004195 0.002071 0.000716 0.003635 0.001383 0.001348 0.025635 0.002593 0.002483 0.000141 0.000577 0.008840 0.008619 0.011751 0.001468 0.003029 0.104694 0.047997 0.052350 0.006272 0.001871 0.001040 0.006724 0.017743 0.028521 0.007911 0.032633 0.017024 0.004157
0.179898 0.003538 0.002532 0.041186 0.027258 0.003201 0.004752 0.003833 0.003865 0.065015 0.004979 0.004883 0.000688 0.003117 0.029896 0.006303 0.034739 0.005437 0.006129 0.104311 0.046004 0.192627 0.016096 0.012685 0.003471 0.007779 0.006508 0.049627 0.005829 0.053906 0.054601 0.015306
0.146943 0.006442 0.005307 0.021196 0.033632 0.014162 0.009326 0.005164 0.003792 0.072812 0.015972 0.005448 0.002429 0.011192 0.049953 0.005154 0.025256 0.006490 0.014653 0.102117 0.027001 0.148968 0.010620 0.022871 0.009930 0.009822 0.005056 0.031915 0.016336 0.058140 0.086701 0.015201
0.712966 0.001274 0.000319 0.003640 0.005299 0.007825 0.002389 0.000856 0.005325 0.009257 0.003987 0.000578 0.000714 0.001050 0.001886 0.001277 0.001330 0.003393 0.003393 0.101851 0.008578 0.074347 0.000437 0.000768 0.001205 0.001769 0.001818 0.002027 0.002345 0.004722 0.031626 0.001750
0.055513 0.010153 0.008815 0.041812 0.082189 0.004721 0.013438 0.008478 0.008297 0.040923 0.010573 0.007847 0.001239 0.009480 0.021100 0.004747 0.024168 0.015600 0.003727 0.101585 0.026577 0.178768 0.050921 0.015385 0.005733 0.017016 0.005813 0.044882 0.012034 0.032641 0.118861 0.016965
0.530668 0.002219 0.001221 0.019563 0.014827 0.026511 0.004560 0.003486 0.003626 0.034397 0.010544 0.002975 0.002471 0.003356 0.013092 0.002901 0.008301 0.004827 0.010404 0.101377 0.018811 0.084869 0.003165 0.007620 0.004185 0.002993 0.002365 0.007392 0.005798 0.019930 0.033761 0.007786
0.081357 0.004872 0.006640 0.048747 0.038970 0.004431 0.004307 0.008054 0.006859 0.036755 0.008763 0.006056 0.001264 0.006587 0.028780 0.006447 0.037477 0.010915 0.004426 0.087134 0.031886 0.310647 0.026270 0.011611 0.005622 0.010706 0.008628 0.039950 0.007254 0.037173 0.048972 0.022440
0.101601 0.007630 0.014344 0.049932 0.088262 0.007567 0.009474 0.008934 0.010561 0.040592 0.012518 0.006684 0.002015 0.010791 0.025877 0.005301 0.025998 0.013813 0.005858 0.079559 0.019174 0.223816 0.024291 0.014787 0.006382 0.014861 0.005894 0.029247 0.012242 0.029955 0.075521 0.016520
0.116743 0.004396 0.005146 0.044199 0.035587 0.004475 0.005291 0.006777 0.005675 0.059483 0.006891 0.005251 0.001170 0.005095 0.039991 0.008526 0.042367 0.007473 0.006926 0.092125 0.044227 0.212085 0.025800 0.017223 0.005073 0.009827 0.008744 0.046299 0.007402 0.053034 0.042812 0.023888
0.179898 0.003538 0.002532 0.041186 0.027258 0.003201 0.004752 0.003833 0.003865 0.065015 0.004979 0.004883 0.000688 0.003117 0.029896 0.006303 0.034739 0.005437 0.006129 0.104311 0.046004 0.192627 0.016096 0.012685 0.003471 0.007779 0.006508 0.049627 0.005829 0.053906 0.054601 0.015306
0.225236 0.003823 0.003602 0.032592 0.018034 0.009672 0.007719 0.003209 0.003915 0.043717 0.008387 0.005460 0.001313 0.006980 0.033377 0.002945 0.021278 0.005557 0.008148 0.129722 0.025752 0.186844 0.006178 0.012143 0.007088 0.006994 0.003546 0.035055 0.005449 0.043521 0.080029 0.012713
0.373915 0.001244 0.000792 0.007910 0.007137 0.005985 0.002245 0.000793 0.001732 0.023520 0.004073 0.000885 0.000577 0.001820 0.012373 0.000744 0.004204 0.004149 0.001928 0.216141 0.013031 0.183102 0.001036 0.002872 0.002001 0.003592 0.001736 0.019645 0.003511 0.021538 0.072439 0.003328
0.055513 0.010153 0.008815 0.041812 0.082189 0.004721 0.013438 0.008478 0.008297 0.040923 0.010573 0.007847 0.001239 0.009480 0.021100 0.004747 0.024168 0.015600 0.003727 0.101585 0.026577 0.178768 0.050921 0.015385 0.005733 0.017016 0.005813 0.044882 0.012034 0.032641 0.118861 0.016965
0.351760 0.001707 0.001352 0.008454 0.008310 0.005796 0.003605 0.001337 0.002570 0.022526 0.005117 0.001550 0.000647 0.002608 0.013413 0.000914 0.005494 0.006092 0.002268 0.218319 0.013517 0.177228 0.001551 0.003952 0.002542 0.004550 0.002115 0.020066 0.004225 0.021490 0.080186 0.004737
0.056213 0.010480 0.008806 0.039229 0.081419 0.004707 0.013776 0.008787 0.008575 0.042098 0.010978 0.008179 0.001250 0.009446 0.020885 0.004879 0.023763 0.015428 0.003852 0.104435 0.026772 0.173063 0.053491 0.015872 0.005786 0.017060 0.005917 0.045216 0.012520 0.032846 0.116985 0.017288
0.238154 0.005069 0.003072 0.090192 0.023005 0.006841 0.012135 0.007449 0.009161 0.046947 0.005840 0.006037 0.001187 0.004238 0.014944 0.014327 0.027335 0.013201 0.006572 0.067462 0.032662 0.164714 0.024552 0.010520 0.003591 0.012333 0.007754 0.035171 0.004891 0.035502 0.049768 0.015375
0.234878 0.002215 0.001735 0.005136 0.012210 0.004491 0.003654 0.001281 0.004121 0.024841 0.007703 0.001485 0.001120 0.003316 0.010537 0.000804 0.006658 0.007621 0.002093 0.283276 0.014918 0.163209 0.002040 0.003723 0.002601 0.008158 0.003044 0.027801 0.006385 0.025660 0.117956 0.005330
0.154452 0.005326 0.016346 0.025309 0.064318 0.019256 0.010652 0.008913 0.007672 0.049918 0.016497 0.004680 0.002853 0.011398 0.020419 0.004388 0.013651 0.018341 0.013422 0.119501 0.013934 0.159877 0.016631 0.011901 0.005951 0.014841 0.002792 0.020759 0.017753 0.023141 0.111592 0.013516
0.335942 0.001957 0.003509 0.019926 0.025179 0.009848 0.004213 0.001930 0.003012 0.022613 0.008502 0.001942 0.001060 0.005225 0.028298 0.001178 0.012551 0.005847 0.004073 0.158446 0.015771 0.158468 0.002481 0.006112 0.004497 0.006248 0.002880 0.018889 0.006229 0.032303 0.083816 0.007059
0.296163 0.002039 0.001522 0.015153 0.006828 0.008815 0.005386 0.003031 0.002781 0.047906 0.009237 0.002994 0.001539 0.002766 0.016430 0.002433 0.012058 0.011335 0.004778 0.174871 0.032672 0.155336 0.006213 0.012889 0.005012 0.008961 0.004815 0.024570 0.005148 0.024235 0.084425 0.007663
0.441365 0.002777 0.003174 0.041661 0.019408 0.021316 0.005330 0.003938 0.004554 0.045865 0.009504 0.004747 0.002255 0.002877 0.009079 0.003814 0.007357 0.008842 0.009644 0.082922 0.011007 0.149861 0.016325 0.010717 0.002074 0.007073 0.004253 0.012788 0.007708 0.013054 0.026232 0.008482
0.410495 0.001072 0.001067 0.006128 0.006346 0.004166 0.002569 0.000980 0.001887 0.014994 0.004222 0.001103 0.000405 0.001599 0.012154 0.000558 0.004668 0.004860 0.001198 0.215619 0.012221 0.149252 0.000976 0.002672 0.001676 0.003555 0.001825 0.017232 0.002963 0.019235 0.089363 0.002941
0.146943 0.006442 0.005307 0.021196 0.033632 0.014162 0.009326 0.005164 0.003792 0.072812 0.015972 0.005448 0.002429 0.011192 0.049953 0.005154 0.025256 0.006490 0.014653 0.102117 0.027001 0.148968 0.010620 0.022871 0.009930 0.009822 0.005056 0.031915 0.016336 0.058140 0.086701 0.015201
0.256202 0.003807 0.006358 0.020694 0.025399 0.009913 0.006640 0.002782 0.002607 0.052521 0.010282 0.003921 0.001401 0.010934 0.046299 0.002196 0.027366 0.006257 0.009852 0.093172 0.028737 0.148102 0.005249 0.013499 0.009083 0.009401 0.004579 0.026962 0.008817 0.049367 0.084991 0.012612
0.215825 0.003972 0.005711 0.038014 0.032486 0.010111 0.007673 0.004173 0.003248 0.045301 0.009947 0.006274 0.002050 0.009671 0.053971 0.003157 0.035452 0.005692 0.011045 0.092185 0.033034 0.136389 0.009578 0.018595 0.008481 0.008791 0.004172 0.029608 0.008072 0.057458 0.074045 0.015816
0.396587 0.002981 0.001404 0.016630 0.005302 0.009063 0.006179 0.002396 0.003259 0.035657 0.009919 0.002202 0.001096 0.002580 0.010749 0.002497 0.008339 0.009951 0.003305 0.143816 0.026620 0.135350 0.004716 0.007058 0.003811 0.007940 0.004584 0.019959 0.003817 0.020027 0.086577 0.005630
0.172927 0.003226 0.001343 0.008134 0.014240 0.005754 0.002867 0.001125 0.002297 0.091385 0.005693 0.001549 0.001314 0.003596 0.017388 0.001727 0.013597 0.004597 0.002649 0.206695 0.041219 0.126705 0.011000 0.006397 0.002465 0.007074 0.006229 0.068806 0.012484 0.045016 0.105063 0.005440
0.363005 0.005060 0.006959 0.034677 0.024239 0.043040 0.007637 0.006756 0.009075 0.048622 0.014648 0.006006 0.004396 0.005774 0.010012 0.004978 0.008898 0.013311 0.013566 0.091971 0.010976 0.125831 0.019722 0.011597 0.003298 0.009629 0.005280 0.016560 0.011860 0.013905 0.037932 0.010777
0.287740 0.003346 0.006542 0.019328 0.026284 0.009062 0.006354 0.002709 0.002250 0.050340 0.009773 0.003959 0.001250 0.009971 0.050301 0.002069 0.030332 0.006086 0.009216 0.085233 0.031093 0.124388 0.005008 0.013738 0.008667 0.009512 0.004611 0.026574 0.009018 0.051321 0.082007 0.011919
0.330363 0.001837 0.001856 0.006276 0.014881 0.004841 0.002715 0.001831 0.005332 0.018146 0.016224 0.001687 0.001123 0.002235 0.014811 0.000880 0.012607 0.003773 0.001686 0.203464 0.025267 0.118419 0.001678 0.004594 0.002722 0.007504 0.008145 0.036678 0.006982 0.034420 0.101934 0.005091
0.360168 0.001628 0.002206 0.006883 0.018210 0.007777 0.002777 0.001395 0.002455 0.017620 0.009342 0.001244 0.000942 0.002691 0.016562 0.000704 0.008173 0.005060 0.001856 0.219382 0.014028 0.117181 0.001497 0.003673 0.002612 0.007633 0.004067 0.022472 0.007397 0.027975 0.099837 0.004552
0.243969 0.002950 0.002900 0.006852 0.019906 0.005425 0.004276 0.002261 0.006205 0.021972 0.015091 0.002632 0.001289 0.003412 0.015864 0.001139 0.014561 0.005988 0.002020 0.210319 0.032730 0.115554 0.002774 0.005296 0.003362 0.010840 0.008796 0.046713 0.008541 0.037076 0.133563 0.005726
0.287654 0.009508 0.007484 0.010177 0.017208 0.039118 0.012569 0.008770 0.019852 0.078125 0.020031 0.007815 0.004126 0.008377 0.007639 0.006329 0.006133 0.018151 0.022302 0.147942 0.010890 0.113649 0.024678 0.009602 0.003672 0.007608 0.002970 0.015561 0.010409 0.012373 0.039643 0.009631
0.469042 0.001006 0.000849 0.007713 0.014966 0.005779 0.001895 0.001252 0.002522 0.021658 0.007287 0.000993 0.000665 0.001685 0.020012 0.000643 0.006586 0.004089 0.001601 0.155932 0.013566 0.112139 0.001470 0.004050 0.002068 0.005489 0.004372 0.016605 0.006541 0.026611 0.076835 0.004081
0.332987 0.001772 0.002133 0.006132 0.016421 0.004800 0.002725 0.001818 0.005213 0.018056 0.016282 0.001800 0.001059 0.002237 0.015421 0.000853 0.013942 0.003645 0.001669 0.194799 0.025137 0.111443 0.001666 0.004589 0.002663 0.008042 0.008208 0.038231 0.007049 0.035757 0.108523 0.004931
0.449893 0.001229 0.001185 0.024108 0.004060 0.009877 0.003716 0.002042 0.001731 0.040565 0.005858 0.001481 0.001044 0.002060 0.014412 0.001974 0.010078 0.008971 0.003768 0.110594 0.024312 0.110164 0.005203 0.006971 0.003521 0.006670 0.002877 0.020108 0.003075 0.025658 0.086372 0.006423
0.404293 0.002152 0.002475 0.014135 0.018001 0.017210 0.004963 0.002688 0.002915 0.031332 0.015006 0.003156 0.001943 0.004819 0.019472 0.001714 0.010108 0.006748 0.005208 0.156686 0.018151 0.107325 0.003486 0.011997 0.004568 0.005928 0.004173 0.018836 0.009173 0.023698 0.058480 0.009161
0.548782 0.001338 0.000687 0.009488 0.001767 0.007946 0.001870 0.001336 0.002141 0.034226 0.004102 0.000683 0.001379 0.002083 0.007406 0.001896 0.008643 0.006421 0.004150 0.083747 0.019288 0.105601 0.004006 0.003290 0.003773 0.003807 0.003468 0.018145 0.002642 0.024981 0.073999 0.006908
0.612110 0.001399 0.000349 0.004714 0.006298 0.008185 0.003130 0.000951 0.003848 0.013470 0.004518 0.000776 0.000868 0.001444 0.003291 0.001665 0.001739 0.004569 0.003288 0.140410 0.012873 0.103546 0.000765 0.001388 0.001483 0.002714 0.002382 0.003656 0.003378 0.007017 0.041355 0.002422
0.255332 0.005628 0.002345 0.038863 0.038550 0.027923 0.015341 0.007954 0.009441 0.063892 0.011878 0.008482 0.003420 0.008456 0.020781 0.012240 0.017544 0.010436 0.040393 0.093315 0.028476 0.103307 0.010228 0.017483 0.007799 0.007965 0.004161 0.014392 0.008647 0.035194 0.050830 0.019306
0.213863 0.003277 0.002675 0.007715 0.017142 0.006577 0.006181 0.002798 0.007525 0.023480 0.014061 0.003714 0.001641 0.003556 0.012057 0.001695 0.013374 0.011057 0.002558 0.203639 0.030980 0.102383 0.003541 0.005766 0.003370 0.015133 0.010429 0.056113 0.009372 0.032547 0.165044 0.006737
0.214839 0.000516 0.000043 0.012846 0.000829 0.002705 0.001262 0.001064 0.000239 0.344162 0.000264 0.000449 0.000133 0.000529 0.001777 0.017240 0.002052 0.019998 0.003761 0.038161 0.004820 0.028465 0.001983 0.001791 0.001900 0.002320 0.002753 0.264819 0.000901 0.008526 0.005165 0.013690
0.517798 0.004951 0.001410 0.014354 0.006221 0.001768 0.013397 0.001776 0.004607 0.057513 0.001090 0.003740 0.000508 0.004993 0.010878 0.006657 0.009689 0.014797 0.001603 0.061812 0.010251 0.039033 0.006416 0.003953 0.003615 0.013505 0.001877 0.123030 0.002717 0.014387 0.037382 0.004272
0.653212 0.002970 0.000434 0.007700 0.001600 0.001144 0.009649 0.001369 0.001786 0.060563 0.000448 0.002972 0.000163 0.002809 0.011257 0.008570 0.006760 0.004409 0.000968 0.037008 0.007499 0.012303 0.003017 0.002718 0.002895 0.005097 0.000629 0.122313 0.000976 0.010674 0.013351 0.002737
0.371615 0.005021 0.002440 0.024051 0.013725 0.017160 0.006374 0.002091 0.003844 0.009291 0.019343 0.001001 0.001418 0.004891 0.003382 0.001992 0.004359 0.046585 0.002870 0.053328 0.010080 0.070477 0.002645 0.001822 0.002437 0.032452 0.011691 0.011004 0.009973 0.007845 0.240617 0.004178
0.732069 0.000248 0.000029 0.003675 0.000190 0.002539 0.000663 0.000107 0.000138 0.002363 0.001750 0.000039 0.000161 0.000240 0.000513 0.000344 0.001292 0.011110 0.000341 0.007907 0.005514 0.014235 0.000145 0.000103 0.000518 0.006760 0.003640 0.001565 0.000638 0.003616 0.197006 0.000541
0.491959 0.012972 0.001124 0.003660 0.002602 0.005126 0.017041 0.001428 0.012242 0.008700 0.003831 0.001421 0.000346 0.006008 0.001181 0.011953 0.006311 0.040924 0.005781 0.018892 0.010911 0.083104 0.000534 0.001528 0.002618 0.018919 0.004517 0.025797 0.001413 0.006473 0.186935 0.003747
0.213863 0.003277 0.002675 0.007715 0.017142 0.006577 0.006181 0.002798 0.007525 0.023480 0.014061 0.003714 0.001641 0.003556 0.012057 0.001695 0.013374 0.011057 0.002558 0.203639 0.030980 0.102383 0.003541 0.005766 0.003370 0.015133 0.010429 0.056113 0.009372 0.032547 0.165044 0.006737
0.279660 0.002372 0.002953 0.006278 0.019872 0.006030 0.003950 0.002071 0.005954 0.019411 0.013212 0.002349 0.001254 0.003341 0.014844 0.000994 0.014800 0.006415 0.001926 0.189519 0.028228 0.093071 0.002121 0.004517 0.003301 0.012898 0.008099 0.045177 0.008060 0.036223 0.155835 0.005266
0.583755 0.008348 0.000734 0.004437 0.001224 0.007248 0.009969 0.002060 0.005241 0.019379 0.008030 0.000962 0.000556 0.005695 0.002240 0.007259 0.004835 0.018667 0.009637 0.034465 0.014025 0.056264 0.001068 0.001993 0.004349 0.006553 0.003030 0.011944 0.001204 0.010017 0.148937 0.005878
0.068096 0.007969 0.010344 0.031265 0.078204 0.004725 0.013815 0.008395 0.007790 0.050870 0.010411 0.006943 0.000888 0.009585 0.021719 0.004011 0.021185 0.014287 0.003601 0.111837 0.024612 0.160833 0.044737 0.016877 0.005036 0.016230 0.004232 0.046352 0.014244 0.032020 0.134331 0.014557
0.243969 0.002950 0.002900 0.006852 0.019906 0.005425 0.004276 0.002261 0.006205 0.021972 0.015091 0.002632 0.001289 0.003412 0.015864 0.001139 0.014561 0.005988 0.002020 0.210319 0.032730 0.115554 0.002774 0.005296 0.003362 0.010840 0.008796 0.046713 0.008541 0.037076 0.133563 0.005726
0.422646 0.001069 0.001710 0.004318 0.013845 0.004900 0.001886 0.000957 0.002471 0.011310 0.008077 0.000882 0.000626 0.001608 0.010773 0.000444 0.007352 0.004283 0.000931 0.190262 0.018920 0.085280 0.000878 0.002044 0.001671 0.008436 0.004847 0.023313 0.005507 0.025404 0.130792 0.002559
0.768145 0.003255 0.000112 0.001264 0.000154 0.002338 0.007459 0.000632 0.001457 0.006367 0.003535 0.000214 0.000083 0.001204 0.000552 0.004117 0.001206 0.013522 0.002290 0.013776 0.007572 0.017950 0.000184 0.000318 0.001188 0.002341 0.002048 0.001844 0.000310 0.003328 0.129681 0.001553
0.612729 0.000639 0.000280 0.004765 0.005430 0.004874 0.001454 0.000553 0.002169 0.004955 0.008105 0.000397 0.000692 0.000658 0.002539 0.000545 0.002714 0.011536 0.000861 0.077193 0.009591 0.059294 0.000969 0.000822 0.001497 0.009705 0.022252 0.017401 0.004136 0.009719 0.118952 0.002574
0.055513 0.010153 0.008815 0.041812 0.082189 0.004721 0.013438 0.008478 0.008297 0.040923 0.010573 0.007847 0.001239 0.009480 0.021100 0.004747 0.024168 0.015600 0.003727 0.101585 0.026577 0.178768 0.050921 0.015385 0.005733 0.017016 0.005813 0.044882 0.012034 0.032641 0.118861 0.016965
0.234878 0.002215 0.001735 0.005136 0.012210 0.004491 0.003654 0.001281 0.004121 0.024841 0.007703 0.001485 0.001120 0.003316 0.010537 0.000804 0.006658 0.007621 0.002093 0.283276 0.014918 0.163209 0.002040 0.003723 0.002601 0.008158 0.003044 0.027801 0.006385 0.025660 0.117956 0.005330
0.154452 0.005326 0.016346 0.025309 0.064318 0.019256 0.010652 0.008913 0.007672 0.049918 0.016497 0.004680 0.002853 0.011398 0.020419 0.004388 0.013651 0.018341 0.013422 0.119501 0.013934 0.159877 0.016631 0.011901 0.005951 0.014841 0.002792 0.020759 0.017753 0.023141 0.111592 0.013516
0.332987 0.001772 0.002133 0.006132 0.016421 0.004800 0.002725 0.001818 0.005213 0.018056 0.016282 0.001800 0.001059 0.002237 0.015421 0.000853 0.013942 0.003645 0.001669 0.194799 0.025137 0.111443 0.001666 0.004589 0.002663 0.008042 0.008208 0.038231 0.007049 0.035757 0.108523 0.004931
0.728784 0.001328 0.000712 0.006941 0.002352 0.003020 0.002469 0.000521 0.001449 0.007148 0.005661 0.000403 0.000270 0.001127 0.002456 0.000785 0.003207 0.004816 0.000905 0.034521 0.012182 0.045197 0.000408 0.001418 0.001008 0.003937 0.003194 0.004309 0.000874 0.010037 0.107297 0.001260
0.172927 0.003226 0.001343 0.008134 0.014240 0.005754 0.002867 0.001125 0.002297 0.091385 0.005693 0.001549 0.001314 0.003596 0.017388 0.001727 0.013597 0.004597 0.002649 0.206695 0.041219 0.126705 0.011000 0.006397 0.002465 0.007074 0.006229 0.068806 0.012484 0.045016 0.105063 0.005440
0.594268 0.004914 0.001245 0.009875 0.002481 0.011707 0.004248 0.001409 0.003812 0.020366 0.006226 0.000757 0.001481 0.004455 0.002924 0.004129 0.006514 0.019917 0.007904 0.032201 0.014148 0.080179 0.002404 0.003155 0.004036 0.005664 0.003788 0.021037 0.002048 0.014090 0.103229 0.005390
0.330363 0.001837 0.001856 0.006276 0.014881 0.004841 0.002715 0.001831 0.005332 0.018146 0.016224 0.001687 0.001123 0.002235 0.014811 0.000880 0.012607 0.003773 0.001686 0.203464 0.025267 0.118419 0.001678 0.004594 0.002722 0.007504 0.008145 0.036678 0.006982 0.034420 0.101934 0.005091
