chair 363 148 560 415 0.997756 0.002223
chair 13 239 254 426 0.98 0.009227
chair 479 132 560 338 0.216825 0.763866
chair 0 207 120 323 0.158337 0.835419
chair 163 97 252 175 0.124901 0.796429
table 3 174 106 423 0.180231 0.214513
picture 236 22 267 40 0.34576 0.567442
picture 178 101 236 103 0.23406 0.243799
picture 9 3 115 43 0.147376 0.532827
picture 229 3 331 52 0.144528 0.533463
picture 3 5 37 40 0.106665 0.667296
picture 171 96 238 100 0.10247 0.486807
blinds 11 109 167 186 0.941643 0.048793
blinds 245 53 342 170 0.502161 0.457823
blinds 129 96 174 174 0.439588 0.435476
blinds 71 163 78 171 0.381466 0.552456
blinds 29 41 315 175 0.355149 0.624596
blinds 151 140 168 162 0.322091 0.511113
blinds 115 109 132 112 0.170572 0.585389
blinds 62 108 67 110 0.160305 0.493833
blinds 128 112 133 113 0.14096 0.576041
blinds 94 95 229 190 0.131731 0.833520
blinds 1 111 36 117 0.123927 0.610307
blinds 58 145 67 151 0.115001 0.854096
blinds 58 161 78 177 0.107345 0.762958
blinds 243 5 478 157 0.101371 0.707716
desk 53 183 444 337 0.993141 0.006572
desk 275 151 396 347 0.572834 0.207062
desk 54 231 164 335 0.281087 0.675896
desk 4 191 199 407 0.115162 0.011960
paper 297 159 398 195 0.680866 0.278705
paper 321 157 347 167 0.674202 0.319771
paper 186 188 187 190 0.351161 0.629399
paper 137 192 209 213 0.298514 0.634982
paper 242 90 249 101 0.234672 0.683152
paper 51 179 75 197 0.214675 0.258991
paper 245 80 290 106 0.209238 0.656933
paper 1 6 35 40 0.195717 0.614848
paper 225 210 229 213 0.194426 0.789199
paper 210 210 230 232 0.190297 0.775866
paper 144 207 182 219 0.189097 0.779569
paper 295 163 318 170 0.172663 0.742689
paper 80 6 91 42 0.155716 0.465864
paper 160 208 228 230 0.155606 0.794035
paper 269 76 272 80 0.154033 0.821098
paper 248 89 265 105 0.151757 0.821463
paper 36 218 51 229 0.151493 0.827751
paper 219 207 242 224 0.151458 0.830312
paper 122 187 180 199 0.147514 0.807810
paper 152 186 181 193 0.139071 0.826635
paper 98 217 108 223 0.138038 0.851303
paper 294 178 305 183 0.137307 0.799614
paper 202 210 211 214 0.132448 0.819989
paper 2 0 91 43 0.130317 0.581316
paper 312 143 448 217 0.122671 0.497131
paper 105 216 115 222 0.119861 0.869109
paper 36 219 43 223 0.119304 0.865113
paper 87 218 107 228 0.116352 0.871606
paper 231 207 243 214 0.112884 0.876459
paper 128 113 133 113 0.105813 0.576041
paper 283 178 293 185 0.104377 0.884899
paper 271 177 305 185 0.10323 0.886136
paper 135 106 165 122 0.102216 0.562088
box 424 195 432 199 0.713769 0.276307
box 99 178 109 183 0.65858 0.319840
box 404 191 406 195 0.641249 0.349145
box 100 173 110 177 0.619949 0.348671
box 99 184 107 189 0.432102 0.493637
box 221 31 228 51 0.398448 0.458998
box 102 173 126 187 0.387662 0.578655
box 36 189 51 204 0.373036 0.543143
box 103 170 171 187 0.332407 0.518339
box 224 45 228 51 0.331927 0.470043
box 80 6 92 41 0.261188 0.465864
box 309 140 434 221 0.258041 0.497131
box 100 184 123 196 0.239506 0.720708
box 221 27 240 50 0.235188 0.651261
box 395 193 461 222 0.216139 0.726588
box 440 193 463 204 0.19502 0.772783
box 232 37 238 51 0.193763 0.685110
box 50 178 74 198 0.173199 0.258991
box 395 192 400 194 0.153896 0.789608
box 89 29 91 42 0.147581 0.677695
box 91 4 116 44 0.141276 0.599585
box 222 23 269 44 0.137851 0.647044
person 558 214 560 217 0.190121 0.654468
person 559 202 560 208 0.172586 0.675336
person 174 417 188 426 0.16885 0.588081
person 188 419 190 423 0.150954 0.707745
night_stand 291 162 393 343 0.176619 0.207062
lamp 230 1 354 60 0.323826 0.432378
lamp 369 19 491 146 0.176013 0.740906
lamp 181 100 237 104 0.161675 0.243799
lamp 174 95 239 101 0.146746 0.486807
lamp 338 0 354 32 0.111201 0.639059
