0.003860 0.000006 0.000001 0.985485 0.000001 0.007377 0.000001 0.000001 0.000001 0.000001 0.000019 0.000000 0.003194 0.000002 0.000001 0.000001 0.000002 0.000004 0.000004 0.000001 0.000004 0.000005 0.000000 0.000002 0.000005 0.000004 0.000003 0.000003 0.000001 0.000004 0.000004 0.000006
0.171004 0.008479 0.009720 0.124297 0.041485 0.062752 0.007362 0.005123 0.008285 0.021828 0.020913 0.004876 0.034022 0.027250 0.028346 0.005952 0.035154 0.006462 0.012513 0.022906 0.020141 0.027073 0.005843 0.152557 0.012411 0.005292 0.004811 0.014911 0.009618 0.051661 0.023365 0.013588
0.850009 0.000019 0.000021 0.114908 0.000213 0.006895 0.000015 0.000013 0.000021 0.000320 0.000077 0.000008 0.003436 0.000043 0.000333 0.000014 0.001095 0.000053 0.000158 0.002246 0.000797 0.006885 0.000043 0.000277 0.000185 0.000019 0.000066 0.001387 0.000021 0.008417 0.001388 0.000617
0.149990 0.023557 0.017207 0.026391 0.009214 0.437836 0.003261 0.002833 0.015206 0.012349 0.070257 0.001954 0.066012 0.027361 0.008314 0.001941 0.004289 0.004299 0.004566 0.016645 0.003512 0.027437 0.001506 0.009470 0.011759 0.002461 0.005785 0.006134 0.006968 0.005080 0.009945 0.006461
0.451714 0.000048 0.000001 0.001407 0.000001 0.174680 0.000002 0.000001 0.000015 0.000011 0.000107 0.000001 0.371818 0.000004 0.000000 0.000001 0.000001 0.000021 0.000007 0.000019 0.000001 0.000018 0.000020 0.000008 0.000005 0.000007 0.000012 0.000024 0.000003 0.000003 0.000005 0.000034
0.812528 0.000075 0.000066 0.013910 0.000481 0.133666 0.000013 0.000022 0.000063 0.000121 0.003215 0.000008 0.029288 0.000086 0.000132 0.000007 0.000152 0.000110 0.000031 0.001733 0.000105 0.001478 0.000017 0.000112 0.000210 0.000029 0.000209 0.000255 0.000197 0.000376 0.001178 0.000129
0.424120 0.000438 0.000410 0.001954 0.000814 0.002377 0.001954 0.001376 0.001386 0.115836 0.001721 0.001410 0.000233 0.000759 0.007394 0.001089 0.002397 0.007019 0.000996 0.229225 0.011604 0.126092 0.020314 0.006219 0.000635 0.001967 0.000668 0.010597 0.001837 0.009137 0.005355 0.002669
0.000471 0.000011 0.000001 0.000185 0.000000 0.002665 0.000000 0.000000 0.000002 0.000000 0.000037 0.000000 0.996604 0.000004 0.000000 0.000000 0.000000 0.000001 0.000002 0.000001 0.000000 0.000001 0.000000 0.000000 0.000008 0.000000 0.000001 0.000001 0.000000 0.000000 0.000002 0.000001
0.821813 0.000665 0.000016 0.045103 0.000027 0.018885 0.000045 0.000043 0.000175 0.000264 0.002414 0.000030 0.102638 0.000124 0.000125 0.000030 0.000178 0.000084 0.000199 0.001556 0.000423 0.001079 0.000103 0.000150 0.000712 0.000215 0.001042 0.000328 0.000215 0.000561 0.000236 0.000521
0.627109 0.018477 0.000612 0.005354 0.002108 0.008536 0.040089 0.000955 0.012428 0.009365 0.001679 0.000584 0.000945 0.016229 0.000256 0.004882 0.000702 0.178451 0.002645 0.005422 0.001603 0.018205 0.002494 0.000655 0.000726 0.019824 0.001153 0.003980 0.002736 0.000956 0.009228 0.001611
0.676541 0.000540 0.000714 0.016804 0.004327 0.007959 0.001728 0.000912 0.001048 0.020618 0.001066 0.000494 0.000613 0.003483 0.004991 0.002978 0.003338 0.003118 0.176922 0.012672 0.002720 0.016815 0.000494 0.003013 0.006366 0.000698 0.000124 0.000919 0.000689 0.011140 0.011472 0.004685
0.300080 0.000001 0.000000 0.000361 0.000000 0.000012 0.000001 0.000002 0.000005 0.000137 0.000005 0.000002 0.000059 0.000002 0.000126 0.000001 0.000049 0.000003 0.000013 0.688258 0.000195 0.009093 0.000003 0.000015 0.000075 0.000003 0.000011 0.000130 0.000001 0.001109 0.000036 0.000214
0.424120 0.000438 0.000410 0.001954 0.000814 0.002377 0.001954 0.001376 0.001386 0.115836 0.001721 0.001410 0.000233 0.000759 0.007394 0.001089 0.002397 0.007019 0.000996 0.229225 0.011604 0.126092 0.020314 0.006219 0.000635 0.001967 0.000668 0.010597 0.001837 0.009137 0.005355 0.002669
0.625308 0.000336 0.000337 0.002465 0.000595 0.001548 0.001450 0.000778 0.000899 0.007439 0.001350 0.000641 0.000690 0.000576 0.004152 0.000644 0.007691 0.001439 0.001265 0.141701 0.028811 0.037087 0.000475 0.001874 0.001660 0.001122 0.001607 0.005642 0.000802 0.102652 0.014256 0.002708
0.687931 0.000222 0.000193 0.003107 0.000497 0.001600 0.000672 0.000419 0.000788 0.007491 0.000951 0.000435 0.001349 0.000449 0.003003 0.000521 0.006253 0.001109 0.001549 0.122180 0.018151 0.046293 0.000350 0.002237 0.001302 0.000736 0.001506 0.007607 0.000484 0.065780 0.010938 0.003897
0.790549 0.000071 0.000076 0.004589 0.000412 0.000501 0.000149 0.000122 0.000755 0.007563 0.000274 0.000184 0.001258 0.000200 0.002250 0.000159 0.002338 0.000217 0.000615 0.116587 0.003889 0.037088 0.000146 0.002358 0.000627 0.000214 0.000926 0.005656 0.000092 0.014972 0.001703 0.003460
0.762143 0.000112 0.000078 0.002277 0.000301 0.001778 0.000390 0.000230 0.000425 0.005743 0.000771 0.000234 0.000782 0.000241 0.001792 0.000272 0.003594 0.001233 0.000830 0.105638 0.011478 0.034010 0.000212 0.000831 0.000664 0.000551 0.001209 0.005130 0.000364 0.043594 0.010518 0.002574
0.763859 0.000121 0.000067 0.003024 0.000384 0.001714 0.000270 0.000162 0.000378 0.007706 0.000719 0.000196 0.000854 0.000210 0.001912 0.000234 0.003288 0.000759 0.000884 0.101704 0.010086 0.043178 0.000220 0.001070 0.000600 0.000413 0.001084 0.006034 0.000360 0.037342 0.008735 0.002435
0.392339 0.000029 0.000041 0.000644 0.000160 0.000336 0.000018 0.000013 0.000103 0.003365 0.000029 0.000019 0.000018 0.000182 0.006007 0.000004 0.000411 0.000069 0.000016 0.015883 0.000376 0.576883 0.000027 0.000246 0.000123 0.000023 0.000010 0.000442 0.000031 0.001788 0.000252 0.000112
0.648643 0.000852 0.002223 0.011445 0.011779 0.033485 0.000740 0.000553 0.001628 0.010670 0.007620 0.000493 0.006641 0.002785 0.006836 0.000406 0.002854 0.001896 0.002480 0.045586 0.004030 0.153178 0.000234 0.003817 0.002677 0.001585 0.001631 0.006120 0.002304 0.009343 0.012856 0.002607
0.198789 0.011099 0.006054 0.035467 0.042104 0.028927 0.013035 0.006898 0.008565 0.038408 0.039520 0.007109 0.006213 0.014877 0.027857 0.004931 0.014253 0.010835 0.013949 0.089373 0.016958 0.126210 0.015391 0.025042 0.011435 0.010575 0.005977 0.023455 0.018496 0.036852 0.074221 0.017127
0.424120 0.000438 0.000410 0.001954 0.000814 0.002377 0.001954 0.001376 0.001386 0.115836 0.001721 0.001410 0.000233 0.000759 0.007394 0.001089 0.002397 0.007019 0.000996 0.229225 0.011604 0.126092 0.020314 0.006219 0.000635 0.001967 0.000668 0.010597 0.001837 0.009137 0.005355 0.002669
0.484659 0.002635 0.006984 0.031139 0.023183 0.052789 0.003179 0.003402 0.006111 0.014650 0.033142 0.001646 0.014711 0.009441 0.016797 0.001301 0.010830 0.003552 0.003827 0.048079 0.008017 0.121531 0.001584 0.012781 0.005730 0.003283 0.004306 0.012387 0.008256 0.018339 0.020591 0.011136
0.389241 0.015613 0.003005 0.033054 0.016328 0.026302 0.019703 0.004897 0.004339 0.021396 0.010838 0.005682 0.002380 0.010489 0.012205 0.005037 0.007634 0.020431 0.008550 0.083603 0.011907 0.109775 0.008769 0.005687 0.005402 0.015524 0.003860 0.022516 0.011250 0.018539 0.079259 0.006786
0.571198 0.002715 0.001991 0.015241 0.004514 0.085427 0.000727 0.000506 0.001515 0.004117 0.016228 0.000293 0.008761 0.007481 0.008131 0.000253 0.006979 0.001530 0.001079 0.036907 0.002705 0.104477 0.000283 0.002206 0.007996 0.001120 0.001516 0.005588 0.004287 0.009888 0.081284 0.003056
0.142506 0.007612 0.006573 0.077442 0.050192 0.036690 0.007668 0.004489 0.005478 0.026716 0.018483 0.005955 0.017982 0.027690 0.026300 0.010121 0.065982 0.005736 0.017680 0.016353 0.034465 0.021332 0.004302 0.192668 0.010325 0.004678 0.005833 0.012036 0.008094 0.087732 0.029093 0.011793
0.171004 0.008479 0.009720 0.124297 0.041485 0.062752 0.007362 0.005123 0.008285 0.021828 0.020913 0.004876 0.034022 0.027250 0.028346 0.005952 0.035154 0.006462 0.012513 0.022906 0.020141 0.027073 0.005843 0.152557 0.012411 0.005292 0.004811 0.014911 0.009618 0.051661 0.023365 0.013588
0.206936 0.012127 0.004432 0.040095 0.020164 0.030947 0.018242 0.005615 0.007527 0.035682 0.018656 0.007155 0.011124 0.041305 0.014826 0.014804 0.066717 0.016298 0.024557 0.020951 0.046367 0.041220 0.004470 0.105949 0.015031 0.005760 0.005474 0.015980 0.006456 0.075365 0.043297 0.016469
0.597175 0.002646 0.000169 0.033598 0.003985 0.050115 0.001343 0.001619 0.001314 0.013950 0.011888 0.002667 0.006299 0.001217 0.002836 0.002712 0.005744 0.003093 0.003104 0.020494 0.006992 0.037251 0.001630 0.011234 0.002025 0.001922 0.011230 0.111500 0.001040 0.009364 0.006092 0.033752
0.666293 0.000097 0.000082 0.007176 0.000853 0.000144 0.000278 0.000175 0.000130 0.003326 0.000261 0.000201 0.000197 0.000242 0.008834 0.000318 0.050815 0.000158 0.000584 0.013258 0.022619 0.009576 0.000242 0.005018 0.000622 0.000231 0.000499 0.006343 0.000113 0.192613 0.004904 0.003797
0.625308 0.000336 0.000337 0.002465 0.000595 0.001548 0.001450 0.000778 0.000899 0.007439 0.001350 0.000641 0.000690 0.000576 0.004152 0.000644 0.007691 0.001439 0.001265 0.141701 0.028811 0.037087 0.000475 0.001874 0.001660 0.001122 0.001607 0.005642 0.000802 0.102652 0.014256 0.002708
0.740695 0.000277 0.000698 0.003248 0.000837 0.001088 0.000873 0.000673 0.000742 0.004834 0.000853 0.000425 0.000714 0.000553 0.003880 0.000462 0.013999 0.000691 0.000961 0.053983 0.023202 0.022192 0.000450 0.002893 0.001333 0.000513 0.000745 0.004415 0.000375 0.102634 0.009124 0.001637
0.648030 0.000544 0.000228 0.004390 0.002902 0.000160 0.001768 0.000453 0.000644 0.013587 0.003729 0.000253 0.000046 0.001146 0.043499 0.000607 0.017985 0.000954 0.001452 0.041354 0.028054 0.034032 0.000364 0.002150 0.002548 0.001463 0.001246 0.003136 0.000917 0.100416 0.038714 0.003229
