0.015871 0.000005 0.000025 0.975512 0.000363 0.006205 0.000004 0.000003 0.000005 0.000009 0.000038 0.000002 0.001273 0.000014 0.000048 0.000004 0.000044 0.000037 0.000043 0.000017 0.000087 0.000057 0.000003 0.000017 0.000034 0.000011 0.000010 0.000014 0.000010 0.000089 0.000102 0.000047
0.760118 0.000001 0.000000 0.238384 0.000019 0.000827 0.000005 0.000001 0.000007 0.000026 0.000020 0.000001 0.000135 0.000002 0.000003 0.000001 0.000013 0.000056 0.000002 0.000077 0.000010 0.000074 0.000009 0.000005 0.000006 0.000023 0.000010 0.000054 0.000002 0.000021 0.000061 0.000024
0.133947 0.000044 0.000006 0.050398 0.000007 0.697149 0.000002 0.000003 0.000005 0.000022 0.002634 0.000001 0.115197 0.000012 0.000005 0.000002 0.000006 0.000040 0.000012 0.000182 0.000027 0.000050 0.000003 0.000007 0.000043 0.000009 0.000039 0.000023 0.000042 0.000014 0.000054 0.000015
0.351880 0.000021 0.000165 0.025127 0.000931 0.594707 0.000002 0.000002 0.000013 0.000006 0.000572 0.000001 0.026387 0.000014 0.000003 0.000002 0.000004 0.000031 0.000005 0.000004 0.000003 0.000010 0.000006 0.000011 0.000014 0.000008 0.000033 0.000006 0.000007 0.000004 0.000015 0.000008
0.017316 0.000194 0.000001 0.000010 0.000007 0.000002 0.007747 0.000316 0.000005 0.000121 0.000013 0.972835 0.000000 0.000001 0.000003 0.000093 0.000069 0.000017 0.000039 0.000028 0.000016 0.000018 0.000988 0.000050 0.000002 0.000024 0.000007 0.000032 0.000003 0.000025 0.000008 0.000009
0.064418 0.001188 0.000005 0.000142 0.000008 0.000010 0.033540 0.000596 0.000007 0.000121 0.000021 0.896845 0.000000 0.000005 0.000008 0.000176 0.000224 0.000118 0.000113 0.000123 0.000118 0.000145 0.001504 0.000056 0.000008 0.000098 0.000047 0.000040 0.000005 0.000178 0.000104 0.000030
0.080425 0.001208 0.000002 0.000202 0.000005 0.000017 0.052329 0.000677 0.000021 0.000233 0.000015 0.861944 0.000000 0.000006 0.000008 0.000414 0.000180 0.000133 0.000245 0.000181 0.000078 0.000144 0.000845 0.000069 0.000011 0.000145 0.000043 0.000091 0.000003 0.000137 0.000111 0.000081
0.200391 0.000242 0.000028 0.000255 0.000042 0.000033 0.021703 0.000713 0.000024 0.000624 0.000080 0.767751 0.000002 0.000023 0.000108 0.000136 0.000719 0.000315 0.000111 0.001910 0.000793 0.000515 0.000612 0.000419 0.000044 0.000389 0.000136 0.000183 0.000031 0.001188 0.000404 0.000074
0.309199 0.000449 0.000062 0.000278 0.000159 0.000110 0.016033 0.001300 0.000060 0.002640 0.000236 0.653581 0.000013 0.000044 0.000425 0.000405 0.001026 0.000329 0.000100 0.004205 0.000978 0.000838 0.000468 0.001641 0.000128 0.000977 0.000373 0.001579 0.000118 0.001342 0.000703 0.000201
0.442531 0.001511 0.001961 0.002275 0.003053 0.002014 0.020216 0.004586 0.000600 0.016012 0.001376 0.354697 0.000335 0.000878 0.005688 0.002149 0.008304 0.002833 0.000906 0.026442 0.007246 0.006667 0.002888 0.009163 0.001857 0.009018 0.002369 0.041904 0.001587 0.008756 0.008273 0.001908
0.668496 0.000244 0.000068 0.000540 0.000231 0.000250 0.018424 0.000860 0.000080 0.008074 0.000414 0.242732 0.000036 0.000079 0.001606 0.000252 0.001813 0.000432 0.000112 0.025080 0.003126 0.003738 0.000219 0.002413 0.000398 0.002672 0.000548 0.004303 0.000174 0.008522 0.003705 0.000358
0.020098 0.000023 0.000002 0.000088 0.000004 0.018403 0.000001 0.000000 0.000020 0.000001 0.000098 0.000000 0.961209 0.000005 0.000000 0.000000 0.000000 0.000025 0.000004 0.000001 0.000000 0.000001 0.000001 0.000001 0.000002 0.000001 0.000003 0.000001 0.000003 0.000000 0.000002 0.000004
0.216817 0.000013 0.000001 0.002556 0.000015 0.000030 0.000019 0.000014 0.000006 0.000032 0.000004 0.000015 0.000001 0.000005 0.000001 0.000015 0.000005 0.000136 0.779340 0.000036 0.000002 0.000045 0.000004 0.000004 0.000040 0.000001 0.000002 0.000001 0.000000 0.000015 0.000171 0.000655
0.455686 0.000305 0.000016 0.016439 0.000253 0.001189 0.000498 0.000234 0.000410 0.000565 0.000106 0.000219 0.000125 0.000103 0.000024 0.000336 0.000072 0.003154 0.507483 0.000654 0.000049 0.001043 0.000103 0.000117 0.000299 0.000043 0.000051 0.000078 0.000013 0.000190 0.001058 0.009085
0.819813 0.001159 0.000054 0.001476 0.001226 0.004074 0.000256 0.000258 0.003127 0.001276 0.001036 0.000207 0.003431 0.000155 0.000082 0.000462 0.000224 0.005844 0.140966 0.001038 0.000144 0.003606 0.000461 0.000252 0.000506 0.000175 0.000634 0.000536 0.000107 0.000304 0.001020 0.006092
0.505137 0.000293 0.000162 0.001845 0.000395 0.000401 0.000626 0.000476 0.000846 0.042330 0.000573 0.000420 0.000131 0.000314 0.005754 0.000318 0.001438 0.002795 0.000606 0.271820 0.005967 0.125886 0.004317 0.001721 0.001089 0.000751 0.000273 0.002625 0.000924 0.013858 0.004163 0.001748
0.564496 0.000014 0.000012 0.000065 0.000002 0.000091 0.000011 0.000004 0.000054 0.000208 0.000015 0.000004 0.000290 0.000118 0.000233 0.000002 0.000630 0.000065 0.000148 0.210021 0.000261 0.217488 0.000008 0.000021 0.002190 0.000008 0.000022 0.000093 0.000002 0.001990 0.001110 0.000323
0.707807 0.000049 0.000049 0.000106 0.000031 0.000093 0.000081 0.000048 0.000188 0.007391 0.000111 0.000027 0.000027 0.000109 0.002309 0.000032 0.000630 0.000569 0.000091 0.176253 0.002454 0.093556 0.000170 0.000175 0.000639 0.000087 0.000038 0.000353 0.000059 0.004063 0.002004 0.000401
0.684953 0.000425 0.004333 0.002444 0.003980 0.006756 0.002078 0.001351 0.001982 0.033637 0.017145 0.000903 0.000834 0.001187 0.016197 0.001044 0.003772 0.002106 0.008834 0.117480 0.005404 0.044310 0.001200 0.002773 0.002242 0.002492 0.000711 0.003920 0.004600 0.010769 0.006989 0.003148
0.547416 0.001524 0.003842 0.033922 0.015523 0.056956 0.005560 0.002287 0.001865 0.009394 0.022174 0.001587 0.004073 0.003656 0.013944 0.001116 0.005569 0.005652 0.003706 0.117137 0.010764 0.051236 0.001865 0.003075 0.004717 0.004830 0.001163 0.007605 0.005268 0.012042 0.037012 0.003520
0.724446 0.000773 0.000612 0.020156 0.005419 0.005956 0.001477 0.001301 0.002559 0.016566 0.003367 0.001154 0.002626 0.000639 0.002218 0.002048 0.002896 0.003814 0.005710 0.104297 0.008009 0.032124 0.001540 0.002190 0.001068 0.002681 0.003345 0.018552 0.001469 0.007288 0.007558 0.006141
0.569543 0.000027 0.000070 0.000128 0.000013 0.000160 0.000025 0.000013 0.000130 0.000402 0.000041 0.000015 0.000812 0.000227 0.000318 0.000008 0.000925 0.000144 0.000238 0.122817 0.000445 0.296683 0.000023 0.000094 0.001919 0.000028 0.000092 0.000387 0.000010 0.002399 0.000997 0.000865
0.700501 0.000000 0.000001 0.000001 0.000000 0.000001 0.000000 0.000000 0.000002 0.000008 0.000002 0.000000 0.000001 0.000003 0.000050 0.000000 0.000097 0.000001 0.000000 0.067016 0.000053 0.231915 0.000000 0.000001 0.000079 0.000000 0.000001 0.000005 0.000000 0.000194 0.000064 0.000003
0.278616 0.006317 0.002651 0.048545 0.010613 0.032961 0.014535 0.004269 0.008922 0.025978 0.018374 0.004668 0.005069 0.013192 0.010051 0.005537 0.015526 0.014643 0.013900 0.079475 0.024253 0.186005 0.007258 0.020280 0.008775 0.004508 0.003503 0.022079 0.003868 0.036890 0.050654 0.018083
0.793783 0.000005 0.000024 0.000094 0.000005 0.000045 0.000004 0.000003 0.000022 0.000126 0.000034 0.000003 0.000113 0.000043 0.000442 0.000003 0.000668 0.000017 0.000011 0.048820 0.000383 0.152821 0.000004 0.000050 0.000311 0.000008 0.000062 0.000209 0.000004 0.001282 0.000465 0.000133
0.840893 0.000001 0.000001 0.000057 0.000001 0.000015 0.000001 0.000001 0.000016 0.000036 0.000016 0.000001 0.000073 0.000006 0.000053 0.000001 0.000067 0.000006 0.000003 0.017975 0.000057 0.139591 0.000001 0.000025 0.000046 0.000003 0.000048 0.000246 0.000001 0.000398 0.000222 0.000139
0.827727 0.000005 0.000002 0.000032 0.000001 0.000036 0.000002 0.000001 0.000054 0.000079 0.000008 0.000001 0.000918 0.000037 0.000014 0.000000 0.000035 0.000027 0.000129 0.036332 0.000020 0.133562 0.000001 0.000013 0.000380 0.000001 0.000004 0.000017 0.000000 0.000211 0.000102 0.000248
0.505137 0.000293 0.000162 0.001845 0.000395 0.000401 0.000626 0.000476 0.000846 0.042330 0.000573 0.000420 0.000131 0.000314 0.005754 0.000318 0.001438 0.002795 0.000606 0.271820 0.005967 0.125886 0.004317 0.001721 0.001089 0.000751 0.000273 0.002625 0.000924 0.013858 0.004163 0.001748
0.828693 0.000010 0.000006 0.000236 0.000007 0.000158 0.000010 0.000008 0.000172 0.000352 0.000023 0.000009 0.001805 0.000049 0.000059 0.000004 0.000113 0.000125 0.000863 0.049101 0.000092 0.113200 0.000008 0.000082 0.000628 0.000013 0.000065 0.000340 0.000004 0.000863 0.000322 0.002582
0.648941 0.000348 0.000001 0.000038 0.000083 0.000004 0.000420 0.000028 0.000045 0.000234 0.000047 0.000270 0.000008 0.000003 0.000001 0.000023 0.000013 0.000260 0.000018 0.000016 0.000003 0.000009 0.348993 0.000024 0.000001 0.000033 0.000006 0.000092 0.000009 0.000005 0.000011 0.000013
0.479009 0.001344 0.001847 0.015304 0.007583 0.007303 0.004107 0.002142 0.001420 0.027167 0.006052 0.001825 0.001705 0.005964 0.047296 0.003273 0.025580 0.004658 0.006532 0.057319 0.041776 0.050137 0.002165 0.023596 0.007913 0.003880 0.002494 0.008366 0.006148 0.108452 0.030238 0.007407
0.468628 0.000689 0.002605 0.035234 0.014653 0.012091 0.004173 0.002173 0.001044 0.019140 0.004560 0.001567 0.002427 0.007377 0.050298 0.003979 0.026561 0.007248 0.010014 0.045837 0.052186 0.042899 0.002179 0.017419 0.008217 0.004264 0.001735 0.004897 0.005723 0.101335 0.032576 0.006270
