0.366826 0.003898 0.008111 0.001586 0.001341 0.362605 0.000462 0.000420 0.002769 0.005246 0.039920 0.000237 0.155891 0.003890 0.000742 0.000320 0.000612 0.004307 0.000531 0.017715 0.000862 0.005215 0.000641 0.000787 0.001815 0.000848 0.002224 0.002483 0.003365 0.000671 0.002649 0.001013
0.807342 0.000001 0.000000 0.000019 0.000001 0.000006 0.000011 0.000008 0.000021 0.187754 0.000002 0.000003 0.000001 0.000001 0.000020 0.000094 0.000018 0.000316 0.000579 0.002783 0.000021 0.000580 0.000002 0.000015 0.000010 0.000002 0.000001 0.000051 0.000001 0.000059 0.000013 0.000263
0.681579 0.000074 0.000031 0.000826 0.000127 0.000480 0.000227 0.000167 0.000674 0.144389 0.000492 0.000083 0.000168 0.000188 0.002391 0.000297 0.001269 0.001341 0.000243 0.101443 0.004218 0.046432 0.000129 0.000464 0.000383 0.000235 0.000361 0.001902 0.000404 0.006408 0.001249 0.001322
0.617351 0.002372 0.000229 0.017805 0.003003 0.002633 0.002440 0.001408 0.001668 0.112421 0.002008 0.001962 0.001540 0.002227 0.005561 0.005612 0.004467 0.003446 0.044737 0.054265 0.006680 0.018780 0.004195 0.004073 0.004284 0.001101 0.000727 0.029114 0.001263 0.021365 0.008223 0.013042
0.366826 0.003898 0.008111 0.001586 0.001341 0.362605 0.000462 0.000420 0.002769 0.005246 0.039920 0.000237 0.155891 0.003890 0.000742 0.000320 0.000612 0.004307 0.000531 0.017715 0.000862 0.005215 0.000641 0.000787 0.001815 0.000848 0.002224 0.002483 0.003365 0.000671 0.002649 0.001013
0.679425 0.000477 0.000064 0.003026 0.000471 0.000770 0.001560 0.000826 0.000744 0.048922 0.000501 0.000813 0.000269 0.000387 0.001628 0.005878 0.001380 0.000860 0.191410 0.024934 0.001442 0.007493 0.001102 0.001756 0.001141 0.000291 0.000227 0.003517 0.000208 0.004307 0.001361 0.012812
0.475009 0.004332 0.000936 0.013072 0.002062 0.005944 0.001604 0.001683 0.002395 0.040885 0.010283 0.001288 0.002162 0.002503 0.005992 0.000838 0.004401 0.004052 0.001005 0.293189 0.012612 0.031107 0.007836 0.005705 0.003691 0.002159 0.002051 0.020726 0.003474 0.019274 0.012174 0.005556
0.303306 0.002272 0.000888 0.003972 0.002830 0.004261 0.005153 0.000849 0.002711 0.022156 0.003631 0.001609 0.001479 0.002233 0.004001 0.000848 0.003908 0.014201 0.001131 0.283074 0.012137 0.075696 0.001579 0.002053 0.001231 0.007998 0.002085 0.030210 0.003532 0.012198 0.184052 0.002715
0.427505 0.003158 0.000673 0.010334 0.002396 0.017259 0.002638 0.001581 0.001429 0.064630 0.008514 0.001372 0.004262 0.002490 0.004629 0.000879 0.004077 0.007357 0.001484 0.271304 0.014433 0.047638 0.006942 0.006233 0.003323 0.003508 0.002314 0.024874 0.003849 0.017017 0.024840 0.007057
0.792114 0.000000 0.000000 0.000289 0.000000 0.000001 0.000000 0.000000 0.000000 0.000009 0.000000 0.000000 0.000021 0.000000 0.000004 0.000000 0.000001 0.000000 0.000000 0.207075 0.000005 0.000410 0.000000 0.000003 0.000005 0.000000 0.000000 0.000016 0.000000 0.000025 0.000001 0.000018
0.233326 0.003876 0.001898 0.011006 0.009548 0.003889 0.002220 0.001079 0.001655 0.034508 0.005921 0.000962 0.001362 0.003807 0.021943 0.001160 0.013065 0.002413 0.002938 0.202949 0.026138 0.226993 0.002221 0.005567 0.003779 0.003894 0.002759 0.024444 0.006516 0.059927 0.071367 0.006871
0.759910 0.000439 0.000116 0.003942 0.000202 0.000664 0.000144 0.000203 0.000315 0.005650 0.003137 0.000139 0.000158 0.000221 0.002361 0.000075 0.000802 0.000238 0.000101 0.197930 0.002277 0.007500 0.000384 0.000768 0.000706 0.000159 0.000328 0.002836 0.000288 0.004809 0.002299 0.000897
0.648046 0.003342 0.000624 0.009981 0.000828 0.002353 0.001025 0.001113 0.001685 0.026013 0.006173 0.000854 0.000859 0.001615 0.009005 0.000695 0.003294 0.001479 0.000922 0.187322 0.007479 0.027628 0.001880 0.002869 0.003620 0.001112 0.001576 0.020260 0.001536 0.013675 0.007042 0.004097
0.814317 0.000000 0.000000 0.000550 0.000000 0.000001 0.000000 0.000000 0.000000 0.000011 0.000000 0.000000 0.000028 0.000000 0.000006 0.000000 0.000002 0.000000 0.000000 0.184715 0.000009 0.000259 0.000000 0.000003 0.000007 0.000000 0.000000 0.000024 0.000000 0.000040 0.000001 0.000024
0.814622 0.000000 0.000000 0.000530 0.000000 0.000010 0.000000 0.000000 0.000001 0.000092 0.000012 0.000000 0.000054 0.000002 0.000017 0.000000 0.000010 0.000002 0.000000 0.182129 0.000028 0.002244 0.000001 0.000021 0.000021 0.000001 0.000003 0.000047 0.000000 0.000095 0.000007 0.000049
0.180170 0.006922 0.004523 0.020070 0.023624 0.008742 0.004904 0.002365 0.003879 0.034259 0.013286 0.002113 0.003115 0.007959 0.023348 0.001829 0.012630 0.005861 0.005146 0.178946 0.020127 0.227170 0.005889 0.008677 0.006019 0.007384 0.003939 0.030373 0.010300 0.040562 0.086318 0.009552
0.772822 0.000706 0.000142 0.005792 0.000244 0.000919 0.000218 0.000312 0.000506 0.007482 0.003336 0.000205 0.000216 0.000347 0.003402 0.000134 0.001154 0.000327 0.000183 0.171654 0.002754 0.008635 0.000557 0.000981 0.001119 0.000274 0.000528 0.004668 0.000393 0.005924 0.002578 0.001488
0.796820 0.000266 0.000089 0.002384 0.000163 0.000518 0.000088 0.000140 0.000181 0.004193 0.003252 0.000088 0.000107 0.000132 0.001648 0.000043 0.000563 0.000186 0.000052 0.171396 0.001698 0.005895 0.000260 0.000582 0.000488 0.000089 0.000254 0.001677 0.000219 0.003810 0.002159 0.000562
0.114816 0.007957 0.006940 0.015340 0.030602 0.010568 0.008190 0.004423 0.008472 0.045087 0.020212 0.003868 0.003276 0.012937 0.024306 0.003085 0.014628 0.009838 0.008432 0.169926 0.019308 0.216864 0.010251 0.011388 0.007468 0.010011 0.004327 0.033152 0.013376 0.037737 0.100158 0.013057
0.832812 0.000000 0.000000 0.000221 0.000000 0.000001 0.000000 0.000000 0.000000 0.000014 0.000001 0.000000 0.000026 0.000000 0.000005 0.000000 0.000002 0.000000 0.000000 0.165648 0.000006 0.001180 0.000000 0.000005 0.000007 0.000000 0.000001 0.000020 0.000000 0.000027 0.000001 0.000022
0.060504 0.011037 0.005178 0.014057 0.040428 0.007110 0.019391 0.007670 0.008349 0.046778 0.011151 0.008211 0.002584 0.008202 0.016157 0.003309 0.014421 0.030070 0.003438 0.164889 0.033071 0.105559 0.042219 0.011966 0.004528 0.027396 0.007459 0.046829 0.016813 0.029083 0.181734 0.010409
0.411986 0.003065 0.002953 0.015452 0.006669 0.016646 0.001177 0.001545 0.001436 0.036374 0.005480 0.000972 0.004606 0.002837 0.024511 0.001222 0.010133 0.003727 0.002706 0.162527 0.027030 0.106095 0.002437 0.009555 0.003934 0.005336 0.004678 0.027810 0.007463 0.044425 0.037358 0.007857
0.115846 0.007938 0.006879 0.017426 0.033398 0.009527 0.008335 0.004524 0.009076 0.041195 0.018058 0.003921 0.002969 0.012774 0.023168 0.003070 0.014376 0.010573 0.007734 0.162214 0.019616 0.226736 0.010863 0.010555 0.007085 0.010455 0.004335 0.032400 0.012965 0.036351 0.102586 0.013053
0.851604 0.000000 0.000000 0.000531 0.000000 0.000013 0.000001 0.000001 0.000001 0.000232 0.000010 0.000000 0.000033 0.000002 0.000030 0.000000 0.000016 0.000003 0.000001 0.144556 0.000074 0.002619 0.000002 0.000011 0.000019 0.000001 0.000003 0.000044 0.000001 0.000131 0.000011 0.000049
0.797617 0.000650 0.000161 0.003711 0.000207 0.000717 0.000228 0.000318 0.000282 0.007873 0.005723 0.000185 0.000196 0.000299 0.002792 0.000137 0.001223 0.000317 0.000149 0.144208 0.002350 0.013200 0.000401 0.001211 0.001070 0.000150 0.000613 0.004456 0.000319 0.004916 0.002839 0.001481
0.203035 0.006602 0.014719 0.012323 0.034106 0.015368 0.012309 0.007520 0.007729 0.050339 0.029134 0.005565 0.003025 0.012123 0.039991 0.003394 0.015429 0.009733 0.007172 0.140797 0.017939 0.098193 0.011150 0.015860 0.008222 0.016067 0.004871 0.030835 0.028476 0.032609 0.094873 0.010491
0.860610 0.000000 0.000000 0.000227 0.000000 0.000000 0.000000 0.000000 0.000000 0.000004 0.000000 0.000000 0.000023 0.000000 0.000002 0.000000 0.000001 0.000000 0.000000 0.138819 0.000002 0.000268 0.000000 0.000002 0.000004 0.000000 0.000000 0.000013 0.000000 0.000012 0.000000 0.000013
0.068696 0.008904 0.005654 0.018903 0.073886 0.008064 0.016521 0.009270 0.010985 0.058442 0.016279 0.008161 0.003005 0.009283 0.019403 0.003158 0.016773 0.020472 0.003145 0.138330 0.029697 0.082109 0.046515 0.016755 0.004457 0.035687 0.011080 0.042049 0.019238 0.034784 0.149753 0.010542
0.585903 0.000999 0.000442 0.001083 0.004554 0.003609 0.001627 0.001194 0.003898 0.028818 0.005128 0.000869 0.000986 0.000972 0.016958 0.002326 0.008104 0.003125 0.001903 0.130657 0.023788 0.044875 0.000915 0.003527 0.002921 0.007557 0.020193 0.037817 0.006022 0.019252 0.022320 0.007658
0.449783 0.001300 0.000472 0.014558 0.006310 0.003929 0.000886 0.000463 0.001363 0.024181 0.003656 0.000365 0.001175 0.001524 0.008039 0.000473 0.004593 0.001802 0.001858 0.128791 0.011292 0.231890 0.001065 0.002701 0.001614 0.001328 0.001229 0.015914 0.002337 0.031300 0.040142 0.003669
0.071768 0.008045 0.006202 0.013994 0.069452 0.008425 0.013042 0.009175 0.011084 0.062614 0.019844 0.008103 0.003061 0.009729 0.023688 0.004405 0.020365 0.018350 0.003703 0.127513 0.035255 0.080716 0.034897 0.017538 0.004098 0.034376 0.014588 0.046662 0.024538 0.044957 0.137976 0.011839
0.071808 0.008094 0.006213 0.013816 0.071126 0.008337 0.013070 0.009202 0.011095 0.063415 0.020044 0.008195 0.003024 0.009726 0.024056 0.004416 0.020703 0.017923 0.003691 0.125845 0.035628 0.079057 0.035631 0.017812 0.004090 0.034117 0.014743 0.046975 0.024668 0.045258 0.136384 0.011838
0.184841 0.009251 0.016391 0.020201 0.043490 0.016510 0.010732 0.007109 0.011258 0.036559 0.029128 0.005619 0.004244 0.016010 0.028228 0.003673 0.014402 0.011924 0.007906 0.124713 0.016101 0.157077 0.012452 0.012534 0.009004 0.013685 0.005799 0.026852 0.021466 0.025360 0.084184 0.013295
0.193685 0.009567 0.017180 0.018705 0.041632 0.017234 0.011586 0.007665 0.011415 0.038921 0.032315 0.006096 0.004478 0.016315 0.030379 0.003869 0.014921 0.011213 0.008483 0.124675 0.016322 0.135932 0.013200 0.014025 0.009291 0.014015 0.006005 0.027722 0.022721 0.026394 0.080374 0.013669
0.093068 0.009445 0.007924 0.014889 0.069171 0.011103 0.015034 0.010056 0.013001 0.057187 0.020485 0.008049 0.003781 0.012138 0.023717 0.004239 0.018793 0.020175 0.004406 0.124214 0.025244 0.076204 0.030195 0.019442 0.005015 0.037222 0.013791 0.043982 0.027009 0.039378 0.128740 0.012905
0.173442 0.008179 0.020212 0.016371 0.044055 0.017590 0.011858 0.008179 0.011001 0.044166 0.028474 0.005763 0.003467 0.016470 0.030051 0.003853 0.014176 0.013830 0.008115 0.121368 0.015266 0.147347 0.012515 0.013681 0.009065 0.015007 0.004910 0.027178 0.023780 0.024469 0.092612 0.013552
0.175267 0.008689 0.020822 0.015670 0.042895 0.018131 0.013341 0.009121 0.011391 0.047339 0.030897 0.006522 0.003607 0.017027 0.032977 0.004217 0.014732 0.013054 0.008902 0.119762 0.016153 0.124582 0.014080 0.015603 0.009397 0.015786 0.005313 0.028998 0.025887 0.025572 0.090107 0.014159
0.820394 0.000266 0.000066 0.003235 0.000100 0.001806 0.000238 0.000188 0.000270 0.020455 0.000831 0.000133 0.000164 0.000207 0.002143 0.000116 0.000828 0.000517 0.000159 0.116302 0.001783 0.018067 0.000302 0.000697 0.000511 0.000104 0.000197 0.004463 0.000133 0.003094 0.001210 0.001021
0.881386 0.000000 0.000000 0.000308 0.000000 0.000004 0.000000 0.000000 0.000001 0.000027 0.000006 0.000000 0.000034 0.000002 0.000010 0.000000 0.000006 0.000001 0.000000 0.114615 0.000012 0.003435 0.000000 0.000013 0.000011 0.000000 0.000003 0.000036 0.000000 0.000045 0.000004 0.000042
0.888992 0.000001 0.000000 0.000946 0.000002 0.000020 0.000001 0.000001 0.000006 0.000075 0.000019 0.000001 0.000143 0.000008 0.000040 0.000000 0.000025 0.000006 0.000001 0.103529 0.000039 0.005560 0.000002 0.000052 0.000043 0.000002 0.000018 0.000136 0.000001 0.000134 0.000020 0.000176
0.814591 0.001638 0.000191 0.006492 0.000380 0.000974 0.000422 0.000480 0.000598 0.014283 0.004558 0.000337 0.000239 0.000580 0.005382 0.000323 0.001504 0.000562 0.000345 0.102881 0.002871 0.011090 0.000703 0.001448 0.001948 0.000434 0.000919 0.011507 0.000524 0.006577 0.002956 0.002262
0.755781 0.001755 0.001233 0.018871 0.000578 0.010054 0.000405 0.000797 0.000418 0.012343 0.002857 0.000492 0.001393 0.001250 0.015316 0.000515 0.003703 0.000630 0.000369 0.102555 0.007090 0.015453 0.000753 0.005009 0.003740 0.000571 0.000980 0.015519 0.001575 0.010857 0.003872 0.003266
0.681579 0.000074 0.000031 0.000826 0.000127 0.000480 0.000227 0.000167 0.000674 0.144389 0.000492 0.000083 0.000168 0.000188 0.002391 0.000297 0.001269 0.001341 0.000243 0.101443 0.004218 0.046432 0.000129 0.000464 0.000383 0.000235 0.000361 0.001902 0.000404 0.006408 0.001249 0.001322
0.449783 0.001300 0.000472 0.014558 0.006310 0.003929 0.000886 0.000463 0.001363 0.024181 0.003656 0.000365 0.001175 0.001524 0.008039 0.000473 0.004593 0.001802 0.001858 0.128791 0.011292 0.231890 0.001065 0.002701 0.001614 0.001328 0.001229 0.015914 0.002337 0.031300 0.040142 0.003669
0.180170 0.006922 0.004523 0.020070 0.023624 0.008742 0.004904 0.002365 0.003879 0.034259 0.013286 0.002113 0.003115 0.007959 0.023348 0.001829 0.012630 0.005861 0.005146 0.178946 0.020127 0.227170 0.005889 0.008677 0.006019 0.007384 0.003939 0.030373 0.010300 0.040562 0.086318 0.009552
0.233326 0.003876 0.001898 0.011006 0.009548 0.003889 0.002220 0.001079 0.001655 0.034508 0.005921 0.000962 0.001362 0.003807 0.021943 0.001160 0.013065 0.002413 0.002938 0.202949 0.026138 0.226993 0.002221 0.005567 0.003779 0.003894 0.002759 0.024444 0.006516 0.059927 0.071367 0.006871
0.115846 0.007938 0.006879 0.017426 0.033398 0.009527 0.008335 0.004524 0.009076 0.041195 0.018058 0.003921 0.002969 0.012774 0.023168 0.003070 0.014376 0.010573 0.007734 0.162214 0.019616 0.226736 0.010863 0.010555 0.007085 0.010455 0.004335 0.032400 0.012965 0.036351 0.102586 0.013053
0.114816 0.007957 0.006940 0.015340 0.030602 0.010568 0.008190 0.004423 0.008472 0.045087 0.020212 0.003868 0.003276 0.012937 0.024306 0.003085 0.014628 0.009838 0.008432 0.169926 0.019308 0.216864 0.010251 0.011388 0.007468 0.010011 0.004327 0.033152 0.013376 0.037737 0.100158 0.013057
0.582359 0.000745 0.000544 0.011157 0.000704 0.003980 0.000413 0.000767 0.001302 0.010331 0.002807 0.000644 0.000761 0.001240 0.011553 0.000937 0.011004 0.000582 0.000847 0.045262 0.012495 0.199751 0.000313 0.004053 0.001990 0.000403 0.002292 0.050488 0.000514 0.025493 0.008395 0.005875
0.722905 0.000172 0.000150 0.010510 0.000198 0.002720 0.000148 0.000238 0.000470 0.003206 0.001168 0.000158 0.002714 0.000610 0.002139 0.000169 0.002192 0.000498 0.000339 0.041874 0.002527 0.167820 0.000185 0.002772 0.001397 0.000209 0.001588 0.013402 0.000232 0.008677 0.003252 0.005360
0.657806 0.000336 0.000682 0.001854 0.001228 0.001958 0.000449 0.000802 0.000786 0.010730 0.006969 0.000396 0.000824 0.000721 0.004393 0.000514 0.007550 0.000934 0.000589 0.070780 0.012252 0.167520 0.000411 0.003102 0.001170 0.000889 0.005895 0.009044 0.002258 0.013085 0.010396 0.003677
0.184841 0.009251 0.016391 0.020201 0.043490 0.016510 0.010732 0.007109 0.011258 0.036559 0.029128 0.005619 0.004244 0.016010 0.028228 0.003673 0.014402 0.011924 0.007906 0.124713 0.016101 0.157077 0.012452 0.012534 0.009004 0.013685 0.005799 0.026852 0.021466 0.025360 0.084184 0.013295
0.173442 0.008179 0.020212 0.016371 0.044055 0.017590 0.011858 0.008179 0.011001 0.044166 0.028474 0.005763 0.003467 0.016470 0.030051 0.003853 0.014176 0.013830 0.008115 0.121368 0.015266 0.147347 0.012515 0.013681 0.009065 0.015007 0.004910 0.027178 0.023780 0.024469 0.092612 0.013552
0.193685 0.009567 0.017180 0.018705 0.041632 0.017234 0.011586 0.007665 0.011415 0.038921 0.032315 0.006096 0.004478 0.016315 0.030379 0.003869 0.014921 0.011213 0.008483 0.124675 0.016322 0.135932 0.013200 0.014025 0.009291 0.014015 0.006005 0.027722 0.022721 0.026394 0.080374 0.013669
0.175267 0.008689 0.020822 0.015670 0.042895 0.018131 0.013341 0.009121 0.011391 0.047339 0.030897 0.006522 0.003607 0.017027 0.032977 0.004217 0.014732 0.013054 0.008902 0.119762 0.016153 0.124582 0.014080 0.015603 0.009397 0.015786 0.005313 0.028998 0.025887 0.025572 0.090107 0.014159
0.651354 0.000851 0.000386 0.005393 0.000252 0.003902 0.000331 0.000821 0.001269 0.012593 0.001672 0.000687 0.000415 0.000807 0.006934 0.000890 0.006608 0.000489 0.000603 0.038625 0.006267 0.119446 0.000334 0.002514 0.001862 0.000298 0.001162 0.110339 0.000279 0.014020 0.004850 0.003747
0.746959 0.000225 0.000407 0.001392 0.000650 0.000974 0.000294 0.000602 0.000616 0.007043 0.004282 0.000308 0.000431 0.000434 0.003556 0.000353 0.006599 0.000540 0.000328 0.061560 0.009052 0.117634 0.000300 0.002015 0.000837 0.000502 0.003513 0.007294 0.001084 0.011161 0.006603 0.002448
0.752183 0.000273 0.000407 0.001502 0.000719 0.001573 0.000281 0.000468 0.000489 0.007736 0.005386 0.000246 0.000698 0.000585 0.003426 0.000293 0.006688 0.000577 0.000347 0.057005 0.007356 0.113797 0.000216 0.002277 0.000945 0.000437 0.003326 0.008059 0.001092 0.011357 0.007567 0.002690
0.637194 0.001879 0.000659 0.031736 0.004506 0.010677 0.000842 0.000478 0.001086 0.017314 0.002824 0.000305 0.002657 0.001514 0.007056 0.000463 0.003394 0.002063 0.001515 0.074634 0.009279 0.111889 0.000792 0.003376 0.001750 0.002241 0.001479 0.011008 0.003017 0.022218 0.026141 0.004013
0.411986 0.003065 0.002953 0.015452 0.006669 0.016646 0.001177 0.001545 0.001436 0.036374 0.005480 0.000972 0.004606 0.002837 0.024511 0.001222 0.010133 0.003727 0.002706 0.162527 0.027030 0.106095 0.002437 0.009555 0.003934 0.005336 0.004678 0.027810 0.007463 0.044425 0.037358 0.007857
0.060504 0.011037 0.005178 0.014057 0.040428 0.007110 0.019391 0.007670 0.008349 0.046778 0.011151 0.008211 0.002584 0.008202 0.016157 0.003309 0.014421 0.030070 0.003438 0.164889 0.033071 0.105559 0.042219 0.011966 0.004528 0.027396 0.007459 0.046829 0.016813 0.029083 0.181734 0.010409
0.690485 0.001565 0.000455 0.017573 0.000131 0.010777 0.000312 0.000363 0.000485 0.010224 0.000468 0.000603 0.000430 0.000434 0.004834 0.000454 0.001620 0.000441 0.000408 0.017329 0.001343 0.008482 0.000408 0.000975 0.002951 0.000136 0.000301 0.221457 0.000111 0.002055 0.000949 0.001444
0.732893 0.000820 0.000167 0.010400 0.000052 0.006024 0.000146 0.000173 0.000270 0.005878 0.000277 0.000318 0.000127 0.000149 0.002110 0.000232 0.000688 0.000191 0.000168 0.009161 0.000502 0.004385 0.000156 0.000409 0.001182 0.000053 0.000163 0.220953 0.000040 0.000721 0.000485 0.000707
0.720027 0.001428 0.000504 0.012352 0.000128 0.011282 0.000257 0.000389 0.000471 0.007485 0.000656 0.000551 0.000555 0.000458 0.004319 0.000448 0.001685 0.000408 0.000339 0.016878 0.001137 0.010163 0.000352 0.001132 0.002627 0.000143 0.000410 0.198672 0.000118 0.002038 0.001110 0.001480
0.669090 0.003458 0.001032 0.025298 0.000401 0.012665 0.000785 0.000912 0.001172 0.016638 0.001670 0.001223 0.001257 0.001103 0.008695 0.001060 0.003040 0.001090 0.001014 0.031953 0.002861 0.016264 0.001056 0.002412 0.006093 0.000434 0.001015 0.175965 0.000395 0.004210 0.002371 0.003366
0.740597 0.000985 0.000230 0.008286 0.000288 0.002969 0.000384 0.000655 0.000826 0.018128 0.001460 0.000820 0.000217 0.000328 0.004957 0.000821 0.003084 0.000387 0.000441 0.025115 0.001900 0.034775 0.000439 0.001696 0.001254 0.000138 0.000737 0.139421 0.000143 0.004060 0.001777 0.002682
0.741496 0.001516 0.000655 0.009573 0.000128 0.009463 0.000252 0.000495 0.000495 0.006845 0.000620 0.000461 0.000976 0.001042 0.007098 0.000542 0.004204 0.000484 0.000396 0.026698 0.003012 0.029581 0.000327 0.002440 0.003893 0.000243 0.000490 0.134205 0.000190 0.007345 0.002535 0.002298
0.802291 0.001177 0.000218 0.013010 0.000145 0.003377 0.000259 0.000366 0.000586 0.010631 0.001755 0.000368 0.000126 0.000221 0.003110 0.000412 0.001445 0.000277 0.000326 0.016023 0.001131 0.014320 0.000240 0.000868 0.001322 0.000107 0.000687 0.120549 0.000099 0.001692 0.001237 0.001624
0.786047 0.002720 0.000317 0.019205 0.000237 0.004475 0.000524 0.000536 0.000815 0.014082 0.002265 0.000540 0.000262 0.000416 0.004575 0.000636 0.001546 0.000604 0.000613 0.018266 0.001426 0.010393 0.000450 0.001137 0.002696 0.000241 0.000975 0.118150 0.000217 0.001943 0.001562 0.002127
0.651354 0.000851 0.000386 0.005393 0.000252 0.003902 0.000331 0.000821 0.001269 0.012593 0.001672 0.000687 0.000415 0.000807 0.006934 0.000890 0.006608 0.000489 0.000603 0.038625 0.006267 0.119446 0.000334 0.002514 0.001862 0.000298 0.001162 0.110339 0.000279 0.014020 0.004850 0.003747
0.764763 0.001699 0.000638 0.015439 0.000188 0.009179 0.000373 0.000462 0.000448 0.014919 0.000594 0.000561 0.000506 0.000607 0.008801 0.000532 0.001960 0.000546 0.000488 0.042781 0.002661 0.010638 0.000653 0.001438 0.003556 0.000245 0.000366 0.107221 0.000275 0.004454 0.001167 0.001843
0.766637 0.002314 0.000530 0.017769 0.000266 0.006977 0.000536 0.000556 0.000686 0.018261 0.001054 0.000675 0.000543 0.000653 0.007851 0.000755 0.001761 0.000745 0.000702 0.039668 0.002739 0.011480 0.000792 0.001485 0.003720 0.000374 0.000579 0.101792 0.000352 0.004046 0.001436 0.002265
0.303306 0.002272 0.000888 0.003972 0.002830 0.004261 0.005153 0.000849 0.002711 0.022156 0.003631 0.001609 0.001479 0.002233 0.004001 0.000848 0.003908 0.014201 0.001131 0.283074 0.012137 0.075696 0.001579 0.002053 0.001231 0.007998 0.002085 0.030210 0.003532 0.012198 0.184052 0.002715
0.060504 0.011037 0.005178 0.014057 0.040428 0.007110 0.019391 0.007670 0.008349 0.046778 0.011151 0.008211 0.002584 0.008202 0.016157 0.003309 0.014421 0.030070 0.003438 0.164889 0.033071 0.105559 0.042219 0.011966 0.004528 0.027396 0.007459 0.046829 0.016813 0.029083 0.181734 0.010409
0.068696 0.008904 0.005654 0.018903 0.073886 0.008064 0.016521 0.009270 0.010985 0.058442 0.016279 0.008161 0.003005 0.009283 0.019403 0.003158 0.016773 0.020472 0.003145 0.138330 0.029697 0.082109 0.046515 0.016755 0.004457 0.035687 0.011080 0.042049 0.019238 0.034784 0.149753 0.010542
0.071768 0.008045 0.006202 0.013994 0.069452 0.008425 0.013042 0.009175 0.011084 0.062614 0.019844 0.008103 0.003061 0.009729 0.023688 0.004405 0.020365 0.018350 0.003703 0.127513 0.035255 0.080716 0.034897 0.017538 0.004098 0.034376 0.014588 0.046662 0.024538 0.044957 0.137976 0.011839
0.071808 0.008094 0.006213 0.013816 0.071126 0.008337 0.013070 0.009202 0.011095 0.063415 0.020044 0.008195 0.003024 0.009726 0.024056 0.004416 0.020703 0.017923 0.003691 0.125845 0.035628 0.079057 0.035631 0.017812 0.004090 0.034117 0.014743 0.046975 0.024668 0.045258 0.136384 0.011838
0.093068 0.009445 0.007924 0.014889 0.069171 0.011103 0.015034 0.010056 0.013001 0.057187 0.020485 0.008049 0.003781 0.012138 0.023717 0.004239 0.018793 0.020175 0.004406 0.124214 0.025244 0.076204 0.030195 0.019442 0.005015 0.037222 0.013791 0.043982 0.027009 0.039378 0.128740 0.012905
0.115846 0.007938 0.006879 0.017426 0.033398 0.009527 0.008335 0.004524 0.009076 0.041195 0.018058 0.003921 0.002969 0.012774 0.023168 0.003070 0.014376 0.010573 0.007734 0.162214 0.019616 0.226736 0.010863 0.010555 0.007085 0.010455 0.004335 0.032400 0.012965 0.036351 0.102586 0.013053
0.114816 0.007957 0.006940 0.015340 0.030602 0.010568 0.008190 0.004423 0.008472 0.045087 0.020212 0.003868 0.003276 0.012937 0.024306 0.003085 0.014628 0.009838 0.008432 0.169926 0.019308 0.216864 0.010251 0.011388 0.007468 0.010011 0.004327 0.033152 0.013376 0.037737 0.100158 0.013057
