cabinet 190 41 213 359 0.108887 0.593481
bed 74 395 206 426 0.175783 0.436986
chair 264 306 361 410 0.131769 0.728185
chair 293 302 483 422 0.12169 0.612207
table 525 251 560 419 0.282005 0.657073
table 538 354 560 409 0.116362 0.774039
door 191 48 209 331 0.150842 0.593481
door 71 43 79 50 0.11589 0.573037
door 206 408 211 426 0.10333 0.267582
picture 543 342 560 369 0.248078 0.497702
picture 305 381 357 426 0.179375 0.122967
picture 299 0 350 46 0.132447 0.760772
picture 351 2 399 27 0.118631 0.571976
picture 311 418 327 426 0.109251 0.568881
counter 333 197 560 258 0.272573 0.581977
desk 250 295 560 421 0.491227 0.406857
desk 452 350 558 426 0.154406 0.701621
pillow 313 165 377 196 0.119896 0.666176
clothes 91 396 203 426 0.167252 0.436986
clothes 528 195 543 204 0.118062 0.685136
paper 485 363 524 382 0.463903 0.414773
paper 309 389 347 426 0.378138 0.197504
paper 305 400 316 407 0.324389 0.396849
paper 484 364 486 366 0.297315 0.688719
paper 220 33 245 55 0.296352 0.311183
paper 304 407 314 420 0.248876 0.528323
paper 345 389 367 410 0.240778 0.517776
paper 291 389 422 426 0.236316 0.317644
paper 345 385 353 392 0.205619 0.329576
paper 330 395 346 413 0.198069 0.685873
paper 538 342 560 368 0.188711 0.541728
paper 504 2 531 16 0.173305 0.366498
paper 492 338 536 376 0.17003 0.676695
paper 304 421 310 426 0.167094 0.312462
paper 385 415 408 426 0.159334 0.227594
paper 499 1 505 18 0.159208 0.337238
paper 477 0 500 25 0.146267 0.334288
paper 543 400 545 426 0.136396 0.310873
paper 342 392 355 399 0.13491 0.569572
paper 338 402 391 426 0.134323 0.676913
paper 401 416 421 426 0.134053 0.295342
paper 251 174 412 210 0.133931 0.767345
paper 390 407 402 418 0.124753 0.725209
paper 494 0 559 23 0.123797 0.188649
paper 288 407 314 426 0.123779 0.472581
paper 346 200 353 201 0.121591 0.663898
paper 353 202 358 206 0.117698 0.693267
paper 543 368 560 426 0.117649 0.481926
paper 311 419 327 426 0.11087 0.568881
paper 282 356 344 426 0.109404 0.719122
paper 530 302 560 373 0.108802 0.647119
paper 333 390 337 396 0.105986 0.691422
paper 537 412 538 415 0.104485 0.678591
box 364 0 556 31 0.900592 0.058830
box 217 2 296 57 0.880168 0.043961
box 216 22 219 25 0.715525 0.265978
box 499 0 560 25 0.654276 0.187815
box 398 0 462 9 0.633034 0.336232
box 471 0 501 26 0.54972 0.286408
box 310 372 372 424 0.517402 0.105795
box 443 0 477 31 0.499648 0.418451
box 398 3 444 38 0.485166 0.450131
box 499 1 505 19 0.437315 0.337238
box 304 382 320 402 0.4311 0.520744
box 305 399 317 406 0.275585 0.396849
box 220 33 247 56 0.258841 0.311183
box 489 333 537 382 0.251567 0.499602
box 539 0 545 7 0.243319 0.677297
box 341 391 355 399 0.218612 0.569572
box 523 331 560 371 0.217908 0.593578
box 303 405 315 418 0.189538 0.528323
box 344 385 353 392 0.186983 0.329576
box 287 406 314 425 0.165022 0.472581
box 224 0 242 2 0.163205 0.791903
box 303 420 310 426 0.160578 0.312462
box 332 377 368 400 0.158746 0.715086
box 248 3 520 59 0.155594 0.784991
box 344 387 369 409 0.145664 0.517776
box 332 389 337 396 0.13965 0.691422
box 325 378 338 395 0.135362 0.713207
box 533 326 560 345 0.124704 0.567789
box 245 414 257 426 0.112139 0.452188
box 542 399 546 426 0.108124 0.310873
box 400 416 422 426 0.102948 0.295342
box 311 418 327 426 0.100406 0.568881
whiteboard 0 2 83 306 0.985977 0.001517
lamp 331 1 348 28 0.176069 0.483801
lamp 320 0 332 3 0.166068 0.543349
bag 460 296 500 320 0.160727 0.756376
garbage_bin 534 326 560 347 0.151762 0.567789
