0.620899 0.005839 0.000453 0.121515 0.003422 0.087646 0.001099 0.000866 0.002431 0.003026 0.003579 0.000337 0.062128 0.002085 0.000392 0.000652 0.001032 0.015621 0.004558 0.004868 0.002163 0.021944 0.001726 0.000917 0.005292 0.003862 0.002060 0.003619 0.000826 0.002632 0.010465 0.002048
0.795929 0.000143 0.000490 0.118840 0.012527 0.034561 0.000343 0.000246 0.001054 0.001346 0.001062 0.000129 0.003137 0.000248 0.001417 0.000344 0.001193 0.000495 0.005562 0.006918 0.001520 0.005488 0.000050 0.000269 0.000900 0.000163 0.000162 0.000332 0.000274 0.001639 0.002498 0.000722
0.405105 0.002264 0.001117 0.107564 0.004236 0.376188 0.000562 0.000565 0.000780 0.001862 0.006103 0.000200 0.033969 0.001938 0.000711 0.000678 0.000629 0.011654 0.003944 0.005067 0.001627 0.009981 0.000505 0.000376 0.004515 0.001507 0.001108 0.001859 0.001166 0.001640 0.009660 0.000921
0.704229 0.002914 0.000744 0.014460 0.000980 0.169103 0.000349 0.000329 0.001144 0.001515 0.005201 0.000070 0.019122 0.002560 0.000294 0.000361 0.000467 0.012531 0.010067 0.004700 0.000518 0.011278 0.000063 0.000149 0.009093 0.000316 0.000427 0.000695 0.000294 0.000879 0.024365 0.000782
0.552116 0.002171 0.000010 0.000140 0.000067 0.000020 0.132069 0.001259 0.001768 0.070406 0.000149 0.001061 0.000001 0.000516 0.000442 0.026064 0.000955 0.002657 0.000574 0.086287 0.008031 0.087922 0.000997 0.000348 0.000295 0.002893 0.000284 0.003374 0.000065 0.011861 0.003834 0.001363
0.393586 0.015056 0.003461 0.005601 0.019181 0.006406 0.026974 0.006123 0.135395 0.041651 0.008406 0.005983 0.002191 0.006451 0.001770 0.007460 0.007133 0.031929 0.019180 0.041836 0.013481 0.058770 0.006371 0.003395 0.002194 0.015759 0.004226 0.010190 0.004563 0.009685 0.079635 0.005960
0.045877 0.000015 0.000000 0.000010 0.000001 0.000001 0.000212 0.000027 0.000024 0.890388 0.000002 0.000008 0.000000 0.000009 0.000031 0.000376 0.000015 0.000818 0.000049 0.046069 0.000172 0.014948 0.000372 0.000021 0.000018 0.000020 0.000004 0.000115 0.000009 0.000262 0.000014 0.000113
0.305864 0.001856 0.000021 0.002098 0.001095 0.000466 0.006591 0.001635 0.001750 0.375428 0.000286 0.000563 0.000097 0.000522 0.000661 0.018287 0.002852 0.024052 0.176085 0.015958 0.001973 0.034875 0.001092 0.000773 0.002362 0.000440 0.000129 0.001779 0.000182 0.005542 0.005352 0.009336
0.517823 0.000069 0.000015 0.000509 0.000054 0.000145 0.000196 0.000154 0.000808 0.323538 0.000175 0.000073 0.000044 0.000105 0.001169 0.000236 0.000477 0.001470 0.000177 0.097169 0.001489 0.048171 0.000080 0.000492 0.000198 0.000088 0.000095 0.001127 0.000127 0.002720 0.000236 0.000773
0.632384 0.000320 0.000146 0.001769 0.000967 0.000992 0.002217 0.000844 0.000973 0.194030 0.000558 0.000560 0.000245 0.000549 0.008764 0.001375 0.002077 0.011412 0.000554 0.053407 0.007321 0.022649 0.003068 0.002680 0.000850 0.003765 0.000743 0.028016 0.001535 0.010644 0.002969 0.001618
0.765498 0.000043 0.000019 0.000564 0.000118 0.000286 0.000139 0.000116 0.000459 0.176773 0.000302 0.000036 0.000037 0.000099 0.000821 0.000116 0.000381 0.001857 0.000122 0.029810 0.000800 0.018587 0.000061 0.000265 0.000105 0.000061 0.000112 0.000515 0.000171 0.001186 0.000176 0.000365
0.640523 0.000261 0.000474 0.002982 0.001327 0.002432 0.000718 0.000581 0.001824 0.162383 0.004048 0.000221 0.000551 0.001194 0.006062 0.000417 0.002533 0.005413 0.000688 0.072072 0.004556 0.065456 0.000318 0.001349 0.000966 0.000614 0.000957 0.003785 0.001879 0.008800 0.002451 0.002164
0.537909 0.001194 0.000245 0.004609 0.004328 0.001240 0.003899 0.001336 0.005152 0.144231 0.000301 0.000793 0.000082 0.000539 0.001657 0.017870 0.006729 0.001810 0.194387 0.010551 0.001566 0.032166 0.001527 0.004019 0.000815 0.000256 0.000066 0.002633 0.000089 0.005556 0.001655 0.010792
0.431141 0.000002 0.000000 0.000017 0.000003 0.000013 0.000063 0.000022 0.000025 0.138779 0.000011 0.000012 0.000001 0.000004 0.000083 0.000033 0.000044 0.000534 0.000050 0.365184 0.000546 0.058441 0.002908 0.000085 0.000012 0.000145 0.000009 0.000736 0.000014 0.000670 0.000338 0.000076
0.683346 0.002286 0.000027 0.000075 0.000040 0.001207 0.001932 0.000025 0.000544 0.000097 0.000328 0.000023 0.000337 0.000353 0.000001 0.000048 0.000018 0.307013 0.000056 0.000090 0.000016 0.000243 0.000212 0.000025 0.000014 0.001300 0.000096 0.000029 0.000098 0.000005 0.000087 0.000031
0.227529 0.002591 0.000430 0.014081 0.001355 0.015783 0.003249 0.001139 0.002913 0.017322 0.001092 0.000975 0.001195 0.002455 0.000560 0.005537 0.001269 0.006669 0.649444 0.004383 0.000786 0.014426 0.000444 0.001354 0.002928 0.000388 0.000164 0.000993 0.000172 0.002636 0.007399 0.008337
0.450897 0.001765 0.001570 0.025800 0.007434 0.021920 0.004906 0.003229 0.004157 0.042294 0.003361 0.002284 0.003117 0.004017 0.005886 0.007386 0.005568 0.004894 0.282247 0.026484 0.004156 0.025550 0.002756 0.008990 0.005934 0.001697 0.000785 0.002651 0.001785 0.013162 0.010226 0.013091
0.537909 0.001194 0.000245 0.004609 0.004328 0.001240 0.003899 0.001336 0.005152 0.144231 0.000301 0.000793 0.000082 0.000539 0.001657 0.017870 0.006729 0.001810 0.194387 0.010551 0.001566 0.032166 0.001527 0.004019 0.000815 0.000256 0.000066 0.002633 0.000089 0.005556 0.001655 0.010792
0.305864 0.001856 0.000021 0.002098 0.001095 0.000466 0.006591 0.001635 0.001750 0.375428 0.000286 0.000563 0.000097 0.000522 0.000661 0.018287 0.002852 0.024052 0.176085 0.015958 0.001973 0.034875 0.001092 0.000773 0.002362 0.000440 0.000129 0.001779 0.000182 0.005542 0.005352 0.009336
0.577912 0.001782 0.003208 0.054393 0.045401 0.024748 0.003970 0.002604 0.005270 0.017035 0.002759 0.001733 0.002398 0.002396 0.008139 0.005552 0.008518 0.003065 0.138410 0.014436 0.005782 0.028343 0.000640 0.003389 0.005407 0.001149 0.000697 0.001890 0.001012 0.010111 0.010268 0.007583
0.318085 0.003497 0.003815 0.035853 0.020589 0.025501 0.009454 0.004266 0.003268 0.055331 0.006975 0.004145 0.003184 0.013838 0.021969 0.008692 0.023155 0.012555 0.136120 0.044864 0.018010 0.055939 0.005600 0.029741 0.010707 0.003103 0.001260 0.007709 0.004750 0.044829 0.041424 0.021771
0.691035 0.000440 0.000780 0.032830 0.004118 0.048732 0.001747 0.000817 0.001158 0.011729 0.003358 0.000585 0.002520 0.001551 0.002045 0.001690 0.001355 0.003416 0.120207 0.029133 0.001753 0.014913 0.000704 0.002291 0.002009 0.000433 0.000175 0.000778 0.000856 0.004812 0.008221 0.003807
0.731034 0.000917 0.000159 0.003048 0.000597 0.006253 0.002296 0.000289 0.002597 0.013985 0.001380 0.000404 0.000546 0.001229 0.000334 0.001829 0.000674 0.011176 0.113895 0.029076 0.001251 0.043380 0.000212 0.000394 0.000752 0.000366 0.000064 0.002117 0.000094 0.002401 0.024909 0.002342
0.431141 0.000002 0.000000 0.000017 0.000003 0.000013 0.000063 0.000022 0.000025 0.138779 0.000011 0.000012 0.000001 0.000004 0.000083 0.000033 0.000044 0.000534 0.000050 0.365184 0.000546 0.058441 0.002908 0.000085 0.000012 0.000145 0.000009 0.000736 0.000014 0.000670 0.000338 0.000076
0.547637 0.000002 0.000000 0.000012 0.000002 0.000018 0.000063 0.000039 0.000041 0.061057 0.000023 0.000016 0.000001 0.000004 0.000224 0.000034 0.000111 0.000239 0.000030 0.361751 0.001106 0.024388 0.000387 0.000077 0.000026 0.000114 0.000015 0.000663 0.000016 0.001318 0.000513 0.000074
0.561966 0.000002 0.000000 0.000010 0.000002 0.000014 0.000056 0.000043 0.000040 0.076863 0.000024 0.000015 0.000001 0.000003 0.000195 0.000031 0.000083 0.000280 0.000027 0.333138 0.001026 0.023262 0.000345 0.000075 0.000020 0.000123 0.000016 0.000682 0.000019 0.001167 0.000405 0.000070
0.606039 0.000034 0.000169 0.003235 0.000255 0.000349 0.000070 0.000102 0.000190 0.003499 0.000709 0.000111 0.000137 0.000185 0.007241 0.000057 0.002363 0.000282 0.000058 0.274862 0.011922 0.066380 0.000406 0.000794 0.000714 0.000275 0.000999 0.003973 0.000317 0.010369 0.003095 0.000810
0.585397 0.000178 0.000186 0.003849 0.000164 0.002666 0.000403 0.000276 0.000705 0.003881 0.001019 0.000178 0.001466 0.000444 0.002209 0.000288 0.001561 0.001097 0.000838 0.252952 0.004217 0.108419 0.000486 0.000599 0.003454 0.000927 0.002286 0.003789 0.000483 0.007555 0.004976 0.003050
0.630825 0.000034 0.000011 0.001187 0.000125 0.000028 0.000151 0.000080 0.000150 0.014349 0.000189 0.000105 0.000032 0.000135 0.000906 0.000099 0.000935 0.000381 0.000170 0.239601 0.003063 0.097438 0.000401 0.000702 0.000482 0.000164 0.000187 0.001232 0.000107 0.004947 0.001313 0.000472
0.698384 0.000000 0.000000 0.000005 0.000000 0.000007 0.000018 0.000013 0.000008 0.062373 0.000005 0.000005 0.000000 0.000000 0.000031 0.000010 0.000013 0.000088 0.000009 0.227813 0.000163 0.009666 0.000540 0.000025 0.000003 0.000034 0.000002 0.000422 0.000004 0.000229 0.000113 0.000017
0.735005 0.000009 0.000005 0.001390 0.000040 0.000036 0.000040 0.000032 0.000055 0.005493 0.000162 0.000038 0.000031 0.000038 0.000722 0.000028 0.000376 0.000121 0.000039 0.200873 0.001749 0.048643 0.000125 0.000361 0.000199 0.000078 0.000156 0.000601 0.000070 0.002655 0.000621 0.000209
0.784811 0.000005 0.000004 0.000277 0.000002 0.000083 0.000011 0.000006 0.000045 0.000211 0.000025 0.000004 0.000080 0.000019 0.000267 0.000005 0.000203 0.000043 0.000034 0.193625 0.000311 0.018006 0.000006 0.000026 0.000404 0.000014 0.000028 0.000120 0.000004 0.000768 0.000387 0.000164
0.751682 0.000017 0.000030 0.000913 0.000090 0.000063 0.000027 0.000025 0.000054 0.001413 0.000254 0.000039 0.000114 0.000155 0.001621 0.000011 0.001197 0.000171 0.000027 0.186135 0.003746 0.041329 0.000180 0.000331 0.000617 0.000110 0.000167 0.001532 0.000107 0.004836 0.002820 0.000187
0.628718 0.000176 0.000167 0.001078 0.000272 0.001267 0.000201 0.000195 0.000914 0.013487 0.002251 0.000063 0.000525 0.000748 0.004319 0.000102 0.003506 0.000889 0.000335 0.178368 0.004862 0.131583 0.000126 0.000777 0.001265 0.000139 0.000462 0.001893 0.000176 0.012635 0.006833 0.001665
0.634103 0.000155 0.000132 0.000503 0.000190 0.001097 0.000461 0.000385 0.002734 0.097616 0.000951 0.000121 0.000558 0.000484 0.002277 0.000232 0.001089 0.008143 0.000458 0.172436 0.004318 0.057443 0.000424 0.001161 0.000623 0.000596 0.000501 0.002611 0.000654 0.005022 0.001398 0.001123
0.508407 0.004007 0.002125 0.003450 0.007290 0.006313 0.003864 0.002243 0.010789 0.028861 0.012760 0.002345 0.001113 0.002214 0.004188 0.001098 0.003450 0.004438 0.001897 0.164202 0.007649 0.133264 0.004903 0.005250 0.001472 0.003352 0.002168 0.013922 0.003575 0.010578 0.035612 0.003201
0.749386 0.000019 0.000052 0.002003 0.000109 0.000201 0.000068 0.000087 0.000161 0.006404 0.000361 0.000078 0.000055 0.000087 0.002726 0.000075 0.000712 0.000204 0.000056 0.163195 0.003331 0.061922 0.000144 0.000524 0.000356 0.000158 0.000583 0.000976 0.000200 0.004618 0.000631 0.000519
0.126387 0.000020 0.000000 0.000016 0.000002 0.000001 0.000442 0.000035 0.000053 0.668464 0.000003 0.000016 0.000000 0.000012 0.000086 0.000457 0.000041 0.000639 0.000049 0.158778 0.000527 0.042128 0.000497 0.000042 0.000032 0.000050 0.000006 0.000175 0.000014 0.000788 0.000046 0.000193
0.786485 0.000001 0.000000 0.000048 0.000006 0.000033 0.000013 0.000014 0.000008 0.028448 0.000020 0.000007 0.000001 0.000002 0.000103 0.000008 0.000064 0.000209 0.000019 0.143958 0.000498 0.036425 0.001631 0.000179 0.000010 0.000050 0.000009 0.000747 0.000008 0.000674 0.000280 0.000043
0.300234 0.009038 0.013653 0.016509 0.021613 0.054114 0.010763 0.007361 0.014000 0.026441 0.033615 0.005987 0.010258 0.009668 0.013170 0.003645 0.010462 0.010834 0.009820 0.141064 0.014587 0.089936 0.008638 0.009807 0.007866 0.011954 0.004747 0.020417 0.017098 0.018761 0.064963 0.008977
0.810972 0.000000 0.000000 0.000026 0.000004 0.000017 0.000007 0.000009 0.000004 0.032036 0.000012 0.000004 0.000000 0.000001 0.000058 0.000005 0.000028 0.000115 0.000020 0.138216 0.000236 0.015732 0.001439 0.000124 0.000005 0.000023 0.000004 0.000436 0.000004 0.000309 0.000131 0.000023
0.477409 0.001241 0.000451 0.001100 0.001320 0.003329 0.003816 0.000761 0.002532 0.019054 0.002053 0.001127 0.000255 0.001350 0.002489 0.001487 0.003918 0.015305 0.001167 0.133121 0.011175 0.097258 0.000538 0.001825 0.000707 0.009512 0.001380 0.027705 0.002095 0.008464 0.164335 0.001720
0.606642 0.000014 0.000034 0.000085 0.000022 0.000039 0.000026 0.000013 0.000158 0.000797 0.000087 0.000012 0.000020 0.000082 0.001450 0.000007 0.000760 0.000110 0.000017 0.130781 0.002127 0.251135 0.000045 0.000117 0.000365 0.000037 0.000052 0.000404 0.000018 0.002802 0.001550 0.000192
0.364705 0.007125 0.002241 0.012594 0.004856 0.014719 0.015638 0.003404 0.014034 0.032871 0.012334 0.006721 0.002275 0.009709 0.006281 0.004830 0.007222 0.017473 0.011551 0.128433 0.011264 0.163197 0.003469 0.008559 0.004880 0.004860 0.002135 0.030684 0.002453 0.014293 0.062697 0.012495
0.850866 0.000000 0.000000 0.000001 0.000000 0.000001 0.000004 0.000003 0.000001 0.017392 0.000001 0.000001 0.000000 0.000000 0.000009 0.000002 0.000004 0.000017 0.000001 0.126604 0.000057 0.004501 0.000158 0.000008 0.000001 0.000013 0.000000 0.000204 0.000001 0.000091 0.000054 0.000003
0.751091 0.000174 0.000211 0.002031 0.000153 0.001826 0.000365 0.000305 0.000714 0.004186 0.000808 0.000193 0.000728 0.000589 0.002555 0.000188 0.002422 0.001051 0.000765 0.126114 0.005871 0.068601 0.000291 0.001002 0.002194 0.000993 0.001684 0.002854 0.000563 0.007521 0.009624 0.002331
0.778564 0.000076 0.000057 0.004712 0.000077 0.003317 0.000137 0.000137 0.000342 0.002222 0.000505 0.000080 0.002179 0.000220 0.001121 0.000130 0.001161 0.000373 0.000608 0.125041 0.002462 0.059343 0.000211 0.000594 0.001391 0.000298 0.001361 0.003334 0.000176 0.005052 0.001773 0.002946
0.027264 0.011889 0.003665 0.026514 0.048858 0.006263 0.013860 0.007183 0.009309 0.062837 0.013450 0.008419 0.002177 0.008233 0.020501 0.005781 0.025118 0.016092 0.005121 0.123390 0.046841 0.126200 0.062234 0.018383 0.004685 0.019638 0.008781 0.059192 0.014364 0.043169 0.134460 0.016129
0.697807 0.003825 0.000342 0.009828 0.001704 0.003164 0.002188 0.001771 0.003225 0.006720 0.009128 0.001117 0.001853 0.000853 0.001328 0.001541 0.002159 0.006946 0.001451 0.122464 0.011064 0.047999 0.004336 0.001332 0.001469 0.004946 0.010374 0.005247 0.013553 0.006796 0.011521 0.001948
0.267306 0.003853 0.004487 0.025007 0.027370 0.013677 0.007587 0.003426 0.004158 0.051538 0.014129 0.003772 0.002505 0.011836 0.048973 0.003275 0.015602 0.008551 0.009248 0.120204 0.023261 0.131615 0.005448 0.022197 0.009212 0.006053 0.004228 0.020343 0.010815 0.052065 0.055392 0.012866
0.233933 0.004465 0.004368 0.031010 0.030808 0.016047 0.008557 0.003914 0.004672 0.046669 0.016584 0.004288 0.002815 0.012360 0.043851 0.003710 0.016102 0.009588 0.010440 0.111438 0.022956 0.151107 0.006799 0.023025 0.009744 0.006860 0.004462 0.021228 0.010715 0.051640 0.061302 0.014540
0.803932 0.000635 0.001056 0.001285 0.001046 0.005836 0.000226 0.000222 0.001109 0.003337 0.000837 0.000183 0.003197 0.000466 0.002859 0.000117 0.006784 0.000250 0.000160 0.108276 0.004266 0.036435 0.002287 0.000770 0.001042 0.000253 0.000664 0.002211 0.000301 0.004823 0.004431 0.000704
0.279390 0.004892 0.001103 0.013761 0.004996 0.025320 0.015410 0.004354 0.006574 0.030503 0.010543 0.007029 0.001991 0.007674 0.006844 0.007705 0.016487 0.023951 0.010381 0.104928 0.024878 0.141251 0.003776 0.009602 0.004095 0.007639 0.003669 0.040949 0.004698 0.023073 0.140820 0.011713
0.387632 0.002175 0.007368 0.026224 0.030017 0.015809 0.007914 0.004177 0.002097 0.030587 0.014111 0.003955 0.002195 0.007036 0.069610 0.002651 0.021494 0.004023 0.007366 0.104848 0.027631 0.056166 0.004232 0.010588 0.007021 0.007338 0.003065 0.014113 0.013810 0.054538 0.042998 0.007211
0.875734 0.000004 0.000003 0.004693 0.000046 0.000427 0.000021 0.000017 0.000034 0.000704 0.000068 0.000012 0.000077 0.000014 0.000288 0.000013 0.000140 0.000072 0.000055 0.102994 0.000355 0.008862 0.000048 0.000108 0.000122 0.000075 0.000663 0.001666 0.000019 0.000966 0.000315 0.001386
0.330691 0.006135 0.019890 0.028840 0.043399 0.063966 0.011104 0.006021 0.008716 0.021606 0.034692 0.005186 0.017147 0.009878 0.021051 0.004677 0.014705 0.008114 0.016035 0.101602 0.017325 0.055638 0.004318 0.009427 0.011219 0.012280 0.005699 0.013256 0.016581 0.024401 0.049002 0.007399
0.722423 0.001464 0.000749 0.001196 0.003551 0.001854 0.000876 0.000876 0.003864 0.023970 0.008478 0.001038 0.000356 0.000534 0.002168 0.000376 0.001433 0.001121 0.000712 0.100541 0.003967 0.087509 0.002963 0.003131 0.000597 0.000824 0.000928 0.004560 0.001075 0.005276 0.010200 0.001389
0.562875 0.000001 0.000001 0.000003 0.000001 0.000002 0.000002 0.000000 0.000032 0.000062 0.000003 0.000000 0.000000 0.000008 0.000127 0.000000 0.000065 0.000009 0.000001 0.013053 0.000115 0.423128 0.000001 0.000007 0.000035 0.000001 0.000001 0.000011 0.000000 0.000284 0.000162 0.000010
0.606642 0.000014 0.000034 0.000085 0.000022 0.000039 0.000026 0.000013 0.000158 0.000797 0.000087 0.000012 0.000020 0.000082 0.001450 0.000007 0.000760 0.000110 0.000017 0.130781 0.002127 0.251135 0.000045 0.000117 0.000365 0.000037 0.000052 0.000404 0.000018 0.002802 0.001550 0.000192
0.543466 0.000920 0.000586 0.009289 0.002499 0.001971 0.002311 0.000372 0.000701 0.004773 0.002326 0.000508 0.000130 0.001720 0.003164 0.000858 0.004633 0.003281 0.001095 0.085742 0.013607 0.221724 0.000480 0.001217 0.001433 0.002209 0.001370 0.006841 0.001147 0.013766 0.064619 0.001241
0.646449 0.000379 0.000608 0.000647 0.000455 0.000174 0.000313 0.000159 0.002169 0.011043 0.000218 0.000217 0.000052 0.000637 0.029134 0.000273 0.004747 0.000318 0.000218 0.085736 0.005542 0.177706 0.000362 0.000806 0.002726 0.000211 0.000166 0.005106 0.000095 0.020915 0.001133 0.001288
0.607085 0.003022 0.000351 0.011007 0.001854 0.024107 0.001943 0.001339 0.000892 0.009921 0.004040 0.001719 0.000659 0.001248 0.002103 0.000234 0.007814 0.005836 0.000755 0.047996 0.005968 0.174113 0.004035 0.001689 0.002405 0.006471 0.003143 0.010478 0.002657 0.011080 0.041757 0.002276
0.154528 0.009586 0.004407 0.026218 0.030045 0.019362 0.011747 0.004984 0.005416 0.060038 0.028981 0.004750 0.004729 0.017812 0.041857 0.004981 0.016633 0.008003 0.026954 0.083640 0.020382 0.167941 0.010348 0.019159 0.014901 0.007911 0.004128 0.019774 0.013774 0.056975 0.081946 0.018091
0.380630 0.006780 0.001838 0.007559 0.003812 0.014288 0.010289 0.002555 0.008529 0.029305 0.010035 0.004987 0.001752 0.007305 0.006301 0.004432 0.007269 0.017839 0.008123 0.122956 0.011877 0.164856 0.002160 0.006549 0.004405 0.004972 0.002810 0.035744 0.002653 0.013430 0.084607 0.009352
0.696300 0.000092 0.000110 0.003151 0.000176 0.004083 0.000313 0.000340 0.000395 0.003655 0.001304 0.000196 0.000501 0.000206 0.001077 0.000345 0.001005 0.001614 0.001078 0.091829 0.004299 0.161716 0.000321 0.000642 0.000921 0.000798 0.007267 0.003263 0.000575 0.005790 0.003255 0.003382
0.601774 0.000145 0.000225 0.001831 0.000320 0.000330 0.000253 0.000227 0.000818 0.015381 0.000375 0.000282 0.000098 0.000349 0.007710 0.000313 0.002624 0.000598 0.000228 0.177872 0.006084 0.156357 0.000590 0.001173 0.001458 0.000276 0.000549 0.003700 0.000234 0.014998 0.001435 0.001395
0.401049 0.002572 0.004172 0.047485 0.019116 0.009048 0.007322 0.002527 0.003004 0.022057 0.007916 0.002858 0.001039 0.010535 0.023377 0.003354 0.018592 0.009395 0.009347 0.066704 0.028582 0.152500 0.003831 0.019078 0.006115 0.003987 0.003003 0.006656 0.004588 0.043790 0.049974 0.006426
0.233933 0.004465 0.004368 0.031010 0.030808 0.016047 0.008557 0.003914 0.004672 0.046669 0.016584 0.004288 0.002815 0.012360 0.043851 0.003710 0.016102 0.009588 0.010440 0.111438 0.022956 0.151107 0.006799 0.023025 0.009744 0.006860 0.004462 0.021228 0.010715 0.051640 0.061302 0.014540
0.693479 0.002837 0.000056 0.000314 0.000177 0.001792 0.000550 0.000358 0.001018 0.038408 0.001346 0.000324 0.000639 0.000556 0.000429 0.000527 0.001040 0.003142 0.000827 0.078027 0.003455 0.149381 0.003296 0.000416 0.000635 0.000814 0.001466 0.005543 0.000732 0.005059 0.002690 0.000665
0.279390 0.004892 0.001103 0.013761 0.004996 0.025320 0.015410 0.004354 0.006574 0.030503 0.010543 0.007029 0.001991 0.007674 0.006844 0.007705 0.016487 0.023951 0.010381 0.104928 0.024878 0.141251 0.003776 0.009602 0.004095 0.007639 0.003669 0.040949 0.004698 0.023073 0.140820 0.011713
0.749786 0.004430 0.000044 0.000297 0.000180 0.001391 0.000449 0.000266 0.000824 0.018075 0.002526 0.000264 0.000615 0.000534 0.000392 0.000282 0.000842 0.002674 0.000592 0.050892 0.003184 0.140660 0.002719 0.000377 0.000631 0.001156 0.002511 0.003583 0.000857 0.004781 0.003633 0.000549
0.508407 0.004007 0.002125 0.003450 0.007290 0.006313 0.003864 0.002243 0.010789 0.028861 0.012760 0.002345 0.001113 0.002214 0.004188 0.001098 0.003450 0.004438 0.001897 0.164202 0.007649 0.133264 0.004903 0.005250 0.001472 0.003352 0.002168 0.013922 0.003575 0.010578 0.035612 0.003201
0.267306 0.003853 0.004487 0.025007 0.027370 0.013677 0.007587 0.003426 0.004158 0.051538 0.014129 0.003772 0.002505 0.011836 0.048973 0.003275 0.015602 0.008551 0.009248 0.120204 0.023261 0.131615 0.005448 0.022197 0.009212 0.006053 0.004228 0.020343 0.010815 0.052065 0.055392 0.012866
0.628718 0.000176 0.000167 0.001078 0.000272 0.001267 0.000201 0.000195 0.000914 0.013487 0.002251 0.000063 0.000525 0.000748 0.004319 0.000102 0.003506 0.000889 0.000335 0.178368 0.004862 0.131583 0.000126 0.000777 0.001265 0.000139 0.000462 0.001893 0.000176 0.012635 0.006833 0.001665
0.740903 0.001745 0.000058 0.006104 0.000417 0.018431 0.000820 0.000467 0.000281 0.002892 0.002658 0.000573 0.000445 0.000443 0.000616 0.000084 0.002521 0.002689 0.000252 0.036262 0.002849 0.128512 0.001475 0.000559 0.001586 0.005148 0.003768 0.003606 0.001610 0.004890 0.026371 0.000962
0.027264 0.011889 0.003665 0.026514 0.048858 0.006263 0.013860 0.007183 0.009309 0.062837 0.013450 0.008419 0.002177 0.008233 0.020501 0.005781 0.025118 0.016092 0.005121 0.123390 0.046841 0.126200 0.062234 0.018383 0.004685 0.019638 0.008781 0.059192 0.014364 0.043169 0.134460 0.016129
0.641171 0.000365 0.000463 0.000616 0.000380 0.000139 0.000276 0.000212 0.001114 0.040643 0.000141 0.000376 0.000019 0.000340 0.041983 0.000465 0.004667 0.000221 0.000301 0.078281 0.005595 0.123139 0.000469 0.001511 0.001713 0.000236 0.000139 0.012900 0.000102 0.039709 0.000611 0.001702
0.723955 0.000187 0.000074 0.015476 0.001097 0.008523 0.000353 0.000473 0.000618 0.008893 0.002173 0.000343 0.000841 0.000257 0.001800 0.000488 0.001576 0.001125 0.001858 0.073921 0.004538 0.122616 0.000974 0.002055 0.000627 0.000566 0.004273 0.005681 0.001198 0.007581 0.002160 0.003700
0.784981 0.000022 0.000065 0.000079 0.000034 0.000038 0.000039 0.000018 0.000257 0.000872 0.000086 0.000012 0.000021 0.000113 0.003649 0.000012 0.001533 0.000079 0.000022 0.084292 0.002651 0.114313 0.000023 0.000058 0.000642 0.000032 0.000044 0.000265 0.000014 0.004052 0.001501 0.000181
0.316529 0.003177 0.002109 0.019631 0.014025 0.019579 0.006774 0.003810 0.001536 0.059160 0.013649 0.003167 0.003701 0.008871 0.046648 0.003276 0.020641 0.006603 0.013741 0.094057 0.034551 0.112794 0.004475 0.019591 0.009836 0.005531 0.002438 0.013287 0.010681 0.067828 0.047025 0.011279
0.585397 0.000178 0.000186 0.003849 0.000164 0.002666 0.000403 0.000276 0.000705 0.003881 0.001019 0.000178 0.001466 0.000444 0.002209 0.000288 0.001561 0.001097 0.000838 0.252952 0.004217 0.108419 0.000486 0.000599 0.003454 0.000927 0.002286 0.003789 0.000483 0.007555 0.004976 0.003050
0.171820 0.005618 0.004603 0.026301 0.050487 0.022032 0.013930 0.006856 0.005167 0.061283 0.016905 0.006695 0.005063 0.013713 0.048442 0.006466 0.026249 0.008236 0.030588 0.086663 0.035673 0.104216 0.007491 0.025549 0.012256 0.011603 0.004506 0.016732 0.015460 0.066554 0.065766 0.017076
0.015944 0.000161 0.000001 0.000095 0.000189 0.000017 0.000243 0.000118 0.000347 0.000480 0.000067 0.000186 0.000045 0.000005 0.000003 0.000066 0.000024 0.000472 0.000193 0.000271 0.000017 0.000416 0.980064 0.000070 0.000006 0.000076 0.000072 0.000112 0.000072 0.000043 0.000041 0.000084
0.632568 0.001225 0.000075 0.003109 0.005203 0.000258 0.001015 0.001273 0.001424 0.010166 0.002906 0.001688 0.000043 0.000122 0.000990 0.000317 0.001278 0.001247 0.000496 0.080570 0.005297 0.083946 0.146996 0.002679 0.000277 0.000680 0.000821 0.002085 0.001277 0.003408 0.005270 0.001290
0.765895 0.003291 0.000394 0.000956 0.000115 0.013202 0.001119 0.000134 0.000192 0.000507 0.005158 0.000078 0.000391 0.002154 0.000055 0.000355 0.000196 0.041235 0.000657 0.006397 0.001969 0.021189 0.000040 0.000093 0.000500 0.006477 0.105753 0.000831 0.002394 0.000521 0.017274 0.000479
0.477409 0.001241 0.000451 0.001100 0.001320 0.003329 0.003816 0.000761 0.002532 0.019054 0.002053 0.001127 0.000255 0.001350 0.002489 0.001487 0.003918 0.015305 0.001167 0.133121 0.011175 0.097258 0.000538 0.001825 0.000707 0.009512 0.001380 0.027705 0.002095 0.008464 0.164335 0.001720
0.688796 0.001582 0.000195 0.003911 0.000725 0.014309 0.005124 0.000771 0.000880 0.005196 0.004527 0.000909 0.000559 0.003494 0.001052 0.001334 0.008687 0.015364 0.001885 0.032236 0.012158 0.028400 0.000268 0.001209 0.001419 0.002158 0.001533 0.008731 0.000867 0.005788 0.143513 0.002417
0.326200 0.011272 0.005684 0.008450 0.033633 0.006038 0.028865 0.004922 0.028288 0.029408 0.005657 0.007469 0.001726 0.007579 0.006211 0.003735 0.010726 0.047840 0.004325 0.079171 0.015656 0.059204 0.007673 0.005734 0.002639 0.050342 0.005643 0.026705 0.009639 0.013436 0.140996 0.005135
0.279390 0.004892 0.001103 0.013761 0.004996 0.025320 0.015410 0.004354 0.006574 0.030503 0.010543 0.007029 0.001991 0.007674 0.006844 0.007705 0.016487 0.023951 0.010381 0.104928 0.024878 0.141251 0.003776 0.009602 0.004095 0.007639 0.003669 0.040949 0.004698 0.023073 0.140820 0.011713
0.027264 0.011889 0.003665 0.026514 0.048858 0.006263 0.013860 0.007183 0.009309 0.062837 0.013450 0.008419 0.002177 0.008233 0.020501 0.005781 0.025118 0.016092 0.005121 0.123390 0.046841 0.126200 0.062234 0.018383 0.004685 0.019638 0.008781 0.059192 0.014364 0.043169 0.134460 0.016129
0.490088 0.006110 0.000699 0.006092 0.002021 0.033070 0.020223 0.003853 0.003750 0.016153 0.014129 0.003302 0.001392 0.007806 0.003175 0.012522 0.014461 0.029151 0.009670 0.049285 0.026584 0.049080 0.001489 0.004333 0.003943 0.004425 0.006193 0.017081 0.002727 0.014696 0.134131 0.008369
0.586821 0.006424 0.000474 0.005375 0.001149 0.024931 0.005179 0.001150 0.003316 0.014058 0.005116 0.001219 0.001925 0.005555 0.001067 0.002418 0.002655 0.027625 0.040442 0.037721 0.003116 0.077145 0.000554 0.001502 0.005539 0.001545 0.000970 0.007155 0.000676 0.005215 0.116477 0.005484
0.652388 0.006664 0.001294 0.001491 0.002371 0.006799 0.009043 0.001830 0.010635 0.013757 0.009264 0.001078 0.000367 0.004965 0.001525 0.010901 0.010000 0.017852 0.003525 0.021994 0.011964 0.049144 0.000383 0.002482 0.002191 0.009711 0.003836 0.012882 0.001598 0.007771 0.107296 0.003004
