chair 146 149 436 426 0.985565 0.012674
chair 193 86 335 282 0.462614 0.435948
chair 296 116 452 305 0.40208 0.393170
chair 379 117 440 231 0.300739 0.646781
chair 2 241 58 312 0.192798 0.621689
chair 5 172 51 270 0.187342 0.687883
chair 10 66 62 401 0.118854 0.809100
chair 12 58 124 222 0.1117 0.758436
sofa 27 38 320 325 0.992288 0.007534
sofa 42 126 165 333 0.471028 0.495540
sofa 24 159 154 227 0.145583 0.837936
table 372 105 559 396 0.514152 0.409794
table 298 128 409 284 0.13451 0.585386
bookshelf 404 232 560 344 0.223875 0.652462
picture 553 254 560 309 0.577217 0.177493
picture 533 255 556 302 0.233209 0.702040
desk 322 123 560 396 0.124009 0.676535
pillow 64 125 189 180 0.280868 0.667807
pillow 160 142 165 144 0.189729 0.795242
pillow 256 255 319 303 0.185351 0.687577
pillow 149 138 197 171 0.155325 0.762753
pillow 170 139 198 150 0.13787 0.833860
pillow 61 159 126 181 0.133568 0.863062
clothes 80 52 86 58 0.134344 0.854431
paper 510 409 517 416 0.185427 0.568119
paper 443 147 445 151 0.174456 0.775595
paper 515 413 529 419 0.167468 0.551659
paper 546 365 552 367 0.150194 0.350333
paper 553 418 560 418 0.147415 0.219688
paper 517 146 558 174 0.147321 0.841176
paper 358 410 365 415 0.138463 0.612898
paper 423 239 440 259 0.125591 0.803428
paper 462 266 475 278 0.124987 0.861484
paper 463 262 468 266 0.123304 0.865011
paper 555 320 560 322 0.115322 0.457272
paper 468 258 484 274 0.114485 0.873829
paper 517 420 524 426 0.11446 0.310115
paper 236 222 253 222 0.106784 0.511798
paper 544 336 560 351 0.104873 0.425823
box 199 207 202 216 0.410503 0.560908
box 192 191 203 206 0.223094 0.754804
box 200 191 215 222 0.185936 0.747386
box 516 419 524 426 0.120321 0.310115
box 397 143 423 158 0.110535 0.577267
box 553 417 560 418 0.108277 0.219688
box 510 409 519 426 0.106336 0.321325
box 517 418 560 426 0.101024 0.288105
box 358 410 366 414 0.100689 0.612898
garbage_bin 112 303 132 316 0.151538 0.755670
garbage_bin 59 267 63 272 0.127092 0.772543
