bed 15 177 305 440 0.985844 0.009292
bed 198 211 493 438 0.149329 0.660169
chair 109 29 277 226 0.988492 0.009594
chair 384 67 558 417 0.732514 0.231987
chair 192 72 271 192 0.730231 0.267305
chair 517 170 586 440 0.343686 0.637495
chair 469 65 588 292 0.161302 0.726616
chair 247 87 264 125 0.128939 0.769617
chair 485 200 553 298 0.125424 0.870343
sofa 587 316 590 317 0.197921 0.186305
table 237 35 480 265 0.619435 0.208494
table 422 58 580 403 0.268036 0.207194
table 129 97 278 233 0.145708 0.416498
picture 13 3 151 42 0.141024 0.602063
counter 1 21 193 116 0.157798 0.800355
desk 273 37 477 271 0.948767 0.007204
desk 408 59 575 407 0.469514 0.203098
pillow 9 136 109 186 0.462536 0.299554
pillow 3 108 127 273 0.365064 0.348745
pillow 128 122 226 289 0.211712 0.684341
clothes 272 238 386 281 0.392156 0.504988
clothes 285 202 344 249 0.309596 0.629254
clothes 276 239 333 262 0.189499 0.790634
clothes 273 188 397 347 0.16349 0.743716
clothes 6 136 113 238 0.159211 0.242180
clothes 273 417 293 440 0.146513 0.661420
paper 123 159 129 164 0.302307 0.403792
paper 326 67 350 76 0.285222 0.704710
paper 352 71 353 73 0.258626 0.735042
paper 588 183 590 191 0.222569 0.313055
paper 352 67 368 74 0.188627 0.804825
paper 353 410 387 440 0.145128 0.362123
paper 384 415 413 440 0.129035 0.242919
paper 22 168 31 175 0.115095 0.798744
paper 324 57 358 68 0.100026 0.877232
box 390 64 417 94 0.257464 0.515786
box 394 65 404 77 0.176733 0.656978
box 399 82 417 94 0.173615 0.718989
box 107 147 111 153 0.161594 0.570583
box 111 150 115 154 0.161594 0.570583
box 384 64 387 65 0.154147 0.566434
box 390 44 450 94 0.125532 0.775960
box 352 407 386 439 0.109042 0.362123
whiteboard 456 1 590 103 0.341448 0.501858
whiteboard 4 0 152 43 0.12052 0.602063
bag 447 411 499 440 0.206968 0.649722
bag 451 431 453 436 0.119823 0.644234
bag 347 189 503 440 0.102921 0.668373
garbage_bin 478 257 505 301 0.104551 0.878824
garbage_bin 344 201 353 229 0.10391 0.776664
