cabinet 31 133 494 423 0.10055 0.197494
bed 0 86 434 426 0.192352 0.419389
chair 193 129 195 135 0.133492 0.746761
chair 94 143 124 177 0.12894 0.783620
chair 209 95 212 107 0.108144 0.856891
sofa 477 0 558 14 0.188056 0.239113
table 516 416 560 426 0.433419 0.406725
table 442 417 532 426 0.126789 0.729747
bookshelf 451 0 556 51 0.101905 0.390966
picture 341 1 397 10 0.173322 0.467559
picture 470 1 560 26 0.167089 0.264406
picture 313 3 423 58 0.106773 0.354528
counter 0 150 461 421 0.267581 0.294138
desk 0 143 446 415 0.179446 0.283461
dresser 43 120 455 426 0.205482 0.167491
pillow 218 114 265 177 0.403134 0.569959
pillow 178 108 232 175 0.117322 0.862293
mirror 18 3 403 98 0.103804 0.737472
fridge 25 13 437 426 0.799256 0.047797
tv 463 1 560 17 0.343391 0.213406
paper 436 63 452 68 0.367899 0.357612
paper 264 255 281 271 0.28205 0.621910
paper 313 0 324 13 0.253946 0.336249
paper 82 182 144 197 0.245391 0.543081
paper 272 15 286 20 0.243667 0.229529
paper 420 44 421 50 0.193899 0.742235
paper 395 0 428 43 0.18302 0.421290
paper 414 0 457 43 0.171342 0.342968
paper 277 260 281 265 0.165258 0.803155
paper 407 35 434 107 0.164889 0.725296
paper 307 25 311 31 0.162639 0.605824
paper 414 61 425 87 0.161711 0.725911
paper 123 94 126 94 0.149667 0.769458
paper 49 188 77 203 0.146481 0.853383
paper 265 104 273 113 0.138894 0.650508
paper 212 86 281 126 0.130638 0.447310
paper 64 194 77 203 0.125071 0.874904
paper 429 21 454 42 0.122635 0.730624
paper 229 91 267 106 0.122471 0.467057
paper 36 199 75 208 0.122205 0.877715
paper 59 202 77 208 0.119368 0.880618
paper 62 199 66 203 0.118351 0.881621
paper 141 103 179 116 0.117323 0.564080
paper 232 239 270 259 0.114916 0.696989
paper 306 0 427 57 0.111729 0.358696
paper 6 188 147 248 0.107815 0.870966
paper 283 119 306 135 0.104011 0.660836
box 142 107 190 182 0.904006 0.070315
box 141 108 195 121 0.598925 0.368291
box 309 2 422 55 0.30505 0.354528
box 138 96 180 117 0.301094 0.604654
box 118 118 157 165 0.284393 0.686746
box 312 0 325 12 0.250245 0.336249
box 273 16 286 20 0.242554 0.229529
box 162 89 186 112 0.22913 0.685004
box 185 136 196 160 0.212582 0.573955
box 424 1 460 41 0.210088 0.437613
box 122 72 215 161 0.203036 0.674558
box 146 152 156 164 0.193087 0.716197
box 83 121 180 196 0.187205 0.746224
box 214 82 267 126 0.17556 0.474480
box 211 124 212 126 0.15833 0.516079
box 231 90 266 106 0.148277 0.467057
box 407 0 430 83 0.13617 0.601596
box 435 63 454 68 0.133411 0.357612
box 337 0 420 16 0.129197 0.444169
box 232 237 272 258 0.119419 0.696989
box 426 95 447 127 0.117338 0.861307
box 237 113 267 144 0.116023 0.571964
box 153 155 156 160 0.111545 0.792954
box 425 64 482 94 0.108493 0.681880
person 356 60 391 95 0.165061 0.777390
person 372 65 381 79 0.131185 0.808370
person 368 66 376 76 0.114833 0.863855
person 358 71 367 90 0.102471 0.857627
sink 74 158 158 216 0.149112 0.636715
garbage_bin 234 115 269 145 0.252178 0.567193
garbage_bin 493 118 508 129 0.117744 0.879762
garbage_bin 356 115 360 122 0.114359 0.840822
garbage_bin 293 357 313 423 0.109079 0.651762
garbage_bin 457 103 504 162 0.108251 0.878823
garbage_bin 487 92 555 204 0.105428 0.684231
