cabinet 139 59 318 355 0.869532 0.119390
cabinet 232 89 334 208 0.627212 0.298305
cabinet 132 148 244 263 0.317649 0.510724
chair 179 254 393 426 0.977441 0.006403
chair 0 256 213 426 0.956734 0.039177
chair 196 228 258 425 0.7083 0.289111
chair 65 349 194 426 0.230679 0.727875
chair 0 225 66 426 0.191505 0.791993
chair 0 179 9 200 0.173647 0.776344
chair 190 341 424 392 0.166775 0.822787
chair 0 156 68 245 0.109416 0.570430
chair 184 169 191 193 0.100855 0.663498
sofa 361 119 560 350 0.994015 0.005380
sofa 265 155 462 305 0.401541 0.586819
sofa 85 386 152 426 0.210215 0.387702
sofa 21 217 128 250 0.190959 0.755964
sofa 7 240 218 426 0.168227 0.098217
sofa 344 184 399 317 0.10924 0.867045
sofa 1 228 183 275 0.105471 0.874847
table 507 241 560 398 0.236108 0.478033
table 63 266 381 413 0.171838 0.717963
table 0 162 40 252 0.134157 0.644388
door 543 5 559 108 0.121867 0.741105
bookshelf 125 90 188 226 0.431087 0.534895
bookshelf 129 123 184 162 0.189351 0.761250
picture 442 2 560 104 0.996964 0.002904
picture 364 0 414 31 0.897353 0.102402
picture 448 16 485 92 0.88196 0.111120
picture 362 4 413 111 0.816691 0.179609
picture 479 1 497 97 0.730185 0.253598
picture 363 0 369 36 0.443412 0.552762
picture 373 24 412 34 0.317716 0.679121
picture 290 65 329 94 0.290117 0.181405
picture 449 37 453 49 0.267061 0.619902
picture 486 46 503 94 0.218865 0.742574
picture 448 3 460 55 0.178765 0.769099
picture 490 1 511 62 0.155928 0.780505
picture 326 72 328 89 0.154435 0.631692
picture 401 64 411 89 0.146675 0.696958
picture 288 10 327 88 0.144314 0.796268
picture 400 25 410 33 0.11917 0.859678
picture 378 30 399 35 0.102506 0.877569
picture 324 58 334 67 0.101702 0.629943
counter 119 215 255 264 0.714476 0.193886
counter 132 195 358 316 0.262295 0.543710
counter 146 222 203 244 0.116809 0.753132
desk 508 227 560 399 0.194867 0.478033
dresser 187 89 287 229 0.347868 0.461191
pillow 372 201 437 240 0.428077 0.527599
pillow 364 143 430 190 0.401546 0.377859
pillow 373 134 537 228 0.260594 0.630559
pillow 94 390 143 426 0.253619 0.387702
pillow 59 213 117 235 0.140378 0.568770
pillow 538 200 559 265 0.127113 0.855024
pillow 0 383 49 426 0.114486 0.425772
pillow 60 236 65 239 0.110292 0.863438
pillow 380 187 429 209 0.101791 0.778628
mirror 20 0 124 196 0.149639 0.523480
mirror 19 24 37 182 0.1004 0.551878
clothes 364 146 432 202 0.155556 0.436409
clothes 2 403 20 426 0.115589 0.238842
clothes 372 178 454 243 0.112818 0.603845
tv 164 4 313 99 0.527776 0.384498
paper 518 263 560 291 0.757026 0.229139
paper 291 55 327 75 0.68327 0.226781
paper 291 64 330 93 0.420185 0.181405
paper 324 57 335 67 0.20209 0.629943
paper 30 106 37 163 0.159214 0.542604
paper 334 213 345 221 0.153245 0.705024
paper 75 158 76 163 0.118813 0.663047
paper 84 30 87 71 0.116755 0.521150
paper 516 279 519 281 0.101333 0.863430
box 0 184 38 225 0.286515 0.629641
box 168 78 173 86 0.278582 0.590575
box 64 160 130 212 0.156682 0.521713
box 20 202 31 213 0.1564 0.808836
box 168 146 185 155 0.152849 0.630632
box 479 197 482 204 0.152518 0.837982
box 30 107 38 160 0.148139 0.542604
box 461 201 507 221 0.146444 0.848341
box 323 206 343 251 0.120584 0.780577
box 288 64 330 93 0.10309 0.181405
box 122 189 134 223 0.10092 0.784442
box 141 191 201 226 0.100853 0.863769
whiteboard 4 37 45 203 0.246264 0.250096
person 1 403 20 426 0.121591 0.238842
lamp 3 3 42 186 0.778487 0.093569
lamp 2 0 41 27 0.710054 0.275692
lamp 9 0 88 246 0.479957 0.464164
lamp 64 157 128 218 0.124547 0.521713
lamp 88 80 90 110 0.112426 0.696872
lamp 35 102 121 235 0.10064 0.768066
bag 0 384 48 426 0.169248 0.425772
bag 1 404 19 426 0.116964 0.238842
