0.486796 0.163645 0.000338 0.011800 0.027447 0.000886 0.020350 0.004352 0.045282 0.030462 0.000844 0.015737 0.000129 0.001486 0.000888 0.027985 0.008329 0.008609 0.049026 0.003947 0.001994 0.033667 0.020905 0.002398 0.001036 0.002283 0.000977 0.012116 0.000890 0.005483 0.005690 0.004221
0.479076 0.102814 0.003510 0.006744 0.000920 0.128179 0.001014 0.001355 0.007921 0.001668 0.109013 0.000621 0.066500 0.002998 0.000628 0.000731 0.000812 0.002670 0.001178 0.007717 0.004862 0.009070 0.001035 0.000608 0.007246 0.002307 0.025819 0.000825 0.012434 0.001481 0.006915 0.001331
0.019237 0.000001 0.000000 0.977891 0.000006 0.002823 0.000000 0.000000 0.000001 0.000000 0.000003 0.000000 0.000034 0.000000 0.000000 0.000000 0.000000 0.000000 0.000000 0.000000 0.000000 0.000000 0.000000 0.000000 0.000000 0.000000 0.000000 0.000001 0.000000 0.000000 0.000000 0.000000
0.152683 0.000021 0.000033 0.821835 0.017698 0.000980 0.000033 0.000033 0.000095 0.000117 0.000253 0.000029 0.000830 0.000028 0.000550 0.000017 0.000413 0.000064 0.000042 0.000335 0.000167 0.000751 0.000075 0.000921 0.000067 0.000073 0.000270 0.000228 0.000038 0.000491 0.000354 0.000475
0.162554 0.000006 0.000003 0.807338 0.000153 0.029399 0.000002 0.000002 0.000008 0.000008 0.000025 0.000002 0.000286 0.000002 0.000024 0.000002 0.000007 0.000002 0.000002 0.000015 0.000003 0.000013 0.000005 0.000053 0.000007 0.000004 0.000007 0.000036 0.000001 0.000010 0.000004 0.000018
0.240841 0.000036 0.000006 0.750782 0.000396 0.006022 0.000015 0.000011 0.000127 0.000030 0.000083 0.000015 0.000767 0.000010 0.000057 0.000012 0.000041 0.000015 0.000015 0.000080 0.000016 0.000077 0.000023 0.000215 0.000024 0.000015 0.000019 0.000102 0.000004 0.000048 0.000026 0.000069
0.274083 0.000001 0.000000 0.724248 0.000011 0.001588 0.000000 0.000000 0.000001 0.000001 0.000000 0.000000 0.000014 0.000000 0.000007 0.000000 0.000001 0.000000 0.000000 0.000004 0.000000 0.000003 0.000001 0.000019 0.000000 0.000000 0.000000 0.000008 0.000000 0.000002 0.000000 0.000005
0.401794 0.000015 0.000001 0.595426 0.000054 0.001874 0.000006 0.000004 0.000111 0.000014 0.000026 0.000006 0.000249 0.000003 0.000018 0.000005 0.000019 0.000008 0.000007 0.000075 0.000007 0.000064 0.000008 0.000059 0.000008 0.000006 0.000010 0.000048 0.000002 0.000025 0.000012 0.000037
0.358583 0.000191 0.000048 0.590643 0.000846 0.044764 0.000052 0.000033 0.000128 0.000123 0.000446 0.000027 0.001021 0.000037 0.000452 0.000037 0.000099 0.000039 0.000046 0.000190 0.000098 0.000239 0.000033 0.000171 0.000146 0.000201 0.000313 0.000447 0.000029 0.000157 0.000205 0.000158
0.399801 0.000064 0.000002 0.588662 0.000098 0.009999 0.000008 0.000008 0.000016 0.000062 0.000029 0.000017 0.000085 0.000005 0.000224 0.000014 0.000039 0.000004 0.000007 0.000099 0.000019 0.000069 0.000042 0.000147 0.000007 0.000014 0.000013 0.000284 0.000004 0.000046 0.000007 0.000102
0.359690 0.000089 0.000545 0.541538 0.075939 0.004933 0.000108 0.000088 0.000730 0.000375 0.000488 0.000064 0.005520 0.000203 0.001028 0.000042 0.000850 0.000182 0.000157 0.000623 0.000243 0.000859 0.000211 0.002527 0.000325 0.000108 0.000186 0.000364 0.000086 0.000766 0.000477 0.000654
0.563786 0.000041 0.000120 0.419235 0.001712 0.007879 0.000056 0.000053 0.000101 0.000215 0.000881 0.000057 0.000520 0.000049 0.000252 0.000036 0.000335 0.000063 0.000034 0.000518 0.000162 0.000466 0.000193 0.001552 0.000118 0.000091 0.000179 0.000571 0.000024 0.000244 0.000229 0.000228
0.616467 0.000100 0.000006 0.373876 0.000094 0.005532 0.000038 0.000027 0.000518 0.000105 0.000126 0.000044 0.000774 0.000017 0.000084 0.000029 0.000091 0.000043 0.000046 0.000553 0.000037 0.000400 0.000062 0.000220 0.000039 0.000023 0.000038 0.000263 0.000009 0.000105 0.000050 0.000185
0.512869 0.000067 0.000042 0.351275 0.078437 0.021450 0.000116 0.000044 0.000153 0.000683 0.000688 0.000108 0.000677 0.000124 0.004420 0.000039 0.004256 0.000089 0.000137 0.003178 0.001498 0.003686 0.000049 0.001665 0.000150 0.000278 0.000183 0.002909 0.000122 0.004357 0.005408 0.000844
0.655329 0.000000 0.000000 0.344090 0.000026 0.000424 0.000000 0.000000 0.000002 0.000003 0.000000 0.000000 0.000009 0.000000 0.000014 0.000000 0.000001 0.000000 0.000000 0.000021 0.000000 0.000008 0.000000 0.000058 0.000000 0.000000 0.000000 0.000006 0.000000 0.000003 0.000000 0.000003
0.660001 0.000048 0.000033 0.332912 0.000422 0.001803 0.000046 0.000028 0.000715 0.000071 0.000266 0.000044 0.000864 0.000026 0.000103 0.000027 0.000196 0.000046 0.000053 0.000509 0.000063 0.000534 0.000051 0.000255 0.000054 0.000037 0.000152 0.000198 0.000013 0.000182 0.000098 0.000151
0.651790 0.000113 0.000008 0.305853 0.000343 0.037110 0.000028 0.000040 0.000249 0.000130 0.000478 0.000043 0.001461 0.000025 0.000145 0.000036 0.000118 0.000065 0.000036 0.000383 0.000061 0.000212 0.000063 0.000192 0.000047 0.000032 0.000135 0.000372 0.000018 0.000088 0.000078 0.000249
0.725512 0.000002 0.000000 0.270989 0.000034 0.001887 0.000001 0.000002 0.000012 0.000024 0.000003 0.000005 0.000109 0.000001 0.000016 0.000002 0.000019 0.000001 0.000002 0.000061 0.000003 0.000041 0.000003 0.001165 0.000001 0.000000 0.000002 0.000056 0.000000 0.000024 0.000002 0.000021
0.641098 0.000740 0.000052 0.268549 0.005141 0.031383 0.000580 0.000302 0.001303 0.001899 0.006844 0.000553 0.002671 0.000276 0.001069 0.000367 0.002045 0.001248 0.000701 0.006705 0.002147 0.005182 0.000358 0.001732 0.000406 0.000976 0.001226 0.005590 0.000241 0.002405 0.004054 0.002156
0.762678 0.000006 0.000000 0.235902 0.000032 0.000934 0.000002 0.000002 0.000005 0.000029 0.000002 0.000002 0.000015 0.000001 0.000056 0.000003 0.000007 0.000003 0.000002 0.000069 0.000004 0.000063 0.000004 0.000077 0.000001 0.000004 0.000001 0.000053 0.000001 0.000020 0.000004 0.000020
0.768250 0.000087 0.000007 0.222196 0.000085 0.006073 0.000039 0.000027 0.000330 0.000134 0.000138 0.000025 0.000448 0.000015 0.000101 0.000034 0.000067 0.000037 0.000027 0.000613 0.000040 0.000335 0.000081 0.000177 0.000042 0.000027 0.000048 0.000241 0.000014 0.000096 0.000043 0.000124
0.753402 0.000283 0.000086 0.208767 0.025839 0.003035 0.000125 0.000099 0.000710 0.000202 0.000457 0.000087 0.001326 0.000097 0.001152 0.000047 0.000475 0.000090 0.000139 0.000327 0.000115 0.000372 0.000307 0.000716 0.000151 0.000098 0.000174 0.000335 0.000050 0.000365 0.000250 0.000324
0.771515 0.000040 0.000009 0.207252 0.000135 0.015457 0.000023 0.000016 0.000053 0.000064 0.000060 0.000009 0.003224 0.000026 0.000087 0.000016 0.000086 0.000043 0.000028 0.000433 0.000050 0.000434 0.000030 0.000123 0.000096 0.000030 0.000048 0.000267 0.000009 0.000157 0.000058 0.000122
0.770630 0.000251 0.000182 0.207150 0.002163 0.005624 0.000165 0.000104 0.002713 0.000226 0.000743 0.000156 0.003976 0.000097 0.000229 0.000087 0.000433 0.000153 0.000146 0.000824 0.000124 0.000877 0.000189 0.000860 0.000131 0.000120 0.000317 0.000402 0.000060 0.000289 0.000170 0.000410
0.689155 0.000693 0.000056 0.197485 0.004770 0.071299 0.000263 0.000318 0.001729 0.001067 0.010700 0.000301 0.005148 0.000273 0.000531 0.000220 0.001140 0.000515 0.000316 0.002637 0.000635 0.001091 0.000411 0.001885 0.000289 0.000393 0.001495 0.001928 0.000206 0.000714 0.000971 0.001364
0.735323 0.000116 0.000051 0.189543 0.000669 0.052277 0.000052 0.000036 0.000129 0.000115 0.000395 0.000020 0.015991 0.000116 0.000171 0.000025 0.000188 0.000196 0.000091 0.000700 0.000120 0.001291 0.000058 0.000200 0.000494 0.000102 0.000134 0.000314 0.000040 0.000360 0.000362 0.000320
0.816271 0.000003 0.000005 0.179607 0.000072 0.000450 0.000007 0.000003 0.000007 0.000051 0.000005 0.000004 0.000138 0.000007 0.000457 0.000005 0.000087 0.000009 0.000008 0.001331 0.000104 0.000703 0.000005 0.000041 0.000033 0.000012 0.000023 0.000181 0.000003 0.000215 0.000055 0.000099
0.807063 0.000077 0.000023 0.174832 0.000196 0.015302 0.000013 0.000005 0.000031 0.000013 0.000255 0.000004 0.001719 0.000012 0.000007 0.000005 0.000012 0.000056 0.000006 0.000016 0.000013 0.000019 0.000030 0.000019 0.000012 0.000087 0.000061 0.000027 0.000015 0.000009 0.000045 0.000013
0.810040 0.000038 0.000007 0.174765 0.000155 0.009483 0.000025 0.000017 0.000049 0.000088 0.000048 0.000012 0.002685 0.000021 0.000110 0.000020 0.000093 0.000030 0.000027 0.000681 0.000059 0.000544 0.000038 0.000110 0.000078 0.000026 0.000054 0.000367 0.000009 0.000149 0.000048 0.000123
0.739424 0.000496 0.000119 0.172665 0.011231 0.032176 0.000290 0.000399 0.003021 0.001052 0.009674 0.000310 0.007706 0.000247 0.000880 0.000253 0.001090 0.000440 0.000386 0.004506 0.000697 0.001307 0.000668 0.002824 0.000389 0.000403 0.002340 0.001617 0.000283 0.000829 0.000773 0.001505
0.825282 0.000000 0.000000 0.171687 0.000212 0.000229 0.000000 0.000001 0.000009 0.000009 0.000001 0.000001 0.000016 0.000000 0.000051 0.000001 0.000013 0.000000 0.000001 0.000067 0.000001 0.000027 0.000001 0.002344 0.000000 0.000000 0.000001 0.000015 0.000000 0.000019 0.000001 0.000011
0.844852 0.000000 0.000000 0.154627 0.000002 0.000434 0.000000 0.000000 0.000001 0.000005 0.000000 0.000000 0.000004 0.000000 0.000007 0.000000 0.000001 0.000000 0.000000 0.000022 0.000000 0.000015 0.000000 0.000008 0.000000 0.000000 0.000000 0.000012 0.000000 0.000003 0.000000 0.000003
0.837377 0.000189 0.000006 0.152486 0.000099 0.003130 0.000062 0.000039 0.000526 0.000265 0.000231 0.000085 0.000586 0.000025 0.000151 0.000032 0.000120 0.000058 0.000060 0.001679 0.000092 0.001012 0.000144 0.000302 0.000060 0.000036 0.000071 0.000529 0.000017 0.000181 0.000118 0.000233
0.803704 0.000639 0.000025 0.147349 0.005907 0.007059 0.000456 0.000273 0.000868 0.001916 0.003418 0.000677 0.000337 0.000190 0.001334 0.000354 0.002598 0.000427 0.000344 0.003113 0.001361 0.001513 0.000562 0.001807 0.000206 0.000591 0.000900 0.006843 0.000149 0.001546 0.001980 0.001555
0.858135 0.000005 0.000006 0.135273 0.000155 0.000588 0.000010 0.000006 0.000056 0.000080 0.000039 0.000007 0.000333 0.000008 0.000174 0.000007 0.000086 0.000019 0.000016 0.002166 0.000067 0.001922 0.000007 0.000176 0.000040 0.000010 0.000030 0.000172 0.000004 0.000184 0.000078 0.000142
0.719841 0.000259 0.000248 0.133708 0.001914 0.115641 0.000510 0.000231 0.000259 0.000816 0.004733 0.000127 0.001854 0.000249 0.000601 0.000218 0.000700 0.000611 0.000154 0.002611 0.000809 0.001500 0.000927 0.001824 0.000942 0.000552 0.001630 0.003892 0.000177 0.000625 0.000950 0.000888
0.865063 0.000001 0.000000 0.132281 0.000005 0.002455 0.000000 0.000000 0.000001 0.000005 0.000004 0.000001 0.000032 0.000000 0.000003 0.000000 0.000003 0.000001 0.000000 0.000056 0.000004 0.000021 0.000001 0.000008 0.000000 0.000001 0.000001 0.000036 0.000000 0.000006 0.000006 0.000004
0.858094 0.000006 0.000005 0.131763 0.000062 0.000412 0.000013 0.000006 0.000027 0.000184 0.000009 0.000010 0.000313 0.000015 0.000530 0.000012 0.000137 0.000020 0.000035 0.003334 0.000200 0.003004 0.000010 0.000172 0.000062 0.000016 0.000038 0.000526 0.000004 0.000590 0.000083 0.000308
0.858471 0.000028 0.000030 0.131355 0.005400 0.000836 0.000016 0.000014 0.000123 0.000060 0.000157 0.000011 0.001264 0.000029 0.000250 0.000004 0.000163 0.000028 0.000021 0.000241 0.000030 0.000176 0.000058 0.000479 0.000062 0.000034 0.000066 0.000118 0.000025 0.000162 0.000139 0.000152
0.755373 0.001062 0.000262 0.127186 0.001784 0.041047 0.000153 0.000158 0.000621 0.000434 0.028622 0.000147 0.028054 0.000228 0.000458 0.000149 0.000344 0.000183 0.000175 0.003706 0.000552 0.001355 0.000617 0.001261 0.000714 0.000411 0.001575 0.000474 0.000367 0.000501 0.001316 0.000712
0.874905 0.000011 0.000000 0.123278 0.000009 0.001281 0.000003 0.000002 0.000029 0.000022 0.000021 0.000008 0.000051 0.000001 0.000008 0.000002 0.000009 0.000002 0.000002 0.000143 0.000005 0.000060 0.000013 0.000026 0.000002 0.000002 0.000003 0.000071 0.000000 0.000010 0.000006 0.000013
0.872083 0.000007 0.000002 0.123147 0.000028 0.003034 0.000006 0.000004 0.000016 0.000019 0.000017 0.000002 0.000552 0.000007 0.000035 0.000004 0.000037 0.000019 0.000009 0.000241 0.000027 0.000307 0.000005 0.000037 0.000031 0.000010 0.000016 0.000102 0.000002 0.000103 0.000035 0.000057
0.880088 0.000001 0.000000 0.119340 0.000000 0.000462 0.000000 0.000000 0.000002 0.000003 0.000001 0.000000 0.000015 0.000000 0.000002 0.000000 0.000001 0.000000 0.000000 0.000038 0.000001 0.000018 0.000001 0.000005 0.000000 0.000000 0.000000 0.000010 0.000000 0.000005 0.000001 0.000004
0.780659 0.001194 0.000712 0.116798 0.006762 0.043334 0.000480 0.000305 0.001925 0.001844 0.001725 0.000423 0.005154 0.000865 0.001995 0.000347 0.002029 0.000395 0.000345 0.012211 0.000831 0.008772 0.001018 0.001197 0.001616 0.000309 0.000796 0.002267 0.000352 0.001446 0.000840 0.001053
0.855012 0.000261 0.000110 0.115553 0.019202 0.002245 0.000108 0.000073 0.001581 0.000127 0.001371 0.000104 0.001274 0.000045 0.000283 0.000040 0.000201 0.000069 0.000069 0.000210 0.000058 0.000174 0.000269 0.000508 0.000074 0.000080 0.000292 0.000155 0.000045 0.000112 0.000122 0.000172
0.884873 0.000003 0.000001 0.113899 0.000040 0.000434 0.000002 0.000002 0.000007 0.000046 0.000004 0.000003 0.000019 0.000002 0.000083 0.000002 0.000013 0.000002 0.000001 0.000217 0.000005 0.000112 0.000007 0.000135 0.000002 0.000001 0.000002 0.000030 0.000001 0.000025 0.000004 0.000019
0.887734 0.000000 0.000000 0.112234 0.000000 0.000027 0.000000 0.000000 0.000000 0.000000 0.000000 0.000000 0.000000 0.000000 0.000001 0.000000 0.000000 0.000000 0.000000 0.000003 0.000000 0.000001 0.000000 0.000001 0.000000 0.000000 0.000000 0.000000 0.000000 0.000000 0.000000 0.000000
0.869471 0.000144 0.000183 0.107640 0.001162 0.001276 0.000201 0.000120 0.007937 0.000308 0.001341 0.000175 0.000877 0.000070 0.000281 0.000091 0.000501 0.000182 0.000156 0.003192 0.000166 0.001543 0.000177 0.000684 0.000129 0.000077 0.000448 0.000405 0.000050 0.000314 0.000242 0.000456
0.876312 0.000039 0.000007 0.103757 0.000351 0.004394 0.000021 0.000025 0.000123 0.000391 0.000209 0.000050 0.002117 0.000025 0.000107 0.000021 0.000357 0.000045 0.000041 0.001378 0.000157 0.002896 0.000038 0.004585 0.000037 0.000011 0.000041 0.001040 0.000010 0.000867 0.000279 0.000271
0.517704 0.000095 0.000632 0.278935 0.186497 0.004147 0.000088 0.000065 0.001062 0.000203 0.000594 0.000046 0.004743 0.000159 0.000504 0.000029 0.000490 0.000130 0.000099 0.000230 0.000101 0.000285 0.000168 0.001424 0.000183 0.000096 0.000143 0.000157 0.000061 0.000314 0.000290 0.000327
0.489702 0.000198 0.000086 0.370576 0.119226 0.003318 0.000110 0.000126 0.001347 0.000231 0.002820 0.000072 0.005364 0.000114 0.000369 0.000048 0.000341 0.000197 0.000105 0.000294 0.000141 0.000510 0.000315 0.001667 0.000190 0.000206 0.000566 0.000333 0.000108 0.000369 0.000428 0.000523
0.833481 0.000141 0.000120 0.032771 0.111735 0.000225 0.000118 0.000132 0.000792 0.001057 0.000517 0.000133 0.000059 0.000074 0.009692 0.000078 0.000941 0.000052 0.000115 0.000667 0.000260 0.000641 0.000250 0.003149 0.000084 0.000068 0.000151 0.000731 0.000050 0.000945 0.000281 0.000490
0.060882 0.000737 0.000954 0.001389 0.000349 0.892379 0.000028 0.000011 0.000133 0.000025 0.004544 0.000008 0.036326 0.000166 0.000012 0.000012 0.000011 0.000047 0.000022 0.000048 0.000035 0.000050 0.000046 0.000019 0.000107 0.000150 0.000552 0.000027 0.000806 0.000013 0.000088 0.000027
0.481838 0.000020 0.000014 0.123821 0.000199 0.392165 0.000004 0.000005 0.000017 0.000027 0.000233 0.000004 0.001206 0.000005 0.000028 0.000004 0.000017 0.000005 0.000004 0.000040 0.000011 0.000029 0.000016 0.000067 0.000021 0.000008 0.000042 0.000094 0.000004 0.000016 0.000011 0.000025
0.450566 0.000081 0.000168 0.267516 0.000408 0.269941 0.000028 0.000022 0.000024 0.000051 0.000257 0.000016 0.007912 0.000071 0.000161 0.000022 0.000162 0.000113 0.000072 0.000109 0.000218 0.000154 0.000020 0.000049 0.000213 0.000066 0.000102 0.000630 0.000033 0.000219 0.000539 0.000058
0.719841 0.000259 0.000248 0.133708 0.001914 0.115641 0.000510 0.000231 0.000259 0.000816 0.004733 0.000127 0.001854 0.000249 0.000601 0.000218 0.000700 0.000611 0.000154 0.002611 0.000809 0.001500 0.000927 0.001824 0.000942 0.000552 0.001630 0.003892 0.000177 0.000625 0.000950 0.000888
0.618148 0.026417 0.000174 0.006255 0.007925 0.000765 0.019870 0.004154 0.215537 0.012612 0.000802 0.016088 0.000088 0.000440 0.000211 0.014615 0.004966 0.004136 0.016019 0.001168 0.000578 0.007334 0.004516 0.003139 0.000220 0.001987 0.000885 0.005326 0.000170 0.001268 0.001595 0.002590
0.734069 0.005083 0.000026 0.001747 0.004951 0.000109 0.009688 0.001612 0.196278 0.005824 0.000521 0.011160 0.000011 0.000061 0.000061 0.005869 0.001546 0.000627 0.006573 0.001094 0.000121 0.004095 0.001271 0.001671 0.000058 0.000501 0.000537 0.002195 0.000026 0.000364 0.000502 0.001751
0.623651 0.002909 0.000612 0.003084 0.032518 0.000213 0.005834 0.001711 0.150225 0.034364 0.000640 0.002250 0.000161 0.000731 0.002274 0.002595 0.008634 0.001072 0.012271 0.024656 0.004371 0.057351 0.004219 0.001295 0.001754 0.001113 0.000293 0.002141 0.000337 0.009544 0.004174 0.003003
0.616528 0.003050 0.000816 0.018292 0.030081 0.013640 0.000649 0.000794 0.129109 0.003512 0.066289 0.000636 0.046752 0.000977 0.000778 0.000539 0.001495 0.001313 0.001706 0.011522 0.000660 0.011665 0.001872 0.015205 0.001642 0.000641 0.008196 0.003544 0.000554 0.001589 0.002130 0.003823
0.623707 0.001896 0.000516 0.005306 0.030323 0.003008 0.000763 0.001202 0.111252 0.007198 0.082321 0.000855 0.004075 0.000617 0.002300 0.000810 0.003260 0.000885 0.001013 0.032212 0.002005 0.018714 0.002705 0.025169 0.000888 0.000807 0.022289 0.003517 0.000919 0.003262 0.002860 0.003343
0.454358 0.003644 0.001142 0.006816 0.044133 0.001675 0.014080 0.004908 0.036447 0.114002 0.001727 0.003107 0.000252 0.000863 0.006604 0.016260 0.027294 0.001891 0.062507 0.049131 0.008400 0.078655 0.006604 0.008895 0.002000 0.001693 0.000671 0.005520 0.000768 0.021085 0.004020 0.010846
0.360865 0.036818 0.000745 0.009293 0.006296 0.053791 0.000486 0.000801 0.002583 0.002978 0.352700 0.000571 0.016648 0.001574 0.002200 0.000611 0.000847 0.000569 0.000753 0.010788 0.003545 0.006362 0.000972 0.002761 0.002377 0.002810 0.073584 0.002182 0.032189 0.001445 0.007310 0.002546
0.724111 0.007799 0.000107 0.013958 0.002417 0.006933 0.000728 0.000682 0.001993 0.006062 0.148883 0.000577 0.009534 0.001043 0.001170 0.000532 0.001285 0.000679 0.001093 0.024285 0.002598 0.010585 0.005270 0.008038 0.001495 0.001096 0.003360 0.002231 0.001590 0.003140 0.004137 0.002591
0.069789 0.031919 0.002860 0.002949 0.000358 0.482914 0.000198 0.000132 0.001837 0.000178 0.021261 0.000077 0.368728 0.003063 0.000060 0.000098 0.000094 0.001052 0.000310 0.000319 0.000264 0.000962 0.000143 0.000114 0.002806 0.000552 0.003596 0.000120 0.001969 0.000121 0.000887 0.000272
0.393820 0.027712 0.000248 0.020742 0.026534 0.001956 0.006162 0.006623 0.019474 0.043061 0.002267 0.016161 0.000313 0.001374 0.002784 0.039179 0.012574 0.006005 0.173209 0.008764 0.004941 0.065394 0.022583 0.013485 0.001113 0.000963 0.002545 0.036776 0.001459 0.015648 0.009646 0.016484
0.336254 0.002532 0.003860 0.014627 0.018485 0.014474 0.005229 0.002645 0.002684 0.031147 0.015195 0.003253 0.001449 0.005498 0.028394 0.001407 0.014365 0.006593 0.004804 0.171782 0.017213 0.116048 0.004152 0.011412 0.005513 0.006683 0.004610 0.025741 0.009711 0.030098 0.074019 0.010122
0.273275 0.002652 0.003778 0.022620 0.024266 0.011002 0.005563 0.002683 0.003167 0.032548 0.010721 0.004414 0.001602 0.006264 0.033151 0.002043 0.021561 0.006194 0.006649 0.139588 0.026935 0.145354 0.003608 0.013299 0.007162 0.007193 0.004233 0.031878 0.006389 0.042648 0.086332 0.011227
0.447896 0.001804 0.000947 0.007618 0.012210 0.002508 0.007239 0.002775 0.003938 0.025796 0.002132 0.001995 0.000086 0.000732 0.013517 0.008939 0.034797 0.001726 0.003446 0.124234 0.039584 0.143440 0.002350 0.007502 0.001776 0.003179 0.002692 0.013853 0.004089 0.058406 0.010995 0.007797
0.726027 0.000274 0.000214 0.000565 0.001822 0.001154 0.000442 0.000396 0.001198 0.019045 0.003579 0.000319 0.000079 0.000169 0.003362 0.000475 0.004205 0.000269 0.000985 0.116377 0.014008 0.062210 0.000412 0.001340 0.000322 0.000510 0.005161 0.003413 0.001762 0.015957 0.011880 0.002066
0.867529 0.000032 0.000020 0.000940 0.000047 0.000166 0.000023 0.000044 0.000070 0.001857 0.002093 0.000027 0.000031 0.000039 0.001917 0.000018 0.000492 0.000016 0.000031 0.114879 0.000679 0.004533 0.000044 0.000464 0.000202 0.000026 0.000147 0.000855 0.000057 0.001882 0.000484 0.000356
0.778277 0.000336 0.000074 0.002496 0.000137 0.001322 0.000655 0.000398 0.000238 0.015624 0.000789 0.000374 0.000032 0.000141 0.002043 0.001588 0.003346 0.000939 0.000339 0.110041 0.009649 0.049558 0.000265 0.000468 0.000397 0.000559 0.001273 0.004613 0.000827 0.010002 0.001846 0.001355
0.886342 0.000002 0.000001 0.000124 0.000007 0.000011 0.000002 0.000004 0.000013 0.000388 0.000645 0.000003 0.000003 0.000002 0.000244 0.000001 0.000060 0.000001 0.000002 0.109674 0.000080 0.001719 0.000005 0.000079 0.000017 0.000002 0.000033 0.000120 0.000003 0.000295 0.000056 0.000063
0.882395 0.000011 0.000005 0.000516 0.000021 0.000064 0.000007 0.000014 0.000020 0.001096 0.001105 0.000009 0.000009 0.000013 0.000820 0.000005 0.000220 0.000004 0.000009 0.109085 0.000292 0.002114 0.000022 0.000284 0.000070 0.000008 0.000044 0.000357 0.000016 0.001049 0.000179 0.000139
0.824381 0.000207 0.000110 0.000076 0.000470 0.000368 0.000347 0.000332 0.001205 0.012444 0.003144 0.000277 0.000021 0.000062 0.001001 0.000296 0.001330 0.000126 0.000359 0.105976 0.006771 0.023113 0.000180 0.000431 0.000178 0.000301 0.002801 0.001547 0.000858 0.004944 0.005642 0.000700
0.895449 0.000001 0.000000 0.000040 0.000002 0.000001 0.000000 0.000001 0.000003 0.000221 0.001264 0.000001 0.000001 0.000000 0.000098 0.000000 0.000035 0.000000 0.000001 0.101788 0.000048 0.000630 0.000003 0.000101 0.000005 0.000000 0.000010 0.000025 0.000001 0.000225 0.000027 0.000020
0.403350 0.003116 0.000230 0.011793 0.005481 0.001824 0.002180 0.001901 0.002365 0.068040 0.001787 0.002751 0.000205 0.000754 0.007561 0.015662 0.024721 0.003953 0.045676 0.036170 0.032031 0.194769 0.002962 0.003442 0.001305 0.001119 0.002584 0.025792 0.002550 0.060816 0.021965 0.011145
0.301096 0.013904 0.002066 0.008382 0.035100 0.001180 0.017390 0.004701 0.032930 0.065795 0.003486 0.003920 0.000580 0.005434 0.023767 0.008849 0.028363 0.004416 0.022432 0.069724 0.027212 0.183903 0.004739 0.004827 0.019787 0.006079 0.001868 0.009282 0.003246 0.053722 0.019721 0.012099
0.273275 0.002652 0.003778 0.022620 0.024266 0.011002 0.005563 0.002683 0.003167 0.032548 0.010721 0.004414 0.001602 0.006264 0.033151 0.002043 0.021561 0.006194 0.006649 0.139588 0.026935 0.145354 0.003608 0.013299 0.007162 0.007193 0.004233 0.031878 0.006389 0.042648 0.086332 0.011227
0.447896 0.001804 0.000947 0.007618 0.012210 0.002508 0.007239 0.002775 0.003938 0.025796 0.002132 0.001995 0.000086 0.000732 0.013517 0.008939 0.034797 0.001726 0.003446 0.124234 0.039584 0.143440 0.002350 0.007502 0.001776 0.003179 0.002692 0.013853 0.004089 0.058406 0.010995 0.007797
0.710911 0.000317 0.000172 0.050160 0.001517 0.006073 0.000521 0.000396 0.002127 0.004562 0.001014 0.000535 0.004320 0.000292 0.000820 0.000472 0.003849 0.001465 0.002621 0.030173 0.003106 0.142887 0.000486 0.005470 0.000580 0.000263 0.000426 0.008370 0.000164 0.006449 0.004565 0.004918
0.816270 0.000032 0.000009 0.006553 0.000343 0.000297 0.000037 0.000036 0.000583 0.001309 0.000238 0.000043 0.001243 0.000031 0.000163 0.000017 0.000401 0.000166 0.000120 0.031875 0.000387 0.134537 0.000096 0.001540 0.000066 0.000013 0.000095 0.000990 0.000022 0.001056 0.000676 0.000752
0.818335 0.000055 0.000021 0.000040 0.000020 0.000027 0.000049 0.000048 0.000206 0.000845 0.001303 0.000020 0.000017 0.000030 0.000196 0.000027 0.000304 0.000068 0.000181 0.047443 0.001733 0.122133 0.000014 0.000073 0.000104 0.000057 0.002602 0.000144 0.000202 0.002124 0.001233 0.000349
0.336254 0.002532 0.003860 0.014627 0.018485 0.014474 0.005229 0.002645 0.002684 0.031147 0.015195 0.003253 0.001449 0.005498 0.028394 0.001407 0.014365 0.006593 0.004804 0.171782 0.017213 0.116048 0.004152 0.011412 0.005513 0.006683 0.004610 0.025741 0.009711 0.030098 0.074019 0.010122
0.840582 0.000119 0.000035 0.000317 0.000019 0.000157 0.000068 0.000050 0.000242 0.000454 0.001618 0.000019 0.000150 0.000049 0.000168 0.000023 0.000208 0.000211 0.000206 0.039559 0.001462 0.107543 0.000020 0.000079 0.000250 0.000127 0.002345 0.000226 0.000232 0.001591 0.001359 0.000510
0.002792 0.000074 0.000000 0.000002 0.000059 0.000000 0.000024 0.000021 0.000020 0.000049 0.000015 0.000045 0.000000 0.000000 0.000000 0.000002 0.000001 0.000009 0.000001 0.000049 0.000004 0.000032 0.996750 0.000003 0.000000 0.000005 0.000003 0.000002 0.000034 0.000002 0.000002 0.000002
