0.326402 0.000217 0.000009 0.644939 0.000028 0.010431 0.000129 0.000029 0.000187 0.000117 0.000099 0.000027 0.012041 0.000113 0.000048 0.000058 0.000160 0.000419 0.000172 0.000236 0.000101 0.000911 0.000053 0.000101 0.000607 0.000135 0.000074 0.001194 0.000013 0.000252 0.000320 0.000378
0.467758 0.000007 0.000003 0.524892 0.000074 0.006399 0.000004 0.000003 0.000035 0.000018 0.000005 0.000004 0.000276 0.000003 0.000030 0.000004 0.000015 0.000006 0.000004 0.000072 0.000005 0.000027 0.000008 0.000022 0.000012 0.000006 0.000010 0.000223 0.000001 0.000016 0.000009 0.000047
0.547910 0.000018 0.000006 0.443810 0.000570 0.005753 0.000014 0.000012 0.000149 0.000087 0.000031 0.000019 0.000357 0.000009 0.000119 0.000011 0.000068 0.000027 0.000014 0.000213 0.000026 0.000195 0.000016 0.000169 0.000018 0.000013 0.000025 0.000156 0.000004 0.000064 0.000028 0.000087
0.573477 0.000046 0.000025 0.412991 0.000280 0.006675 0.000042 0.000047 0.000302 0.000366 0.000040 0.000104 0.000212 0.000024 0.000421 0.000045 0.000141 0.000072 0.000169 0.001281 0.000056 0.001169 0.000046 0.000300 0.000063 0.000028 0.000038 0.000644 0.000011 0.000248 0.000079 0.000557
0.585382 0.000010 0.000008 0.406626 0.001283 0.004347 0.000013 0.000012 0.000142 0.000096 0.000029 0.000019 0.000225 0.000007 0.000194 0.000010 0.000071 0.000026 0.000018 0.000403 0.000035 0.000354 0.000019 0.000148 0.000016 0.000017 0.000023 0.000237 0.000004 0.000078 0.000045 0.000101
0.562985 0.000514 0.000196 0.403444 0.006030 0.011676 0.000112 0.000055 0.000971 0.000175 0.000283 0.000057 0.004990 0.000795 0.000116 0.000041 0.000319 0.000545 0.000186 0.000179 0.000101 0.000926 0.000064 0.002173 0.000505 0.000148 0.000134 0.000576 0.000033 0.000357 0.000975 0.000339
0.586744 0.000227 0.000049 0.371643 0.001343 0.019452 0.000177 0.000073 0.000073 0.000595 0.001990 0.000077 0.000375 0.000109 0.000684 0.000128 0.000851 0.000565 0.000123 0.001749 0.001107 0.002835 0.000478 0.000331 0.000272 0.000288 0.001040 0.002035 0.000199 0.001298 0.002354 0.000736
0.611233 0.000134 0.000140 0.366858 0.001511 0.006908 0.000100 0.000088 0.000691 0.000568 0.000088 0.000145 0.001817 0.000100 0.001340 0.000105 0.000723 0.000117 0.000123 0.001479 0.000248 0.001207 0.000191 0.000632 0.000173 0.000081 0.000145 0.001606 0.000037 0.000691 0.000233 0.000490
0.586239 0.001083 0.000170 0.304981 0.017345 0.029995 0.000632 0.000470 0.001034 0.002704 0.001670 0.000479 0.001264 0.000518 0.001220 0.000757 0.001236 0.004422 0.002233 0.003362 0.001294 0.019519 0.001319 0.001664 0.000373 0.000813 0.002097 0.002001 0.000563 0.002220 0.002179 0.004148
0.681187 0.000021 0.000020 0.274744 0.001187 0.001368 0.000071 0.000065 0.000242 0.000642 0.000054 0.000091 0.000442 0.000045 0.002255 0.000092 0.000422 0.000066 0.000147 0.024131 0.000381 0.002218 0.000114 0.001127 0.000131 0.000125 0.000386 0.004039 0.000023 0.001346 0.000246 0.002574
0.689417 0.000242 0.000087 0.267648 0.002132 0.006623 0.000260 0.000361 0.000704 0.002394 0.000328 0.000566 0.000388 0.000170 0.002130 0.000653 0.001026 0.000443 0.000839 0.006179 0.000619 0.004445 0.000507 0.000930 0.000258 0.000313 0.000722 0.004991 0.000169 0.001180 0.000495 0.002782
0.715639 0.000071 0.000019 0.258021 0.001550 0.005216 0.000129 0.000154 0.000186 0.001109 0.000205 0.000167 0.000377 0.000072 0.001253 0.000260 0.000596 0.000248 0.000316 0.004069 0.000561 0.002819 0.000294 0.000322 0.000078 0.000157 0.000690 0.002601 0.000111 0.000934 0.000405 0.001372
0.740030 0.000029 0.000010 0.249679 0.000466 0.001949 0.000033 0.000031 0.000128 0.000617 0.000024 0.000079 0.000121 0.000020 0.000268 0.000054 0.000142 0.000059 0.000051 0.001849 0.000079 0.001972 0.000095 0.000236 0.000026 0.000019 0.000037 0.001322 0.000009 0.000225 0.000062 0.000279
0.749737 0.000022 0.000020 0.219242 0.005097 0.001111 0.000049 0.000053 0.000182 0.000750 0.000080 0.000047 0.000120 0.000058 0.000663 0.000179 0.000718 0.000382 0.000426 0.005496 0.000472 0.007706 0.000085 0.000261 0.000070 0.000125 0.000349 0.003471 0.000048 0.001133 0.000376 0.001473
0.764736 0.000027 0.000100 0.218061 0.000413 0.011020 0.000029 0.000020 0.000108 0.000217 0.000017 0.000039 0.001123 0.000043 0.000327 0.000029 0.000216 0.000032 0.000029 0.001240 0.000053 0.000222 0.000114 0.000264 0.000053 0.000024 0.000025 0.000933 0.000006 0.000181 0.000054 0.000247
0.787529 0.000031 0.000002 0.203986 0.000098 0.001789 0.000027 0.000012 0.000020 0.000206 0.000105 0.000025 0.000038 0.000017 0.000337 0.000021 0.000537 0.000053 0.000020 0.000578 0.000651 0.000751 0.000008 0.000075 0.000032 0.000074 0.000146 0.001251 0.000010 0.000662 0.000648 0.000264
0.792831 0.000040 0.000004 0.201630 0.000110 0.002472 0.000025 0.000012 0.000073 0.000124 0.000061 0.000016 0.000350 0.000011 0.000067 0.000022 0.000090 0.000053 0.000027 0.000214 0.000061 0.000451 0.000022 0.000126 0.000026 0.000023 0.000089 0.000633 0.000005 0.000112 0.000060 0.000162
0.795274 0.000029 0.000018 0.194916 0.000954 0.003867 0.000025 0.000024 0.000134 0.000448 0.000034 0.000037 0.000189 0.000022 0.000550 0.000030 0.000182 0.000030 0.000023 0.000919 0.000087 0.000893 0.000049 0.000363 0.000028 0.000023 0.000027 0.000440 0.000007 0.000207 0.000047 0.000123
0.663958 0.001449 0.000640 0.177030 0.002721 0.132003 0.000113 0.000097 0.000829 0.000223 0.004795 0.000040 0.006474 0.000465 0.000114 0.000083 0.000098 0.001669 0.000242 0.000313 0.000186 0.001144 0.000096 0.000638 0.000352 0.000488 0.001205 0.000362 0.000254 0.000308 0.001261 0.000347
0.801648 0.000005 0.000006 0.171675 0.000129 0.000488 0.000025 0.000015 0.000107 0.000223 0.000013 0.000025 0.000258 0.000011 0.000765 0.000027 0.000172 0.000023 0.000056 0.019413 0.000115 0.001611 0.000075 0.000338 0.000040 0.000032 0.000104 0.001104 0.000007 0.000512 0.000083 0.000898
0.832678 0.000015 0.000010 0.156909 0.000992 0.005490 0.000016 0.000016 0.000143 0.000201 0.000033 0.000022 0.000220 0.000012 0.000342 0.000021 0.000135 0.000033 0.000021 0.000837 0.000062 0.000747 0.000023 0.000191 0.000023 0.000024 0.000028 0.000426 0.000007 0.000154 0.000065 0.000105
0.744365 0.000433 0.000876 0.145411 0.021596 0.009494 0.000279 0.000302 0.001115 0.002858 0.000181 0.000237 0.001343 0.000585 0.009221 0.000348 0.009105 0.000315 0.000651 0.002620 0.001271 0.005434 0.000250 0.017194 0.000477 0.000191 0.000153 0.005282 0.000145 0.013483 0.002321 0.002465
0.344694 0.004438 0.008987 0.127982 0.044361 0.063092 0.007289 0.006722 0.008464 0.022396 0.012966 0.006134 0.012913 0.011001 0.025506 0.007786 0.013863 0.008391 0.060885 0.030046 0.012570 0.035372 0.004058 0.022318 0.012660 0.005049 0.003189 0.006254 0.007405 0.029495 0.020297 0.013419
0.871179 0.000023 0.000001 0.124156 0.000008 0.002020 0.000007 0.000002 0.000026 0.000039 0.000022 0.000004 0.000030 0.000002 0.000036 0.000009 0.000012 0.000007 0.000006 0.000067 0.000010 0.000125 0.000004 0.000007 0.000022 0.000013 0.000051 0.002004 0.000000 0.000044 0.000019 0.000045
0.784184 0.000181 0.000186 0.123199 0.002488 0.004858 0.000226 0.000145 0.000862 0.003417 0.000353 0.000281 0.000517 0.000248 0.001637 0.000197 0.001050 0.000283 0.000322 0.014710 0.000590 0.045540 0.000316 0.000770 0.000308 0.000121 0.000292 0.008295 0.000082 0.002052 0.001057 0.001232
0.782230 0.000767 0.000177 0.110931 0.002142 0.004525 0.000541 0.000468 0.000871 0.015377 0.000328 0.000500 0.000616 0.000983 0.003521 0.001074 0.001483 0.001676 0.004203 0.014598 0.000989 0.010574 0.001322 0.001057 0.002584 0.000361 0.000251 0.020293 0.000216 0.004963 0.006165 0.004212
0.885101 0.000004 0.000002 0.109317 0.000113 0.002934 0.000004 0.000005 0.000015 0.000126 0.000022 0.000008 0.000034 0.000004 0.000202 0.000008 0.000033 0.000009 0.000006 0.001081 0.000040 0.000376 0.000009 0.000045 0.000008 0.000007 0.000020 0.000307 0.000003 0.000076 0.000015 0.000064
0.886643 0.000002 0.000001 0.109087 0.000053 0.002982 0.000002 0.000002 0.000007 0.000048 0.000010 0.000003 0.000024 0.000001 0.000081 0.000002 0.000015 0.000004 0.000002 0.000586 0.000022 0.000187 0.000004 0.000020 0.000004 0.000003 0.000007 0.000132 0.000001 0.000035 0.000008 0.000023
0.626610 0.000079 0.000008 0.105579 0.000032 0.257793 0.000008 0.000014 0.000022 0.000047 0.000225 0.000007 0.008253 0.000011 0.000013 0.000007 0.000011 0.000035 0.000029 0.000248 0.000098 0.000123 0.000023 0.000016 0.000075 0.000017 0.000115 0.000082 0.000144 0.000091 0.000156 0.000030
0.882775 0.000023 0.000026 0.105382 0.001298 0.006071 0.000031 0.000028 0.000239 0.000327 0.000057 0.000028 0.000282 0.000025 0.000454 0.000033 0.000219 0.000051 0.000033 0.000740 0.000083 0.000540 0.000030 0.000395 0.000040 0.000035 0.000048 0.000267 0.000014 0.000214 0.000088 0.000126
0.389850 0.003428 0.007339 0.102830 0.046099 0.048323 0.006246 0.006150 0.008469 0.032416 0.010707 0.005354 0.009070 0.008344 0.020739 0.007462 0.012392 0.006988 0.078244 0.028937 0.009677 0.033023 0.005208 0.028944 0.008116 0.003844 0.002007 0.005374 0.005915 0.029024 0.014851 0.014632
0.422803 0.000433 0.000151 0.021554 0.100517 0.001881 0.000853 0.000409 0.000494 0.005717 0.000883 0.001042 0.000250 0.000774 0.011726 0.001966 0.077390 0.000357 0.000804 0.003332 0.016655 0.005079 0.000546 0.221978 0.000435 0.001086 0.000756 0.010645 0.000490 0.078660 0.007338 0.002994
0.001809 0.000002 0.000000 0.002297 0.000000 0.991835 0.000000 0.000000 0.000000 0.000000 0.000001 0.000000 0.004053 0.000000 0.000000 0.000000 0.000000 0.000000 0.000000 0.000000 0.000000 0.000000 0.000000 0.000000 0.000000 0.000000 0.000000 0.000000 0.000000 0.000000 0.000000 0.000000
0.382381 0.000269 0.000054 0.015466 0.000046 0.580603 0.000015 0.000005 0.000042 0.000088 0.000589 0.000008 0.018246 0.000035 0.000013 0.000019 0.000027 0.000107 0.000050 0.000093 0.000045 0.000142 0.000224 0.000037 0.000053 0.000076 0.000085 0.000892 0.000038 0.000043 0.000149 0.000059
0.759181 0.005577 0.000054 0.005604 0.000200 0.206539 0.000075 0.000059 0.000491 0.001182 0.003426 0.000066 0.009804 0.000162 0.000131 0.000206 0.000073 0.000158 0.000754 0.001048 0.000124 0.001554 0.000430 0.000217 0.000382 0.000064 0.000594 0.000788 0.000204 0.000158 0.000179 0.000516
0.298517 0.000042 0.000010 0.475463 0.000016 0.205076 0.000016 0.000008 0.000038 0.000027 0.000014 0.000007 0.018107 0.000019 0.000019 0.000017 0.000021 0.000057 0.000054 0.000092 0.000021 0.000131 0.000013 0.000021 0.000261 0.000070 0.000074 0.001544 0.000005 0.000062 0.000060 0.000118
0.652626 0.009423 0.001030 0.026337 0.005617 0.178851 0.000338 0.000282 0.018145 0.001117 0.005908 0.000175 0.047202 0.002908 0.000714 0.000162 0.000651 0.000712 0.000788 0.004898 0.000326 0.018212 0.000198 0.001152 0.012313 0.000383 0.001249 0.002538 0.000302 0.000914 0.003251 0.001278
0.663958 0.001449 0.000640 0.177030 0.002721 0.132003 0.000113 0.000097 0.000829 0.000223 0.004795 0.000040 0.006474 0.000465 0.000114 0.000083 0.000098 0.001669 0.000242 0.000313 0.000186 0.001144 0.000096 0.000638 0.000352 0.000488 0.001205 0.000362 0.000254 0.000308 0.001261 0.000347
0.149378 0.000335 0.000001 0.000021 0.000012 0.000008 0.000214 0.000069 0.000499 0.841383 0.000009 0.000025 0.000001 0.000017 0.000112 0.001613 0.000100 0.000371 0.000856 0.001924 0.000078 0.002083 0.000013 0.000044 0.000076 0.000013 0.000002 0.000149 0.000004 0.000349 0.000076 0.000167
0.418342 0.000236 0.000000 0.000008 0.000002 0.000005 0.000589 0.000074 0.000420 0.421918 0.000002 0.000068 0.000000 0.000007 0.000014 0.012337 0.000085 0.000126 0.142558 0.001234 0.000028 0.001388 0.000011 0.000022 0.000023 0.000002 0.000000 0.000069 0.000000 0.000153 0.000057 0.000221
0.745923 0.002476 0.000000 0.000061 0.000008 0.000004 0.001088 0.000157 0.000647 0.240088 0.000016 0.000090 0.000000 0.000011 0.000062 0.005631 0.000113 0.000478 0.000697 0.000919 0.000055 0.000849 0.000020 0.000022 0.000061 0.000024 0.000004 0.000097 0.000004 0.000167 0.000102 0.000127
0.848557 0.000004 0.000000 0.000001 0.000000 0.000002 0.000001 0.000001 0.000040 0.150357 0.000001 0.000000 0.000000 0.000000 0.000011 0.000005 0.000004 0.000109 0.000003 0.000482 0.000003 0.000379 0.000000 0.000001 0.000001 0.000000 0.000000 0.000008 0.000000 0.000018 0.000003 0.000007
0.840427 0.000012 0.000000 0.000010 0.000000 0.000003 0.000007 0.000007 0.000024 0.144629 0.000001 0.000003 0.000000 0.000001 0.000005 0.000184 0.000006 0.000071 0.014017 0.000187 0.000002 0.000117 0.000002 0.000033 0.000003 0.000000 0.000000 0.000006 0.000000 0.000019 0.000003 0.000219
0.881290 0.000000 0.000000 0.000009 0.000001 0.000001 0.000003 0.000001 0.000035 0.111242 0.000001 0.000000 0.000000 0.000000 0.000068 0.000007 0.000017 0.000038 0.000006 0.005709 0.000026 0.001363 0.000000 0.000003 0.000003 0.000001 0.000000 0.000024 0.000001 0.000118 0.000007 0.000025
0.432833 0.002772 0.002869 0.007111 0.020161 0.009655 0.005490 0.003276 0.004223 0.103445 0.016266 0.003373 0.002327 0.005997 0.032526 0.004244 0.011490 0.003308 0.049532 0.076584 0.010868 0.059916 0.009144 0.017792 0.005594 0.003187 0.002013 0.009814 0.010843 0.035024 0.025480 0.012845
0.505099 0.006050 0.000204 0.000564 0.000980 0.000138 0.057164 0.002435 0.001110 0.022432 0.000243 0.336249 0.000013 0.000438 0.001131 0.004858 0.006172 0.002465 0.001131 0.007104 0.001755 0.004113 0.003484 0.007599 0.000525 0.002534 0.000173 0.015226 0.000200 0.003511 0.003678 0.001222
0.129830 0.000093 0.000015 0.000937 0.000019 0.706237 0.000001 0.000001 0.000027 0.000001 0.000821 0.000000 0.161941 0.000006 0.000000 0.000001 0.000000 0.000004 0.000003 0.000001 0.000000 0.000002 0.000004 0.000001 0.000010 0.000006 0.000023 0.000004 0.000006 0.000000 0.000003 0.000002
0.429418 0.000135 0.000001 0.000056 0.000007 0.000055 0.000209 0.000102 0.000167 0.127146 0.000017 0.000045 0.000002 0.000023 0.000077 0.002091 0.000143 0.000460 0.430477 0.003100 0.000118 0.003652 0.000020 0.000072 0.000184 0.000005 0.000003 0.000070 0.000004 0.000654 0.000500 0.000990
0.176776 0.000003 0.000001 0.000820 0.000006 0.000069 0.000007 0.000012 0.000023 0.000558 0.000019 0.000014 0.000065 0.000009 0.000258 0.000008 0.000139 0.000008 0.000019 0.815375 0.000211 0.002094 0.000019 0.000086 0.000101 0.000014 0.000047 0.001836 0.000003 0.000870 0.000071 0.000460
0.407618 0.000000 0.000000 0.001195 0.000003 0.000008 0.000004 0.000002 0.000012 0.000090 0.000004 0.000003 0.000026 0.000001 0.000100 0.000002 0.000036 0.000001 0.000008 0.588111 0.000103 0.001319 0.000005 0.000035 0.000029 0.000017 0.000046 0.000243 0.000001 0.000659 0.000020 0.000298
0.434895 0.000000 0.000000 0.000126 0.000000 0.000001 0.000000 0.000000 0.000001 0.000026 0.000000 0.000000 0.000005 0.000000 0.000058 0.000000 0.000044 0.000000 0.000001 0.562939 0.000042 0.001579 0.000000 0.000002 0.000012 0.000000 0.000001 0.000024 0.000000 0.000217 0.000007 0.000020
0.466241 0.000001 0.000001 0.002224 0.000008 0.000022 0.000006 0.000003 0.000015 0.000127 0.000005 0.000006 0.000069 0.000004 0.000170 0.000004 0.000093 0.000003 0.000012 0.527522 0.000137 0.001775 0.000010 0.000045 0.000048 0.000016 0.000043 0.000330 0.000002 0.000681 0.000038 0.000342
0.826368 0.000812 0.000051 0.002416 0.000355 0.008311 0.000131 0.000186 0.002239 0.004137 0.002162 0.000175 0.005410 0.000189 0.000674 0.000128 0.000564 0.000262 0.000352 0.124525 0.000542 0.006585 0.000328 0.000920 0.001182 0.000141 0.000595 0.004456 0.000088 0.001908 0.001230 0.002578
0.391119 0.001328 0.000680 0.002667 0.002910 0.006089 0.000857 0.000534 0.003622 0.034369 0.003564 0.000617 0.000519 0.002887 0.005862 0.000375 0.001347 0.000900 0.000889 0.109426 0.002479 0.388527 0.000313 0.003908 0.002119 0.000460 0.000618 0.006513 0.001448 0.007763 0.013093 0.002196
0.382667 0.006290 0.012389 0.018673 0.046700 0.053620 0.011322 0.006580 0.012783 0.025251 0.035284 0.004781 0.012732 0.007953 0.019519 0.005297 0.013647 0.005892 0.018997 0.101655 0.018559 0.050678 0.003473 0.008210 0.010645 0.008838 0.006207 0.012575 0.014914 0.024283 0.032619 0.006967
0.391119 0.001328 0.000680 0.002667 0.002910 0.006089 0.000857 0.000534 0.003622 0.034369 0.003564 0.000617 0.000519 0.002887 0.005862 0.000375 0.001347 0.000900 0.000889 0.109426 0.002479 0.388527 0.000313 0.003908 0.002119 0.000460 0.000618 0.006513 0.001448 0.007763 0.013093 0.002196
0.475882 0.001954 0.000917 0.052035 0.003510 0.004837 0.001921 0.001052 0.007754 0.021490 0.001541 0.001605 0.001153 0.001919 0.005560 0.001173 0.003900 0.002536 0.002439 0.094827 0.003479 0.247032 0.001110 0.003249 0.002135 0.001018 0.000905 0.027454 0.000522 0.009967 0.008320 0.006802
0.603299 0.009223 0.000434 0.011326 0.002314 0.030194 0.000642 0.000590 0.014423 0.017413 0.006112 0.000512 0.001680 0.004782 0.002481 0.000413 0.001187 0.000653 0.001282 0.044955 0.001078 0.206868 0.000265 0.001606 0.007989 0.000501 0.001205 0.008898 0.000606 0.004372 0.010368 0.002329
0.759312 0.000472 0.000066 0.013808 0.003291 0.003469 0.000290 0.000110 0.000346 0.011085 0.001508 0.000163 0.000109 0.000175 0.004396 0.000638 0.001243 0.000722 0.001375 0.027902 0.002839 0.131310 0.000335 0.001537 0.000509 0.000859 0.002503 0.010840 0.000626 0.007961 0.007508 0.002692
0.699984 0.000287 0.000442 0.019126 0.009947 0.002853 0.000388 0.000352 0.001481 0.008894 0.000847 0.000548 0.000196 0.000424 0.006756 0.000512 0.007578 0.000278 0.000436 0.053586 0.005795 0.124166 0.000284 0.008344 0.000591 0.000289 0.000949 0.008762 0.000315 0.022378 0.011275 0.001936
0.322720 0.002245 0.009005 0.020155 0.035594 0.011039 0.006155 0.002956 0.006083 0.028727 0.003868 0.002510 0.001072 0.007669 0.024575 0.002402 0.038828 0.012936 0.004943 0.063656 0.017224 0.114809 0.002225 0.022285 0.003691 0.007121 0.002298 0.042521 0.007245 0.044985 0.114875 0.013582
0.553765 0.003148 0.000472 0.163098 0.021397 0.036040 0.001772 0.001374 0.001748 0.007674 0.003998 0.001164 0.001267 0.001507 0.003099 0.001988 0.002669 0.014140 0.008980 0.009853 0.005134 0.102137 0.004780 0.002654 0.001438 0.003284 0.008428 0.005635 0.002737 0.005723 0.008199 0.010699
0.000476 0.000056 0.000000 0.000019 0.000014 0.000002 0.000297 0.000048 0.000004 0.000100 0.000012 0.000080 0.000000 0.000001 0.000001 0.000013 0.000005 0.000060 0.000006 0.000090 0.000033 0.000082 0.998498 0.000012 0.000001 0.000020 0.000005 0.000016 0.000010 0.000017 0.000015 0.000007
0.189125 0.009993 0.000029 0.001662 0.000918 0.000362 0.002468 0.001125 0.000424 0.005084 0.001378 0.001521 0.000054 0.000199 0.000218 0.000768 0.000449 0.007445 0.002180 0.007429 0.002886 0.019360 0.731802 0.000824 0.000486 0.000787 0.001370 0.001224 0.000980 0.002587 0.003344 0.001519
0.622349 0.001198 0.000208 0.000109 0.002177 0.000334 0.000866 0.000701 0.000857 0.006991 0.002842 0.000821 0.000036 0.000063 0.000110 0.000473 0.000329 0.001699 0.000200 0.007700 0.001037 0.002901 0.333133 0.000527 0.000075 0.001493 0.001918 0.001176 0.006374 0.000290 0.000722 0.000290
0.182720 0.005527 0.006986 0.033365 0.035083 0.038209 0.006356 0.003931 0.006091 0.034950 0.008742 0.003616 0.011595 0.018920 0.019623 0.009645 0.039380 0.005730 0.029992 0.012430 0.019758 0.017255 0.004048 0.335495 0.008089 0.002198 0.001898 0.007960 0.005027 0.064334 0.012083 0.008963
0.422803 0.000433 0.000151 0.021554 0.100517 0.001881 0.000853 0.000409 0.000494 0.005717 0.000883 0.001042 0.000250 0.000774 0.011726 0.001966 0.077390 0.000357 0.000804 0.003332 0.016655 0.005079 0.000546 0.221978 0.000435 0.001086 0.000756 0.010645 0.000490 0.078660 0.007338 0.002994
0.624402 0.000935 0.002036 0.012080 0.010428 0.004016 0.000646 0.000556 0.001108 0.009551 0.002260 0.000602 0.000761 0.002100 0.007090 0.000706 0.011754 0.000972 0.001479 0.006785 0.005262 0.024279 0.000474 0.214176 0.001503 0.000461 0.000642 0.008401 0.000506 0.034678 0.005638 0.003713
0.704619 0.000414 0.001259 0.033329 0.013716 0.004393 0.000527 0.000432 0.001166 0.005475 0.000463 0.000432 0.000471 0.000798 0.005776 0.000718 0.010155 0.000629 0.000719 0.003458 0.002214 0.011702 0.000340 0.168894 0.000414 0.000220 0.000252 0.005481 0.000257 0.016539 0.002155 0.002586
0.765646 0.000553 0.000543 0.002709 0.001545 0.001673 0.000393 0.000275 0.000376 0.008677 0.001617 0.000324 0.000364 0.000776 0.005608 0.000882 0.016289 0.000390 0.000443 0.009543 0.006934 0.010170 0.000397 0.109556 0.000688 0.000205 0.000496 0.007454 0.000458 0.039942 0.003268 0.001805
0.516807 0.000955 0.001001 0.017708 0.076866 0.005969 0.001460 0.000952 0.002670 0.016581 0.001694 0.001605 0.000567 0.002372 0.016073 0.001969 0.024128 0.001039 0.001758 0.028566 0.008424 0.075104 0.000967 0.108704 0.001601 0.000985 0.001743 0.014392 0.001383 0.043926 0.017722 0.004308
0.322720 0.002245 0.009005 0.020155 0.035594 0.011039 0.006155 0.002956 0.006083 0.028727 0.003868 0.002510 0.001072 0.007669 0.024575 0.002402 0.038828 0.012936 0.004943 0.063656 0.017224 0.114809 0.002225 0.022285 0.003691 0.007121 0.002298 0.042521 0.007245 0.044985 0.114875 0.013582
