cabinet 484 201 590 300 0.772401 0.200203
cabinet 335 196 390 241 0.202691 0.568087
cabinet 21 45 291 209 0.177118 0.309837
cabinet 368 213 373 218 0.112228 0.689140
chair 427 319 570 439 0.997151 0.002809
chair 144 276 234 417 0.981097 0.018759
chair 231 336 316 434 0.868071 0.123177
chair 253 269 381 358 0.862775 0.135526
chair 308 333 385 431 0.846704 0.152662
chair 3 290 66 409 0.84509 0.112112
chair 448 245 539 319 0.801117 0.193621
chair 334 269 389 339 0.736489 0.261256
chair 241 253 331 314 0.677 0.302147
chair 305 244 321 249 0.634785 0.315348
chair 316 260 351 323 0.628673 0.368456
chair 313 253 331 305 0.617911 0.374469
chair 489 244 528 290 0.601506 0.386605
chair 256 240 294 283 0.592601 0.362529
chair 289 246 310 283 0.591339 0.402302
chair 420 234 492 295 0.538808 0.454374
chair 287 329 363 376 0.527215 0.470651
chair 113 234 195 339 0.526651 0.460366
chair 498 267 537 304 0.509629 0.478457
chair 427 287 494 340 0.507715 0.450980
chair 282 335 335 354 0.483586 0.510738
chair 383 267 433 290 0.414144 0.510752
chair 325 253 331 274 0.375102 0.569826
chair 289 245 371 295 0.373759 0.576713
chair 326 343 335 351 0.368204 0.629378
chair 138 323 224 355 0.367318 0.629619
chair 367 260 415 329 0.340033 0.623847
chair 180 270 223 349 0.33747 0.662428
chair 380 224 408 263 0.335732 0.637127
chair 325 336 350 351 0.33421 0.664293
chair 5 380 43 408 0.333643 0.602656
chair 281 239 294 257 0.328729 0.620500
chair 398 276 448 316 0.324342 0.643362
chair 127 266 191 300 0.322465 0.655646
chair 280 256 292 267 0.31392 0.674619
chair 256 314 320 354 0.312491 0.678095
chair 461 302 485 313 0.310655 0.674606
chair 308 242 337 275 0.296785 0.608275
chair 8 310 68 336 0.288317 0.676843
chair 387 247 405 262 0.282724 0.684610
chair 386 231 448 292 0.282064 0.712573
chair 323 245 337 254 0.281367 0.659211
chair 293 239 308 246 0.259646 0.644299
chair 368 270 391 279 0.258583 0.710208
chair 324 232 423 310 0.252684 0.712232
chair 163 437 171 440 0.249897 0.633059
chair 308 241 325 257 0.248397 0.633763
chair 486 308 494 312 0.246925 0.746670
chair 312 315 375 348 0.242303 0.757346
chair 160 233 197 304 0.22872 0.770277
chair 47 306 66 362 0.225867 0.756751
chair 416 278 434 290 0.222497 0.758557
chair 398 280 403 282 0.221214 0.760851
chair 271 330 303 340 0.220433 0.773792
chair 266 221 288 258 0.219969 0.718469
chair 179 259 183 280 0.218059 0.780124
chair 0 394 67 437 0.21612 0.593364
chair 434 290 486 307 0.214685 0.752381
chair 291 238 294 243 0.206515 0.694495
chair 489 242 498 282 0.203839 0.785714
chair 561 326 590 437 0.199895 0.467771
chair 336 256 337 261 0.190645 0.784977
chair 368 270 378 273 0.189151 0.794516
chair 218 277 255 299 0.188012 0.802261
chair 337 257 352 270 0.184984 0.797116
chair 159 384 293 437 0.184245 0.772736
chair 384 268 406 283 0.182722 0.747572
chair 135 254 291 314 0.181281 0.808717
chair 136 293 211 323 0.176739 0.822655
chair 375 272 379 273 0.174575 0.809816
chair 424 228 453 279 0.17422 0.817927
chair 333 245 376 273 0.174181 0.731832
chair 329 340 332 345 0.173371 0.823227
chair 16 265 78 323 0.171368 0.783784
chair 432 290 447 297 0.168975 0.822138
chair 69 228 86 300 0.168106 0.805685
chair 174 243 183 281 0.167738 0.829787
chair 14 302 68 319 0.167419 0.795525
chair 0 328 53 351 0.164401 0.794839
chair 40 319 54 326 0.16242 0.828961
chair 291 229 317 246 0.160417 0.732994
chair 302 346 329 356 0.159551 0.839380
chair 280 222 323 298 0.157807 0.819688
chair 495 430 509 435 0.152332 0.793550
chair 180 250 198 293 0.150472 0.848711
chair 309 218 354 255 0.150426 0.699526
chair 0 339 50 384 0.147947 0.772668
chair 463 234 496 245 0.147841 0.829364
chair 327 218 397 263 0.145266 0.672285
chair 130 269 171 277 0.143659 0.810367
chair 167 272 175 279 0.141291 0.849301
chair 72 257 159 299 0.135806 0.831140
chair 280 228 298 243 0.134052 0.764177
chair 203 344 218 372 0.133485 0.857706
chair 191 256 194 260 0.13299 0.826446
chair 172 276 194 293 0.132146 0.867733
chair 367 221 386 255 0.129711 0.656526
chair 250 230 266 258 0.129651 0.810267
chair 353 257 400 272 0.129575 0.787969
chair 193 255 210 321 0.125653 0.874138
chair 450 286 525 312 0.124111 0.858832
chair 222 287 230 295 0.12399 0.867552
chair 460 225 511 278 0.12283 0.864984
chair 197 326 218 349 0.122657 0.876034
chair 222 277 232 288 0.120062 0.865184
chair 403 261 414 266 0.114838 0.803131
chair 8 272 68 289 0.11329 0.852880
chair 150 342 222 375 0.112242 0.887339
chair 356 264 369 270 0.11161 0.869044
chair 520 0 590 73 0.105522 0.693524
chair 378 261 413 272 0.103888 0.743425
chair 48 331 56 342 0.100741 0.889914
picture 291 152 305 177 0.24869 0.450421
picture 350 1 365 7 0.134858 0.727215
counter 0 75 12 79 0.124472 0.775471
mirror 321 0 379 225 0.12708 0.719978
paper 2 0 32 43 0.314759 0.096279
paper 18 0 83 41 0.255417 0.122532
paper 254 37 274 49 0.163197 0.731592
paper 224 29 281 40 0.14085 0.766383
paper 221 66 232 70 0.132102 0.743207
paper 587 157 590 194 0.117572 0.314890
box 183 1 335 39 0.430155 0.470895
box 278 125 316 205 0.384365 0.393206
box 337 195 353 213 0.349977 0.602402
box 17 1 90 41 0.251596 0.122532
box 326 1 352 10 0.241584 0.736800
box 333 198 356 240 0.230116 0.392302
box 321 2 351 28 0.224407 0.762663
box 2 0 36 42 0.216842 0.096279
box 291 202 291 203 0.195909 0.709644
box 290 205 293 217 0.193567 0.719813
box 304 211 311 226 0.186392 0.512590
box 285 195 297 204 0.182209 0.685903
box 324 214 330 234 0.158967 0.652998
box 290 206 304 231 0.148252 0.707683
box 568 336 590 430 0.142198 0.453298
box 291 152 306 175 0.124393 0.450421
box 273 199 303 236 0.108643 0.748961
box 250 316 269 324 0.107698 0.868544
box 345 3 354 12 0.10395 0.833974
box 294 171 305 175 0.103443 0.708641
box 572 425 576 430 0.101127 0.734834
whiteboard 1 119 220 224 0.997147 0.001174
whiteboard 35 12 344 248 0.843887 0.146939
whiteboard 373 8 506 259 0.836509 0.129778
whiteboard 238 31 372 247 0.194531 0.769100
whiteboard 208 122 305 241 0.180171 0.738591
person 277 217 289 223 0.113353 0.696753
garbage_bin 538 114 590 202 0.143347 0.621298
