0.033673 0.965781 0.000000 0.000001 0.000001 0.000000 0.000015 0.000000 0.000003 0.000005 0.000361 0.000002 0.000000 0.000126 0.000000 0.000001 0.000000 0.000010 0.000000 0.000000 0.000000 0.000000 0.000003 0.000000 0.000002 0.000002 0.000003 0.000000 0.000004 0.000000 0.000002 0.000000
0.807337 0.189068 0.000001 0.000021 0.000061 0.000004 0.000156 0.000015 0.000051 0.000076 0.002142 0.000098 0.000001 0.000012 0.000000 0.000022 0.000002 0.000130 0.000003 0.000001 0.000000 0.000001 0.000752 0.000003 0.000001 0.000010 0.000014 0.000002 0.000010 0.000000 0.000004 0.000001
0.733426 0.177865 0.005546 0.007308 0.005837 0.006006 0.005455 0.000777 0.001854 0.000610 0.007639 0.003037 0.002118 0.003429 0.000121 0.002060 0.000691 0.006473 0.011935 0.000310 0.000412 0.000906 0.006406 0.000198 0.001130 0.001301 0.001397 0.000726 0.001535 0.000388 0.002383 0.000718
0.748947 0.149349 0.000015 0.001438 0.000289 0.000453 0.038592 0.001407 0.000584 0.001723 0.003354 0.003857 0.000015 0.000376 0.000035 0.027203 0.000366 0.004710 0.004892 0.000350 0.000346 0.000464 0.006084 0.000163 0.000120 0.000873 0.000987 0.000647 0.000385 0.000301 0.001142 0.000533
0.513475 0.101713 0.000493 0.022306 0.003051 0.009289 0.035242 0.006099 0.005133 0.014737 0.016797 0.014025 0.001880 0.003507 0.001028 0.033029 0.006601 0.010118 0.022921 0.008233 0.006676 0.029742 0.086313 0.004235 0.001865 0.001527 0.009996 0.004402 0.004754 0.005244 0.008031 0.007539
0.627780 0.007610 0.141817 0.003204 0.053155 0.025325 0.001454 0.000888 0.063719 0.001415 0.018095 0.001316 0.006813 0.002436 0.000502 0.000393 0.000628 0.007515 0.009940 0.001381 0.001646 0.003687 0.000342 0.000873 0.000766 0.001565 0.004807 0.000472 0.002982 0.000687 0.005988 0.000799
0.008106 0.000000 0.000000 0.991890 0.000000 0.000004 0.000000 0.000000 0.000000 0.000000 0.000000 0.000000 0.000000 0.000000 0.000000 0.000000 0.000000 0.000000 0.000000 0.000000 0.000000 0.000000 0.000000 0.000000 0.000000 0.000000 0.000000 0.000000 0.000000 0.000000 0.000000 0.000000
0.016857 0.000007 0.000003 0.979955 0.000171 0.002736 0.000002 0.000001 0.000010 0.000009 0.000007 0.000002 0.000039 0.000005 0.000024 0.000003 0.000028 0.000004 0.000004 0.000004 0.000013 0.000010 0.000001 0.000042 0.000004 0.000002 0.000001 0.000007 0.000000 0.000032 0.000006 0.000009
0.207285 0.000188 0.000541 0.762959 0.008633 0.007666 0.000160 0.000092 0.000092 0.000341 0.000314 0.000098 0.000453 0.000212 0.002331 0.000068 0.000830 0.000254 0.000105 0.000470 0.000730 0.001457 0.000071 0.000756 0.000244 0.000216 0.000206 0.000354 0.000094 0.001092 0.001275 0.000414
0.446307 0.000355 0.000001 0.546104 0.000219 0.004264 0.000039 0.000026 0.000247 0.000234 0.000323 0.000079 0.000096 0.000017 0.000055 0.000026 0.000088 0.000060 0.000029 0.000262 0.000051 0.000307 0.000035 0.000090 0.000015 0.000067 0.000012 0.000303 0.000003 0.000077 0.000104 0.000102
0.523869 0.000042 0.000000 0.469299 0.000064 0.006008 0.000007 0.000004 0.000033 0.000033 0.000049 0.000007 0.000069 0.000003 0.000027 0.000004 0.000024 0.000011 0.000003 0.000117 0.000018 0.000134 0.000005 0.000023 0.000004 0.000007 0.000003 0.000081 0.000001 0.000022 0.000014 0.000014
0.580715 0.000004 0.000003 0.414993 0.000064 0.003491 0.000008 0.000003 0.000009 0.000021 0.000023 0.000003 0.000162 0.000006 0.000030 0.000002 0.000032 0.000028 0.000002 0.000100 0.000018 0.000079 0.000005 0.000019 0.000015 0.000010 0.000009 0.000028 0.000003 0.000033 0.000058 0.000023
0.575440 0.000164 0.000075 0.314137 0.000274 0.004464 0.000209 0.000087 0.000179 0.001234 0.000192 0.000141 0.000636 0.000803 0.002184 0.000314 0.025206 0.000261 0.000260 0.001241 0.026763 0.003953 0.000075 0.012010 0.000800 0.000147 0.000157 0.003077 0.000031 0.020578 0.003030 0.001879
0.632460 0.000053 0.000668 0.304831 0.016218 0.005620 0.000192 0.000110 0.000238 0.000796 0.000255 0.000159 0.000399 0.000317 0.018125 0.000168 0.006259 0.000162 0.000182 0.001241 0.001434 0.000974 0.000064 0.002806 0.000309 0.000169 0.000164 0.000362 0.000098 0.003940 0.000788 0.000439
0.704034 0.000000 0.000000 0.295697 0.000000 0.000267 0.000000 0.000000 0.000000 0.000000 0.000000 0.000000 0.000001 0.000000 0.000000 0.000000 0.000000 0.000000 0.000000 0.000000 0.000000 0.000000 0.000000 0.000000 0.000000 0.000000 0.000000 0.000000 0.000000 0.000000 0.000000 0.000000
0.731282 0.000002 0.000081 0.261529 0.000203 0.004073 0.000001 0.000001 0.000004 0.000035 0.000001 0.000002 0.000116 0.000014 0.001344 0.000001 0.000235 0.000001 0.000002 0.000149 0.000009 0.000107 0.000001 0.000582 0.000005 0.000001 0.000001 0.000052 0.000001 0.000124 0.000013 0.000028
0.742561 0.000000 0.000000 0.257334 0.000000 0.000102 0.000000 0.000000 0.000000 0.000000 0.000000 0.000000 0.000000 0.000000 0.000000 0.000000 0.000000 0.000000 0.000000 0.000001 0.000000 0.000001 0.000000 0.000000 0.000000 0.000000 0.000000 0.000000 0.000000 0.000000 0.000001 0.000000
0.766457 0.000605 0.000004 0.222518 0.000247 0.001401 0.000942 0.000080 0.000538 0.000784 0.000295 0.000206 0.000073 0.000062 0.000079 0.000071 0.000136 0.000280 0.000073 0.000741 0.000094 0.000627 0.000711 0.000227 0.000036 0.000593 0.000035 0.001112 0.000013 0.000152 0.000495 0.000313
0.737557 0.000014 0.000185 0.218450 0.011327 0.002884 0.000040 0.000032 0.000092 0.000513 0.000097 0.000039 0.000086 0.000111 0.018573 0.000053 0.003492 0.000071 0.000071 0.000562 0.000827 0.000570 0.000013 0.000657 0.000102 0.000052 0.000034 0.000148 0.000029 0.002807 0.000384 0.000128
0.782599 0.000000 0.000000 0.216236 0.000002 0.001158 0.000000 0.000000 0.000000 0.000000 0.000000 0.000000 0.000001 0.000000 0.000000 0.000000 0.000000 0.000000 0.000000 0.000001 0.000000 0.000000 0.000000 0.000000 0.000000 0.000000 0.000000 0.000000 0.000000 0.000000 0.000000 0.000000
0.432125 0.002016 0.001729 0.204180 0.007211 0.032743 0.005661 0.002072 0.000843 0.007450 0.006391 0.001200 0.002980 0.006634 0.019508 0.002303 0.011504 0.010468 0.003368 0.032940 0.018068 0.058302 0.002795 0.004874 0.013900 0.008977 0.002539 0.010494 0.003898 0.020357 0.054844 0.007627
0.824838 0.000004 0.000000 0.173818 0.000009 0.000313 0.000001 0.000002 0.000013 0.000044 0.000006 0.000002 0.000016 0.000001 0.000040 0.000002 0.000011 0.000005 0.000003 0.000176 0.000012 0.000563 0.000003 0.000022 0.000002 0.000001 0.000001 0.000023 0.000000 0.000042 0.000002 0.000025
0.826917 0.000085 0.000007 0.168169 0.000251 0.001538 0.000043 0.000018 0.000172 0.000102 0.000408 0.000017 0.000250 0.000020 0.000108 0.000017 0.000068 0.000079 0.000014 0.000547 0.000053 0.000411 0.000113 0.000074 0.000055 0.000037 0.000113 0.000121 0.000016 0.000056 0.000069 0.000056
0.660543 0.000342 0.000710 0.149864 0.004258 0.018528 0.001473 0.000582 0.002026 0.013465 0.001321 0.001471 0.002695 0.002385 0.007968 0.000849 0.018688 0.001740 0.006405 0.021391 0.008694 0.007990 0.000583 0.010547 0.002054 0.000534 0.000355 0.003700 0.000488 0.037456 0.006425 0.004473
0.503633 0.000808 0.000277 0.145523 0.000545 0.036347 0.008259 0.001886 0.001912 0.011190 0.004347 0.000774 0.000520 0.001061 0.001429 0.003754 0.005041 0.011631 0.006154 0.056254 0.022960 0.108894 0.008130 0.004071 0.001758 0.000838 0.000451 0.010071 0.000276 0.013857 0.020397 0.006952
0.707192 0.022722 0.000328 0.125518 0.000667 0.004715 0.015743 0.001696 0.000830 0.003671 0.003452 0.001541 0.000415 0.001721 0.000257 0.011656 0.001567 0.015084 0.015479 0.003174 0.002649 0.014784 0.021370 0.001086 0.000936 0.001565 0.004232 0.001556 0.001166 0.002336 0.003184 0.007710
0.850883 0.000034 0.000000 0.116860 0.000009 0.031641 0.000002 0.000002 0.000009 0.000021 0.000087 0.000002 0.000335 0.000001 0.000004 0.000002 0.000004 0.000007 0.000002 0.000021 0.000003 0.000014 0.000005 0.000010 0.000002 0.000003 0.000003 0.000015 0.000001 0.000003 0.000003 0.000010
0.867703 0.000125 0.000133 0.111175 0.000572 0.006274 0.000374 0.000078 0.000099 0.000553 0.000322 0.000060 0.000108 0.000208 0.000356 0.000084 0.000381 0.000492 0.000086 0.002273 0.000401 0.003585 0.000076 0.000543 0.000354 0.000155 0.000126 0.000495 0.000055 0.000694 0.001641 0.000417
0.890098 0.000002 0.000000 0.109413 0.000011 0.000322 0.000001 0.000000 0.000004 0.000002 0.000022 0.000000 0.000029 0.000000 0.000003 0.000000 0.000002 0.000003 0.000000 0.000039 0.000001 0.000020 0.000003 0.000001 0.000002 0.000001 0.000005 0.000005 0.000000 0.000002 0.000006 0.000002
0.110137 0.000518 0.002649 0.031442 0.000245 0.829583 0.000073 0.000207 0.000166 0.001225 0.001763 0.000089 0.005746 0.000287 0.000650 0.000121 0.000492 0.000545 0.000143 0.004978 0.000669 0.001964 0.000392 0.000532 0.000503 0.000285 0.000630 0.001557 0.000300 0.000665 0.000893 0.000551
0.287786 0.000356 0.000700 0.007118 0.000093 0.580663 0.000082 0.000265 0.000148 0.014520 0.004832 0.000067 0.000598 0.000261 0.000972 0.000243 0.000889 0.001258 0.000132 0.069508 0.001838 0.009849 0.001675 0.000834 0.000375 0.000570 0.000442 0.007213 0.001533 0.002385 0.002191 0.000604
0.685499 0.000888 0.000005 0.093778 0.000030 0.210590 0.000015 0.000009 0.000353 0.000053 0.000705 0.000010 0.007634 0.000023 0.000006 0.000006 0.000009 0.000074 0.000020 0.000031 0.000006 0.000035 0.000020 0.000075 0.000017 0.000009 0.000012 0.000022 0.000004 0.000009 0.000012 0.000035
0.600998 0.009603 0.034898 0.002052 0.010946 0.037042 0.001577 0.001553 0.199350 0.002932 0.024559 0.002506 0.014278 0.001646 0.000427 0.000723 0.001047 0.004826 0.010249 0.004071 0.001968 0.009114 0.000638 0.001419 0.000898 0.001314 0.006904 0.001293 0.002103 0.001052 0.006498 0.001516
0.601090 0.003301 0.000006 0.000817 0.000096 0.000158 0.023881 0.001295 0.000525 0.161626 0.000087 0.001003 0.000004 0.000142 0.000359 0.169450 0.001172 0.005052 0.017329 0.002180 0.000828 0.002241 0.000657 0.000326 0.000384 0.000250 0.000039 0.000874 0.000041 0.001712 0.001601 0.001476
0.732166 0.027816 0.000007 0.000031 0.001311 0.000003 0.000729 0.000319 0.000371 0.004395 0.222806 0.000552 0.000020 0.001073 0.000139 0.000699 0.000336 0.000723 0.000500 0.000600 0.000425 0.001028 0.000388 0.000158 0.000382 0.000246 0.000947 0.000189 0.000783 0.000345 0.000379 0.000135
0.520276 0.017580 0.000899 0.001984 0.005174 0.004429 0.002258 0.002961 0.002497 0.034857 0.112680 0.001941 0.000799 0.002599 0.016791 0.003860 0.013239 0.001214 0.001907 0.073939 0.031495 0.014526 0.003781 0.012891 0.004592 0.002314 0.023652 0.013920 0.028885 0.019522 0.014722 0.007818
0.561008 0.003679 0.002316 0.001566 0.009557 0.001206 0.014543 0.006424 0.002222 0.017830 0.006566 0.152741 0.000202 0.001178 0.006566 0.002096 0.009951 0.002835 0.002664 0.055669 0.013998 0.023156 0.006313 0.008530 0.002357 0.005842 0.002927 0.014719 0.003074 0.029329 0.026330 0.002605
0.679886 0.001352 0.000619 0.001628 0.001887 0.000754 0.019566 0.002736 0.000693 0.013693 0.003457 0.142773 0.000131 0.000503 0.004083 0.001100 0.007838 0.001617 0.002103 0.032216 0.008886 0.014895 0.000750 0.004397 0.001771 0.003625 0.001474 0.005944 0.000679 0.019914 0.017692 0.001335
0.712574 0.000722 0.000506 0.001222 0.000914 0.000376 0.015494 0.002264 0.000500 0.008187 0.002305 0.134420 0.000087 0.000306 0.004224 0.000755 0.006807 0.001153 0.000587 0.040071 0.010389 0.010464 0.000621 0.003696 0.001236 0.003053 0.001756 0.006463 0.000659 0.018194 0.008977 0.001019
0.644076 0.000171 0.002520 0.099614 0.032941 0.009697 0.000549 0.000404 0.000396 0.003982 0.000924 0.000486 0.000675 0.001366 0.108607 0.000581 0.028760 0.000489 0.001380 0.006747 0.009572 0.004493 0.000202 0.005979 0.001479 0.000456 0.000491 0.001784 0.000500 0.025279 0.003636 0.001767
0.601090 0.003301 0.000006 0.000817 0.000096 0.000158 0.023881 0.001295 0.000525 0.161626 0.000087 0.001003 0.000004 0.000142 0.000359 0.169450 0.001172 0.005052 0.017329 0.002180 0.000828 0.002241 0.000657 0.000326 0.000384 0.000250 0.000039 0.000874 0.000041 0.001712 0.001601 0.001476
0.105378 0.012780 0.000001 0.000009 0.000114 0.000004 0.000743 0.000114 0.000338 0.027955 0.000041 0.000197 0.000000 0.000067 0.000014 0.001986 0.000022 0.000342 0.849009 0.000044 0.000010 0.000166 0.000175 0.000029 0.000064 0.000004 0.000002 0.000015 0.000005 0.000082 0.000068 0.000225
0.693002 0.001238 0.000031 0.001796 0.000354 0.000906 0.001527 0.000507 0.000520 0.016782 0.000516 0.000238 0.000059 0.000309 0.000163 0.002837 0.000147 0.006734 0.256206 0.003407 0.000323 0.003416 0.000399 0.000439 0.000657 0.000148 0.000064 0.000299 0.000115 0.001567 0.002651 0.002641
0.717277 0.000805 0.000022 0.002430 0.001528 0.000120 0.000770 0.000506 0.001939 0.007484 0.000390 0.001034 0.000016 0.000143 0.000078 0.003672 0.000526 0.001182 0.251177 0.000876 0.000336 0.001929 0.000938 0.000177 0.000202 0.000087 0.000093 0.000269 0.000055 0.001019 0.000869 0.002050
0.598995 0.008010 0.000616 0.009817 0.009878 0.003025 0.014150 0.003929 0.003326 0.036028 0.001318 0.009591 0.000103 0.001838 0.002382 0.006270 0.007380 0.006432 0.188413 0.010576 0.003629 0.027132 0.009009 0.008597 0.002134 0.000772 0.000860 0.002729 0.000686 0.010419 0.006437 0.005517
0.782157 0.002533 0.000002 0.000850 0.000064 0.000087 0.001249 0.000333 0.000089 0.031852 0.000036 0.000143 0.000003 0.000052 0.000115 0.004875 0.000234 0.001870 0.168652 0.000543 0.000097 0.000789 0.000101 0.000083 0.000483 0.000016 0.000009 0.000074 0.000014 0.000502 0.000855 0.001235
0.779458 0.000108 0.000012 0.000437 0.000107 0.000351 0.000293 0.000206 0.000105 0.029743 0.000132 0.000094 0.000030 0.000077 0.000373 0.000836 0.000209 0.000865 0.167888 0.008038 0.000335 0.003943 0.000188 0.000275 0.000988 0.000032 0.000020 0.000220 0.000036 0.001467 0.001034 0.002102
0.620279 0.016507 0.000974 0.002523 0.002662 0.003370 0.014587 0.004560 0.002002 0.044683 0.001102 0.009433 0.000063 0.001402 0.001766 0.019065 0.029579 0.004617 0.127774 0.004984 0.011498 0.024543 0.004082 0.009807 0.001606 0.000410 0.001501 0.002884 0.000584 0.023030 0.003424 0.004699
0.457741 0.000201 0.000010 0.001617 0.000220 0.001693 0.000040 0.000286 0.000217 0.005711 0.004019 0.000043 0.000175 0.000061 0.001408 0.000421 0.003791 0.000938 0.000251 0.242064 0.006603 0.224308 0.000743 0.000235 0.000255 0.000548 0.000432 0.011842 0.000901 0.012001 0.020136 0.001090
0.492367 0.000927 0.000284 0.003852 0.000697 0.034727 0.000127 0.000759 0.000480 0.018301 0.011540 0.000152 0.000850 0.000453 0.002980 0.000634 0.003981 0.003981 0.000591 0.237140 0.007841 0.114484 0.003366 0.000987 0.000878 0.001989 0.000689 0.022452 0.005356 0.008520 0.016619 0.001996
0.342343 0.002094 0.001111 0.024332 0.005952 0.039104 0.008993 0.003413 0.003769 0.022588 0.014284 0.003474 0.001419 0.002583 0.008692 0.003176 0.005744 0.008180 0.005887 0.228283 0.020054 0.108528 0.006489 0.008356 0.004749 0.003191 0.001739 0.018896 0.003568 0.013187 0.063973 0.011848
0.313479 0.001166 0.001368 0.009829 0.000409 0.330254 0.000255 0.000868 0.000524 0.030804 0.011843 0.000243 0.001113 0.000811 0.003195 0.000674 0.002938 0.004003 0.000447 0.182932 0.006567 0.041898 0.005128 0.002051 0.001292 0.001675 0.001154 0.019397 0.004366 0.008862 0.008335 0.002119
0.590260 0.000576 0.000143 0.004511 0.001136 0.007313 0.000147 0.000570 0.000528 0.018564 0.006754 0.000327 0.000425 0.000372 0.005065 0.000801 0.008278 0.001075 0.000656 0.175864 0.016375 0.098539 0.003077 0.001056 0.000761 0.002011 0.001284 0.017251 0.004313 0.015616 0.014325 0.002029
0.511568 0.003076 0.001493 0.004044 0.011628 0.010474 0.004650 0.002888 0.004527 0.018468 0.016996 0.002056 0.000972 0.002564 0.007415 0.002434 0.006189 0.008108 0.004876 0.165903 0.018726 0.081243 0.001675 0.003887 0.002561 0.003923 0.005662 0.006018 0.010668 0.012836 0.057297 0.005175
0.493813 0.006013 0.002183 0.003171 0.028345 0.004872 0.003770 0.004212 0.009563 0.041158 0.012758 0.004922 0.000811 0.002026 0.006635 0.001645 0.005518 0.002462 0.009621 0.134412 0.007833 0.095729 0.020634 0.009306 0.003208 0.002576 0.001191 0.017577 0.005032 0.021069 0.031511 0.006423
0.245284 0.005115 0.014276 0.010083 0.038580 0.023020 0.025305 0.012285 0.005912 0.060457 0.022060 0.022387 0.003079 0.007129 0.034955 0.008156 0.022769 0.011099 0.031209 0.123816 0.021334 0.045051 0.009122 0.016742 0.008950 0.013348 0.003963 0.020020 0.012324 0.039793 0.071268 0.011109
0.516569 0.000565 0.000592 0.073719 0.000372 0.015194 0.002055 0.000564 0.000669 0.002232 0.001216 0.000498 0.001238 0.004310 0.001688 0.002374 0.055146 0.004382 0.001830 0.006020 0.166282 0.018932 0.000344 0.027212 0.004197 0.000499 0.000982 0.008102 0.000193 0.057547 0.019247 0.005229
0.457741 0.000201 0.000010 0.001617 0.000220 0.001693 0.000040 0.000286 0.000217 0.005711 0.004019 0.000043 0.000175 0.000061 0.001408 0.000421 0.003791 0.000938 0.000251 0.242064 0.006603 0.224308 0.000743 0.000235 0.000255 0.000548 0.000432 0.011842 0.000901 0.012001 0.020136 0.001090
0.497465 0.000547 0.000037 0.003389 0.000613 0.005272 0.000094 0.000442 0.000389 0.010480 0.005922 0.000097 0.000359 0.000140 0.001947 0.000839 0.004342 0.002041 0.000419 0.227967 0.007636 0.164800 0.001361 0.000450 0.000464 0.001319 0.000664 0.022530 0.001849 0.010589 0.023850 0.001687
0.719156 0.000032 0.000026 0.001590 0.000260 0.000102 0.000047 0.000101 0.000292 0.005120 0.001448 0.000041 0.000072 0.000059 0.001511 0.000134 0.001591 0.000222 0.000256 0.084252 0.008481 0.154630 0.000551 0.000411 0.000165 0.000129 0.002091 0.004660 0.000179 0.008641 0.001945 0.001805
0.726026 0.001616 0.000084 0.003680 0.000142 0.000605 0.010636 0.001141 0.005206 0.020696 0.000594 0.000486 0.000028 0.000631 0.000488 0.027148 0.001270 0.010177 0.004507 0.036044 0.002390 0.117428 0.001135 0.000591 0.000477 0.000887 0.000873 0.008742 0.000116 0.004255 0.006054 0.005847
0.621991 0.004419 0.000996 0.051994 0.004687 0.016911 0.001065 0.001313 0.003001 0.013231 0.008380 0.001188 0.003910 0.001372 0.006330 0.001401 0.003337 0.004796 0.004141 0.058374 0.009804 0.111411 0.001843 0.006666 0.002684 0.001978 0.008612 0.006403 0.007450 0.013127 0.009870 0.007314
0.503633 0.000808 0.000277 0.145523 0.000545 0.036347 0.008259 0.001886 0.001912 0.011190 0.004347 0.000774 0.000520 0.001061 0.001429 0.003754 0.005041 0.011631 0.006154 0.056254 0.022960 0.108894 0.008130 0.004071 0.001758 0.000838 0.000451 0.010071 0.000276 0.013857 0.020397 0.006952
0.342343 0.002094 0.001111 0.024332 0.005952 0.039104 0.008993 0.003413 0.003769 0.022588 0.014284 0.003474 0.001419 0.002583 0.008692 0.003176 0.005744 0.008180 0.005887 0.228283 0.020054 0.108528 0.006489 0.008356 0.004749 0.003191 0.001739 0.018896 0.003568 0.013187 0.063973 0.011848
0.751445 0.007963 0.000676 0.014075 0.000582 0.002898 0.005886 0.001181 0.002521 0.005299 0.002952 0.001012 0.000187 0.002933 0.002574 0.004875 0.010988 0.001436 0.003001 0.010774 0.005122 0.102890 0.000520 0.001724 0.001608 0.003965 0.002014 0.017185 0.000556 0.010807 0.016194 0.004158
0.525232 0.036518 0.000179 0.086835 0.000996 0.003469 0.027299 0.002802 0.000889 0.005077 0.002949 0.004580 0.000192 0.000925 0.000238 0.023423 0.001195 0.009658 0.013936 0.003073 0.001605 0.006952 0.225505 0.001076 0.000744 0.001489 0.001842 0.002120 0.001572 0.001644 0.001505 0.004478
0.348288 0.007747 0.006140 0.007815 0.021565 0.011243 0.033443 0.009675 0.004706 0.028476 0.019486 0.065381 0.002313 0.006394 0.014688 0.005061 0.020403 0.008880 0.011685 0.066787 0.022026 0.036397 0.005062 0.013306 0.007874 0.023275 0.008576 0.022852 0.008517 0.039446 0.106647 0.005849
0.382787 0.006130 0.004390 0.006794 0.023572 0.008232 0.022818 0.007614 0.003676 0.027780 0.016519 0.051133 0.001498 0.004797 0.011732 0.004068 0.018444 0.007001 0.008208 0.074789 0.021321 0.047549 0.005378 0.012503 0.005352 0.021056 0.008191 0.027699 0.008069 0.041247 0.103980 0.005674
