chair 67 206 216 430 0.98161 0.017864
chair 273 253 513 440 0.715809 0.116262
chair 414 212 425 230 0.369423 0.622102
chair 416 210 447 235 0.346353 0.643254
chair 406 432 415 435 0.318443 0.233966
chair 424 210 432 231 0.296717 0.693422
chair 428 197 441 202 0.289841 0.577380
chair 425 188 521 237 0.280825 0.578887
chair 315 183 333 202 0.280544 0.716313
chair 429 203 452 211 0.232665 0.748295
chair 428 188 455 214 0.221673 0.731846
chair 304 184 362 212 0.210025 0.760296
chair 326 187 332 197 0.194271 0.800679
chair 209 176 214 204 0.191743 0.794143
chair 300 182 312 197 0.191031 0.798638
chair 248 178 322 212 0.182596 0.658952
chair 202 179 207 186 0.181736 0.794334
chair 99 195 112 212 0.16657 0.760743
chair 400 434 413 440 0.165048 0.268498
chair 385 218 524 279 0.16088 0.740101
chair 197 174 202 186 0.160706 0.775023
chair 7 192 70 264 0.160672 0.616309
chair 87 237 91 239 0.144528 0.854921
chair 289 324 402 421 0.143431 0.791665
chair 76 215 117 259 0.143048 0.839418
chair 176 185 413 236 0.141407 0.844249
chair 137 187 379 320 0.130199 0.724200
chair 321 201 330 204 0.128232 0.865094
chair 473 217 515 237 0.126865 0.843731
chair 217 178 226 204 0.124103 0.863124
chair 497 197 521 234 0.102736 0.869080
chair 345 196 469 243 0.100821 0.831244
sofa 76 174 223 212 0.788366 0.195587
sofa 156 171 201 195 0.379659 0.502550
sofa 310 184 511 276 0.374006 0.588763
sofa 320 184 398 206 0.371069 0.511674
sofa 431 198 517 260 0.311827 0.597283
sofa 290 182 422 228 0.226883 0.668986
sofa 93 161 203 188 0.148247 0.767553
sofa 427 197 441 202 0.108361 0.577380
sofa 515 229 587 274 0.100381 0.712658
table 151 214 401 433 0.990472 0.006000
table 1 194 52 273 0.458296 0.381552
table 168 214 240 434 0.252705 0.676188
table 225 178 298 214 0.249846 0.475034
table 283 315 434 436 0.206018 0.323634
table 0 172 16 180 0.143224 0.704518
table 141 228 465 291 0.130217 0.843419
table 405 432 414 435 0.122695 0.233966
table 300 235 493 358 0.112619 0.783167
picture 0 77 21 117 0.888588 0.100937
picture 1 104 23 116 0.633788 0.348631
picture 537 187 589 239 0.591528 0.284031
picture 61 90 101 124 0.590755 0.370452
picture 550 111 571 136 0.551476 0.254154
picture 546 186 581 209 0.338283 0.562946
picture 21 36 204 118 0.290322 0.691391
picture 64 121 104 132 0.236824 0.740700
picture 1 116 17 117 0.195315 0.745379
picture 579 189 590 218 0.152879 0.697270
picture 556 201 580 226 0.124388 0.820235
picture 567 125 570 136 0.120042 0.818201
picture 415 104 433 147 0.107633 0.766782
picture 545 136 569 142 0.100541 0.663266
counter 512 229 590 319 0.101059 0.723538
desk 265 222 506 440 0.199358 0.582177
desk 238 175 296 198 0.154388 0.490957
pillow 328 185 392 209 0.138743 0.735066
tv 286 0 308 2 0.185192 0.731804
paper 440 20 467 31 0.243794 0.538197
paper 584 217 586 228 0.214593 0.255718
paper 352 43 415 60 0.181281 0.484374
paper 550 120 564 131 0.169779 0.528517
paper 439 24 439 29 0.165507 0.641667
paper 410 37 413 44 0.159112 0.807517
paper 432 189 441 192 0.134829 0.553879
paper 585 124 590 124 0.105117 0.414462
box 522 206 586 237 0.343925 0.425670
box 583 216 587 228 0.212317 0.255718
box 432 189 440 192 0.150278 0.553879
box 544 136 570 141 0.127491 0.663266
box 320 157 324 165 0.122221 0.655145
box 539 233 569 240 0.114225 0.674873
box 241 175 292 193 0.107365 0.530283
whiteboard 419 102 480 213 0.140517 0.720789
whiteboard 414 108 432 206 0.113619 0.801013
lamp 353 42 412 60 0.113847 0.484374
bag 358 411 413 440 0.186679 0.602160
bag 359 426 376 440 0.113907 0.702087
garbage_bin 478 280 482 283 0.350117 0.646329
garbage_bin 470 267 524 335 0.349296 0.637469
garbage_bin 505 265 586 354 0.194219 0.741837
