0.613689 0.000221 0.000206 0.307933 0.011743 0.005051 0.000204 0.000313 0.000883 0.001243 0.001021 0.000383 0.000462 0.000365 0.017711 0.000182 0.002804 0.000252 0.000335 0.003696 0.001649 0.012283 0.000120 0.002581 0.000457 0.000140 0.000701 0.002003 0.000137 0.006664 0.002548 0.002019
0.696003 0.000146 0.000175 0.281971 0.002821 0.004792 0.000075 0.000089 0.000770 0.000411 0.000310 0.000119 0.001232 0.000164 0.001187 0.000063 0.000625 0.000144 0.000124 0.001511 0.000233 0.002673 0.000057 0.001567 0.000195 0.000069 0.000246 0.000449 0.000062 0.000896 0.000396 0.000423
0.584711 0.000510 0.001715 0.257779 0.039821 0.046419 0.000219 0.000302 0.002327 0.001435 0.001352 0.000167 0.021454 0.001038 0.005343 0.000161 0.002579 0.000420 0.001261 0.005315 0.000883 0.008497 0.000217 0.003566 0.003668 0.000154 0.000366 0.001321 0.000180 0.004208 0.000956 0.001657
0.650944 0.000853 0.000944 0.214247 0.003504 0.019023 0.000466 0.000386 0.002979 0.004358 0.000459 0.000494 0.009218 0.001220 0.002270 0.000361 0.001934 0.001059 0.001173 0.035292 0.001253 0.024159 0.001027 0.003225 0.002566 0.000621 0.000649 0.006454 0.000252 0.004330 0.001684 0.002593
0.777766 0.000057 0.000112 0.205258 0.002652 0.007451 0.000015 0.000033 0.000306 0.000237 0.000122 0.000011 0.001635 0.000080 0.000633 0.000022 0.000295 0.000035 0.000101 0.000513 0.000070 0.000906 0.000009 0.000525 0.000169 0.000008 0.000015 0.000107 0.000010 0.000618 0.000073 0.000156
0.350001 0.041543 0.000733 0.201705 0.030862 0.021992 0.008567 0.003869 0.010957 0.019161 0.019620 0.004296 0.014713 0.009730 0.007284 0.002895 0.005524 0.014808 0.017283 0.018119 0.007339 0.063991 0.019996 0.008516 0.011263 0.003591 0.007153 0.009787 0.004264 0.019254 0.032880 0.008303
0.768765 0.000391 0.000056 0.181845 0.000764 0.032227 0.000087 0.000086 0.000462 0.000640 0.000545 0.000126 0.000266 0.000109 0.001839 0.000078 0.000415 0.000159 0.000105 0.002907 0.000273 0.003071 0.000053 0.000262 0.000241 0.000106 0.000407 0.001517 0.000093 0.000642 0.001044 0.000419
0.685796 0.002872 0.000548 0.162890 0.021879 0.024570 0.001450 0.001624 0.005425 0.004545 0.002681 0.001930 0.000983 0.001557 0.020102 0.001001 0.004926 0.002078 0.001406 0.005738 0.002596 0.012262 0.000619 0.001623 0.002151 0.000852 0.002073 0.007344 0.000726 0.005402 0.007216 0.003139
0.694061 0.002821 0.000516 0.155385 0.004521 0.010104 0.001256 0.001000 0.015996 0.013233 0.001547 0.001477 0.002397 0.001191 0.001781 0.000936 0.002034 0.003060 0.002459 0.013079 0.000932 0.028080 0.000935 0.005152 0.001290 0.000589 0.000799 0.016371 0.000221 0.004308 0.004608 0.007861
0.674256 0.010480 0.000153 0.146311 0.005129 0.011771 0.001164 0.001087 0.006351 0.013510 0.013215 0.001005 0.005635 0.000791 0.001884 0.001164 0.001465 0.001126 0.001520 0.021391 0.002326 0.051482 0.004350 0.001900 0.001703 0.000526 0.001780 0.007175 0.000851 0.004015 0.001690 0.002796
0.796421 0.000318 0.000379 0.144426 0.003401 0.028274 0.000057 0.000116 0.001172 0.000584 0.001233 0.000048 0.013372 0.000294 0.000616 0.000080 0.000496 0.000132 0.000374 0.001454 0.000155 0.002218 0.000064 0.001474 0.000787 0.000032 0.000091 0.000255 0.000048 0.000913 0.000226 0.000491
0.810167 0.000869 0.000834 0.125847 0.004046 0.026805 0.000142 0.000222 0.002518 0.002039 0.001544 0.000174 0.002701 0.000581 0.001585 0.000157 0.000680 0.000252 0.000579 0.004344 0.000359 0.006797 0.000178 0.001475 0.001238 0.000058 0.000092 0.000844 0.000064 0.001685 0.000385 0.000741
0.868038 0.000073 0.000022 0.118914 0.000185 0.001078 0.000040 0.000041 0.000837 0.000720 0.000095 0.000099 0.000059 0.000028 0.000610 0.000051 0.000187 0.000063 0.000138 0.002534 0.000102 0.003451 0.000027 0.000446 0.000066 0.000028 0.000056 0.000949 0.000011 0.000510 0.000141 0.000400
0.865604 0.000018 0.000030 0.112474 0.000241 0.004739 0.000012 0.000016 0.000083 0.000223 0.000070 0.000017 0.000464 0.000052 0.001364 0.000015 0.000357 0.000034 0.000043 0.003436 0.000267 0.006429 0.000008 0.000607 0.000101 0.000021 0.000078 0.000478 0.000017 0.001604 0.000490 0.000607
0.434212 0.000878 0.000117 0.110081 0.000156 0.285774 0.000080 0.000104 0.000711 0.000170 0.003905 0.000039 0.154241 0.000461 0.000053 0.000053 0.000085 0.000851 0.000183 0.000807 0.000254 0.001852 0.000032 0.000177 0.000616 0.000278 0.001710 0.000271 0.000197 0.000161 0.001209 0.000282
0.674201 0.011217 0.000715 0.051746 0.104685 0.010158 0.001478 0.001287 0.007060 0.004704 0.023890 0.001597 0.017844 0.001540 0.002197 0.000611 0.001248 0.003618 0.003276 0.006150 0.001638 0.022438 0.009550 0.003571 0.002946 0.001681 0.010362 0.003298 0.002293 0.003176 0.006329 0.003496
0.084105 0.000044 0.000001 0.000132 0.000000 0.336843 0.000000 0.000000 0.000019 0.000000 0.000024 0.000000 0.578809 0.000003 0.000000 0.000000 0.000000 0.000015 0.000000 0.000000 0.000000 0.000001 0.000000 0.000000 0.000001 0.000000 0.000000 0.000000 0.000000 0.000000 0.000000 0.000000
0.101358 0.001163 0.000054 0.001282 0.000328 0.293767 0.000041 0.000026 0.001057 0.000052 0.002286 0.000020 0.596219 0.000187 0.000012 0.000013 0.000026 0.000102 0.000058 0.000081 0.000021 0.000143 0.000050 0.000048 0.000846 0.000062 0.000287 0.000084 0.000054 0.000025 0.000172 0.000078
0.530835 0.019976 0.000138 0.006663 0.000076 0.180470 0.000067 0.000068 0.001979 0.000291 0.002586 0.000026 0.173773 0.004404 0.000052 0.000027 0.000124 0.001459 0.000910 0.000447 0.000133 0.002596 0.000022 0.000219 0.067592 0.000102 0.000293 0.000214 0.000040 0.000298 0.003543 0.000579
0.278155 0.002256 0.000005 0.000100 0.000091 0.000004 0.007646 0.001056 0.000137 0.653425 0.000047 0.007991 0.000000 0.000041 0.000733 0.017823 0.001478 0.000388 0.000503 0.019350 0.000503 0.003338 0.000831 0.000350 0.000132 0.000127 0.000028 0.001597 0.000034 0.001422 0.000091 0.000317
0.438233 0.004663 0.000022 0.000160 0.000137 0.000007 0.022135 0.001461 0.000497 0.419655 0.000065 0.017631 0.000001 0.000107 0.001236 0.042081 0.004284 0.000667 0.000646 0.025763 0.001315 0.006934 0.001327 0.000656 0.000243 0.000470 0.000052 0.005891 0.000073 0.002829 0.000292 0.000466
0.488413 0.003885 0.000009 0.000216 0.000383 0.000010 0.015802 0.002067 0.000200 0.387681 0.000157 0.014620 0.000000 0.000051 0.001019 0.036863 0.002832 0.000989 0.000415 0.025259 0.001119 0.007904 0.001696 0.000926 0.000148 0.000282 0.000145 0.002727 0.000214 0.003397 0.000167 0.000404
0.310162 0.013833 0.002612 0.003150 0.003159 0.000784 0.015288 0.004510 0.012209 0.181739 0.010015 0.005050 0.000420 0.007411 0.010950 0.053424 0.020613 0.012379 0.008268 0.098661 0.022138 0.106424 0.009079 0.011639 0.006352 0.002862 0.006010 0.015848 0.004727 0.017268 0.012050 0.010966
0.595606 0.021011 0.000127 0.000357 0.003998 0.000176 0.015462 0.010680 0.005463 0.175215 0.004168 0.017710 0.000006 0.000164 0.000936 0.081455 0.009355 0.002292 0.001591 0.012165 0.002820 0.014236 0.005669 0.005939 0.000168 0.000335 0.002191 0.004033 0.001252 0.003496 0.000383 0.001537
0.597889 0.002122 0.000365 0.040577 0.001031 0.005406 0.002194 0.002172 0.008380 0.146736 0.000872 0.002442 0.000674 0.001821 0.003578 0.006603 0.004303 0.005204 0.011516 0.018208 0.002230 0.043745 0.000655 0.019070 0.001448 0.000574 0.000473 0.027063 0.000207 0.011567 0.002755 0.028120
0.652735 0.006509 0.000446 0.029768 0.005639 0.001359 0.003832 0.002895 0.012381 0.119542 0.001469 0.004281 0.000513 0.001282 0.004492 0.014397 0.007445 0.003204 0.005254 0.018403 0.002891 0.024782 0.004026 0.014392 0.001505 0.000828 0.000725 0.036181 0.000348 0.007905 0.001897 0.008675
0.362909 0.002777 0.001739 0.001268 0.030320 0.000807 0.004123 0.000609 0.004833 0.116506 0.000074 0.000685 0.000007 0.001119 0.012570 0.045472 0.140834 0.000488 0.007022 0.001889 0.005930 0.064099 0.000770 0.143849 0.001250 0.000152 0.000048 0.009828 0.000062 0.033510 0.000791 0.003658
0.761264 0.008724 0.000019 0.000093 0.001977 0.000876 0.000050 0.000210 0.002095 0.002148 0.214951 0.000104 0.000226 0.000052 0.000016 0.000047 0.000028 0.000186 0.000043 0.001468 0.000079 0.000938 0.001889 0.000158 0.000027 0.000028 0.001233 0.000038 0.000756 0.000045 0.000159 0.000073
0.840035 0.000996 0.000029 0.000662 0.001982 0.000284 0.000083 0.000435 0.000744 0.001994 0.115777 0.000155 0.000047 0.000060 0.000354 0.000168 0.000626 0.000278 0.000098 0.010944 0.000935 0.009309 0.000520 0.002756 0.000067 0.000027 0.006789 0.000264 0.001153 0.001321 0.000475 0.000634
0.785748 0.004710 0.000248 0.001659 0.004992 0.000620 0.000882 0.000572 0.000900 0.008340 0.103454 0.000494 0.000130 0.001164 0.002251 0.000632 0.001345 0.001409 0.000203 0.011725 0.003528 0.011758 0.000471 0.001914 0.000586 0.001412 0.028854 0.001704 0.008950 0.004656 0.003925 0.000764
0.000143 0.000007 0.000000 0.000003 0.000000 0.007987 0.000000 0.000000 0.000001 0.000000 0.000002 0.000000 0.991835 0.000007 0.000000 0.000000 0.000000 0.000000 0.000000 0.000000 0.000000 0.000000 0.000000 0.000000 0.000015 0.000000 0.000000 0.000000 0.000000 0.000000 0.000000 0.000000
0.175942 0.000812 0.000061 0.000302 0.000045 0.100818 0.000017 0.000016 0.000494 0.000050 0.006892 0.000012 0.711166 0.000170 0.000011 0.000006 0.000022 0.000053 0.000042 0.000323 0.000032 0.000304 0.000025 0.000026 0.001527 0.000033 0.000369 0.000040 0.000046 0.000030 0.000253 0.000059
0.462949 0.019738 0.000043 0.004623 0.000025 0.155593 0.000041 0.000036 0.001093 0.000136 0.001873 0.000014 0.305707 0.002426 0.000016 0.000015 0.000050 0.001351 0.001085 0.000219 0.000059 0.001636 0.000013 0.000084 0.038748 0.000065 0.000210 0.000126 0.000020 0.000127 0.001430 0.000449
0.752769 0.001131 0.000007 0.000956 0.000005 0.036871 0.000011 0.000005 0.000478 0.000049 0.000061 0.000002 0.201538 0.000266 0.000001 0.000004 0.000005 0.002146 0.000527 0.000138 0.000004 0.001584 0.000003 0.000017 0.000909 0.000008 0.000016 0.000061 0.000001 0.000011 0.000090 0.000325
0.545494 0.004580 0.000431 0.004937 0.001312 0.000148 0.015549 0.002947 0.005860 0.090899 0.001332 0.003959 0.000023 0.001055 0.003431 0.191181 0.010198 0.005969 0.004353 0.021487 0.007050 0.030707 0.003774 0.003727 0.000813 0.001738 0.001300 0.019842 0.000983 0.006343 0.003333 0.005243
0.788765 0.001128 0.000053 0.000716 0.000212 0.000043 0.005048 0.000394 0.000499 0.010377 0.000167 0.000838 0.000003 0.000147 0.000562 0.156523 0.003629 0.002116 0.000516 0.001936 0.002721 0.002798 0.000598 0.001735 0.000118 0.001513 0.001250 0.012423 0.000359 0.000952 0.000695 0.001165
0.362909 0.002777 0.001739 0.001268 0.030320 0.000807 0.004123 0.000609 0.004833 0.116506 0.000074 0.000685 0.000007 0.001119 0.012570 0.045472 0.140834 0.000488 0.007022 0.001889 0.005930 0.064099 0.000770 0.143849 0.001250 0.000152 0.000048 0.009828 0.000062 0.033510 0.000791 0.003658
0.352736 0.000878 0.001175 0.001188 0.000364 0.001182 0.001016 0.000481 0.003337 0.014763 0.002946 0.000485 0.001392 0.002170 0.004351 0.000559 0.004741 0.001257 0.000820 0.476152 0.007202 0.094654 0.000840 0.001129 0.005067 0.000410 0.000999 0.003049 0.000383 0.007515 0.004475 0.002283
0.456497 0.000157 0.000249 0.000806 0.000131 0.000315 0.000526 0.000201 0.001030 0.005875 0.000576 0.000194 0.000142 0.000434 0.004402 0.000301 0.002503 0.000424 0.000282 0.475205 0.005533 0.028148 0.000253 0.000528 0.001901 0.000205 0.000351 0.002619 0.000095 0.005399 0.003405 0.001313
0.441011 0.000508 0.000892 0.002510 0.000436 0.001230 0.001090 0.000474 0.002866 0.009111 0.002955 0.000517 0.002005 0.001673 0.004288 0.000249 0.002391 0.001275 0.000585 0.452529 0.004645 0.044443 0.001059 0.001185 0.004514 0.000575 0.001028 0.002397 0.000440 0.004860 0.004410 0.001848
0.520151 0.000314 0.000727 0.004463 0.000466 0.001101 0.000636 0.000385 0.001605 0.006986 0.002311 0.000354 0.003155 0.001427 0.005244 0.000177 0.002421 0.001113 0.000410 0.399431 0.004285 0.022585 0.001076 0.001288 0.004322 0.000466 0.000867 0.001393 0.000531 0.005104 0.003524 0.001684
0.479751 0.000717 0.000870 0.001111 0.000305 0.001254 0.001220 0.000665 0.002516 0.009166 0.001839 0.000326 0.000499 0.002039 0.008446 0.000872 0.011153 0.001350 0.001080 0.323140 0.016405 0.081803 0.000395 0.001305 0.006161 0.000422 0.000843 0.003876 0.000289 0.020244 0.016811 0.003126
0.498698 0.002060 0.000721 0.004334 0.000526 0.000465 0.001921 0.000766 0.003407 0.024685 0.003783 0.001036 0.001188 0.002029 0.004911 0.000921 0.003955 0.002554 0.001351 0.320182 0.007863 0.080523 0.004463 0.002169 0.004467 0.000483 0.000804 0.003734 0.000572 0.006721 0.005429 0.003278
0.627574 0.000187 0.000098 0.004297 0.000190 0.000866 0.000234 0.000321 0.000771 0.005530 0.000359 0.000170 0.000402 0.000635 0.004677 0.000393 0.004417 0.000248 0.000246 0.301913 0.004552 0.010213 0.000176 0.000775 0.002190 0.001214 0.000968 0.009481 0.000436 0.011289 0.002672 0.002508
0.697547 0.000058 0.000110 0.001962 0.000103 0.000139 0.000081 0.000097 0.000247 0.001930 0.001896 0.000072 0.000392 0.000157 0.002351 0.000022 0.000726 0.000176 0.000054 0.278093 0.001444 0.007555 0.000351 0.000549 0.000878 0.000042 0.000195 0.000289 0.000130 0.001269 0.000651 0.000436
0.717426 0.000004 0.000001 0.001836 0.000005 0.000023 0.000004 0.000007 0.000021 0.000311 0.000061 0.000006 0.000077 0.000011 0.000231 0.000003 0.000097 0.000006 0.000009 0.275180 0.000215 0.002624 0.000005 0.000088 0.000113 0.000008 0.000053 0.000305 0.000003 0.000795 0.000059 0.000415
0.588026 0.001076 0.000228 0.000897 0.003494 0.000309 0.000384 0.000752 0.001513 0.017295 0.002958 0.000812 0.000358 0.000335 0.002255 0.000155 0.002228 0.000580 0.000424 0.255079 0.004759 0.083517 0.013985 0.001776 0.000981 0.000260 0.000447 0.002634 0.000524 0.006521 0.003639 0.001798
0.745411 0.000002 0.000001 0.001724 0.000003 0.000017 0.000002 0.000004 0.000012 0.000186 0.000040 0.000004 0.000029 0.000006 0.000170 0.000002 0.000053 0.000003 0.000004 0.249777 0.000126 0.001293 0.000002 0.000042 0.000071 0.000005 0.000030 0.000255 0.000002 0.000455 0.000031 0.000239
0.760351 0.000000 0.000000 0.000030 0.000000 0.000001 0.000000 0.000000 0.000000 0.000012 0.000000 0.000000 0.000003 0.000000 0.000042 0.000000 0.000005 0.000000 0.000000 0.239233 0.000005 0.000196 0.000000 0.000003 0.000008 0.000000 0.000000 0.000019 0.000000 0.000076 0.000001 0.000015
0.490130 0.001158 0.000628 0.001969 0.012631 0.001320 0.000916 0.001757 0.003138 0.029473 0.005223 0.001324 0.000135 0.000359 0.005672 0.000383 0.004081 0.000549 0.000545 0.220554 0.009910 0.149187 0.012769 0.005150 0.000864 0.000709 0.001011 0.010164 0.001082 0.014475 0.009899 0.002837
0.779625 0.000000 0.000000 0.000052 0.000000 0.000003 0.000000 0.000000 0.000002 0.000028 0.000000 0.000000 0.000015 0.000003 0.000202 0.000000 0.000047 0.000000 0.000001 0.219120 0.000015 0.000395 0.000000 0.000019 0.000042 0.000000 0.000000 0.000059 0.000000 0.000322 0.000004 0.000044
0.429379 0.001949 0.000404 0.001583 0.016932 0.001074 0.000962 0.002206 0.004592 0.036755 0.007271 0.001282 0.000193 0.000452 0.004377 0.000391 0.003613 0.001246 0.000622 0.214411 0.008999 0.183004 0.027460 0.006104 0.000897 0.001022 0.001193 0.008642 0.001984 0.015085 0.012818 0.003099
0.792991 0.000004 0.000001 0.003008 0.000016 0.000030 0.000019 0.000011 0.000083 0.000560 0.000026 0.000021 0.000207 0.000011 0.000262 0.000018 0.000225 0.000016 0.000060 0.192897 0.000331 0.005109 0.000029 0.000227 0.000115 0.000021 0.000169 0.000899 0.000008 0.001539 0.000119 0.000969
0.828034 0.000111 0.000023 0.002256 0.000029 0.000613 0.000022 0.000057 0.000106 0.001876 0.001052 0.000033 0.000134 0.000078 0.001367 0.000063 0.000501 0.000029 0.000039 0.156284 0.000921 0.001215 0.000037 0.000163 0.000374 0.000081 0.000387 0.001196 0.000146 0.001819 0.000340 0.000616
0.586481 0.001908 0.000421 0.005527 0.005221 0.000647 0.001951 0.001370 0.003934 0.076217 0.001073 0.002495 0.000454 0.000855 0.005392 0.001320 0.004593 0.002378 0.000549 0.140747 0.007113 0.050467 0.036317 0.004445 0.000882 0.000981 0.000588 0.036737 0.000868 0.009234 0.006022 0.002813
0.462963 0.002442 0.001327 0.004474 0.009693 0.005151 0.005100 0.006755 0.004890 0.035727 0.005798 0.004954 0.000150 0.000580 0.010092 0.002188 0.014185 0.001007 0.001088 0.137383 0.027542 0.118097 0.026213 0.006760 0.001457 0.001008 0.001606 0.053946 0.001550 0.029870 0.010731 0.005273
0.859911 0.000001 0.000000 0.001402 0.000002 0.000010 0.000002 0.000002 0.000023 0.000119 0.000011 0.000002 0.000200 0.000004 0.000023 0.000001 0.000046 0.000002 0.000006 0.134011 0.000054 0.003481 0.000004 0.000082 0.000037 0.000001 0.000020 0.000100 0.000000 0.000189 0.000009 0.000245
0.254690 0.018964 0.002354 0.001748 0.002472 0.000927 0.015098 0.004711 0.011580 0.151831 0.012789 0.003817 0.000514 0.009030 0.012343 0.050513 0.022129 0.010315 0.009496 0.130734 0.025893 0.143332 0.006689 0.008948 0.008703 0.002996 0.008053 0.014534 0.005455 0.019767 0.017295 0.012282
0.584538 0.001127 0.000174 0.004216 0.001082 0.000472 0.002026 0.000331 0.002857 0.026849 0.000299 0.001273 0.000068 0.001279 0.002988 0.000254 0.001975 0.001948 0.000253 0.128081 0.002412 0.150494 0.000348 0.001219 0.001111 0.000924 0.000154 0.058671 0.000171 0.005061 0.014899 0.002445
0.861453 0.000005 0.000001 0.002926 0.000011 0.000055 0.000015 0.000009 0.000058 0.000521 0.000019 0.000015 0.000338 0.000010 0.000181 0.000016 0.000149 0.000017 0.000057 0.127151 0.000168 0.003590 0.000020 0.000275 0.000122 0.000014 0.000054 0.000758 0.000003 0.000894 0.000062 0.001035
0.415999 0.006396 0.001711 0.025740 0.011459 0.013212 0.003877 0.004076 0.013707 0.018851 0.037356 0.004245 0.003030 0.003123 0.004629 0.001467 0.009312 0.003656 0.002153 0.124375 0.014962 0.148601 0.007393 0.013779 0.002582 0.001947 0.003565 0.022539 0.004900 0.027250 0.033765 0.010340
0.398568 0.003859 0.000788 0.011052 0.022736 0.006683 0.004987 0.004167 0.007002 0.044490 0.009192 0.004005 0.000100 0.000372 0.004164 0.003028 0.007694 0.001138 0.001274 0.114164 0.011028 0.226922 0.038850 0.012362 0.000979 0.000499 0.003027 0.022824 0.003950 0.019292 0.005847 0.004956
0.868451 0.000017 0.000002 0.000610 0.000233 0.000017 0.000016 0.000041 0.000671 0.000837 0.002038 0.000024 0.000077 0.000013 0.000559 0.000017 0.000234 0.000013 0.000027 0.114126 0.000316 0.006688 0.000053 0.001635 0.000061 0.000013 0.000965 0.000277 0.000012 0.000937 0.000116 0.000903
0.883712 0.000000 0.000000 0.001535 0.000000 0.000008 0.000000 0.000001 0.000003 0.000049 0.000001 0.000001 0.000091 0.000001 0.000011 0.000000 0.000025 0.000001 0.000003 0.112026 0.000032 0.002160 0.000001 0.000027 0.000010 0.000000 0.000004 0.000063 0.000000 0.000121 0.000003 0.000109
0.742776 0.000697 0.000253 0.001595 0.011492 0.000641 0.000442 0.001095 0.002193 0.010559 0.009564 0.000601 0.000116 0.000253 0.001761 0.000199 0.002057 0.000493 0.000296 0.106382 0.006025 0.068200 0.003919 0.004263 0.000555 0.000374 0.001042 0.003263 0.000731 0.008750 0.007703 0.001711
0.851295 0.000124 0.000037 0.002589 0.001364 0.000877 0.000097 0.000109 0.001885 0.003656 0.003072 0.000112 0.002737 0.000134 0.000724 0.000053 0.000259 0.000092 0.000144 0.106158 0.000444 0.011223 0.000296 0.005715 0.000433 0.000097 0.000894 0.001339 0.000112 0.001489 0.000676 0.001764
0.889372 0.000001 0.000000 0.003809 0.000002 0.000017 0.000002 0.000002 0.000012 0.000104 0.000003 0.000003 0.000073 0.000002 0.000097 0.000002 0.000046 0.000002 0.000008 0.103919 0.000052 0.001109 0.000002 0.000071 0.000038 0.000003 0.000030 0.000224 0.000001 0.000381 0.000012 0.000600
0.290936 0.003860 0.003402 0.022952 0.031223 0.029220 0.012121 0.005533 0.006281 0.041117 0.024344 0.004900 0.005860 0.011199 0.025251 0.005745 0.013584 0.016729 0.014719 0.102437 0.040677 0.079031 0.008867 0.014141 0.010804 0.013230 0.009551 0.016426 0.018847 0.038404 0.064941 0.013668
0.419981 0.002451 0.000643 0.003350 0.004905 0.000980 0.002615 0.003920 0.005543 0.055022 0.002388 0.004996 0.000049 0.000351 0.006744 0.002778 0.014453 0.000898 0.000789 0.102027 0.015429 0.255941 0.009467 0.009122 0.000728 0.000243 0.001360 0.026736 0.001239 0.035511 0.003529 0.005811
0.479431 0.005305 0.000861 0.003628 0.007264 0.002353 0.009990 0.004277 0.006963 0.027433 0.006719 0.011060 0.000073 0.000728 0.005362 0.003604 0.019888 0.001332 0.001197 0.076363 0.016720 0.208120 0.005656 0.012809 0.001096 0.001096 0.002181 0.030646 0.002553 0.024136 0.017386 0.003771
0.429379 0.001949 0.000404 0.001583 0.016932 0.001074 0.000962 0.002206 0.004592 0.036755 0.007271 0.001282 0.000193 0.000452 0.004377 0.000391 0.003613 0.001246 0.000622 0.214411 0.008999 0.183004 0.027460 0.006104 0.000897 0.001022 0.001193 0.008642 0.001984 0.015085 0.012818 0.003099
0.630880 0.001414 0.000643 0.016390 0.007966 0.031307 0.000291 0.000936 0.004356 0.008792 0.018468 0.000250 0.001773 0.000457 0.001650 0.000161 0.001427 0.000874 0.000661 0.055571 0.002499 0.178224 0.001294 0.004869 0.001331 0.000262 0.002164 0.002712 0.003579 0.005849 0.009198 0.003751
0.588163 0.001889 0.000659 0.022942 0.035639 0.004647 0.001695 0.001280 0.003619 0.026192 0.008712 0.001193 0.000092 0.000293 0.004582 0.001109 0.003049 0.000953 0.000775 0.073238 0.003116 0.163835 0.010816 0.011625 0.000764 0.000418 0.002284 0.004483 0.004939 0.010772 0.003474 0.002754
0.584538 0.001127 0.000174 0.004216 0.001082 0.000472 0.002026 0.000331 0.002857 0.026849 0.000299 0.001273 0.000068 0.001279 0.002988 0.000254 0.001975 0.001948 0.000253 0.128081 0.002412 0.150494 0.000348 0.001219 0.001111 0.000924 0.000154 0.058671 0.000171 0.005061 0.014899 0.002445
0.490130 0.001158 0.000628 0.001969 0.012631 0.001320 0.000916 0.001757 0.003138 0.029473 0.005223 0.001324 0.000135 0.000359 0.005672 0.000383 0.004081 0.000549 0.000545 0.220554 0.009910 0.149187 0.012769 0.005150 0.000864 0.000709 0.001011 0.010164 0.001082 0.014475 0.009899 0.002837
0.415999 0.006396 0.001711 0.025740 0.011459 0.013212 0.003877 0.004076 0.013707 0.018851 0.037356 0.004245 0.003030 0.003123 0.004629 0.001467 0.009312 0.003656 0.002153 0.124375 0.014962 0.148601 0.007393 0.013779 0.002582 0.001947 0.003565 0.022539 0.004900 0.027250 0.033765 0.010340
0.254690 0.018964 0.002354 0.001748 0.002472 0.000927 0.015098 0.004711 0.011580 0.151831 0.012789 0.003817 0.000514 0.009030 0.012343 0.050513 0.022129 0.010315 0.009496 0.130734 0.025893 0.143332 0.006689 0.008948 0.008703 0.002996 0.008053 0.014534 0.005455 0.019767 0.017295 0.012282
0.387577 0.015581 0.002599 0.005138 0.033605 0.005366 0.022762 0.010772 0.017894 0.050802 0.004129 0.016941 0.000057 0.000807 0.003739 0.016976 0.018634 0.003461 0.002785 0.042080 0.008883 0.140138 0.097501 0.030777 0.001722 0.001097 0.001968 0.028768 0.002967 0.014802 0.004536 0.005136
0.849525 0.000119 0.000004 0.000075 0.000003 0.000333 0.000029 0.000004 0.000116 0.000106 0.000184 0.000003 0.000031 0.000041 0.000025 0.000007 0.000023 0.000564 0.000108 0.006635 0.000128 0.138800 0.000003 0.000005 0.000495 0.000068 0.000325 0.000206 0.000006 0.000103 0.001829 0.000097
0.721197 0.000493 0.000303 0.020747 0.001106 0.007040 0.000307 0.000692 0.003998 0.003231 0.004867 0.000384 0.009412 0.000833 0.003093 0.000503 0.002890 0.000951 0.000885 0.039375 0.004127 0.125569 0.000321 0.005002 0.001135 0.000549 0.007917 0.010268 0.000556 0.007072 0.005233 0.009943
0.605830 0.005455 0.001272 0.001175 0.013261 0.004612 0.000726 0.001852 0.003522 0.027590 0.069195 0.000650 0.000520 0.001463 0.004102 0.000791 0.003142 0.001091 0.000593 0.060098 0.007994 0.125002 0.004890 0.012269 0.001969 0.000554 0.002980 0.003203 0.009158 0.010409 0.012387 0.002246
0.462963 0.002442 0.001327 0.004474 0.009693 0.005151 0.005100 0.006755 0.004890 0.035727 0.005798 0.004954 0.000150 0.000580 0.010092 0.002188 0.014185 0.001007 0.001088 0.137383 0.027542 0.118097 0.026213 0.006760 0.001457 0.001008 0.001606 0.053946 0.001550 0.029870 0.010731 0.005273
0.585645 0.020851 0.000454 0.021713 0.009201 0.002401 0.005954 0.002309 0.018148 0.066077 0.004635 0.004095 0.001159 0.002057 0.002712 0.002433 0.002654 0.010620 0.002934 0.040327 0.002595 0.110789 0.019205 0.005345 0.002805 0.002639 0.000753 0.029485 0.000805 0.006635 0.007118 0.005450
0.599157 0.006273 0.000718 0.052263 0.007046 0.003819 0.005029 0.001957 0.007023 0.037828 0.005814 0.002608 0.001055 0.003329 0.008805 0.001288 0.007154 0.005656 0.003893 0.033559 0.004997 0.105274 0.002364 0.006616 0.004122 0.003496 0.001611 0.017484 0.001112 0.017774 0.033208 0.007669
0.530675 0.002472 0.000494 0.016649 0.026228 0.003230 0.001622 0.002022 0.016888 0.032522 0.017589 0.002600 0.007551 0.001339 0.006825 0.001542 0.009431 0.003839 0.005404 0.072059 0.008702 0.104920 0.003967 0.042595 0.001681 0.001267 0.007126 0.023179 0.002485 0.022167 0.008855 0.012075
0.678957 0.003279 0.001506 0.003400 0.012113 0.009729 0.000618 0.002309 0.005795 0.012181 0.050460 0.000666 0.000825 0.001257 0.002191 0.000521 0.002522 0.001002 0.000760 0.053380 0.005200 0.100307 0.001759 0.007577 0.001955 0.000378 0.003134 0.003766 0.003790 0.008236 0.016986 0.003442
0.652148 0.002186 0.000028 0.001216 0.000349 0.000025 0.015971 0.001563 0.000721 0.063524 0.000049 0.025111 0.000006 0.000173 0.000724 0.004955 0.002107 0.000799 0.000478 0.007618 0.000888 0.003044 0.163410 0.001414 0.000165 0.000452 0.000045 0.047549 0.000081 0.002023 0.000415 0.000764
0.367131 0.013250 0.002525 0.006717 0.035777 0.007211 0.022929 0.012012 0.013524 0.054074 0.004905 0.017816 0.000059 0.000665 0.003772 0.015805 0.016626 0.002945 0.002744 0.042753 0.009686 0.121436 0.136162 0.029593 0.001626 0.001101 0.002223 0.027378 0.003407 0.014055 0.004599 0.005494
0.362909 0.002777 0.001739 0.001268 0.030320 0.000807 0.004123 0.000609 0.004833 0.116506 0.000074 0.000685 0.000007 0.001119 0.012570 0.045472 0.140834 0.000488 0.007022 0.001889 0.005930 0.064099 0.000770 0.143849 0.001250 0.000152 0.000048 0.009828 0.000062 0.033510 0.000791 0.003658
0.575085 0.002360 0.000998 0.035010 0.026934 0.002633 0.001669 0.003313 0.025081 0.018098 0.028764 0.003552 0.004157 0.001314 0.012105 0.003700 0.019162 0.001759 0.001961 0.022085 0.007510 0.024218 0.002046 0.105508 0.001446 0.001216 0.025012 0.010563 0.002267 0.015434 0.004012 0.011028
0.628342 0.062912 0.000035 0.002631 0.000022 0.036266 0.000153 0.000051 0.001924 0.000324 0.001097 0.000022 0.096362 0.008553 0.000030 0.000034 0.000089 0.010004 0.013498 0.000523 0.000119 0.009505 0.000012 0.000082 0.118455 0.000206 0.000154 0.000220 0.000025 0.000306 0.006704 0.001339
0.675469 0.001605 0.000280 0.036821 0.001114 0.002498 0.002713 0.001163 0.008633 0.014687 0.001038 0.007145 0.000254 0.000818 0.003445 0.001035 0.003697 0.000862 0.000503 0.056368 0.002171 0.048449 0.001364 0.004722 0.001422 0.000649 0.000325 0.106692 0.000161 0.005015 0.004944 0.003939
0.700707 0.000048 0.000031 0.000257 0.000071 0.000433 0.000025 0.000008 0.000088 0.000583 0.000130 0.000005 0.000031 0.000186 0.000169 0.000001 0.000177 0.000538 0.000029 0.027037 0.000268 0.074092 0.000001 0.000038 0.000953 0.000200 0.000042 0.000911 0.000016 0.000802 0.192019 0.000105
0.767759 0.000558 0.000207 0.002880 0.000239 0.013176 0.000133 0.000060 0.000311 0.000223 0.001310 0.000042 0.000388 0.000590 0.000393 0.000017 0.000730 0.001161 0.000196 0.004036 0.000486 0.010179 0.000009 0.000140 0.004091 0.000511 0.000485 0.000288 0.000079 0.000654 0.188343 0.000326
0.835602 0.000165 0.000055 0.001518 0.001276 0.004883 0.000273 0.000067 0.000242 0.000487 0.001587 0.000063 0.000201 0.000223 0.000507 0.000015 0.000668 0.001293 0.000057 0.010837 0.000929 0.014534 0.000057 0.000222 0.001298 0.002605 0.002183 0.000601 0.000291 0.000943 0.116123 0.000194
