0.040025 0.000000 0.000000 0.959868 0.000000 0.000098 0.000000 0.000000 0.000000 0.000000 0.000000 0.000000 0.000002 0.000000 0.000001 0.000000 0.000000 0.000000 0.000000 0.000000 0.000000 0.000001 0.000000 0.000001 0.000000 0.000000 0.000000 0.000001 0.000000 0.000001 0.000000 0.000001
0.162772 0.000004 0.000000 0.836455 0.000050 0.000452 0.000004 0.000002 0.000006 0.000008 0.000007 0.000004 0.000018 0.000001 0.000025 0.000004 0.000015 0.000005 0.000001 0.000018 0.000005 0.000026 0.000009 0.000014 0.000003 0.000007 0.000020 0.000027 0.000002 0.000012 0.000009 0.000013
0.261317 0.000217 0.000039 0.720823 0.006538 0.002112 0.000161 0.000079 0.000242 0.000161 0.001116 0.000050 0.001304 0.000099 0.000237 0.000108 0.000271 0.000549 0.000118 0.000143 0.000260 0.000526 0.000278 0.000228 0.000099 0.000525 0.000515 0.000236 0.000185 0.000316 0.000867 0.000281
0.369529 0.000000 0.000000 0.629692 0.000314 0.000394 0.000000 0.000000 0.000001 0.000001 0.000001 0.000001 0.000003 0.000000 0.000025 0.000000 0.000008 0.000000 0.000000 0.000006 0.000001 0.000003 0.000001 0.000005 0.000000 0.000000 0.000001 0.000005 0.000000 0.000003 0.000003 0.000002
0.369718 0.000001 0.000000 0.628477 0.000099 0.001609 0.000001 0.000000 0.000002 0.000004 0.000001 0.000001 0.000017 0.000000 0.000012 0.000000 0.000005 0.000001 0.000000 0.000010 0.000002 0.000008 0.000001 0.000009 0.000001 0.000001 0.000001 0.000009 0.000000 0.000004 0.000002 0.000005
0.380212 0.000021 0.000009 0.615330 0.000067 0.000625 0.000019 0.000015 0.000022 0.000098 0.000036 0.000016 0.000062 0.000022 0.000493 0.000034 0.000194 0.000029 0.000034 0.000203 0.000220 0.000587 0.000022 0.000258 0.000028 0.000019 0.000036 0.000258 0.000009 0.000688 0.000064 0.000270
0.545526 0.000001 0.000000 0.454047 0.000002 0.000378 0.000001 0.000000 0.000001 0.000002 0.000001 0.000001 0.000007 0.000000 0.000002 0.000000 0.000002 0.000000 0.000000 0.000007 0.000000 0.000003 0.000004 0.000004 0.000000 0.000000 0.000001 0.000004 0.000000 0.000001 0.000001 0.000002
0.697501 0.000062 0.000014 0.292106 0.002882 0.003326 0.000025 0.000019 0.000181 0.000057 0.000339 0.000018 0.000744 0.000018 0.000126 0.000017 0.000094 0.000099 0.000025 0.000258 0.000048 0.000464 0.000025 0.000048 0.000041 0.000111 0.000751 0.000123 0.000023 0.000077 0.000226 0.000151
0.722294 0.000027 0.000024 0.267399 0.000345 0.007484 0.000017 0.000010 0.000038 0.000063 0.000062 0.000011 0.000398 0.000022 0.000360 0.000007 0.000063 0.000021 0.000010 0.000307 0.000027 0.000229 0.000016 0.000274 0.000032 0.000014 0.000024 0.000122 0.000011 0.000072 0.000108 0.000112
0.658805 0.000819 0.000465 0.259673 0.004654 0.034491 0.000366 0.000261 0.001315 0.000817 0.002300 0.000217 0.010581 0.000619 0.000817 0.000248 0.000502 0.001389 0.000385 0.004916 0.000354 0.003824 0.000673 0.000903 0.000800 0.000747 0.001959 0.002344 0.000335 0.000829 0.001154 0.002438
0.748998 0.000001 0.000001 0.249765 0.000077 0.000981 0.000002 0.000001 0.000003 0.000004 0.000006 0.000002 0.000017 0.000001 0.000013 0.000000 0.000012 0.000002 0.000000 0.000022 0.000003 0.000021 0.000002 0.000023 0.000001 0.000001 0.000003 0.000010 0.000000 0.000009 0.000009 0.000007
0.739953 0.000163 0.000109 0.232954 0.003327 0.004577 0.000196 0.000174 0.000430 0.001072 0.000153 0.000216 0.000249 0.000105 0.004157 0.000298 0.000799 0.000150 0.000185 0.002357 0.000469 0.002058 0.000335 0.000890 0.000208 0.000195 0.000367 0.001084 0.000098 0.001561 0.000369 0.000743
0.767159 0.000003 0.000001 0.230685 0.000010 0.001378 0.000003 0.000002 0.000006 0.000050 0.000004 0.000002 0.000074 0.000002 0.000025 0.000003 0.000018 0.000005 0.000001 0.000119 0.000005 0.000130 0.000006 0.000179 0.000003 0.000001 0.000004 0.000050 0.000001 0.000035 0.000004 0.000031
0.379518 0.001376 0.001787 0.223864 0.020074 0.055991 0.004175 0.002180 0.002959 0.008849 0.007525 0.001644 0.003858 0.003550 0.014243 0.002606 0.009547 0.005802 0.008653 0.062013 0.021025 0.073757 0.003547 0.005627 0.006665 0.001130 0.001208 0.006736 0.001627 0.026274 0.026138 0.006050
0.785378 0.000000 0.000000 0.213855 0.000011 0.000720 0.000000 0.000000 0.000000 0.000001 0.000001 0.000000 0.000003 0.000000 0.000003 0.000000 0.000003 0.000000 0.000000 0.000010 0.000001 0.000002 0.000001 0.000001 0.000000 0.000000 0.000001 0.000005 0.000000 0.000002 0.000001 0.000001
0.830462 0.000000 0.000000 0.168007 0.000001 0.001509 0.000000 0.000000 0.000000 0.000001 0.000001 0.000000 0.000005 0.000000 0.000001 0.000000 0.000001 0.000000 0.000000 0.000004 0.000000 0.000002 0.000000 0.000000 0.000000 0.000000 0.000001 0.000002 0.000000 0.000001 0.000000 0.000000
0.851641 0.000000 0.000000 0.148125 0.000000 0.000226 0.000000 0.000000 0.000000 0.000000 0.000000 0.000000 0.000000 0.000000 0.000000 0.000000 0.000001 0.000000 0.000000 0.000001 0.000000 0.000000 0.000000 0.000001 0.000000 0.000000 0.000000 0.000002 0.000000 0.000001 0.000000 0.000000
0.800677 0.000018 0.000007 0.142608 0.000016 0.007121 0.000028 0.000019 0.000041 0.000263 0.000026 0.000024 0.040102 0.000075 0.000066 0.000018 0.000382 0.000431 0.000340 0.001636 0.000132 0.000945 0.000023 0.000333 0.000291 0.000032 0.000020 0.000741 0.000007 0.001952 0.000386 0.001239
0.861118 0.000001 0.000000 0.138052 0.000041 0.000737 0.000001 0.000000 0.000001 0.000002 0.000003 0.000001 0.000008 0.000000 0.000003 0.000000 0.000004 0.000001 0.000000 0.000007 0.000001 0.000003 0.000002 0.000005 0.000000 0.000001 0.000001 0.000003 0.000000 0.000002 0.000003 0.000002
0.760825 0.001945 0.000482 0.126520 0.000957 0.036726 0.000696 0.000515 0.001648 0.001665 0.001990 0.000240 0.003486 0.001745 0.001670 0.000547 0.001006 0.000687 0.001291 0.007614 0.003671 0.021227 0.000217 0.000674 0.008854 0.000395 0.000496 0.001460 0.000333 0.004057 0.005309 0.001050
0.896463 0.000000 0.000000 0.102662 0.000092 0.000668 0.000000 0.000000 0.000000 0.000005 0.000001 0.000000 0.000001 0.000000 0.000010 0.000000 0.000038 0.000000 0.000000 0.000018 0.000004 0.000006 0.000000 0.000002 0.000000 0.000001 0.000001 0.000010 0.000000 0.000009 0.000005 0.000001
0.453760 0.001885 0.000917 0.296058 0.144406 0.016540 0.000634 0.000468 0.001310 0.001104 0.008290 0.000325 0.016419 0.000960 0.003168 0.000456 0.003725 0.001782 0.000668 0.001278 0.003634 0.005028 0.000744 0.001962 0.001356 0.002176 0.006437 0.001856 0.002045 0.003623 0.015253 0.001732
0.132892 0.000002 0.000000 0.011567 0.000000 0.129242 0.000000 0.000000 0.000002 0.000001 0.000004 0.000000 0.726226 0.000002 0.000000 0.000000 0.000000 0.000009 0.000004 0.000010 0.000000 0.000009 0.000000 0.000001 0.000008 0.000000 0.000001 0.000005 0.000000 0.000001 0.000001 0.000010
0.510506 0.001675 0.000018 0.000522 0.000102 0.105523 0.000013 0.000008 0.000479 0.000023 0.002748 0.000004 0.376047 0.000080 0.000005 0.000006 0.000007 0.000503 0.000130 0.000144 0.000008 0.000266 0.000013 0.000006 0.000367 0.000058 0.000331 0.000044 0.000028 0.000011 0.000210 0.000115
0.736172 0.001042 0.000363 0.000286 0.000217 0.100257 0.000143 0.000049 0.000170 0.001136 0.002859 0.000032 0.118433 0.001577 0.000066 0.000061 0.000078 0.012343 0.000439 0.006189 0.000388 0.006012 0.000038 0.000092 0.001563 0.000594 0.001451 0.001948 0.000911 0.000512 0.003996 0.000584
0.698334 0.000105 0.000012 0.000067 0.000010 0.000041 0.000250 0.000129 0.001180 0.167665 0.000179 0.000044 0.000014 0.000153 0.000844 0.000420 0.000430 0.001667 0.000334 0.084932 0.000698 0.035448 0.000026 0.000298 0.000724 0.000045 0.000176 0.002045 0.000036 0.001811 0.000418 0.001466
0.021418 0.000027 0.000003 0.000121 0.000003 0.006567 0.000002 0.000001 0.000014 0.000006 0.000009 0.000000 0.971466 0.000019 0.000000 0.000001 0.000001 0.000144 0.000034 0.000015 0.000001 0.000023 0.000002 0.000003 0.000031 0.000006 0.000008 0.000018 0.000002 0.000004 0.000010 0.000041
0.256770 0.000005 0.000000 0.003653 0.000000 0.017459 0.000001 0.000000 0.000013 0.000008 0.000003 0.000000 0.721797 0.000005 0.000000 0.000000 0.000002 0.000030 0.000026 0.000082 0.000001 0.000027 0.000001 0.000004 0.000025 0.000001 0.000001 0.000017 0.000000 0.000006 0.000010 0.000052
0.249347 0.001798 0.000014 0.008364 0.000296 0.045054 0.000033 0.000020 0.000588 0.000038 0.003974 0.000010 0.685667 0.000113 0.000012 0.000012 0.000023 0.001173 0.000188 0.000143 0.000028 0.000807 0.000070 0.000020 0.000374 0.000101 0.000885 0.000072 0.000056 0.000037 0.000370 0.000310
0.777860 0.000005 0.000001 0.000056 0.000001 0.000008 0.000049 0.000016 0.000184 0.034751 0.000013 0.000009 0.000001 0.000008 0.000269 0.000075 0.000097 0.000099 0.000024 0.173767 0.000247 0.010893 0.000011 0.000063 0.000081 0.000003 0.000015 0.000321 0.000003 0.000781 0.000041 0.000248
0.831532 0.000008 0.000004 0.000017 0.000028 0.000026 0.000071 0.000031 0.000093 0.007608 0.000272 0.000018 0.000023 0.000022 0.000169 0.000024 0.000119 0.001327 0.000041 0.143720 0.000721 0.010136 0.000009 0.000042 0.000061 0.000172 0.000092 0.000504 0.000161 0.002085 0.000622 0.000241
0.527842 0.000000 0.000000 0.000000 0.000000 0.000001 0.000000 0.000000 0.000001 0.000018 0.000001 0.000000 0.000001 0.000001 0.000004 0.000000 0.000004 0.000002 0.000001 0.001418 0.000010 0.470559 0.000000 0.000001 0.000004 0.000001 0.000003 0.000038 0.000000 0.000061 0.000025 0.000001
0.505211 0.001101 0.000829 0.037407 0.005305 0.006064 0.001458 0.001378 0.003638 0.007296 0.003337 0.001913 0.001399 0.001088 0.004463 0.001446 0.005366 0.006197 0.007740 0.047663 0.010674 0.248641 0.001721 0.007288 0.001262 0.002352 0.004236 0.017845 0.001154 0.015565 0.021945 0.017017
0.787619 0.000040 0.000013 0.000323 0.000018 0.000151 0.000038 0.000013 0.000366 0.000440 0.000107 0.000011 0.000186 0.000163 0.000246 0.000006 0.000274 0.000172 0.000047 0.012584 0.000344 0.192956 0.000010 0.000070 0.000499 0.000051 0.000081 0.000306 0.000016 0.001319 0.001379 0.000152
0.848934 0.000058 0.000001 0.000005 0.000000 0.000022 0.000004 0.000001 0.000008 0.000041 0.000030 0.000001 0.000027 0.000048 0.000012 0.000001 0.000026 0.000051 0.000017 0.002402 0.000069 0.147050 0.000000 0.000003 0.000297 0.000036 0.000100 0.000102 0.000003 0.000157 0.000481 0.000016
0.701596 0.005645 0.000362 0.002232 0.001547 0.003343 0.001235 0.000760 0.006367 0.016356 0.010276 0.000602 0.000573 0.003390 0.008096 0.000813 0.002490 0.002578 0.003694 0.050441 0.002045 0.125838 0.000186 0.000995 0.008312 0.000929 0.002009 0.007259 0.000576 0.004485 0.020937 0.004034
0.895155 0.000023 0.000001 0.000010 0.000001 0.000056 0.000004 0.000001 0.000007 0.000096 0.000014 0.000001 0.000028 0.000020 0.000032 0.000001 0.000039 0.000015 0.000009 0.002957 0.000054 0.100251 0.000001 0.000006 0.000090 0.000049 0.000131 0.000477 0.000004 0.000185 0.000254 0.000027
0.269310 0.002069 0.000140 0.001818 0.000519 0.001149 0.008211 0.000293 0.001063 0.000947 0.001935 0.000171 0.000038 0.000922 0.000328 0.002037 0.001447 0.052166 0.000847 0.002921 0.003488 0.007075 0.000078 0.000092 0.001358 0.040293 0.007439 0.001547 0.000326 0.001277 0.588021 0.000676
0.564608 0.005724 0.003882 0.009489 0.017832 0.004034 0.008599 0.000828 0.005354 0.002938 0.004312 0.000627 0.000580 0.004302 0.002387 0.001231 0.002514 0.021524 0.001768 0.012080 0.004963 0.016993 0.000296 0.000672 0.001971 0.079437 0.008297 0.004454 0.004174 0.003120 0.199883 0.001128
0.787620 0.000077 0.000014 0.000151 0.000027 0.001146 0.000128 0.000022 0.000072 0.000163 0.000513 0.000011 0.000023 0.000082 0.000101 0.000009 0.000335 0.000532 0.000024 0.004529 0.000595 0.004990 0.000005 0.000021 0.000333 0.002342 0.000625 0.000162 0.000058 0.000472 0.194751 0.000065
0.265031 0.020534 0.014456 0.024358 0.041875 0.014051 0.030936 0.007031 0.042869 0.017375 0.014781 0.005188 0.004114 0.011522 0.007092 0.009880 0.012173 0.047822 0.009292 0.031809 0.011323 0.032936 0.004654 0.005264 0.008476 0.053598 0.016895 0.014601 0.009896 0.011001 0.190664 0.008505
0.769589 0.000129 0.000101 0.000222 0.000075 0.000501 0.000240 0.000137 0.000166 0.001569 0.001370 0.000061 0.000030 0.000279 0.002176 0.000032 0.001908 0.000486 0.000118 0.037593 0.003570 0.016075 0.000029 0.000196 0.001770 0.003555 0.002086 0.000661 0.000630 0.006462 0.147819 0.000365
0.800582 0.000165 0.000053 0.000365 0.000162 0.002090 0.000279 0.000087 0.000163 0.000883 0.001708 0.000055 0.000062 0.000215 0.000624 0.000012 0.000959 0.001039 0.000052 0.027548 0.001659 0.017311 0.000044 0.000109 0.001243 0.003318 0.001379 0.000497 0.000504 0.001820 0.134766 0.000247
0.874096 0.000400 0.000011 0.000063 0.000006 0.000786 0.000076 0.000016 0.000044 0.000073 0.001400 0.000006 0.000053 0.000214 0.000028 0.000010 0.000114 0.001049 0.000032 0.001283 0.000355 0.003866 0.000002 0.000012 0.000863 0.002415 0.001744 0.000047 0.000064 0.000224 0.110599 0.000050
