0.001088 0.000000 0.000000 0.998453 0.000001 0.000270 0.000000 0.000000 0.000000 0.000000 0.000000 0.000000 0.000183 0.000000 0.000000 0.000000 0.000001 0.000000 0.000000 0.000000 0.000000 0.000000 0.000000 0.000001 0.000000 0.000000 0.000000 0.000000 0.000000 0.000001 0.000000 0.000001
0.012293 0.000002 0.000000 0.979370 0.000000 0.004839 0.000000 0.000000 0.000001 0.000000 0.000001 0.000000 0.003428 0.000002 0.000000 0.000000 0.000002 0.000004 0.000002 0.000001 0.000002 0.000017 0.000000 0.000001 0.000012 0.000000 0.000001 0.000002 0.000000 0.000006 0.000005 0.000007
0.012671 0.000004 0.000005 0.979150 0.000004 0.004321 0.000004 0.000002 0.000005 0.000006 0.000005 0.000002 0.003296 0.000007 0.000011 0.000004 0.000064 0.000009 0.000017 0.000018 0.000028 0.000073 0.000007 0.000022 0.000033 0.000003 0.000008 0.000038 0.000001 0.000098 0.000018 0.000066
0.185849 0.000061 0.000012 0.805641 0.001043 0.004826 0.000024 0.000021 0.000125 0.000037 0.000221 0.000018 0.000358 0.000029 0.000334 0.000014 0.000118 0.000047 0.000023 0.000088 0.000050 0.000234 0.000010 0.000111 0.000065 0.000028 0.000092 0.000079 0.000011 0.000140 0.000151 0.000141
0.458069 0.000303 0.000016 0.517291 0.006637 0.007080 0.000082 0.000080 0.001118 0.000168 0.000628 0.000068 0.002780 0.000106 0.000322 0.000049 0.000215 0.000201 0.000199 0.000366 0.000097 0.000671 0.000061 0.000575 0.000256 0.000103 0.000355 0.000231 0.000038 0.000337 0.000385 0.001112
0.480606 0.000189 0.000043 0.498666 0.008717 0.006213 0.000071 0.000063 0.001019 0.000172 0.000239 0.000055 0.000601 0.000090 0.000336 0.000026 0.000153 0.000133 0.000118 0.000244 0.000070 0.000699 0.000040 0.000223 0.000113 0.000044 0.000081 0.000263 0.000021 0.000197 0.000271 0.000223
0.602211 0.000185 0.000066 0.373325 0.003832 0.011301 0.000104 0.000099 0.000750 0.000216 0.000244 0.000081 0.000989 0.000126 0.000839 0.000049 0.000219 0.000294 0.000243 0.000828 0.000140 0.001117 0.000047 0.000184 0.000417 0.000094 0.000170 0.000468 0.000040 0.000400 0.000522 0.000398
0.531856 0.000975 0.000136 0.334666 0.000540 0.051605 0.000436 0.000670 0.001457 0.001228 0.001505 0.000303 0.007488 0.000431 0.000377 0.000428 0.000348 0.006965 0.005645 0.004331 0.000796 0.020248 0.000764 0.001055 0.001073 0.000350 0.001584 0.001154 0.000230 0.001179 0.001563 0.018615
0.678656 0.000007 0.000005 0.318620 0.000041 0.001090 0.000008 0.000004 0.000039 0.000035 0.000009 0.000004 0.000128 0.000009 0.000087 0.000004 0.000052 0.000016 0.000012 0.000289 0.000029 0.000463 0.000009 0.000029 0.000020 0.000005 0.000011 0.000077 0.000002 0.000149 0.000039 0.000053
0.442524 0.004167 0.000712 0.308885 0.133201 0.007132 0.001217 0.000698 0.004442 0.002961 0.004028 0.000607 0.003885 0.001857 0.007679 0.000752 0.002031 0.002635 0.004532 0.004381 0.002410 0.030017 0.001057 0.001904 0.005483 0.000702 0.002230 0.001839 0.000822 0.004840 0.005496 0.004874
0.699724 0.000679 0.000047 0.271771 0.001113 0.007656 0.000209 0.000155 0.001997 0.000895 0.000943 0.000391 0.000177 0.000195 0.002854 0.000166 0.000874 0.000175 0.000154 0.002396 0.000417 0.001425 0.000148 0.000827 0.000245 0.000258 0.000368 0.001553 0.000080 0.000801 0.000561 0.000749
0.717248 0.000174 0.000037 0.270980 0.000538 0.002197 0.000104 0.000064 0.000338 0.000229 0.000623 0.000032 0.000346 0.000083 0.000641 0.000068 0.000314 0.000428 0.000124 0.000728 0.000182 0.001788 0.000058 0.000107 0.000276 0.000105 0.000465 0.000294 0.000045 0.000426 0.000498 0.000461
0.753513 0.000048 0.000009 0.239911 0.000128 0.002598 0.000058 0.000018 0.000111 0.000109 0.000161 0.000011 0.000154 0.000023 0.000148 0.000025 0.000084 0.000127 0.000041 0.000576 0.000068 0.000790 0.000026 0.000062 0.000096 0.000055 0.000109 0.000211 0.000013 0.000150 0.000314 0.000253
0.526303 0.003204 0.005042 0.194603 0.013706 0.029592 0.005246 0.001619 0.002547 0.022592 0.001876 0.001291 0.002628 0.005144 0.005919 0.003055 0.010378 0.005932 0.003469 0.017207 0.005966 0.041799 0.011094 0.010461 0.003827 0.003634 0.001149 0.024650 0.001559 0.013079 0.013412 0.008020
0.804248 0.000019 0.000005 0.191622 0.000106 0.001613 0.000021 0.000010 0.000106 0.000056 0.000065 0.000005 0.000129 0.000012 0.000115 0.000009 0.000051 0.000075 0.000021 0.000472 0.000028 0.000530 0.000012 0.000027 0.000054 0.000025 0.000060 0.000129 0.000006 0.000076 0.000166 0.000124
0.575289 0.002475 0.001145 0.182512 0.090610 0.006929 0.000616 0.000624 0.002010 0.004458 0.004528 0.000544 0.012475 0.002356 0.007245 0.000409 0.002386 0.001767 0.004047 0.011488 0.002315 0.043306 0.001685 0.002503 0.008690 0.000893 0.002463 0.003174 0.000947 0.006654 0.008036 0.005423
0.782496 0.000824 0.000153 0.182007 0.001413 0.008469 0.000446 0.000237 0.002875 0.000754 0.001711 0.000145 0.003215 0.000359 0.000238 0.000120 0.000415 0.000750 0.000354 0.002489 0.000335 0.004079 0.000453 0.000685 0.000488 0.000191 0.000208 0.001086 0.000099 0.000571 0.001052 0.001280
0.782813 0.000689 0.000079 0.180467 0.000340 0.007570 0.000184 0.000105 0.000365 0.000504 0.000916 0.000113 0.004438 0.000391 0.000408 0.000089 0.000457 0.000547 0.000270 0.002461 0.000312 0.008446 0.000236 0.000478 0.000455 0.000226 0.000489 0.001243 0.000119 0.001734 0.001727 0.001327
0.807428 0.000044 0.000026 0.177456 0.003319 0.005542 0.000044 0.000040 0.000844 0.000147 0.000202 0.000026 0.000247 0.000025 0.000556 0.000015 0.000206 0.000179 0.000070 0.000854 0.000062 0.000550 0.000037 0.000098 0.000089 0.000081 0.000259 0.000509 0.000020 0.000117 0.000584 0.000324
0.723233 0.000097 0.000003 0.171175 0.000006 0.010736 0.000014 0.000005 0.000143 0.000017 0.000097 0.000003 0.093585 0.000026 0.000003 0.000006 0.000012 0.000079 0.000067 0.000102 0.000010 0.000160 0.000024 0.000014 0.000090 0.000023 0.000035 0.000029 0.000006 0.000020 0.000044 0.000136
0.791779 0.000916 0.000137 0.170171 0.001350 0.007268 0.000556 0.000380 0.002662 0.003523 0.000191 0.000482 0.000218 0.000199 0.000429 0.000390 0.000647 0.000561 0.002654 0.002625 0.000180 0.004094 0.000372 0.001892 0.000386 0.000120 0.000068 0.000805 0.000046 0.001058 0.001071 0.002769
0.568489 0.001108 0.000059 0.160778 0.000187 0.192203 0.000454 0.000224 0.001105 0.000753 0.001007 0.000121 0.060560 0.000536 0.000186 0.000139 0.000488 0.000556 0.000207 0.001229 0.000549 0.001426 0.001235 0.000761 0.001446 0.000315 0.000186 0.001247 0.000092 0.000853 0.000796 0.000706
0.710588 0.007019 0.000208 0.155508 0.007623 0.009839 0.002230 0.001225 0.019106 0.010224 0.000627 0.001204 0.000735 0.000637 0.000978 0.003511 0.001857 0.001586 0.023453 0.002605 0.000505 0.004785 0.005342 0.005195 0.000819 0.000420 0.000325 0.006400 0.000133 0.001758 0.000731 0.012827
0.795850 0.002890 0.000116 0.153767 0.005919 0.008336 0.000593 0.000482 0.005116 0.002995 0.002337 0.000346 0.000931 0.000770 0.000563 0.000294 0.000533 0.001723 0.000998 0.001711 0.000332 0.006036 0.000600 0.001324 0.000341 0.000307 0.000246 0.001958 0.000189 0.000624 0.000809 0.000966
0.865140 0.000017 0.000033 0.127062 0.000237 0.000211 0.000069 0.000018 0.000109 0.000165 0.000066 0.000022 0.000035 0.000018 0.000205 0.000027 0.000207 0.000073 0.000035 0.002152 0.000153 0.002424 0.000221 0.000166 0.000036 0.000046 0.000046 0.000323 0.000021 0.000344 0.000195 0.000126
0.861530 0.000037 0.000004 0.124000 0.000553 0.005454 0.000016 0.000023 0.001236 0.000181 0.000275 0.000028 0.000834 0.000018 0.000086 0.000010 0.000070 0.000044 0.000038 0.002280 0.000053 0.001816 0.000017 0.000230 0.000060 0.000013 0.000054 0.000550 0.000006 0.000132 0.000103 0.000252
0.865227 0.000376 0.000016 0.123679 0.001071 0.004004 0.000123 0.000074 0.001050 0.000430 0.000476 0.000077 0.000157 0.000069 0.000106 0.000039 0.000102 0.000148 0.000051 0.000450 0.000062 0.000716 0.000130 0.000218 0.000052 0.000063 0.000054 0.000593 0.000021 0.000084 0.000161 0.000120
0.824161 0.000263 0.000007 0.119830 0.000242 0.043884 0.000055 0.000056 0.000464 0.000499 0.000970 0.000109 0.004267 0.000065 0.000207 0.000030 0.000265 0.000066 0.000037 0.001429 0.000147 0.000675 0.000054 0.000472 0.000113 0.000066 0.000144 0.000677 0.000022 0.000232 0.000188 0.000306
0.795364 0.006299 0.000498 0.110880 0.001331 0.007074 0.000628 0.000370 0.022154 0.003998 0.002705 0.000722 0.004152 0.001431 0.001012 0.000258 0.000818 0.001050 0.000731 0.005706 0.000675 0.020889 0.000558 0.001855 0.001926 0.000204 0.000280 0.002272 0.000152 0.001585 0.001022 0.001401
0.861363 0.001869 0.000077 0.110481 0.000710 0.001970 0.000761 0.000246 0.001802 0.002461 0.000380 0.000103 0.000167 0.000306 0.000218 0.000723 0.000359 0.001982 0.002474 0.001438 0.000158 0.002465 0.001043 0.000757 0.000368 0.000119 0.000098 0.000782 0.000048 0.000452 0.000315 0.003507
0.878653 0.000071 0.000102 0.108924 0.001694 0.000644 0.000030 0.000029 0.000134 0.000239 0.000093 0.000015 0.000028 0.000081 0.002838 0.000024 0.000211 0.000116 0.000112 0.000862 0.000329 0.002985 0.000014 0.000039 0.000227 0.000037 0.000038 0.000145 0.000014 0.000689 0.000375 0.000210
0.887098 0.000006 0.000000 0.102083 0.000007 0.008774 0.000003 0.000002 0.000013 0.000020 0.000032 0.000004 0.001189 0.000002 0.000016 0.000001 0.000029 0.000005 0.000003 0.000382 0.000015 0.000103 0.000003 0.000027 0.000009 0.000004 0.000013 0.000081 0.000001 0.000032 0.000013 0.000032
0.260717 0.003811 0.002059 0.119163 0.473086 0.008451 0.000986 0.000943 0.005270 0.005193 0.006372 0.000691 0.007476 0.002617 0.009859 0.000850 0.003145 0.001454 0.007739 0.005131 0.002661 0.030695 0.001557 0.003801 0.007249 0.000776 0.004297 0.003405 0.001199 0.005929 0.005996 0.007423
0.295505 0.000030 0.000002 0.016042 0.000001 0.399936 0.000002 0.000001 0.000018 0.000002 0.000162 0.000000 0.288222 0.000007 0.000000 0.000000 0.000001 0.000019 0.000003 0.000002 0.000001 0.000005 0.000003 0.000001 0.000010 0.000003 0.000009 0.000002 0.000001 0.000001 0.000003 0.000006
0.285574 0.000223 0.000020 0.302165 0.000030 0.280937 0.000033 0.000013 0.000105 0.000035 0.000454 0.000008 0.128964 0.000066 0.000011 0.000019 0.000045 0.000087 0.000068 0.000052 0.000026 0.000203 0.000089 0.000047 0.000131 0.000044 0.000106 0.000096 0.000012 0.000049 0.000106 0.000181
0.509420 0.002967 0.000139 0.079723 0.000276 0.280553 0.000974 0.000500 0.002634 0.001282 0.001707 0.000210 0.096087 0.001211 0.000260 0.000327 0.000953 0.000873 0.000494 0.001809 0.000732 0.002546 0.002511 0.001186 0.002724 0.000542 0.000328 0.002438 0.000157 0.001661 0.001514 0.001264
0.645164 0.001400 0.004228 0.089500 0.005743 0.174129 0.001131 0.000647 0.000750 0.003963 0.005045 0.000415 0.006316 0.001840 0.002691 0.000401 0.002880 0.001896 0.001199 0.011682 0.002450 0.011071 0.001320 0.001732 0.002287 0.001202 0.001068 0.002829 0.002079 0.004441 0.006773 0.001728
0.676324 0.004708 0.000313 0.021024 0.001903 0.146021 0.001118 0.000704 0.011197 0.003931 0.004372 0.000798 0.024031 0.001465 0.000399 0.000379 0.000982 0.006792 0.003499 0.006802 0.000701 0.051230 0.001011 0.002567 0.002198 0.000821 0.002633 0.010926 0.000264 0.001271 0.004739 0.004879
0.553707 0.000215 0.000003 0.315330 0.000210 0.124594 0.000024 0.000021 0.000260 0.000111 0.000517 0.000036 0.003367 0.000029 0.000072 0.000013 0.000092 0.000033 0.000020 0.000256 0.000041 0.000164 0.000018 0.000211 0.000052 0.000032 0.000064 0.000218 0.000008 0.000076 0.000066 0.000141
0.679274 0.009746 0.000650 0.023457 0.012091 0.004303 0.001472 0.000892 0.195965 0.012004 0.002018 0.001171 0.000980 0.001534 0.001023 0.000988 0.001615 0.001007 0.001895 0.006450 0.000552 0.021553 0.000716 0.006509 0.000989 0.000427 0.000418 0.003195 0.000202 0.002700 0.001664 0.002539
0.604387 0.009723 0.001119 0.007837 0.013422 0.001183 0.004146 0.001653 0.144250 0.038363 0.002042 0.002778 0.000630 0.002249 0.003755 0.002536 0.006325 0.001153 0.002140 0.029682 0.002726 0.067925 0.003908 0.012073 0.002416 0.000837 0.000554 0.012031 0.000374 0.010243 0.002906 0.004634
0.500070 0.001624 0.000335 0.006042 0.032959 0.000736 0.001597 0.000905 0.002719 0.133999 0.001015 0.000906 0.000381 0.000914 0.008870 0.002200 0.002410 0.004478 0.003186 0.114546 0.006791 0.105761 0.010725 0.008583 0.001907 0.001061 0.001551 0.020926 0.001397 0.012321 0.002208 0.006877
0.401857 0.005081 0.001055 0.014015 0.019508 0.001707 0.003806 0.002239 0.014266 0.118931 0.001472 0.003248 0.000277 0.001831 0.006005 0.007728 0.014661 0.001519 0.010042 0.043011 0.005822 0.106326 0.021759 0.033085 0.001767 0.000793 0.000638 0.112783 0.000564 0.025490 0.005247 0.013468
0.616948 0.000775 0.000085 0.000764 0.001414 0.000256 0.001294 0.000620 0.001224 0.112247 0.000445 0.001738 0.000051 0.000161 0.002517 0.002910 0.003243 0.000553 0.003045 0.160625 0.003545 0.048557 0.008591 0.001451 0.000401 0.000367 0.000105 0.015592 0.000154 0.007524 0.000909 0.001887
0.015263 0.000097 0.000010 0.000810 0.000003 0.022582 0.000003 0.000001 0.000038 0.000002 0.000056 0.000001 0.960791 0.000053 0.000001 0.000001 0.000003 0.000059 0.000016 0.000006 0.000002 0.000062 0.000002 0.000003 0.000057 0.000007 0.000030 0.000005 0.000003 0.000004 0.000012 0.000018
0.497105 0.001429 0.000003 0.002187 0.000031 0.023926 0.000020 0.000008 0.000605 0.000054 0.003688 0.000006 0.468172 0.000125 0.000005 0.000007 0.000013 0.000139 0.000107 0.000579 0.000014 0.000710 0.000048 0.000020 0.000407 0.000030 0.000210 0.000047 0.000018 0.000027 0.000106 0.000152
0.110878 0.000118 0.000015 0.457133 0.000019 0.256752 0.000022 0.000014 0.000100 0.000029 0.000175 0.000010 0.173342 0.000047 0.000017 0.000017 0.000069 0.000045 0.000070 0.000085 0.000034 0.000163 0.000029 0.000069 0.000152 0.000022 0.000072 0.000104 0.000009 0.000077 0.000076 0.000238
0.490929 0.001567 0.000015 0.003261 0.000231 0.002385 0.000343 0.000239 0.000745 0.001542 0.000255 0.000217 0.000316 0.000103 0.000079 0.000333 0.000138 0.002736 0.471811 0.001805 0.000164 0.008222 0.000268 0.000160 0.000564 0.000093 0.000114 0.000195 0.000079 0.000600 0.001573 0.008916
0.432890 0.004116 0.000199 0.060127 0.008526 0.002532 0.001740 0.001488 0.017866 0.013343 0.000262 0.001176 0.000526 0.000949 0.001147 0.003983 0.001455 0.002392 0.365903 0.004959 0.000508 0.011344 0.002357 0.004670 0.001137 0.000309 0.000219 0.003915 0.000110 0.002711 0.000978 0.046165
0.655261 0.000035 0.000007 0.001484 0.005182 0.000191 0.000097 0.000120 0.000278 0.019286 0.000038 0.000024 0.000018 0.000018 0.001158 0.000769 0.000701 0.000023 0.289852 0.013230 0.000369 0.006506 0.000061 0.000376 0.000166 0.000003 0.000005 0.000173 0.000005 0.001483 0.000080 0.002999
0.824616 0.000368 0.000037 0.011004 0.000182 0.000623 0.000381 0.000219 0.000419 0.001908 0.000094 0.000112 0.000327 0.000319 0.000221 0.000404 0.000279 0.001398 0.131630 0.003075 0.000150 0.002683 0.000141 0.000562 0.000791 0.000079 0.000076 0.000501 0.000038 0.001085 0.000406 0.015873
0.255465 0.000000 0.000000 0.000000 0.000000 0.000000 0.000000 0.000000 0.000000 0.000000 0.000000 0.000000 0.000000 0.000000 0.000000 0.000000 0.000000 0.000000 0.000000 0.744530 0.000000 0.000003 0.000000 0.000000 0.000000 0.000000 0.000000 0.000000 0.000000 0.000001 0.000000 0.000000
0.368689 0.000000 0.000000 0.000002 0.000000 0.000000 0.000000 0.000000 0.000000 0.000000 0.000000 0.000000 0.000000 0.000000 0.000001 0.000000 0.000000 0.000000 0.000000 0.631278 0.000000 0.000020 0.000000 0.000000 0.000000 0.000000 0.000000 0.000001 0.000000 0.000009 0.000000 0.000001
0.482391 0.000000 0.000000 0.000290 0.000003 0.000004 0.000001 0.000001 0.000002 0.000044 0.000011 0.000001 0.000016 0.000001 0.000145 0.000001 0.000042 0.000000 0.000001 0.515813 0.000055 0.000401 0.000000 0.000035 0.000023 0.000002 0.000072 0.000091 0.000001 0.000364 0.000010 0.000179
0.676822 0.000000 0.000000 0.000008 0.000000 0.000000 0.000000 0.000000 0.000000 0.000000 0.000000 0.000000 0.000000 0.000000 0.000000 0.000000 0.000000 0.000000 0.000000 0.323163 0.000000 0.000005 0.000000 0.000000 0.000000 0.000000 0.000000 0.000000 0.000000 0.000001 0.000000 0.000001
0.719740 0.000000 0.000000 0.000106 0.000000 0.000001 0.000000 0.000000 0.000002 0.000047 0.000001 0.000000 0.000003 0.000001 0.000114 0.000000 0.000017 0.000000 0.000001 0.278762 0.000023 0.000885 0.000000 0.000005 0.000019 0.000001 0.000003 0.000055 0.000000 0.000156 0.000006 0.000049
0.729567 0.000008 0.000007 0.001530 0.000056 0.000050 0.000016 0.000019 0.000161 0.000711 0.000163 0.000030 0.000071 0.000033 0.001245 0.000016 0.000281 0.000009 0.000025 0.259258 0.000217 0.003277 0.000007 0.000238 0.000258 0.000021 0.000186 0.000561 0.000006 0.001091 0.000094 0.000788
0.742523 0.000001 0.000001 0.001239 0.000037 0.000012 0.000010 0.000009 0.000118 0.000363 0.000012 0.000016 0.000028 0.000009 0.000931 0.000011 0.000130 0.000003 0.000017 0.249375 0.000153 0.002019 0.000003 0.000182 0.000087 0.000013 0.000106 0.000546 0.000002 0.001095 0.000031 0.000920
0.290850 0.002301 0.001099 0.008008 0.005081 0.005045 0.002820 0.000950 0.002970 0.030912 0.005127 0.001436 0.000762 0.002170 0.011096 0.001174 0.006560 0.003858 0.002270 0.224350 0.016449 0.221084 0.001384 0.003597 0.002110 0.003295 0.001919 0.034497 0.003004 0.029014 0.070890 0.003915
0.821358 0.000003 0.000001 0.000972 0.000014 0.000033 0.000009 0.000006 0.000224 0.000354 0.000025 0.000006 0.000247 0.000010 0.000108 0.000006 0.000055 0.000009 0.000030 0.169402 0.000111 0.004780 0.000004 0.000089 0.000123 0.000015 0.000109 0.000473 0.000002 0.000589 0.000043 0.000791
0.616948 0.000775 0.000085 0.000764 0.001414 0.000256 0.001294 0.000620 0.001224 0.112247 0.000445 0.001738 0.000051 0.000161 0.002517 0.002910 0.003243 0.000553 0.003045 0.160625 0.003545 0.048557 0.008591 0.001451 0.000401 0.000367 0.000105 0.015592 0.000154 0.007524 0.000909 0.001887
0.500070 0.001624 0.000335 0.006042 0.032959 0.000736 0.001597 0.000905 0.002719 0.133999 0.001015 0.000906 0.000381 0.000914 0.008870 0.002200 0.002410 0.004478 0.003186 0.114546 0.006791 0.105761 0.010725 0.008583 0.001907 0.001061 0.001551 0.020926 0.001397 0.012321 0.002208 0.006877
0.526881 0.000737 0.000341 0.004430 0.001559 0.001512 0.000796 0.000906 0.000975 0.014380 0.004310 0.000447 0.000570 0.000926 0.020691 0.001469 0.034239 0.000684 0.001477 0.101232 0.034653 0.114172 0.000716 0.003043 0.003027 0.001363 0.002357 0.016903 0.001091 0.075677 0.024075 0.004361
0.470677 0.005181 0.014403 0.021017 0.035782 0.028110 0.006658 0.003234 0.006584 0.017976 0.019850 0.003404 0.007154 0.006293 0.022316 0.002650 0.010915 0.005255 0.007977 0.100089 0.013762 0.085670 0.002607 0.007761 0.006528 0.007785 0.004006 0.011593 0.010795 0.019343 0.029388 0.005235
0.290850 0.002301 0.001099 0.008008 0.005081 0.005045 0.002820 0.000950 0.002970 0.030912 0.005127 0.001436 0.000762 0.002170 0.011096 0.001174 0.006560 0.003858 0.002270 0.224350 0.016449 0.221084 0.001384 0.003597 0.002110 0.003295 0.001919 0.034497 0.003004 0.029014 0.070890 0.003915
0.441904 0.009285 0.000576 0.066358 0.072781 0.015831 0.001219 0.001631 0.002684 0.018614 0.017571 0.001515 0.027194 0.003638 0.008095 0.000700 0.004110 0.003447 0.007527 0.037972 0.006281 0.155635 0.005731 0.006009 0.014830 0.001967 0.005590 0.009962 0.004351 0.019123 0.018267 0.009603
0.722935 0.000476 0.000068 0.036934 0.000185 0.009766 0.000424 0.000715 0.000582 0.003547 0.001515 0.000238 0.002502 0.000422 0.000931 0.001226 0.001704 0.002790 0.001830 0.027328 0.005584 0.141302 0.002029 0.001437 0.000718 0.000425 0.004214 0.005368 0.000534 0.005623 0.001980 0.014667
0.792168 0.001408 0.000037 0.003215 0.000431 0.003639 0.000466 0.000258 0.013341 0.005864 0.000768 0.000307 0.002270 0.000323 0.000137 0.000172 0.000477 0.003833 0.002167 0.017024 0.000373 0.133995 0.001115 0.001525 0.000598 0.000242 0.000756 0.007018 0.000080 0.001121 0.001527 0.003344
0.807695 0.001931 0.000022 0.002163 0.000064 0.002356 0.000201 0.000043 0.000530 0.001375 0.001727 0.000037 0.000477 0.000436 0.000233 0.000098 0.000348 0.001199 0.002048 0.012842 0.001194 0.133621 0.000058 0.000101 0.001757 0.000437 0.001019 0.001179 0.000088 0.002235 0.021759 0.000730
0.469552 0.001617 0.000595 0.027916 0.003428 0.006115 0.001734 0.000992 0.001005 0.046863 0.001130 0.000824 0.000760 0.002060 0.008166 0.003346 0.014695 0.003426 0.004702 0.069306 0.021845 0.132432 0.003808 0.010418 0.002482 0.002009 0.001539 0.089376 0.001404 0.037425 0.018927 0.010104
0.677518 0.003191 0.000082 0.003709 0.001446 0.000991 0.001295 0.000996 0.027641 0.037633 0.001806 0.002631 0.000367 0.000302 0.001211 0.000922 0.001254 0.001282 0.001315 0.082350 0.001114 0.120834 0.005520 0.003200 0.000429 0.000251 0.000403 0.011459 0.000255 0.003180 0.002630 0.002783
0.821103 0.000060 0.000013 0.002776 0.000201 0.001045 0.000073 0.000042 0.000307 0.001120 0.000721 0.000034 0.001126 0.000106 0.000672 0.000022 0.000517 0.000194 0.000254 0.040233 0.000719 0.120401 0.000052 0.000361 0.000490 0.000063 0.000204 0.001394 0.000042 0.003081 0.001644 0.000929
0.635354 0.007328 0.000954 0.012708 0.007484 0.002281 0.003471 0.001112 0.035529 0.032982 0.003318 0.002569 0.000665 0.001386 0.003133 0.002955 0.004024 0.002268 0.001387 0.065841 0.002943 0.114175 0.006009 0.004722 0.001546 0.000984 0.000811 0.028755 0.000522 0.006191 0.003287 0.003307
0.526881 0.000737 0.000341 0.004430 0.001559 0.001512 0.000796 0.000906 0.000975 0.014380 0.004310 0.000447 0.000570 0.000926 0.020691 0.001469 0.034239 0.000684 0.001477 0.101232 0.034653 0.114172 0.000716 0.003043 0.003027 0.001363 0.002357 0.016903 0.001091 0.075677 0.024075 0.004361
0.446299 0.002612 0.001469 0.042456 0.007824 0.002762 0.004172 0.001834 0.003792 0.058414 0.000709 0.002883 0.000357 0.002647 0.009669 0.004581 0.012849 0.003718 0.002651 0.076237 0.008192 0.109709 0.014480 0.010872 0.001836 0.002134 0.000746 0.124079 0.000840 0.020673 0.010689 0.007815
0.500070 0.001624 0.000335 0.006042 0.032959 0.000736 0.001597 0.000905 0.002719 0.133999 0.001015 0.000906 0.000381 0.000914 0.008870 0.002200 0.002410 0.004478 0.003186 0.114546 0.006791 0.105761 0.010725 0.008583 0.001907 0.001061 0.001551 0.020926 0.001397 0.012321 0.002208 0.006877
0.875286 0.000534 0.000003 0.000190 0.000014 0.002072 0.000072 0.000032 0.000258 0.000419 0.001490 0.000022 0.000290 0.000080 0.000056 0.000014 0.000161 0.000552 0.000148 0.007729 0.000229 0.103289 0.000015 0.000020 0.000596 0.000520 0.003410 0.000518 0.000041 0.000324 0.001264 0.000353
0.868635 0.000206 0.000104 0.009199 0.000293 0.001884 0.000098 0.000043 0.004248 0.000266 0.000457 0.000063 0.003347 0.000174 0.000138 0.000016 0.000684 0.000462 0.000115 0.003358 0.000217 0.101183 0.000035 0.001735 0.000191 0.000041 0.000193 0.000795 0.000020 0.000716 0.000799 0.000283
0.391438 0.001768 0.001807 0.035848 0.007570 0.003141 0.002162 0.001416 0.002468 0.073805 0.000522 0.001152 0.000299 0.002266 0.011150 0.008515 0.023498 0.002299 0.004248 0.043073 0.012874 0.094010 0.006720 0.020767 0.001937 0.001298 0.000691 0.188370 0.000608 0.034551 0.006979 0.012749
0.446299 0.002612 0.001469 0.042456 0.007824 0.002762 0.004172 0.001834 0.003792 0.058414 0.000709 0.002883 0.000357 0.002647 0.009669 0.004581 0.012849 0.003718 0.002651 0.076237 0.008192 0.109709 0.014480 0.010872 0.001836 0.002134 0.000746 0.124079 0.000840 0.020673 0.010689 0.007815
0.541424 0.001981 0.002697 0.009195 0.014973 0.001435 0.001654 0.001250 0.004070 0.074029 0.000825 0.001198 0.000167 0.001359 0.007631 0.012662 0.033544 0.001177 0.005094 0.014059 0.007065 0.038253 0.003945 0.071969 0.000891 0.000457 0.000650 0.105291 0.000442 0.028198 0.002040 0.010374
