cabinet 309 79 384 167 0.267105 0.409580
chair 249 179 412 381 0.956082 0.043874
chair 219 310 499 439 0.950251 0.047958
chair 369 140 512 318 0.932066 0.065360
chair 191 135 285 240 0.722827 0.274023
chair 502 100 590 144 0.48105 0.374342
chair 326 289 380 341 0.342757 0.655786
chair 507 93 587 335 0.323057 0.321412
chair 382 131 445 255 0.321564 0.675694
chair 131 434 138 440 0.295897 0.454297
chair 324 199 443 322 0.219137 0.766380
chair 239 144 243 151 0.172002 0.818826
chair 245 157 294 214 0.167726 0.823763
chair 187 134 248 186 0.139767 0.846080
chair 271 157 295 186 0.130327 0.851403
chair 324 303 364 320 0.127448 0.870609
chair 435 121 510 216 0.11418 0.851639
chair 497 112 510 136 0.108862 0.817632
sofa 585 102 590 103 0.268573 0.438900
sofa 498 97 590 144 0.117883 0.374342
table 473 106 578 324 0.129633 0.682236
door 10 9 151 440 0.165157 0.495089
picture 432 0 497 78 0.119158 0.595051
desk 466 106 574 331 0.189812 0.648380
fridge 9 62 204 440 0.167053 0.712872
fridge 492 133 582 437 0.134328 0.281379
paper 281 81 282 84 0.151134 0.654139
paper 477 421 481 424 0.129854 0.342877
paper 147 165 154 181 0.106146 0.421612
box 318 145 321 151 0.416504 0.531048
box 491 131 495 131 0.292512 0.635841
box 467 115 496 130 0.27506 0.650309
box 469 132 503 164 0.267603 0.695317
box 477 420 481 423 0.168412 0.342877
box 312 140 323 156 0.161832 0.716567
box 443 34 492 63 0.148236 0.697710
box 323 157 328 157 0.144528 0.704108
box 128 209 190 265 0.13041 0.651843
box 467 116 476 130 0.117463 0.825055
box 152 241 155 243 0.114923 0.826021
box 130 242 146 247 0.110452 0.821025
box 152 236 160 241 0.102617 0.816874
whiteboard 491 2 586 90 0.992644 0.002201
whiteboard 310 82 380 164 0.217393 0.409580
toilet 487 150 581 424 0.100157 0.281379
garbage_bin 144 200 232 382 0.83882 0.139438
garbage_bin 193 208 238 323 0.587057 0.404949
garbage_bin 220 229 225 234 0.465965 0.517014
garbage_bin 478 34 482 36 0.281771 0.470799
garbage_bin 197 216 228 237 0.269979 0.668046
garbage_bin 210 324 217 333 0.183008 0.797787
garbage_bin 417 271 417 273 0.125661 0.764438
garbage_bin 489 152 586 431 0.111852 0.281379
garbage_bin 404 297 407 301 0.104656 0.871233
