cabinet 254 72 557 170 0.109727 0.282469
bed 385 123 586 425 0.189658 0.538753
chair 0 195 88 382 0.643674 0.327853
chair 14 284 229 436 0.610351 0.370159
chair 94 130 144 213 0.478711 0.518402
chair 562 118 589 217 0.232578 0.598636
chair 390 113 572 429 0.201242 0.298703
chair 176 66 218 175 0.193631 0.724937
chair 418 173 561 241 0.175402 0.757711
chair 156 432 159 436 0.141008 0.706625
chair 15 154 201 265 0.129044 0.836808
chair 185 124 212 173 0.121077 0.835863
chair 569 181 590 203 0.110547 0.654695
sofa 392 96 583 420 0.118496 0.307889
table 20 181 456 432 0.996287 0.000521
table 355 102 579 416 0.519912 0.380633
table 114 169 438 284 0.279923 0.682255
table 4 211 123 369 0.101165 0.353574
door 344 2 362 128 0.411414 0.327917
bookshelf 20 11 190 190 0.929026 0.067285
bookshelf 8 0 92 73 0.411721 0.574734
bookshelf 4 73 100 179 0.378797 0.542313
bookshelf 83 1 186 76 0.120464 0.871769
bookshelf 6 152 39 172 0.120407 0.661226
picture 475 0 509 65 0.901395 0.090616
picture 373 2 562 76 0.797877 0.107439
picture 362 0 413 78 0.377256 0.413251
picture 585 97 590 104 0.257401 0.335288
picture 583 86 590 118 0.229885 0.356536
picture 559 70 589 115 0.176229 0.335242
picture 526 5 563 66 0.130753 0.635748
picture 587 106 590 119 0.102057 0.621190
desk 12 152 192 422 0.180753 0.174510
desk 8 146 103 220 0.172027 0.792472
desk 20 191 79 204 0.104894 0.789506
mirror 334 8 572 92 0.164982 0.145400
mirror 521 3 564 79 0.157557 0.635748
mirror 346 0 375 127 0.122634 0.533201
tv 351 10 410 113 0.435939 0.347063
paper 582 70 590 104 0.1956 0.168894
paper 584 97 590 104 0.163787 0.335288
paper 234 151 243 159 0.161254 0.549634
paper 200 431 203 435 0.134827 0.417924
paper 96 99 98 112 0.120268 0.678449
paper 419 417 421 422 0.112897 0.461811
paper 220 147 295 169 0.112164 0.666741
paper 558 69 590 117 0.107505 0.335242
paper 584 136 590 163 0.102154 0.255023
box 555 119 573 128 0.621941 0.327319
box 555 101 586 128 0.513483 0.406984
box 555 122 559 128 0.502897 0.447420
box 538 114 550 119 0.317806 0.488231
box 432 68 560 152 0.280549 0.497388
box 558 69 589 117 0.261334 0.335242
box 529 74 583 162 0.214413 0.604546
box 524 35 525 39 0.194762 0.300977
box 536 118 536 120 0.155994 0.538837
box 584 135 590 163 0.138255 0.255023
box 199 431 202 440 0.122159 0.216644
box 1 152 15 158 0.120369 0.494522
box 418 417 421 422 0.112571 0.461811
box 97 99 99 111 0.107301 0.678449
box 1 144 16 151 0.103393 0.434717
box 170 127 197 132 0.101695 0.839767
box 582 69 590 104 0.100904 0.168894
whiteboard 205 1 349 173 0.997883 0.001619
whiteboard 228 72 553 156 0.66774 0.174729
whiteboard 196 76 235 165 0.299977 0.635280
whiteboard 345 71 355 124 0.127804 0.648888
person 566 9 590 72 0.158075 0.432295
person 589 70 590 85 0.146807 0.225827
person 560 0 573 37 0.104586 0.439089
bag 569 37 573 42 0.134003 0.525380
garbage_bin 535 118 536 121 0.205128 0.538837
garbage_bin 537 114 550 120 0.107499 0.488231
