cabinet 20 78 179 440 0.77944 0.097425
cabinet 276 27 337 81 0.244808 0.297363
cabinet 335 1 418 49 0.226872 0.419802
chair 317 181 544 419 0.975969 0.023451
chair 323 55 388 181 0.88911 0.110151
chair 351 115 513 247 0.873695 0.126204
chair 281 341 561 440 0.853285 0.139075
chair 432 33 519 142 0.695904 0.246735
chair 373 103 470 180 0.448243 0.551278
chair 323 89 378 121 0.399243 0.599253
chair 442 31 530 69 0.373337 0.609109
chair 331 336 401 440 0.308044 0.689162
chair 342 106 403 144 0.284963 0.708791
chair 464 33 504 36 0.250319 0.739501
chair 392 104 421 143 0.239379 0.752353
chair 326 138 392 192 0.20601 0.793979
chair 342 59 399 113 0.204151 0.697352
chair 441 50 479 117 0.190492 0.805824
chair 374 92 395 108 0.186784 0.792540
chair 407 98 467 138 0.178978 0.818353
chair 325 137 425 314 0.172709 0.827092
chair 371 106 374 110 0.127248 0.859532
chair 405 393 467 440 0.110459 0.723952
sofa 274 221 303 258 0.172339 0.432760
table 473 54 589 429 0.352471 0.434832
table 328 43 407 116 0.140304 0.572378
table 89 431 93 435 0.107846 0.559278
door 3 0 131 182 0.101454 0.164297
picture 283 2 332 24 0.511371 0.367783
counter 0 175 129 251 0.572761 0.387586
counter 20 281 28 289 0.212084 0.733545
counter 1 281 20 303 0.175262 0.780994
counter 272 222 303 258 0.110818 0.432760
dresser 280 28 333 81 0.16162 0.297363
fridge 122 194 144 227 0.116423 0.773026
paper 130 417 136 430 0.247084 0.311276
paper 259 304 288 322 0.171565 0.187068
paper 94 411 131 440 0.162553 0.509600
paper 491 253 496 263 0.127725 0.430763
paper 199 391 204 415 0.125436 0.500135
paper 504 402 519 440 0.106851 0.370243
box 273 101 288 124 0.34169 0.511613
box 285 18 310 37 0.177057 0.697240
box 285 23 328 74 0.121182 0.297363
box 140 213 143 214 0.107714 0.800860
whiteboard 10 0 137 230 0.241551 0.374785
whiteboard 415 1 480 30 0.183746 0.584381
whiteboard 302 2 585 43 0.179866 0.754611
whiteboard 340 2 413 47 0.130652 0.419802
lamp 311 18 320 24 0.267396 0.658755
lamp 313 16 318 18 0.156307 0.713712
garbage_bin 355 45 402 60 0.280536 0.556066
garbage_bin 393 58 403 61 0.226371 0.700716
garbage_bin 359 58 400 75 0.125027 0.868970
garbage_bin 274 222 301 260 0.114265 0.432760
