cabinet 11 8 390 232 0.991775 0.006965
cabinet 247 9 355 156 0.946453 0.044589
cabinet 0 75 98 223 0.584321 0.299161
cabinet 119 26 243 218 0.255188 0.717665
cabinet 40 30 156 262 0.235863 0.716410
cabinet 100 102 131 146 0.192165 0.534963
cabinet 98 90 175 231 0.125185 0.667001
chair 215 155 450 423 0.982407 0.016050
chair 506 0 555 45 0.70123 0.296822
chair 483 38 585 135 0.658721 0.328390
chair 448 100 589 187 0.617679 0.268459
chair 547 0 590 96 0.520806 0.474537
chair 555 0 590 33 0.406094 0.543704
chair 0 191 119 419 0.383576 0.367072
chair 535 29 547 48 0.29903 0.700207
chair 505 27 566 66 0.238364 0.757338
chair 552 0 560 33 0.195328 0.794656
chair 525 26 535 33 0.179153 0.820288
chair 278 181 406 252 0.164722 0.760840
chair 470 9 542 96 0.155605 0.843452
chair 547 35 576 66 0.14229 0.855797
chair 509 25 537 35 0.131625 0.867885
chair 544 8 555 47 0.121506 0.877636
chair 558 380 586 400 0.113973 0.613407
chair 345 146 364 161 0.104998 0.887666
sofa 587 71 590 76 0.144697 0.787847
table 361 114 589 436 0.984091 0.003247
table 568 115 590 134 0.3835 0.484141
table 552 371 590 398 0.254285 0.634920
table 444 100 590 187 0.110677 0.268459
door 359 1 462 117 0.354401 0.482613
door 439 2 447 80 0.21672 0.705508
door 306 2 351 148 0.186759 0.545138
counter 0 10 328 109 0.535834 0.450733
counter 0 66 119 109 0.13586 0.863279
pillow 2 286 37 382 0.116725 0.814880
clothes 0 223 102 377 0.150562 0.262218
paper 374 217 377 220 0.294471 0.547647
paper 112 152 114 156 0.230161 0.165687
paper 118 156 135 175 0.18819 0.189213
paper 95 180 108 190 0.15959 0.607510
paper 112 112 159 215 0.150964 0.463818
paper 2 414 37 440 0.148867 0.269010
paper 335 431 337 438 0.114542 0.452868
towel 112 152 115 155 0.109313 0.165687
towel 0 216 94 382 0.107798 0.323241
box 91 216 101 225 0.228005 0.735164
box 0 412 37 440 0.111327 0.269010
box 387 209 391 212 0.101635 0.817846
whiteboard 351 2 433 151 0.106878 0.467297
whiteboard 273 111 328 144 0.101882 0.456678
bag 1 216 102 376 0.1121 0.262218
garbage_bin 14 215 118 400 0.502586 0.232611
