0.481205 0.114677 0.007049 0.030179 0.011815 0.066493 0.017762 0.004436 0.007477 0.019745 0.007551 0.006427 0.001872 0.006053 0.001356 0.034600 0.012557 0.016045 0.012582 0.003031 0.004051 0.015307 0.027586 0.006325 0.002461 0.005530 0.010123 0.032593 0.004536 0.005634 0.014209 0.008730
0.403500 0.000972 0.000294 0.000659 0.002251 0.000095 0.004321 0.002189 0.003160 0.203651 0.000529 0.002556 0.000005 0.000316 0.006397 0.019222 0.016222 0.001005 0.003292 0.110426 0.021286 0.125573 0.002835 0.006115 0.000610 0.000296 0.000593 0.012562 0.000365 0.041779 0.003099 0.003827
0.403169 0.001111 0.000535 0.001441 0.002092 0.000225 0.007800 0.004067 0.005642 0.140789 0.000435 0.001996 0.000008 0.000466 0.007273 0.031154 0.034914 0.001434 0.002064 0.122339 0.021159 0.099924 0.006909 0.005796 0.001181 0.000349 0.000396 0.023278 0.000228 0.060347 0.003636 0.007842
0.667471 0.002268 0.001275 0.000398 0.001127 0.000223 0.004752 0.001632 0.003480 0.125308 0.000357 0.004048 0.000013 0.000469 0.010279 0.011484 0.034006 0.000488 0.006009 0.018402 0.018231 0.031312 0.000172 0.007076 0.001647 0.000353 0.000210 0.008041 0.000121 0.035132 0.002144 0.002071
0.590203 0.035664 0.001377 0.000990 0.001498 0.001047 0.013826 0.003600 0.004471 0.015385 0.001073 0.005909 0.000040 0.001195 0.000259 0.214247 0.022813 0.013302 0.007222 0.002186 0.003354 0.024265 0.008837 0.005295 0.000311 0.000543 0.003724 0.008929 0.000600 0.003251 0.000838 0.003747
0.523653 0.005701 0.005074 0.005034 0.004126 0.000661 0.009400 0.005540 0.003621 0.067991 0.000956 0.005809 0.000023 0.001244 0.005242 0.103015 0.111115 0.004521 0.004370 0.010560 0.018252 0.024730 0.004174 0.009367 0.000805 0.001145 0.001063 0.037130 0.000544 0.016760 0.002221 0.006152
0.640204 0.000286 0.002517 0.000535 0.000504 0.000125 0.000369 0.000166 0.000803 0.009063 0.000021 0.000206 0.000009 0.000169 0.005395 0.001876 0.276204 0.000080 0.000855 0.001078 0.014514 0.002404 0.000022 0.001502 0.000338 0.000021 0.000044 0.002888 0.000011 0.036997 0.000272 0.000524
0.647888 0.000291 0.001270 0.000359 0.000258 0.000137 0.000421 0.000161 0.000381 0.008626 0.000032 0.000122 0.000007 0.000184 0.009363 0.001863 0.251783 0.000075 0.000896 0.001149 0.018673 0.003243 0.000015 0.001554 0.000455 0.000027 0.000050 0.002165 0.000010 0.047474 0.000560 0.000507
0.738339 0.000087 0.000484 0.000345 0.000347 0.000053 0.000100 0.000052 0.000190 0.003718 0.000008 0.000034 0.000003 0.000049 0.004261 0.000647 0.217729 0.000030 0.000673 0.000474 0.004417 0.001118 0.000005 0.000937 0.000132 0.000006 0.000014 0.000671 0.000002 0.024622 0.000145 0.000307
0.346997 0.007557 0.004838 0.005228 0.005855 0.001631 0.013734 0.005496 0.002774 0.074477 0.001843 0.003817 0.000032 0.002108 0.008133 0.068524 0.196935 0.005359 0.003361 0.017432 0.047472 0.031974 0.008875 0.012784 0.001511 0.002014 0.002071 0.055911 0.000985 0.045316 0.007359 0.007597
0.575759 0.000918 0.004066 0.000672 0.002700 0.000181 0.002147 0.000862 0.003084 0.058066 0.000088 0.001939 0.000011 0.000360 0.009611 0.009113 0.182467 0.000309 0.005380 0.006819 0.031639 0.016682 0.000116 0.005630 0.000749 0.000101 0.000141 0.009013 0.000055 0.068071 0.001128 0.002122
0.757370 0.000295 0.000952 0.002569 0.007359 0.000293 0.000560 0.000296 0.001126 0.019624 0.000022 0.000168 0.000013 0.000161 0.005819 0.003705 0.138999 0.000150 0.010759 0.001986 0.003300 0.004761 0.000040 0.004778 0.000367 0.000027 0.000027 0.001715 0.000011 0.030087 0.000315 0.002345
0.668112 0.020014 0.000209 0.000887 0.000804 0.000906 0.007343 0.003547 0.003072 0.031363 0.016787 0.002572 0.000438 0.001986 0.000673 0.024179 0.001989 0.011220 0.130264 0.013544 0.008783 0.010538 0.005044 0.002194 0.003350 0.000982 0.003913 0.002342 0.002937 0.008290 0.006752 0.004968
0.845415 0.000901 0.000109 0.000781 0.001311 0.003176 0.000301 0.000717 0.001758 0.004935 0.002073 0.000326 0.000472 0.000138 0.000114 0.001029 0.000426 0.000422 0.126080 0.002202 0.000513 0.001168 0.000417 0.001029 0.000213 0.000071 0.000242 0.000315 0.000491 0.000690 0.000430 0.001736
0.202319 0.004337 0.000897 0.016464 0.005596 0.018381 0.001813 0.003031 0.002963 0.026975 0.020089 0.001504 0.003343 0.003764 0.013104 0.003883 0.024523 0.010913 0.003531 0.234676 0.034009 0.167647 0.007294 0.005595 0.003966 0.006696 0.004242 0.051647 0.008552 0.053162 0.045678 0.009409
0.446407 0.003841 0.001225 0.005944 0.004911 0.014858 0.001960 0.002415 0.001730 0.076842 0.004793 0.001340 0.000291 0.001529 0.027186 0.007219 0.016827 0.002372 0.003333 0.171483 0.027496 0.064033 0.003029 0.004928 0.001910 0.002082 0.001689 0.031547 0.002228 0.049090 0.008736 0.006726
0.392700 0.001576 0.000834 0.000666 0.004170 0.000126 0.005711 0.002505 0.003144 0.187970 0.001007 0.003252 0.000010 0.000555 0.014515 0.022925 0.022291 0.000941 0.003196 0.130595 0.030821 0.086869 0.003306 0.006984 0.001056 0.000448 0.001093 0.014970 0.000650 0.047132 0.003334 0.004651
0.225435 0.009028 0.002163 0.007101 0.007691 0.005616 0.005657 0.004032 0.004632 0.077853 0.006017 0.002620 0.000224 0.002256 0.021339 0.044011 0.045599 0.004024 0.003055 0.128763 0.068908 0.085234 0.007286 0.009568 0.002315 0.005748 0.006524 0.104999 0.005353 0.073496 0.011680 0.011771
0.403169 0.001111 0.000535 0.001441 0.002092 0.000225 0.007800 0.004067 0.005642 0.140789 0.000435 0.001996 0.000008 0.000466 0.007273 0.031154 0.034914 0.001434 0.002064 0.122339 0.021159 0.099924 0.006909 0.005796 0.001181 0.000349 0.000396 0.023278 0.000228 0.060347 0.003636 0.007842
0.738308 0.000812 0.000221 0.001325 0.002082 0.000648 0.001128 0.000814 0.001379 0.018856 0.008543 0.000760 0.000110 0.000471 0.002332 0.001690 0.002099 0.001891 0.001095 0.105412 0.017836 0.044911 0.001428 0.001299 0.000656 0.000954 0.008750 0.002478 0.003969 0.010870 0.015301 0.001572
0.217636 0.000787 0.000076 0.000603 0.000243 0.000183 0.000317 0.000431 0.000668 0.003797 0.012711 0.000182 0.000075 0.000855 0.000700 0.000767 0.001051 0.004274 0.000517 0.033993 0.009759 0.666100 0.000354 0.002553 0.000311 0.000794 0.017954 0.000825 0.004686 0.007205 0.007878 0.001716
0.201704 0.017010 0.003869 0.007701 0.016892 0.003230 0.011685 0.005128 0.016188 0.090936 0.004978 0.004790 0.002438 0.011906 0.014444 0.008606 0.013117 0.024538 0.028541 0.037776 0.016608 0.292726 0.001957 0.012708 0.019646 0.005264 0.004385 0.019657 0.002919 0.037053 0.042679 0.018918
0.705266 0.000034 0.000053 0.000819 0.000046 0.000030 0.000052 0.000015 0.000051 0.000552 0.000078 0.000008 0.000005 0.000064 0.001660 0.000042 0.000444 0.000209 0.000026 0.032717 0.003519 0.248467 0.000037 0.000201 0.000091 0.000165 0.000438 0.000325 0.000288 0.003074 0.000840 0.000382
0.202319 0.004337 0.000897 0.016464 0.005596 0.018381 0.001813 0.003031 0.002963 0.026975 0.020089 0.001504 0.003343 0.003764 0.013104 0.003883 0.024523 0.010913 0.003531 0.234676 0.034009 0.167647 0.007294 0.005595 0.003966 0.006696 0.004242 0.051647 0.008552 0.053162 0.045678 0.009409
0.724935 0.000555 0.000067 0.001767 0.000568 0.000558 0.000620 0.000778 0.002261 0.009826 0.011654 0.000343 0.000040 0.000576 0.000634 0.001271 0.000661 0.006377 0.001301 0.042102 0.005080 0.159469 0.000506 0.003968 0.000265 0.000361 0.004682 0.001207 0.001309 0.005755 0.008743 0.001760
0.642262 0.000706 0.000176 0.001058 0.000316 0.000383 0.000746 0.000336 0.000577 0.029620 0.000687 0.000247 0.000771 0.001610 0.003672 0.000802 0.004073 0.017093 0.003012 0.041947 0.006901 0.153902 0.000503 0.001285 0.005644 0.001691 0.002232 0.015594 0.000420 0.018549 0.038893 0.004292
0.742073 0.000283 0.000067 0.000991 0.000350 0.000523 0.000361 0.000365 0.001644 0.009961 0.003865 0.000191 0.000032 0.000302 0.000904 0.000736 0.000576 0.002003 0.001111 0.072747 0.004846 0.130539 0.000223 0.001943 0.000249 0.000177 0.002120 0.001491 0.000734 0.007560 0.009708 0.001325
0.671741 0.000317 0.000076 0.000511 0.000053 0.000082 0.000370 0.000201 0.000506 0.025830 0.000581 0.000123 0.000128 0.000835 0.005647 0.000339 0.002460 0.005722 0.000436 0.094839 0.005925 0.130024 0.000159 0.000473 0.003283 0.001058 0.003707 0.004540 0.000381 0.018837 0.017299 0.003516
0.433748 0.000564 0.000226 0.000821 0.001540 0.000085 0.002966 0.001450 0.002814 0.181569 0.000271 0.001692 0.000003 0.000228 0.007209 0.013582 0.017154 0.000651 0.002117 0.109472 0.019167 0.129415 0.002142 0.004765 0.000487 0.000208 0.000326 0.013922 0.000184 0.044721 0.002808 0.003693
0.798737 0.000070 0.000042 0.003687 0.000040 0.000840 0.000099 0.000076 0.000270 0.003368 0.000150 0.000069 0.000508 0.000123 0.000627 0.000203 0.001103 0.000771 0.000549 0.032183 0.001019 0.127916 0.000063 0.000704 0.000862 0.000149 0.001583 0.011942 0.000044 0.005224 0.001603 0.005375
0.770590 0.002612 0.000058 0.006485 0.000458 0.000349 0.000988 0.000585 0.004725 0.018842 0.003242 0.000720 0.000134 0.000352 0.000915 0.002898 0.001462 0.003519 0.002323 0.029365 0.003179 0.127701 0.000706 0.002771 0.000274 0.000348 0.001352 0.003492 0.000592 0.004966 0.001550 0.002443
0.776212 0.002019 0.000241 0.029503 0.001032 0.002482 0.001985 0.000983 0.003318 0.005784 0.002851 0.001296 0.000407 0.000578 0.001151 0.003636 0.001521 0.005772 0.004041 0.018769 0.003860 0.109818 0.001770 0.002364 0.000666 0.000633 0.002435 0.004564 0.000703 0.003663 0.002640 0.003304
0.768178 0.000141 0.000078 0.000998 0.000468 0.000616 0.000236 0.000261 0.001436 0.006540 0.002149 0.000238 0.000060 0.000192 0.001177 0.000385 0.000813 0.000676 0.000733 0.075064 0.004465 0.108556 0.000171 0.000995 0.000231 0.000114 0.001389 0.002576 0.000398 0.007768 0.011287 0.001612
0.832354 0.000162 0.000183 0.000824 0.000192 0.000048 0.000206 0.000082 0.000270 0.002337 0.000316 0.000043 0.000010 0.000179 0.002258 0.000222 0.000793 0.000644 0.000082 0.038576 0.006143 0.104300 0.000160 0.000730 0.000169 0.000284 0.000864 0.000758 0.000676 0.004323 0.001143 0.000669
0.782690 0.000157 0.000020 0.000647 0.000121 0.000063 0.000896 0.000439 0.001262 0.047586 0.000104 0.000405 0.000001 0.000051 0.000762 0.003418 0.002953 0.000572 0.000587 0.033281 0.002348 0.102119 0.000689 0.001263 0.000132 0.000044 0.000074 0.005296 0.000028 0.009295 0.001036 0.001661
0.292336 0.009819 0.001692 0.010779 0.004790 0.007609 0.005247 0.003559 0.004746 0.051906 0.005404 0.002263 0.000217 0.001623 0.014843 0.049647 0.042312 0.003890 0.002278 0.112825 0.056932 0.077333 0.006487 0.009514 0.001853 0.004092 0.006880 0.110806 0.003896 0.073586 0.009692 0.011143
