0.484204 0.240815 0.000243 0.001202 0.000945 0.007699 0.021939 0.001542 0.045741 0.004211 0.013583 0.001155 0.001361 0.005389 0.000085 0.007615 0.001630 0.041783 0.060352 0.000885 0.000827 0.016536 0.001588 0.000450 0.002087 0.003435 0.004612 0.001043 0.000449 0.000578 0.023711 0.002303
0.667034 0.116282 0.000082 0.006520 0.000389 0.001013 0.016662 0.001165 0.007759 0.039198 0.000600 0.001752 0.000050 0.002567 0.000470 0.057637 0.002370 0.003748 0.008351 0.004545 0.000729 0.022330 0.016695 0.003148 0.001654 0.000338 0.000254 0.009875 0.000248 0.002190 0.000435 0.003910
0.019748 0.000006 0.000001 0.977750 0.000016 0.001972 0.000002 0.000001 0.000003 0.000002 0.000011 0.000000 0.000357 0.000004 0.000002 0.000002 0.000005 0.000012 0.000008 0.000002 0.000008 0.000024 0.000002 0.000004 0.000005 0.000006 0.000004 0.000005 0.000003 0.000009 0.000013 0.000010
0.344749 0.002939 0.008458 0.404332 0.031273 0.047348 0.002609 0.001881 0.001438 0.002877 0.012070 0.001116 0.004645 0.002588 0.004240 0.002539 0.004425 0.016968 0.002382 0.010743 0.008504 0.017538 0.006218 0.002809 0.004097 0.008126 0.007637 0.003687 0.008610 0.005847 0.013849 0.003457
0.692779 0.000006 0.000003 0.305723 0.000118 0.000289 0.000018 0.000008 0.000042 0.000044 0.000026 0.000006 0.000032 0.000004 0.000046 0.000030 0.000052 0.000026 0.000012 0.000130 0.000030 0.000121 0.000051 0.000019 0.000014 0.000035 0.000084 0.000094 0.000010 0.000049 0.000029 0.000070
0.635727 0.009096 0.000114 0.174106 0.000521 0.098694 0.000763 0.000398 0.001666 0.003570 0.002814 0.000315 0.003616 0.001116 0.001303 0.001775 0.000747 0.000926 0.003271 0.006865 0.001102 0.014632 0.002390 0.000465 0.006087 0.000453 0.001806 0.017716 0.000495 0.001831 0.002159 0.003461
0.615042 0.000358 0.000892 0.147609 0.002526 0.204098 0.000085 0.000096 0.000252 0.000352 0.006117 0.000037 0.007414 0.000231 0.000586 0.000096 0.000539 0.000602 0.000208 0.002308 0.001232 0.002816 0.000094 0.000164 0.001150 0.000217 0.000556 0.000673 0.000267 0.000760 0.002341 0.000285
0.857678 0.000006 0.000016 0.134653 0.000354 0.000953 0.000021 0.000021 0.000037 0.000134 0.000154 0.000019 0.000073 0.000016 0.000257 0.000055 0.000288 0.000064 0.000030 0.001475 0.000168 0.001529 0.000033 0.000077 0.000030 0.000054 0.000798 0.000284 0.000036 0.000339 0.000162 0.000184
0.873775 0.000004 0.000008 0.122157 0.000279 0.000246 0.000016 0.000012 0.000026 0.000091 0.000035 0.000011 0.000040 0.000007 0.000252 0.000041 0.000166 0.000029 0.000021 0.000892 0.000118 0.000711 0.000020 0.000071 0.000018 0.000035 0.000237 0.000249 0.000013 0.000193 0.000073 0.000154
0.878615 0.000002 0.000002 0.119565 0.000088 0.000111 0.000006 0.000005 0.000007 0.000061 0.000010 0.000004 0.000008 0.000002 0.000164 0.000026 0.000092 0.000009 0.000011 0.000228 0.000094 0.000400 0.000007 0.000033 0.000006 0.000011 0.000111 0.000092 0.000007 0.000131 0.000032 0.000061
0.802212 0.000691 0.000339 0.115646 0.000528 0.006553 0.000461 0.000240 0.000821 0.001541 0.002516 0.000151 0.002744 0.000717 0.001021 0.000389 0.001721 0.001691 0.001010 0.005600 0.001738 0.030097 0.000263 0.000870 0.001244 0.000434 0.002082 0.001227 0.000418 0.004147 0.009656 0.001232
0.892221 0.000023 0.000006 0.102695 0.000146 0.001931 0.000041 0.000010 0.000064 0.000032 0.000286 0.000004 0.000849 0.000015 0.000013 0.000018 0.000030 0.000433 0.000017 0.000147 0.000032 0.000164 0.000074 0.000009 0.000047 0.000202 0.000179 0.000056 0.000078 0.000029 0.000104 0.000041
0.577334 0.036271 0.000065 0.101666 0.001113 0.006479 0.037422 0.003041 0.017727 0.018446 0.001764 0.006940 0.000162 0.000827 0.000303 0.069284 0.004945 0.005340 0.017879 0.003281 0.000726 0.019260 0.042614 0.003911 0.000545 0.001040 0.000830 0.010784 0.000422 0.002322 0.001446 0.005811
0.169331 0.009367 0.021281 0.161116 0.108839 0.048639 0.006309 0.005423 0.003150 0.013437 0.034834 0.002844 0.003547 0.004526 0.027653 0.005767 0.017091 0.016730 0.005332 0.054300 0.055562 0.048907 0.020852 0.008667 0.006695 0.012326 0.008954 0.014518 0.025180 0.024352 0.047599 0.006874
0.196050 0.000056 0.000177 0.521634 0.000231 0.267108 0.000019 0.000020 0.000021 0.000062 0.000481 0.000006 0.009201 0.000080 0.000127 0.000036 0.000082 0.000130 0.000197 0.000356 0.000356 0.001521 0.000015 0.000030 0.000450 0.000066 0.000343 0.000088 0.000188 0.000259 0.000479 0.000130
0.615042 0.000358 0.000892 0.147609 0.002526 0.204098 0.000085 0.000096 0.000252 0.000352 0.006117 0.000037 0.007414 0.000231 0.000586 0.000096 0.000539 0.000602 0.000208 0.002308 0.001232 0.002816 0.000094 0.000164 0.001150 0.000217 0.000556 0.000673 0.000267 0.000760 0.002341 0.000285
0.584314 0.001037 0.002125 0.050536 0.008562 0.121488 0.001808 0.001627 0.001471 0.008437 0.010849 0.000941 0.003784 0.001859 0.010831 0.001463 0.007703 0.001848 0.003492 0.069278 0.010138 0.044752 0.001001 0.002980 0.004134 0.001142 0.001417 0.007585 0.002624 0.012181 0.015182 0.003413
0.746830 0.008752 0.000566 0.060591 0.003509 0.101440 0.003443 0.000893 0.012049 0.002862 0.004906 0.000337 0.000693 0.001234 0.000263 0.005131 0.001713 0.006346 0.005725 0.000779 0.000872 0.011040 0.000653 0.002056 0.000788 0.001840 0.003902 0.003892 0.000476 0.000790 0.003373 0.002257
0.463694 0.013499 0.000016 0.000193 0.000293 0.000138 0.362436 0.002166 0.004501 0.055157 0.000386 0.002833 0.000001 0.000341 0.000050 0.065492 0.001072 0.007918 0.005932 0.002706 0.000786 0.004580 0.000802 0.000399 0.000079 0.000752 0.000068 0.000480 0.000028 0.001083 0.001523 0.000596
0.386023 0.037500 0.003552 0.021448 0.015952 0.014492 0.100419 0.009880 0.011555 0.033596 0.007761 0.011915 0.001168 0.009613 0.007745 0.019226 0.007190 0.062822 0.016459 0.040453 0.008867 0.035178 0.011998 0.007886 0.003975 0.030961 0.003862 0.019616 0.006705 0.010503 0.035351 0.006329
0.455264 0.096419 0.000416 0.001410 0.002740 0.010844 0.014524 0.001403 0.126708 0.003796 0.008869 0.000795 0.003343 0.005365 0.000130 0.004920 0.001056 0.092891 0.042979 0.001666 0.001154 0.043932 0.001067 0.000349 0.003191 0.008449 0.011191 0.001444 0.000588 0.000866 0.048428 0.003805
0.407324 0.000097 0.000006 0.000053 0.000051 0.000005 0.000110 0.000052 0.000046 0.520501 0.000003 0.000051 0.000000 0.000076 0.001816 0.006757 0.002571 0.000082 0.000216 0.013733 0.000727 0.025224 0.000052 0.010711 0.000105 0.000006 0.000003 0.002274 0.000005 0.006915 0.000017 0.000411
0.315819 0.008992 0.000329 0.002715 0.004362 0.000411 0.005637 0.001530 0.003002 0.344552 0.000352 0.001953 0.000034 0.002019 0.009366 0.074954 0.010567 0.002551 0.006228 0.038491 0.005483 0.064485 0.008970 0.035742 0.001848 0.000526 0.000349 0.022624 0.000717 0.018057 0.000788 0.006545
0.537643 0.012175 0.000021 0.000412 0.000557 0.000181 0.171907 0.002408 0.006813 0.125135 0.000479 0.002215 0.000002 0.000325 0.000072 0.100587 0.000938 0.008549 0.012288 0.003484 0.000608 0.006495 0.001399 0.000501 0.000099 0.000617 0.000083 0.000680 0.000042 0.001065 0.001013 0.001207
0.498733 0.008718 0.000039 0.008441 0.000775 0.000719 0.035828 0.003296 0.036214 0.122861 0.000394 0.004115 0.000032 0.000443 0.000702 0.066626 0.005996 0.001422 0.040726 0.028939 0.002442 0.075604 0.018928 0.004281 0.001278 0.000319 0.000222 0.009764 0.000055 0.008649 0.000983 0.012458
0.422470 0.002083 0.007377 0.013434 0.044418 0.004802 0.002985 0.002841 0.005274 0.028234 0.007854 0.001495 0.003306 0.002061 0.104665 0.002262 0.038445 0.001193 0.009519 0.099323 0.038067 0.069099 0.001918 0.007681 0.005380 0.002135 0.004773 0.007972 0.003536 0.032295 0.012465 0.010637
0.427824 0.044271 0.000094 0.021103 0.002890 0.004300 0.038354 0.004576 0.040305 0.044912 0.007345 0.007295 0.000066 0.000645 0.000289 0.163057 0.007278 0.006107 0.028409 0.009012 0.001595 0.058688 0.057293 0.002429 0.000446 0.001070 0.001666 0.006893 0.001132 0.002599 0.002159 0.005899
0.434154 0.032815 0.000056 0.000818 0.000522 0.000090 0.012316 0.000980 0.003006 0.260845 0.000115 0.001122 0.000005 0.001422 0.000934 0.131090 0.004258 0.003301 0.008079 0.011641 0.001380 0.055956 0.007404 0.008499 0.000942 0.000182 0.000083 0.008211 0.000155 0.005574 0.000236 0.003809
0.176540 0.034525 0.000146 0.010206 0.005070 0.019454 0.007653 0.002479 0.045345 0.007455 0.005962 0.001227 0.002366 0.001286 0.000124 0.101299 0.002078 0.031050 0.431802 0.001271 0.001676 0.018028 0.027407 0.000934 0.000813 0.003973 0.031471 0.004005 0.006852 0.001308 0.006733 0.009466
0.537643 0.012175 0.000021 0.000412 0.000557 0.000181 0.171907 0.002408 0.006813 0.125135 0.000479 0.002215 0.000002 0.000325 0.000072 0.100587 0.000938 0.008549 0.012288 0.003484 0.000608 0.006495 0.001399 0.000501 0.000099 0.000617 0.000083 0.000680 0.000042 0.001065 0.001013 0.001207
0.445518 0.097521 0.000366 0.004464 0.002749 0.058945 0.017401 0.001903 0.022228 0.003760 0.015781 0.001233 0.019552 0.008821 0.000173 0.008357 0.001684 0.129348 0.050011 0.002131 0.001409 0.017393 0.009705 0.000995 0.003155 0.007781 0.026065 0.002920 0.004512 0.001248 0.029526 0.003349
0.115379 0.035000 0.000053 0.006855 0.001596 0.007293 0.006745 0.001499 0.034915 0.006571 0.002665 0.000847 0.002007 0.001298 0.000058 0.063188 0.001073 0.030834 0.612039 0.000800 0.000829 0.017199 0.015858 0.000363 0.000701 0.002475 0.013098 0.002227 0.002579 0.000749 0.006038 0.007168
0.561526 0.001299 0.000786 0.005203 0.002484 0.005027 0.001817 0.001746 0.002148 0.032579 0.007089 0.001237 0.000286 0.001103 0.010750 0.005769 0.014009 0.001410 0.001181 0.169987 0.027230 0.050673 0.002096 0.003750 0.001683 0.002485 0.005828 0.012111 0.003882 0.039539 0.019553 0.003735
0.563973 0.003772 0.000317 0.020157 0.002203 0.005301 0.003048 0.002076 0.005885 0.011313 0.016077 0.001360 0.000157 0.000814 0.004172 0.006792 0.005917 0.003246 0.001193 0.161605 0.008729 0.096198 0.008001 0.002930 0.001595 0.003397 0.007053 0.011429 0.007395 0.017527 0.012573 0.003794
0.354169 0.005320 0.007544 0.009183 0.013916 0.017728 0.011736 0.006077 0.006355 0.037364 0.034208 0.004569 0.004791 0.007423 0.042671 0.004115 0.016941 0.005416 0.007470 0.144758 0.020938 0.064527 0.004656 0.009225 0.010881 0.011443 0.006758 0.020414 0.019849 0.039351 0.041686 0.008517
0.511419 0.001438 0.001030 0.001646 0.002694 0.002379 0.002018 0.001168 0.002822 0.068946 0.009566 0.000696 0.001674 0.004533 0.021891 0.001067 0.010039 0.003590 0.002258 0.139140 0.016719 0.092882 0.001188 0.003777 0.002943 0.003375 0.004334 0.010234 0.005404 0.042378 0.022183 0.004569
0.464694 0.001696 0.001540 0.023258 0.005499 0.028763 0.003682 0.002987 0.001599 0.020717 0.011200 0.001675 0.002455 0.003185 0.019824 0.002177 0.011428 0.005058 0.004613 0.137220 0.022615 0.112254 0.002878 0.005775 0.005623 0.002796 0.002057 0.011297 0.005193 0.033870 0.036200 0.006170
0.476475 0.004114 0.004441 0.004020 0.009387 0.012123 0.005720 0.002986 0.005869 0.038927 0.030904 0.001819 0.005331 0.007531 0.025736 0.002137 0.010736 0.004698 0.004267 0.131678 0.013754 0.070152 0.002886 0.005882 0.006233 0.007385 0.007327 0.010988 0.018291 0.028294 0.034298 0.005610
0.550523 0.000891 0.001226 0.005676 0.011760 0.002915 0.001292 0.000444 0.002241 0.016321 0.008970 0.000675 0.001277 0.002209 0.007240 0.000294 0.005259 0.002037 0.001732 0.125330 0.009661 0.142733 0.000952 0.004761 0.002727 0.001347 0.002059 0.010498 0.001834 0.023512 0.048610 0.002994
0.506041 0.001547 0.002814 0.048223 0.014182 0.079709 0.006493 0.003135 0.002808 0.008979 0.012980 0.001632 0.003532 0.003021 0.009258 0.001892 0.005549 0.008615 0.004908 0.118380 0.016041 0.054939 0.001896 0.002696 0.003259 0.003791 0.001198 0.006730 0.004552 0.013378 0.043798 0.004024
0.529479 0.003783 0.003876 0.003616 0.006873 0.010864 0.005577 0.002804 0.006734 0.046271 0.026444 0.001533 0.004100 0.006710 0.021540 0.002591 0.008163 0.006122 0.004218 0.116148 0.013397 0.066578 0.002173 0.005075 0.005262 0.005768 0.006365 0.008602 0.016325 0.022645 0.024959 0.005405
0.528548 0.001601 0.001646 0.030904 0.007309 0.069590 0.003638 0.002722 0.001791 0.014350 0.017358 0.001409 0.005136 0.003499 0.012889 0.001704 0.008199 0.006417 0.004344 0.114342 0.016590 0.056418 0.001985 0.004925 0.004667 0.002717 0.001498 0.009017 0.005808 0.018001 0.035318 0.005659
0.820094 0.000335 0.000256 0.000725 0.000356 0.000604 0.000258 0.000165 0.000286 0.004416 0.002211 0.000110 0.000023 0.000186 0.004450 0.000457 0.001727 0.000346 0.000118 0.113812 0.003203 0.025731 0.000080 0.000556 0.000689 0.001167 0.001434 0.003010 0.001992 0.008076 0.002667 0.000458
0.495467 0.003937 0.006960 0.004828 0.010798 0.014284 0.006402 0.003274 0.004842 0.030678 0.032540 0.002143 0.004245 0.006685 0.037805 0.001969 0.013192 0.003692 0.003984 0.111611 0.016040 0.059507 0.002397 0.005485 0.007089 0.007224 0.005815 0.012659 0.016233 0.031803 0.030919 0.005491
0.560487 0.001876 0.001900 0.002252 0.004137 0.004179 0.002187 0.001331 0.002644 0.048760 0.013872 0.000706 0.001988 0.004868 0.030086 0.000948 0.010373 0.002784 0.001920 0.108504 0.015698 0.081825 0.001267 0.003446 0.003430 0.003599 0.004355 0.009225 0.007252 0.039132 0.020577 0.004393
0.256796 0.003743 0.002834 0.040486 0.021751 0.019931 0.006300 0.003648 0.003916 0.053006 0.009959 0.003256 0.003098 0.007232 0.043966 0.004955 0.021122 0.005622 0.011673 0.105008 0.031576 0.138649 0.007511 0.020221 0.008148 0.005464 0.004147 0.022349 0.009036 0.068818 0.041787 0.013991
0.416987 0.003277 0.001898 0.041599 0.017350 0.005060 0.002730 0.002239 0.004225 0.014732 0.007475 0.003617 0.003154 0.001013 0.016443 0.001723 0.032727 0.002958 0.002546 0.104851 0.036235 0.125935 0.024630 0.010855 0.002086 0.002209 0.008462 0.023047 0.002539 0.038307 0.031062 0.008028
0.579044 0.001688 0.002018 0.003618 0.005421 0.004875 0.002334 0.001349 0.001583 0.029490 0.014671 0.000711 0.001608 0.003654 0.038096 0.000789 0.012484 0.001625 0.001613 0.103972 0.018246 0.071791 0.001191 0.002772 0.003707 0.003143 0.003591 0.008637 0.006201 0.042698 0.023389 0.003993
0.416767 0.001000 0.002442 0.048372 0.033395 0.032641 0.005490 0.002290 0.001575 0.029064 0.010068 0.001529 0.002780 0.005412 0.019694 0.002103 0.010667 0.018484 0.005479 0.102201 0.027845 0.066593 0.002975 0.007207 0.005561 0.011672 0.002881 0.012622 0.008705 0.024764 0.071198 0.006524
0.650121 0.006580 0.000386 0.016697 0.010176 0.004399 0.003348 0.002270 0.006954 0.009329 0.019884 0.001176 0.000834 0.000915 0.001755 0.002310 0.002863 0.008338 0.001074 0.101713 0.008957 0.058249 0.008319 0.001705 0.001067 0.007877 0.006754 0.003590 0.027022 0.007880 0.015685 0.001771
0.552510 0.001104 0.001823 0.046928 0.011088 0.093143 0.005647 0.003049 0.002064 0.008502 0.012120 0.001162 0.003286 0.002524 0.008420 0.001674 0.005360 0.007160 0.004384 0.101701 0.013805 0.041588 0.001577 0.002458 0.002896 0.002913 0.000917 0.005846 0.003640 0.012198 0.034734 0.003782
0.804314 0.000250 0.000090 0.001427 0.000566 0.000924 0.000435 0.000248 0.000609 0.006102 0.001544 0.000199 0.000068 0.000232 0.002819 0.000810 0.003160 0.000491 0.000239 0.101431 0.009122 0.034118 0.000250 0.000961 0.000454 0.000896 0.002347 0.002508 0.001797 0.013738 0.006939 0.000914
0.140554 0.007590 0.005308 0.034527 0.035402 0.003573 0.008397 0.004919 0.006193 0.034566 0.011501 0.007991 0.001553 0.002161 0.034703 0.005444 0.056081 0.006484 0.004800 0.099218 0.100624 0.099119 0.075880 0.023585 0.003437 0.005497 0.008183 0.041311 0.007628 0.056136 0.056219 0.011417
0.478948 0.000088 0.000053 0.000616 0.000203 0.000428 0.000045 0.000037 0.000230 0.001096 0.000527 0.000028 0.000271 0.000235 0.000855 0.000041 0.001037 0.000291 0.000150 0.015279 0.001970 0.483083 0.000040 0.000364 0.000609 0.000105 0.000697 0.001969 0.000099 0.004729 0.005330 0.000545
0.459342 0.003096 0.000164 0.001049 0.000428 0.003363 0.000645 0.000478 0.001902 0.019321 0.002111 0.000485 0.000964 0.001378 0.001725 0.000222 0.004400 0.001771 0.000639 0.033990 0.003866 0.425959 0.001658 0.001098 0.001769 0.001078 0.001310 0.005781 0.000529 0.010800 0.007205 0.001475
0.562639 0.000837 0.000132 0.002897 0.000265 0.002444 0.000259 0.000213 0.000405 0.021375 0.000421 0.000217 0.000465 0.000561 0.003231 0.000278 0.006358 0.000575 0.000595 0.036819 0.005149 0.317422 0.001175 0.001099 0.000731 0.000311 0.000567 0.009272 0.000338 0.016075 0.005095 0.001779
0.732967 0.000215 0.000042 0.000142 0.000023 0.000368 0.000037 0.000010 0.000149 0.000475 0.000163 0.000010 0.000164 0.000337 0.000270 0.000010 0.000700 0.000094 0.000074 0.006209 0.000402 0.252683 0.000008 0.000134 0.000713 0.000109 0.000290 0.000851 0.000026 0.000821 0.001351 0.000151
0.483464 0.012037 0.000835 0.002148 0.003109 0.014659 0.001840 0.000686 0.001823 0.002943 0.004864 0.000403 0.003915 0.002543 0.000870 0.001397 0.001620 0.017857 0.006126 0.011252 0.005975 0.168760 0.001647 0.000422 0.004931 0.009741 0.075006 0.005061 0.004033 0.004524 0.142775 0.002733
0.811654 0.000084 0.000013 0.000071 0.000028 0.000502 0.000030 0.000010 0.000071 0.000313 0.000124 0.000004 0.000179 0.000130 0.000141 0.000013 0.000528 0.000555 0.000074 0.006130 0.000817 0.158301 0.000005 0.000030 0.000773 0.000387 0.002326 0.001634 0.000031 0.001212 0.013614 0.000214
0.725525 0.000176 0.000038 0.005209 0.000118 0.000734 0.000260 0.000161 0.003244 0.003232 0.000272 0.000162 0.000453 0.000152 0.002510 0.000325 0.001571 0.000497 0.001434 0.080011 0.002894 0.150843 0.000319 0.000552 0.000712 0.000280 0.000900 0.002535 0.000248 0.006849 0.001368 0.006416
0.550523 0.000891 0.001226 0.005676 0.011760 0.002915 0.001292 0.000444 0.002241 0.016321 0.008970 0.000675 0.001277 0.002209 0.007240 0.000294 0.005259 0.002037 0.001732 0.125330 0.009661 0.142733 0.000952 0.004761 0.002727 0.001347 0.002059 0.010498 0.001834 0.023512 0.048610 0.002994
0.730386 0.000313 0.000207 0.006498 0.000575 0.001244 0.000390 0.000354 0.003836 0.005778 0.001071 0.000345 0.000343 0.000396 0.003711 0.000677 0.003863 0.001025 0.003876 0.061161 0.004384 0.142101 0.000343 0.000850 0.000871 0.000613 0.002090 0.004012 0.000690 0.008841 0.002144 0.007014
0.256796 0.003743 0.002834 0.040486 0.021751 0.019931 0.006300 0.003648 0.003916 0.053006 0.009959 0.003256 0.003098 0.007232 0.043966 0.004955 0.021122 0.005622 0.011673 0.105008 0.031576 0.138649 0.007511 0.020221 0.008148 0.005464 0.004147 0.022349 0.009036 0.068818 0.041787 0.013991
0.301650 0.003872 0.002491 0.031038 0.034293 0.025019 0.006989 0.003498 0.004965 0.038891 0.013072 0.003617 0.004192 0.008207 0.019513 0.004575 0.020504 0.008750 0.015453 0.090804 0.030138 0.135142 0.004006 0.013358 0.008292 0.009916 0.006184 0.023248 0.008331 0.035837 0.068959 0.015194
0.328853 0.022959 0.000441 0.011925 0.007007 0.001937 0.044341 0.007283 0.041448 0.065053 0.006429 0.008266 0.000089 0.001411 0.003043 0.052094 0.014382 0.006615 0.010874 0.093447 0.011438 0.132725 0.050346 0.006847 0.003071 0.005716 0.003631 0.013366 0.002793 0.027155 0.006479 0.008537
0.867292 0.000000 0.000000 0.000000 0.000000 0.000001 0.000000 0.000000 0.000000 0.000000 0.000000 0.000000 0.000000 0.000000 0.000000 0.000000 0.000000 0.000000 0.000000 0.000112 0.000000 0.132570 0.000000 0.000000 0.000000 0.000000 0.000001 0.000003 0.000000 0.000001 0.000018 0.000000
0.750420 0.000725 0.001859 0.004665 0.003594 0.001220 0.000364 0.000230 0.000822 0.005651 0.002964 0.000162 0.002416 0.000903 0.010240 0.000374 0.008835 0.000530 0.001798 0.031242 0.008195 0.130166 0.000329 0.002208 0.002211 0.000570 0.002081 0.002865 0.002321 0.010883 0.005847 0.003311
0.416987 0.003277 0.001898 0.041599 0.017350 0.005060 0.002730 0.002239 0.004225 0.014732 0.007475 0.003617 0.003154 0.001013 0.016443 0.001723 0.032727 0.002958 0.002546 0.104851 0.036235 0.125935 0.024630 0.010855 0.002086 0.002209 0.008462 0.023047 0.002539 0.038307 0.031062 0.008028
0.746431 0.000536 0.000276 0.005943 0.000575 0.001548 0.000405 0.000488 0.000614 0.006148 0.005431 0.000312 0.000366 0.000347 0.005304 0.000794 0.005033 0.000357 0.000579 0.044090 0.012082 0.125717 0.000509 0.002205 0.000517 0.000444 0.004494 0.005443 0.001631 0.011287 0.007248 0.002849
0.464694 0.001696 0.001540 0.023258 0.005499 0.028763 0.003682 0.002987 0.001599 0.020717 0.011200 0.001675 0.002455 0.003185 0.019824 0.002177 0.011428 0.005058 0.004613 0.137220 0.022615 0.112254 0.002878 0.005775 0.005623 0.002796 0.002057 0.011297 0.005193 0.033870 0.036200 0.006170
0.797061 0.000679 0.000113 0.016982 0.000358 0.003094 0.000331 0.000602 0.000874 0.004577 0.007429 0.000224 0.000642 0.000266 0.000943 0.002815 0.001650 0.000730 0.000537 0.026230 0.005045 0.109213 0.001022 0.000970 0.000265 0.000312 0.006840 0.001612 0.001153 0.002805 0.002472 0.002153
0.210296 0.003214 0.004982 0.027663 0.044653 0.021910 0.007992 0.004681 0.003400 0.065940 0.015204 0.003733 0.003977 0.012336 0.042297 0.004394 0.027056 0.013604 0.012935 0.094677 0.039130 0.103957 0.007953 0.018528 0.011040 0.013810 0.005480 0.024318 0.013103 0.053267 0.070300 0.014170
0.582212 0.043870 0.000010 0.000364 0.000044 0.000124 0.046157 0.002248 0.009172 0.068811 0.000232 0.002578 0.000006 0.000467 0.000227 0.058866 0.002770 0.004655 0.024141 0.018077 0.002545 0.103612 0.003574 0.000694 0.001187 0.000489 0.000339 0.010497 0.000082 0.004727 0.001470 0.005754
0.615814 0.001057 0.000547 0.005330 0.002558 0.004030 0.000854 0.000859 0.001368 0.016756 0.005345 0.000350 0.000290 0.000773 0.006936 0.002716 0.011553 0.001707 0.000925 0.097715 0.024890 0.102879 0.000721 0.002875 0.000991 0.002236 0.007291 0.008917 0.003589 0.036964 0.028135 0.003030
0.697761 0.002572 0.000368 0.004436 0.004132 0.009918 0.000735 0.001208 0.003376 0.040244 0.005838 0.000745 0.000738 0.000806 0.002133 0.000370 0.003890 0.002024 0.000940 0.054795 0.006684 0.101258 0.005144 0.003657 0.000813 0.000886 0.001724 0.008555 0.001228 0.017524 0.013168 0.002331
0.639665 0.000302 0.000599 0.010706 0.002312 0.000569 0.000260 0.000215 0.000607 0.030866 0.000060 0.000427 0.000046 0.000391 0.007425 0.001884 0.013090 0.000119 0.000568 0.006921 0.001525 0.014900 0.000453 0.235832 0.000370 0.000042 0.000050 0.007578 0.000042 0.020027 0.000251 0.001897
0.609313 0.000623 0.000353 0.008847 0.002693 0.002497 0.000889 0.000703 0.000777 0.022575 0.002279 0.000893 0.002650 0.003067 0.005885 0.001978 0.071119 0.001447 0.002153 0.026659 0.017775 0.024943 0.000554 0.025276 0.002260 0.000970 0.000946 0.007056 0.001118 0.135457 0.011637 0.004607
0.759831 0.000119 0.000079 0.002285 0.000375 0.000528 0.000216 0.000152 0.000209 0.011254 0.000438 0.000238 0.000193 0.000276 0.002941 0.000847 0.055862 0.000164 0.000304 0.013555 0.014406 0.008851 0.000111 0.012418 0.000367 0.000127 0.000364 0.003801 0.000191 0.106668 0.001659 0.001172
0.436893 0.012300 0.001361 0.001694 0.007397 0.012575 0.002196 0.000797 0.003234 0.001886 0.007784 0.000424 0.005235 0.004210 0.001011 0.001009 0.002231 0.027942 0.007466 0.007019 0.005397 0.105043 0.001140 0.000516 0.005440 0.018539 0.085282 0.004427 0.004454 0.004126 0.218281 0.002689
