chair 400 68 586 259 0.97883 0.020154
chair 309 228 556 434 0.945197 0.045367
chair 147 122 333 389 0.938478 0.058461
chair 301 95 461 326 0.933226 0.066593
chair 546 52 588 138 0.838578 0.145628
chair 158 79 291 194 0.585061 0.409556
chair 427 16 503 56 0.575994 0.417278
chair 480 51 570 162 0.56068 0.435240
chair 251 112 292 143 0.553469 0.444569
chair 104 48 193 134 0.473583 0.511074
chair 238 106 297 187 0.412832 0.585741
chair 532 209 590 326 0.381095 0.502345
chair 284 114 291 134 0.277642 0.719816
chair 104 41 146 54 0.257836 0.567687
chair 170 33 203 77 0.256474 0.630262
chair 249 124 269 135 0.247904 0.745026
chair 389 94 425 171 0.247396 0.739730
chair 432 21 575 90 0.246201 0.752046
chair 394 84 472 232 0.225776 0.772822
chair 545 55 565 95 0.211205 0.788481
chair 243 117 328 279 0.205062 0.793232
chair 451 44 504 78 0.192177 0.804337
chair 193 39 198 59 0.179177 0.758002
chair 229 69 231 70 0.17853 0.780341
chair 102 31 195 74 0.175432 0.719507
chair 454 73 463 79 0.1731 0.824037
chair 237 112 246 131 0.168717 0.822162
chair 420 19 432 28 0.156394 0.812395
chair 387 94 400 134 0.153837 0.845028
chair 463 218 470 243 0.135345 0.757774
chair 457 71 476 78 0.131105 0.864810
chair 126 41 146 49 0.125591 0.679038
chair 446 215 535 349 0.122512 0.871031
chair 387 96 396 105 0.113941 0.881224
chair 555 419 579 440 0.109764 0.171513
chair 469 121 571 411 0.104641 0.885790
chair 505 37 560 60 0.100568 0.870249
sofa 199 18 455 131 0.861114 0.123852
sofa 264 46 466 264 0.395708 0.565380
sofa 331 170 545 438 0.311847 0.248645
sofa 53 13 427 52 0.225731 0.769627
sofa 183 40 363 352 0.151616 0.745764
sofa 7 2 176 44 0.136499 0.306877
sofa 463 1 493 12 0.115806 0.595534
sofa 177 19 284 73 0.112511 0.725522
sofa 357 11 421 37 0.106677 0.667043
sofa 430 5 438 8 0.106028 0.707929
sofa 404 405 571 440 0.105126 0.840671
sofa 466 5 478 14 0.10381 0.627343
sofa 485 3 494 13 0.102806 0.600694
table 476 161 581 315 0.278005 0.624845
table 340 187 567 279 0.267885 0.638587
table 469 200 552 247 0.139727 0.693518
picture 86 1 145 40 0.307483 0.217022
picture 33 0 99 49 0.151414 0.402292
picture 336 1 349 10 0.142297 0.638571
picture 322 1 340 13 0.133702 0.700226
picture 304 4 324 16 0.119883 0.707381
picture 584 1 590 20 0.110799 0.393844
tv 584 1 590 20 0.113159 0.393844
paper 574 427 581 434 0.292635 0.362806
paper 583 432 590 437 0.268339 0.220807
paper 573 420 575 424 0.242492 0.406483
paper 556 409 590 440 0.199467 0.345123
paper 569 421 575 428 0.168473 0.577689
paper 353 418 363 440 0.118151 0.270998
paper 575 427 590 440 0.113724 0.123637
paper 87 0 143 42 0.103876 0.217022
paper 133 8 142 31 0.103288 0.522803
box 224 15 233 23 0.521165 0.348666
box 229 1 277 22 0.207483 0.707208
box 201 15 232 27 0.205561 0.668632
box 584 432 590 437 0.179701 0.220807
box 575 426 582 434 0.146144 0.362806
box 3 2 98 48 0.132517 0.418267
box 556 406 590 439 0.10695 0.345123
box 132 8 143 30 0.105955 0.522803
box 154 88 159 96 0.105749 0.829479
person 585 1 590 21 0.101968 0.393844
