chair 126 72 209 225 0.889889 0.106389
chair 142 65 317 265 0.545947 0.299345
chair 164 62 166 66 0.332824 0.627106
chair 312 129 472 236 0.203832 0.794477
chair 266 89 335 220 0.147521 0.839783
chair 165 59 175 71 0.139152 0.853052
chair 165 67 193 77 0.127482 0.843599
chair 162 20 209 139 0.109795 0.861181
table 143 125 315 244 0.717406 0.234205
table 178 23 536 207 0.59459 0.305564
table 171 0 317 151 0.24013 0.719030
table 295 54 418 177 0.166557 0.804930
table 153 133 226 212 0.117369 0.840476
table 15 49 173 142 0.108996 0.649104
bookshelf 1 0 131 151 0.105077 0.638322
picture 5 0 122 50 0.753476 0.189504
picture 44 1 91 23 0.411701 0.575179
picture 1 1 34 12 0.199842 0.377723
picture 411 2 421 23 0.138516 0.757228
counter 290 18 583 215 0.147061 0.614943
desk 154 119 311 275 0.167342 0.119631
desk 162 29 564 219 0.129317 0.574066
mirror 383 0 582 107 0.137255 0.673251
paper 376 175 377 182 0.254021 0.692846
paper 352 164 378 175 0.222498 0.724143
paper 2 0 33 13 0.169802 0.377723
paper 5 49 129 138 0.168251 0.410312
paper 360 157 367 160 0.154629 0.805958
paper 345 159 380 167 0.151365 0.755448
paper 416 397 436 440 0.147782 0.236713
paper 419 14 431 46 0.13461 0.392946
paper 340 148 380 193 0.12983 0.811031
paper 400 0 551 94 0.106025 0.445237
box 398 23 409 64 0.197676 0.710279
box 419 14 431 46 0.196158 0.392946
box 259 116 308 132 0.159031 0.683942
box 416 46 417 48 0.154735 0.539401
box 4 42 141 137 0.134406 0.410312
box 385 69 387 71 0.118885 0.690390
box 336 138 339 150 0.106852 0.754188
box 304 189 307 195 0.100659 0.723100
whiteboard 172 0 332 38 0.160298 0.667259
lamp 292 5 409 55 0.169559 0.639489
lamp 177 2 333 38 0.152176 0.670938
garbage_bin 448 162 459 173 0.127786 0.841877
garbage_bin 415 396 436 440 0.100323 0.236713
