0.814221 0.000710 0.000199 0.101675 0.005122 0.041300 0.000284 0.000304 0.000633 0.002355 0.002243 0.000160 0.000913 0.000473 0.004676 0.000173 0.001754 0.000309 0.000291 0.005086 0.000824 0.003111 0.000428 0.000970 0.000710 0.000348 0.001245 0.001930 0.000657 0.001917 0.004142 0.000839
0.000975 0.000007 0.000001 0.000512 0.000001 0.997350 0.000001 0.000000 0.000002 0.000002 0.000005 0.000000 0.001056 0.000002 0.000001 0.000001 0.000001 0.000003 0.000002 0.000002 0.000001 0.000005 0.000001 0.000001 0.000005 0.000001 0.000004 0.000050 0.000001 0.000001 0.000004 0.000002
0.013074 0.000026 0.000112 0.000022 0.000012 0.985490 0.000001 0.000000 0.000006 0.000001 0.000648 0.000000 0.000522 0.000006 0.000000 0.000001 0.000000 0.000012 0.000000 0.000002 0.000000 0.000002 0.000001 0.000001 0.000002 0.000007 0.000026 0.000005 0.000005 0.000000 0.000013 0.000001
0.407183 0.002165 0.000206 0.036532 0.000154 0.465529 0.000178 0.000195 0.000525 0.000987 0.000348 0.000080 0.053703 0.000725 0.000285 0.000293 0.000648 0.000769 0.000681 0.001455 0.000438 0.004720 0.000275 0.001257 0.008322 0.000115 0.000258 0.008341 0.000091 0.001410 0.001136 0.000998
0.391185 0.006411 0.003620 0.011554 0.007208 0.438858 0.001631 0.001651 0.005948 0.006187 0.031682 0.000873 0.007046 0.001213 0.000744 0.002966 0.001706 0.002946 0.002613 0.008999 0.004514 0.005159 0.012348 0.002473 0.001046 0.002522 0.009157 0.006910 0.006856 0.002679 0.009591 0.001702
0.621242 0.000793 0.000093 0.005522 0.000159 0.321110 0.000083 0.000086 0.000806 0.001034 0.000894 0.000144 0.000250 0.000119 0.000434 0.000107 0.000227 0.000055 0.000074 0.001832 0.000126 0.000248 0.000101 0.000109 0.000239 0.000108 0.000529 0.042974 0.000037 0.000143 0.000216 0.000106
0.338188 0.008784 0.002281 0.019083 0.001448 0.185361 0.001634 0.001230 0.003391 0.007720 0.001741 0.000960 0.044179 0.005053 0.004638 0.002405 0.008395 0.003573 0.005237 0.020725 0.004034 0.046714 0.002790 0.009446 0.036473 0.001190 0.003012 0.191165 0.000911 0.014307 0.013470 0.010461
0.723566 0.004007 0.000064 0.003591 0.000910 0.135908 0.000833 0.000344 0.000787 0.009503 0.001529 0.000318 0.005943 0.000827 0.000622 0.000497 0.000964 0.006899 0.008092 0.008675 0.002353 0.021407 0.002714 0.000669 0.001869 0.002788 0.001011 0.013619 0.001080 0.002875 0.034228 0.001507
0.891568 0.000313 0.000072 0.000119 0.000048 0.100679 0.000013 0.000003 0.000021 0.000045 0.001030 0.000002 0.000435 0.000068 0.000015 0.000014 0.000062 0.000498 0.000009 0.000086 0.000035 0.000173 0.000003 0.000054 0.000250 0.000253 0.000692 0.000310 0.000028 0.000043 0.003027 0.000033
0.700617 0.000066 0.000006 0.000019 0.000147 0.000001 0.000122 0.000014 0.294535 0.002784 0.000005 0.000060 0.000000 0.000002 0.000009 0.000184 0.000040 0.000016 0.000272 0.000301 0.000005 0.000463 0.000007 0.000117 0.000003 0.000003 0.000002 0.000093 0.000000 0.000026 0.000004 0.000076
0.747526 0.000249 0.000070 0.000664 0.000089 0.000145 0.000142 0.000070 0.231136 0.001016 0.000647 0.000125 0.000084 0.000051 0.000147 0.000051 0.000116 0.000173 0.000202 0.007433 0.000147 0.007001 0.000027 0.000377 0.000122 0.000041 0.000101 0.001019 0.000016 0.000355 0.000247 0.000407
0.674310 0.000198 0.000029 0.000044 0.001771 0.000005 0.001579 0.000162 0.004132 0.256365 0.000011 0.000317 0.000000 0.000026 0.000632 0.010534 0.004456 0.000090 0.010325 0.008423 0.000448 0.013544 0.000095 0.005576 0.000061 0.000013 0.000004 0.002322 0.000002 0.003253 0.000047 0.001228
0.765143 0.000807 0.000018 0.000121 0.000463 0.000012 0.007539 0.000423 0.014246 0.144734 0.000040 0.000747 0.000000 0.000042 0.000183 0.018212 0.001202 0.000297 0.008399 0.012186 0.000262 0.017791 0.000249 0.001574 0.000081 0.000044 0.000013 0.002199 0.000005 0.001451 0.000138 0.001378
0.624872 0.001620 0.000559 0.003241 0.007497 0.000670 0.009851 0.003565 0.012958 0.119473 0.000723 0.007619 0.000066 0.000490 0.004101 0.009952 0.011831 0.001886 0.010361 0.058251 0.006170 0.039349 0.014435 0.012638 0.000734 0.001350 0.000496 0.010895 0.000373 0.014962 0.003460 0.005554
0.299011 0.008132 0.000581 0.040595 0.000520 0.424386 0.000478 0.000449 0.001869 0.002630 0.001323 0.000196 0.128671 0.002969 0.000609 0.000667 0.001428 0.002618 0.002758 0.002981 0.001099 0.015667 0.000536 0.003404 0.029528 0.000283 0.000717 0.014580 0.000288 0.004038 0.004386 0.002601
0.132911 0.009305 0.003663 0.013216 0.084160 0.008250 0.011660 0.005955 0.012245 0.048846 0.038154 0.007010 0.006065 0.006578 0.016296 0.003596 0.014810 0.013094 0.004338 0.162441 0.031143 0.063690 0.018084 0.022716 0.004864 0.015699 0.013957 0.040267 0.021729 0.035799 0.117396 0.012062
0.504378 0.001266 0.001100 0.006495 0.010392 0.004500 0.002137 0.000762 0.001331 0.032206 0.004619 0.000856 0.000619 0.002601 0.009211 0.000584 0.003370 0.006841 0.000960 0.159662 0.008251 0.129273 0.001397 0.003717 0.001407 0.003891 0.002189 0.019496 0.005032 0.013421 0.054717 0.003320
0.439723 0.003396 0.000840 0.006770 0.039851 0.003584 0.004621 0.001808 0.002939 0.046479 0.027583 0.001863 0.001460 0.002052 0.008488 0.001555 0.005993 0.006067 0.001543 0.158114 0.022369 0.053950 0.006685 0.010171 0.001727 0.005985 0.010472 0.018146 0.013720 0.024520 0.062815 0.004711
0.459462 0.006393 0.000559 0.004733 0.002699 0.003462 0.003233 0.001258 0.017985 0.025510 0.004758 0.001533 0.000807 0.003496 0.002961 0.001994 0.003438 0.005258 0.002834 0.138711 0.007926 0.203630 0.001258 0.003272 0.003237 0.001293 0.001304 0.025367 0.000956 0.018651 0.037225 0.004796
0.737834 0.002140 0.000054 0.002447 0.002229 0.000394 0.001540 0.000508 0.004876 0.033422 0.001263 0.000751 0.000334 0.000110 0.000771 0.002583 0.001860 0.001180 0.009166 0.100851 0.002651 0.079336 0.003841 0.000498 0.000293 0.000573 0.000189 0.002488 0.000224 0.003310 0.000564 0.001721
0.459462 0.006393 0.000559 0.004733 0.002699 0.003462 0.003233 0.001258 0.017985 0.025510 0.004758 0.001533 0.000807 0.003496 0.002961 0.001994 0.003438 0.005258 0.002834 0.138711 0.007926 0.203630 0.001258 0.003272 0.003237 0.001293 0.001304 0.025367 0.000956 0.018651 0.037225 0.004796
0.659132 0.002180 0.000516 0.015137 0.000061 0.005618 0.000598 0.000237 0.000980 0.005270 0.000602 0.000773 0.001009 0.000481 0.001802 0.000538 0.002892 0.000682 0.002676 0.058929 0.003107 0.194898 0.001140 0.003483 0.001816 0.000626 0.000672 0.019056 0.000328 0.009078 0.001602 0.004082
0.655791 0.001604 0.000690 0.006671 0.000062 0.004408 0.000717 0.000273 0.001078 0.008192 0.000430 0.000704 0.001039 0.000773 0.003058 0.000752 0.004675 0.000468 0.002762 0.091747 0.002596 0.142489 0.001113 0.003027 0.003480 0.000597 0.000415 0.042336 0.000188 0.011061 0.001463 0.005342
0.504378 0.001266 0.001100 0.006495 0.010392 0.004500 0.002137 0.000762 0.001331 0.032206 0.004619 0.000856 0.000619 0.002601 0.009211 0.000584 0.003370 0.006841 0.000960 0.159662 0.008251 0.129273 0.001397 0.003717 0.001407 0.003891 0.002189 0.019496 0.005032 0.013421 0.054717 0.003320
0.794479 0.000859 0.000305 0.003364 0.000097 0.000506 0.000616 0.000163 0.001039 0.008595 0.000295 0.000340 0.000189 0.000295 0.001369 0.000689 0.002368 0.000400 0.001270 0.045670 0.001537 0.107920 0.000881 0.003156 0.000764 0.000357 0.000267 0.012248 0.000121 0.005893 0.000753 0.003196
0.822252 0.000512 0.000395 0.005684 0.000014 0.000898 0.000087 0.000029 0.000121 0.001236 0.000075 0.000051 0.000325 0.000159 0.001576 0.000050 0.000757 0.000085 0.000149 0.055609 0.000835 0.101695 0.000173 0.000652 0.000895 0.000322 0.000094 0.001818 0.000161 0.001871 0.000582 0.000839
0.303618 0.012928 0.000163 0.017903 0.002830 0.003137 0.085812 0.006806 0.016564 0.043594 0.002187 0.004824 0.000198 0.000948 0.000276 0.016788 0.001534 0.032865 0.005945 0.018425 0.002833 0.026318 0.367481 0.002873 0.000328 0.003108 0.000894 0.005434 0.000860 0.003107 0.005422 0.003998
0.245517 0.007822 0.002833 0.029705 0.001942 0.111184 0.002072 0.001444 0.004179 0.011176 0.001994 0.001532 0.034774 0.005129 0.007085 0.003088 0.014587 0.003232 0.006589 0.028342 0.006551 0.073338 0.003845 0.015031 0.026549 0.001720 0.003731 0.288671 0.001245 0.024802 0.015674 0.014616
0.520186 0.002388 0.001858 0.007511 0.000381 0.022076 0.000943 0.000970 0.004646 0.012293 0.000985 0.001563 0.002569 0.001491 0.006551 0.001983 0.009152 0.000895 0.003386 0.055173 0.002953 0.044797 0.001373 0.003900 0.009508 0.000510 0.000974 0.258928 0.000227 0.012057 0.002039 0.005734
0.356765 0.006315 0.004546 0.007468 0.003405 0.054228 0.005763 0.002458 0.004607 0.033935 0.004297 0.003604 0.002890 0.012050 0.011480 0.001718 0.007334 0.008522 0.005110 0.081775 0.005266 0.038291 0.002464 0.004930 0.009838 0.009605 0.001276 0.231086 0.003270 0.007886 0.064027 0.003793
0.515188 0.006839 0.000196 0.010108 0.001345 0.054136 0.007418 0.001166 0.001213 0.010884 0.001057 0.000841 0.000092 0.001070 0.002081 0.024323 0.010594 0.004125 0.012077 0.007949 0.009640 0.012438 0.000712 0.000435 0.002842 0.008300 0.001752 0.156314 0.000508 0.007721 0.124331 0.002307
0.550216 0.004344 0.002990 0.008818 0.004885 0.020394 0.003750 0.001647 0.004225 0.058154 0.002430 0.002199 0.001138 0.005665 0.020811 0.000983 0.005480 0.002561 0.001469 0.081644 0.003515 0.053277 0.001036 0.003103 0.005731 0.003813 0.000653 0.106112 0.002085 0.008556 0.024559 0.003758
0.015458 0.000001 0.000000 0.000000 0.000001 0.000135 0.000000 0.000000 0.000000 0.000000 0.000029 0.000000 0.000000 0.000002 0.000003 0.000000 0.000035 0.000014 0.000000 0.000068 0.000014 0.001046 0.000000 0.000000 0.000040 0.000025 0.000019 0.000003 0.000001 0.000046 0.983056 0.000002
0.199662 0.000004 0.000001 0.000003 0.000015 0.000121 0.000006 0.000002 0.000003 0.000039 0.000105 0.000001 0.000002 0.000008 0.000267 0.000002 0.002507 0.000104 0.000019 0.006750 0.001425 0.025497 0.000003 0.000004 0.000176 0.001376 0.000329 0.000386 0.000083 0.002341 0.758614 0.000144
0.253606 0.000110 0.000006 0.000025 0.000004 0.007767 0.000017 0.000002 0.000006 0.000059 0.000089 0.000001 0.000002 0.000062 0.000190 0.000009 0.001308 0.000134 0.000023 0.000331 0.001526 0.008426 0.000001 0.000027 0.000279 0.002283 0.000168 0.002086 0.000020 0.000959 0.720434 0.000040
0.374806 0.000016 0.000002 0.000142 0.000066 0.010990 0.000005 0.000002 0.000022 0.000024 0.001443 0.000001 0.000151 0.000017 0.000029 0.000003 0.000123 0.000288 0.000019 0.002034 0.000116 0.003205 0.000001 0.000004 0.000476 0.000238 0.000665 0.000165 0.000040 0.000269 0.604532 0.000105
0.553798 0.000000 0.000000 0.000000 0.000000 0.000012 0.000000 0.000000 0.000000 0.000001 0.000018 0.000000 0.000000 0.000000 0.000002 0.000000 0.000015 0.000007 0.000000 0.000304 0.000024 0.000901 0.000000 0.000000 0.000006 0.000012 0.000008 0.000001 0.000000 0.000027 0.444863 0.000000
0.572966 0.000005 0.000001 0.000015 0.000009 0.000373 0.000001 0.000000 0.000004 0.000011 0.000521 0.000000 0.000004 0.000002 0.000114 0.000000 0.000133 0.000019 0.000003 0.003855 0.000136 0.004588 0.000000 0.000001 0.000163 0.000062 0.000096 0.000052 0.000006 0.000272 0.416571 0.000016
0.603216 0.000532 0.000110 0.000604 0.000468 0.005972 0.000439 0.000116 0.000172 0.000948 0.002052 0.000052 0.000220 0.000583 0.001627 0.000200 0.008703 0.001315 0.000634 0.006106 0.004706 0.046206 0.000041 0.000207 0.002408 0.005790 0.002330 0.002298 0.000618 0.008661 0.291359 0.001306
0.611016 0.004200 0.000030 0.001348 0.000859 0.006958 0.007130 0.000666 0.000313 0.011423 0.000976 0.000282 0.000036 0.000662 0.001046 0.009454 0.009812 0.005679 0.011876 0.005246 0.007903 0.013221 0.000477 0.000309 0.001915 0.004775 0.001339 0.006531 0.000496 0.010768 0.261180 0.002073
0.758745 0.000029 0.000002 0.000026 0.000027 0.000560 0.000004 0.000002 0.000019 0.000065 0.002420 0.000001 0.000013 0.000009 0.000283 0.000001 0.000276 0.000041 0.000010 0.009055 0.000290 0.009174 0.000000 0.000006 0.000358 0.000109 0.000274 0.000178 0.000017 0.000500 0.217458 0.000046
0.673484 0.000773 0.000160 0.000201 0.000184 0.001290 0.000577 0.000147 0.000344 0.001129 0.002481 0.000073 0.000211 0.002054 0.001112 0.000111 0.023114 0.001374 0.000497 0.013274 0.004459 0.034163 0.000033 0.000211 0.003112 0.007738 0.001110 0.002251 0.000610 0.006836 0.215934 0.000954
0.735595 0.000727 0.000347 0.001828 0.000554 0.000739 0.001189 0.000160 0.000244 0.000614 0.002108 0.000116 0.000054 0.000694 0.001232 0.000124 0.007273 0.002102 0.000128 0.003253 0.003513 0.006905 0.000037 0.000161 0.002141 0.012848 0.003856 0.000611 0.000399 0.003940 0.206218 0.000293
0.781866 0.000059 0.000004 0.000040 0.000150 0.000517 0.000027 0.000005 0.000010 0.000054 0.000947 0.000002 0.000052 0.000050 0.000083 0.000005 0.000459 0.000266 0.000023 0.004238 0.000301 0.007995 0.000004 0.000006 0.000560 0.000978 0.000908 0.000148 0.000385 0.000987 0.198759 0.000111
0.736454 0.000255 0.000022 0.000044 0.000107 0.000399 0.000136 0.000042 0.000062 0.000432 0.001019 0.000020 0.000045 0.000354 0.000582 0.000028 0.009184 0.000383 0.000140 0.010769 0.001736 0.029076 0.000015 0.000057 0.001076 0.002868 0.000565 0.000909 0.000442 0.004195 0.198172 0.000412
0.765978 0.000013 0.000017 0.000303 0.000906 0.000502 0.000026 0.000012 0.000015 0.000103 0.000752 0.000006 0.000038 0.000035 0.000951 0.000009 0.001062 0.000199 0.000035 0.006489 0.001403 0.014049 0.000009 0.000023 0.000908 0.001762 0.002137 0.000656 0.000381 0.003398 0.197517 0.000307
0.788350 0.000032 0.000008 0.000024 0.000048 0.000125 0.000031 0.000010 0.000014 0.000123 0.000595 0.000006 0.000010 0.000072 0.001051 0.000006 0.010380 0.000053 0.000025 0.010739 0.001388 0.028619 0.000003 0.000024 0.000526 0.001078 0.000357 0.000717 0.000152 0.005534 0.149666 0.000235
0.836040 0.000001 0.000002 0.000011 0.000138 0.000056 0.000002 0.000001 0.000002 0.000011 0.000424 0.000000 0.000005 0.000004 0.000220 0.000000 0.000260 0.000041 0.000002 0.007609 0.000346 0.004966 0.000001 0.000002 0.000159 0.000211 0.001062 0.000148 0.000097 0.000529 0.147601 0.000050
0.834998 0.000009 0.000004 0.000041 0.000153 0.000205 0.000010 0.000003 0.000004 0.000028 0.000546 0.000001 0.000017 0.000017 0.000222 0.000002 0.000710 0.000046 0.000008 0.004036 0.000355 0.008237 0.000001 0.000005 0.000388 0.000576 0.000554 0.000156 0.000201 0.001224 0.147149 0.000094
0.834119 0.000003 0.000011 0.000060 0.000694 0.000106 0.000009 0.000004 0.000005 0.000038 0.000359 0.000002 0.000009 0.000015 0.001195 0.000002 0.001065 0.000067 0.000012 0.004141 0.000735 0.007888 0.000002 0.000007 0.000540 0.000731 0.001110 0.000323 0.000129 0.001850 0.144639 0.000130
0.712605 0.000340 0.000181 0.000370 0.000252 0.000980 0.000478 0.000156 0.000243 0.001355 0.001580 0.000086 0.000163 0.001005 0.003989 0.000106 0.045833 0.000540 0.000406 0.013637 0.006795 0.042980 0.000043 0.000278 0.002323 0.003959 0.001181 0.002800 0.000496 0.017569 0.136078 0.001191
0.377689 0.010945 0.001108 0.010395 0.007482 0.010408 0.022309 0.005421 0.018112 0.036708 0.015859 0.003816 0.000394 0.005282 0.005788 0.029360 0.013621 0.014725 0.008484 0.053348 0.020654 0.094951 0.003721 0.006513 0.003053 0.007411 0.006951 0.037244 0.003815 0.023190 0.132443 0.008798
0.702560 0.003065 0.000290 0.000688 0.000306 0.003803 0.004121 0.000617 0.001285 0.006122 0.002387 0.000397 0.000338 0.004173 0.001108 0.002204 0.022353 0.007077 0.002303 0.010713 0.011229 0.043050 0.000149 0.001324 0.002212 0.013431 0.002579 0.007490 0.000768 0.008415 0.131061 0.002380
0.842424 0.000378 0.000004 0.000249 0.000462 0.001478 0.000087 0.000026 0.000054 0.000197 0.002817 0.000013 0.000135 0.000077 0.000128 0.000037 0.000421 0.000813 0.000112 0.005915 0.000598 0.008478 0.000034 0.000032 0.000594 0.000597 0.002338 0.000542 0.000339 0.002626 0.127734 0.000263
0.861727 0.000002 0.000002 0.000023 0.000204 0.000047 0.000005 0.000002 0.000003 0.000024 0.000244 0.000001 0.000005 0.000006 0.000623 0.000001 0.000432 0.000049 0.000006 0.004589 0.000383 0.005576 0.000001 0.000002 0.000349 0.000424 0.001061 0.000238 0.000063 0.001125 0.122705 0.000078
0.132911 0.009305 0.003663 0.013216 0.084160 0.008250 0.011660 0.005955 0.012245 0.048846 0.038154 0.007010 0.006065 0.006578 0.016296 0.003596 0.014810 0.013094 0.004338 0.162441 0.031143 0.063690 0.018084 0.022716 0.004864 0.015699 0.013957 0.040267 0.021729 0.035799 0.117396 0.012062
0.881109 0.000002 0.000001 0.000338 0.000055 0.000492 0.000003 0.000000 0.000002 0.000008 0.000982 0.000000 0.000003 0.000002 0.000032 0.000001 0.000048 0.000036 0.000002 0.001536 0.000069 0.000557 0.000001 0.000002 0.000096 0.000258 0.000219 0.000071 0.000019 0.000076 0.113965 0.000014
0.801767 0.000991 0.000029 0.000175 0.000363 0.003378 0.000090 0.000052 0.000791 0.001017 0.023709 0.000044 0.000176 0.000198 0.001833 0.000023 0.001813 0.000182 0.000070 0.022516 0.001145 0.018832 0.000007 0.000079 0.002081 0.000483 0.002552 0.001041 0.000199 0.002215 0.111857 0.000293
0.878364 0.000003 0.000000 0.000028 0.000011 0.000280 0.000001 0.000000 0.000004 0.000010 0.000707 0.000000 0.000006 0.000002 0.000069 0.000000 0.000059 0.000015 0.000002 0.006817 0.000091 0.005375 0.000000 0.000001 0.000134 0.000055 0.000137 0.000055 0.000006 0.000178 0.107570 0.000019
0.832155 0.002419 0.000041 0.000222 0.000380 0.004443 0.000144 0.000058 0.000962 0.001327 0.017659 0.000051 0.000170 0.000385 0.001359 0.000035 0.001546 0.000393 0.000078 0.007332 0.000738 0.011997 0.000009 0.000104 0.003033 0.000567 0.001897 0.000919 0.000155 0.001836 0.107338 0.000250
