0.106389 0.000010 0.000002 0.889889 0.000082 0.001875 0.000012 0.000005 0.000020 0.000028 0.000022 0.000004 0.000870 0.000008 0.000020 0.000011 0.000025 0.000035 0.000020 0.000044 0.000019 0.000180 0.000016 0.000047 0.000040 0.000016 0.000027 0.000087 0.000005 0.000041 0.000033 0.000116
0.299345 0.000234 0.000161 0.545947 0.002083 0.124665 0.000170 0.000093 0.000238 0.000195 0.002058 0.000076 0.015418 0.000154 0.000179 0.000086 0.000215 0.000400 0.000133 0.000487 0.000267 0.001411 0.000159 0.000264 0.000590 0.000713 0.001952 0.000543 0.000186 0.000332 0.000542 0.000706
0.627106 0.000224 0.000008 0.332824 0.000221 0.006061 0.000163 0.000076 0.000472 0.000934 0.000434 0.000115 0.000452 0.000064 0.000289 0.000092 0.000390 0.000273 0.000141 0.005885 0.000530 0.016799 0.000289 0.000652 0.000089 0.000104 0.000112 0.002571 0.000031 0.001125 0.000743 0.000732
0.794477 0.000005 0.000000 0.203832 0.000020 0.000089 0.000008 0.000002 0.000011 0.000011 0.000143 0.000001 0.000022 0.000002 0.000018 0.000002 0.000050 0.000018 0.000002 0.000112 0.000035 0.000432 0.000006 0.000010 0.000010 0.000030 0.000052 0.000023 0.000003 0.000100 0.000447 0.000027
0.839783 0.000011 0.000008 0.147521 0.000682 0.004174 0.000017 0.000010 0.000018 0.000095 0.000190 0.000006 0.001053 0.000016 0.000136 0.000006 0.000117 0.000043 0.000023 0.001177 0.000073 0.003416 0.000041 0.000062 0.000146 0.000035 0.000068 0.000273 0.000013 0.000321 0.000316 0.000151
0.853052 0.000025 0.000001 0.139152 0.000016 0.001187 0.000020 0.000010 0.000082 0.000157 0.000040 0.000012 0.000058 0.000006 0.000051 0.000013 0.000050 0.000037 0.000015 0.001283 0.000058 0.003633 0.000037 0.000091 0.000013 0.000012 0.000019 0.000448 0.000003 0.000218 0.000075 0.000124
0.843599 0.000274 0.000010 0.127482 0.000581 0.002450 0.000278 0.000142 0.000309 0.001550 0.000755 0.000293 0.000196 0.000092 0.000840 0.000263 0.001183 0.000317 0.000146 0.005620 0.001514 0.003223 0.000376 0.000473 0.000102 0.000305 0.000360 0.003059 0.000081 0.002328 0.001192 0.000604
0.861181 0.000172 0.000009 0.109795 0.000064 0.012631 0.000122 0.000061 0.000306 0.000428 0.000210 0.000070 0.001953 0.000075 0.000209 0.000180 0.000368 0.000217 0.000203 0.001188 0.000378 0.003506 0.000106 0.000322 0.000182 0.000098 0.000561 0.003456 0.000047 0.000901 0.000363 0.000639
0.234205 0.000035 0.000026 0.015527 0.000374 0.717406 0.000008 0.000007 0.000020 0.000024 0.000327 0.000006 0.030739 0.000016 0.000028 0.000003 0.000022 0.000018 0.000011 0.000129 0.000018 0.000204 0.000006 0.000014 0.000229 0.000043 0.000285 0.000094 0.000013 0.000035 0.000066 0.000059
0.305564 0.003305 0.000108 0.000515 0.000471 0.594590 0.000072 0.000041 0.000560 0.000084 0.020790 0.000047 0.070705 0.000079 0.000020 0.000078 0.000057 0.000074 0.000077 0.000068 0.000037 0.000125 0.000572 0.000068 0.000125 0.000064 0.001045 0.000215 0.000199 0.000041 0.000123 0.000077
0.719030 0.000456 0.000078 0.016876 0.000257 0.240130 0.000115 0.000092 0.000257 0.000818 0.000273 0.000101 0.002757 0.000085 0.000285 0.000254 0.000530 0.000122 0.000237 0.000899 0.000546 0.002443 0.000288 0.000213 0.000300 0.000107 0.000532 0.010323 0.000113 0.000605 0.000451 0.000428
0.804930 0.000062 0.000012 0.008434 0.000068 0.166557 0.000038 0.000031 0.000189 0.000246 0.001251 0.000019 0.007648 0.000027 0.000093 0.000015 0.000106 0.000113 0.000029 0.002912 0.000196 0.004422 0.000079 0.000069 0.000183 0.000063 0.000572 0.000389 0.000044 0.000349 0.000705 0.000148
0.840476 0.000059 0.000004 0.032500 0.000036 0.117369 0.000016 0.000010 0.000050 0.000123 0.000123 0.000006 0.006314 0.000018 0.000047 0.000011 0.000036 0.000027 0.000034 0.000894 0.000042 0.000631 0.000012 0.000021 0.000246 0.000036 0.000155 0.000352 0.000010 0.000092 0.000094 0.000158
0.649104 0.004676 0.000292 0.087211 0.003893 0.108996 0.000615 0.000442 0.003467 0.001750 0.066533 0.000331 0.012855 0.000683 0.000478 0.001024 0.000551 0.002254 0.000882 0.005805 0.001417 0.009162 0.004624 0.000876 0.000641 0.000962 0.018882 0.001482 0.003195 0.001262 0.004025 0.001631
0.638322 0.033847 0.001291 0.001338 0.005207 0.001694 0.013656 0.002175 0.105077 0.059851 0.018182 0.002023 0.000106 0.003843 0.001045 0.019456 0.002856 0.009769 0.007390 0.010655 0.002459 0.032468 0.003128 0.002233 0.001564 0.000786 0.002928 0.002442 0.000721 0.003304 0.007714 0.002468
0.189504 0.005815 0.000011 0.000014 0.000712 0.000005 0.001470 0.000747 0.003814 0.753476 0.000813 0.000879 0.000000 0.000087 0.000862 0.022613 0.001237 0.000259 0.003403 0.003966 0.000308 0.004596 0.000142 0.001524 0.000083 0.000017 0.000058 0.000940 0.000040 0.001434 0.000200 0.000972
0.575179 0.000714 0.000007 0.000023 0.000029 0.000015 0.000199 0.000059 0.000276 0.411701 0.000019 0.000058 0.000000 0.000024 0.000861 0.002405 0.000500 0.000130 0.000540 0.003344 0.000105 0.001485 0.000003 0.000113 0.000113 0.000007 0.000003 0.000369 0.000003 0.001335 0.000102 0.000281
0.377723 0.002551 0.000957 0.003107 0.008609 0.000552 0.005080 0.004705 0.003447 0.199842 0.002015 0.018836 0.000019 0.000638 0.012001 0.013084 0.013322 0.000858 0.003449 0.169802 0.009132 0.053936 0.014518 0.011658 0.000973 0.000598 0.000936 0.029449 0.000499 0.022858 0.004556 0.010290
0.757228 0.000464 0.000024 0.000142 0.000151 0.000037 0.001891 0.000178 0.002516 0.138516 0.000017 0.000121 0.000001 0.000071 0.001070 0.012286 0.001158 0.000222 0.000593 0.044566 0.000845 0.022984 0.000210 0.000353 0.000222 0.000103 0.000019 0.008935 0.000011 0.004013 0.000318 0.000738
0.614943 0.021006 0.000265 0.000866 0.000761 0.159174 0.000594 0.000355 0.005153 0.000722 0.147061 0.000290 0.031440 0.000548 0.000096 0.000384 0.000352 0.000752 0.000184 0.000390 0.000241 0.000529 0.006015 0.000275 0.000319 0.000545 0.003436 0.000351 0.001517 0.000236 0.000970 0.000232
0.119631 0.000369 0.000294 0.008609 0.000569 0.694515 0.000060 0.000055 0.000171 0.000137 0.001970 0.000030 0.167342 0.000200 0.000079 0.000026 0.000120 0.000278 0.000107 0.000347 0.000122 0.000915 0.000040 0.000094 0.001388 0.000221 0.000887 0.000202 0.000107 0.000189 0.000709 0.000216
0.574066 0.004710 0.000057 0.000466 0.000301 0.263433 0.000102 0.000046 0.001070 0.000096 0.022742 0.000045 0.129317 0.000097 0.000011 0.000060 0.000042 0.000174 0.000095 0.000057 0.000029 0.000120 0.001169 0.000075 0.000126 0.000082 0.000845 0.000090 0.000190 0.000037 0.000181 0.000069
0.673251 0.007668 0.000486 0.002582 0.011547 0.001237 0.017906 0.002621 0.004593 0.021417 0.005522 0.007232 0.000021 0.000416 0.001557 0.137255 0.010838 0.001599 0.004474 0.015629 0.004999 0.016750 0.015489 0.004062 0.000391 0.002573 0.004954 0.006925 0.007214 0.004869 0.001768 0.002158
0.692846 0.000034 0.000015 0.000110 0.000017 0.000063 0.000037 0.000032 0.000158 0.003635 0.000417 0.000019 0.000091 0.000095 0.001763 0.000024 0.001376 0.000110 0.000111 0.254021 0.002925 0.030695 0.000007 0.000104 0.001025 0.000061 0.000173 0.000977 0.000038 0.007198 0.001312 0.000510
0.724143 0.000002 0.000000 0.000004 0.000001 0.000007 0.000004 0.000001 0.000026 0.000318 0.000036 0.000001 0.000004 0.000010 0.000241 0.000001 0.000167 0.000020 0.000009 0.222498 0.000231 0.050220 0.000000 0.000004 0.000273 0.000005 0.000025 0.000074 0.000001 0.001266 0.000325 0.000084
0.377723 0.002551 0.000957 0.003107 0.008609 0.000552 0.005080 0.004705 0.003447 0.199842 0.002015 0.018836 0.000019 0.000638 0.012001 0.013084 0.013322 0.000858 0.003449 0.169802 0.009132 0.053936 0.014518 0.011658 0.000973 0.000598 0.000936 0.029449 0.000499 0.022858 0.004556 0.010290
0.410312 0.002003 0.003451 0.009434 0.000913 0.012310 0.001480 0.000751 0.004456 0.010708 0.037367 0.000492 0.004688 0.004971 0.004584 0.001956 0.006151 0.004543 0.002786 0.168251 0.040495 0.134406 0.002471 0.001365 0.005953 0.002756 0.042038 0.005480 0.006526 0.019056 0.044224 0.003624
0.805958 0.000004 0.000001 0.000025 0.000002 0.000035 0.000006 0.000002 0.000027 0.000255 0.000056 0.000001 0.000010 0.000013 0.000191 0.000003 0.000083 0.000048 0.000008 0.154629 0.000266 0.036574 0.000000 0.000012 0.000301 0.000018 0.000193 0.000229 0.000002 0.000521 0.000420 0.000108
0.755448 0.000013 0.000005 0.000039 0.000004 0.000080 0.000015 0.000005 0.000097 0.000332 0.000154 0.000002 0.000018 0.000041 0.000362 0.000005 0.000248 0.000149 0.000033 0.151365 0.000312 0.087047 0.000001 0.000014 0.000834 0.000032 0.000235 0.000283 0.000003 0.001398 0.001146 0.000280
0.236713 0.004177 0.007337 0.015032 0.034325 0.015729 0.008933 0.005427 0.005088 0.038134 0.019235 0.006110 0.002412 0.008149 0.041016 0.002289 0.022019 0.009799 0.005795 0.147782 0.025691 0.076086 0.009218 0.015687 0.006821 0.014698 0.008793 0.032436 0.019640 0.043328 0.100323 0.011780
0.392946 0.002547 0.001081 0.008765 0.003080 0.002672 0.004394 0.000971 0.003034 0.023741 0.001681 0.001352 0.000352 0.002731 0.010670 0.002608 0.010547 0.006218 0.002001 0.134610 0.016124 0.196158 0.001097 0.002204 0.001967 0.006523 0.001749 0.045000 0.001785 0.024797 0.082629 0.003967
0.811031 0.000000 0.000000 0.000020 0.000001 0.000010 0.000002 0.000000 0.000004 0.000143 0.000015 0.000000 0.000002 0.000002 0.000114 0.000000 0.000042 0.000011 0.000003 0.129830 0.000089 0.057568 0.000000 0.000003 0.000085 0.000005 0.000022 0.000149 0.000000 0.000433 0.000344 0.000071
0.445237 0.010010 0.000731 0.004294 0.007497 0.001486 0.024805 0.003480 0.006151 0.040401 0.004839 0.007375 0.000039 0.001260 0.006603 0.082841 0.022305 0.004670 0.003996 0.106025 0.029091 0.077565 0.015544 0.006675 0.001417 0.005795 0.007978 0.018353 0.014355 0.028387 0.005642 0.005155
0.710279 0.001262 0.000154 0.006093 0.000305 0.001568 0.000801 0.000393 0.004650 0.009395 0.001447 0.000226 0.000202 0.000695 0.001267 0.001052 0.003385 0.001893 0.001400 0.021835 0.003002 0.197676 0.000309 0.002442 0.000645 0.000216 0.000609 0.007220 0.000247 0.009450 0.005543 0.004341
0.392946 0.002547 0.001081 0.008765 0.003080 0.002672 0.004394 0.000971 0.003034 0.023741 0.001681 0.001352 0.000352 0.002731 0.010670 0.002608 0.010547 0.006218 0.002001 0.134610 0.016124 0.196158 0.001097 0.002204 0.001967 0.006523 0.001749 0.045000 0.001785 0.024797 0.082629 0.003967
0.683942 0.000779 0.000222 0.028064 0.005020 0.003667 0.000951 0.000449 0.000861 0.007616 0.002587 0.000334 0.002280 0.001637 0.005977 0.000304 0.003571 0.002112 0.002001 0.034187 0.005275 0.159031 0.000832 0.001901 0.002675 0.000787 0.001716 0.004621 0.001078 0.015283 0.016681 0.003557
0.539401 0.000860 0.000989 0.019264 0.004267 0.001640 0.000922 0.000413 0.001048 0.017099 0.002125 0.000466 0.000590 0.003023 0.021644 0.000452 0.016260 0.001179 0.000986 0.071577 0.016900 0.154735 0.000710 0.004806 0.001881 0.001812 0.000703 0.011663 0.001997 0.055380 0.041879 0.003332
0.410312 0.002003 0.003451 0.009434 0.000913 0.012310 0.001480 0.000751 0.004456 0.010708 0.037367 0.000492 0.004688 0.004971 0.004584 0.001956 0.006151 0.004543 0.002786 0.168251 0.040495 0.134406 0.002471 0.001365 0.005953 0.002756 0.042038 0.005480 0.006526 0.019056 0.044224 0.003624
0.690390 0.000782 0.000282 0.002782 0.002123 0.001084 0.000469 0.000276 0.002111 0.010639 0.007820 0.000315 0.000241 0.000657 0.004393 0.000434 0.004284 0.000629 0.000719 0.096230 0.010908 0.118885 0.000838 0.000870 0.000742 0.000792 0.006125 0.003673 0.001495 0.011233 0.016267 0.001510
0.754188 0.000058 0.000058 0.002127 0.000207 0.003287 0.000570 0.000144 0.000191 0.003670 0.002519 0.000219 0.000150 0.000090 0.000827 0.000146 0.001295 0.000654 0.000149 0.090272 0.008522 0.106852 0.000851 0.000549 0.000438 0.000807 0.003299 0.007855 0.000546 0.005920 0.002354 0.001185
0.723100 0.000693 0.000262 0.005060 0.001145 0.002731 0.000819 0.000465 0.002091 0.010807 0.002425 0.000228 0.001549 0.002025 0.003288 0.000325 0.007596 0.001307 0.001558 0.072499 0.005893 0.100659 0.001670 0.001201 0.001318 0.001104 0.000940 0.005249 0.000769 0.023738 0.014963 0.002521
0.667259 0.002023 0.000319 0.005641 0.000239 0.007705 0.000626 0.000741 0.000281 0.023252 0.000138 0.002701 0.000052 0.000069 0.001490 0.002356 0.000939 0.000279 0.000490 0.017313 0.001204 0.006886 0.160298 0.001070 0.000258 0.000274 0.000110 0.093542 0.000541 0.000967 0.000288 0.000650
0.639489 0.002151 0.000876 0.003910 0.000350 0.007657 0.000684 0.000449 0.001857 0.026554 0.000259 0.001239 0.000114 0.000615 0.005533 0.004465 0.010617 0.000341 0.002469 0.027059 0.006857 0.066751 0.000919 0.001414 0.000996 0.000238 0.000582 0.169559 0.000216 0.010683 0.001796 0.003299
0.670938 0.001489 0.000242 0.004097 0.000139 0.005232 0.000519 0.000569 0.000216 0.026938 0.000079 0.002454 0.000032 0.000058 0.001414 0.003087 0.001010 0.000166 0.000465 0.016064 0.000960 0.005907 0.102507 0.000814 0.000250 0.000147 0.000067 0.152176 0.000227 0.000918 0.000206 0.000612
0.841877 0.000255 0.000012 0.000728 0.000133 0.000023 0.000374 0.000047 0.000088 0.000839 0.004316 0.000041 0.000002 0.000104 0.002043 0.000028 0.003746 0.000274 0.000029 0.003331 0.001457 0.004241 0.000012 0.000093 0.000666 0.001852 0.000704 0.000248 0.000141 0.004225 0.127786 0.000286
0.236713 0.004177 0.007337 0.015032 0.034325 0.015729 0.008933 0.005427 0.005088 0.038134 0.019235 0.006110 0.002412 0.008149 0.041016 0.002289 0.022019 0.009799 0.005795 0.147782 0.025691 0.076086 0.009218 0.015687 0.006821 0.014698 0.008793 0.032436 0.019640 0.043328 0.100323 0.011780
