0.206878 0.000004 0.656886 0.000064 0.093181 0.000043 0.000008 0.000006 0.000008 0.000044 0.000024 0.000005 0.000003 0.000052 0.038705 0.000003 0.003087 0.000004 0.000004 0.000111 0.000402 0.000107 0.000002 0.000011 0.000052 0.000030 0.000020 0.000023 0.000052 0.000104 0.000071 0.000006
0.393863 0.002570 0.002958 0.183367 0.021666 0.039177 0.008920 0.002346 0.003427 0.020159 0.005424 0.003354 0.001753 0.006190 0.011368 0.002488 0.006280 0.007108 0.003601 0.096464 0.012202 0.060960 0.002145 0.005571 0.005263 0.006221 0.001310 0.019912 0.002686 0.013573 0.041580 0.006094
0.593793 0.002182 0.000889 0.147357 0.008860 0.020124 0.009855 0.001376 0.001797 0.019775 0.001635 0.001510 0.000942 0.005390 0.005378 0.001915 0.003545 0.011963 0.002213 0.042616 0.006940 0.020799 0.001968 0.003415 0.004382 0.008080 0.000854 0.027659 0.001589 0.005003 0.031420 0.004774
0.245955 0.006214 0.007670 0.142426 0.037774 0.041676 0.014999 0.006398 0.005542 0.027232 0.012591 0.007821 0.004465 0.012934 0.027183 0.006179 0.017345 0.010373 0.009509 0.077694 0.026751 0.063133 0.007205 0.015850 0.014010 0.013084 0.004685 0.023926 0.008877 0.027475 0.058012 0.015011
0.254825 0.004090 0.004895 0.111893 0.041818 0.036448 0.009326 0.004769 0.004954 0.022184 0.022406 0.004768 0.004290 0.009928 0.030850 0.004216 0.016425 0.006476 0.008375 0.082255 0.026488 0.107191 0.004979 0.017930 0.010552 0.005049 0.003975 0.015398 0.007110 0.045744 0.058379 0.012013
0.535029 0.006978 0.001868 0.109172 0.005886 0.009638 0.012089 0.002165 0.017054 0.017736 0.004648 0.004077 0.001468 0.004801 0.005487 0.002880 0.004696 0.006203 0.003289 0.057553 0.004763 0.099182 0.003113 0.005050 0.006794 0.003652 0.001803 0.021730 0.000819 0.008185 0.024003 0.008191
0.468562 0.002014 0.004145 0.105210 0.028990 0.039311 0.007705 0.002209 0.001948 0.013609 0.006226 0.002086 0.001305 0.005439 0.014748 0.002001 0.006319 0.006901 0.002965 0.102126 0.014895 0.056003 0.001694 0.004697 0.005012 0.007008 0.001646 0.012484 0.003851 0.013514 0.050768 0.004605
0.129060 0.000011 0.655942 0.000121 0.174846 0.000076 0.000023 0.000013 0.000024 0.000087 0.000075 0.000010 0.000006 0.000093 0.034532 0.000010 0.003345 0.000012 0.000012 0.000131 0.000811 0.000141 0.000006 0.000031 0.000060 0.000059 0.000040 0.000037 0.000098 0.000165 0.000108 0.000017
0.016613 0.000003 0.000000 0.000009 0.000000 0.000001 0.000005 0.000001 0.000016 0.981514 0.000000 0.000000 0.000000 0.000002 0.000004 0.000012 0.000001 0.000316 0.000005 0.000865 0.000003 0.000564 0.000001 0.000022 0.000001 0.000000 0.000000 0.000013 0.000000 0.000018 0.000000 0.000010
0.297571 0.001134 0.000065 0.004894 0.000387 0.000209 0.001570 0.000411 0.000321 0.623821 0.000170 0.000534 0.000022 0.001349 0.002613 0.006814 0.001426 0.004840 0.000704 0.004700 0.001065 0.006218 0.000752 0.013701 0.000832 0.000346 0.000055 0.016011 0.000214 0.004749 0.000438 0.002062
0.314856 0.000261 0.000070 0.001923 0.000141 0.000276 0.000686 0.000244 0.001167 0.622501 0.000190 0.000102 0.000099 0.000397 0.001924 0.000461 0.000370 0.003598 0.000332 0.030561 0.000787 0.011939 0.000157 0.001169 0.000540 0.000248 0.000035 0.001528 0.000184 0.002118 0.000244 0.000893
0.358562 0.000034 0.000001 0.000306 0.000004 0.000015 0.000073 0.000019 0.000144 0.614485 0.000012 0.000008 0.000004 0.000018 0.000143 0.000059 0.000025 0.000860 0.000023 0.020791 0.000077 0.003396 0.000039 0.000191 0.000036 0.000012 0.000002 0.000149 0.000011 0.000339 0.000009 0.000153
0.430076 0.000056 0.000001 0.000178 0.000003 0.000005 0.000035 0.000014 0.000261 0.563154 0.000015 0.000003 0.000001 0.000015 0.000048 0.000129 0.000011 0.001217 0.000016 0.002985 0.000016 0.001353 0.000006 0.000178 0.000007 0.000004 0.000001 0.000082 0.000003 0.000072 0.000002 0.000056
0.389676 0.001031 0.000164 0.004534 0.000115 0.001778 0.001486 0.000411 0.001123 0.534830 0.000104 0.000282 0.000093 0.000856 0.000801 0.002344 0.000498 0.015025 0.000510 0.012346 0.000465 0.010146 0.000469 0.001223 0.000723 0.000308 0.000047 0.015749 0.000127 0.001090 0.000248 0.001397
0.572068 0.000081 0.000000 0.000338 0.000004 0.000003 0.000104 0.000016 0.000152 0.422519 0.000016 0.000005 0.000000 0.000010 0.000040 0.000465 0.000011 0.000890 0.000039 0.001596 0.000016 0.001222 0.000004 0.000111 0.000007 0.000007 0.000001 0.000122 0.000002 0.000088 0.000004 0.000061
0.595599 0.000001 0.000000 0.000021 0.000000 0.000001 0.000002 0.000001 0.000011 0.401221 0.000001 0.000000 0.000000 0.000000 0.000007 0.000004 0.000001 0.000068 0.000001 0.002745 0.000003 0.000271 0.000001 0.000010 0.000001 0.000000 0.000000 0.000004 0.000000 0.000021 0.000000 0.000004
0.436478 0.000870 0.001229 0.001255 0.001426 0.000850 0.001234 0.000607 0.000514 0.335480 0.000331 0.000634 0.000029 0.002879 0.012316 0.010780 0.026725 0.001402 0.001694 0.005250 0.008105 0.008569 0.000227 0.017870 0.002454 0.000506 0.000211 0.093690 0.000369 0.018605 0.004278 0.003133
0.644020 0.000009 0.000000 0.000204 0.000001 0.000013 0.000020 0.000007 0.000085 0.326294 0.000009 0.000002 0.000002 0.000005 0.000056 0.000011 0.000012 0.000450 0.000006 0.025556 0.000051 0.002852 0.000014 0.000060 0.000010 0.000003 0.000001 0.000027 0.000005 0.000163 0.000005 0.000046
0.736985 0.000001 0.000000 0.000015 0.000000 0.000000 0.000004 0.000001 0.000009 0.262179 0.000000 0.000000 0.000000 0.000000 0.000005 0.000025 0.000001 0.000040 0.000001 0.000603 0.000001 0.000102 0.000000 0.000008 0.000000 0.000000 0.000000 0.000006 0.000000 0.000012 0.000000 0.000003
0.725102 0.000003 0.000000 0.000035 0.000001 0.000003 0.000006 0.000003 0.000223 0.261336 0.000003 0.000000 0.000001 0.000002 0.000021 0.000003 0.000004 0.000307 0.000002 0.011562 0.000017 0.001262 0.000001 0.000018 0.000002 0.000001 0.000000 0.000008 0.000002 0.000056 0.000001 0.000014
0.661831 0.000590 0.000137 0.000532 0.000176 0.000106 0.000549 0.000340 0.001021 0.232482 0.000535 0.000203 0.000011 0.000612 0.010642 0.002915 0.004625 0.000799 0.000721 0.016334 0.002937 0.035179 0.000070 0.001632 0.001274 0.000399 0.000371 0.009533 0.000155 0.008824 0.002543 0.001923
0.701173 0.000727 0.000202 0.000590 0.000277 0.000068 0.000814 0.000365 0.000802 0.228925 0.000320 0.000281 0.000006 0.000590 0.009136 0.008757 0.004664 0.000555 0.000779 0.006587 0.001688 0.007285 0.000071 0.001436 0.000872 0.000372 0.000213 0.015197 0.000149 0.004631 0.001049 0.001421
0.731149 0.001068 0.000251 0.000135 0.000178 0.000054 0.000763 0.000463 0.002116 0.217201 0.000699 0.000220 0.000006 0.000446 0.003708 0.007682 0.003217 0.000913 0.000518 0.007939 0.001388 0.006477 0.000049 0.001294 0.000583 0.000230 0.000344 0.007105 0.000182 0.001990 0.000734 0.000898
0.764673 0.000481 0.000037 0.000169 0.000020 0.000011 0.000672 0.000167 0.000288 0.205359 0.000043 0.000552 0.000001 0.000293 0.000928 0.003159 0.002555 0.000395 0.000402 0.001058 0.000365 0.001430 0.000028 0.003327 0.000135 0.000074 0.000006 0.010335 0.000008 0.002394 0.000249 0.000388
0.785543 0.000013 0.000002 0.000204 0.000004 0.000064 0.000016 0.000011 0.000827 0.196490 0.000029 0.000002 0.000013 0.000014 0.000045 0.000006 0.000014 0.001284 0.000010 0.011782 0.000038 0.003335 0.000004 0.000067 0.000007 0.000004 0.000002 0.000026 0.000011 0.000095 0.000005 0.000033
0.811460 0.000000 0.000000 0.000006 0.000000 0.000000 0.000000 0.000000 0.000015 0.187967 0.000000 0.000000 0.000000 0.000000 0.000001 0.000001 0.000000 0.000032 0.000000 0.000459 0.000000 0.000052 0.000000 0.000001 0.000000 0.000000 0.000000 0.000000 0.000000 0.000002 0.000000 0.000001
0.821244 0.000011 0.000000 0.000047 0.000000 0.000000 0.000013 0.000002 0.000093 0.177415 0.000001 0.000000 0.000000 0.000001 0.000010 0.000040 0.000002 0.000118 0.000002 0.000683 0.000002 0.000274 0.000000 0.000010 0.000001 0.000001 0.000000 0.000006 0.000000 0.000012 0.000000 0.000009
0.771528 0.000495 0.000027 0.000589 0.000034 0.000019 0.001524 0.000293 0.000291 0.175629 0.000059 0.000806 0.000001 0.000211 0.001856 0.008224 0.002309 0.000558 0.000406 0.002047 0.000803 0.001401 0.000038 0.001038 0.000159 0.000222 0.000019 0.026152 0.000015 0.002090 0.000357 0.000800
0.732081 0.001298 0.000172 0.001734 0.000120 0.000116 0.001837 0.000439 0.000594 0.175368 0.000200 0.001073 0.000009 0.001544 0.002508 0.005344 0.008258 0.001032 0.000711 0.002359 0.001959 0.004130 0.000096 0.013750 0.000602 0.000320 0.000044 0.031170 0.000045 0.008475 0.001286 0.001327
0.827858 0.000000 0.000000 0.000002 0.000000 0.000000 0.000000 0.000000 0.000007 0.171096 0.000000 0.000000 0.000000 0.000000 0.000001 0.000000 0.000000 0.000017 0.000000 0.000971 0.000000 0.000045 0.000000 0.000000 0.000000 0.000000 0.000000 0.000000 0.000000 0.000001 0.000000 0.000000
0.835077 0.000000 0.000000 0.000008 0.000000 0.000000 0.000001 0.000000 0.000025 0.158837 0.000000 0.000000 0.000000 0.000000 0.000003 0.000000 0.000000 0.000076 0.000000 0.005667 0.000002 0.000289 0.000000 0.000002 0.000000 0.000000 0.000000 0.000001 0.000000 0.000008 0.000000 0.000001
0.678148 0.001132 0.000138 0.002528 0.000860 0.000219 0.001279 0.000475 0.000863 0.156389 0.000551 0.000616 0.000018 0.001041 0.019950 0.007648 0.007297 0.001093 0.002082 0.010578 0.003385 0.012533 0.000189 0.002684 0.002204 0.001369 0.000450 0.058299 0.000404 0.013967 0.007920 0.003692
0.832080 0.000439 0.000174 0.000034 0.000124 0.000043 0.000287 0.000196 0.000573 0.142491 0.000388 0.000108 0.000002 0.000206 0.001408 0.003485 0.002359 0.000472 0.000221 0.003494 0.000836 0.002944 0.000013 0.000590 0.000290 0.000098 0.000165 0.003701 0.000108 0.001232 0.001051 0.000388
0.773131 0.000345 0.000015 0.011153 0.000121 0.000297 0.001364 0.000139 0.000394 0.136014 0.000033 0.000290 0.000115 0.000427 0.001460 0.000610 0.000447 0.001786 0.000387 0.027046 0.000654 0.009787 0.000444 0.001692 0.000747 0.000450 0.000033 0.026347 0.000063 0.001944 0.000670 0.001595
0.781228 0.001088 0.000119 0.007765 0.000251 0.000270 0.001387 0.000321 0.000487 0.134840 0.000200 0.000878 0.000060 0.000611 0.008040 0.001611 0.000958 0.001285 0.000627 0.024620 0.000994 0.006921 0.001310 0.003797 0.001172 0.000273 0.000089 0.013067 0.000145 0.003855 0.000323 0.001411
0.872675 0.000008 0.000000 0.000065 0.000001 0.000000 0.000025 0.000002 0.000025 0.126253 0.000001 0.000001 0.000000 0.000001 0.000010 0.000154 0.000002 0.000077 0.000006 0.000451 0.000002 0.000170 0.000000 0.000012 0.000001 0.000001 0.000000 0.000026 0.000000 0.000022 0.000000 0.000009
0.693895 0.002197 0.000141 0.008795 0.000370 0.000262 0.007564 0.000739 0.003038 0.112265 0.000115 0.002350 0.000143 0.001615 0.002395 0.002890 0.003270 0.015005 0.001507 0.028589 0.002386 0.036594 0.001245 0.003606 0.000500 0.003336 0.000103 0.045485 0.000251 0.008053 0.008439 0.002855
0.889351 0.000001 0.000000 0.000024 0.000000 0.000001 0.000001 0.000000 0.000047 0.108860 0.000001 0.000000 0.000000 0.000001 0.000003 0.000000 0.000001 0.000133 0.000000 0.001307 0.000001 0.000255 0.000000 0.000005 0.000000 0.000000 0.000000 0.000001 0.000000 0.000005 0.000000 0.000002
0.526352 0.002797 0.002867 0.075078 0.005645 0.028762 0.006434 0.002715 0.003428 0.108803 0.002818 0.002047 0.003006 0.007712 0.012651 0.002509 0.005368 0.011259 0.003800 0.061792 0.007988 0.037542 0.002790 0.009561 0.008102 0.003975 0.000910 0.022332 0.002301 0.011460 0.009543 0.007652
0.512217 0.002783 0.000253 0.001476 0.000429 0.000623 0.001316 0.001035 0.001460 0.104306 0.003037 0.000663 0.000466 0.001622 0.008164 0.002053 0.003391 0.006363 0.001199 0.093758 0.014015 0.166061 0.000893 0.004413 0.002049 0.002410 0.004976 0.029285 0.002511 0.014445 0.005705 0.006623
0.897797 0.000000 0.000000 0.000001 0.000000 0.000000 0.000000 0.000000 0.000003 0.101775 0.000000 0.000000 0.000000 0.000000 0.000000 0.000000 0.000000 0.000008 0.000000 0.000395 0.000000 0.000018 0.000000 0.000000 0.000000 0.000000 0.000000 0.000000 0.000000 0.000001 0.000000 0.000000
0.618289 0.000003 0.060563 0.000010 0.018107 0.000002 0.000005 0.000003 0.000008 0.000072 0.000006 0.000003 0.000000 0.000039 0.300141 0.000001 0.001811 0.000001 0.000001 0.000231 0.000207 0.000182 0.000001 0.000005 0.000109 0.000011 0.000006 0.000027 0.000012 0.000093 0.000045 0.000004
0.317170 0.001256 0.002426 0.002870 0.019717 0.000533 0.002664 0.001435 0.000722 0.017639 0.004824 0.002169 0.000081 0.001664 0.252875 0.002111 0.053048 0.000999 0.002425 0.038789 0.129064 0.024811 0.000464 0.009173 0.001626 0.001846 0.002557 0.007105 0.002297 0.074463 0.017040 0.004137
0.791402 0.000021 0.002975 0.000099 0.002331 0.000007 0.000021 0.000016 0.000016 0.001202 0.000026 0.000015 0.000002 0.000073 0.185539 0.000009 0.000954 0.000007 0.000017 0.008596 0.000684 0.003735 0.000009 0.000048 0.000626 0.000013 0.000011 0.000625 0.000023 0.000727 0.000122 0.000049
0.849295 0.000001 0.000624 0.000016 0.000280 0.000000 0.000003 0.000004 0.000002 0.000129 0.000013 0.000003 0.000000 0.000009 0.147313 0.000001 0.000283 0.000001 0.000000 0.001140 0.000180 0.000390 0.000001 0.000006 0.000080 0.000003 0.000008 0.000062 0.000005 0.000115 0.000027 0.000006
0.671618 0.000607 0.001515 0.008030 0.004970 0.000906 0.001183 0.000773 0.000308 0.018047 0.002282 0.001045 0.000031 0.000810 0.130152 0.000785 0.010015 0.000660 0.001075 0.048768 0.020186 0.026249 0.000304 0.002156 0.001556 0.001643 0.001133 0.008607 0.001118 0.020901 0.009791 0.002779
0.871567 0.000002 0.000566 0.000029 0.000151 0.000001 0.000005 0.000005 0.000004 0.000192 0.000028 0.000005 0.000000 0.000010 0.122999 0.000002 0.000504 0.000002 0.000001 0.002061 0.000532 0.000843 0.000002 0.000014 0.000063 0.000006 0.000021 0.000103 0.000006 0.000216 0.000050 0.000010
0.837394 0.000019 0.002198 0.000071 0.000761 0.000011 0.000014 0.000011 0.000004 0.001776 0.000094 0.000008 0.000001 0.000059 0.120742 0.000004 0.000739 0.000021 0.000005 0.019430 0.000989 0.012272 0.000009 0.000049 0.000451 0.000044 0.000028 0.000925 0.000085 0.000997 0.000762 0.000025
0.506011 0.001745 0.044935 0.011346 0.020494 0.001659 0.001485 0.000672 0.000553 0.016724 0.000965 0.000695 0.000316 0.012426 0.108345 0.000504 0.073166 0.001220 0.001175 0.020799 0.011820 0.068717 0.000276 0.006509 0.004366 0.001373 0.000320 0.013371 0.001211 0.045045 0.018826 0.002933
0.549492 0.000909 0.036918 0.010149 0.014891 0.001298 0.001201 0.000564 0.000645 0.014084 0.000866 0.000488 0.000227 0.008810 0.104030 0.000384 0.080340 0.000852 0.000784 0.021792 0.011390 0.055107 0.000226 0.006670 0.003036 0.000801 0.000297 0.006849 0.001078 0.045163 0.017597 0.003063
0.573812 0.000877 0.055934 0.017649 0.038531 0.004065 0.000877 0.000390 0.000500 0.009793 0.000787 0.000532 0.000565 0.014668 0.051817 0.000301 0.126157 0.000411 0.001762 0.006375 0.009627 0.022295 0.000144 0.002693 0.002686 0.000554 0.000200 0.004065 0.000793 0.033410 0.015579 0.002150
0.410042 0.004419 0.041693 0.020458 0.039326 0.005934 0.004453 0.002561 0.004247 0.026861 0.003231 0.002960 0.001453 0.019641 0.064330 0.002122 0.111687 0.001943 0.008270 0.017221 0.019371 0.061973 0.001094 0.012111 0.006614 0.002390 0.001479 0.012527 0.001879 0.053105 0.022692 0.011913
0.410208 0.005244 0.039158 0.037406 0.053657 0.010674 0.005271 0.002937 0.004398 0.019853 0.003680 0.003924 0.002184 0.022697 0.045178 0.002594 0.108829 0.002500 0.012395 0.011561 0.022048 0.048961 0.001198 0.010835 0.007527 0.003188 0.001461 0.010753 0.001917 0.048571 0.028330 0.010863
0.049542 0.007381 0.002064 0.010528 0.032024 0.004665 0.009933 0.005190 0.007576 0.088436 0.013744 0.005964 0.002149 0.006702 0.025064 0.003733 0.023884 0.008173 0.003953 0.186365 0.058529 0.109573 0.036589 0.015730 0.004173 0.013695 0.009897 0.054440 0.015030 0.062499 0.111787 0.010989
0.509898 0.000806 0.000257 0.009502 0.001173 0.001038 0.001445 0.000348 0.001735 0.015340 0.000569 0.000956 0.000216 0.000997 0.002031 0.000232 0.002413 0.001926 0.000525 0.174786 0.004172 0.194353 0.000221 0.001799 0.000654 0.000728 0.000251 0.025703 0.000247 0.011427 0.032250 0.002006
0.565697 0.000590 0.000427 0.007539 0.005255 0.002740 0.001638 0.000496 0.000733 0.028780 0.001391 0.000869 0.000245 0.000988 0.006504 0.000656 0.003279 0.003181 0.000723 0.174482 0.011435 0.090127 0.000859 0.002319 0.001080 0.003101 0.001123 0.026525 0.002079 0.012706 0.040328 0.002106
0.229593 0.004088 0.002538 0.022169 0.021531 0.008859 0.005571 0.002474 0.005169 0.027265 0.008415 0.002713 0.001046 0.004903 0.015140 0.002145 0.009896 0.008645 0.004024 0.162936 0.022421 0.243584 0.004075 0.007197 0.004092 0.004824 0.002460 0.022709 0.004519 0.036445 0.092187 0.006370
0.477358 0.000815 0.001213 0.004921 0.005257 0.011725 0.003946 0.001033 0.000263 0.052322 0.002695 0.001822 0.000467 0.002212 0.016929 0.001183 0.005593 0.007974 0.002617 0.156938 0.024985 0.105279 0.001588 0.007893 0.001503 0.011055 0.002148 0.025266 0.007449 0.020348 0.031627 0.003574
0.379283 0.004171 0.003169 0.007823 0.006082 0.008885 0.006750 0.002823 0.007137 0.038172 0.006561 0.003926 0.003182 0.005587 0.013805 0.002972 0.015179 0.012677 0.003743 0.147889 0.026110 0.054700 0.004547 0.005242 0.003650 0.015496 0.008331 0.048222 0.012153 0.032927 0.102447 0.006360
0.584523 0.001674 0.000189 0.013872 0.001649 0.001103 0.005582 0.000663 0.001949 0.044087 0.000480 0.002629 0.000230 0.001478 0.004779 0.001270 0.003308 0.004480 0.000848 0.144137 0.005972 0.064021 0.001251 0.002168 0.001548 0.003714 0.000416 0.066361 0.000544 0.008116 0.023750 0.003207
0.387220 0.003855 0.003365 0.008486 0.007067 0.009164 0.006657 0.002742 0.006334 0.035596 0.006983 0.003770 0.002624 0.005299 0.015025 0.002853 0.015893 0.011321 0.003537 0.137701 0.027529 0.054250 0.004055 0.004905 0.003538 0.016178 0.008687 0.042879 0.011924 0.034949 0.109640 0.005975
0.317397 0.001939 0.005443 0.021920 0.022545 0.009649 0.004838 0.002521 0.002158 0.018684 0.006704 0.002058 0.000780 0.008949 0.034266 0.002581 0.018068 0.010237 0.004879 0.124243 0.023604 0.175774 0.002638 0.009254 0.006987 0.006566 0.002246 0.011195 0.008812 0.033467 0.092903 0.006695
0.427084 0.002354 0.005640 0.011852 0.018138 0.029624 0.007762 0.003014 0.001536 0.029219 0.007623 0.004977 0.001826 0.004645 0.027885 0.003648 0.014018 0.009481 0.005634 0.121767 0.051864 0.061048 0.003274 0.017543 0.003396 0.013009 0.003938 0.019982 0.012701 0.036477 0.033947 0.005094
0.539516 0.001285 0.000093 0.009026 0.000487 0.000742 0.001927 0.000472 0.014461 0.030437 0.000610 0.000339 0.000308 0.000724 0.000817 0.000373 0.000564 0.007127 0.000415 0.120690 0.001170 0.252908 0.000146 0.000669 0.000355 0.000539 0.000177 0.004693 0.000165 0.002390 0.004424 0.001953
0.314176 0.002081 0.006124 0.025197 0.028786 0.009935 0.005569 0.002728 0.002558 0.020583 0.007060 0.002343 0.000897 0.009464 0.046154 0.002959 0.022231 0.010030 0.005551 0.117285 0.024264 0.145715 0.003339 0.010419 0.007820 0.007065 0.002593 0.011880 0.009820 0.039325 0.088643 0.007409
0.503752 0.000598 0.001835 0.092845 0.025824 0.039038 0.002668 0.001192 0.001298 0.007473 0.012023 0.000842 0.001227 0.002468 0.012331 0.000875 0.004756 0.002628 0.002006 0.109426 0.014690 0.084421 0.000940 0.004083 0.002994 0.001339 0.000743 0.004543 0.002431 0.020112 0.036192 0.002409
0.291488 0.001925 0.008583 0.025268 0.054905 0.014134 0.005102 0.003142 0.001834 0.032361 0.009392 0.002517 0.001119 0.008301 0.064115 0.002559 0.026075 0.007225 0.011779 0.108750 0.025247 0.112117 0.005552 0.016421 0.006804 0.005881 0.001964 0.011495 0.010312 0.048727 0.064804 0.010103
0.294558 0.001894 0.006819 0.019062 0.054232 0.008797 0.004704 0.002969 0.002183 0.037902 0.009106 0.003371 0.000846 0.006041 0.057104 0.001947 0.023694 0.006095 0.006219 0.107988 0.029665 0.101841 0.005304 0.011801 0.005106 0.006657 0.003191 0.017753 0.011123 0.057723 0.087174 0.007132
0.317485 0.001477 0.008091 0.023819 0.054829 0.014556 0.004330 0.002598 0.001420 0.028172 0.008838 0.002006 0.001019 0.007778 0.065294 0.002286 0.025878 0.006685 0.011811 0.105767 0.025670 0.108907 0.004540 0.015547 0.006600 0.004993 0.001625 0.009517 0.009476 0.047710 0.062127 0.009150
0.596648 0.002425 0.001130 0.004399 0.002676 0.004755 0.003696 0.001095 0.003079 0.033614 0.002595 0.001722 0.001180 0.002802 0.008740 0.002139 0.008158 0.007752 0.001577 0.103380 0.016397 0.034306 0.001997 0.002637 0.001963 0.007624 0.004594 0.049923 0.005717 0.021463 0.056637 0.003182
0.468562 0.002014 0.004145 0.105210 0.028990 0.039311 0.007705 0.002209 0.001948 0.013609 0.006226 0.002086 0.001305 0.005439 0.014748 0.002001 0.006319 0.006901 0.002965 0.102126 0.014895 0.056003 0.001694 0.004697 0.005012 0.007008 0.001646 0.012484 0.003851 0.013514 0.050768 0.004605
0.568872 0.000461 0.003901 0.038361 0.023085 0.018015 0.002751 0.000992 0.000433 0.009429 0.004700 0.000540 0.000693 0.003502 0.031864 0.000983 0.009131 0.002570 0.002821 0.101918 0.025431 0.068223 0.000692 0.003668 0.003879 0.001495 0.000600 0.002720 0.003941 0.032643 0.028751 0.002936
0.255294 0.000843 0.001796 0.005242 0.026127 0.000618 0.002095 0.001085 0.000603 0.021604 0.003534 0.001474 0.000094 0.001513 0.215123 0.001899 0.066589 0.001007 0.003087 0.039161 0.147282 0.034557 0.000477 0.013083 0.001484 0.001104 0.001932 0.008650 0.002068 0.111856 0.023419 0.005302
0.559615 0.000696 0.001953 0.004136 0.001671 0.002450 0.001594 0.000737 0.000729 0.011395 0.002813 0.000740 0.000763 0.002390 0.034473 0.001359 0.076677 0.000676 0.001182 0.025127 0.125050 0.016633 0.000390 0.012201 0.002718 0.000922 0.002002 0.003788 0.001322 0.092230 0.009681 0.001887
0.531789 0.001102 0.000028 0.011644 0.000281 0.000105 0.002861 0.000193 0.011363 0.021359 0.000160 0.000371 0.000023 0.000435 0.000500 0.000357 0.000427 0.003406 0.000519 0.086425 0.000722 0.304079 0.000118 0.000416 0.000156 0.000590 0.000040 0.009337 0.000032 0.002331 0.007126 0.001704
0.627015 0.001196 0.000015 0.000241 0.000036 0.000234 0.000624 0.000057 0.000290 0.004465 0.000399 0.000066 0.000006 0.000387 0.000959 0.000161 0.000203 0.000432 0.000135 0.073762 0.000904 0.270685 0.000035 0.000033 0.000832 0.000193 0.000130 0.004230 0.000052 0.001597 0.010391 0.000235
0.539516 0.001285 0.000093 0.009026 0.000487 0.000742 0.001927 0.000472 0.014461 0.030437 0.000610 0.000339 0.000308 0.000724 0.000817 0.000373 0.000564 0.007127 0.000415 0.120690 0.001170 0.252908 0.000146 0.000669 0.000355 0.000539 0.000177 0.004693 0.000165 0.002390 0.004424 0.001953
0.229593 0.004088 0.002538 0.022169 0.021531 0.008859 0.005571 0.002474 0.005169 0.027265 0.008415 0.002713 0.001046 0.004903 0.015140 0.002145 0.009896 0.008645 0.004024 0.162936 0.022421 0.243584 0.004075 0.007197 0.004092 0.004824 0.002460 0.022709 0.004519 0.036445 0.092187 0.006370
0.608778 0.010847 0.000361 0.001751 0.000339 0.000434 0.002936 0.000685 0.002177 0.020993 0.003402 0.000814 0.000073 0.003617 0.010334 0.001468 0.001710 0.001855 0.001516 0.050127 0.002803 0.225191 0.000496 0.000532 0.008463 0.000822 0.000871 0.010342 0.000379 0.008737 0.015068 0.002078
0.363150 0.005284 0.001011 0.078562 0.006130 0.005312 0.013430 0.003470 0.026736 0.031264 0.004000 0.005136 0.001068 0.004835 0.005560 0.004234 0.005931 0.007579 0.006246 0.091673 0.006388 0.223215 0.002330 0.008126 0.002869 0.002790 0.001205 0.029676 0.000705 0.016246 0.019377 0.016460
0.509898 0.000806 0.000257 0.009502 0.001173 0.001038 0.001445 0.000348 0.001735 0.015340 0.000569 0.000956 0.000216 0.000997 0.002031 0.000232 0.002413 0.001926 0.000525 0.174786 0.004172 0.194353 0.000221 0.001799 0.000654 0.000728 0.000251 0.025703 0.000247 0.011427 0.032250 0.002006
0.317397 0.001939 0.005443 0.021920 0.022545 0.009649 0.004838 0.002521 0.002158 0.018684 0.006704 0.002058 0.000780 0.008949 0.034266 0.002581 0.018068 0.010237 0.004879 0.124243 0.023604 0.175774 0.002638 0.009254 0.006987 0.006566 0.002246 0.011195 0.008812 0.033467 0.092903 0.006695
0.780644 0.000964 0.000004 0.000077 0.000016 0.000077 0.000141 0.000030 0.000179 0.002340 0.000539 0.000015 0.000006 0.000169 0.000984 0.000027 0.000185 0.000128 0.000041 0.035132 0.000352 0.169645 0.000016 0.000022 0.000863 0.000055 0.000201 0.001665 0.000023 0.000749 0.004555 0.000158
0.409969 0.001592 0.009006 0.016559 0.015738 0.008206 0.003370 0.001644 0.001820 0.012151 0.004801 0.001454 0.000670 0.008309 0.028930 0.001877 0.021822 0.006250 0.003584 0.099957 0.030029 0.169397 0.001555 0.006609 0.005756 0.004586 0.001782 0.010168 0.006217 0.033290 0.067760 0.005142
0.512217 0.002783 0.000253 0.001476 0.000429 0.000623 0.001316 0.001035 0.001460 0.104306 0.003037 0.000663 0.000466 0.001622 0.008164 0.002053 0.003391 0.006363 0.001199 0.093758 0.014015 0.166061 0.000893 0.004413 0.002049 0.002410 0.004976 0.029285 0.002511 0.014445 0.005705 0.006623
0.662514 0.005841 0.000187 0.014588 0.000764 0.001014 0.013459 0.000934 0.008143 0.012724 0.001644 0.002016 0.000135 0.001669 0.002421 0.001482 0.001579 0.003893 0.000995 0.050573 0.001693 0.159859 0.001592 0.000789 0.002395 0.002942 0.001025 0.021626 0.000337 0.004175 0.013905 0.003089
0.762894 0.000832 0.000007 0.000505 0.000050 0.000138 0.001500 0.000054 0.000612 0.002890 0.000229 0.000071 0.000006 0.000208 0.000347 0.000117 0.000114 0.000748 0.000079 0.051037 0.000374 0.159417 0.000051 0.000027 0.000377 0.000428 0.000078 0.005083 0.000034 0.000758 0.010667 0.000268
0.686017 0.003291 0.000570 0.006380 0.000645 0.000290 0.004099 0.000672 0.002163 0.027596 0.001246 0.001674 0.000027 0.002679 0.012074 0.002259 0.003932 0.001303 0.002333 0.040427 0.003854 0.146806 0.000667 0.000773 0.004835 0.000999 0.000344 0.016749 0.000200 0.012028 0.010470 0.002601
0.314176 0.002081 0.006124 0.025197 0.028786 0.009935 0.005569 0.002728 0.002558 0.020583 0.007060 0.002343 0.000897 0.009464 0.046154 0.002959 0.022231 0.010030 0.005551 0.117285 0.024264 0.145715 0.003339 0.010419 0.007820 0.007065 0.002593 0.011880 0.009820 0.039325 0.088643 0.007409
0.276885 0.001630 0.006308 0.036504 0.042945 0.011667 0.004592 0.002662 0.001458 0.022356 0.007423 0.001883 0.001010 0.009645 0.059292 0.003807 0.034726 0.009366 0.007581 0.091567 0.038532 0.138725 0.003939 0.018977 0.009795 0.005173 0.001726 0.008182 0.009306 0.058471 0.065380 0.008486
0.610687 0.001098 0.000569 0.028533 0.004994 0.006684 0.002573 0.000599 0.002176 0.010796 0.003065 0.000994 0.000598 0.003757 0.002612 0.000526 0.002980 0.003434 0.001335 0.099175 0.007700 0.136912 0.000385 0.009607 0.001486 0.000400 0.000251 0.008025 0.000505 0.019434 0.025959 0.002151
0.284085 0.005167 0.012132 0.017353 0.026316 0.017634 0.006567 0.003188 0.002178 0.026453 0.011741 0.002803 0.003866 0.017786 0.062431 0.003386 0.041991 0.006525 0.013936 0.052893 0.050614 0.135870 0.004208 0.021868 0.015485 0.005434 0.003997 0.007835 0.014236 0.068616 0.039179 0.014228
0.644336 0.014788 0.001034 0.001918 0.000793 0.002260 0.002304 0.000668 0.003244 0.035217 0.001983 0.000518 0.000439 0.010841 0.013476 0.000892 0.001358 0.004626 0.000936 0.067952 0.002862 0.134229 0.000494 0.000648 0.014332 0.000801 0.000719 0.012133 0.000735 0.007201 0.014310 0.001953
0.707561 0.001691 0.000914 0.007562 0.000971 0.001555 0.000561 0.000786 0.007333 0.052261 0.003527 0.000276 0.001258 0.003351 0.003606 0.000573 0.002047 0.005200 0.000567 0.044074 0.002745 0.130227 0.000136 0.004229 0.001128 0.000442 0.000922 0.004578 0.000710 0.004524 0.001343 0.003342
0.615630 0.002043 0.000245 0.003666 0.000744 0.000645 0.001253 0.000736 0.001404 0.070868 0.001129 0.000819 0.000364 0.001029 0.006641 0.001378 0.002963 0.005591 0.000814 0.067884 0.009455 0.128761 0.001099 0.004834 0.001498 0.001777 0.002741 0.038005 0.001169 0.015909 0.004509 0.004400
0.583057 0.002294 0.000288 0.002705 0.000997 0.000614 0.001288 0.000566 0.001083 0.080105 0.001274 0.000725 0.000378 0.001258 0.008666 0.001299 0.004405 0.004219 0.000656 0.089452 0.012011 0.123054 0.001042 0.003802 0.001865 0.001847 0.003627 0.031974 0.001534 0.021909 0.007791 0.004214
0.608095 0.000452 0.003584 0.019433 0.008518 0.006813 0.001660 0.000685 0.000370 0.006112 0.002302 0.000450 0.000506 0.004153 0.033574 0.000691 0.020659 0.001465 0.002129 0.048078 0.027905 0.119640 0.000522 0.002697 0.003129 0.001376 0.000647 0.004648 0.002340 0.032053 0.032527 0.002787
0.413695 0.002347 0.007589 0.013076 0.018566 0.011505 0.003815 0.001918 0.001180 0.020167 0.007407 0.001690 0.002189 0.010485 0.070711 0.001789 0.042217 0.003179 0.008704 0.041334 0.045847 0.118594 0.002263 0.015334 0.009703 0.003147 0.002452 0.005801 0.008161 0.066351 0.029443 0.009344
0.355376 0.002885 0.013511 0.015658 0.020038 0.005522 0.005433 0.002854 0.001553 0.038099 0.003506 0.004015 0.000851 0.007074 0.085763 0.002587 0.057631 0.005043 0.008488 0.066994 0.027564 0.117812 0.005237 0.019207 0.006294 0.004071 0.002142 0.023963 0.005010 0.045903 0.027978 0.011939
0.482057 0.002432 0.004739 0.008238 0.012851 0.010504 0.002862 0.001403 0.000974 0.018185 0.007455 0.001160 0.001853 0.009059 0.064239 0.001079 0.034107 0.002421 0.005894 0.033977 0.041816 0.116055 0.001386 0.011062 0.009351 0.002372 0.002388 0.005042 0.007199 0.062597 0.027898 0.007346
0.247764 0.005459 0.010591 0.023997 0.026218 0.012737 0.008131 0.004412 0.003516 0.041582 0.009657 0.005051 0.002420 0.016657 0.058711 0.005486 0.051139 0.009262 0.012940 0.068605 0.044021 0.115584 0.008089 0.030374 0.014441 0.008320 0.003744 0.014426 0.010954 0.062125 0.048311 0.015273
0.259760 0.005017 0.012767 0.024322 0.024829 0.014243 0.006856 0.003881 0.003142 0.036472 0.008576 0.004305 0.002657 0.016232 0.060168 0.004777 0.056048 0.007636 0.012162 0.064581 0.049937 0.115226 0.006776 0.029886 0.013677 0.007154 0.003491 0.013338 0.010236 0.066338 0.041055 0.014453
0.329371 0.018496 0.009863 0.014023 0.014984 0.007712 0.006174 0.002830 0.004704 0.095219 0.014886 0.003038 0.003638 0.026072 0.081109 0.004567 0.024323 0.006897 0.011553 0.026607 0.019553 0.113008 0.002279 0.020579 0.013673 0.004244 0.001380 0.018294 0.008378 0.054696 0.024248 0.013601
0.291488 0.001925 0.008583 0.025268 0.054905 0.014134 0.005102 0.003142 0.001834 0.032361 0.009392 0.002517 0.001119 0.008301 0.064115 0.002559 0.026075 0.007225 0.011779 0.108750 0.025247 0.112117 0.005552 0.016421 0.006804 0.005881 0.001964 0.011495 0.010312 0.048727 0.064804 0.010103
0.049542 0.007381 0.002064 0.010528 0.032024 0.004665 0.009933 0.005190 0.007576 0.088436 0.013744 0.005964 0.002149 0.006702 0.025064 0.003733 0.023884 0.008173 0.003953 0.186365 0.058529 0.109573 0.036589 0.015730 0.004173 0.013695 0.009897 0.054440 0.015030 0.062499 0.111787 0.010989
0.317485 0.001477 0.008091 0.023819 0.054829 0.014556 0.004330 0.002598 0.001420 0.028172 0.008838 0.002006 0.001019 0.007778 0.065294 0.002286 0.025878 0.006685 0.011811 0.105767 0.025670 0.108907 0.004540 0.015547 0.006600 0.004993 0.001625 0.009517 0.009476 0.047710 0.062127 0.009150
0.254825 0.004090 0.004895 0.111893 0.041818 0.036448 0.009326 0.004769 0.004954 0.022184 0.022406 0.004768 0.004290 0.009928 0.030850 0.004216 0.016425 0.006476 0.008375 0.082255 0.026488 0.107191 0.004979 0.017930 0.010552 0.005049 0.003975 0.015398 0.007110 0.045744 0.058379 0.012013
0.448512 0.003466 0.006240 0.010887 0.016077 0.013115 0.004151 0.002016 0.001340 0.021576 0.008668 0.001595 0.002324 0.010961 0.061427 0.001694 0.032298 0.003557 0.007462 0.043932 0.041665 0.107079 0.002049 0.012735 0.011028 0.003305 0.002896 0.005633 0.010016 0.059481 0.033323 0.009492
0.848535 0.001511 0.000111 0.000205 0.000094 0.000048 0.000231 0.000065 0.000155 0.005241 0.001132 0.000041 0.000026 0.000915 0.011678 0.000082 0.000740 0.000381 0.000090 0.009858 0.000714 0.106833 0.000051 0.000135 0.002684 0.000070 0.000126 0.001257 0.000081 0.003859 0.002723 0.000327
0.477358 0.000815 0.001213 0.004921 0.005257 0.011725 0.003946 0.001033 0.000263 0.052322 0.002695 0.001822 0.000467 0.002212 0.016929 0.001183 0.005593 0.007974 0.002617 0.156938 0.024985 0.105279 0.001588 0.007893 0.001503 0.011055 0.002148 0.025266 0.007449 0.020348 0.031627 0.003574
0.227512 0.005116 0.009130 0.020186 0.033507 0.012446 0.008313 0.004327 0.003228 0.050503 0.009834 0.005152 0.002485 0.015332 0.066841 0.005248 0.050011 0.008249 0.016793 0.072312 0.041616 0.103910 0.010293 0.030477 0.013321 0.008233 0.003828 0.015958 0.012267 0.064484 0.052255 0.016835
0.313247 0.003508 0.011818 0.024848 0.026253 0.014235 0.005980 0.003214 0.002250 0.028665 0.007662 0.003419 0.002574 0.013797 0.068682 0.003791 0.057479 0.005588 0.011942 0.056850 0.049854 0.103817 0.004678 0.023456 0.011627 0.005535 0.002840 0.009583 0.008607 0.066238 0.035533 0.012430
0.294558 0.001894 0.006819 0.019062 0.054232 0.008797 0.004704 0.002969 0.002183 0.037902 0.009106 0.003371 0.000846 0.006041 0.057104 0.001947 0.023694 0.006095 0.006219 0.107988 0.029665 0.101841 0.005304 0.011801 0.005106 0.006657 0.003191 0.017753 0.011123 0.057723 0.087174 0.007132
0.114589 0.000109 0.000034 0.000920 0.000166 0.000201 0.000035 0.000026 0.000069 0.000950 0.000287 0.000035 0.000104 0.000366 0.000259 0.000152 0.004475 0.000038 0.000066 0.000187 0.000541 0.000625 0.000013 0.867845 0.000088 0.000007 0.000031 0.000265 0.000017 0.007216 0.000126 0.000157
0.210473 0.000026 0.000011 0.000815 0.000104 0.000198 0.000008 0.000006 0.000017 0.000456 0.000142 0.000009 0.000067 0.000193 0.000238 0.000025 0.003594 0.000011 0.000028 0.000270 0.000633 0.001048 0.000004 0.765350 0.000038 0.000001 0.000007 0.000146 0.000008 0.015855 0.000155 0.000063
0.377559 0.000046 0.000013 0.000343 0.000024 0.000101 0.000009 0.000007 0.000028 0.000305 0.000075 0.000007 0.000031 0.000102 0.000043 0.000070 0.003247 0.000010 0.000010 0.000045 0.000171 0.000106 0.000002 0.615424 0.000018 0.000002 0.000010 0.000086 0.000002 0.002043 0.000022 0.000038
0.342492 0.000198 0.000074 0.000207 0.000048 0.000061 0.000046 0.000027 0.000031 0.008304 0.000068 0.000051 0.000011 0.000559 0.000525 0.000629 0.021178 0.000023 0.000091 0.000170 0.001061 0.000470 0.000005 0.609519 0.000148 0.000004 0.000009 0.001410 0.000004 0.012334 0.000118 0.000127
0.655840 0.000000 0.000000 0.000011 0.000000 0.000002 0.000000 0.000000 0.000000 0.000012 0.000001 0.000000 0.000001 0.000003 0.000002 0.000001 0.001676 0.000000 0.000000 0.000001 0.000018 0.000003 0.000000 0.341484 0.000000 0.000000 0.000000 0.000003 0.000000 0.000942 0.000000 0.000001
0.620848 0.001129 0.000614 0.014825 0.002009 0.008191 0.000523 0.000314 0.001024 0.003292 0.002454 0.000275 0.001637 0.003712 0.001132 0.000884 0.012545 0.000964 0.000416 0.001531 0.003202 0.005017 0.000211 0.292209 0.000827 0.000208 0.000362 0.001618 0.000280 0.014981 0.001842 0.000921
0.818851 0.000002 0.000002 0.000016 0.000001 0.000003 0.000000 0.000000 0.000001 0.000090 0.000001 0.000000 0.000001 0.000009 0.000012 0.000006 0.003171 0.000000 0.000000 0.000007 0.000036 0.000011 0.000000 0.176062 0.000001 0.000000 0.000000 0.000020 0.000000 0.001691 0.000002 0.000002
0.054689 0.000006 0.000002 0.000039 0.000008 0.000273 0.000018 0.000010 0.000002 0.000543 0.000001 0.000024 0.000000 0.000003 0.000069 0.000707 0.000126 0.000047 0.000030 0.000497 0.000194 0.000114 0.000026 0.000033 0.000011 0.000127 0.000032 0.941900 0.000016 0.000224 0.000181 0.000047
0.234518 0.000319 0.000034 0.001727 0.000337 0.001654 0.000713 0.000251 0.000467 0.008771 0.000045 0.000416 0.000059 0.000129 0.000342 0.005239 0.001049 0.002701 0.000776 0.003075 0.001132 0.001332 0.001704 0.000901 0.000231 0.003011 0.000547 0.722504 0.000369 0.001703 0.002720 0.001225
0.335517 0.000081 0.000014 0.000186 0.000073 0.000359 0.000204 0.000225 0.000131 0.011429 0.000033 0.000336 0.000002 0.000016 0.001784 0.009735 0.001323 0.000226 0.000593 0.010006 0.001139 0.002617 0.000165 0.000600 0.000136 0.000353 0.000177 0.616346 0.000081 0.003589 0.001754 0.000768
0.477639 0.000000 0.000000 0.000006 0.000000 0.000010 0.000001 0.000000 0.000001 0.000046 0.000000 0.000003 0.000000 0.000000 0.000004 0.000018 0.000011 0.000001 0.000000 0.000121 0.000006 0.000005 0.000001 0.000001 0.000000 0.000001 0.000001 0.522114 0.000000 0.000005 0.000002 0.000002
0.375300 0.000307 0.000069 0.007209 0.000593 0.000873 0.002347 0.001153 0.000657 0.023233 0.000203 0.001163 0.000197 0.000441 0.005052 0.011025 0.004943 0.004231 0.003779 0.031631 0.013132 0.008302 0.004472 0.003281 0.001782 0.016738 0.011585 0.395218 0.003900 0.039871 0.010694 0.016620
0.528863 0.000377 0.000061 0.001518 0.000425 0.002048 0.001058 0.000614 0.000636 0.028207 0.000182 0.000535 0.000057 0.000237 0.001799 0.007402 0.004603 0.001862 0.001990 0.009863 0.004352 0.007777 0.000838 0.001047 0.001013 0.001112 0.000669 0.369497 0.000224 0.010873 0.007959 0.002301
0.591940 0.000304 0.000082 0.005328 0.000475 0.000369 0.001400 0.000448 0.000596 0.013134 0.000046 0.001067 0.000108 0.000371 0.001357 0.003473 0.002042 0.002218 0.000595 0.006606 0.002222 0.002108 0.004088 0.001831 0.000561 0.003017 0.000633 0.342029 0.000494 0.006611 0.002045 0.002405
0.578445 0.000079 0.000010 0.003544 0.000201 0.000359 0.000969 0.000412 0.000124 0.013271 0.000062 0.000338 0.000027 0.000079 0.007077 0.007485 0.002646 0.001021 0.002114 0.021176 0.005224 0.005726 0.000714 0.001451 0.000793 0.004326 0.002253 0.298022 0.000712 0.026859 0.005514 0.008966
0.712843 0.000000 0.000000 0.000003 0.000000 0.000012 0.000000 0.000000 0.000000 0.000017 0.000000 0.000000 0.000000 0.000000 0.000003 0.000003 0.000004 0.000000 0.000000 0.000121 0.000002 0.000003 0.000000 0.000000 0.000000 0.000000 0.000000 0.286985 0.000000 0.000002 0.000000 0.000000
0.710530 0.000033 0.000060 0.000402 0.000069 0.000623 0.000048 0.000032 0.000023 0.000468 0.000014 0.000065 0.000004 0.000040 0.000367 0.000148 0.000442 0.000110 0.000022 0.001720 0.000392 0.000417 0.000032 0.000056 0.000120 0.000099 0.000102 0.282832 0.000020 0.000257 0.000376 0.000078
0.718666 0.000005 0.000002 0.000188 0.000001 0.000855 0.000003 0.000005 0.000014 0.000259 0.000001 0.000015 0.000002 0.000002 0.000038 0.000031 0.000095 0.000004 0.000006 0.000582 0.000039 0.000116 0.000006 0.000010 0.000010 0.000004 0.000002 0.278925 0.000000 0.000081 0.000024 0.000012
0.598287 0.000742 0.000323 0.012290 0.000624 0.001107 0.001744 0.000525 0.000718 0.081576 0.000088 0.000864 0.000028 0.000765 0.002311 0.010977 0.002370 0.004508 0.000448 0.004938 0.001433 0.003774 0.000727 0.004355 0.000643 0.000929 0.000158 0.258407 0.000187 0.001779 0.000539 0.001838
0.737239 0.000029 0.000006 0.000188 0.000013 0.001057 0.000025 0.000028 0.000058 0.001683 0.000012 0.000062 0.000010 0.000011 0.000106 0.000188 0.000337 0.000045 0.000033 0.002362 0.000190 0.000766 0.000036 0.000058 0.000050 0.000029 0.000041 0.254632 0.000004 0.000410 0.000221 0.000071
0.704446 0.000719 0.000238 0.004212 0.000275 0.000583 0.001430 0.000350 0.000567 0.017605 0.000044 0.001529 0.000069 0.000375 0.002330 0.001668 0.001250 0.000697 0.000255 0.013201 0.000983 0.002337 0.001751 0.001047 0.000680 0.000694 0.000139 0.236703 0.000158 0.002207 0.000699 0.000761
0.754425 0.000033 0.000011 0.001109 0.000030 0.000006 0.000297 0.000021 0.000034 0.005778 0.000000 0.000247 0.000001 0.000029 0.000583 0.000429 0.000288 0.000031 0.000010 0.001272 0.000049 0.000142 0.000216 0.000093 0.000045 0.000070 0.000002 0.234486 0.000002 0.000148 0.000051 0.000061
0.769655 0.000002 0.000000 0.000023 0.000000 0.000149 0.000001 0.000002 0.000005 0.000344 0.000000 0.000007 0.000000 0.000000 0.000034 0.000014 0.000037 0.000001 0.000001 0.000611 0.000011 0.000060 0.000002 0.000004 0.000004 0.000001 0.000000 0.228990 0.000000 0.000031 0.000007 0.000003
0.470714 0.001117 0.000371 0.003650 0.003070 0.001582 0.004781 0.001941 0.001507 0.054719 0.000812 0.001409 0.000159 0.001222 0.012829 0.026185 0.019897 0.008045 0.008869 0.022195 0.018564 0.020425 0.003244 0.005071 0.004232 0.006297 0.003530 0.202789 0.002809 0.050125 0.025324 0.012516
0.806062 0.000000 0.000000 0.000004 0.000000 0.000011 0.000000 0.000000 0.000000 0.000012 0.000000 0.000000 0.000000 0.000000 0.000003 0.000003 0.000004 0.000000 0.000000 0.000133 0.000002 0.000003 0.000000 0.000000 0.000000 0.000000 0.000000 0.193759 0.000000 0.000002 0.000000 0.000001
0.786890 0.000013 0.000002 0.000026 0.000008 0.000036 0.000045 0.000052 0.000020 0.003487 0.000010 0.000094 0.000000 0.000001 0.000521 0.002826 0.000227 0.000051 0.000100 0.008835 0.000371 0.000929 0.000038 0.000089 0.000014 0.000082 0.000083 0.193490 0.000022 0.000861 0.000619 0.000161
0.623740 0.000211 0.000074 0.002804 0.000635 0.000816 0.002000 0.001232 0.000651 0.018850 0.000262 0.000995 0.000068 0.000222 0.007732 0.017598 0.007917 0.002513 0.003781 0.026375 0.010016 0.010468 0.001747 0.002424 0.001243 0.007078 0.002722 0.188521 0.001983 0.036192 0.011841 0.007288
0.808840 0.000007 0.000002 0.000128 0.000004 0.000982 0.000007 0.000008 0.000017 0.000642 0.000004 0.000020 0.000004 0.000003 0.000047 0.000044 0.000133 0.000011 0.000009 0.001341 0.000087 0.000362 0.000008 0.000014 0.000014 0.000008 0.000015 0.186997 0.000001 0.000139 0.000084 0.000021
0.795122 0.000019 0.000002 0.000055 0.000016 0.000036 0.000078 0.000051 0.000007 0.004726 0.000013 0.000100 0.000000 0.000003 0.000678 0.001852 0.000182 0.000108 0.000054 0.012108 0.000876 0.000918 0.000115 0.000120 0.000023 0.000328 0.000115 0.180382 0.000084 0.001092 0.000569 0.000169
0.240876 0.001271 0.000395 0.002013 0.000700 0.000785 0.001851 0.000643 0.000704 0.445611 0.000191 0.000887 0.000029 0.003175 0.007759 0.021853 0.016931 0.001498 0.003605 0.006090 0.006856 0.011071 0.000408 0.017893 0.002755 0.000461 0.000139 0.176771 0.000246 0.019421 0.003028 0.004082
0.627439 0.000364 0.000258 0.005164 0.001445 0.001345 0.002824 0.001432 0.000958 0.020137 0.000315 0.001430 0.000172 0.000744 0.005993 0.015502 0.011115 0.005729 0.002752 0.016889 0.017069 0.008522 0.003403 0.002807 0.001642 0.010524 0.006913 0.169012 0.004612 0.028885 0.016647 0.007953
0.721817 0.000040 0.000012 0.002580 0.000250 0.000263 0.000434 0.000272 0.000145 0.008653 0.000104 0.000257 0.000085 0.000087 0.001480 0.000682 0.001010 0.001213 0.000722 0.064005 0.006782 0.006873 0.001255 0.001282 0.000402 0.004527 0.005191 0.140411 0.000856 0.018924 0.002860 0.006524
0.861522 0.000000 0.000000 0.000002 0.000000 0.000002 0.000001 0.000001 0.000001 0.000089 0.000000 0.000005 0.000000 0.000000 0.000006 0.000040 0.000011 0.000001 0.000001 0.000473 0.000015 0.000009 0.000001 0.000002 0.000000 0.000003 0.000003 0.137792 0.000000 0.000011 0.000008 0.000002
0.397544 0.008823 0.000300 0.085238 0.004035 0.003256 0.026736 0.003109 0.008115 0.072368 0.001176 0.008581 0.000667 0.003360 0.005290 0.015298 0.006960 0.018166 0.006623 0.053183 0.008616 0.053318 0.007296 0.007138 0.003049 0.009346 0.002168 0.135882 0.001482 0.012666 0.015947 0.014265
0.876290 0.000000 0.000000 0.000009 0.000000 0.000026 0.000000 0.000000 0.000000 0.000029 0.000000 0.000002 0.000000 0.000000 0.000009 0.000009 0.000010 0.000000 0.000000 0.000733 0.000018 0.000010 0.000001 0.000002 0.000000 0.000001 0.000005 0.122823 0.000000 0.000013 0.000004 0.000002
0.885671 0.000000 0.000000 0.000004 0.000000 0.000007 0.000000 0.000000 0.000000 0.000010 0.000000 0.000001 0.000000 0.000000 0.000003 0.000004 0.000005 0.000000 0.000000 0.000216 0.000004 0.000003 0.000000 0.000000 0.000000 0.000000 0.000001 0.114066 0.000000 0.000003 0.000001 0.000001
0.799185 0.000423 0.000106 0.003346 0.000227 0.001165 0.000420 0.000277 0.000690 0.023553 0.000091 0.000707 0.000072 0.000177 0.002025 0.001092 0.001936 0.000567 0.000373 0.025157 0.002100 0.019360 0.000795 0.001771 0.000458 0.000256 0.000191 0.105347 0.000093 0.006256 0.000617 0.001164
0.895623 0.000000 0.000000 0.000006 0.000000 0.000010 0.000000 0.000000 0.000000 0.000009 0.000000 0.000000 0.000000 0.000000 0.000003 0.000003 0.000005 0.000000 0.000000 0.000183 0.000003 0.000003 0.000000 0.000000 0.000000 0.000000 0.000000 0.104144 0.000000 0.000003 0.000001 0.000001
0.854212 0.000215 0.000018 0.011411 0.000349 0.000146 0.001876 0.000153 0.000284 0.009325 0.000024 0.000858 0.000009 0.000141 0.000982 0.001726 0.001139 0.001022 0.000209 0.005407 0.000698 0.001577 0.000344 0.000295 0.000131 0.001541 0.000089 0.103205 0.000056 0.001007 0.000966 0.000584
0.889773 0.000002 0.000001 0.000022 0.000004 0.000029 0.000014 0.000005 0.000006 0.000304 0.000005 0.000017 0.000000 0.000001 0.000048 0.000061 0.000038 0.000010 0.000006 0.007439 0.000179 0.000159 0.000008 0.000011 0.000005 0.000087 0.000191 0.101145 0.000009 0.000098 0.000288 0.000036
0.255294 0.000843 0.001796 0.005242 0.026127 0.000618 0.002095 0.001085 0.000603 0.021604 0.003534 0.001474 0.000094 0.001513 0.215123 0.001899 0.066589 0.001007 0.003087 0.039161 0.147282 0.034557 0.000477 0.013083 0.001484 0.001104 0.001932 0.008650 0.002068 0.111856 0.023419 0.005302
0.355055 0.005081 0.006400 0.010366 0.014399 0.009258 0.009934 0.004281 0.008341 0.036244 0.007875 0.005240 0.002863 0.010774 0.016260 0.004398 0.025116 0.018687 0.004164 0.099651 0.021011 0.062736 0.006138 0.007289 0.003526 0.025960 0.008696 0.032561 0.016732 0.037510 0.114228 0.009227
0.049542 0.007381 0.002064 0.010528 0.032024 0.004665 0.009933 0.005190 0.007576 0.088436 0.013744 0.005964 0.002149 0.006702 0.025064 0.003733 0.023884 0.008173 0.003953 0.186365 0.058529 0.109573 0.036589 0.015730 0.004173 0.013695 0.009897 0.054440 0.015030 0.062499 0.111787 0.010989
0.387220 0.003855 0.003365 0.008486 0.007067 0.009164 0.006657 0.002742 0.006334 0.035596 0.006983 0.003770 0.002624 0.005299 0.015025 0.002853 0.015893 0.011321 0.003537 0.137701 0.027529 0.054250 0.004055 0.004905 0.003538 0.016178 0.008687 0.042879 0.011924 0.034949 0.109640 0.005975
0.379283 0.004171 0.003169 0.007823 0.006082 0.008885 0.006750 0.002823 0.007137 0.038172 0.006561 0.003926 0.003182 0.005587 0.013805 0.002972 0.015179 0.012677 0.003743 0.147889 0.026110 0.054700 0.004547 0.005242 0.003650 0.015496 0.008331 0.048222 0.012153 0.032927 0.102447 0.006360
0.250576 0.006541 0.008814 0.020246 0.019858 0.013730 0.012464 0.006856 0.012505 0.035268 0.012369 0.007127 0.004419 0.014425 0.020227 0.007795 0.041353 0.019618 0.006743 0.086864 0.027652 0.076072 0.008507 0.011424 0.005301 0.032144 0.013160 0.035733 0.018929 0.046431 0.102365 0.014480
