0.457861 0.009061 0.140284 0.002562 0.110346 0.009312 0.001502 0.000745 0.002603 0.000772 0.039814 0.000474 0.002054 0.003808 0.001744 0.000701 0.003006 0.001719 0.000490 0.004948 0.005317 0.001960 0.000962 0.000612 0.002382 0.016708 0.066629 0.000899 0.093332 0.001326 0.015552 0.000516
0.647880 0.001395 0.127691 0.005544 0.023931 0.032622 0.000595 0.000242 0.001324 0.000997 0.005813 0.000210 0.030727 0.008673 0.006106 0.000163 0.014733 0.001802 0.001268 0.006297 0.004861 0.025042 0.000242 0.000842 0.006765 0.002450 0.006682 0.002457 0.002473 0.007768 0.021242 0.001163
0.633605 0.002575 0.000729 0.002856 0.257836 0.001402 0.000643 0.000300 0.001248 0.004541 0.021715 0.000370 0.000148 0.000331 0.007351 0.001747 0.004144 0.000441 0.005541 0.002440 0.009192 0.005631 0.002484 0.000808 0.000609 0.001113 0.014971 0.001927 0.005205 0.002919 0.003479 0.001696
0.472533 0.001743 0.036612 0.016084 0.106746 0.016036 0.001922 0.001028 0.001622 0.012118 0.010080 0.001039 0.006478 0.005692 0.068188 0.000618 0.032919 0.001582 0.003152 0.031560 0.020909 0.043447 0.001144 0.006951 0.005381 0.003846 0.004598 0.010505 0.005233 0.040694 0.026030 0.003512
0.530422 0.008321 0.000250 0.001031 0.000947 0.000470 0.158341 0.003789 0.005953 0.024581 0.001055 0.004430 0.000006 0.000909 0.000600 0.191645 0.010210 0.007096 0.002344 0.007020 0.008334 0.006500 0.000705 0.002718 0.000533 0.002627 0.000625 0.004850 0.000202 0.005399 0.006094 0.001993
0.604848 0.000244 0.000026 0.000065 0.000076 0.000010 0.012940 0.000750 0.000971 0.206812 0.000041 0.002256 0.000000 0.000034 0.001007 0.074280 0.028714 0.000076 0.001818 0.021852 0.005714 0.020360 0.000151 0.002279 0.000128 0.000051 0.000033 0.004146 0.000014 0.009104 0.000181 0.001021
0.633841 0.001136 0.000186 0.001810 0.000268 0.000143 0.027707 0.003027 0.002662 0.104796 0.000253 0.005502 0.000002 0.000240 0.002187 0.064724 0.037940 0.000818 0.001965 0.022930 0.013070 0.034949 0.002462 0.003616 0.000536 0.000404 0.000251 0.009675 0.000123 0.017759 0.001753 0.003262
0.740493 0.000021 0.000456 0.000051 0.001477 0.000014 0.000113 0.000056 0.000091 0.003568 0.000149 0.000042 0.000003 0.000147 0.226279 0.000037 0.002210 0.000039 0.000034 0.013920 0.002870 0.002538 0.000041 0.000162 0.000557 0.000170 0.000161 0.000542 0.000259 0.002756 0.000554 0.000190
0.530422 0.008321 0.000250 0.001031 0.000947 0.000470 0.158341 0.003789 0.005953 0.024581 0.001055 0.004430 0.000006 0.000909 0.000600 0.191645 0.010210 0.007096 0.002344 0.007020 0.008334 0.006500 0.000705 0.002718 0.000533 0.002627 0.000625 0.004850 0.000202 0.005399 0.006094 0.001993
0.621546 0.007614 0.000893 0.001221 0.002541 0.001720 0.081562 0.003793 0.018417 0.034005 0.003214 0.002532 0.000026 0.002580 0.001078 0.113508 0.005139 0.009201 0.006886 0.017824 0.008433 0.020638 0.000690 0.002268 0.001167 0.002443 0.001650 0.006183 0.000292 0.006805 0.011329 0.002803
0.374600 0.001058 0.001070 0.008157 0.006109 0.004828 0.002205 0.000839 0.002341 0.016220 0.004622 0.001069 0.000564 0.001656 0.011722 0.000617 0.004375 0.003981 0.001366 0.248950 0.011416 0.177629 0.001071 0.002442 0.001910 0.002664 0.001690 0.015867 0.002655 0.018052 0.065166 0.003090
0.383570 0.000384 0.000201 0.000875 0.004715 0.000511 0.000697 0.000509 0.000613 0.046938 0.001350 0.000651 0.000449 0.001155 0.062438 0.000569 0.023094 0.000396 0.002295 0.246533 0.019160 0.072280 0.001494 0.006667 0.001762 0.000563 0.000969 0.019065 0.001571 0.080650 0.014047 0.003828
0.322321 0.001579 0.001672 0.009323 0.008385 0.004894 0.003754 0.001358 0.002575 0.020217 0.005354 0.001749 0.000577 0.002901 0.014442 0.000838 0.006173 0.006449 0.001962 0.226409 0.013382 0.195879 0.001930 0.004061 0.002787 0.004281 0.002189 0.019516 0.003820 0.019811 0.084803 0.004612
0.125908 0.004632 0.001457 0.006916 0.031202 0.005340 0.004962 0.002975 0.005854 0.065052 0.019734 0.002858 0.001674 0.003775 0.021064 0.002078 0.019733 0.004859 0.002499 0.222020 0.046504 0.104692 0.014768 0.010578 0.002848 0.010746 0.013496 0.046211 0.017205 0.056377 0.115107 0.006879
0.071168 0.007962 0.002258 0.008833 0.029190 0.006073 0.010525 0.006405 0.009377 0.059362 0.021066 0.006851 0.002238 0.006142 0.020485 0.003722 0.019782 0.008522 0.003506 0.218582 0.054023 0.106929 0.026116 0.015887 0.003986 0.015577 0.014555 0.051708 0.018703 0.056165 0.105048 0.009254
0.300990 0.002562 0.002190 0.010375 0.010192 0.006292 0.006385 0.001982 0.003002 0.021947 0.006561 0.002436 0.000726 0.003720 0.014569 0.001225 0.006973 0.009107 0.002494 0.217111 0.017734 0.164317 0.002917 0.004839 0.003395 0.006215 0.002603 0.022781 0.005190 0.022007 0.111980 0.005184
0.199611 0.003292 0.001566 0.006429 0.023512 0.007040 0.002794 0.001741 0.003708 0.051849 0.017032 0.001737 0.001497 0.002389 0.021024 0.001432 0.020731 0.002640 0.001702 0.214262 0.047832 0.103387 0.007030 0.007232 0.002295 0.009507 0.016784 0.049137 0.013353 0.055302 0.097246 0.004908
0.193240 0.005962 0.005729 0.008677 0.048203 0.012061 0.007095 0.003923 0.004661 0.030653 0.018516 0.004197 0.001876 0.004878 0.021758 0.001371 0.012644 0.009810 0.002073 0.203206 0.026506 0.066082 0.010647 0.007895 0.003799 0.015584 0.011163 0.034439 0.023881 0.034857 0.159495 0.005118
0.275786 0.004802 0.006019 0.013897 0.029543 0.013728 0.008995 0.003994 0.004898 0.023946 0.012498 0.004377 0.001844 0.006140 0.020663 0.001634 0.010577 0.012341 0.003026 0.200761 0.017935 0.088253 0.006896 0.009381 0.004441 0.013171 0.006235 0.029393 0.014960 0.028064 0.114722 0.007080
0.107765 0.008516 0.003161 0.008626 0.034007 0.012519 0.006651 0.004035 0.007489 0.054276 0.031593 0.003986 0.003035 0.005557 0.021841 0.002459 0.022389 0.004686 0.003037 0.196410 0.048107 0.089583 0.017231 0.012503 0.004364 0.017205 0.020672 0.053965 0.019633 0.053668 0.113378 0.007654
0.089996 0.007014 0.002675 0.009455 0.042029 0.006567 0.009039 0.006105 0.010384 0.063045 0.023799 0.005986 0.002467 0.006349 0.024252 0.003191 0.022938 0.008230 0.003597 0.195463 0.048774 0.091636 0.021913 0.016825 0.004481 0.015758 0.015104 0.051291 0.017974 0.054873 0.108739 0.010049
0.066029 0.008992 0.002746 0.010635 0.034400 0.006177 0.011908 0.007224 0.009981 0.067073 0.021054 0.007620 0.002634 0.007806 0.024093 0.003863 0.023365 0.009396 0.004117 0.192680 0.054767 0.096682 0.030589 0.017221 0.004931 0.017165 0.013449 0.052467 0.017533 0.056052 0.106538 0.010812
0.057054 0.007989 0.002470 0.010259 0.033086 0.005739 0.010965 0.006391 0.009348 0.074806 0.018372 0.006802 0.002596 0.007752 0.024943 0.003642 0.023095 0.009424 0.004341 0.190668 0.054275 0.105424 0.028514 0.016280 0.005002 0.016224 0.011523 0.052148 0.015535 0.058193 0.115980 0.011161
0.408819 0.001101 0.001360 0.009537 0.009962 0.005981 0.002413 0.001133 0.001625 0.021289 0.004799 0.001066 0.000669 0.002638 0.020211 0.000739 0.005934 0.004993 0.002254 0.188220 0.012951 0.163283 0.001551 0.003991 0.003136 0.003645 0.002027 0.013854 0.004958 0.024033 0.067696 0.004131
0.065594 0.009096 0.002950 0.011411 0.033938 0.006180 0.012329 0.007535 0.010184 0.068723 0.020061 0.008286 0.003033 0.008239 0.024750 0.004002 0.023516 0.010540 0.004475 0.188186 0.055006 0.096650 0.031945 0.017320 0.005288 0.017903 0.012668 0.050851 0.016935 0.054536 0.106597 0.011273
0.235834 0.002573 0.001919 0.008264 0.026360 0.008700 0.004063 0.002201 0.003239 0.033912 0.012957 0.001925 0.001155 0.004172 0.024868 0.001106 0.011651 0.008358 0.002296 0.183674 0.026141 0.113168 0.003297 0.005834 0.003264 0.010316 0.006816 0.026682 0.011190 0.038525 0.170254 0.005285
0.102144 0.007061 0.002785 0.010757 0.044768 0.010226 0.005988 0.003740 0.007462 0.052416 0.031547 0.003537 0.003078 0.005490 0.021130 0.002252 0.022308 0.005708 0.002858 0.183524 0.047921 0.090631 0.015950 0.013200 0.004149 0.015952 0.021343 0.048171 0.021183 0.052562 0.132279 0.007880
0.279474 0.004591 0.008462 0.013051 0.032780 0.017007 0.008863 0.004160 0.005331 0.025224 0.014074 0.004551 0.002107 0.007008 0.022214 0.001551 0.011595 0.013578 0.003136 0.181802 0.017076 0.076311 0.007442 0.010522 0.004651 0.016770 0.006884 0.027453 0.018183 0.028378 0.118677 0.007093
0.072151 0.009617 0.003443 0.011533 0.039807 0.007551 0.012164 0.007839 0.011772 0.062131 0.023614 0.008237 0.003258 0.008012 0.022556 0.003820 0.022338 0.011669 0.004275 0.181440 0.047768 0.092739 0.028236 0.017606 0.005038 0.019104 0.013653 0.051447 0.017977 0.049260 0.118971 0.010974
0.077233 0.006706 0.001994 0.008345 0.068100 0.005798 0.006790 0.004041 0.009228 0.060546 0.034837 0.004395 0.002279 0.005239 0.020898 0.002404 0.021206 0.006020 0.003229 0.177843 0.043710 0.093250 0.020873 0.017490 0.003884 0.013830 0.016373 0.042974 0.019027 0.050862 0.141822 0.008774
0.076461 0.008304 0.003547 0.010845 0.044991 0.007190 0.010870 0.007524 0.011863 0.065242 0.023517 0.007409 0.003178 0.008262 0.023909 0.003537 0.023611 0.010867 0.004313 0.175327 0.047423 0.090780 0.026418 0.018116 0.005197 0.020270 0.014585 0.050445 0.018736 0.052003 0.114081 0.011179
0.074128 0.007794 0.003381 0.010164 0.046996 0.007474 0.010122 0.007127 0.011593 0.064380 0.024462 0.007034 0.003077 0.007809 0.023136 0.003369 0.023549 0.010530 0.004185 0.174917 0.046039 0.093847 0.024815 0.018587 0.004967 0.019333 0.014592 0.051246 0.018658 0.052535 0.118981 0.011176
0.132208 0.008265 0.003362 0.009051 0.040773 0.016119 0.004481 0.003355 0.006500 0.040091 0.045496 0.002718 0.004312 0.005390 0.018974 0.001986 0.018961 0.005205 0.002719 0.174515 0.046788 0.081492 0.010691 0.011259 0.004550 0.017794 0.032377 0.042360 0.024774 0.052514 0.124076 0.006842
0.078468 0.008412 0.003720 0.011180 0.045533 0.007332 0.011103 0.007553 0.011943 0.063244 0.023463 0.007584 0.003184 0.008426 0.023595 0.003499 0.023784 0.011174 0.004329 0.173297 0.047876 0.088826 0.025643 0.018023 0.005312 0.021096 0.014678 0.051100 0.018950 0.051427 0.115081 0.011164
0.264859 0.004763 0.009589 0.013018 0.038819 0.016314 0.008301 0.003988 0.006095 0.023313 0.014865 0.004576 0.002007 0.007270 0.020093 0.001379 0.011729 0.013518 0.002941 0.173063 0.016321 0.081228 0.007110 0.009779 0.004646 0.018033 0.007243 0.028083 0.016530 0.028213 0.135014 0.007298
0.278765 0.003243 0.004134 0.005085 0.031078 0.009613 0.005674 0.002854 0.004337 0.021522 0.015969 0.002544 0.001350 0.003767 0.013314 0.000919 0.008396 0.013512 0.001399 0.172292 0.016083 0.054498 0.003862 0.007423 0.002429 0.024295 0.009898 0.024522 0.020540 0.026062 0.206175 0.004449
0.244121 0.005778 0.009613 0.012470 0.038325 0.017030 0.009658 0.004585 0.006912 0.026888 0.016335 0.005282 0.002285 0.007960 0.019238 0.001570 0.012206 0.014538 0.003233 0.171555 0.017431 0.080207 0.009413 0.011511 0.004774 0.019557 0.007857 0.030454 0.019050 0.028751 0.133514 0.007899
0.058461 0.011616 0.003516 0.011273 0.044328 0.006895 0.014805 0.008258 0.012169 0.068003 0.022110 0.008559 0.003038 0.009601 0.022181 0.004385 0.022671 0.012748 0.004370 0.168915 0.051123 0.092296 0.037333 0.017496 0.005425 0.020680 0.012616 0.050929 0.018916 0.049068 0.114915 0.011301
0.105539 0.009132 0.004718 0.012531 0.040529 0.009757 0.012086 0.008365 0.012916 0.051901 0.025309 0.008108 0.004731 0.008145 0.019108 0.004176 0.018888 0.017401 0.004585 0.163937 0.036847 0.077905 0.021032 0.013959 0.005130 0.026057 0.015973 0.043902 0.021250 0.043880 0.142361 0.009842
0.348086 0.001855 0.002953 0.005983 0.013201 0.010366 0.002805 0.001405 0.001511 0.056099 0.018917 0.001313 0.001520 0.003208 0.040841 0.001549 0.015763 0.001557 0.003711 0.163476 0.028321 0.103332 0.001872 0.006614 0.004136 0.004652 0.005320 0.023757 0.015054 0.054277 0.051884 0.004662
0.375191 0.002119 0.009964 0.025683 0.035450 0.011360 0.004020 0.002136 0.002862 0.021200 0.009786 0.003419 0.001173 0.004975 0.035392 0.001269 0.017123 0.004579 0.003007 0.162807 0.017708 0.106276 0.003859 0.007772 0.004334 0.004907 0.002826 0.021419 0.006522 0.030551 0.054975 0.005337
0.138998 0.007434 0.006247 0.012101 0.034069 0.014198 0.012671 0.007510 0.008046 0.041604 0.021589 0.009092 0.003173 0.008471 0.026865 0.003367 0.019998 0.014234 0.006136 0.162039 0.027189 0.081630 0.015954 0.016929 0.007230 0.020592 0.012936 0.045244 0.021882 0.043212 0.135969 0.013392
0.331189 0.005969 0.005530 0.006030 0.043280 0.015717 0.003670 0.002416 0.003851 0.019926 0.028662 0.001694 0.002767 0.004013 0.013921 0.000869 0.006988 0.007930 0.001324 0.161607 0.025435 0.039552 0.003980 0.004367 0.003623 0.016052 0.015614 0.017435 0.029371 0.024463 0.149978 0.002779
0.309266 0.006667 0.006655 0.004570 0.036168 0.009128 0.004073 0.002493 0.005164 0.020078 0.054953 0.002452 0.002291 0.003644 0.014952 0.001616 0.019483 0.003411 0.001922 0.159067 0.041506 0.055941 0.006104 0.006895 0.004100 0.012132 0.025002 0.022210 0.027063 0.033061 0.093864 0.004068
0.309582 0.003446 0.009490 0.015155 0.040697 0.017701 0.008028 0.003992 0.004084 0.022270 0.014517 0.004130 0.001748 0.007493 0.027325 0.001564 0.013720 0.012858 0.003336 0.156630 0.018235 0.066093 0.005712 0.011651 0.004562 0.015998 0.006771 0.022679 0.019716 0.030226 0.112971 0.007621
0.178056 0.006503 0.009727 0.016809 0.034553 0.017028 0.011932 0.007674 0.009252 0.035588 0.023232 0.010150 0.003499 0.009581 0.029552 0.002832 0.022245 0.013186 0.006298 0.152649 0.023524 0.078049 0.014528 0.018883 0.007430 0.018703 0.010471 0.041497 0.018947 0.041890 0.110630 0.015102
0.251724 0.005577 0.009102 0.011883 0.059147 0.016089 0.009710 0.005177 0.005347 0.026031 0.018093 0.004929 0.002425 0.007113 0.024035 0.001856 0.013645 0.014297 0.003126 0.150041 0.020826 0.054573 0.008835 0.012163 0.004577 0.022728 0.011528 0.029317 0.027590 0.033363 0.127924 0.007228
0.221358 0.005557 0.008620 0.018980 0.032465 0.018146 0.013076 0.007523 0.006261 0.035390 0.019181 0.009129 0.002851 0.008795 0.033909 0.003051 0.021349 0.012611 0.006088 0.149870 0.025217 0.072663 0.013657 0.018244 0.006703 0.017675 0.009379 0.034387 0.020668 0.041493 0.092330 0.013376
0.271860 0.002883 0.007707 0.027060 0.029594 0.009345 0.006561 0.003860 0.003055 0.033433 0.011753 0.006862 0.001588 0.006822 0.052201 0.002067 0.031206 0.004700 0.006578 0.138891 0.025663 0.113055 0.007630 0.014262 0.007283 0.006469 0.003939 0.031295 0.006820 0.044030 0.069836 0.011692
0.181513 0.006816 0.006943 0.011703 0.056566 0.014767 0.011469 0.007708 0.012661 0.037905 0.022761 0.007412 0.004604 0.008296 0.017171 0.002749 0.017108 0.020265 0.003588 0.137253 0.024366 0.048951 0.012240 0.014532 0.004434 0.038610 0.017477 0.038565 0.025348 0.036372 0.141559 0.008289
0.402496 0.002252 0.005393 0.011796 0.025149 0.013330 0.005037 0.003755 0.003514 0.028788 0.017404 0.003589 0.001955 0.005018 0.035066 0.001265 0.015484 0.007124 0.003628 0.137068 0.016316 0.062340 0.003974 0.010929 0.004253 0.010752 0.006879 0.021757 0.015127 0.036916 0.073441 0.008205
0.416708 0.001493 0.002727 0.007096 0.013437 0.009548 0.001864 0.000850 0.001217 0.059371 0.015172 0.000867 0.001059 0.002477 0.031164 0.001221 0.014919 0.001201 0.003150 0.133570 0.025388 0.108397 0.001576 0.005533 0.002917 0.003318 0.004569 0.023185 0.011282 0.044913 0.045855 0.003957
0.242000 0.005249 0.005440 0.027492 0.033299 0.022648 0.010927 0.007131 0.014106 0.042740 0.014588 0.009605 0.006781 0.007567 0.021674 0.005753 0.030118 0.008520 0.020466 0.131608 0.030399 0.100230 0.007099 0.013114 0.008359 0.007104 0.003932 0.035107 0.006635 0.037404 0.065256 0.017649
0.281796 0.010890 0.003990 0.010404 0.038241 0.016739 0.004329 0.002477 0.005164 0.028446 0.072087 0.002151 0.002116 0.003953 0.013392 0.001616 0.013498 0.003977 0.002041 0.129649 0.033266 0.047550 0.008723 0.007439 0.003796 0.020825 0.030262 0.026985 0.025859 0.035373 0.108176 0.004787
0.362734 0.003177 0.009545 0.011830 0.030213 0.017112 0.006874 0.005100 0.004729 0.028178 0.028573 0.004946 0.002704 0.005699 0.031316 0.001602 0.017320 0.007485 0.004174 0.126340 0.015991 0.056242 0.006093 0.013446 0.004504 0.013871 0.011559 0.022625 0.021572 0.036331 0.078809 0.009304
0.266690 0.009286 0.010327 0.009396 0.061607 0.021116 0.010232 0.005242 0.005209 0.024830 0.025855 0.005077 0.002182 0.007687 0.019963 0.001939 0.014111 0.012442 0.002617 0.124800 0.023762 0.046488 0.012558 0.010826 0.004340 0.021859 0.020014 0.028674 0.037072 0.032214 0.115650 0.005933
0.261559 0.004000 0.005259 0.009600 0.060811 0.011642 0.007524 0.005143 0.008292 0.032491 0.021917 0.004537 0.002172 0.005675 0.018315 0.001606 0.015134 0.015462 0.002264 0.124068 0.020292 0.046974 0.007753 0.011720 0.003113 0.029852 0.016465 0.032723 0.020835 0.036540 0.149765 0.006497
0.663955 0.000132 0.000027 0.001584 0.000122 0.000392 0.000240 0.000190 0.000334 0.018878 0.000367 0.000267 0.000302 0.000263 0.004466 0.000290 0.004212 0.000259 0.001595 0.120694 0.006073 0.129649 0.000329 0.001077 0.000477 0.000117 0.000430 0.008211 0.000232 0.029081 0.003929 0.001824
0.255258 0.013916 0.006897 0.009999 0.023251 0.022123 0.012136 0.008039 0.006397 0.046376 0.042579 0.008758 0.003447 0.008640 0.023688 0.002920 0.016466 0.008496 0.006158 0.119470 0.026895 0.051947 0.012519 0.017679 0.009081 0.013603 0.013634 0.033116 0.031548 0.039504 0.094792 0.010667
0.797348 0.000111 0.000043 0.001953 0.000278 0.000330 0.000284 0.000191 0.000321 0.003657 0.000907 0.000106 0.000019 0.000070 0.002502 0.001050 0.001586 0.000310 0.000116 0.119356 0.008298 0.032859 0.000090 0.001242 0.000193 0.000659 0.001516 0.002354 0.001193 0.017155 0.003285 0.000617
0.772123 0.000260 0.000058 0.003093 0.000063 0.000256 0.000980 0.000457 0.000758 0.021729 0.001071 0.000601 0.000039 0.000283 0.001859 0.002625 0.002670 0.000798 0.000508 0.114264 0.008798 0.037944 0.001091 0.001031 0.000505 0.000323 0.001979 0.006630 0.000333 0.011611 0.003756 0.001506
0.533269 0.012605 0.001591 0.009335 0.004052 0.005799 0.015672 0.003434 0.003776 0.034505 0.003646 0.005036 0.001819 0.005423 0.011350 0.003980 0.006393 0.011074 0.004432 0.111647 0.009330 0.058243 0.008136 0.005633 0.004210 0.012452 0.002723 0.060483 0.006780 0.014199 0.024326 0.004645
0.366889 0.002477 0.016488 0.045423 0.055998 0.013415 0.005213 0.002938 0.002868 0.018410 0.010649 0.004055 0.001588 0.007222 0.049273 0.001606 0.026359 0.005046 0.004335 0.100191 0.020034 0.079492 0.004558 0.009780 0.006202 0.007117 0.003767 0.020127 0.007293 0.033484 0.060327 0.007374
0.498874 0.000018 0.000038 0.000040 0.000025 0.000003 0.000251 0.000036 0.000125 0.001683 0.000072 0.000019 0.000003 0.000068 0.003357 0.000129 0.085746 0.000025 0.000040 0.005676 0.298373 0.003259 0.000007 0.000253 0.000141 0.000040 0.000230 0.000392 0.000014 0.099082 0.001398 0.000579
0.547180 0.000562 0.000184 0.008406 0.001374 0.002939 0.008127 0.001321 0.000725 0.004683 0.001738 0.000718 0.000015 0.000308 0.004532 0.025349 0.037463 0.003213 0.001379 0.018921 0.192060 0.016358 0.001899 0.001532 0.000636 0.004081 0.019181 0.018255 0.002104 0.051196 0.019814 0.003747
0.322321 0.001579 0.001672 0.009323 0.008385 0.004894 0.003754 0.001358 0.002575 0.020217 0.005354 0.001749 0.000577 0.002901 0.014442 0.000838 0.006173 0.006449 0.001962 0.226409 0.013382 0.195879 0.001930 0.004061 0.002787 0.004281 0.002189 0.019516 0.003820 0.019811 0.084803 0.004612
0.374600 0.001058 0.001070 0.008157 0.006109 0.004828 0.002205 0.000839 0.002341 0.016220 0.004622 0.001069 0.000564 0.001656 0.011722 0.000617 0.004375 0.003981 0.001366 0.248950 0.011416 0.177629 0.001071 0.002442 0.001910 0.002664 0.001690 0.015867 0.002655 0.018052 0.065166 0.003090
0.300990 0.002562 0.002190 0.010375 0.010192 0.006292 0.006385 0.001982 0.003002 0.021947 0.006561 0.002436 0.000726 0.003720 0.014569 0.001225 0.006973 0.009107 0.002494 0.217111 0.017734 0.164317 0.002917 0.004839 0.003395 0.006215 0.002603 0.022781 0.005190 0.022007 0.111980 0.005184
0.408819 0.001101 0.001360 0.009537 0.009962 0.005981 0.002413 0.001133 0.001625 0.021289 0.004799 0.001066 0.000669 0.002638 0.020211 0.000739 0.005934 0.004993 0.002254 0.188220 0.012951 0.163283 0.001551 0.003991 0.003136 0.003645 0.002027 0.013854 0.004958 0.024033 0.067696 0.004131
0.663955 0.000132 0.000027 0.001584 0.000122 0.000392 0.000240 0.000190 0.000334 0.018878 0.000367 0.000267 0.000302 0.000263 0.004466 0.000290 0.004212 0.000259 0.001595 0.120694 0.006073 0.129649 0.000329 0.001077 0.000477 0.000117 0.000430 0.008211 0.000232 0.029081 0.003929 0.001824
0.235834 0.002573 0.001919 0.008264 0.026360 0.008700 0.004063 0.002201 0.003239 0.033912 0.012957 0.001925 0.001155 0.004172 0.024868 0.001106 0.011651 0.008358 0.002296 0.183674 0.026141 0.113168 0.003297 0.005834 0.003264 0.010316 0.006816 0.026682 0.011190 0.038525 0.170254 0.005285
0.271860 0.002883 0.007707 0.027060 0.029594 0.009345 0.006561 0.003860 0.003055 0.033433 0.011753 0.006862 0.001588 0.006822 0.052201 0.002067 0.031206 0.004700 0.006578 0.138891 0.025663 0.113055 0.007630 0.014262 0.007283 0.006469 0.003939 0.031295 0.006820 0.044030 0.069836 0.011692
0.416708 0.001493 0.002727 0.007096 0.013437 0.009548 0.001864 0.000850 0.001217 0.059371 0.015172 0.000867 0.001059 0.002477 0.031164 0.001221 0.014919 0.001201 0.003150 0.133570 0.025388 0.108397 0.001576 0.005533 0.002917 0.003318 0.004569 0.023185 0.011282 0.044913 0.045855 0.003957
0.071168 0.007962 0.002258 0.008833 0.029190 0.006073 0.010525 0.006405 0.009377 0.059362 0.021066 0.006851 0.002238 0.006142 0.020485 0.003722 0.019782 0.008522 0.003506 0.218582 0.054023 0.106929 0.026116 0.015887 0.003986 0.015577 0.014555 0.051708 0.018703 0.056165 0.105048 0.009254
0.375191 0.002119 0.009964 0.025683 0.035450 0.011360 0.004020 0.002136 0.002862 0.021200 0.009786 0.003419 0.001173 0.004975 0.035392 0.001269 0.017123 0.004579 0.003007 0.162807 0.017708 0.106276 0.003859 0.007772 0.004334 0.004907 0.002826 0.021419 0.006522 0.030551 0.054975 0.005337
0.057054 0.007989 0.002470 0.010259 0.033086 0.005739 0.010965 0.006391 0.009348 0.074806 0.018372 0.006802 0.002596 0.007752 0.024943 0.003642 0.023095 0.009424 0.004341 0.190668 0.054275 0.105424 0.028514 0.016280 0.005002 0.016224 0.011523 0.052148 0.015535 0.058193 0.115980 0.011161
0.125908 0.004632 0.001457 0.006916 0.031202 0.005340 0.004962 0.002975 0.005854 0.065052 0.019734 0.002858 0.001674 0.003775 0.021064 0.002078 0.019733 0.004859 0.002499 0.222020 0.046504 0.104692 0.014768 0.010578 0.002848 0.010746 0.013496 0.046211 0.017205 0.056377 0.115107 0.006879
0.199611 0.003292 0.001566 0.006429 0.023512 0.007040 0.002794 0.001741 0.003708 0.051849 0.017032 0.001737 0.001497 0.002389 0.021024 0.001432 0.020731 0.002640 0.001702 0.214262 0.047832 0.103387 0.007030 0.007232 0.002295 0.009507 0.016784 0.049137 0.013353 0.055302 0.097246 0.004908
0.348086 0.001855 0.002953 0.005983 0.013201 0.010366 0.002805 0.001405 0.001511 0.056099 0.018917 0.001313 0.001520 0.003208 0.040841 0.001549 0.015763 0.001557 0.003711 0.163476 0.028321 0.103332 0.001872 0.006614 0.004136 0.004652 0.005320 0.023757 0.015054 0.054277 0.051884 0.004662
0.242000 0.005249 0.005440 0.027492 0.033299 0.022648 0.010927 0.007131 0.014106 0.042740 0.014588 0.009605 0.006781 0.007567 0.021674 0.005753 0.030118 0.008520 0.020466 0.131608 0.030399 0.100230 0.007099 0.013114 0.008359 0.007104 0.003932 0.035107 0.006635 0.037404 0.065256 0.017649
0.015938 0.003372 0.001378 0.000357 0.014870 0.002584 0.000821 0.000181 0.000531 0.000098 0.046520 0.000130 0.000132 0.000194 0.000065 0.001856 0.000204 0.000610 0.000323 0.000241 0.001241 0.000269 0.000880 0.000133 0.000133 0.007675 0.863474 0.000191 0.033907 0.000122 0.001405 0.000164
0.394536 0.013512 0.053239 0.001463 0.084608 0.004614 0.002130 0.000772 0.003633 0.000749 0.053845 0.000489 0.001487 0.003613 0.001185 0.001169 0.002564 0.002534 0.000621 0.004710 0.007073 0.002885 0.001158 0.000526 0.001739 0.032465 0.152785 0.000924 0.145149 0.001296 0.021939 0.000589
0.593205 0.000078 0.000047 0.000669 0.000048 0.000077 0.000810 0.000152 0.000238 0.004987 0.000213 0.000044 0.000020 0.000179 0.002840 0.001091 0.049787 0.000144 0.000215 0.013033 0.195306 0.006630 0.000097 0.000919 0.000442 0.000211 0.000372 0.005678 0.000054 0.117633 0.002868 0.001911
0.278765 0.003243 0.004134 0.005085 0.031078 0.009613 0.005674 0.002854 0.004337 0.021522 0.015969 0.002544 0.001350 0.003767 0.013314 0.000919 0.008396 0.013512 0.001399 0.172292 0.016083 0.054498 0.003862 0.007423 0.002429 0.024295 0.009898 0.024522 0.020540 0.026062 0.206175 0.004449
0.235834 0.002573 0.001919 0.008264 0.026360 0.008700 0.004063 0.002201 0.003239 0.033912 0.012957 0.001925 0.001155 0.004172 0.024868 0.001106 0.011651 0.008358 0.002296 0.183674 0.026141 0.113168 0.003297 0.005834 0.003264 0.010316 0.006816 0.026682 0.011190 0.038525 0.170254 0.005285
0.193240 0.005962 0.005729 0.008677 0.048203 0.012061 0.007095 0.003923 0.004661 0.030653 0.018516 0.004197 0.001876 0.004878 0.021758 0.001371 0.012644 0.009810 0.002073 0.203206 0.026506 0.066082 0.010647 0.007895 0.003799 0.015584 0.011163 0.034439 0.023881 0.034857 0.159495 0.005118
0.331189 0.005969 0.005530 0.006030 0.043280 0.015717 0.003670 0.002416 0.003851 0.019926 0.028662 0.001694 0.002767 0.004013 0.013921 0.000869 0.006988 0.007930 0.001324 0.161607 0.025435 0.039552 0.003980 0.004367 0.003623 0.016052 0.015614 0.017435 0.029371 0.024463 0.149978 0.002779
0.261559 0.004000 0.005259 0.009600 0.060811 0.011642 0.007524 0.005143 0.008292 0.032491 0.021917 0.004537 0.002172 0.005675 0.018315 0.001606 0.015134 0.015462 0.002264 0.124068 0.020292 0.046974 0.007753 0.011720 0.003113 0.029852 0.016465 0.032723 0.020835 0.036540 0.149765 0.006497
0.105539 0.009132 0.004718 0.012531 0.040529 0.009757 0.012086 0.008365 0.012916 0.051901 0.025309 0.008108 0.004731 0.008145 0.019108 0.004176 0.018888 0.017401 0.004585 0.163937 0.036847 0.077905 0.021032 0.013959 0.005130 0.026057 0.015973 0.043902 0.021250 0.043880 0.142361 0.009842
0.077233 0.006706 0.001994 0.008345 0.068100 0.005798 0.006790 0.004041 0.009228 0.060546 0.034837 0.004395 0.002279 0.005239 0.020898 0.002404 0.021206 0.006020 0.003229 0.177843 0.043710 0.093250 0.020873 0.017490 0.003884 0.013830 0.016373 0.042974 0.019027 0.050862 0.141822 0.008774
0.181513 0.006816 0.006943 0.011703 0.056566 0.014767 0.011469 0.007708 0.012661 0.037905 0.022761 0.007412 0.004604 0.008296 0.017171 0.002749 0.017108 0.020265 0.003588 0.137253 0.024366 0.048951 0.012240 0.014532 0.004434 0.038610 0.017477 0.038565 0.025348 0.036372 0.141559 0.008289
0.138998 0.007434 0.006247 0.012101 0.034069 0.014198 0.012671 0.007510 0.008046 0.041604 0.021589 0.009092 0.003173 0.008471 0.026865 0.003367 0.019998 0.014234 0.006136 0.162039 0.027189 0.081630 0.015954 0.016929 0.007230 0.020592 0.012936 0.045244 0.021882 0.043212 0.135969 0.013392
0.264859 0.004763 0.009589 0.013018 0.038819 0.016314 0.008301 0.003988 0.006095 0.023313 0.014865 0.004576 0.002007 0.007270 0.020093 0.001379 0.011729 0.013518 0.002941 0.173063 0.016321 0.081228 0.007110 0.009779 0.004646 0.018033 0.007243 0.028083 0.016530 0.028213 0.135014 0.007298
0.244121 0.005778 0.009613 0.012470 0.038325 0.017030 0.009658 0.004585 0.006912 0.026888 0.016335 0.005282 0.002285 0.007960 0.019238 0.001570 0.012206 0.014538 0.003233 0.171555 0.017431 0.080207 0.009413 0.011511 0.004774 0.019557 0.007857 0.030454 0.019050 0.028751 0.133514 0.007899
0.102144 0.007061 0.002785 0.010757 0.044768 0.010226 0.005988 0.003740 0.007462 0.052416 0.031547 0.003537 0.003078 0.005490 0.021130 0.002252 0.022308 0.005708 0.002858 0.183524 0.047921 0.090631 0.015950 0.013200 0.004149 0.015952 0.021343 0.048171 0.021183 0.052562 0.132279 0.007880
0.251724 0.005577 0.009102 0.011883 0.059147 0.016089 0.009710 0.005177 0.005347 0.026031 0.018093 0.004929 0.002425 0.007113 0.024035 0.001856 0.013645 0.014297 0.003126 0.150041 0.020826 0.054573 0.008835 0.012163 0.004577 0.022728 0.011528 0.029317 0.027590 0.033363 0.127924 0.007228
0.132208 0.008265 0.003362 0.009051 0.040773 0.016119 0.004481 0.003355 0.006500 0.040091 0.045496 0.002718 0.004312 0.005390 0.018974 0.001986 0.018961 0.005205 0.002719 0.174515 0.046788 0.081492 0.010691 0.011259 0.004550 0.017794 0.032377 0.042360 0.024774 0.052514 0.124076 0.006842
0.074128 0.007794 0.003381 0.010164 0.046996 0.007474 0.010122 0.007127 0.011593 0.064380 0.024462 0.007034 0.003077 0.007809 0.023136 0.003369 0.023549 0.010530 0.004185 0.174917 0.046039 0.093847 0.024815 0.018587 0.004967 0.019333 0.014592 0.051246 0.018658 0.052535 0.118981 0.011176
0.072151 0.009617 0.003443 0.011533 0.039807 0.007551 0.012164 0.007839 0.011772 0.062131 0.023614 0.008237 0.003258 0.008012 0.022556 0.003820 0.022338 0.011669 0.004275 0.181440 0.047768 0.092739 0.028236 0.017606 0.005038 0.019104 0.013653 0.051447 0.017977 0.049260 0.118971 0.010974
0.279474 0.004591 0.008462 0.013051 0.032780 0.017007 0.008863 0.004160 0.005331 0.025224 0.014074 0.004551 0.002107 0.007008 0.022214 0.001551 0.011595 0.013578 0.003136 0.181802 0.017076 0.076311 0.007442 0.010522 0.004651 0.016770 0.006884 0.027453 0.018183 0.028378 0.118677 0.007093
0.057054 0.007989 0.002470 0.010259 0.033086 0.005739 0.010965 0.006391 0.009348 0.074806 0.018372 0.006802 0.002596 0.007752 0.024943 0.003642 0.023095 0.009424 0.004341 0.190668 0.054275 0.105424 0.028514 0.016280 0.005002 0.016224 0.011523 0.052148 0.015535 0.058193 0.115980 0.011161
0.266690 0.009286 0.010327 0.009396 0.061607 0.021116 0.010232 0.005242 0.005209 0.024830 0.025855 0.005077 0.002182 0.007687 0.019963 0.001939 0.014111 0.012442 0.002617 0.124800 0.023762 0.046488 0.012558 0.010826 0.004340 0.021859 0.020014 0.028674 0.037072 0.032214 0.115650 0.005933
0.163302 0.011514 0.003739 0.008047 0.031021 0.021235 0.004954 0.002922 0.006333 0.040820 0.056273 0.002587 0.003227 0.005253 0.017385 0.002018 0.018978 0.003938 0.002455 0.164846 0.043583 0.078524 0.011919 0.010581 0.004393 0.017602 0.026589 0.044039 0.022543 0.048161 0.115283 0.005936
0.125908 0.004632 0.001457 0.006916 0.031202 0.005340 0.004962 0.002975 0.005854 0.065052 0.019734 0.002858 0.001674 0.003775 0.021064 0.002078 0.019733 0.004859 0.002499 0.222020 0.046504 0.104692 0.014768 0.010578 0.002848 0.010746 0.013496 0.046211 0.017205 0.056377 0.115107 0.006879
0.078468 0.008412 0.003720 0.011180 0.045533 0.007332 0.011103 0.007553 0.011943 0.063244 0.023463 0.007584 0.003184 0.008426 0.023595 0.003499 0.023784 0.011174 0.004329 0.173297 0.047876 0.088826 0.025643 0.018023 0.005312 0.021096 0.014678 0.051100 0.018950 0.051427 0.115081 0.011164
0.058461 0.011616 0.003516 0.011273 0.044328 0.006895 0.014805 0.008258 0.012169 0.068003 0.022110 0.008559 0.003038 0.009601 0.022181 0.004385 0.022671 0.012748 0.004370 0.168915 0.051123 0.092296 0.037333 0.017496 0.005425 0.020680 0.012616 0.050929 0.018916 0.049068 0.114915 0.011301
0.275786 0.004802 0.006019 0.013897 0.029543 0.013728 0.008995 0.003994 0.004898 0.023946 0.012498 0.004377 0.001844 0.006140 0.020663 0.001634 0.010577 0.012341 0.003026 0.200761 0.017935 0.088253 0.006896 0.009381 0.004441 0.013171 0.006235 0.029393 0.014960 0.028064 0.114722 0.007080
0.309582 0.003446 0.009490 0.015155 0.040697 0.017701 0.008028 0.003992 0.004084 0.022270 0.014517 0.004130 0.001748 0.007493 0.027325 0.001564 0.013720 0.012858 0.003336 0.156630 0.018235 0.066093 0.005712 0.011651 0.004562 0.015998 0.006771 0.022679 0.019716 0.030226 0.112971 0.007621
0.300990 0.002562 0.002190 0.010375 0.010192 0.006292 0.006385 0.001982 0.003002 0.021947 0.006561 0.002436 0.000726 0.003720 0.014569 0.001225 0.006973 0.009107 0.002494 0.217111 0.017734 0.164317 0.002917 0.004839 0.003395 0.006215 0.002603 0.022781 0.005190 0.022007 0.111980 0.005184
0.178056 0.006503 0.009727 0.016809 0.034553 0.017028 0.011932 0.007674 0.009252 0.035588 0.023232 0.010150 0.003499 0.009581 0.029552 0.002832 0.022245 0.013186 0.006298 0.152649 0.023524 0.078049 0.014528 0.018883 0.007430 0.018703 0.010471 0.041497 0.018947 0.041890 0.110630 0.015102
0.544409 0.005493 0.000841 0.001950 0.010253 0.004161 0.003026 0.001636 0.003822 0.026895 0.020602 0.001132 0.000610 0.002640 0.004739 0.001727 0.009775 0.005275 0.002252 0.077065 0.037019 0.037577 0.002303 0.002808 0.002017 0.003766 0.014764 0.009727 0.010093 0.039739 0.109038 0.002845
0.089996 0.007014 0.002675 0.009455 0.042029 0.006567 0.009039 0.006105 0.010384 0.063045 0.023799 0.005986 0.002467 0.006349 0.024252 0.003191 0.022938 0.008230 0.003597 0.195463 0.048774 0.091636 0.021913 0.016825 0.004481 0.015758 0.015104 0.051291 0.017974 0.054873 0.108739 0.010049
0.281796 0.010890 0.003990 0.010404 0.038241 0.016739 0.004329 0.002477 0.005164 0.028446 0.072087 0.002151 0.002116 0.003953 0.013392 0.001616 0.013498 0.003977 0.002041 0.129649 0.033266 0.047550 0.008723 0.007439 0.003796 0.020825 0.030262 0.026985 0.025859 0.035373 0.108176 0.004787
0.065594 0.009096 0.002950 0.011411 0.033938 0.006180 0.012329 0.007535 0.010184 0.068723 0.020061 0.008286 0.003033 0.008239 0.024750 0.004002 0.023516 0.010540 0.004475 0.188186 0.055006 0.096650 0.031945 0.017320 0.005288 0.017903 0.012668 0.050851 0.016935 0.054536 0.106597 0.011273
0.066029 0.008992 0.002746 0.010635 0.034400 0.006177 0.011908 0.007224 0.009981 0.067073 0.021054 0.007620 0.002634 0.007806 0.024093 0.003863 0.023365 0.009396 0.004117 0.192680 0.054767 0.096682 0.030589 0.017221 0.004931 0.017165 0.013449 0.052467 0.017533 0.056052 0.106538 0.010812
0.071168 0.007962 0.002258 0.008833 0.029190 0.006073 0.010525 0.006405 0.009377 0.059362 0.021066 0.006851 0.002238 0.006142 0.020485 0.003722 0.019782 0.008522 0.003506 0.218582 0.054023 0.106929 0.026116 0.015887 0.003986 0.015577 0.014555 0.051708 0.018703 0.056165 0.105048 0.009254
