chair 431 390 436 402 0.134843 0.743068
sofa 0 430 15 440 0.100907 0.143046
table 2 311 253 440 0.499729 0.446434
door 438 2 471 167 0.242179 0.666644
door 230 341 234 354 0.123951 0.638373
door 230 268 244 410 0.122542 0.618586
door 238 329 244 352 0.118359 0.601391
door 235 343 244 372 0.104877 0.668647
desk 180 399 279 439 0.101485 0.647369
pillow 335 178 351 185 0.112525 0.552111
clothes 322 176 334 185 0.128604 0.676652
clothes 301 151 359 192 0.105037 0.654949
clothes 335 178 351 185 0.103028 0.552111
fridge 202 343 447 440 0.108032 0.705650
fridge 426 22 485 429 0.105479 0.409695
tv 248 129 428 274 0.134218 0.724175
tv 321 145 337 153 0.104088 0.820697
paper 569 203 577 204 0.246993 0.491873
paper 447 419 449 424 0.22827 0.543658
paper 570 292 578 299 0.22295 0.313220
paper 455 410 470 425 0.221221 0.672808
paper 454 435 460 437 0.215403 0.502373
paper 561 295 565 299 0.207918 0.297083
paper 565 291 573 301 0.206295 0.365110
paper 451 422 469 434 0.204632 0.605906
paper 555 292 561 298 0.201583 0.424123
paper 521 425 525 433 0.195226 0.321260
paper 441 431 446 436 0.194051 0.516552
paper 566 17 571 21 0.18184 0.292006
paper 558 16 573 25 0.176633 0.372221
paper 583 291 590 297 0.173092 0.405580
paper 558 22 561 25 0.172395 0.291088
paper 445 426 450 429 0.171505 0.625195
paper 427 384 541 439 0.171025 0.274303
paper 511 280 516 283 0.168327 0.586642
paper 492 400 504 420 0.163338 0.554794
paper 508 0 588 47 0.163253 0.287978
paper 547 291 552 296 0.162217 0.491721
paper 573 295 582 302 0.158615 0.463674
paper 544 290 547 294 0.157949 0.460805
paper 540 288 544 293 0.157847 0.520016
paper 519 39 526 44 0.149985 0.629415
paper 500 46 514 56 0.144908 0.655897
paper 585 111 587 114 0.143286 0.192961
paper 583 9 590 12 0.14285 0.298372
paper 527 37 530 41 0.142356 0.599291
paper 516 282 527 289 0.141719 0.535239
paper 435 421 443 435 0.139152 0.701936
paper 535 30 544 37 0.13766 0.595049
paper 581 298 590 312 0.135376 0.464752
paper 568 379 578 396 0.134446 0.395839
paper 421 399 468 440 0.133879 0.590149
paper 584 297 587 301 0.130815 0.355408
paper 560 374 566 387 0.127327 0.434651
paper 543 202 553 203 0.126936 0.588235
paper 519 29 546 44 0.122208 0.627877
paper 387 324 400 328 0.118085 0.737586
paper 550 368 559 379 0.11772 0.459977
paper 430 433 438 440 0.117381 0.261254
paper 437 431 449 440 0.116891 0.215852
paper 421 431 435 440 0.116591 0.289765
paper 469 434 476 440 0.113482 0.217263
paper 449 433 457 440 0.112077 0.205974
paper 458 430 468 440 0.109849 0.229677
paper 191 417 211 440 0.105038 0.587366
paper 518 432 530 440 0.103335 0.058712
paper 510 274 519 282 0.100953 0.537586
paper 387 322 413 354 0.100028 0.729159
towel 267 267 277 279 0.10344 0.772367
box 518 431 530 440 0.141214 0.058712
box 469 434 476 440 0.133435 0.217263
box 447 418 449 424 0.126871 0.543658
box 521 425 526 433 0.124748 0.321260
box 469 378 544 439 0.121652 0.186425
box 458 430 468 440 0.113792 0.229677
box 559 22 562 25 0.103009 0.291088
box 567 17 572 21 0.101819 0.292006
toilet 404 92 589 394 0.936115 0.012992
toilet 427 179 476 398 0.360632 0.329743
toilet 255 192 525 424 0.242762 0.631552
toilet 452 17 584 201 0.168454 0.430609
toilet 406 310 590 436 0.103786 0.338251
lamp 387 303 410 354 0.130615 0.717355
lamp 368 373 376 379 0.101626 0.760271
bag 336 178 351 185 0.108107 0.552111
garbage_bin 413 326 590 440 0.27815 0.338251
garbage_bin 377 379 379 383 0.22157 0.587860
garbage_bin 376 311 420 416 0.22075 0.588205
garbage_bin 491 338 500 350 0.167537 0.491845
garbage_bin 468 210 590 396 0.141569 0.376141
garbage_bin 521 426 526 433 0.102796 0.321260
