chair 377 60 569 332 0.96761 0.028052
chair 5 181 170 391 0.878088 0.109104
chair 198 112 390 431 0.542978 0.433259
chair 390 40 428 158 0.282001 0.705223
chair 6 58 268 274 0.173946 0.747651
chair 15 24 198 114 0.138348 0.743143
chair 370 97 440 287 0.112725 0.886005
chair 1 131 88 273 0.110688 0.881475
sofa 11 0 155 90 0.45528 0.383752
table 17 49 409 440 0.987417 0.002261
table 399 79 570 426 0.183671 0.628211
table 166 49 403 216 0.138804 0.780100
table 534 192 587 440 0.120884 0.606169
picture 460 1 590 4 0.49283 0.282309
picture 189 15 217 41 0.245118 0.524106
picture 1 3 16 29 0.185088 0.728328
picture 443 1 445 2 0.165756 0.655002
picture 193 1 243 18 0.154133 0.689978
picture 95 109 142 162 0.152146 0.577312
picture 191 18 199 40 0.14224 0.680193
picture 83 80 202 197 0.128599 0.684609
picture 103 112 125 134 0.109116 0.827957
desk 63 92 310 402 0.327216 0.349233
desk 150 51 409 222 0.119893 0.771458
pillow 6 4 137 46 0.225649 0.328011
pillow 452 97 557 163 0.2111 0.686676
pillow 3 27 80 52 0.149151 0.785989
clothes 17 2 160 45 0.385397 0.252658
clothes 123 1 157 36 0.16508 0.751061
tv 449 1 590 4 0.104205 0.282309
paper 218 128 243 136 0.673046 0.317275
paper 205 120 254 136 0.660667 0.326736
paper 191 120 266 157 0.647796 0.347271
paper 127 103 156 152 0.578032 0.381311
paper 432 156 480 173 0.514752 0.462884
paper 151 127 155 138 0.469715 0.521197
paper 448 169 465 178 0.469092 0.494198
paper 216 173 219 177 0.466744 0.524059
paper 222 145 245 157 0.461135 0.537165
paper 245 132 252 135 0.412566 0.549066
paper 429 150 508 191 0.373177 0.514078
paper 178 47 273 144 0.347519 0.618043
paper 255 142 260 145 0.326718 0.592101
paper 420 419 427 426 0.271101 0.280818
paper 400 423 404 430 0.262708 0.237858
paper 0 161 36 180 0.256406 0.636065
paper 129 109 139 127 0.241251 0.742403
paper 390 406 396 414 0.239507 0.405708
paper 175 48 195 60 0.231638 0.756334
paper 395 407 396 411 0.229595 0.391616
paper 96 106 141 161 0.220125 0.577312
paper 11 79 192 188 0.208145 0.594393
paper 212 55 272 78 0.193805 0.791196
paper 1 139 62 171 0.191873 0.628842
paper 170 43 229 66 0.188772 0.800485
paper 172 13 178 22 0.184214 0.542670
paper 235 151 243 156 0.181124 0.817734
paper 161 17 176 37 0.177398 0.584939
paper 462 169 491 186 0.161019 0.772802
paper 241 421 243 430 0.157659 0.452631
paper 203 140 221 149 0.148928 0.850426
paper 133 335 135 340 0.144951 0.659597
paper 240 409 242 415 0.123592 0.691880
paper 448 141 461 151 0.121737 0.768808
paper 19 362 26 367 0.120799 0.583356
paper 198 137 202 145 0.11879 0.876318
paper 170 8 175 12 0.118468 0.611668
paper 195 128 199 136 0.117604 0.876070
paper 195 128 202 149 0.113095 0.870298
paper 437 137 461 157 0.110034 0.771225
paper 119 82 138 92 0.107578 0.870177
paper 230 167 233 168 0.105824 0.887156
paper 3 135 95 204 0.105178 0.764936
paper 133 338 136 341 0.105123 0.741771
paper 462 140 474 146 0.100033 0.776782
box 461 126 475 142 0.334923 0.606637
box 400 423 405 430 0.197715 0.237858
box 419 418 427 426 0.19462 0.280818
box 390 406 397 414 0.185883 0.405708
box 426 143 509 207 0.182807 0.579328
box 172 13 179 22 0.180453 0.542670
box 175 266 197 288 0.177251 0.822001
box 395 407 397 411 0.172717 0.391616
box 18 361 26 367 0.150472 0.583356
box 40 77 196 184 0.140829 0.572100
box 240 420 243 430 0.134255 0.452631
box 84 89 103 96 0.123976 0.707033
box 143 241 199 288 0.122734 0.875718
box 161 15 176 35 0.114788 0.584939
box 441 179 446 182 0.112389 0.779445
box 170 8 176 12 0.109387 0.611668
box 436 127 475 156 0.102686 0.790926
person 11 0 182 51 0.1225 0.311056
lamp 225 5 241 9 0.386041 0.606709
lamp 193 0 242 42 0.120092 0.681192
lamp 217 10 226 32 0.116919 0.789429
lamp 210 0 243 7 0.110088 0.843667
bag 85 1 155 46 0.153616 0.256756
