bed 280 225 572 428 0.978856 0.012128
chair 456 76 576 315 0.820875 0.136478
chair 202 431 208 434 0.222819 0.692890
chair 203 439 207 440 0.118558 0.491036
chair 200 438 204 440 0.100493 0.507973
table 571 109 589 113 0.117597 0.511098
picture 2 1 50 13 0.236965 0.274358
picture 1 5 54 90 0.137818 0.248952
picture 30 6 41 43 0.116558 0.363658
pillow 278 312 297 339 0.187446 0.735027
pillow 269 328 278 336 0.174241 0.758722
paper 7 58 16 62 0.63077 0.357421
paper 1 0 47 91 0.550194 0.126096
paper 0 39 31 61 0.469612 0.444660
paper 111 29 118 46 0.398491 0.401107
paper 83 29 118 47 0.371541 0.284185
paper 30 3 41 41 0.368547 0.363658
paper 78 0 117 63 0.317888 0.422126
paper 495 24 511 47 0.269425 0.609408
paper 376 152 379 158 0.221903 0.714654
paper 374 26 376 29 0.210328 0.684650
paper 189 204 192 207 0.202852 0.680938
paper 79 39 93 62 0.199221 0.288621
paper 192 204 198 208 0.188417 0.687664
paper 376 159 383 174 0.187527 0.752748
paper 2 0 48 13 0.181688 0.274358
paper 378 175 384 180 0.175555 0.773516
paper 269 57 324 115 0.169169 0.728202
paper 579 225 582 226 0.168857 0.258323
paper 374 2 375 19 0.163511 0.226985
paper 373 2 453 122 0.153701 0.643395
paper 110 13 114 28 0.150715 0.776595
paper 571 210 572 218 0.150153 0.245197
paper 45 93 98 129 0.146283 0.769104
paper 318 108 335 119 0.145594 0.817845
paper 576 360 581 369 0.145566 0.309205
paper 152 208 197 246 0.143658 0.687609
paper 123 400 127 408 0.14281 0.560767
paper 88 248 99 258 0.135864 0.852379
paper 75 164 210 278 0.134569 0.699898
paper 564 210 575 218 0.133759 0.433076
paper 377 123 381 126 0.13047 0.810955
paper 120 3 179 83 0.129844 0.605361
paper 269 48 272 58 0.127876 0.759526
paper 146 417 151 423 0.125045 0.594502
paper 318 3 379 177 0.122852 0.760254
paper 551 386 554 389 0.121844 0.511852
paper 291 113 317 117 0.118113 0.842301
paper 522 59 530 80 0.116515 0.813808
paper 97 262 140 284 0.116038 0.778584
paper 2 19 96 327 0.113971 0.708047
paper 560 432 565 440 0.107595 0.141826
paper 191 188 198 203 0.107098 0.788915
box 0 10 51 91 0.258387 0.236661
box 578 224 581 226 0.122613 0.258323
box 563 209 574 219 0.122044 0.433076
box 14 1 47 44 0.117128 0.319562
box 373 2 376 19 0.111523 0.226985
toilet 126 61 168 235 0.288044 0.643234
toilet 126 31 255 208 0.233971 0.722032
sink 117 73 264 238 0.365327 0.374970
garbage_bin 286 281 287 282 0.113103 0.728688
