0.011058 0.986955 0.000008 0.000002 0.000007 0.000016 0.000030 0.000002 0.000127 0.000002 0.000949 0.000002 0.000051 0.000415 0.000000 0.000002 0.000000 0.000028 0.000007 0.000001 0.000001 0.000003 0.000007 0.000000 0.000017 0.000020 0.000150 0.000000 0.000131 0.000000 0.000009 0.000001
0.384660 0.280945 0.001510 0.002645 0.007787 0.002569 0.008062 0.002740 0.008221 0.007238 0.043945 0.002034 0.000990 0.006355 0.000578 0.002542 0.001002 0.021500 0.008859 0.013463 0.007565 0.033724 0.058664 0.001644 0.003408 0.003731 0.037774 0.001170 0.023784 0.003929 0.014415 0.002546
0.541047 0.001963 0.003574 0.000907 0.364892 0.000526 0.001572 0.001248 0.003943 0.004109 0.003637 0.000555 0.000077 0.000709 0.009123 0.001637 0.007519 0.000855 0.000859 0.004236 0.006218 0.006532 0.000472 0.000978 0.000741 0.008067 0.002140 0.001426 0.008191 0.003497 0.007964 0.000785
0.609881 0.000965 0.001490 0.003275 0.128480 0.002246 0.002443 0.001421 0.006134 0.011741 0.007777 0.001259 0.000426 0.001791 0.018143 0.004189 0.041265 0.003658 0.003019 0.026130 0.014583 0.018367 0.001443 0.013714 0.002066 0.006065 0.007300 0.011603 0.004894 0.016663 0.023698 0.003871
0.151483 0.007892 0.000733 0.006167 0.015976 0.003579 0.004894 0.001661 0.003799 0.111251 0.010133 0.001941 0.001261 0.004213 0.017323 0.002346 0.021629 0.002606 0.002850 0.195114 0.062675 0.111883 0.023325 0.007114 0.003981 0.005814 0.008123 0.048123 0.010020 0.073283 0.072355 0.006454
0.253146 0.004127 0.002195 0.006915 0.043386 0.005636 0.004414 0.003165 0.009987 0.027298 0.140007 0.002792 0.001952 0.002620 0.018547 0.001735 0.018529 0.001849 0.002719 0.173474 0.027328 0.073713 0.008213 0.015817 0.002735 0.005199 0.016474 0.014560 0.008103 0.030313 0.066246 0.006806
0.131341 0.004417 0.002613 0.008956 0.027232 0.008040 0.007622 0.003098 0.006423 0.038362 0.040669 0.003608 0.001323 0.004354 0.023949 0.001944 0.026687 0.002401 0.003113 0.233638 0.044177 0.124599 0.011171 0.009936 0.003387 0.006600 0.010353 0.026966 0.009312 0.052232 0.114936 0.006540
0.125983 0.011956 0.001000 0.006409 0.012304 0.003371 0.007280 0.002238 0.004550 0.080867 0.013906 0.002612 0.001836 0.005550 0.014496 0.002512 0.019640 0.003743 0.003421 0.207648 0.080249 0.127655 0.029352 0.005454 0.006184 0.008315 0.010246 0.036679 0.013655 0.065083 0.079783 0.006023
0.153077 0.013313 0.000904 0.008140 0.011814 0.004308 0.006796 0.002081 0.004485 0.072029 0.015579 0.002469 0.002000 0.004740 0.011062 0.002857 0.017267 0.004050 0.003689 0.195697 0.073305 0.132310 0.035271 0.004732 0.005225 0.008128 0.012353 0.035173 0.017982 0.058021 0.075383 0.005762
0.151483 0.007892 0.000733 0.006167 0.015976 0.003579 0.004894 0.001661 0.003799 0.111251 0.010133 0.001941 0.001261 0.004213 0.017323 0.002346 0.021629 0.002606 0.002850 0.195114 0.062675 0.111883 0.023325 0.007114 0.003981 0.005814 0.008123 0.048123 0.010020 0.073283 0.072355 0.006454
0.253146 0.004127 0.002195 0.006915 0.043386 0.005636 0.004414 0.003165 0.009987 0.027298 0.140007 0.002792 0.001952 0.002620 0.018547 0.001735 0.018529 0.001849 0.002719 0.173474 0.027328 0.073713 0.008213 0.015817 0.002735 0.005199 0.016474 0.014560 0.008103 0.030313 0.066246 0.006806
0.237945 0.014053 0.007410 0.015741 0.020902 0.013342 0.023225 0.008109 0.009436 0.073104 0.009753 0.009226 0.003663 0.011097 0.042272 0.007374 0.012975 0.014151 0.011750 0.168667 0.016474 0.066466 0.017147 0.017400 0.009517 0.013906 0.003779 0.050388 0.014516 0.030099 0.035623 0.010489
0.613630 0.000174 0.000427 0.024290 0.006417 0.007249 0.000879 0.000271 0.000865 0.008848 0.002995 0.000358 0.000134 0.000601 0.003475 0.000217 0.000853 0.001811 0.002148 0.166506 0.003488 0.114254 0.000502 0.001555 0.000386 0.000240 0.000112 0.002515 0.000468 0.008385 0.024530 0.001418
0.644433 0.002472 0.000240 0.000047 0.000293 0.000072 0.001224 0.000457 0.007195 0.052958 0.005474 0.000729 0.000036 0.000798 0.001050 0.001012 0.001117 0.001553 0.005037 0.144655 0.006864 0.101083 0.001598 0.000727 0.001570 0.000579 0.004293 0.001495 0.001350 0.004174 0.002058 0.003357
0.555927 0.003138 0.008693 0.008654 0.014051 0.012824 0.006890 0.002996 0.004041 0.016634 0.016685 0.002133 0.004036 0.004868 0.024077 0.001108 0.006443 0.005706 0.003189 0.132964 0.009066 0.051037 0.001967 0.005159 0.004873 0.011949 0.001640 0.009566 0.014814 0.017816 0.033790 0.003265
0.491502 0.012702 0.000427 0.006918 0.003216 0.003015 0.004082 0.001162 0.004457 0.025263 0.010444 0.001027 0.001846 0.003140 0.003752 0.001850 0.008976 0.002402 0.002821 0.124151 0.035818 0.128363 0.010412 0.001368 0.006715 0.006311 0.009295 0.018376 0.006961 0.027596 0.032183 0.003448
0.727622 0.000075 0.000240 0.019055 0.004437 0.004369 0.000484 0.000152 0.000469 0.007109 0.001666 0.000190 0.000074 0.000339 0.002843 0.000126 0.000619 0.001157 0.002116 0.117999 0.002761 0.078443 0.000293 0.001289 0.000248 0.000095 0.000068 0.001515 0.000245 0.008303 0.014594 0.001006
0.436561 0.016600 0.002319 0.004434 0.014086 0.013854 0.020338 0.008606 0.038587 0.050221 0.021038 0.003096 0.001436 0.002706 0.006755 0.021381 0.008127 0.011117 0.034951 0.112340 0.023794 0.055235 0.002367 0.004364 0.007709 0.003838 0.007314 0.011760 0.003551 0.020164 0.018322 0.013030
0.492589 0.001571 0.001673 0.032002 0.011847 0.012932 0.004331 0.002352 0.004271 0.029684 0.004874 0.003004 0.000941 0.003566 0.013970 0.001692 0.006782 0.007789 0.010021 0.108953 0.008998 0.117377 0.003394 0.015380 0.003416 0.001311 0.001035 0.016253 0.002677 0.026677 0.037642 0.010995
0.830629 0.000385 0.000050 0.000204 0.000555 0.001288 0.000517 0.000118 0.001621 0.003411 0.002340 0.000091 0.000143 0.000198 0.000286 0.000141 0.000222 0.000714 0.000230 0.104529 0.002222 0.030122 0.000055 0.000146 0.000214 0.000354 0.000655 0.000762 0.000500 0.001035 0.015938 0.000327
0.738828 0.001260 0.000282 0.001895 0.005050 0.000454 0.000624 0.000821 0.000949 0.016223 0.007773 0.000808 0.000100 0.000121 0.002189 0.000507 0.001780 0.000725 0.000432 0.104469 0.015536 0.052723 0.017499 0.001846 0.000324 0.001306 0.001958 0.003705 0.005372 0.006456 0.006888 0.001096
0.836351 0.000340 0.000050 0.000164 0.001193 0.000124 0.000535 0.000426 0.000446 0.011849 0.002550 0.000378 0.000028 0.000058 0.001712 0.000953 0.000866 0.000635 0.000280 0.103907 0.013013 0.010489 0.000861 0.000359 0.000150 0.000967 0.000954 0.002677 0.001553 0.004569 0.001211 0.000353
0.703591 0.001791 0.000226 0.001667 0.011510 0.000547 0.001177 0.001385 0.001866 0.031236 0.008438 0.001160 0.000192 0.000230 0.002395 0.001031 0.002293 0.001888 0.001086 0.103540 0.012848 0.050978 0.023876 0.002468 0.000415 0.002018 0.001551 0.005669 0.004951 0.008424 0.007717 0.001835
0.824215 0.000407 0.000072 0.000194 0.001602 0.000247 0.000531 0.000557 0.000616 0.015070 0.003806 0.000439 0.000030 0.000052 0.002110 0.000964 0.001491 0.000386 0.000277 0.103150 0.014767 0.013612 0.001079 0.000733 0.000166 0.000814 0.001151 0.003349 0.001370 0.004517 0.001734 0.000494
0.437443 0.000055 0.000003 0.001276 0.000031 0.000053 0.000228 0.000076 0.000241 0.019557 0.000032 0.000034 0.000026 0.000074 0.000525 0.000133 0.000327 0.001228 0.000311 0.036168 0.001787 0.487638 0.000345 0.001138 0.000075 0.001387 0.000287 0.001844 0.000089 0.005553 0.000636 0.001400
0.654791 0.000946 0.000016 0.000797 0.000107 0.000175 0.000120 0.000041 0.000104 0.001206 0.000155 0.000045 0.000025 0.000097 0.000372 0.000023 0.000101 0.001235 0.000151 0.014733 0.000771 0.318845 0.001830 0.000170 0.000134 0.000097 0.000120 0.000211 0.000250 0.000721 0.001317 0.000293
0.634441 0.000006 0.000007 0.000132 0.000007 0.000037 0.000016 0.000014 0.000070 0.004584 0.000021 0.000006 0.000014 0.000023 0.000724 0.000007 0.000168 0.000176 0.000036 0.034504 0.000642 0.318702 0.000037 0.000247 0.000088 0.000103 0.000036 0.000228 0.000023 0.004588 0.000178 0.000136
0.567537 0.000320 0.000057 0.001880 0.000212 0.000597 0.000544 0.000486 0.001297 0.058632 0.000407 0.000218 0.000152 0.000307 0.002665 0.000342 0.001202 0.003697 0.000559 0.065517 0.004415 0.258973 0.003321 0.002420 0.000605 0.002411 0.000582 0.003606 0.000654 0.013279 0.001601 0.001505
0.499706 0.002007 0.000119 0.001025 0.004482 0.000860 0.001584 0.001608 0.003188 0.029417 0.002981 0.000628 0.000412 0.000852 0.009846 0.002784 0.008090 0.002445 0.015524 0.088236 0.013210 0.231573 0.000863 0.006452 0.004582 0.000592 0.001606 0.009740 0.001201 0.028036 0.008571 0.017779
0.723699 0.000006 0.000006 0.000198 0.000006 0.000045 0.000027 0.000028 0.000091 0.006436 0.000026 0.000010 0.000011 0.000020 0.000814 0.000015 0.000276 0.000222 0.000047 0.040201 0.001110 0.219454 0.000042 0.000192 0.000096 0.000168 0.000066 0.000295 0.000030 0.005854 0.000246 0.000265
0.725086 0.000008 0.000005 0.000179 0.000009 0.000049 0.000029 0.000027 0.000108 0.010436 0.000029 0.000009 0.000013 0.000023 0.000947 0.000015 0.000191 0.000303 0.000067 0.048104 0.000946 0.206097 0.000061 0.000299 0.000103 0.000211 0.000045 0.000379 0.000038 0.005742 0.000227 0.000215
0.653310 0.008560 0.000198 0.001856 0.001168 0.000371 0.001865 0.000778 0.001370 0.021478 0.002199 0.000786 0.000126 0.001058 0.005343 0.001433 0.005050 0.001534 0.001781 0.052011 0.012292 0.184781 0.003498 0.001755 0.002207 0.000774 0.002138 0.004677 0.001387 0.012454 0.009254 0.002508
0.622921 0.000207 0.000054 0.001271 0.000287 0.000364 0.000591 0.000324 0.001016 0.082463 0.000218 0.000215 0.000113 0.000211 0.002546 0.000265 0.000719 0.003795 0.000390 0.088900 0.003997 0.159925 0.004948 0.002281 0.000318 0.001837 0.000330 0.005550 0.000724 0.011092 0.001121 0.001007
0.794265 0.003110 0.000014 0.000698 0.000111 0.000079 0.001171 0.000201 0.000230 0.004057 0.000248 0.000176 0.000024 0.000207 0.000521 0.000264 0.000375 0.002029 0.000335 0.022382 0.001874 0.154882 0.004727 0.000184 0.000387 0.000584 0.000381 0.001022 0.000572 0.001487 0.002858 0.000547
0.848721 0.000510 0.000011 0.000062 0.000014 0.000013 0.000118 0.000007 0.000285 0.000116 0.000065 0.000007 0.000006 0.000416 0.000048 0.000006 0.000083 0.000312 0.000059 0.002579 0.000102 0.144505 0.000003 0.000013 0.000384 0.000096 0.000060 0.000061 0.000007 0.000169 0.001112 0.000050
0.431968 0.070563 0.000353 0.000820 0.002696 0.000959 0.012489 0.003635 0.031584 0.051668 0.010047 0.003339 0.000148 0.001291 0.000477 0.006397 0.000985 0.014976 0.030135 0.048500 0.006907 0.141514 0.085875 0.000993 0.001968 0.001920 0.016410 0.001755 0.004606 0.003705 0.005803 0.005515
0.804913 0.000022 0.000007 0.000561 0.000011 0.000102 0.000071 0.000063 0.000091 0.015719 0.000055 0.000019 0.000022 0.000040 0.000744 0.000039 0.000423 0.000780 0.000082 0.026636 0.001716 0.138961 0.000161 0.000260 0.000113 0.000361 0.000130 0.000634 0.000054 0.006184 0.000669 0.000358
0.153077 0.013313 0.000904 0.008140 0.011814 0.004308 0.006796 0.002081 0.004485 0.072029 0.015579 0.002469 0.002000 0.004740 0.011062 0.002857 0.017267 0.004050 0.003689 0.195697 0.073305 0.132310 0.035271 0.004732 0.005225 0.008128 0.012353 0.035173 0.017982 0.058021 0.075383 0.005762
0.491502 0.012702 0.000427 0.006918 0.003216 0.003015 0.004082 0.001162 0.004457 0.025263 0.010444 0.001027 0.001846 0.003140 0.003752 0.001850 0.008976 0.002402 0.002821 0.124151 0.035818 0.128363 0.010412 0.001368 0.006715 0.006311 0.009295 0.018376 0.006961 0.027596 0.032183 0.003448
0.622758 0.001037 0.000120 0.005490 0.001237 0.002425 0.001677 0.000747 0.001741 0.077720 0.001290 0.000727 0.000337 0.000555 0.004129 0.000753 0.002132 0.003715 0.000926 0.078157 0.007992 0.128310 0.012644 0.002775 0.001015 0.002406 0.001305 0.014557 0.001029 0.013986 0.003838 0.002472
0.837020 0.000907 0.000004 0.000326 0.000035 0.000068 0.000420 0.000094 0.000081 0.003492 0.000078 0.000123 0.000008 0.000083 0.000459 0.000146 0.000232 0.000728 0.000182 0.017914 0.001074 0.128010 0.002718 0.000217 0.000211 0.000247 0.000199 0.001278 0.000248 0.001461 0.001522 0.000413
0.125983 0.011956 0.001000 0.006409 0.012304 0.003371 0.007280 0.002238 0.004550 0.080867 0.013906 0.002612 0.001836 0.005550 0.014496 0.002512 0.019640 0.003743 0.003421 0.207648 0.080249 0.127655 0.029352 0.005454 0.006184 0.008315 0.010246 0.036679 0.013655 0.065083 0.079783 0.006023
0.131341 0.004417 0.002613 0.008956 0.027232 0.008040 0.007622 0.003098 0.006423 0.038362 0.040669 0.003608 0.001323 0.004354 0.023949 0.001944 0.026687 0.002401 0.003113 0.233638 0.044177 0.124599 0.011171 0.009936 0.003387 0.006600 0.010353 0.026966 0.009312 0.052232 0.114936 0.006540
0.760652 0.000085 0.000078 0.001487 0.000228 0.000818 0.000243 0.000271 0.000286 0.038174 0.000225 0.000089 0.000047 0.000150 0.003327 0.000208 0.001206 0.001468 0.000538 0.040339 0.003833 0.123732 0.000704 0.001346 0.000345 0.000544 0.000414 0.002754 0.000273 0.012841 0.002019 0.001274
0.752067 0.000091 0.000032 0.000909 0.000079 0.000320 0.000262 0.000217 0.000326 0.049203 0.000158 0.000075 0.000045 0.000122 0.002458 0.000241 0.000933 0.001650 0.000551 0.042824 0.003509 0.123044 0.000637 0.001790 0.000248 0.000936 0.000258 0.003529 0.000190 0.010685 0.001395 0.001215
0.492589 0.001571 0.001673 0.032002 0.011847 0.012932 0.004331 0.002352 0.004271 0.029684 0.004874 0.003004 0.000941 0.003566 0.013970 0.001692 0.006782 0.007789 0.010021 0.108953 0.008998 0.117377 0.003394 0.015380 0.003416 0.001311 0.001035 0.016253 0.002677 0.026677 0.037642 0.010995
0.545915 0.019823 0.000435 0.005356 0.002551 0.002239 0.005699 0.001152 0.004580 0.021422 0.008157 0.001173 0.001794 0.004538 0.003416 0.001815 0.009872 0.001958 0.002638 0.096722 0.030457 0.115303 0.010955 0.001397 0.007940 0.007385 0.007589 0.020193 0.004070 0.023915 0.026368 0.003174
0.613630 0.000174 0.000427 0.024290 0.006417 0.007249 0.000879 0.000271 0.000865 0.008848 0.002995 0.000358 0.000134 0.000601 0.003475 0.000217 0.000853 0.001811 0.002148 0.166506 0.003488 0.114254 0.000502 0.001555 0.000386 0.000240 0.000112 0.002515 0.000468 0.008385 0.024530 0.001418
0.840909 0.001836 0.000015 0.000708 0.000083 0.000167 0.000637 0.000190 0.000207 0.003961 0.000245 0.000231 0.000032 0.000189 0.000743 0.000246 0.000461 0.001275 0.000393 0.020145 0.001696 0.113195 0.003051 0.000324 0.000483 0.000453 0.000497 0.001472 0.000512 0.002138 0.002868 0.000638
0.151483 0.007892 0.000733 0.006167 0.015976 0.003579 0.004894 0.001661 0.003799 0.111251 0.010133 0.001941 0.001261 0.004213 0.017323 0.002346 0.021629 0.002606 0.002850 0.195114 0.062675 0.111883 0.023325 0.007114 0.003981 0.005814 0.008123 0.048123 0.010020 0.073283 0.072355 0.006454
0.873255 0.000001 0.000003 0.000057 0.000002 0.000010 0.000007 0.000006 0.000037 0.000812 0.000009 0.000002 0.000003 0.000006 0.000275 0.000003 0.000099 0.000047 0.000017 0.012581 0.000345 0.109804 0.000004 0.000067 0.000033 0.000031 0.000024 0.000085 0.000005 0.002206 0.000063 0.000100
0.747559 0.039407 0.000032 0.001013 0.000304 0.000400 0.004992 0.000653 0.002077 0.003094 0.000939 0.000586 0.000076 0.001240 0.000210 0.000630 0.000366 0.050227 0.005702 0.006933 0.001284 0.106695 0.003458 0.000694 0.001055 0.001414 0.001219 0.000718 0.000400 0.001739 0.013188 0.001695
0.829422 0.022317 0.000016 0.000418 0.000291 0.000284 0.000978 0.000185 0.001134 0.001216 0.001214 0.000180 0.000059 0.000578 0.000124 0.000077 0.000145 0.012502 0.002094 0.009918 0.000475 0.104472 0.001013 0.000287 0.000642 0.000402 0.000570 0.000182 0.000332 0.001050 0.006865 0.000558
0.786176 0.000010 0.000004 0.000236 0.000015 0.000069 0.000062 0.000053 0.000163 0.031776 0.000047 0.000015 0.000013 0.000024 0.001150 0.000034 0.000236 0.000693 0.000124 0.066776 0.001588 0.101561 0.000136 0.000326 0.000108 0.000415 0.000048 0.000671 0.000071 0.006699 0.000366 0.000334
0.644433 0.002472 0.000240 0.000047 0.000293 0.000072 0.001224 0.000457 0.007195 0.052958 0.005474 0.000729 0.000036 0.000798 0.001050 0.001012 0.001117 0.001553 0.005037 0.144655 0.006864 0.101083 0.001598 0.000727 0.001570 0.000579 0.004293 0.001495 0.001350 0.004174 0.002058 0.003357
0.274196 0.138239 0.000460 0.001346 0.004321 0.001545 0.020200 0.006333 0.034427 0.044394 0.016568 0.005789 0.000245 0.001812 0.000470 0.011005 0.001365 0.018987 0.035774 0.026080 0.006940 0.075905 0.221034 0.001434 0.002183 0.002567 0.021676 0.001983 0.006614 0.003774 0.006328 0.006006
0.317613 0.019336 0.004956 0.010690 0.025118 0.024783 0.023249 0.006506 0.038154 0.026522 0.022423 0.005609 0.002804 0.009672 0.005686 0.011803 0.006549 0.031779 0.012146 0.086933 0.019487 0.040302 0.002655 0.006793 0.003811 0.023016 0.014478 0.023732 0.007918 0.014414 0.142250 0.008812
0.131341 0.004417 0.002613 0.008956 0.027232 0.008040 0.007622 0.003098 0.006423 0.038362 0.040669 0.003608 0.001323 0.004354 0.023949 0.001944 0.026687 0.002401 0.003113 0.233638 0.044177 0.124599 0.011171 0.009936 0.003387 0.006600 0.010353 0.026966 0.009312 0.052232 0.114936 0.006540
