bed 276 255 590 440 0.251252 0.250162
chair 212 231 332 386 0.387185 0.256503
sofa 562 348 590 417 0.293576 0.329990
sofa 323 236 590 435 0.268037 0.327938
table 216 249 321 421 0.547025 0.260209
table 14 197 350 440 0.396344 0.398143
table 7 309 93 392 0.244756 0.335950
table 217 256 304 318 0.190084 0.555071
table 381 10 529 195 0.108929 0.841460
picture 153 1 169 7 0.225904 0.367934
picture 162 1 169 3 0.221 0.459288
picture 146 3 152 8 0.205118 0.417804
picture 155 6 173 27 0.192348 0.293146
picture 156 1 208 17 0.178393 0.507165
picture 167 4 177 11 0.165108 0.358786
picture 571 285 574 296 0.136156 0.470015
picture 145 1 155 3 0.104888 0.731735
counter 0 198 240 440 0.176799 0.146894
pillow 479 251 576 390 0.472927 0.450969
pillow 567 354 588 410 0.277001 0.329990
pillow 528 349 579 409 0.258958 0.663443
pillow 447 383 454 386 0.136358 0.463402
pillow 415 336 437 380 0.124841 0.830017
pillow 436 381 454 386 0.121761 0.583632
pillow 505 348 537 404 0.113274 0.871407
fridge 6 14 195 439 0.168157 0.363250
paper 119 427 123 431 0.39248 0.264158
paper 122 420 129 426 0.385704 0.299932
paper 119 414 132 431 0.338438 0.403607
paper 155 425 162 434 0.250424 0.496380
paper 49 428 57 432 0.210847 0.242944
paper 56 420 63 426 0.188084 0.286418
paper 131 409 136 414 0.166011 0.554626
paper 44 433 54 440 0.163591 0.091464
paper 62 413 70 422 0.15881 0.408477
paper 49 410 72 432 0.157713 0.289682
paper 155 176 157 181 0.143005 0.619615
paper 152 392 187 439 0.14252 0.219856
paper 162 415 168 422 0.140625 0.276774
paper 576 344 577 345 0.139954 0.446723
paper 249 426 290 440 0.139245 0.471172
paper 71 409 74 413 0.13884 0.518088
paper 162 0 169 3 0.131824 0.459288
paper 203 429 246 440 0.131172 0.552067
paper 147 176 157 184 0.127449 0.541178
paper 63 398 84 417 0.12217 0.558263
paper 573 330 577 345 0.119878 0.460397
paper 227 413 350 440 0.114935 0.664181
paper 337 420 348 428 0.11229 0.704382
paper 167 3 177 11 0.109103 0.358786
paper 138 398 145 405 0.108561 0.643292
paper 180 436 188 440 0.10767 0.373382
paper 154 4 172 27 0.106263 0.293146
paper 238 280 302 304 0.105549 0.779368
paper 152 0 160 5 0.100629 0.545592
box 49 428 58 432 0.263227 0.242944
box 119 427 124 431 0.243378 0.264158
box 44 433 55 440 0.225551 0.091464
box 57 420 64 426 0.205851 0.286418
box 50 410 74 431 0.198828 0.289682
box 122 420 130 426 0.189705 0.299932
box 119 414 134 430 0.175532 0.403607
box 576 344 577 345 0.155391 0.446723
box 248 424 338 440 0.150483 0.297040
box 297 432 334 440 0.127097 0.186328
box 63 413 71 422 0.124839 0.408477
box 180 436 189 440 0.116926 0.373382
box 155 425 163 434 0.113972 0.496380
box 72 406 78 413 0.112622 0.447728
box 162 414 169 423 0.105864 0.276774
whiteboard 4 3 202 98 0.548093 0.250811
whiteboard 0 92 191 235 0.156295 0.254485
toilet 4 40 213 404 0.112974 0.363250
lamp 256 19 574 434 0.87936 0.056780
lamp 254 235 288 273 0.363979 0.610691
lamp 265 250 276 254 0.298742 0.689642
lamp 264 236 276 254 0.2911 0.697871
lamp 220 231 305 284 0.273693 0.660224
lamp 571 284 574 297 0.149227 0.470015
lamp 573 329 576 345 0.124087 0.460397
lamp 256 232 323 408 0.113566 0.641457
lamp 250 239 265 254 0.103645 0.886288
lamp 575 270 590 351 0.101981 0.430955
garbage_bin 270 394 277 405 0.488418 0.431044
garbage_bin 101 289 225 428 0.407585 0.455616
garbage_bin 149 385 190 437 0.403196 0.219856
garbage_bin 271 401 277 408 0.32266 0.631678
garbage_bin 17 158 229 432 0.275401 0.129150
garbage_bin 271 400 283 428 0.219956 0.668083
garbage_bin 162 414 169 422 0.200355 0.276774
garbage_bin 56 417 69 426 0.123591 0.296168
garbage_bin 452 334 458 340 0.104537 0.598519
garbage_bin 71 406 78 413 0.102512 0.447728
