bed 366 203 590 427 0.899824 0.084959
sofa 82 0 208 44 0.169895 0.350208
sofa 0 0 213 164 0.160733 0.595985
sofa 202 0 239 29 0.153145 0.348794
sofa 189 0 208 29 0.150889 0.359573
sofa 90 0 143 28 0.137795 0.337802
sofa 0 431 3 440 0.135743 0.186854
sofa 115 1 297 135 0.120591 0.659436
sofa 0 0 50 60 0.117769 0.366666
sofa 134 0 191 22 0.111669 0.348067
picture 413 1 418 3 0.125757 0.739831
picture 239 1 292 32 0.108351 0.432080
picture 207 1 241 32 0.105813 0.348794
picture 96 1 145 31 0.104332 0.337802
picture 48 1 113 33 0.10218 0.376582
counter 27 79 519 418 0.13147 0.737102
paper 322 208 323 211 0.220042 0.115429
paper 86 352 92 363 0.211204 0.196241
paper 322 207 344 214 0.208475 0.107064
paper 323 160 348 176 0.20659 0.197282
paper 338 203 343 208 0.19705 0.074631
paper 304 143 347 168 0.188453 0.307833
paper 320 127 334 144 0.186129 0.107759
paper 338 208 344 213 0.179766 0.082695
paper 348 174 352 176 0.17808 0.259918
paper 20 351 27 361 0.176575 0.045231
paper 223 324 230 335 0.175062 0.201852
paper 79 270 130 324 0.171601 0.439245
paper 290 209 323 226 0.170291 0.353989
paper 144 368 157 383 0.168837 0.214009
paper 1 304 32 352 0.168732 0.364466
paper 203 294 208 302 0.16814 0.192275
paper 149 415 160 426 0.165314 0.423114
paper 346 144 349 160 0.165038 0.324093
paper 144 375 147 382 0.163 0.225002
paper 447 29 454 31 0.160491 0.321031
paper 342 184 347 191 0.158101 0.106725
paper 13 242 208 433 0.156502 0.382822
paper 481 406 589 440 0.155264 0.595166
paper 342 190 349 205 0.153661 0.090782
paper 25 77 28 79 0.152973 0.231890
paper 304 127 324 142 0.151913 0.214430
paper 573 223 590 238 0.150413 0.327153
paper 29 264 33 271 0.150266 0.125724
paper 276 170 350 218 0.148182 0.377685
paper 118 363 148 400 0.148036 0.249297
paper 126 341 132 350 0.141807 0.450848
paper 1 350 18 371 0.140075 0.218444
paper 336 127 365 143 0.138985 0.392392
paper 53 423 57 426 0.136512 0.409553
paper 131 339 144 350 0.134129 0.472412
paper 566 207 573 209 0.132403 0.454259
paper 1 345 20 352 0.132161 0.313943
paper 94 78 114 112 0.131806 0.557321
paper 304 129 315 132 0.131546 0.236786
paper 300 111 335 161 0.130761 0.325925
paper 195 400 202 414 0.13007 0.468992
paper 2 255 50 325 0.129054 0.423313
paper 3 161 79 375 0.127616 0.491696
paper 573 224 590 273 0.126076 0.369534
paper 185 209 259 270 0.124891 0.597585
paper 113 414 194 440 0.124405 0.252159
paper 563 196 590 224 0.122994 0.378325
paper 552 160 590 194 0.122738 0.391626
paper 577 239 590 255 0.122729 0.359696
paper 175 399 196 415 0.122691 0.505231
paper 2 142 47 193 0.122286 0.451443
paper 190 415 203 431 0.118639 0.364529
paper 318 112 335 127 0.118422 0.294339
paper 1 400 28 440 0.118101 0.236250
paper 2 366 107 440 0.11458 0.331876
paper 202 416 207 431 0.113464 0.364574
paper 82 304 95 319 0.112892 0.633828
paper 23 161 32 164 0.111715 0.241260
paper 98 112 102 119 0.110217 0.604657
paper 16 177 19 184 0.110108 0.346859
paper 241 244 248 248 0.109194 0.460739
paper 156 423 159 433 0.108689 0.340429
paper 304 111 318 127 0.10785 0.245347
paper 2 173 52 258 0.106581 0.566754
paper 161 389 163 393 0.105322 0.429258
paper 349 139 369 176 0.10337 0.689675
paper 116 95 125 99 0.10304 0.554132
paper 460 425 483 440 0.102364 0.596006
paper 241 240 246 244 0.100993 0.626840
paper 101 95 122 128 0.100676 0.522814
towel 320 96 336 112 0.207597 0.394702
towel 303 33 356 98 0.178186 0.608050
towel 321 79 363 128 0.157436 0.359105
towel 318 112 335 127 0.111989 0.294339
towel 304 111 319 128 0.101513 0.245347
box 148 414 160 426 0.123532 0.423114
box 110 413 193 440 0.114137 0.252159
box 189 414 203 431 0.104506 0.364529
box 52 423 57 426 0.103867 0.409553
box 201 415 207 431 0.103029 0.364574
box 155 423 159 433 0.102964 0.340429
box 106 433 110 440 0.101847 0.280114
toilet 358 11 459 252 0.172055 0.778932
garbage_bin 71 191 407 439 0.289728 0.383818
garbage_bin 338 190 350 208 0.209706 0.110403
garbage_bin 341 184 348 191 0.201409 0.106725
garbage_bin 23 161 32 164 0.200037 0.241260
garbage_bin 379 220 433 273 0.176557 0.671366
garbage_bin 19 351 28 361 0.167524 0.045231
garbage_bin 29 264 33 271 0.166265 0.125724
garbage_bin 16 142 47 176 0.163075 0.437672
garbage_bin 24 77 28 79 0.16083 0.231890
garbage_bin 24 162 47 175 0.157325 0.363988
garbage_bin 10 232 212 433 0.145076 0.382822
garbage_bin 447 28 454 32 0.133316 0.321031
garbage_bin 337 204 344 208 0.131924 0.074631
garbage_bin 347 174 353 176 0.129514 0.259918
garbage_bin 17 155 32 162 0.128821 0.488456
garbage_bin 319 128 335 144 0.123187 0.107759
garbage_bin 322 160 349 176 0.122384 0.197282
garbage_bin 241 243 248 248 0.122349 0.460739
garbage_bin 337 209 345 213 0.120824 0.082695
garbage_bin 79 266 132 325 0.115684 0.439245
garbage_bin 119 362 148 400 0.115087 0.249297
garbage_bin 16 143 31 159 0.112968 0.589706
garbage_bin 303 127 325 143 0.109738 0.214430
garbage_bin 290 208 323 226 0.10925 0.353989
garbage_bin 304 129 316 133 0.106479 0.236786
garbage_bin 9 32 99 120 0.106476 0.670299
garbage_bin 16 177 20 184 0.105079 0.346859
garbage_bin 276 168 352 218 0.10194 0.377685
garbage_bin 321 207 345 214 0.100848 0.107064
