0.236371 0.708366 0.000058 0.002046 0.000075 0.001018 0.001212 0.000107 0.000868 0.000110 0.019065 0.000045 0.002727 0.003125 0.000022 0.000247 0.000046 0.001859 0.000145 0.000527 0.000494 0.000470 0.000119 0.000044 0.001095 0.002191 0.010230 0.000060 0.004306 0.000251 0.002645 0.000057
0.557389 0.341549 0.000419 0.000126 0.000072 0.000059 0.000103 0.000028 0.000147 0.000109 0.015712 0.000015 0.003659 0.060241 0.000030 0.000031 0.000028 0.001006 0.000451 0.000191 0.000267 0.000227 0.000013 0.000028 0.009998 0.000209 0.000917 0.000010 0.005703 0.000095 0.001135 0.000033
0.546570 0.336593 0.000034 0.000838 0.001102 0.000544 0.020928 0.001911 0.001342 0.005035 0.013314 0.004886 0.000076 0.001928 0.000168 0.004403 0.000974 0.001347 0.000595 0.011660 0.002565 0.006198 0.010226 0.000396 0.000617 0.003243 0.006565 0.002264 0.004584 0.002822 0.005870 0.000404
0.642945 0.307841 0.000075 0.000835 0.000297 0.000072 0.003763 0.000299 0.000349 0.002801 0.010182 0.000672 0.000344 0.003257 0.000341 0.000840 0.000284 0.001685 0.000890 0.002902 0.002047 0.001323 0.000413 0.000259 0.002267 0.002113 0.001892 0.000444 0.003714 0.001990 0.002621 0.000241
0.642131 0.282903 0.000186 0.001926 0.000568 0.001073 0.001641 0.000213 0.001411 0.000588 0.008623 0.000090 0.001820 0.010582 0.000203 0.000219 0.000186 0.002367 0.000328 0.004411 0.001047 0.002576 0.000167 0.000078 0.009688 0.003900 0.002204 0.000290 0.003547 0.001366 0.013521 0.000147
0.563501 0.174489 0.000175 0.005805 0.000276 0.002980 0.006780 0.001337 0.002262 0.004144 0.069011 0.000758 0.003827 0.006031 0.000779 0.002175 0.001052 0.009922 0.002376 0.019176 0.011369 0.014286 0.000860 0.001296 0.006478 0.005986 0.051119 0.001525 0.007373 0.007007 0.014002 0.001844
0.419332 0.111635 0.000123 0.003652 0.004154 0.001002 0.027429 0.005792 0.004918 0.022222 0.014606 0.008352 0.000266 0.002075 0.001148 0.034096 0.004753 0.008360 0.002218 0.098701 0.025311 0.031598 0.064854 0.002019 0.001829 0.012904 0.016244 0.013386 0.028441 0.016012 0.010473 0.002094
0.536730 0.109540 0.000398 0.005276 0.004931 0.003393 0.090175 0.006576 0.005511 0.016142 0.009405 0.021659 0.000512 0.003938 0.001048 0.012078 0.005731 0.006860 0.003264 0.029065 0.011124 0.019413 0.022496 0.002241 0.001698 0.012175 0.007455 0.010439 0.005796 0.012872 0.019816 0.002243
0.804792 0.105967 0.000018 0.000184 0.000188 0.000065 0.008075 0.000886 0.000256 0.003780 0.013888 0.002627 0.000028 0.002915 0.000445 0.004864 0.001984 0.000787 0.000279 0.007572 0.005822 0.002114 0.000501 0.000335 0.000915 0.003475 0.006551 0.002660 0.002568 0.003896 0.011303 0.000261
0.561144 0.000285 0.000775 0.234548 0.011642 0.099110 0.001406 0.000673 0.001038 0.001732 0.004535 0.000481 0.001912 0.000936 0.002095 0.000565 0.001346 0.001606 0.002346 0.030330 0.005269 0.016935 0.000631 0.001464 0.001388 0.000450 0.000333 0.000804 0.000622 0.004550 0.007820 0.001229
0.600959 0.000225 0.000822 0.221262 0.014194 0.066915 0.001640 0.000663 0.000847 0.001326 0.004366 0.000499 0.001621 0.000903 0.001919 0.000591 0.001215 0.001641 0.001750 0.033281 0.006132 0.017451 0.000415 0.001076 0.001383 0.000514 0.000508 0.000551 0.000902 0.004107 0.009231 0.001092
0.655331 0.000222 0.000486 0.177986 0.005192 0.087717 0.000926 0.000405 0.000717 0.002256 0.003079 0.000293 0.001196 0.000723 0.001788 0.000411 0.001192 0.001178 0.001984 0.025320 0.003369 0.013869 0.000612 0.001413 0.000936 0.000276 0.000140 0.000937 0.000315 0.003951 0.004745 0.001035
0.368488 0.003168 0.005325 0.158889 0.035648 0.077004 0.010369 0.006190 0.007370 0.014060 0.013317 0.005735 0.005997 0.005823 0.012708 0.005668 0.012671 0.007008 0.012523 0.057781 0.020210 0.051935 0.004457 0.012156 0.007496 0.004211 0.003839 0.005966 0.004933 0.021613 0.029099 0.008344
0.336601 0.003783 0.005865 0.155327 0.020255 0.069494 0.008430 0.004494 0.009317 0.022377 0.012744 0.005117 0.006764 0.007791 0.012935 0.004677 0.015728 0.008966 0.016344 0.058456 0.018084 0.063388 0.005735 0.020362 0.007008 0.003034 0.002098 0.013227 0.003044 0.035415 0.030762 0.012379
0.710897 0.000295 0.000031 0.134114 0.000217 0.000751 0.000792 0.000172 0.000118 0.001838 0.000078 0.000645 0.000433 0.000260 0.000612 0.012190 0.057406 0.000556 0.003719 0.000944 0.023727 0.001244 0.000266 0.010412 0.000186 0.000335 0.000842 0.004547 0.000128 0.027541 0.000597 0.004109
0.575151 0.002936 0.017449 0.005732 0.122764 0.004523 0.003193 0.002052 0.003729 0.019709 0.005878 0.002007 0.000639 0.005239 0.077235 0.001672 0.010246 0.001736 0.003573 0.016513 0.003671 0.023554 0.002018 0.024981 0.004389 0.005969 0.001803 0.018633 0.010110 0.008588 0.010343 0.003968
0.716912 0.000177 0.000030 0.000213 0.000067 0.000104 0.000223 0.000138 0.000699 0.132456 0.000463 0.000068 0.000059 0.000293 0.003264 0.000305 0.001622 0.000930 0.000147 0.094961 0.003762 0.031772 0.000095 0.000464 0.000406 0.000172 0.000190 0.001842 0.000341 0.005811 0.001123 0.000892
0.202525 0.000096 0.000000 0.000002 0.000002 0.000001 0.000001 0.000005 0.000010 0.000016 0.776868 0.000002 0.000001 0.000002 0.000004 0.000025 0.000011 0.000001 0.000001 0.000379 0.000146 0.000033 0.000002 0.000004 0.000006 0.000005 0.018703 0.000003 0.001112 0.000009 0.000024 0.000002
0.218242 0.001107 0.000008 0.000024 0.000044 0.000036 0.000024 0.000101 0.000055 0.000232 0.758176 0.000057 0.000015 0.000042 0.000026 0.000618 0.000079 0.000063 0.000040 0.000446 0.000306 0.000212 0.000061 0.000109 0.000049 0.000030 0.013962 0.000030 0.005624 0.000031 0.000100 0.000052
0.700891 0.000157 0.000000 0.000008 0.000003 0.000004 0.000002 0.000006 0.000017 0.000072 0.293260 0.000003 0.000019 0.000003 0.000007 0.000009 0.000013 0.000002 0.000004 0.002764 0.000191 0.000252 0.000007 0.000007 0.000030 0.000004 0.002037 0.000007 0.000167 0.000027 0.000022 0.000007
0.383104 0.103754 0.000075 0.000289 0.000216 0.000227 0.000550 0.000122 0.001043 0.000184 0.200055 0.000064 0.000786 0.000766 0.000039 0.001344 0.000103 0.000507 0.000060 0.000781 0.002090 0.000414 0.000206 0.000108 0.000278 0.002143 0.126575 0.000079 0.173081 0.000160 0.000726 0.000069
0.809678 0.000769 0.000000 0.000006 0.000004 0.000001 0.000005 0.000015 0.000012 0.000073 0.184953 0.000005 0.000007 0.000015 0.000041 0.000014 0.000049 0.000002 0.000008 0.001710 0.000362 0.000199 0.000003 0.000007 0.000305 0.000020 0.001262 0.000014 0.000294 0.000089 0.000066 0.000012
0.738745 0.009153 0.000018 0.000181 0.000649 0.000105 0.000443 0.000583 0.000570 0.016024 0.151279 0.000331 0.000142 0.000665 0.001625 0.000387 0.001010 0.000199 0.001567 0.040140 0.003419 0.018025 0.000441 0.000447 0.005410 0.000431 0.001240 0.000725 0.001060 0.003237 0.001122 0.000629
0.829704 0.008747 0.000006 0.000058 0.000082 0.000009 0.000113 0.000112 0.000143 0.000547 0.151230 0.000062 0.000008 0.000105 0.000193 0.000262 0.000244 0.000069 0.000039 0.001782 0.001265 0.000488 0.000036 0.000040 0.000358 0.000167 0.002119 0.000091 0.001131 0.000301 0.000428 0.000061
0.844327 0.002737 0.000001 0.000027 0.000058 0.000006 0.000054 0.000062 0.000053 0.001860 0.133976 0.000032 0.000023 0.000110 0.000306 0.000066 0.000174 0.000035 0.000156 0.008966 0.001005 0.002330 0.000060 0.000041 0.001720 0.000065 0.000407 0.000077 0.000343 0.000648 0.000178 0.000099
0.718174 0.000523 0.010587 0.000107 0.013520 0.000228 0.000440 0.000266 0.000984 0.012729 0.001050 0.000361 0.000080 0.002717 0.165067 0.000234 0.014148 0.000194 0.000858 0.013174 0.002141 0.021001 0.000204 0.002101 0.002454 0.000286 0.000189 0.004756 0.000728 0.005082 0.004183 0.001433
0.625016 0.002625 0.016911 0.004428 0.064830 0.003238 0.002929 0.001481 0.001340 0.012592 0.004570 0.001305 0.000575 0.004522 0.137487 0.000718 0.010162 0.000959 0.001165 0.027074 0.003462 0.010827 0.001043 0.006289 0.004757 0.004910 0.001699 0.010418 0.012028 0.009997 0.008466 0.002177
0.481692 0.000785 0.000008 0.003065 0.000213 0.000037 0.001819 0.000183 0.000086 0.004262 0.000058 0.002771 0.000007 0.000050 0.000684 0.394121 0.041415 0.000373 0.002045 0.000781 0.022672 0.001008 0.000435 0.005096 0.000045 0.000387 0.005297 0.017066 0.000715 0.010339 0.000231 0.002255
0.209964 0.023365 0.001821 0.001858 0.004088 0.001017 0.012231 0.007283 0.003943 0.008941 0.033941 0.006049 0.000248 0.002017 0.000977 0.311377 0.005256 0.019441 0.007007 0.005096 0.014688 0.007325 0.016324 0.005911 0.000896 0.004546 0.067411 0.006124 0.202668 0.002508 0.002090 0.003589
0.718327 0.002283 0.000004 0.000180 0.000093 0.000030 0.002655 0.000172 0.000210 0.000706 0.000119 0.001095 0.000001 0.000009 0.000019 0.252927 0.000639 0.000180 0.000102 0.000407 0.000690 0.000246 0.005342 0.000125 0.000008 0.000711 0.006699 0.002364 0.003324 0.000136 0.000067 0.000131
0.783390 0.000200 0.000003 0.001074 0.000015 0.000021 0.001303 0.000126 0.000061 0.002619 0.000063 0.000645 0.000002 0.000018 0.000351 0.178033 0.002185 0.000222 0.000651 0.002586 0.003903 0.004293 0.000243 0.000265 0.000023 0.000593 0.007928 0.004812 0.001140 0.001316 0.000171 0.001747
0.564139 0.000000 0.000000 0.000022 0.000000 0.000001 0.000000 0.000000 0.000001 0.000006 0.000017 0.000000 0.000008 0.000000 0.000014 0.000000 0.000013 0.000000 0.000001 0.434322 0.000032 0.001094 0.000000 0.000003 0.000010 0.000001 0.000075 0.000031 0.000000 0.000092 0.000020 0.000095
0.627665 0.000000 0.000000 0.000084 0.000002 0.000009 0.000001 0.000001 0.000005 0.000026 0.000017 0.000001 0.000025 0.000001 0.000061 0.000001 0.000044 0.000003 0.000004 0.365752 0.000071 0.005306 0.000001 0.000019 0.000027 0.000006 0.000167 0.000104 0.000001 0.000224 0.000066 0.000307
0.277636 0.007470 0.000448 0.008431 0.004152 0.004957 0.007269 0.002388 0.002869 0.013789 0.017522 0.001818 0.000343 0.001488 0.005671 0.004200 0.005231 0.006123 0.001192 0.356895 0.043228 0.090138 0.005848 0.004722 0.001833 0.011863 0.009311 0.018229 0.020029 0.033628 0.026531 0.004748
0.676867 0.000378 0.000086 0.001204 0.000342 0.000830 0.001173 0.000573 0.000378 0.021759 0.001806 0.000629 0.000115 0.000399 0.002949 0.000276 0.000876 0.004245 0.001760 0.212038 0.008997 0.030918 0.001214 0.002563 0.000860 0.001838 0.001433 0.005624 0.001606 0.006727 0.006765 0.002772
0.608545 0.000453 0.000151 0.002935 0.000163 0.001034 0.000931 0.000804 0.000277 0.008850 0.003620 0.000529 0.000250 0.000641 0.001521 0.000377 0.001860 0.008435 0.001145 0.207809 0.013607 0.086004 0.001799 0.002900 0.001407 0.004949 0.010550 0.003998 0.004650 0.004415 0.010605 0.004788
0.408405 0.000593 0.004840 0.000803 0.002318 0.004505 0.001682 0.000807 0.002042 0.045804 0.011916 0.000735 0.000279 0.004615 0.057653 0.000257 0.014248 0.001373 0.005349 0.202941 0.013565 0.138338 0.000399 0.001246 0.003692 0.000705 0.000336 0.005445 0.001061 0.026771 0.034378 0.002900
0.694035 0.000165 0.000100 0.000401 0.000129 0.000122 0.000154 0.000077 0.000511 0.002171 0.000535 0.000048 0.000243 0.000435 0.004165 0.000083 0.004192 0.000266 0.000195 0.200989 0.004722 0.071340 0.000163 0.000430 0.001378 0.000159 0.000399 0.000506 0.000165 0.006827 0.004207 0.000689
0.701166 0.000012 0.000049 0.000240 0.000092 0.000051 0.000043 0.000035 0.000166 0.000382 0.000055 0.000096 0.000071 0.000066 0.002386 0.000016 0.001036 0.000132 0.000092 0.181673 0.001449 0.102070 0.000078 0.000320 0.000444 0.000118 0.000515 0.001143 0.000043 0.002322 0.001614 0.002025
0.806869 0.000004 0.000004 0.000857 0.000009 0.000097 0.000006 0.000008 0.000026 0.000231 0.000064 0.000006 0.000403 0.000012 0.000287 0.000004 0.000156 0.000017 0.000029 0.176166 0.000267 0.011897 0.000013 0.000133 0.000183 0.000012 0.000099 0.000482 0.000005 0.000804 0.000126 0.000724
0.250982 0.043203 0.000475 0.009368 0.005443 0.004851 0.033966 0.006044 0.006888 0.027055 0.013690 0.005962 0.000454 0.003421 0.002697 0.016983 0.007456 0.016468 0.003211 0.171411 0.041881 0.119302 0.055715 0.004121 0.002613 0.019294 0.012202 0.019637 0.023499 0.033830 0.032618 0.005263
0.368109 0.001952 0.018316 0.000747 0.015889 0.007955 0.003782 0.002861 0.009156 0.094591 0.012512 0.002130 0.000766 0.007305 0.025374 0.002011 0.012469 0.007856 0.019693 0.164841 0.012190 0.113013 0.002627 0.012626 0.004552 0.003199 0.000680 0.011909 0.006772 0.017613 0.030183 0.006319
0.602022 0.008918 0.000326 0.003117 0.001290 0.001498 0.009487 0.001649 0.002036 0.012091 0.004568 0.001219 0.000478 0.002150 0.003189 0.002791 0.003293 0.009498 0.000945 0.152914 0.024622 0.048300 0.001373 0.001614 0.002693 0.017608 0.004436 0.005737 0.014931 0.028068 0.024785 0.002352
0.813206 0.000084 0.000001 0.000018 0.000024 0.000003 0.000064 0.000041 0.000051 0.017253 0.002249 0.000066 0.000001 0.000024 0.000838 0.000044 0.000521 0.000013 0.000011 0.144643 0.000880 0.013543 0.000037 0.000326 0.000065 0.000023 0.001292 0.001791 0.000280 0.001744 0.000527 0.000339
0.236910 0.011384 0.001138 0.009779 0.004184 0.034385 0.031944 0.009403 0.017589 0.032229 0.015772 0.006951 0.003673 0.006063 0.004990 0.014987 0.009013 0.027232 0.023535 0.140171 0.028358 0.132483 0.009543 0.005215 0.005763 0.007678 0.004256 0.032030 0.003520 0.020622 0.090395 0.018807
0.424935 0.022224 0.000528 0.002537 0.001486 0.001617 0.043822 0.005477 0.002921 0.026812 0.007232 0.021240 0.000564 0.006625 0.004138 0.006157 0.011238 0.006228 0.001600 0.136964 0.058393 0.058895 0.019010 0.005361 0.001700 0.015818 0.009031 0.017224 0.005039 0.036963 0.034912 0.003309
0.506097 0.000850 0.012631 0.000313 0.004213 0.002221 0.001362 0.000786 0.004280 0.034687 0.004922 0.000717 0.000383 0.006802 0.031777 0.000583 0.022328 0.002776 0.004262 0.135600 0.015001 0.139200 0.000356 0.002809 0.004177 0.000851 0.000562 0.007036 0.001678 0.024358 0.023428 0.002955
0.709519 0.000339 0.000019 0.000726 0.000078 0.000251 0.000374 0.000221 0.000940 0.086091 0.001089 0.000105 0.000188 0.000360 0.002316 0.000581 0.001528 0.001450 0.000414 0.122636 0.005308 0.044799 0.000318 0.000671 0.000703 0.000377 0.000635 0.003598 0.000553 0.008624 0.002609 0.002581
0.880367 0.000000 0.000000 0.000167 0.000003 0.000001 0.000003 0.000002 0.000017 0.000049 0.000005 0.000003 0.000002 0.000001 0.000180 0.000003 0.000040 0.000002 0.000004 0.117107 0.000090 0.001495 0.000002 0.000034 0.000008 0.000005 0.000049 0.000048 0.000001 0.000151 0.000013 0.000148
0.565591 0.012290 0.000352 0.001923 0.001624 0.008480 0.027835 0.003770 0.017486 0.029263 0.006489 0.001035 0.000772 0.003807 0.001419 0.011674 0.003109 0.021760 0.014321 0.109843 0.013614 0.058250 0.001542 0.001472 0.003583 0.003242 0.002540 0.007593 0.000920 0.009712 0.047804 0.006886
0.525577 0.001330 0.000834 0.003001 0.001277 0.002834 0.002175 0.003629 0.000687 0.012517 0.010863 0.003090 0.000702 0.002024 0.004847 0.001401 0.009758 0.008448 0.002347 0.045226 0.012986 0.261859 0.000628 0.003125 0.004465 0.001949 0.019055 0.007876 0.002289 0.017632 0.017999 0.007567
0.490577 0.001135 0.000669 0.003431 0.001201 0.004278 0.000985 0.001851 0.001410 0.004777 0.021551 0.001685 0.002059 0.001451 0.003797 0.000614 0.003855 0.003096 0.000642 0.047597 0.013877 0.256045 0.000559 0.002487 0.003346 0.002438 0.048380 0.016094 0.003090 0.016191 0.035160 0.005673
0.619335 0.000015 0.000075 0.000060 0.000050 0.000036 0.000038 0.000030 0.000201 0.000413 0.000062 0.000119 0.000021 0.000068 0.003795 0.000008 0.000965 0.000105 0.000041 0.149033 0.002064 0.215290 0.000052 0.000150 0.000543 0.000159 0.000363 0.001038 0.000061 0.002428 0.002649 0.000733
0.672323 0.000069 0.000088 0.000572 0.000267 0.000453 0.000058 0.000075 0.000482 0.000806 0.000269 0.000143 0.000200 0.000053 0.000904 0.000016 0.000669 0.000291 0.000038 0.096977 0.000878 0.214225 0.000241 0.000417 0.000293 0.000193 0.000924 0.002786 0.000121 0.001794 0.002671 0.000704
0.435929 0.001733 0.018787 0.000402 0.008932 0.002563 0.002086 0.001553 0.008431 0.055419 0.005543 0.001425 0.000492 0.009383 0.032355 0.001519 0.029173 0.004902 0.007624 0.116892 0.017514 0.155012 0.000793 0.007053 0.005835 0.001666 0.000879 0.013029 0.002793 0.020975 0.024364 0.004945
0.226704 0.009832 0.001450 0.015169 0.005728 0.032842 0.027997 0.008430 0.020647 0.030231 0.016095 0.007768 0.004460 0.006924 0.005496 0.011906 0.008830 0.027049 0.026662 0.138974 0.022267 0.153449 0.008357 0.005985 0.005827 0.007934 0.003520 0.029786 0.003281 0.019172 0.085790 0.021435
0.408405 0.000593 0.004840 0.000803 0.002318 0.004505 0.001682 0.000807 0.002042 0.045804 0.011916 0.000735 0.000279 0.004615 0.057653 0.000257 0.014248 0.001373 0.005349 0.202941 0.013565 0.138338 0.000399 0.001246 0.003692 0.000705 0.000336 0.005445 0.001061 0.026771 0.034378 0.002900
0.751705 0.000122 0.000068 0.013186 0.002418 0.001843 0.000207 0.000222 0.000678 0.005258 0.000799 0.000211 0.000717 0.000117 0.001369 0.000137 0.001818 0.000596 0.000365 0.057034 0.002395 0.135961 0.000324 0.001749 0.000285 0.000209 0.000831 0.008004 0.000211 0.005882 0.003209 0.002070
0.773592 0.000042 0.000056 0.003018 0.002051 0.000674 0.000101 0.000156 0.000427 0.002302 0.001119 0.000129 0.000695 0.000042 0.001060 0.000093 0.001510 0.000318 0.000181 0.062803 0.001678 0.130509 0.000225 0.001701 0.000185 0.000191 0.002487 0.005102 0.000229 0.003294 0.002170 0.001855
0.699942 0.001735 0.000772 0.007508 0.001261 0.007665 0.000502 0.001029 0.002119 0.005494 0.020476 0.000656 0.005006 0.002008 0.002925 0.000587 0.003331 0.001554 0.000611 0.045463 0.011019 0.123225 0.000455 0.003153 0.002989 0.000821 0.010272 0.008530 0.002310 0.011035 0.012127 0.003421
0.732757 0.000043 0.000008 0.000301 0.000032 0.000013 0.000071 0.000047 0.000130 0.037189 0.000076 0.000030 0.000014 0.000091 0.001768 0.000023 0.000263 0.001290 0.000065 0.088314 0.001262 0.120652 0.000461 0.002027 0.000144 0.000186 0.000077 0.000781 0.000115 0.011217 0.000251 0.000305
0.250982 0.043203 0.000475 0.009368 0.005443 0.004851 0.033966 0.006044 0.006888 0.027055 0.013690 0.005962 0.000454 0.003421 0.002697 0.016983 0.007456 0.016468 0.003211 0.171411 0.041881 0.119302 0.055715 0.004121 0.002613 0.019294 0.012202 0.019637 0.023499 0.033830 0.032618 0.005263
0.825511 0.000003 0.000016 0.000086 0.000482 0.000045 0.000006 0.000008 0.000026 0.000073 0.000246 0.000008 0.000023 0.000008 0.001261 0.000001 0.000474 0.000017 0.000006 0.046499 0.000228 0.114606 0.000008 0.000090 0.000109 0.000085 0.000459 0.001549 0.000026 0.001143 0.006644 0.000255
0.368109 0.001952 0.018316 0.000747 0.015889 0.007955 0.003782 0.002861 0.009156 0.094591 0.012512 0.002130 0.000766 0.007305 0.025374 0.002011 0.012469 0.007856 0.019693 0.164841 0.012190 0.113013 0.002627 0.012626 0.004552 0.003199 0.000680 0.011909 0.006772 0.017613 0.030183 0.006319
0.777861 0.000054 0.000009 0.000219 0.000033 0.000010 0.000060 0.000037 0.000111 0.028781 0.000089 0.000025 0.000013 0.000114 0.001857 0.000016 0.000234 0.001122 0.000050 0.072728 0.001080 0.101927 0.000283 0.001754 0.000154 0.000113 0.000062 0.000593 0.000103 0.010018 0.000242 0.000247
0.705141 0.061618 0.000031 0.001217 0.001314 0.000474 0.007317 0.001835 0.002443 0.004208 0.006672 0.003194 0.000161 0.000303 0.000094 0.008982 0.000720 0.001976 0.000626 0.012882 0.001855 0.004406 0.150951 0.000203 0.000235 0.002459 0.004360 0.003532 0.008132 0.001221 0.001095 0.000343
0.497935 0.027776 0.000337 0.002749 0.004050 0.000422 0.043374 0.002743 0.005790 0.040422 0.001909 0.008106 0.000157 0.001974 0.002244 0.027235 0.013889 0.009016 0.001849 0.042230 0.025529 0.039548 0.115155 0.004105 0.000944 0.016301 0.005676 0.023533 0.007929 0.014455 0.009407 0.003212
0.219900 0.000017 0.000000 0.000008 0.000002 0.000002 0.000006 0.000007 0.000011 0.000018 0.013627 0.000007 0.000000 0.000001 0.000012 0.000659 0.000045 0.000001 0.000001 0.000141 0.000161 0.000020 0.000002 0.000013 0.000002 0.000020 0.764855 0.000034 0.000362 0.000017 0.000032 0.000017
0.289182 0.046425 0.000087 0.000254 0.000204 0.000965 0.000393 0.000171 0.000354 0.000131 0.076879 0.000045 0.000370 0.000289 0.000036 0.000409 0.000048 0.002914 0.000133 0.002550 0.001770 0.001307 0.000147 0.000100 0.000221 0.002331 0.447769 0.000080 0.120357 0.000239 0.003746 0.000095
0.565184 0.000034 0.000000 0.000071 0.000016 0.000017 0.000015 0.000021 0.000068 0.000121 0.004223 0.000011 0.000001 0.000002 0.000219 0.000777 0.000153 0.000003 0.000002 0.000923 0.000596 0.000098 0.000007 0.000102 0.000005 0.000044 0.425134 0.000202 0.001341 0.000155 0.000398 0.000056
0.579623 0.000165 0.000083 0.003926 0.005707 0.000825 0.000373 0.000870 0.001557 0.004814 0.006401 0.000557 0.000179 0.000067 0.001310 0.009224 0.006855 0.000470 0.000323 0.047492 0.010038 0.025581 0.006739 0.004580 0.000147 0.000897 0.250424 0.005374 0.015034 0.005907 0.002347 0.002111
0.772204 0.000013 0.000000 0.000030 0.000007 0.000016 0.000021 0.000020 0.000009 0.000143 0.002161 0.000010 0.000001 0.000002 0.000101 0.000441 0.000136 0.000006 0.000003 0.001990 0.001126 0.000625 0.000012 0.000061 0.000007 0.000066 0.217498 0.000202 0.002413 0.000187 0.000416 0.000072
0.799818 0.000000 0.000000 0.000000 0.000000 0.000000 0.000000 0.000000 0.000000 0.000000 0.000019 0.000000 0.000000 0.000000 0.000000 0.000016 0.000001 0.000000 0.000000 0.000003 0.000002 0.000000 0.000000 0.000000 0.000000 0.000000 0.200139 0.000000 0.000001 0.000000 0.000000 0.000000
0.789319 0.000038 0.000003 0.000249 0.000053 0.000280 0.000066 0.000050 0.000076 0.000391 0.002042 0.000038 0.000007 0.000008 0.000372 0.001611 0.000374 0.000021 0.000008 0.002581 0.001297 0.000604 0.000050 0.000236 0.000016 0.000139 0.193885 0.000661 0.003607 0.000376 0.001356 0.000184
0.829177 0.000000 0.000000 0.000000 0.000000 0.000000 0.000000 0.000000 0.000000 0.000000 0.000006 0.000000 0.000000 0.000000 0.000000 0.000039 0.000001 0.000000 0.000000 0.000005 0.000004 0.000000 0.000000 0.000000 0.000000 0.000000 0.170765 0.000001 0.000001 0.000000 0.000000 0.000000
0.847830 0.000000 0.000000 0.000000 0.000000 0.000000 0.000000 0.000000 0.000000 0.000001 0.000465 0.000000 0.000000 0.000000 0.000001 0.000027 0.000002 0.000000 0.000000 0.000017 0.000009 0.000000 0.000000 0.000001 0.000000 0.000000 0.151625 0.000001 0.000019 0.000001 0.000001 0.000000
0.846436 0.000067 0.000000 0.000040 0.000033 0.000013 0.000017 0.000033 0.000026 0.000592 0.017254 0.000019 0.000002 0.000002 0.000022 0.000579 0.000059 0.000012 0.000010 0.003685 0.000315 0.001355 0.000228 0.000098 0.000008 0.000024 0.126227 0.000193 0.002400 0.000074 0.000062 0.000113
0.131466 0.008865 0.000569 0.000351 0.002979 0.000126 0.001901 0.000772 0.000844 0.001884 0.009582 0.000463 0.000075 0.000645 0.000244 0.028815 0.000558 0.004440 0.001056 0.002521 0.008474 0.001492 0.001904 0.000810 0.000212 0.004211 0.038012 0.000397 0.744138 0.000815 0.000961 0.000416
0.488577 0.042787 0.000783 0.010244 0.006120 0.002694 0.002568 0.000647 0.001471 0.033451 0.030026 0.000679 0.004792 0.011023 0.008963 0.001296 0.007331 0.003568 0.003619 0.057692 0.029324 0.049494 0.002705 0.003298 0.010938 0.006109 0.010716 0.012165 0.014388 0.038544 0.100843 0.003146
