cabinet 270 46 319 182 0.167924 0.406866
cabinet 273 53 412 204 0.136487 0.558274
bed 19 123 454 430 0.9989 0.000723
chair 340 431 346 436 0.131155 0.656711
chair 331 429 352 440 0.122146 0.256624
sofa 245 159 479 440 0.130514 0.277383
door 435 8 572 342 0.174389 0.386269
picture 479 306 493 335 0.301281 0.414721
picture 403 1 419 40 0.261518 0.356070
picture 485 329 491 335 0.199471 0.520912
picture 410 32 415 40 0.196294 0.600479
picture 479 290 496 319 0.190863 0.578129
picture 388 29 409 48 0.179939 0.797167
picture 482 304 492 308 0.135308 0.658748
picture 349 2 419 51 0.101487 0.860931
counter 0 289 36 360 0.137298 0.514153
blinds 446 2 470 53 0.186627 0.649434
dresser 273 52 317 191 0.312432 0.406866
dresser 279 43 408 225 0.214154 0.575303
pillow 33 176 164 225 0.593012 0.404596
pillow 155 160 284 215 0.428058 0.282062
pillow 44 180 85 224 0.351074 0.648060
pillow 447 255 457 263 0.269552 0.690676
pillow 130 191 152 212 0.234331 0.745312
pillow 103 174 159 207 0.185039 0.805712
pillow 151 180 187 208 0.16978 0.749119
pillow 128 235 131 236 0.141936 0.456974
pillow 32 179 303 262 0.139674 0.810975
pillow 175 189 184 203 0.135813 0.816850
pillow 74 196 131 220 0.128284 0.871170
pillow 113 330 162 396 0.127306 0.858043
pillow 213 207 229 215 0.122482 0.794653
pillow 112 205 133 217 0.111918 0.856003
pillow 209 211 210 216 0.108969 0.828208
pillow 420 233 426 238 0.106151 0.565801
mirror 466 0 590 411 0.319738 0.230755
mirror 452 0 515 228 0.100424 0.734177
clothes 195 160 300 219 0.764666 0.144003
clothes 218 161 290 185 0.291359 0.566876
clothes 201 190 256 214 0.284063 0.621234
clothes 250 170 297 204 0.279311 0.665454
clothes 271 179 287 183 0.251386 0.693060
clothes 202 193 211 206 0.211322 0.724331
clothes 194 182 225 207 0.195634 0.736944
clothes 128 235 132 236 0.178502 0.456974
clothes 200 174 206 185 0.16375 0.797838
clothes 200 173 226 191 0.14804 0.827468
clothes 208 151 257 176 0.134185 0.759245
clothes 192 190 196 200 0.110944 0.781184
paper 415 0 420 39 0.184196 0.331737
paper 2 397 47 440 0.17947 0.406719
paper 259 166 263 167 0.179021 0.717118
paper 401 411 453 440 0.151296 0.176788
paper 337 189 390 214 0.145194 0.616458
paper 122 412 169 440 0.136064 0.346063
paper 380 401 400 440 0.114315 0.545186
paper 506 422 511 431 0.110254 0.373392
paper 280 428 287 440 0.104221 0.604460
paper 415 92 420 93 0.104028 0.809313
paper 480 291 495 318 0.102446 0.578129
towel 479 196 585 372 0.181975 0.422734
towel 503 352 527 368 0.170025 0.689165
towel 452 323 521 440 0.15922 0.697604
towel 510 16 564 66 0.113328 0.565949
box 128 416 144 428 0.726042 0.217482
box 111 415 127 432 0.67357 0.247704
box 99 414 112 430 0.456033 0.388990
box 119 409 170 440 0.410969 0.346063
box 112 428 121 440 0.375511 0.310945
box 310 53 315 56 0.281289 0.665089
box 503 429 516 440 0.203527 0.207703
box 505 421 510 431 0.154631 0.373392
box 270 54 277 72 0.152273 0.830323
box 399 409 452 440 0.136832 0.176788
box 275 42 302 53 0.136241 0.824877
box 479 307 493 333 0.127014 0.414721
box 81 418 101 440 0.11267 0.441273
box 0 395 48 440 0.109931 0.406719
box 156 434 169 440 0.10032 0.380261
bag 236 431 247 440 0.106769 0.603521
garbage_bin 394 367 458 439 0.122521 0.464246
