cabinet 244 0 424 253 0.170061 0.539803
chair 219 115 252 121 0.111019 0.689195
door 252 0 407 244 0.163951 0.539803
door 384 0 573 266 0.150563 0.548442
door 217 0 279 134 0.147435 0.714421
door 289 188 317 210 0.130781 0.626722
door 416 0 462 82 0.125102 0.632041
picture 159 42 221 181 0.296917 0.503777
picture 156 163 178 194 0.214069 0.777690
picture 191 111 256 167 0.14428 0.228444
picture 161 165 167 177 0.133502 0.862542
picture 165 183 169 189 0.111779 0.828646
picture 241 2 243 5 0.111064 0.635037
picture 1 245 23 256 0.101751 0.088488
clothes 246 378 277 437 0.120185 0.459248
fridge 8 17 201 440 0.238397 0.602085
paper 504 425 507 430 0.228016 0.279561
paper 496 426 500 429 0.209638 0.305437
paper 446 380 484 431 0.208317 0.281426
paper 319 432 320 436 0.203584 0.342494
paper 382 300 458 440 0.203583 0.238208
paper 384 318 438 366 0.203366 0.085347
paper 496 408 510 440 0.203307 0.193544
paper 536 249 543 257 0.199703 0.177204
paper 530 240 539 255 0.19814 0.173365
paper 531 254 533 256 0.193883 0.155202
paper 277 415 304 440 0.192005 0.338787
paper 415 336 431 351 0.189933 0.053523
paper 408 352 428 357 0.187165 0.050609
paper 352 416 370 440 0.186599 0.200632
paper 501 415 506 421 0.184225 0.413951
paper 304 406 320 440 0.181613 0.370659
paper 508 415 556 440 0.180869 0.099867
paper 485 395 497 410 0.180282 0.524046
paper 323 429 328 430 0.177756 0.370335
paper 319 399 377 440 0.177034 0.341995
paper 430 368 463 400 0.176866 0.135405
paper 367 368 416 430 0.169943 0.228066
paper 1 246 22 256 0.162098 0.088488
paper 504 428 510 440 0.157178 0.136137
paper 432 308 458 352 0.151903 0.476774
paper 276 418 277 421 0.15151 0.523075
paper 415 18 416 22 0.151405 0.467286
paper 567 129 573 133 0.147838 0.208530
paper 496 426 503 440 0.146768 0.153914
paper 412 289 417 303 0.142995 0.203645
paper 431 351 478 385 0.140852 0.410097
paper 498 403 498 407 0.138842 0.608833
paper 324 416 336 429 0.136131 0.611227
paper 401 387 432 440 0.134133 0.155891
paper 384 427 399 437 0.133088 0.343460
paper 1 282 13 287 0.133015 0.172093
paper 296 432 307 440 0.132003 0.251989
paper 412 266 437 306 0.117825 0.497313
paper 379 255 416 319 0.111749 0.398329
paper 472 270 477 273 0.109221 0.422236
paper 338 55 351 59 0.107611 0.400924
paper 367 338 399 382 0.103234 0.146490
paper 276 432 290 440 0.101834 0.243753
paper 416 303 435 320 0.101367 0.539354
paper 278 113 281 119 0.100642 0.622229
paper 367 369 383 399 0.100441 0.270175
towel 241 354 265 402 0.281361 0.601144
towel 250 413 255 425 0.252774 0.594299
towel 230 313 282 418 0.239874 0.693886
towel 233 369 243 401 0.217022 0.657546
towel 247 383 275 440 0.203264 0.459248
towel 194 319 254 439 0.198822 0.720244
towel 252 404 254 412 0.178827 0.768372
towel 416 18 416 22 0.114494 0.467286
towel 207 224 270 280 0.109347 0.545284
towel 266 383 273 400 0.109309 0.835669
towel 226 361 237 366 0.10133 0.547295
box 172 89 207 165 0.545743 0.339217
box 177 126 199 144 0.428425 0.516512
box 193 138 201 146 0.360024 0.556028
box 200 135 204 138 0.307407 0.577542
box 196 145 199 150 0.297738 0.597646
box 193 110 213 156 0.289602 0.636835
box 195 112 256 167 0.268138 0.328231
box 202 138 206 143 0.224478 0.662812
box 507 413 557 440 0.202074 0.099867
box 295 431 306 440 0.200686 0.251989
box 276 413 304 440 0.187874 0.338787
box 567 128 573 133 0.179637 0.208530
box 192 110 203 129 0.174326 0.807279
box 276 418 277 421 0.164166 0.523075
box 496 406 511 440 0.16231 0.193544
box 275 431 289 440 0.161666 0.243753
box 266 419 272 425 0.159388 0.459471
box 303 404 319 439 0.158478 0.370659
box 504 427 510 440 0.154252 0.136137
box 171 99 202 110 0.152874 0.817905
box 186 114 221 195 0.149895 0.775960
box 193 144 207 160 0.146878 0.772392
box 501 414 507 421 0.14625 0.413951
box 496 425 503 440 0.145864 0.153914
box 200 110 203 118 0.142163 0.805950
box 504 424 508 430 0.135579 0.279561
box 491 432 494 440 0.131749 0.168886
box 379 252 418 319 0.129591 0.398329
box 351 414 376 440 0.128496 0.183449
box 318 431 319 436 0.125471 0.342494
box 496 425 501 429 0.121481 0.305437
box 322 428 327 430 0.120302 0.370335
box 1 282 13 286 0.120104 0.172093
box 192 119 196 128 0.119695 0.867885
box 384 317 440 366 0.117567 0.085347
box 191 153 224 167 0.117141 0.765326
box 1 246 23 255 0.116756 0.088488
box 472 270 477 274 0.112795 0.422236
box 408 351 429 356 0.109723 0.050609
box 433 396 496 440 0.1091 0.129249
box 383 426 398 437 0.10864 0.343460
box 169 177 230 219 0.108607 0.801611
box 415 335 432 350 0.107194 0.053523
box 368 431 376 440 0.105716 0.252912
box 467 271 476 288 0.104996 0.490662
toilet 157 43 467 409 0.129488 0.131846
sink 174 36 565 419 0.102071 0.230964
lamp 209 113 256 170 0.198439 0.337279
lamp 164 40 220 170 0.113911 0.454837
bathtub 121 89 417 434 0.523179 0.102804
garbage_bin 367 337 399 382 0.279335 0.146490
garbage_bin 367 368 383 400 0.264641 0.270175
garbage_bin 335 303 351 321 0.246452 0.629206
garbage_bin 352 289 384 336 0.217289 0.349298
garbage_bin 428 188 590 438 0.213166 0.218962
garbage_bin 430 367 464 400 0.208694 0.135405
garbage_bin 335 271 383 303 0.207236 0.512935
garbage_bin 276 334 341 398 0.188224 0.797756
garbage_bin 366 366 416 430 0.180666 0.228066
garbage_bin 382 335 433 399 0.17703 0.166197
garbage_bin 313 302 324 313 0.174365 0.757147
garbage_bin 331 292 335 305 0.167902 0.688386
garbage_bin 427 365 496 440 0.167805 0.262199
garbage_bin 379 291 459 440 0.167349 0.238208
garbage_bin 319 299 332 319 0.148999 0.748998
garbage_bin 567 128 573 134 0.14469 0.208530
garbage_bin 320 314 330 319 0.14312 0.771711
garbage_bin 332 317 338 336 0.13809 0.829270
garbage_bin 301 302 332 336 0.13491 0.798369
garbage_bin 407 351 429 357 0.130178 0.050609
garbage_bin 415 335 432 351 0.128487 0.053523
garbage_bin 531 253 534 256 0.128165 0.155202
garbage_bin 281 352 307 398 0.123888 0.863795
garbage_bin 504 414 557 440 0.115661 0.099867
garbage_bin 400 386 432 440 0.115232 0.155891
garbage_bin 320 329 327 338 0.112009 0.870640
garbage_bin 172 187 226 221 0.110933 0.802570
garbage_bin 431 350 481 386 0.11064 0.410097
garbage_bin 322 299 328 308 0.110502 0.800102
garbage_bin 467 270 477 288 0.108772 0.490662
garbage_bin 323 284 335 305 0.108682 0.746495
garbage_bin 349 367 366 384 0.108101 0.813909
garbage_bin 472 270 477 274 0.107553 0.422236
garbage_bin 1 245 23 256 0.10745 0.088488
garbage_bin 532 241 537 255 0.106716 0.177221
garbage_bin 448 123 496 174 0.102283 0.627410
garbage_bin 412 289 417 304 0.100434 0.203645
