0.640333 0.000008 0.000032 0.353113 0.000559 0.001878 0.000011 0.000008 0.000057 0.000079 0.000019 0.000016 0.000039 0.000012 0.001745 0.000009 0.000475 0.000011 0.000007 0.000338 0.000145 0.000245 0.000006 0.000106 0.000020 0.000010 0.000025 0.000207 0.000004 0.000341 0.000064 0.000075
0.753551 0.000020 0.000071 0.235044 0.000915 0.004507 0.000020 0.000014 0.000087 0.000238 0.000043 0.000033 0.000055 0.000025 0.001900 0.000014 0.000728 0.000021 0.000011 0.000591 0.000207 0.000451 0.000011 0.000222 0.000033 0.000017 0.000022 0.000480 0.000006 0.000480 0.000086 0.000097
0.691210 0.000327 0.003088 0.157678 0.002731 0.005475 0.000447 0.000208 0.000708 0.002833 0.000350 0.000432 0.000611 0.001058 0.035798 0.000301 0.045209 0.000285 0.000336 0.002009 0.010966 0.004762 0.000136 0.001786 0.000946 0.000248 0.000413 0.005140 0.000135 0.020802 0.001962 0.001608
0.838984 0.000063 0.000211 0.136186 0.001632 0.005261 0.000058 0.000035 0.000138 0.000720 0.000148 0.000079 0.000075 0.000085 0.005873 0.000032 0.002235 0.000058 0.000029 0.001450 0.000872 0.001561 0.000026 0.000482 0.000096 0.000050 0.000058 0.001225 0.000020 0.001730 0.000299 0.000232
0.845307 0.000144 0.000517 0.110319 0.000941 0.007662 0.000173 0.000115 0.000866 0.001271 0.000291 0.000171 0.000359 0.000331 0.007600 0.000145 0.006378 0.000136 0.000135 0.002185 0.002100 0.002666 0.000065 0.001481 0.000375 0.000111 0.000193 0.001719 0.000063 0.004899 0.000570 0.000713
0.111344 0.013819 0.006766 0.004041 0.006696 0.277678 0.001849 0.001510 0.000884 0.004408 0.019565 0.000519 0.020029 0.004168 0.004404 0.001492 0.002691 0.013819 0.001672 0.018910 0.009805 0.013485 0.001014 0.002112 0.008059 0.104435 0.163383 0.026084 0.067980 0.004835 0.078998 0.003546
0.071513 0.000055 0.000004 0.000083 0.000232 0.000027 0.000617 0.000148 0.001959 0.875938 0.000040 0.000049 0.000010 0.000046 0.000506 0.002586 0.001414 0.000885 0.001517 0.020452 0.001492 0.015353 0.000161 0.000332 0.000119 0.000057 0.000043 0.000912 0.000035 0.002020 0.000134 0.001263
0.494892 0.000338 0.000604 0.000715 0.003129 0.000615 0.000738 0.000781 0.003035 0.249565 0.001631 0.000200 0.000313 0.001319 0.016098 0.002156 0.008169 0.013775 0.001304 0.072391 0.011036 0.072659 0.000487 0.001871 0.001963 0.000618 0.002819 0.012063 0.001638 0.014521 0.002764 0.005794
0.463333 0.004514 0.000803 0.005846 0.051498 0.002358 0.007378 0.003450 0.031296 0.167060 0.002222 0.002192 0.000324 0.001136 0.010392 0.012829 0.015652 0.001213 0.060522 0.045954 0.010262 0.046700 0.002918 0.008463 0.002514 0.000939 0.000612 0.006429 0.000502 0.017564 0.003610 0.009518
0.415018 0.001835 0.001808 0.005103 0.068608 0.000907 0.004718 0.002501 0.010511 0.125831 0.001088 0.002716 0.000095 0.001038 0.050029 0.012693 0.051254 0.000884 0.013048 0.060923 0.014218 0.061044 0.001262 0.012648 0.001957 0.001156 0.000508 0.017687 0.000441 0.044753 0.003514 0.010203
0.287901 0.003374 0.000620 0.003495 0.044314 0.001228 0.005470 0.002585 0.013285 0.117709 0.002079 0.002454 0.000560 0.003761 0.036898 0.013677 0.036105 0.002878 0.059986 0.079816 0.019080 0.138779 0.002936 0.013807 0.007639 0.001459 0.001200 0.015439 0.001365 0.050105 0.008323 0.021678
0.500478 0.013768 0.000360 0.001230 0.044335 0.000307 0.045955 0.005872 0.076397 0.116663 0.001668 0.016911 0.000057 0.000784 0.001378 0.025653 0.008068 0.008521 0.009919 0.023215 0.003926 0.028352 0.031935 0.005551 0.000366 0.006069 0.002294 0.005108 0.002491 0.006005 0.003367 0.002993
0.611465 0.003518 0.000407 0.002432 0.030800 0.001942 0.005783 0.002512 0.026362 0.104418 0.005511 0.002142 0.000338 0.000656 0.005323 0.008262 0.008532 0.001408 0.018356 0.069898 0.013518 0.036532 0.002796 0.005079 0.001554 0.001018 0.001449 0.005387 0.000985 0.012474 0.003797 0.005346
0.676078 0.000044 0.001234 0.000406 0.000645 0.000054 0.000113 0.000066 0.000045 0.003884 0.000334 0.000033 0.000118 0.000405 0.122045 0.000125 0.062911 0.000165 0.000060 0.004061 0.091709 0.011224 0.000013 0.000290 0.000506 0.000315 0.001175 0.001032 0.000547 0.018383 0.001492 0.000488
0.828508 0.000002 0.000011 0.000203 0.000684 0.000001 0.000009 0.000004 0.000007 0.000173 0.000018 0.000006 0.000000 0.000006 0.116307 0.000012 0.011202 0.000001 0.000003 0.000462 0.034105 0.000559 0.000001 0.000039 0.000010 0.000008 0.000107 0.000128 0.000009 0.006970 0.000403 0.000042
0.381883 0.000252 0.004503 0.003619 0.000426 0.000283 0.000347 0.000088 0.000756 0.001652 0.000154 0.000144 0.000797 0.002221 0.006157 0.000322 0.337946 0.000656 0.000409 0.000387 0.181845 0.003352 0.000069 0.000538 0.000715 0.000214 0.001028 0.002134 0.000115 0.059831 0.005862 0.001295
0.552050 0.005831 0.000564 0.002598 0.005469 0.001042 0.003343 0.001500 0.001512 0.010054 0.032219 0.001015 0.000290 0.002704 0.007525 0.002430 0.007032 0.003059 0.001624 0.197474 0.024983 0.035035 0.001338 0.001309 0.006798 0.004986 0.010860 0.003046 0.009281 0.020795 0.039142 0.003093
0.252772 0.005977 0.015611 0.013929 0.063525 0.028996 0.013682 0.007073 0.006942 0.063057 0.016553 0.004945 0.004113 0.012262 0.054661 0.005955 0.018101 0.009095 0.021751 0.108512 0.015784 0.073048 0.006411 0.019017 0.008739 0.013061 0.003102 0.020146 0.021941 0.033147 0.047380 0.010713
0.141109 0.000031 0.000390 0.000885 0.000205 0.000024 0.000139 0.000037 0.000031 0.001423 0.000094 0.000029 0.000021 0.000270 0.015886 0.000217 0.108453 0.000385 0.000118 0.000815 0.673193 0.007819 0.000021 0.000257 0.000163 0.000134 0.000689 0.000541 0.000218 0.043113 0.002640 0.000650
0.438256 0.000239 0.000804 0.000156 0.000124 0.000472 0.000592 0.000411 0.000577 0.049949 0.000661 0.000118 0.000484 0.002772 0.026802 0.000613 0.037477 0.002049 0.002244 0.089892 0.092336 0.139696 0.000062 0.000529 0.009349 0.001104 0.002438 0.005342 0.000490 0.077634 0.012226 0.004101
0.287901 0.003374 0.000620 0.003495 0.044314 0.001228 0.005470 0.002585 0.013285 0.117709 0.002079 0.002454 0.000560 0.003761 0.036898 0.013677 0.036105 0.002878 0.059986 0.079816 0.019080 0.138779 0.002936 0.013807 0.007639 0.001459 0.001200 0.015439 0.001365 0.050105 0.008323 0.021678
0.060106 0.000080 0.000028 0.000005 0.000018 0.000033 0.000046 0.000001 0.000002 0.000006 0.000056 0.000001 0.000000 0.000006 0.000002 0.000023 0.000006 0.000397 0.000002 0.000026 0.000029 0.000015 0.000001 0.000000 0.000002 0.935401 0.000916 0.000021 0.001579 0.000003 0.001187 0.000002
0.447812 0.001597 0.000076 0.000446 0.001010 0.000787 0.000938 0.000144 0.000590 0.000728 0.001753 0.000233 0.000012 0.000032 0.000130 0.007669 0.000136 0.002963 0.000861 0.001796 0.000711 0.002663 0.000219 0.000110 0.000038 0.489583 0.019011 0.004954 0.008713 0.000308 0.003385 0.000591
0.251541 0.000486 0.001120 0.000020 0.001370 0.001083 0.000159 0.000012 0.000030 0.000016 0.001620 0.000014 0.000017 0.000036 0.000013 0.000346 0.000031 0.001610 0.000016 0.000087 0.000126 0.000049 0.000006 0.000016 0.000014 0.410443 0.312573 0.000255 0.013578 0.000015 0.003278 0.000021
0.868708 0.000290 0.000019 0.000320 0.000618 0.000239 0.000126 0.000016 0.000031 0.000174 0.000281 0.000010 0.000007 0.000147 0.000175 0.000076 0.000190 0.002571 0.000063 0.000309 0.000583 0.001356 0.000009 0.000038 0.000147 0.107130 0.005240 0.000908 0.000453 0.000287 0.009393 0.000086
0.040365 0.000339 0.000651 0.000028 0.000207 0.001669 0.000048 0.000010 0.000023 0.000011 0.004308 0.000005 0.000031 0.000045 0.000014 0.000115 0.000034 0.000338 0.000011 0.000208 0.000221 0.000092 0.000002 0.000014 0.000023 0.023889 0.921451 0.000316 0.002441 0.000023 0.003045 0.000021
0.704102 0.002438 0.000590 0.008111 0.003260 0.008366 0.001276 0.000291 0.000701 0.001398 0.005278 0.000700 0.000193 0.000383 0.001180 0.011288 0.003300 0.001817 0.001470 0.004236 0.008688 0.003859 0.000522 0.000941 0.000339 0.047317 0.113210 0.044008 0.003371 0.003180 0.012512 0.001674
0.123182 0.000190 0.000880 0.001009 0.001601 0.000040 0.000371 0.000133 0.000231 0.003851 0.000389 0.000126 0.000108 0.000899 0.054246 0.000416 0.129986 0.000379 0.000730 0.001815 0.526892 0.011366 0.000077 0.001270 0.000717 0.000180 0.001307 0.001688 0.000361 0.125590 0.008020 0.001951
0.736000 0.000015 0.000037 0.000069 0.000215 0.000342 0.000054 0.000017 0.000012 0.000076 0.000711 0.000006 0.000008 0.000075 0.000588 0.000009 0.002178 0.000092 0.000029 0.006484 0.000844 0.034651 0.000002 0.000022 0.000189 0.001266 0.000164 0.000451 0.000288 0.001673 0.213319 0.000113
0.703571 0.000356 0.000383 0.000910 0.001021 0.001210 0.000469 0.000090 0.000266 0.000632 0.002537 0.000055 0.000307 0.000748 0.001137 0.000040 0.002274 0.002653 0.000176 0.007091 0.001674 0.015421 0.000036 0.000061 0.007461 0.035227 0.006696 0.000509 0.001228 0.002643 0.202660 0.000459
