cabinet 474 281 590 440 0.469092 0.359739
cabinet 180 339 422 440 0.226559 0.611551
chair 381 301 495 440 0.443623 0.512642
chair 572 423 580 440 0.159117 0.231052
table 202 356 443 440 0.113272 0.622912
picture 390 315 410 337 0.272353 0.612755
picture 385 230 404 260 0.263029 0.592678
picture 577 274 586 281 0.212808 0.497486
picture 376 239 384 272 0.200264 0.712412
picture 393 250 401 260 0.199129 0.692024
picture 381 245 384 254 0.193367 0.701908
picture 491 132 588 310 0.185717 0.452790
picture 407 271 436 358 0.143735 0.427213
picture 395 255 399 259 0.136638 0.710107
picture 567 266 571 268 0.135671 0.732968
picture 577 238 590 283 0.133353 0.525207
counter 208 300 414 437 0.37474 0.383562
counter 212 325 381 364 0.320311 0.655530
desk 167 325 471 440 0.302077 0.442027
mirror 406 268 436 361 0.131548 0.427213
clothes 496 192 585 273 0.399733 0.248779
clothes 224 124 364 315 0.190536 0.705647
clothes 226 188 281 320 0.158716 0.737931
clothes 512 247 526 269 0.155938 0.738338
clothes 497 212 520 268 0.14765 0.713522
clothes 504 227 550 275 0.145125 0.749308
clothes 572 419 576 428 0.115679 0.516524
clothes 571 399 590 440 0.102873 0.270099
tv 225 370 399 440 0.355485 0.449405
paper 385 239 403 248 0.147426 0.680891
paper 383 205 404 258 0.140639 0.595543
paper 397 222 404 244 0.124172 0.772532
paper 577 175 590 199 0.124008 0.331621
paper 13 37 15 43 0.110481 0.721794
paper 578 275 586 281 0.109471 0.497486
box 322 304 337 307 0.151578 0.480611
box 339 316 342 321 0.144936 0.478776
box 339 277 351 308 0.126303 0.505285
box 585 240 590 271 0.12042 0.238083
box 577 174 590 199 0.117183 0.331621
person 588 389 590 403 0.317519 0.394721
person 573 399 590 440 0.176226 0.270099
person 268 297 273 329 0.149716 0.735087
person 572 429 580 440 0.145796 0.134755
person 309 260 343 316 0.120731 0.644437
person 273 294 291 322 0.116542 0.863879
sink 222 298 348 368 0.355602 0.592944
lamp 500 189 585 327 0.103252 0.493815
bag 495 197 587 276 0.205845 0.248779
bag 572 403 590 440 0.182458 0.270099
bag 496 217 535 269 0.119796 0.615467
bag 584 241 590 272 0.116636 0.238083
bag 572 420 575 429 0.11521 0.516524
bag 572 423 579 440 0.106171 0.231052
bag 504 249 526 276 0.101221 0.744857
bag 225 194 294 242 0.101031 0.734821
garbage_bin 352 262 360 306 0.148776 0.722813
garbage_bin 338 268 354 307 0.14058 0.545116
garbage_bin 554 343 590 432 0.115821 0.545671
garbage_bin 403 415 465 439 0.107606 0.283312
