cabinet 3 0 113 272 0.115006 0.087749
chair 411 267 585 439 0.981827 0.016025
chair 417 342 590 394 0.282081 0.716979
chair 500 310 564 366 0.14893 0.847103
chair 312 303 497 433 0.105877 0.455352
sofa 0 260 471 435 0.171183 0.772174
sofa 292 306 489 432 0.140007 0.532475
sofa 0 267 134 440 0.131726 0.080435
sofa 0 263 97 338 0.118299 0.296361
table 293 177 486 419 0.14613 0.505257
door 5 0 102 263 0.131507 0.087749
door 452 79 455 84 0.101204 0.497094
picture 317 1 337 3 0.281861 0.526198
counter 290 248 529 404 0.114971 0.707441
pillow 11 274 84 326 0.642496 0.212333
pillow 2 276 119 437 0.329669 0.076212
pillow 57 288 73 317 0.30165 0.647576
pillow 53 270 83 301 0.193982 0.728091
pillow 58 285 64 293 0.193391 0.741128
pillow 63 293 72 303 0.163268 0.813559
pillow 5 301 18 320 0.137936 0.726227
pillow 31 319 34 321 0.118446 0.873075
pillow 37 308 56 323 0.115833 0.875603
pillow 10 325 34 338 0.11526 0.769654
pillow 27 319 42 329 0.112454 0.858451
pillow 14 339 20 340 0.101526 0.650778
clothes 2 279 21 305 0.464185 0.339295
clothes 1 282 124 432 0.345467 0.080435
clothes 18 273 33 290 0.276728 0.566032
clothes 5 258 33 291 0.24736 0.595592
clothes 14 262 88 291 0.21917 0.604695
clothes 14 280 20 288 0.167684 0.784270
clothes 86 429 113 439 0.155387 0.487278
clothes 96 272 108 283 0.148779 0.773426
clothes 8 295 17 302 0.148401 0.727252
clothes 16 272 61 328 0.145362 0.314058
clothes 107 284 115 297 0.134104 0.719366
clothes 3 274 14 280 0.125907 0.813350
paper 20 126 73 134 0.27659 0.379588
paper 385 336 399 350 0.206513 0.098337
paper 222 408 225 414 0.202385 0.361168
paper 209 415 224 440 0.172276 0.262069
paper 102 192 103 206 0.172198 0.245320
paper 403 51 404 72 0.170658 0.478753
paper 195 431 200 434 0.160792 0.384592
paper 307 429 309 431 0.140015 0.347906
paper 191 364 210 439 0.131691 0.572172
paper 407 26 412 35 0.130273 0.435966
paper 511 35 520 41 0.126494 0.648650
paper 200 429 205 440 0.125753 0.219827
paper 402 37 412 82 0.12029 0.449052
paper 547 431 559 440 0.119944 0.248377
paper 262 248 271 256 0.112327 0.667046
paper 188 432 194 440 0.105142 0.217760
paper 509 428 516 437 0.104812 0.414549
paper 512 432 521 440 0.104125 0.343273
paper 453 80 454 84 0.10341 0.497094
paper 577 397 586 400 0.102825 0.343442
paper 575 399 590 431 0.101271 0.415754
towel 0 286 127 439 0.21882 0.103571
box 208 414 224 440 0.183135 0.262069
box 199 428 204 440 0.17721 0.219827
box 223 408 225 414 0.156031 0.361168
box 193 431 199 440 0.146459 0.208221
box 187 431 193 440 0.136215 0.217760
box 307 438 308 440 0.12073 0.246030
box 385 335 400 349 0.119316 0.098337
box 307 428 309 431 0.102469 0.347906
box 559 360 561 363 0.100997 0.546576
box 407 26 413 35 0.100205 0.435966
whiteboard 84 4 313 299 0.4606 0.291829
whiteboard 0 6 115 263 0.286685 0.087749
bag 423 415 431 435 0.112566 0.742574
bag 87 429 113 440 0.104815 0.487278
garbage_bin 222 408 225 414 0.148388 0.361168
garbage_bin 384 335 400 350 0.141102 0.098337
