0.108756 0.003663 0.006586 0.384876 0.025343 0.246563 0.000916 0.000741 0.001070 0.002391 0.015104 0.000428 0.088367 0.001917 0.003292 0.001654 0.001155 0.002929 0.002803 0.004282 0.006872 0.006205 0.000939 0.002021 0.002616 0.022959 0.019322 0.003752 0.018161 0.002738 0.007108 0.004469
0.392041 0.000639 0.000038 0.372404 0.001123 0.004395 0.000860 0.000524 0.000864 0.020639 0.000727 0.000229 0.000648 0.001142 0.001710 0.006810 0.002830 0.017089 0.013087 0.008881 0.008544 0.051975 0.001195 0.002515 0.001395 0.001103 0.007151 0.019809 0.001037 0.010601 0.004103 0.043891
0.690689 0.002811 0.000838 0.224261 0.007327 0.012092 0.000586 0.000581 0.003516 0.001848 0.003897 0.000242 0.012146 0.000894 0.002366 0.000593 0.002851 0.000725 0.004265 0.006190 0.001888 0.004569 0.000153 0.000519 0.002376 0.001029 0.000714 0.001426 0.001092 0.002250 0.003690 0.001576
0.728864 0.000129 0.000062 0.204414 0.001191 0.051323 0.000105 0.000062 0.000104 0.000608 0.000389 0.000044 0.000652 0.000044 0.000680 0.000177 0.000265 0.000347 0.000114 0.000695 0.000932 0.001014 0.000277 0.000149 0.000140 0.001318 0.000620 0.003297 0.000277 0.000525 0.000677 0.000505
0.728121 0.000988 0.000004 0.175992 0.000211 0.070870 0.000101 0.000070 0.000629 0.000200 0.001375 0.000100 0.001596 0.000027 0.000132 0.000491 0.000104 0.000077 0.000211 0.000527 0.000189 0.000442 0.000214 0.000297 0.000090 0.000440 0.008147 0.006586 0.000087 0.000270 0.000245 0.001165
0.299646 0.000533 0.000274 0.164363 0.001052 0.458295 0.000040 0.000043 0.000152 0.000135 0.012592 0.000016 0.029753 0.000161 0.000134 0.000087 0.000064 0.000195 0.000138 0.000489 0.000445 0.000794 0.000032 0.000144 0.000268 0.001508 0.023564 0.000536 0.002590 0.000236 0.001446 0.000274
0.795181 0.004445 0.000766 0.131403 0.004991 0.010880 0.000386 0.000563 0.001667 0.002938 0.005220 0.000279 0.004756 0.001908 0.003867 0.000436 0.001376 0.000453 0.000958 0.003910 0.002661 0.003873 0.000331 0.000583 0.004470 0.000885 0.000779 0.001225 0.001114 0.003200 0.003156 0.001340
0.823885 0.000109 0.000342 0.122129 0.006405 0.033981 0.000034 0.000054 0.000163 0.000154 0.002640 0.000016 0.004373 0.000070 0.000564 0.000023 0.000209 0.000123 0.000140 0.000995 0.000455 0.000609 0.000019 0.000053 0.000303 0.000104 0.000228 0.000128 0.000266 0.000339 0.001009 0.000079
0.009715 0.000057 0.000018 0.002887 0.000008 0.985120 0.000005 0.000001 0.000012 0.000009 0.000103 0.000001 0.001800 0.000007 0.000001 0.000013 0.000002 0.000041 0.000008 0.000004 0.000004 0.000008 0.000014 0.000003 0.000003 0.000030 0.000061 0.000033 0.000017 0.000001 0.000009 0.000007
0.668566 0.000070 0.000019 0.117182 0.000114 0.201781 0.000033 0.000017 0.000031 0.000246 0.000524 0.000018 0.005013 0.000040 0.000180 0.000075 0.000108 0.000080 0.000045 0.000373 0.000456 0.000310 0.000050 0.000079 0.000082 0.000670 0.000972 0.001950 0.000127 0.000208 0.000290 0.000291
0.786643 0.002553 0.000007 0.005624 0.000354 0.176684 0.000038 0.000021 0.000210 0.000126 0.006279 0.000023 0.010472 0.000048 0.000032 0.000217 0.000055 0.000130 0.000564 0.000224 0.000061 0.000406 0.000107 0.000098 0.000225 0.000141 0.006222 0.000657 0.000201 0.000113 0.001000 0.000466
0.144301 0.001360 0.000049 0.000863 0.003157 0.000117 0.004751 0.003593 0.013145 0.529831 0.001484 0.004064 0.000020 0.000289 0.000955 0.010709 0.002251 0.001177 0.166600 0.034528 0.001382 0.038089 0.009810 0.007135 0.000396 0.000230 0.000116 0.002536 0.000141 0.005756 0.000656 0.010508
0.474469 0.003931 0.000444 0.000485 0.001838 0.000323 0.002070 0.001445 0.007243 0.261237 0.005513 0.001707 0.000055 0.002115 0.017511 0.010987 0.002872 0.019108 0.002352 0.041662 0.010059 0.050766 0.001401 0.003317 0.001443 0.001662 0.009462 0.042456 0.002489 0.009579 0.002919 0.007079
0.558073 0.001202 0.000222 0.000349 0.000491 0.000090 0.006772 0.001774 0.010235 0.204770 0.000128 0.013491 0.000004 0.000172 0.002985 0.021133 0.009054 0.000441 0.001787 0.033214 0.004139 0.037703 0.002531 0.003594 0.000210 0.000324 0.000128 0.076709 0.000130 0.005572 0.000970 0.001603
0.379917 0.002591 0.000057 0.034388 0.001730 0.001607 0.003686 0.001850 0.004020 0.126634 0.000962 0.001034 0.000412 0.002309 0.005410 0.012028 0.004357 0.026857 0.014069 0.059564 0.009914 0.164543 0.006266 0.003717 0.002602 0.001954 0.005379 0.044650 0.002162 0.016178 0.007006 0.052144
0.709908 0.000414 0.000131 0.000463 0.000137 0.000190 0.000462 0.000312 0.002123 0.109605 0.002198 0.000150 0.000228 0.000956 0.002895 0.000581 0.001003 0.011497 0.002052 0.072878 0.005575 0.052747 0.000086 0.001562 0.001740 0.000367 0.000707 0.004117 0.000408 0.007343 0.002642 0.004523
0.240585 0.000022 0.000011 0.000712 0.000521 0.000166 0.000114 0.000222 0.000458 0.109175 0.000082 0.000070 0.000016 0.000056 0.000469 0.000742 0.000148 0.000172 0.607890 0.019558 0.000151 0.007578 0.000481 0.001684 0.000207 0.000025 0.000016 0.000499 0.000017 0.001476 0.000069 0.006608
0.510166 0.001309 0.000073 0.036921 0.004025 0.000718 0.007543 0.001388 0.001132 0.108701 0.000123 0.002519 0.000049 0.001142 0.007931 0.030190 0.008066 0.003014 0.001330 0.032596 0.003499 0.012500 0.011111 0.005618 0.001213 0.001836 0.000429 0.183538 0.000585 0.013444 0.001710 0.005581
0.799972 0.003122 0.000441 0.000561 0.001188 0.003935 0.000037 0.000016 0.000119 0.000037 0.149251 0.000008 0.003938 0.000312 0.000015 0.000064 0.000012 0.000418 0.000081 0.000057 0.000072 0.000120 0.000024 0.000072 0.000130 0.000759 0.029448 0.000020 0.005118 0.000020 0.000588 0.000044
0.267099 0.081633 0.000162 0.021315 0.026644 0.091121 0.007026 0.002607 0.031807 0.012687 0.126210 0.001713 0.001808 0.003237 0.000987 0.067952 0.003806 0.024839 0.030249 0.003161 0.003385 0.007542 0.009828 0.005301 0.001944 0.004619 0.094501 0.019158 0.009833 0.003939 0.013064 0.020824
0.366032 0.016870 0.003297 0.003289 0.048110 0.000785 0.008781 0.003421 0.004512 0.032316 0.112833 0.011754 0.000484 0.002006 0.015499 0.003849 0.008146 0.001788 0.001908 0.115784 0.028306 0.018004 0.018633 0.013982 0.001549 0.019217 0.013027 0.008853 0.068627 0.013670 0.026986 0.007680
0.508475 0.006201 0.000184 0.015888 0.004186 0.005113 0.013836 0.003850 0.014304 0.020001 0.004316 0.001032 0.005353 0.002025 0.000720 0.012318 0.001449 0.168232 0.027063 0.031623 0.005900 0.030302 0.006568 0.001063 0.005423 0.014720 0.018218 0.008156 0.004598 0.006838 0.032377 0.019666
0.606079 0.043741 0.002782 0.001436 0.000412 0.003280 0.003396 0.000492 0.000708 0.004073 0.021762 0.000228 0.001094 0.035352 0.000373 0.001657 0.001142 0.116830 0.007059 0.004989 0.015826 0.020227 0.000323 0.001226 0.008288 0.014489 0.020657 0.000496 0.009871 0.004737 0.045338 0.001635
0.240585 0.000022 0.000011 0.000712 0.000521 0.000166 0.000114 0.000222 0.000458 0.109175 0.000082 0.000070 0.000016 0.000056 0.000469 0.000742 0.000148 0.000172 0.607890 0.019558 0.000151 0.007578 0.000481 0.001684 0.000207 0.000025 0.000016 0.000499 0.000017 0.001476 0.000069 0.006608
0.144301 0.001360 0.000049 0.000863 0.003157 0.000117 0.004751 0.003593 0.013145 0.529831 0.001484 0.004064 0.000020 0.000289 0.000955 0.010709 0.002251 0.001177 0.166600 0.034528 0.001382 0.038089 0.009810 0.007135 0.000396 0.000230 0.000116 0.002536 0.000141 0.005756 0.000656 0.010508
0.338428 0.000390 0.000275 0.000710 0.000313 0.000839 0.000492 0.000169 0.000725 0.004485 0.000714 0.000271 0.000278 0.000542 0.011115 0.000312 0.005270 0.000480 0.000391 0.540225 0.008989 0.039796 0.000114 0.000555 0.003400 0.000779 0.000949 0.008616 0.000451 0.011514 0.016684 0.001728
0.626105 0.000185 0.000621 0.000541 0.001178 0.000294 0.000394 0.000206 0.002078 0.002911 0.001497 0.000229 0.000214 0.000725 0.013591 0.000093 0.021307 0.000216 0.000305 0.202891 0.014872 0.045197 0.000112 0.000286 0.003359 0.000510 0.003775 0.004852 0.000228 0.033633 0.015436 0.002157
0.586125 0.001219 0.000880 0.018577 0.008818 0.032807 0.003594 0.001731 0.003814 0.012284 0.011921 0.001855 0.001237 0.001309 0.005940 0.001500 0.002388 0.004550 0.004840 0.159278 0.009813 0.065143 0.001712 0.002183 0.001584 0.001485 0.000881 0.004859 0.002569 0.010186 0.032254 0.002662
0.172921 0.006399 0.004735 0.051964 0.033053 0.041658 0.010294 0.008083 0.014451 0.045411 0.014727 0.006327 0.002863 0.005686 0.016920 0.009516 0.013589 0.013892 0.013537 0.149654 0.022967 0.163979 0.018227 0.017813 0.005708 0.006919 0.006780 0.019922 0.008584 0.035666 0.043439 0.014320
0.552440 0.000235 0.001450 0.000975 0.000495 0.000335 0.000734 0.000499 0.000717 0.004095 0.001090 0.000562 0.000147 0.000657 0.032051 0.000190 0.076666 0.000400 0.000243 0.131527 0.061536 0.021412 0.000175 0.000900 0.002355 0.000743 0.002600 0.005473 0.000661 0.086509 0.010318 0.001812
0.780451 0.000004 0.000021 0.000074 0.000004 0.000021 0.000028 0.000016 0.000036 0.000286 0.000035 0.000015 0.000002 0.000015 0.006111 0.000004 0.013386 0.000015 0.000006 0.125230 0.012014 0.006665 0.000003 0.000046 0.000123 0.000013 0.000101 0.000274 0.000011 0.054460 0.000431 0.000098
0.366032 0.016870 0.003297 0.003289 0.048110 0.000785 0.008781 0.003421 0.004512 0.032316 0.112833 0.011754 0.000484 0.002006 0.015499 0.003849 0.008146 0.001788 0.001908 0.115784 0.028306 0.018004 0.018633 0.013982 0.001549 0.019217 0.013027 0.008853 0.068627 0.013670 0.026986 0.007680
0.586251 0.003645 0.001265 0.004160 0.008589 0.013793 0.003078 0.001548 0.006036 0.030521 0.015301 0.001512 0.000481 0.001584 0.003392 0.002663 0.002138 0.004479 0.004013 0.114957 0.010432 0.081782 0.001358 0.002115 0.001424 0.004111 0.005849 0.013188 0.006126 0.010435 0.050119 0.003658
0.407402 0.001312 0.001169 0.004449 0.001247 0.002746 0.001046 0.002143 0.002919 0.049101 0.003693 0.000711 0.002685 0.002237 0.006469 0.001540 0.003227 0.020798 0.001850 0.113117 0.018281 0.267086 0.001563 0.004422 0.002580 0.002208 0.012101 0.022723 0.008821 0.012187 0.005030 0.013137
0.641003 0.001749 0.000028 0.013194 0.001892 0.000363 0.007875 0.003967 0.005390 0.023840 0.001104 0.002013 0.000344 0.000343 0.000919 0.010771 0.001602 0.008076 0.011717 0.108582 0.004389 0.030220 0.071292 0.000959 0.001614 0.004102 0.002707 0.006541 0.002564 0.008361 0.010297 0.012180
0.825180 0.000002 0.000022 0.000038 0.000001 0.000018 0.000010 0.000007 0.000023 0.000102 0.000028 0.000004 0.000004 0.000014 0.003203 0.000002 0.025488 0.000008 0.000003 0.103004 0.006796 0.004259 0.000001 0.000016 0.000137 0.000006 0.000081 0.000099 0.000005 0.030714 0.000668 0.000055
0.407402 0.001312 0.001169 0.004449 0.001247 0.002746 0.001046 0.002143 0.002919 0.049101 0.003693 0.000711 0.002685 0.002237 0.006469 0.001540 0.003227 0.020798 0.001850 0.113117 0.018281 0.267086 0.001563 0.004422 0.002580 0.002208 0.012101 0.022723 0.008821 0.012187 0.005030 0.013137
0.409649 0.001135 0.000063 0.035023 0.001506 0.002519 0.001245 0.000973 0.001397 0.076937 0.001397 0.000428 0.000620 0.002321 0.010108 0.004310 0.005042 0.012643 0.015092 0.061227 0.014205 0.212044 0.001619 0.002510 0.004255 0.001219 0.006542 0.025416 0.002117 0.024994 0.014575 0.046868
0.172921 0.006399 0.004735 0.051964 0.033053 0.041658 0.010294 0.008083 0.014451 0.045411 0.014727 0.006327 0.002863 0.005686 0.016920 0.009516 0.013589 0.013892 0.013537 0.149654 0.022967 0.163979 0.018227 0.017813 0.005708 0.006919 0.006780 0.019922 0.008584 0.035666 0.043439 0.014320
0.492043 0.007082 0.000259 0.025516 0.002928 0.007074 0.002243 0.001041 0.002184 0.023970 0.008026 0.000382 0.002366 0.007079 0.002527 0.004084 0.006234 0.058994 0.028560 0.014526 0.013864 0.140389 0.001564 0.002206 0.012556 0.004345 0.024877 0.009636 0.004987 0.013399 0.030559 0.044501
0.744732 0.000836 0.000126 0.029462 0.002041 0.001426 0.000297 0.000542 0.004600 0.005890 0.002602 0.000538 0.001304 0.000296 0.002572 0.000909 0.004552 0.000620 0.003707 0.025875 0.002767 0.139892 0.001502 0.002585 0.000576 0.000183 0.002806 0.002628 0.000326 0.006319 0.001563 0.005922
0.463576 0.006597 0.001066 0.004473 0.012904 0.011453 0.003057 0.001566 0.012075 0.018395 0.068767 0.002041 0.001462 0.002783 0.003869 0.001178 0.003697 0.002736 0.003900 0.084074 0.005032 0.137339 0.004587 0.008689 0.005374 0.003259 0.009837 0.014846 0.005228 0.011715 0.076014 0.008411
0.610812 0.000482 0.000365 0.001884 0.000756 0.004831 0.000458 0.000253 0.000822 0.007884 0.001511 0.000165 0.000910 0.000795 0.007724 0.000210 0.011141 0.000714 0.000624 0.062555 0.025227 0.135387 0.000162 0.001604 0.002292 0.000535 0.001976 0.005297 0.000744 0.075915 0.034681 0.001284
0.697205 0.001454 0.000086 0.004099 0.000360 0.000612 0.000807 0.000849 0.001524 0.028475 0.002519 0.001185 0.000479 0.000712 0.003213 0.008135 0.006304 0.002155 0.007385 0.025396 0.010934 0.133713 0.001449 0.012284 0.000735 0.000844 0.008799 0.013974 0.001221 0.010110 0.001758 0.011225
0.367874 0.004538 0.002553 0.038541 0.012270 0.070104 0.006189 0.005480 0.006318 0.033323 0.020917 0.006940 0.004695 0.003792 0.010998 0.005189 0.007897 0.007107 0.024148 0.092874 0.018000 0.122690 0.007208 0.011411 0.004290 0.004495 0.004699 0.013563 0.007195 0.022827 0.039804 0.012072
0.752149 0.001159 0.000191 0.018522 0.006973 0.001620 0.000385 0.000516 0.007017 0.005561 0.006038 0.000479 0.003476 0.000409 0.002677 0.000850 0.006916 0.000575 0.003201 0.029471 0.003730 0.118211 0.001401 0.002815 0.000856 0.000264 0.003936 0.001991 0.000668 0.009267 0.003540 0.005141
0.692213 0.001198 0.000140 0.005927 0.000716 0.000851 0.001387 0.001170 0.002658 0.023176 0.002791 0.001353 0.000785 0.000921 0.004730 0.005868 0.006848 0.003197 0.008025 0.041113 0.014538 0.117224 0.002655 0.006690 0.001064 0.001683 0.009543 0.013075 0.001811 0.011683 0.003138 0.011830
0.646394 0.001679 0.000244 0.011037 0.001613 0.014423 0.000478 0.000604 0.000460 0.004171 0.003370 0.000759 0.001158 0.001233 0.010066 0.000598 0.004479 0.001726 0.003153 0.042338 0.006851 0.115253 0.000667 0.001184 0.002788 0.004966 0.023215 0.042594 0.002297 0.014574 0.028932 0.006697
0.428850 0.003648 0.001546 0.032882 0.008522 0.023806 0.006529 0.003191 0.005013 0.065883 0.005136 0.003946 0.003092 0.006013 0.009326 0.005885 0.008430 0.009682 0.087526 0.060390 0.011426 0.112075 0.007898 0.014091 0.004587 0.003364 0.001937 0.006438 0.004057 0.025253 0.016607 0.012968
0.438822 0.013684 0.000059 0.005683 0.011093 0.045698 0.001362 0.000756 0.009243 0.003616 0.066571 0.000724 0.000764 0.000321 0.000424 0.026661 0.000974 0.002262 0.006045 0.001549 0.001393 0.002954 0.004702 0.001158 0.000308 0.001725 0.321232 0.010778 0.006543 0.001004 0.004727 0.007167
0.410096 0.011351 0.000509 0.003572 0.006154 0.002602 0.002199 0.002773 0.010685 0.078151 0.050870 0.002448 0.001368 0.007259 0.012366 0.010858 0.005118 0.054595 0.007974 0.025913 0.018867 0.054011 0.002354 0.008532 0.002392 0.004601 0.108131 0.035821 0.015281 0.011724 0.008994 0.022430
0.230497 0.000024 0.000001 0.001085 0.000006 0.000737 0.000029 0.000037 0.000080 0.001304 0.000007 0.000079 0.000001 0.000002 0.000816 0.000577 0.000110 0.000008 0.000100 0.004796 0.000133 0.000406 0.000026 0.000051 0.000020 0.000050 0.000127 0.757581 0.000006 0.000771 0.000187 0.000347
0.418935 0.000042 0.000043 0.000040 0.000015 0.000043 0.000023 0.000018 0.000023 0.002390 0.000004 0.000052 0.000001 0.000014 0.000882 0.000522 0.000780 0.000013 0.000023 0.000576 0.000161 0.000105 0.000015 0.000027 0.000086 0.000048 0.000035 0.574697 0.000007 0.000194 0.000102 0.000086
0.510166 0.001309 0.000073 0.036921 0.004025 0.000718 0.007543 0.001388 0.001132 0.108701 0.000123 0.002519 0.000049 0.001142 0.007931 0.030190 0.008066 0.003014 0.001330 0.032596 0.003499 0.012500 0.011111 0.005618 0.001213 0.001836 0.000429 0.183538 0.000585 0.013444 0.001710 0.005581
0.645972 0.003897 0.000756 0.009563 0.002697 0.002385 0.005322 0.002263 0.011367 0.032951 0.001114 0.007041 0.000524 0.001657 0.004086 0.003380 0.004146 0.005052 0.000940 0.026179 0.002652 0.015606 0.007394 0.004396 0.001058 0.001939 0.000710 0.183300 0.000609 0.003639 0.004679 0.002729
0.782498 0.000197 0.000022 0.001562 0.000009 0.001459 0.000156 0.000071 0.000323 0.004639 0.000171 0.000044 0.000036 0.000128 0.001200 0.001040 0.001204 0.000750 0.001087 0.007249 0.004434 0.010444 0.000049 0.000332 0.000887 0.000673 0.000668 0.164693 0.000032 0.005684 0.006737 0.001521
0.712968 0.000444 0.000066 0.003456 0.000044 0.000419 0.000769 0.000274 0.000520 0.019291 0.000207 0.000255 0.000030 0.000345 0.003232 0.008589 0.003099 0.001419 0.003281 0.013876 0.010371 0.026255 0.000206 0.001568 0.001068 0.001717 0.000780 0.163730 0.000093 0.014752 0.003218 0.003660
0.638254 0.004212 0.000867 0.031490 0.001045 0.028118 0.001681 0.000914 0.005332 0.009310 0.004250 0.001141 0.003232 0.002212 0.006063 0.003901 0.009960 0.003591 0.007617 0.008372 0.006739 0.013784 0.000703 0.004172 0.004720 0.002514 0.003883 0.153839 0.000763 0.010903 0.017581 0.008836
0.738470 0.000629 0.000120 0.001216 0.000150 0.000203 0.000701 0.000531 0.000233 0.026890 0.000223 0.001403 0.000013 0.000172 0.003898 0.036813 0.004695 0.000220 0.000583 0.012737 0.003901 0.003234 0.002367 0.000307 0.000807 0.000641 0.000978 0.153158 0.000414 0.002604 0.000668 0.001019
0.360141 0.004006 0.000552 0.074628 0.016801 0.008673 0.009303 0.007445 0.005788 0.033753 0.005273 0.005301 0.001977 0.003560 0.007316 0.013414 0.012687 0.016234 0.008106 0.059635 0.013668 0.042333 0.044310 0.008603 0.004779 0.011801 0.018320 0.128889 0.008180 0.023985 0.012325 0.028209
0.514876 0.004497 0.000213 0.001781 0.003686 0.001264 0.001642 0.001577 0.008709 0.097806 0.007054 0.002126 0.000212 0.001609 0.010296 0.013907 0.004762 0.016959 0.005294 0.033512 0.009189 0.066457 0.004130 0.005265 0.001056 0.001730 0.035215 0.106972 0.004500 0.010983 0.003891 0.018830
0.336594 0.000000 0.000000 0.000000 0.000000 0.000002 0.000000 0.000000 0.000000 0.000000 0.000018 0.000000 0.000000 0.000000 0.000001 0.000000 0.000000 0.000000 0.000000 0.000107 0.000002 0.000640 0.000000 0.000000 0.000001 0.000055 0.000006 0.000002 0.000001 0.000010 0.662561 0.000000
0.544363 0.000131 0.000010 0.000102 0.000074 0.001111 0.000048 0.000018 0.000055 0.000209 0.001745 0.000005 0.000041 0.000161 0.000560 0.000015 0.001265 0.000245 0.000054 0.014432 0.000884 0.008803 0.000003 0.000040 0.001718 0.001284 0.000688 0.000930 0.000088 0.001630 0.418972 0.000316
0.580158 0.000097 0.000012 0.000092 0.000111 0.000450 0.000055 0.000020 0.000063 0.000231 0.002072 0.000008 0.000034 0.000117 0.000853 0.000015 0.001513 0.000191 0.000066 0.029312 0.001229 0.024088 0.000005 0.000036 0.001438 0.001651 0.000896 0.001189 0.000188 0.002512 0.350896 0.000404
0.631186 0.000012 0.000015 0.000219 0.000389 0.000205 0.000025 0.000005 0.000008 0.000023 0.000301 0.000004 0.000003 0.000017 0.000426 0.000002 0.000666 0.000089 0.000006 0.002551 0.000344 0.005559 0.000001 0.000006 0.000353 0.005910 0.000623 0.000182 0.000060 0.000790 0.349962 0.000059
0.529534 0.000432 0.000105 0.002419 0.000949 0.014409 0.001248 0.000266 0.000238 0.010001 0.002452 0.000135 0.000200 0.002214 0.003813 0.001478 0.014719 0.004689 0.003889 0.027785 0.019333 0.036546 0.000133 0.000802 0.002026 0.003193 0.001209 0.003362 0.001450 0.018948 0.289387 0.002633
0.594998 0.010490 0.000073 0.000349 0.000174 0.001548 0.000451 0.000158 0.000303 0.001221 0.003015 0.000061 0.000143 0.001941 0.000659 0.000132 0.003313 0.007309 0.006016 0.004453 0.001185 0.051017 0.000090 0.000150 0.017340 0.001103 0.001493 0.001454 0.000266 0.005847 0.281042 0.002207
0.713485 0.000001 0.000000 0.000008 0.000019 0.000049 0.000001 0.000000 0.000001 0.000004 0.000083 0.000000 0.000001 0.000001 0.000049 0.000000 0.000052 0.000004 0.000000 0.001785 0.000048 0.003046 0.000000 0.000000 0.000036 0.000837 0.000067 0.000022 0.000012 0.000100 0.280280 0.000006
0.651154 0.001509 0.000077 0.000615 0.000178 0.001750 0.000453 0.000102 0.000399 0.000970 0.001418 0.000054 0.000304 0.001016 0.001185 0.000169 0.007190 0.002468 0.000906 0.010681 0.002452 0.014549 0.000017 0.000216 0.007270 0.002208 0.000975 0.004536 0.000116 0.006179 0.277487 0.001398
0.724854 0.000000 0.000000 0.000000 0.000000 0.000001 0.000000 0.000000 0.000000 0.000000 0.000012 0.000000 0.000000 0.000000 0.000000 0.000000 0.000000 0.000000 0.000000 0.000023 0.000000 0.000481 0.000000 0.000000 0.000000 0.000002 0.000000 0.000000 0.000000 0.000005 0.274619 0.000000
0.735152 0.000000 0.000000 0.000001 0.000009 0.000006 0.000000 0.000000 0.000000 0.000000 0.000018 0.000000 0.000000 0.000000 0.000008 0.000000 0.000006 0.000001 0.000000 0.000388 0.000009 0.000920 0.000000 0.000000 0.000005 0.000236 0.000017 0.000016 0.000001 0.000035 0.263169 0.000002
0.732323 0.000001 0.000000 0.000014 0.000041 0.000025 0.000001 0.000000 0.000001 0.000002 0.000060 0.000000 0.000000 0.000001 0.000071 0.000000 0.000061 0.000005 0.000000 0.001407 0.000039 0.002857 0.000000 0.000000 0.000039 0.000459 0.000059 0.000026 0.000004 0.000165 0.262330 0.000008
0.732831 0.000082 0.000168 0.002545 0.001314 0.000550 0.000201 0.000050 0.000042 0.000188 0.000761 0.000053 0.000015 0.000144 0.001671 0.000029 0.004701 0.000466 0.000067 0.003487 0.002129 0.007927 0.000013 0.000075 0.000994 0.017783 0.002136 0.001246 0.000195 0.003288 0.214533 0.000316
0.478196 0.001393 0.000716 0.013083 0.005139 0.015080 0.001877 0.000905 0.000442 0.012433 0.008543 0.000584 0.002135 0.009505 0.015179 0.001135 0.041836 0.003926 0.004967 0.031808 0.020675 0.050308 0.000423 0.005965 0.008442 0.007028 0.003926 0.007782 0.006777 0.040654 0.192369 0.006770
0.657191 0.009281 0.000123 0.002780 0.000082 0.004345 0.001342 0.000339 0.000409 0.002483 0.000998 0.000100 0.000226 0.002224 0.001011 0.000524 0.006716 0.016476 0.020577 0.003330 0.002089 0.031106 0.000129 0.000248 0.029262 0.000819 0.000752 0.004124 0.000138 0.006232 0.191746 0.002798
0.799798 0.000020 0.000003 0.000242 0.000082 0.000193 0.000015 0.000006 0.000015 0.000037 0.000345 0.000003 0.000009 0.000016 0.000361 0.000005 0.000321 0.000039 0.000014 0.001805 0.000482 0.005794 0.000001 0.000020 0.000346 0.002455 0.000693 0.000525 0.000040 0.000836 0.185366 0.000109
0.631114 0.075881 0.000298 0.000353 0.002461 0.010089 0.001321 0.000361 0.003798 0.002179 0.033867 0.000229 0.001305 0.003748 0.000368 0.000465 0.002456 0.006380 0.006908 0.005310 0.000927 0.024877 0.000234 0.000492 0.013735 0.001913 0.004557 0.001712 0.000859 0.002742 0.156919 0.002144
0.719118 0.000222 0.000093 0.001373 0.001684 0.001278 0.000122 0.000059 0.000183 0.001762 0.004430 0.000055 0.000187 0.000297 0.003488 0.000054 0.001789 0.000375 0.000190 0.054116 0.004281 0.053786 0.000067 0.000289 0.001981 0.002499 0.002814 0.002712 0.001444 0.006918 0.131431 0.000903
0.304933 0.002803 0.001856 0.022139 0.045606 0.013005 0.006176 0.002323 0.001549 0.024593 0.011290 0.002327 0.002192 0.016520 0.028183 0.004134 0.056096 0.007680 0.016877 0.036641 0.033457 0.070100 0.002734 0.017754 0.012748 0.015935 0.005267 0.014279 0.014578 0.069056 0.122843 0.014329
0.856987 0.001335 0.000007 0.000282 0.000100 0.000850 0.000124 0.000034 0.000212 0.000424 0.001895 0.000016 0.000031 0.000199 0.000509 0.000058 0.001228 0.000368 0.000090 0.005359 0.000533 0.002667 0.000002 0.000042 0.002223 0.001018 0.000680 0.001681 0.000033 0.001006 0.119730 0.000279
0.783421 0.000123 0.000027 0.000992 0.000558 0.001389 0.000054 0.000028 0.000086 0.000679 0.002487 0.000023 0.000122 0.000102 0.002878 0.000035 0.000966 0.000154 0.000073 0.037836 0.002271 0.038975 0.000024 0.000151 0.000967 0.001213 0.001237 0.001030 0.000605 0.004091 0.116839 0.000566
0.624353 0.088050 0.000097 0.002031 0.000167 0.006911 0.001319 0.000408 0.000442 0.001622 0.002031 0.000131 0.000615 0.004571 0.000682 0.000452 0.002983 0.017714 0.046643 0.001542 0.001481 0.016877 0.000145 0.000109 0.060385 0.001005 0.001702 0.000740 0.000375 0.003255 0.107951 0.003212
0.752700 0.003777 0.007202 0.015558 0.006890 0.002307 0.001283 0.000153 0.000346 0.000291 0.011492 0.000070 0.000260 0.007697 0.000330 0.000310 0.000440 0.015641 0.000716 0.000928 0.002386 0.002925 0.000040 0.000294 0.001611 0.034068 0.022129 0.000151 0.004385 0.000691 0.102667 0.000260
