0.648716 0.000156 0.000097 0.293700 0.001289 0.022790 0.000055 0.000056 0.000087 0.000737 0.000313 0.000059 0.000390 0.000211 0.003307 0.000087 0.001033 0.000114 0.000076 0.004257 0.000947 0.011741 0.000077 0.000590 0.000298 0.000120 0.000225 0.002132 0.000112 0.001874 0.003376 0.000980
0.285095 0.000274 0.028615 0.178322 0.400187 0.001834 0.000270 0.000196 0.000223 0.000966 0.002306 0.000098 0.001848 0.003059 0.029823 0.000113 0.010359 0.000574 0.001434 0.001517 0.006189 0.009771 0.000090 0.000583 0.004861 0.000841 0.000932 0.000828 0.000767 0.012556 0.014761 0.000710
0.763820 0.001642 0.009580 0.127858 0.017219 0.005331 0.002150 0.000695 0.000802 0.003983 0.003878 0.000614 0.001956 0.004144 0.006135 0.000682 0.007040 0.002381 0.000724 0.002510 0.003974 0.002149 0.001451 0.002500 0.001491 0.002266 0.000532 0.003081 0.001295 0.006250 0.010973 0.000894
0.798630 0.000306 0.000124 0.124944 0.000578 0.019202 0.000076 0.000067 0.000126 0.001020 0.000708 0.000069 0.000536 0.000400 0.003722 0.000107 0.001605 0.000219 0.000092 0.007495 0.001197 0.022841 0.000094 0.000452 0.000647 0.000214 0.000451 0.001908 0.000191 0.002676 0.008123 0.001182
0.659351 0.001677 0.001754 0.108287 0.008612 0.002800 0.001187 0.000850 0.000754 0.026327 0.001179 0.001535 0.001423 0.002481 0.006669 0.001148 0.012555 0.003405 0.000615 0.014891 0.010420 0.036037 0.003436 0.045853 0.000785 0.000499 0.000831 0.015314 0.001312 0.018148 0.005799 0.004063
0.660722 0.000997 0.004336 0.103590 0.011537 0.031837 0.001854 0.000823 0.003541 0.005462 0.001406 0.000793 0.009122 0.010209 0.005402 0.000780 0.010504 0.004966 0.013566 0.013432 0.003445 0.030029 0.000712 0.003141 0.013261 0.000970 0.000919 0.003471 0.000602 0.010341 0.024450 0.013783
0.009185 0.000020 0.005982 0.009412 0.971088 0.000052 0.000051 0.000023 0.000076 0.000065 0.000162 0.000013 0.000031 0.000193 0.001677 0.000024 0.000344 0.000044 0.000065 0.000023 0.000250 0.000108 0.000021 0.000055 0.000076 0.000092 0.000038 0.000063 0.000060 0.000242 0.000424 0.000043
0.595097 0.000211 0.000647 0.000048 0.392026 0.000062 0.000273 0.000158 0.000704 0.000577 0.000504 0.000137 0.000005 0.000066 0.003908 0.000198 0.000684 0.000061 0.000142 0.000467 0.000580 0.000272 0.000276 0.000328 0.000056 0.000531 0.000403 0.000183 0.000930 0.000240 0.000160 0.000068
0.592213 0.003431 0.001530 0.001344 0.318527 0.001745 0.001872 0.001444 0.001886 0.006784 0.005004 0.001417 0.000240 0.000391 0.006486 0.000792 0.002833 0.001437 0.000643 0.009383 0.003366 0.003024 0.004960 0.001187 0.000820 0.003971 0.002651 0.002409 0.009636 0.002353 0.005503 0.000717
0.548956 0.008797 0.002494 0.000237 0.171644 0.000123 0.021882 0.005765 0.019439 0.044885 0.002965 0.009926 0.000020 0.001022 0.021596 0.032684 0.034038 0.000827 0.007327 0.019582 0.009855 0.008914 0.005843 0.004740 0.001110 0.001598 0.001287 0.002624 0.001956 0.004239 0.001595 0.002033
0.591291 0.004955 0.012726 0.081308 0.011593 0.181630 0.001041 0.000463 0.005437 0.002987 0.017539 0.000358 0.038427 0.005966 0.001046 0.000595 0.001680 0.003479 0.000614 0.003775 0.001246 0.005763 0.001197 0.001884 0.001107 0.002316 0.003362 0.002711 0.003796 0.001853 0.006731 0.001122
0.571531 0.010612 0.000633 0.002293 0.001302 0.000621 0.136739 0.005932 0.002463 0.016339 0.004454 0.041102 0.000038 0.001165 0.002226 0.024119 0.009713 0.003909 0.001468 0.035481 0.032762 0.025253 0.008858 0.003636 0.000652 0.007720 0.005718 0.008095 0.001885 0.013646 0.017555 0.002080
0.768709 0.003787 0.000099 0.000605 0.000261 0.000182 0.107342 0.002283 0.001095 0.007078 0.001769 0.020499 0.000008 0.000303 0.000394 0.021209 0.002382 0.002338 0.000511 0.018805 0.007758 0.009935 0.002708 0.000994 0.000155 0.002013 0.003740 0.002802 0.000571 0.004146 0.004787 0.000733
0.409963 0.001232 0.000034 0.000045 0.000060 0.000024 0.001425 0.000110 0.000276 0.568255 0.000092 0.000284 0.000003 0.000526 0.000347 0.002615 0.000347 0.001838 0.000055 0.003595 0.000337 0.005284 0.000166 0.000925 0.000065 0.000084 0.000031 0.001269 0.000079 0.000419 0.000054 0.000160
0.244263 0.010700 0.000517 0.002321 0.038404 0.000941 0.017137 0.006985 0.022677 0.256072 0.004038 0.005858 0.000162 0.000893 0.008182 0.035653 0.019396 0.003439 0.048467 0.094521 0.019622 0.091233 0.009116 0.008282 0.002068 0.002435 0.001367 0.010028 0.001301 0.020808 0.003182 0.009928
0.370868 0.009827 0.000826 0.001196 0.065209 0.000381 0.016308 0.009083 0.022276 0.216715 0.003695 0.013347 0.000041 0.000425 0.001942 0.079092 0.022965 0.002317 0.033999 0.038517 0.008586 0.035001 0.019018 0.004741 0.000641 0.001591 0.001326 0.005937 0.001048 0.007951 0.001137 0.003996
0.312549 0.010412 0.000532 0.003503 0.047597 0.001307 0.015909 0.007386 0.029525 0.185407 0.006272 0.004964 0.000225 0.000929 0.007770 0.025047 0.017348 0.003593 0.039981 0.097648 0.021242 0.096626 0.006207 0.007049 0.002263 0.002328 0.001941 0.008645 0.001461 0.019970 0.004124 0.010241
0.713425 0.001569 0.000253 0.002128 0.005625 0.000394 0.002736 0.000481 0.003186 0.130101 0.000554 0.001179 0.000068 0.000572 0.003127 0.003101 0.004969 0.002088 0.005123 0.026919 0.004176 0.059364 0.001374 0.002990 0.000648 0.000453 0.000288 0.007809 0.000260 0.009366 0.003391 0.002282
0.271225 0.008281 0.001420 0.002201 0.005517 0.000766 0.016502 0.004282 0.005442 0.111259 0.005336 0.013978 0.000250 0.003069 0.009761 0.014792 0.032014 0.004285 0.003758 0.095950 0.102469 0.060875 0.013652 0.009753 0.002116 0.006284 0.004589 0.052177 0.004482 0.060128 0.067409 0.005978
0.120563 0.006674 0.001174 0.002996 0.028334 0.002089 0.005431 0.004106 0.005759 0.103993 0.015743 0.004958 0.000702 0.002455 0.015585 0.002521 0.018450 0.002594 0.001993 0.236703 0.049768 0.097860 0.072756 0.017525 0.002318 0.005024 0.006246 0.035939 0.012718 0.059278 0.050063 0.007684
0.754231 0.000030 0.000097 0.000005 0.007254 0.000006 0.000244 0.000046 0.000124 0.000599 0.000050 0.000031 0.000000 0.000050 0.227702 0.000070 0.004279 0.000006 0.000024 0.002106 0.000878 0.000612 0.000013 0.000251 0.000082 0.000029 0.000018 0.000159 0.000038 0.000792 0.000113 0.000061
0.862036 0.000000 0.000010 0.000001 0.000614 0.000000 0.000006 0.000001 0.000001 0.000009 0.000007 0.000000 0.000000 0.000002 0.129345 0.000000 0.006992 0.000000 0.000000 0.000315 0.000262 0.000070 0.000000 0.000015 0.000007 0.000001 0.000001 0.000004 0.000002 0.000270 0.000024 0.000002
0.893855 0.000002 0.000008 0.000197 0.002479 0.000000 0.000003 0.000002 0.000001 0.000082 0.000028 0.000001 0.000000 0.000004 0.102064 0.000001 0.000391 0.000001 0.000001 0.000150 0.000165 0.000108 0.000000 0.000014 0.000007 0.000004 0.000007 0.000040 0.000001 0.000268 0.000108 0.000009
0.076156 0.008380 0.003155 0.070071 0.031590 0.061567 0.007841 0.003262 0.003625 0.025886 0.005564 0.001566 0.008006 0.033274 0.016126 0.007254 0.024523 0.016773 0.211212 0.011056 0.018327 0.085329 0.001510 0.010121 0.037753 0.003358 0.001955 0.012896 0.003348 0.044009 0.115954 0.038553
0.529810 0.000089 0.004404 0.000759 0.000808 0.000298 0.000213 0.000094 0.000559 0.004193 0.000373 0.000097 0.000392 0.001918 0.035450 0.000062 0.006840 0.000200 0.000995 0.271945 0.006693 0.106107 0.000061 0.000314 0.008080 0.000225 0.000384 0.000622 0.000112 0.012699 0.002903 0.002301
0.120563 0.006674 0.001174 0.002996 0.028334 0.002089 0.005431 0.004106 0.005759 0.103993 0.015743 0.004958 0.000702 0.002455 0.015585 0.002521 0.018450 0.002594 0.001993 0.236703 0.049768 0.097860 0.072756 0.017525 0.002318 0.005024 0.006246 0.035939 0.012718 0.059278 0.050063 0.007684
0.160934 0.011399 0.001278 0.003561 0.014831 0.001356 0.015693 0.005215 0.004228 0.097605 0.008773 0.013693 0.000405 0.003304 0.012855 0.004411 0.020190 0.003206 0.002292 0.182694 0.056752 0.092260 0.100249 0.013591 0.002148 0.006028 0.005182 0.035308 0.008052 0.057725 0.048844 0.005936
0.494714 0.005569 0.000393 0.007121 0.005110 0.004679 0.008006 0.004372 0.009319 0.043185 0.006932 0.005858 0.000758 0.001036 0.002975 0.012648 0.019363 0.002705 0.008426 0.178504 0.018997 0.092324 0.013012 0.003724 0.001693 0.003024 0.002892 0.011246 0.002716 0.018497 0.005277 0.004927
0.556354 0.001227 0.000222 0.005784 0.000533 0.002226 0.006166 0.000631 0.002151 0.017871 0.000698 0.002790 0.000426 0.001896 0.002542 0.000800 0.006992 0.004534 0.000853 0.162227 0.009937 0.069234 0.000746 0.002089 0.001462 0.003187 0.000653 0.064872 0.000525 0.011893 0.055442 0.003038
0.188826 0.004851 0.005756 0.019664 0.032928 0.013343 0.010607 0.005659 0.004751 0.062215 0.015269 0.007666 0.001961 0.008948 0.051999 0.004244 0.022995 0.005960 0.010715 0.144826 0.024077 0.133138 0.012491 0.021736 0.008368 0.007230 0.004237 0.028194 0.012599 0.047054 0.064287 0.013406
0.384848 0.017667 0.000511 0.005503 0.002117 0.001061 0.065370 0.005443 0.002387 0.021104 0.009817 0.041797 0.000244 0.002955 0.005839 0.007755 0.016888 0.006966 0.001729 0.128412 0.065128 0.050772 0.028270 0.006311 0.001492 0.011722 0.012687 0.020649 0.005207 0.033681 0.032011 0.003658
0.632711 0.001156 0.001013 0.003858 0.000764 0.001552 0.001238 0.001552 0.001900 0.028722 0.013056 0.001468 0.000521 0.001205 0.013322 0.001351 0.014165 0.001211 0.001133 0.122209 0.028609 0.068138 0.001682 0.003859 0.001955 0.001340 0.002955 0.010798 0.003456 0.016959 0.012749 0.003395
0.562969 0.000607 0.003067 0.007642 0.015117 0.011546 0.000835 0.000965 0.001685 0.027373 0.008185 0.000605 0.001684 0.001671 0.013603 0.000473 0.003604 0.002225 0.004470 0.115317 0.007410 0.163925 0.000893 0.003734 0.001847 0.001060 0.000838 0.005618 0.003564 0.015845 0.009032 0.002592
0.256177 0.032932 0.001403 0.005881 0.005620 0.002361 0.088369 0.009224 0.006197 0.035809 0.009574 0.023275 0.000880 0.008528 0.007493 0.012916 0.021017 0.009014 0.004859 0.107009 0.051580 0.071873 0.024029 0.008054 0.003547 0.030391 0.010549 0.029235 0.005657 0.037793 0.071622 0.007133
0.867645 0.000009 0.000262 0.001068 0.000193 0.000048 0.000042 0.000019 0.000095 0.000714 0.000044 0.000021 0.000076 0.000115 0.009743 0.000013 0.001211 0.000023 0.000220 0.102711 0.001162 0.009844 0.000014 0.000109 0.000875 0.000037 0.000070 0.000146 0.000015 0.002323 0.000224 0.000911
0.354045 0.026058 0.001795 0.007141 0.004823 0.001801 0.076506 0.007817 0.005650 0.028312 0.016475 0.054354 0.000384 0.004486 0.007870 0.008915 0.020001 0.008686 0.003118 0.102002 0.055224 0.040597 0.030862 0.007992 0.002344 0.012042 0.011221 0.019467 0.006589 0.033197 0.035821 0.004405
0.271225 0.008281 0.001420 0.002201 0.005517 0.000766 0.016502 0.004282 0.005442 0.111259 0.005336 0.013978 0.000250 0.003069 0.009761 0.014792 0.032014 0.004285 0.003758 0.095950 0.102469 0.060875 0.013652 0.009753 0.002116 0.006284 0.004589 0.052177 0.004482 0.060128 0.067409 0.005978
0.475130 0.001128 0.000604 0.028237 0.001746 0.001749 0.000731 0.000376 0.000726 0.024064 0.002400 0.000663 0.000195 0.000908 0.008862 0.005029 0.019023 0.001179 0.001137 0.026717 0.016118 0.314598 0.000873 0.004132 0.000670 0.000641 0.003446 0.021638 0.001834 0.021966 0.010193 0.003289
0.474088 0.000115 0.003792 0.001435 0.000534 0.000475 0.000179 0.000052 0.000507 0.002570 0.000233 0.000065 0.000499 0.003790 0.011673 0.000038 0.005524 0.000233 0.000884 0.167268 0.003061 0.296058 0.000044 0.000300 0.010896 0.000126 0.000151 0.000594 0.000054 0.008523 0.004574 0.001663
0.751923 0.000184 0.000022 0.000160 0.000006 0.000112 0.000049 0.000011 0.000321 0.000249 0.000218 0.000004 0.000044 0.000292 0.000164 0.000009 0.000101 0.000180 0.000070 0.011048 0.000086 0.230995 0.000005 0.000015 0.001416 0.000015 0.000024 0.000117 0.000005 0.000383 0.001659 0.000112
0.582521 0.000258 0.001294 0.004873 0.008062 0.003834 0.000448 0.000413 0.000870 0.026259 0.002924 0.000323 0.000468 0.000846 0.011742 0.000215 0.002672 0.001599 0.001923 0.091632 0.006244 0.215968 0.000524 0.002403 0.000849 0.000543 0.000307 0.004363 0.001405 0.015628 0.007000 0.001589
0.766318 0.000245 0.000004 0.000130 0.000006 0.000040 0.000318 0.000028 0.000089 0.001284 0.000062 0.000250 0.000010 0.000061 0.000085 0.000154 0.000732 0.000309 0.000081 0.021329 0.001273 0.201039 0.000189 0.000297 0.000078 0.000361 0.000572 0.001583 0.000087 0.002511 0.000357 0.000117
0.710612 0.000101 0.000127 0.002759 0.001120 0.000782 0.000194 0.000242 0.000674 0.018906 0.002326 0.000236 0.000143 0.000268 0.005669 0.000183 0.001701 0.000715 0.000793 0.056704 0.006034 0.162128 0.000273 0.001969 0.000422 0.000230 0.000556 0.006277 0.000396 0.011096 0.004486 0.001878
0.698811 0.000413 0.001034 0.019474 0.002242 0.001514 0.001602 0.000590 0.000928 0.007556 0.003630 0.000510 0.000280 0.001406 0.007353 0.000951 0.008291 0.002304 0.000502 0.038652 0.010453 0.150710 0.000527 0.002056 0.000873 0.003176 0.003544 0.003097 0.002051 0.010948 0.012730 0.001789
0.188826 0.004851 0.005756 0.019664 0.032928 0.013343 0.010607 0.005659 0.004751 0.062215 0.015269 0.007666 0.001961 0.008948 0.051999 0.004244 0.022995 0.005960 0.010715 0.144826 0.024077 0.133138 0.012491 0.021736 0.008368 0.007230 0.004237 0.028194 0.012599 0.047054 0.064287 0.013406
0.765232 0.000122 0.000748 0.006880 0.003834 0.005746 0.000221 0.000218 0.000457 0.010941 0.001814 0.000197 0.000392 0.000329 0.003753 0.000145 0.001687 0.000505 0.000966 0.053408 0.003553 0.122529 0.000288 0.001294 0.000402 0.000202 0.000336 0.003199 0.000649 0.004733 0.004063 0.001158
0.566834 0.000364 0.007488 0.009643 0.005406 0.002011 0.000921 0.000419 0.001618 0.007707 0.001035 0.000388 0.002038 0.005544 0.061096 0.000286 0.022168 0.001032 0.002703 0.084086 0.022368 0.116323 0.000296 0.002378 0.013993 0.000910 0.001581 0.001728 0.000853 0.041535 0.009565 0.005683
0.760726 0.001080 0.000754 0.004046 0.003457 0.000388 0.000873 0.000288 0.000397 0.014105 0.000457 0.001035 0.000302 0.001556 0.006580 0.001016 0.013046 0.001178 0.000564 0.018792 0.012320 0.113774 0.001696 0.008614 0.000623 0.000522 0.001135 0.007180 0.001211 0.016734 0.004089 0.001462
0.656115 0.001996 0.000173 0.004997 0.000492 0.001457 0.007911 0.001544 0.002415 0.019900 0.001852 0.001834 0.000368 0.001378 0.001657 0.004093 0.006077 0.003774 0.001944 0.084537 0.019463 0.103076 0.003855 0.001372 0.000857 0.001768 0.001845 0.012182 0.000874 0.025575 0.019865 0.004754
0.160934 0.011399 0.001278 0.003561 0.014831 0.001356 0.015693 0.005215 0.004228 0.097605 0.008773 0.013693 0.000405 0.003304 0.012855 0.004411 0.020190 0.003206 0.002292 0.182694 0.056752 0.092260 0.100249 0.013591 0.002148 0.006028 0.005182 0.035308 0.008052 0.057725 0.048844 0.005936
0.406254 0.005253 0.000789 0.026061 0.004526 0.007091 0.002362 0.001316 0.001467 0.061521 0.003785 0.005011 0.006527 0.005333 0.006772 0.007658 0.021095 0.003294 0.003000 0.010813 0.007368 0.019342 0.002151 0.281206 0.003420 0.000563 0.001946 0.033103 0.001753 0.039984 0.008393 0.010842
0.506657 0.002351 0.000221 0.015198 0.003809 0.002023 0.001541 0.000796 0.000909 0.062899 0.002997 0.003704 0.002173 0.002614 0.003782 0.004455 0.014440 0.003046 0.001389 0.028235 0.010361 0.027069 0.002091 0.195852 0.001328 0.000435 0.001107 0.021556 0.001660 0.057948 0.011910 0.005445
0.371227 0.003575 0.000348 0.039267 0.007937 0.006008 0.001601 0.001513 0.002634 0.038669 0.008935 0.003428 0.032131 0.005454 0.004211 0.003653 0.016029 0.003503 0.006733 0.040080 0.008838 0.058427 0.001604 0.166206 0.004399 0.001146 0.001358 0.016132 0.001903 0.118273 0.016669 0.008108
0.443569 0.006401 0.000657 0.042685 0.007887 0.006809 0.002328 0.002057 0.002421 0.048091 0.006330 0.005046 0.019811 0.008032 0.004392 0.004225 0.011676 0.004744 0.005804 0.026797 0.007873 0.062744 0.002604 0.157574 0.004722 0.001149 0.001997 0.021355 0.002297 0.053319 0.013000 0.011603
0.432198 0.003945 0.000345 0.034198 0.007285 0.004918 0.001373 0.001502 0.002108 0.050302 0.006613 0.003656 0.017044 0.005963 0.003491 0.002922 0.010863 0.003709 0.005899 0.037461 0.007092 0.071633 0.001458 0.157325 0.003561 0.000726 0.001134 0.016608 0.001681 0.079816 0.016080 0.007091
0.501013 0.004207 0.000435 0.057473 0.006703 0.006789 0.002044 0.001700 0.002528 0.030694 0.005397 0.003747 0.025815 0.005863 0.003188 0.003885 0.010938 0.004330 0.004588 0.026303 0.008481 0.047610 0.002472 0.136606 0.003759 0.001253 0.001566 0.015759 0.001687 0.051991 0.011399 0.009777
0.434447 0.004656 0.001028 0.047985 0.008790 0.003142 0.001409 0.001433 0.001280 0.070870 0.004606 0.002889 0.006103 0.007930 0.008108 0.001660 0.009960 0.004684 0.002624 0.029494 0.008275 0.098514 0.002024 0.131605 0.003237 0.000424 0.000974 0.019807 0.002059 0.057987 0.015062 0.006933
0.396059 0.006114 0.002768 0.021213 0.003178 0.002728 0.001175 0.000427 0.000723 0.081700 0.000732 0.002048 0.000179 0.003548 0.031419 0.017265 0.045380 0.002024 0.002163 0.010435 0.016744 0.050514 0.001460 0.014949 0.001690 0.000725 0.003125 0.221349 0.001810 0.040143 0.010123 0.006090
0.586567 0.005610 0.001959 0.005971 0.000461 0.005201 0.001037 0.000575 0.000911 0.067086 0.000754 0.000985 0.000343 0.004772 0.025200 0.004754 0.029819 0.001204 0.001386 0.024557 0.011290 0.033138 0.000454 0.004375 0.005664 0.000686 0.002202 0.123364 0.000843 0.033125 0.011575 0.004133
0.666399 0.005007 0.002534 0.012521 0.000982 0.009032 0.001463 0.001059 0.001074 0.028535 0.000930 0.002809 0.000106 0.001180 0.009125 0.008325 0.016845 0.001095 0.000911 0.038534 0.007475 0.035098 0.000813 0.006201 0.001395 0.001206 0.001319 0.115517 0.001074 0.013955 0.004509 0.002972
0.620278 0.001001 0.000108 0.036542 0.009375 0.023291 0.003482 0.001027 0.001348 0.059816 0.001518 0.001479 0.000150 0.001125 0.007342 0.010775 0.009609 0.004534 0.002237 0.029123 0.010022 0.020608 0.001992 0.003158 0.002014 0.001861 0.003395 0.107325 0.000801 0.008909 0.007887 0.007870
0.371227 0.003575 0.000348 0.039267 0.007937 0.006008 0.001601 0.001513 0.002634 0.038669 0.008935 0.003428 0.032131 0.005454 0.004211 0.003653 0.016029 0.003503 0.006733 0.040080 0.008838 0.058427 0.001604 0.166206 0.004399 0.001146 0.001358 0.016132 0.001903 0.118273 0.016669 0.008108
0.076156 0.008380 0.003155 0.070071 0.031590 0.061567 0.007841 0.003262 0.003625 0.025886 0.005564 0.001566 0.008006 0.033274 0.016126 0.007254 0.024523 0.016773 0.211212 0.011056 0.018327 0.085329 0.001510 0.010121 0.037753 0.003358 0.001955 0.012896 0.003348 0.044009 0.115954 0.038553
