cabinet 178 228 257 408 0.135678 0.637490
bed 361 345 590 436 0.111545 0.409383
chair 137 204 424 438 0.956434 0.038547
chair 113 224 189 439 0.30165 0.675734
chair 469 422 481 428 0.150595 0.688431
chair 129 325 185 389 0.137776 0.559326
chair 1 372 39 440 0.119596 0.611832
chair 158 351 269 440 0.118157 0.513418
chair 466 427 498 438 0.114217 0.658112
chair 341 429 349 440 0.113123 0.568960
chair 306 433 327 440 0.101326 0.380084
sofa 469 423 533 440 0.128635 0.444633
sofa 301 19 590 216 0.106617 0.303982
table 46 214 170 425 0.137508 0.800075
door 316 111 343 223 0.19397 0.422013
picture 285 240 328 329 0.313139 0.396096
picture 296 308 307 324 0.301254 0.534137
picture 286 304 297 326 0.28925 0.540022
picture 306 306 317 317 0.279763 0.544606
picture 55 267 62 339 0.262197 0.691738
picture 305 318 319 324 0.218004 0.460784
picture 5 218 48 329 0.214436 0.672925
picture 284 117 315 154 0.178422 0.724115
picture 1 236 18 331 0.153522 0.563038
picture 163 286 176 328 0.147501 0.815028
picture 283 254 298 329 0.144049 0.554031
picture 294 7 586 238 0.137667 0.150032
picture 298 117 305 125 0.136779 0.789786
picture 267 107 341 250 0.1301 0.596217
picture 299 106 329 155 0.121495 0.745088
picture 143 275 173 332 0.109626 0.865173
picture 68 256 111 336 0.101159 0.601613
blinds 1 239 17 366 0.187326 0.624610
clothes 18 355 47 435 0.374675 0.454593
clothes 37 348 95 419 0.271901 0.573739
clothes 37 360 60 376 0.259304 0.730438
clothes 392 415 420 439 0.197833 0.355203
clothes 416 403 480 440 0.192406 0.305709
clothes 419 379 587 439 0.156134 0.283254
clothes 55 350 74 405 0.154118 0.791978
clothes 46 372 56 386 0.143365 0.839910
clothes 39 370 44 383 0.101786 0.893917
clothes 56 365 62 392 0.101351 0.882239
tv 155 394 261 440 0.676932 0.252630
tv 215 413 243 415 0.224536 0.762879
tv 164 244 259 435 0.15623 0.620359
tv 231 400 249 409 0.136092 0.807726
paper 18 274 27 297 0.189566 0.242963
paper 282 253 298 326 0.154446 0.554031
paper 18 252 38 261 0.132033 0.722579
paper 305 318 319 323 0.131573 0.460784
paper 582 379 590 382 0.120461 0.464264
paper 358 376 389 440 0.114664 0.413984
paper 569 430 578 434 0.108899 0.417220
paper 277 433 283 440 0.107434 0.449951
paper 274 390 343 439 0.103065 0.440435
paper 68 252 112 338 0.102808 0.601613
paper 295 309 307 324 0.102674 0.534137
paper 285 305 297 326 0.102498 0.540022
paper 112 432 118 440 0.101303 0.381646
paper 179 383 224 398 0.101007 0.599584
box 173 358 174 361 0.415064 0.340185
box 175 368 181 377 0.319352 0.459339
box 167 351 174 373 0.264125 0.479961
box 173 349 183 376 0.257787 0.444180
box 173 346 176 350 0.225243 0.498563
box 177 379 181 379 0.211091 0.524323
box 163 364 170 374 0.204273 0.580772
box 161 352 173 394 0.193353 0.494400
box 169 346 175 361 0.189657 0.562485
box 290 430 297 440 0.185742 0.438011
box 176 348 182 356 0.179062 0.543018
box 266 430 297 440 0.164563 0.435407
box 50 438 51 440 0.158227 0.427510
box 276 432 283 440 0.15769 0.449951
box 296 430 318 440 0.153941 0.329099
box 163 341 172 353 0.141627 0.629043
box 168 373 174 380 0.140322 0.628622
box 266 435 273 440 0.134756 0.367464
box 350 415 416 440 0.133035 0.313033
box 148 331 180 397 0.130416 0.614452
box 350 434 387 440 0.121291 0.540700
box 17 276 28 297 0.113479 0.242963
box 389 431 399 440 0.107622 0.509678
box 139 435 163 440 0.1068 0.223134
box 273 389 343 438 0.104177 0.440435
box 357 375 388 439 0.102418 0.413984
box 389 418 409 440 0.102148 0.553315
whiteboard 21 4 344 138 0.24291 0.699468
person 18 432 31 440 0.600262 0.227264
person 4 351 93 440 0.416836 0.340526
person 2 382 34 440 0.415756 0.381834
person 76 371 87 396 0.139289 0.739311
person 433 436 452 440 0.126591 0.368029
person 56 342 85 432 0.104228 0.686004
toilet 285 39 590 314 0.149345 0.130007
bag 389 416 419 440 0.32118 0.337077
bag 416 402 480 440 0.2521 0.305709
bag 15 367 65 440 0.214454 0.568503
bag 432 436 451 440 0.138243 0.368029
bag 34 344 105 440 0.126596 0.577206
bag 389 431 399 440 0.120449 0.509678
bag 392 380 585 440 0.111744 0.211965
bag 399 424 404 430 0.109422 0.770158
garbage_bin 325 245 336 260 0.261092 0.518367
garbage_bin 330 247 336 251 0.183172 0.518002
garbage_bin 330 225 346 275 0.173768 0.669555
garbage_bin 335 261 346 275 0.136522 0.779972
garbage_bin 316 247 326 254 0.130353 0.770757
garbage_bin 334 237 340 246 0.122645 0.541789
garbage_bin 325 241 330 244 0.115996 0.677063
garbage_bin 326 260 336 281 0.114606 0.742019
