0.602578 0.121267 0.000693 0.000954 0.005310 0.002579 0.019210 0.000898 0.002467 0.010654 0.012080 0.001348 0.000180 0.007187 0.000831 0.010428 0.005805 0.043974 0.008364 0.002576 0.007122 0.017993 0.003069 0.001629 0.001372 0.053661 0.009079 0.013040 0.003425 0.004052 0.023567 0.002608
0.658454 0.006685 0.142256 0.015075 0.026057 0.002028 0.001231 0.000356 0.000659 0.000964 0.037095 0.001128 0.000708 0.005414 0.005954 0.000538 0.003805 0.001992 0.001066 0.003994 0.005107 0.004256 0.000598 0.000529 0.003531 0.013838 0.033195 0.002493 0.010100 0.002953 0.007114 0.000828
0.388453 0.000745 0.000442 0.561293 0.000966 0.021586 0.000309 0.000167 0.000150 0.001193 0.000341 0.000136 0.000316 0.000276 0.002100 0.000929 0.000720 0.000939 0.000317 0.002183 0.001647 0.002190 0.000131 0.000308 0.000232 0.005213 0.000558 0.001781 0.001071 0.001549 0.001099 0.000658
0.548518 0.002724 0.002790 0.176309 0.024274 0.047106 0.000977 0.000420 0.001224 0.001582 0.007128 0.000458 0.005155 0.001106 0.002947 0.002238 0.001251 0.003981 0.002953 0.004872 0.007420 0.008997 0.000389 0.000688 0.001110 0.079458 0.024111 0.003072 0.019322 0.003477 0.012631 0.001311
0.353118 0.000871 0.004115 0.163921 0.037303 0.037011 0.005012 0.002385 0.001117 0.013034 0.009112 0.001577 0.004093 0.008523 0.047398 0.003115 0.015619 0.005053 0.008541 0.070381 0.027289 0.052319 0.002318 0.010791 0.010282 0.003398 0.000854 0.003644 0.008619 0.047368 0.036857 0.004963
0.809862 0.000098 0.000001 0.160616 0.000022 0.025672 0.000077 0.000007 0.000010 0.000104 0.000033 0.000012 0.000244 0.000007 0.000013 0.000062 0.000021 0.000042 0.000016 0.000183 0.000100 0.000115 0.000070 0.000028 0.000009 0.002029 0.000016 0.000289 0.000020 0.000101 0.000078 0.000041
0.793463 0.000678 0.000017 0.122622 0.000343 0.067834 0.000398 0.000125 0.001133 0.003299 0.001037 0.000087 0.000466 0.000072 0.000055 0.000575 0.000239 0.000662 0.000495 0.000740 0.000141 0.001069 0.000422 0.000849 0.000053 0.000111 0.000088 0.001499 0.000068 0.000296 0.000294 0.000771
0.206312 0.006320 0.009233 0.121947 0.035911 0.039795 0.014724 0.007969 0.006447 0.023922 0.019520 0.007424 0.011512 0.022873 0.041764 0.007928 0.028526 0.012400 0.019813 0.050692 0.035271 0.051356 0.008135 0.027173 0.019671 0.011346 0.004799 0.012072 0.014400 0.055106 0.051484 0.014154
0.560871 0.002815 0.013006 0.113408 0.014686 0.022596 0.001734 0.001437 0.005349 0.007963 0.002374 0.002629 0.016287 0.008500 0.017340 0.001304 0.043086 0.001381 0.002972 0.021493 0.008659 0.033929 0.001735 0.016401 0.004961 0.000780 0.000778 0.020221 0.000785 0.038671 0.005692 0.006155
0.884039 0.000124 0.000096 0.106836 0.000106 0.001803 0.000046 0.000025 0.000045 0.000230 0.000108 0.000021 0.000096 0.000054 0.000738 0.000118 0.000158 0.000270 0.000107 0.001025 0.000437 0.001109 0.000016 0.000055 0.000127 0.000485 0.000149 0.000367 0.000202 0.000527 0.000331 0.000151
0.522712 0.008302 0.004715 0.073280 0.009082 0.144932 0.000944 0.000343 0.001923 0.000771 0.024823 0.000281 0.030522 0.002931 0.000689 0.001628 0.000627 0.009037 0.005858 0.002134 0.003555 0.008204 0.000361 0.000459 0.002473 0.062877 0.042419 0.001778 0.014920 0.001881 0.014267 0.001274
0.242450 0.001340 0.000302 0.002048 0.012429 0.000793 0.001809 0.000918 0.003415 0.527555 0.000177 0.000913 0.000067 0.000548 0.004539 0.012979 0.012819 0.000754 0.052707 0.023237 0.002674 0.035665 0.001138 0.024078 0.000903 0.000174 0.000103 0.006691 0.000125 0.017599 0.000686 0.008365
0.372411 0.000126 0.000063 0.000302 0.000485 0.000020 0.000423 0.000172 0.000905 0.507844 0.000032 0.000305 0.000002 0.000103 0.004995 0.001067 0.002345 0.000150 0.000320 0.057673 0.001729 0.035877 0.000420 0.000600 0.000155 0.000083 0.000023 0.004175 0.000069 0.006297 0.000137 0.000696
0.439834 0.011458 0.000300 0.000441 0.001777 0.000508 0.035835 0.002129 0.008714 0.268618 0.002292 0.001687 0.000062 0.001979 0.002762 0.058765 0.015634 0.005604 0.014541 0.023379 0.013504 0.047115 0.001954 0.002444 0.001660 0.002139 0.001886 0.007882 0.000949 0.014493 0.003781 0.005874
0.586976 0.001812 0.000384 0.000112 0.000583 0.000138 0.013760 0.001403 0.004141 0.177942 0.000108 0.001395 0.000008 0.000378 0.002199 0.048281 0.072050 0.000249 0.010405 0.008422 0.019496 0.015750 0.000283 0.001882 0.000602 0.000148 0.000110 0.004859 0.000045 0.023414 0.000665 0.002001
0.385080 0.001280 0.000975 0.008778 0.026685 0.003694 0.002549 0.001607 0.005506 0.172693 0.000437 0.001013 0.000357 0.001120 0.005975 0.011134 0.014494 0.000910 0.233991 0.021571 0.002484 0.033057 0.001076 0.027769 0.001678 0.000267 0.000128 0.003578 0.000128 0.013735 0.001518 0.014733
0.710541 0.000052 0.000110 0.000212 0.000389 0.000009 0.000284 0.000096 0.000251 0.164204 0.000013 0.000234 0.000001 0.000104 0.024351 0.000844 0.005105 0.000052 0.000159 0.049938 0.002350 0.022908 0.000073 0.000529 0.000232 0.000044 0.000014 0.006085 0.000024 0.010079 0.000097 0.000618
0.753505 0.000370 0.000066 0.003227 0.000837 0.000268 0.000409 0.000299 0.000877 0.131173 0.000100 0.000398 0.000012 0.000101 0.003774 0.001521 0.002197 0.000197 0.001228 0.049093 0.001593 0.028317 0.000723 0.001493 0.000361 0.000100 0.000088 0.006407 0.000061 0.009003 0.000208 0.001993
0.688094 0.001054 0.000103 0.000590 0.000368 0.000455 0.000671 0.000421 0.001532 0.107565 0.004687 0.000302 0.000167 0.000975 0.003821 0.000828 0.002522 0.005073 0.001868 0.048580 0.005101 0.078328 0.000318 0.002051 0.001568 0.000629 0.002315 0.009585 0.000715 0.013473 0.012855 0.003387
0.485372 0.009084 0.000400 0.000545 0.003810 0.012396 0.000352 0.000115 0.002436 0.000354 0.277355 0.000091 0.002444 0.000306 0.000039 0.001030 0.000101 0.001594 0.000656 0.000905 0.000699 0.002163 0.000858 0.000219 0.000129 0.016509 0.161346 0.000365 0.015499 0.000158 0.002336 0.000332
0.451134 0.002198 0.050314 0.010381 0.043079 0.006566 0.002130 0.001810 0.003879 0.023461 0.006091 0.001833 0.003053 0.008865 0.104707 0.001509 0.072617 0.000971 0.003853 0.022221 0.028227 0.039829 0.000928 0.011735 0.004568 0.001268 0.001287 0.013168 0.002741 0.058357 0.012808 0.004410
0.410826 0.000112 0.000679 0.000347 0.000050 0.000319 0.000134 0.000057 0.000177 0.001120 0.000053 0.000060 0.000213 0.001057 0.006756 0.000058 0.398007 0.000140 0.000156 0.004963 0.027126 0.013404 0.000018 0.000419 0.001663 0.000025 0.000060 0.001792 0.000014 0.126166 0.003674 0.000355
0.581251 0.000003 0.000030 0.000009 0.000000 0.000019 0.000007 0.000003 0.000017 0.000126 0.000016 0.000002 0.000008 0.000047 0.001225 0.000001 0.205628 0.000008 0.000006 0.005401 0.048131 0.005830 0.000000 0.000034 0.000156 0.000002 0.000020 0.000033 0.000001 0.151085 0.000869 0.000032
0.385080 0.001280 0.000975 0.008778 0.026685 0.003694 0.002549 0.001607 0.005506 0.172693 0.000437 0.001013 0.000357 0.001120 0.005975 0.011134 0.014494 0.000910 0.233991 0.021571 0.002484 0.033057 0.001076 0.027769 0.001678 0.000267 0.000128 0.003578 0.000128 0.013735 0.001518 0.014733
0.262214 0.004047 0.001947 0.009228 0.009808 0.001989 0.009824 0.004235 0.006096 0.027194 0.028446 0.010417 0.000208 0.001439 0.012288 0.002553 0.012619 0.004349 0.001374 0.313311 0.041517 0.062060 0.007962 0.007136 0.002742 0.005746 0.017587 0.015933 0.007333 0.042836 0.059940 0.005623
0.526160 0.000588 0.000310 0.004930 0.007575 0.001195 0.001804 0.001690 0.001345 0.024969 0.004512 0.001170 0.000213 0.000712 0.008701 0.005333 0.007155 0.002209 0.004210 0.256014 0.017496 0.057150 0.001865 0.002552 0.001807 0.002081 0.012228 0.011442 0.005406 0.014259 0.006231 0.006690
0.542227 0.000901 0.000744 0.003272 0.001028 0.000391 0.002331 0.001380 0.008508 0.011944 0.014231 0.004040 0.000040 0.000321 0.005907 0.000753 0.005131 0.001256 0.000685 0.254319 0.015902 0.056757 0.001491 0.001852 0.001019 0.001511 0.006848 0.008133 0.001930 0.022382 0.020097 0.002669
0.585721 0.000918 0.000536 0.004916 0.002632 0.000889 0.002258 0.001121 0.002873 0.009582 0.024856 0.001844 0.000032 0.000286 0.004342 0.000915 0.003587 0.001142 0.000302 0.231649 0.015191 0.030757 0.000775 0.002360 0.000944 0.001338 0.012089 0.004716 0.002244 0.019677 0.027435 0.002075
0.620937 0.000679 0.000837 0.001165 0.001081 0.000203 0.005434 0.001459 0.002982 0.023254 0.008073 0.017390 0.000051 0.000522 0.004770 0.000851 0.006368 0.001465 0.000750 0.164644 0.021565 0.042491 0.002109 0.002999 0.001519 0.001647 0.005058 0.008540 0.001093 0.026484 0.021059 0.002522
0.444117 0.002013 0.002649 0.010284 0.019074 0.012522 0.002986 0.001719 0.002519 0.012330 0.009702 0.000955 0.000430 0.002731 0.012645 0.001233 0.005043 0.007069 0.001179 0.158967 0.011644 0.117225 0.001093 0.003648 0.002404 0.011789 0.007064 0.014838 0.012596 0.018900 0.084760 0.003872
0.599565 0.000493 0.000581 0.004183 0.000758 0.008826 0.000533 0.000412 0.001105 0.064614 0.002838 0.000381 0.000377 0.000990 0.013983 0.000694 0.004234 0.001921 0.000747 0.139852 0.010578 0.077648 0.000369 0.002609 0.000764 0.000568 0.000702 0.017133 0.001117 0.026133 0.012130 0.003163
0.551690 0.000671 0.000711 0.002906 0.006426 0.002905 0.001298 0.000612 0.002061 0.004298 0.031269 0.000610 0.000347 0.000532 0.005785 0.000534 0.006544 0.001053 0.000550 0.139349 0.024197 0.036609 0.000767 0.001220 0.002532 0.005323 0.026947 0.004223 0.006133 0.015062 0.114978 0.001858
0.262233 0.001874 0.002431 0.017871 0.022776 0.009837 0.004291 0.002007 0.001810 0.027468 0.007411 0.002197 0.000708 0.004875 0.035208 0.001876 0.018973 0.004782 0.004654 0.133032 0.025662 0.184897 0.002652 0.008183 0.005536 0.008832 0.003722 0.026395 0.006922 0.043921 0.108007 0.008958
0.745468 0.000475 0.001200 0.003342 0.004869 0.001458 0.000957 0.000535 0.003337 0.003539 0.036104 0.000859 0.000037 0.000225 0.002676 0.000305 0.001328 0.000788 0.000143 0.131353 0.003515 0.026651 0.000360 0.001192 0.000580 0.000754 0.007642 0.001832 0.001265 0.003929 0.012208 0.001073
0.677308 0.000751 0.000399 0.004950 0.002034 0.001128 0.002337 0.002101 0.007723 0.014423 0.019806 0.003361 0.000059 0.000357 0.002655 0.001472 0.003441 0.003263 0.001201 0.124847 0.011335 0.043312 0.001442 0.003635 0.001023 0.001159 0.007621 0.008603 0.001192 0.014667 0.028091 0.004302
0.763292 0.000237 0.000050 0.000579 0.000451 0.000609 0.000198 0.000511 0.001917 0.011016 0.004386 0.000207 0.000048 0.000112 0.003872 0.000511 0.002344 0.001107 0.000626 0.122015 0.008790 0.033843 0.000168 0.001255 0.000330 0.000316 0.001168 0.004946 0.000443 0.012647 0.020371 0.001633
0.793267 0.000090 0.000021 0.000230 0.000176 0.000184 0.000105 0.000297 0.001044 0.008953 0.002933 0.000108 0.000018 0.000052 0.002503 0.000330 0.001242 0.000721 0.000404 0.120109 0.005500 0.031867 0.000078 0.000908 0.000250 0.000159 0.000541 0.003006 0.000217 0.010441 0.013094 0.001151
0.701254 0.000976 0.000303 0.003823 0.005086 0.000974 0.002327 0.001737 0.000824 0.036583 0.003241 0.001090 0.000116 0.001217 0.003985 0.005279 0.004865 0.004128 0.003209 0.113752 0.009661 0.041967 0.001244 0.002339 0.001613 0.002252 0.008384 0.016180 0.003134 0.009518 0.004230 0.004707
0.542742 0.002023 0.009213 0.008923 0.015192 0.018999 0.004101 0.001707 0.001816 0.029615 0.019933 0.001114 0.001114 0.005189 0.027984 0.000686 0.004953 0.003510 0.001773 0.112634 0.003780 0.064174 0.002236 0.008800 0.002575 0.004025 0.000940 0.014104 0.019934 0.015908 0.046198 0.004106
0.592062 0.001000 0.002636 0.010472 0.003543 0.044048 0.001257 0.000767 0.001473 0.044752 0.013733 0.000572 0.001561 0.002483 0.018562 0.000751 0.003850 0.003012 0.001486 0.106375 0.005461 0.072089 0.000799 0.006695 0.001610 0.001320 0.001361 0.015047 0.007430 0.014894 0.014340 0.004560
0.733934 0.000968 0.001103 0.001695 0.003348 0.001073 0.003816 0.001289 0.000750 0.014207 0.010053 0.008978 0.000065 0.000783 0.005681 0.000949 0.005901 0.001115 0.000649 0.102875 0.015902 0.017628 0.000939 0.002162 0.001241 0.002729 0.004422 0.006156 0.003874 0.022466 0.022191 0.001061
0.662293 0.000359 0.000057 0.001579 0.000299 0.000306 0.000300 0.000566 0.001045 0.010928 0.002163 0.000667 0.001192 0.000195 0.002789 0.000361 0.004099 0.000389 0.002127 0.102709 0.016826 0.143928 0.000981 0.001091 0.001431 0.000127 0.011875 0.003647 0.001575 0.018682 0.003041 0.002374
0.774308 0.000009 0.000011 0.000026 0.000002 0.000002 0.000044 0.000017 0.000012 0.000182 0.000025 0.000022 0.000000 0.000023 0.000139 0.000040 0.044048 0.000013 0.000008 0.005704 0.166156 0.001548 0.000004 0.000050 0.000042 0.000010 0.000275 0.000244 0.000005 0.006625 0.000351 0.000056
0.801842 0.000034 0.000009 0.000030 0.000001 0.000007 0.000053 0.000036 0.000061 0.000393 0.000190 0.000072 0.000006 0.000033 0.000124 0.000081 0.043439 0.000018 0.000019 0.013749 0.127269 0.002945 0.000009 0.000081 0.000056 0.000012 0.000631 0.000497 0.000021 0.007520 0.000685 0.000077
0.650122 0.000183 0.000028 0.000880 0.000126 0.000190 0.000174 0.000323 0.000651 0.007021 0.001918 0.000367 0.000723 0.000115 0.001526 0.000259 0.003213 0.000203 0.001667 0.094908 0.013860 0.187935 0.000481 0.000669 0.000744 0.000077 0.011357 0.002010 0.001111 0.013742 0.001723 0.001691
0.262233 0.001874 0.002431 0.017871 0.022776 0.009837 0.004291 0.002007 0.001810 0.027468 0.007411 0.002197 0.000708 0.004875 0.035208 0.001876 0.018973 0.004782 0.004654 0.133032 0.025662 0.184897 0.002652 0.008183 0.005536 0.008832 0.003722 0.026395 0.006922 0.043921 0.108007 0.008958
0.655138 0.002027 0.000052 0.003485 0.001005 0.002528 0.000380 0.000233 0.001016 0.040624 0.000342 0.000398 0.000299 0.001124 0.003321 0.000526 0.002303 0.000791 0.001131 0.064612 0.002571 0.172406 0.000596 0.006622 0.000962 0.000152 0.000126 0.013074 0.000217 0.016520 0.002470 0.002948
0.771129 0.000038 0.000023 0.000298 0.000182 0.000086 0.000102 0.000109 0.000255 0.001218 0.000816 0.000100 0.000018 0.000055 0.001984 0.000097 0.003747 0.000073 0.000545 0.041222 0.009065 0.148321 0.000057 0.000141 0.000371 0.000131 0.002907 0.000816 0.000241 0.008726 0.006500 0.000630
0.609503 0.004396 0.000393 0.004461 0.000152 0.000924 0.000881 0.000263 0.000217 0.007657 0.003410 0.000233 0.000216 0.003511 0.011494 0.002130 0.007298 0.006164 0.003315 0.005135 0.037702 0.139995 0.000173 0.000750 0.004376 0.051034 0.019516 0.025131 0.001064 0.019546 0.023742 0.005218
0.707970 0.003085 0.000394 0.008807 0.001161 0.008282 0.000288 0.000199 0.001763 0.001510 0.010184 0.000147 0.028163 0.001585 0.001401 0.000365 0.004372 0.002280 0.003164 0.013439 0.006325 0.117949 0.000153 0.001361 0.004766 0.002402 0.020378 0.002116 0.000932 0.014390 0.028492 0.002176
0.444117 0.002013 0.002649 0.010284 0.019074 0.012522 0.002986 0.001719 0.002519 0.012330 0.009702 0.000955 0.000430 0.002731 0.012645 0.001233 0.005043 0.007069 0.001179 0.158967 0.011644 0.117225 0.001093 0.003648 0.002404 0.011789 0.007064 0.014838 0.012596 0.018900 0.084760 0.003872
0.581569 0.004809 0.000353 0.010294 0.002825 0.019039 0.001142 0.000948 0.002749 0.026498 0.002230 0.001414 0.002569 0.002815 0.006161 0.001428 0.004752 0.003542 0.004322 0.094878 0.006013 0.115953 0.001714 0.007711 0.001935 0.000950 0.000861 0.045409 0.001737 0.021893 0.015482 0.006005
0.426784 0.004646 0.002721 0.005336 0.024047 0.015208 0.001101 0.000497 0.002843 0.000927 0.029036 0.000412 0.002416 0.000774 0.000468 0.002488 0.000997 0.011165 0.002621 0.002862 0.003274 0.012599 0.001195 0.000843 0.000648 0.221917 0.143554 0.001758 0.049003 0.001985 0.024508 0.001368
0.477659 0.008623 0.001042 0.000917 0.004950 0.011536 0.000539 0.000194 0.002937 0.000999 0.210783 0.000148 0.002945 0.000649 0.000143 0.001669 0.000303 0.001655 0.001178 0.002743 0.002560 0.004528 0.000865 0.000677 0.000297 0.008015 0.230621 0.000779 0.014544 0.000620 0.004240 0.000643
0.561520 0.012989 0.001875 0.017848 0.024356 0.014329 0.002077 0.000984 0.005696 0.002152 0.028102 0.000877 0.007751 0.001918 0.001410 0.003587 0.001001 0.011840 0.011673 0.003664 0.003273 0.011583 0.001724 0.000793 0.003746 0.109811 0.106669 0.002758 0.019644 0.002557 0.017979 0.003814
0.480632 0.000006 0.000081 0.000022 0.000002 0.000025 0.000015 0.000007 0.000031 0.000228 0.000029 0.000006 0.000016 0.000091 0.002929 0.000002 0.244515 0.000011 0.000016 0.008950 0.058695 0.008853 0.000001 0.000064 0.000276 0.000005 0.000035 0.000074 0.000002 0.193161 0.001155 0.000064
0.681268 0.000000 0.000002 0.000001 0.000000 0.000001 0.000001 0.000000 0.000002 0.000027 0.000001 0.000000 0.000000 0.000003 0.000589 0.000000 0.147986 0.000000 0.000001 0.008267 0.017385 0.002998 0.000000 0.000005 0.000021 0.000000 0.000002 0.000006 0.000000 0.141330 0.000095 0.000006
0.410826 0.000112 0.000679 0.000347 0.000050 0.000319 0.000134 0.000057 0.000177 0.001120 0.000053 0.000060 0.000213 0.001057 0.006756 0.000058 0.398007 0.000140 0.000156 0.004963 0.027126 0.013404 0.000018 0.000419 0.001663 0.000025 0.000060 0.001792 0.000014 0.126166 0.003674 0.000355
0.551690 0.000671 0.000711 0.002906 0.006426 0.002905 0.001298 0.000612 0.002061 0.004298 0.031269 0.000610 0.000347 0.000532 0.005785 0.000534 0.006544 0.001053 0.000550 0.139349 0.024197 0.036609 0.000767 0.001220 0.002532 0.005323 0.026947 0.004223 0.006133 0.015062 0.114978 0.001858
0.262233 0.001874 0.002431 0.017871 0.022776 0.009837 0.004291 0.002007 0.001810 0.027468 0.007411 0.002197 0.000708 0.004875 0.035208 0.001876 0.018973 0.004782 0.004654 0.133032 0.025662 0.184897 0.002652 0.008183 0.005536 0.008832 0.003722 0.026395 0.006922 0.043921 0.108007 0.008958
0.626570 0.002331 0.000663 0.001066 0.001263 0.001088 0.001518 0.000576 0.000744 0.031753 0.009591 0.000341 0.000385 0.002891 0.008189 0.001079 0.005837 0.013716 0.003300 0.027741 0.011697 0.064009 0.000445 0.002220 0.006684 0.006144 0.011359 0.019129 0.002483 0.026765 0.104031 0.004391
