chair 154 84 293 257 0.781 0.135933
chair 15 94 181 228 0.454125 0.438324
chair 113 186 365 375 0.449893 0.453777
chair 259 193 571 436 0.235607 0.636792
chair 248 94 260 102 0.194831 0.722320
chair 172 98 239 202 0.160403 0.830926
chair 467 434 477 440 0.131282 0.222981
chair 0 219 124 350 0.125883 0.201628
chair 520 241 588 330 0.106783 0.772360
chair 241 219 277 290 0.100689 0.840514
table 0 176 350 431 0.998238 0.000816
table 4 226 174 365 0.863514 0.064141
table 47 113 323 286 0.616476 0.192969
table 78 208 171 298 0.490818 0.407637
table 236 168 450 433 0.136771 0.663321
picture 264 0 371 69 0.279252 0.373667
picture 213 310 217 314 0.126335 0.760995
picture 417 114 453 148 0.115077 0.740281
clothes 518 2 560 46 0.318278 0.582565
clothes 536 2 588 78 0.172639 0.714516
tv 261 0 288 4 0.133167 0.676589
paper 155 172 158 179 0.258491 0.638267
paper 129 170 130 174 0.247922 0.565471
paper 132 178 134 184 0.23112 0.610475
paper 470 89 478 96 0.125029 0.679226
paper 384 0 455 50 0.108352 0.764219
towel 415 79 495 223 0.199748 0.622167
towel 494 0 559 52 0.131317 0.581397
towel 417 35 512 138 0.124611 0.769952
towel 419 42 453 119 0.11611 0.823634
towel 416 146 433 159 0.114564 0.608964
towel 416 145 420 159 0.113099 0.640645
box 5 147 16 168 0.10118 0.670092
bag 113 279 168 365 0.109317 0.640865
garbage_bin 489 195 494 198 0.306016 0.646776
garbage_bin 243 289 243 291 0.264313 0.582900
garbage_bin 395 132 519 224 0.192354 0.614935
garbage_bin 402 179 415 208 0.118294 0.875976
garbage_bin 84 338 120 352 0.105885 0.854603
garbage_bin 448 188 488 215 0.105474 0.790833
garbage_bin 494 216 495 219 0.102692 0.875719
