chair 151 132 256 351 0.713628 0.229490
chair 490 0 590 88 0.569806 0.422215
chair 2 100 71 189 0.303596 0.656516
chair 304 101 428 238 0.230181 0.668877
sofa 198 75 220 96 0.103762 0.842956
sofa 183 129 476 243 0.100668 0.730615
table 502 0 590 174 0.349422 0.561968
table 0 157 253 356 0.337201 0.608484
table 161 60 433 200 0.162107 0.657327
picture 398 1 498 60 0.161789 0.194042
picture 440 9 463 30 0.117704 0.728603
picture 428 61 472 169 0.113743 0.883095
counter 511 196 590 327 0.108993 0.175393
desk 2 91 241 371 0.210735 0.664978
desk 163 101 421 235 0.188356 0.638460
pillow 286 178 367 230 0.544592 0.348777
clothes 139 0 306 93 0.264957 0.537973
clothes 3 0 49 98 0.132187 0.785103
paper 193 111 246 132 0.625719 0.296938
paper 389 0 486 61 0.595407 0.234853
paper 396 1 405 41 0.525817 0.400353
paper 114 110 168 137 0.456025 0.457215
paper 577 105 590 129 0.440447 0.342249
paper 562 178 590 191 0.322152 0.477884
paper 489 130 509 145 0.305955 0.679451
paper 561 161 590 178 0.282326 0.615496
paper 195 128 230 141 0.242012 0.635892
paper 156 106 168 112 0.235061 0.643327
paper 511 224 588 324 0.22831 0.140465
paper 237 120 244 126 0.222731 0.679663
paper 165 129 229 154 0.214047 0.674153
paper 556 167 590 215 0.204962 0.622119
paper 187 109 208 124 0.203682 0.732478
paper 131 97 151 106 0.191065 0.735990
paper 494 130 556 157 0.175305 0.752571
paper 357 412 365 416 0.16882 0.680362
paper 554 111 580 131 0.150191 0.757721
paper 554 114 590 174 0.141187 0.632243
paper 300 194 303 201 0.135886 0.829018
paper 229 101 269 110 0.127132 0.707684
paper 559 91 583 112 0.123111 0.656556
paper 113 129 159 142 0.114947 0.773923
paper 196 129 285 155 0.10646 0.781078
paper 555 215 590 224 0.105609 0.076765
box 538 193 589 246 0.822638 0.128323
box 553 214 589 225 0.813235 0.076765
box 139 333 146 335 0.738809 0.253076
box 131 301 155 328 0.583069 0.366595
box 111 294 140 346 0.426764 0.503802
box 480 85 552 232 0.387122 0.364871
box 545 214 551 228 0.346361 0.580642
box 555 184 588 215 0.317947 0.481852
box 536 194 551 229 0.278677 0.642793
box 407 189 492 217 0.266501 0.672760
box 554 92 589 231 0.260209 0.531018
box 27 286 171 348 0.25629 0.665449
box 538 169 561 223 0.19889 0.731197
box 546 204 550 207 0.188187 0.776945
box 483 69 549 125 0.163071 0.613987
box 394 1 531 47 0.148887 0.330197
box 570 9 574 10 0.129257 0.334022
box 569 8 589 15 0.125543 0.323252
box 432 188 489 197 0.121633 0.822048
box 373 73 379 79 0.113895 0.551316
box 513 212 590 324 0.113367 0.140465
box 193 126 232 142 0.112279 0.635892
box 4 321 42 341 0.111039 0.825295
box 557 90 582 112 0.103288 0.656556
night_stand 50 146 172 172 0.147399 0.766150
night_stand 44 87 163 162 0.120991 0.816120
toilet 250 177 407 316 0.522342 0.325098
toilet 157 101 417 396 0.115835 0.038221
lamp 397 31 487 141 0.120003 0.869701
bag 300 159 377 228 0.13213 0.521161
bag 253 3 302 54 0.128549 0.623317
bag 344 2 365 35 0.12708 0.834512
bag 298 3 366 60 0.111521 0.794190
garbage_bin 185 136 372 386 0.96389 0.006655
garbage_bin 490 127 554 236 0.779055 0.100746
garbage_bin 226 151 300 332 0.547289 0.338530
garbage_bin 529 160 557 237 0.397986 0.474540
garbage_bin 528 194 544 238 0.263947 0.679615
garbage_bin 535 95 582 238 0.210501 0.647778
garbage_bin 141 300 169 335 0.201908 0.490896
garbage_bin 541 222 549 235 0.154111 0.753326
garbage_bin 514 190 586 329 0.144471 0.175393
garbage_bin 224 198 231 212 0.133725 0.850008
garbage_bin 181 118 298 229 0.123423 0.727646
garbage_bin 222 184 261 290 0.110388 0.852650
