0.079162 0.000032 0.000109 0.905026 0.002314 0.010368 0.000013 0.000006 0.000037 0.000034 0.000573 0.000004 0.001234 0.000058 0.000070 0.000009 0.000083 0.000071 0.000032 0.000049 0.000113 0.000144 0.000012 0.000020 0.000035 0.000034 0.000048 0.000036 0.000032 0.000064 0.000143 0.000033
0.679142 0.000071 0.000088 0.301195 0.009784 0.005328 0.000018 0.000010 0.000035 0.000094 0.000417 0.000011 0.000101 0.000028 0.000332 0.000030 0.000193 0.000023 0.000071 0.000160 0.000278 0.000497 0.000027 0.000062 0.000053 0.000149 0.000406 0.000259 0.000068 0.000181 0.000822 0.000067
0.278433 0.001965 0.008357 0.134280 0.070580 0.123020 0.007666 0.004597 0.003178 0.022303 0.010165 0.002478 0.012271 0.008544 0.031101 0.005428 0.017558 0.008378 0.020343 0.050840 0.019398 0.033222 0.002772 0.012245 0.009828 0.007446 0.001662 0.009179 0.008865 0.032819 0.033141 0.007937
0.719455 0.001279 0.000775 0.121788 0.004596 0.002413 0.007334 0.001216 0.001400 0.015029 0.001288 0.001888 0.000243 0.002109 0.004602 0.002091 0.006429 0.005222 0.002087 0.010966 0.004964 0.020146 0.007282 0.004459 0.001246 0.003933 0.000402 0.017662 0.000730 0.007462 0.016165 0.003337
0.891040 0.000017 0.000001 0.107102 0.000098 0.000291 0.000022 0.000006 0.000024 0.000075 0.000067 0.000009 0.000009 0.000007 0.000117 0.000016 0.000114 0.000010 0.000006 0.000209 0.000066 0.000156 0.000007 0.000020 0.000012 0.000054 0.000018 0.000119 0.000005 0.000094 0.000187 0.000025
0.249790 0.003811 0.006624 0.055281 0.100706 0.042597 0.014146 0.008125 0.008507 0.042977 0.008926 0.005858 0.005396 0.008642 0.036192 0.011066 0.030342 0.008683 0.041985 0.051306 0.026392 0.065087 0.003534 0.018913 0.011192 0.008562 0.002973 0.013021 0.006916 0.043173 0.043933 0.015347
0.828861 0.000042 0.000051 0.000111 0.000149 0.165674 0.000003 0.000002 0.000048 0.000012 0.003743 0.000005 0.000109 0.000001 0.000003 0.000017 0.000005 0.000002 0.000004 0.000034 0.000007 0.000011 0.000011 0.000018 0.000002 0.000013 0.000885 0.000101 0.000037 0.000005 0.000027 0.000005
0.278433 0.001965 0.008357 0.134280 0.070580 0.123020 0.007666 0.004597 0.003178 0.022303 0.010165 0.002478 0.012271 0.008544 0.031101 0.005428 0.017558 0.008378 0.020343 0.050840 0.019398 0.033222 0.002772 0.012245 0.009828 0.007446 0.001662 0.009179 0.008865 0.032819 0.033141 0.007937
0.600605 0.000783 0.002108 0.150579 0.007199 0.122928 0.000165 0.000096 0.000364 0.000930 0.013515 0.000058 0.056458 0.001543 0.001338 0.000131 0.001296 0.001058 0.000907 0.005489 0.005141 0.011142 0.000119 0.000265 0.001745 0.000609 0.003754 0.001178 0.000960 0.002649 0.004020 0.000866
0.477710 0.016707 0.003519 0.033615 0.004277 0.093579 0.002865 0.001463 0.005999 0.004508 0.010515 0.000615 0.171960 0.025607 0.003169 0.000905 0.004411 0.007484 0.007937 0.007814 0.003325 0.013615 0.000998 0.001491 0.036241 0.004630 0.003018 0.002659 0.004069 0.009731 0.032394 0.003170
0.431702 0.000002 0.000000 0.000114 0.000000 0.000007 0.000001 0.000003 0.000002 0.000148 0.000013 0.000001 0.000016 0.000004 0.000219 0.000001 0.000080 0.000002 0.000002 0.563715 0.000243 0.001951 0.000002 0.000018 0.000123 0.000002 0.000013 0.000135 0.000003 0.001285 0.000037 0.000156
0.587929 0.000012 0.000001 0.000725 0.000001 0.000030 0.000006 0.000014 0.000016 0.000574 0.000063 0.000008 0.000045 0.000012 0.000412 0.000005 0.000204 0.000008 0.000008 0.401849 0.000373 0.002894 0.000009 0.000131 0.000287 0.000008 0.000039 0.001454 0.000008 0.002335 0.000064 0.000477
0.653231 0.000225 0.000321 0.000711 0.001487 0.000959 0.000381 0.000260 0.007353 0.007614 0.002271 0.000117 0.000928 0.000527 0.003946 0.000216 0.001804 0.001069 0.000258 0.210034 0.006930 0.074910 0.000152 0.001682 0.001428 0.000731 0.002318 0.002378 0.000825 0.008369 0.003900 0.002666
0.300741 0.002190 0.004528 0.016445 0.023209 0.012271 0.004536 0.002351 0.003354 0.021536 0.010681 0.002722 0.000980 0.005073 0.023228 0.001110 0.009969 0.008855 0.002778 0.190900 0.015647 0.130497 0.002909 0.007905 0.004288 0.008868 0.004328 0.023230 0.008560 0.026958 0.111932 0.007419
0.439585 0.000880 0.001376 0.002704 0.008015 0.004985 0.001792 0.000772 0.001184 0.013056 0.006405 0.000714 0.000375 0.001711 0.011354 0.000392 0.004662 0.005833 0.000828 0.186051 0.013068 0.079447 0.000861 0.002681 0.001513 0.006211 0.003442 0.015051 0.006062 0.021509 0.155466 0.002014
0.297311 0.003098 0.006060 0.010927 0.031366 0.012876 0.005733 0.002786 0.003331 0.021090 0.017009 0.002769 0.001323 0.005467 0.023538 0.001306 0.010992 0.009667 0.002489 0.181859 0.016834 0.086192 0.004212 0.007659 0.004309 0.012971 0.008837 0.022618 0.017636 0.028972 0.132032 0.006733
0.771066 0.000077 0.000140 0.000849 0.000717 0.000265 0.000155 0.000139 0.004907 0.004185 0.000908 0.000061 0.000327 0.000171 0.003357 0.000085 0.001126 0.000285 0.000128 0.172451 0.004445 0.022295 0.000068 0.000825 0.000642 0.000342 0.000795 0.001245 0.000296 0.004544 0.001790 0.001318
0.751276 0.000058 0.000032 0.000053 0.000175 0.000102 0.000102 0.000079 0.000328 0.005731 0.000927 0.000044 0.000087 0.000053 0.002832 0.000165 0.000890 0.000275 0.000057 0.156292 0.008816 0.054651 0.000031 0.000347 0.000233 0.000324 0.003233 0.003694 0.000787 0.005511 0.001610 0.001207
0.314481 0.002989 0.006244 0.008245 0.018693 0.015693 0.006264 0.003675 0.003295 0.044408 0.029994 0.003015 0.003375 0.005427 0.056522 0.002513 0.020902 0.002711 0.005908 0.152968 0.025320 0.082145 0.003170 0.010007 0.007496 0.007863 0.006760 0.022392 0.020132 0.054767 0.045578 0.007045
0.395808 0.000717 0.000528 0.002130 0.001352 0.000513 0.005088 0.001458 0.001733 0.091315 0.000747 0.006302 0.000124 0.001333 0.011727 0.001933 0.040977 0.002285 0.003221 0.147386 0.061045 0.089459 0.002207 0.002809 0.001444 0.002491 0.000538 0.028615 0.000526 0.064200 0.026239 0.003749
0.845580 0.000003 0.000002 0.002619 0.000009 0.000136 0.000006 0.000006 0.000053 0.001069 0.000007 0.000006 0.000125 0.000008 0.000383 0.000005 0.000091 0.000006 0.000011 0.145040 0.000105 0.001362 0.000005 0.000123 0.000116 0.000014 0.000025 0.001297 0.000002 0.001163 0.000024 0.000600
0.175876 0.002678 0.001411 0.005652 0.012931 0.006185 0.002029 0.000939 0.001324 0.071973 0.003256 0.001014 0.001368 0.003078 0.053200 0.001763 0.010209 0.004447 0.007588 0.144887 0.030356 0.245817 0.001796 0.007913 0.006173 0.006396 0.003339 0.038772 0.009176 0.059469 0.070249 0.008736
0.834182 0.000002 0.000003 0.000727 0.000015 0.000047 0.000012 0.000011 0.000099 0.002759 0.000007 0.000014 0.000027 0.000008 0.000978 0.000014 0.000240 0.000012 0.000028 0.143722 0.000565 0.006987 0.000009 0.000141 0.000090 0.000045 0.000096 0.002843 0.000003 0.005471 0.000085 0.000758
0.301816 0.007211 0.012842 0.014253 0.032676 0.022678 0.009566 0.005347 0.007358 0.027889 0.038521 0.004647 0.007153 0.010082 0.036034 0.002992 0.014821 0.005974 0.007735 0.142128 0.017439 0.081658 0.006251 0.011003 0.009901 0.012215 0.006618 0.021826 0.025503 0.031048 0.056807 0.008011
0.734837 0.000173 0.000269 0.000931 0.001218 0.000796 0.000239 0.000192 0.003686 0.006137 0.002815 0.000104 0.000841 0.000367 0.003893 0.000239 0.001647 0.000810 0.000251 0.138956 0.006511 0.068671 0.000112 0.001495 0.000962 0.000536 0.004698 0.003411 0.000765 0.007270 0.003282 0.003886
0.217259 0.003583 0.006714 0.007731 0.040235 0.016281 0.006778 0.003986 0.008749 0.023832 0.027878 0.003681 0.002300 0.005109 0.011692 0.001293 0.010482 0.014813 0.002265 0.135195 0.018684 0.053062 0.005429 0.009305 0.003080 0.029282 0.014680 0.026655 0.020152 0.030147 0.233454 0.006217
0.477041 0.003024 0.003762 0.005848 0.016213 0.011104 0.003391 0.001866 0.002463 0.030235 0.030761 0.001514 0.003170 0.004020 0.034015 0.001361 0.014025 0.001548 0.003975 0.119150 0.018123 0.075973 0.002095 0.006080 0.005474 0.005090 0.007000 0.013770 0.014847 0.039599 0.038954 0.004511
0.424476 0.001642 0.002487 0.004921 0.025823 0.008078 0.003292 0.001842 0.002531 0.021813 0.011152 0.001360 0.000847 0.004361 0.020068 0.000767 0.012460 0.007910 0.001714 0.116998 0.017921 0.064851 0.002211 0.005334 0.003241 0.012539 0.007340 0.018194 0.010204 0.035535 0.143808 0.004278
0.288899 0.006848 0.019748 0.028311 0.041821 0.047619 0.011760 0.006510 0.008370 0.023956 0.035710 0.006127 0.017196 0.011490 0.027928 0.004511 0.017677 0.007904 0.014798 0.109805 0.020620 0.062106 0.005265 0.012810 0.011789 0.013126 0.005498 0.016300 0.021249 0.031424 0.053916 0.008910
0.530984 0.001075 0.000101 0.001121 0.000368 0.000361 0.000263 0.000104 0.000161 0.004773 0.002523 0.000077 0.000059 0.000886 0.007105 0.000133 0.002975 0.000569 0.000520 0.019362 0.003045 0.376110 0.000185 0.000414 0.002436 0.001282 0.001463 0.007712 0.000498 0.008966 0.023265 0.001106
0.627272 0.000439 0.000051 0.014011 0.000542 0.000776 0.000206 0.000066 0.000180 0.002214 0.001082 0.000073 0.000180 0.000385 0.002294 0.000108 0.001600 0.000426 0.000246 0.012622 0.002569 0.311547 0.000216 0.000612 0.000467 0.000623 0.001106 0.003052 0.000519 0.004462 0.009264 0.000790
0.211558 0.003377 0.001507 0.005660 0.016920 0.005955 0.001839 0.000953 0.001126 0.076743 0.005578 0.001271 0.001427 0.003771 0.061322 0.001822 0.010706 0.005620 0.007461 0.102428 0.029545 0.245825 0.001713 0.010470 0.006234 0.006625 0.003123 0.034710 0.009645 0.063123 0.053706 0.008236
0.608291 0.000101 0.000041 0.000847 0.001428 0.001057 0.000205 0.000048 0.000223 0.001955 0.004086 0.000028 0.000067 0.000986 0.001165 0.000054 0.000914 0.002007 0.000787 0.050879 0.022828 0.238395 0.000030 0.000187 0.000680 0.000832 0.002814 0.000984 0.000658 0.008854 0.047689 0.000881
0.399472 0.003532 0.003357 0.058780 0.017619 0.017427 0.008574 0.002653 0.006639 0.022279 0.016753 0.003587 0.001091 0.009283 0.010457 0.003103 0.007276 0.011848 0.007412 0.050446 0.010464 0.178389 0.001916 0.018646 0.005147 0.003441 0.002892 0.015766 0.002612 0.027232 0.062304 0.009607
0.300741 0.002190 0.004528 0.016445 0.023209 0.012271 0.004536 0.002351 0.003354 0.021536 0.010681 0.002722 0.000980 0.005073 0.023228 0.001110 0.009969 0.008855 0.002778 0.190900 0.015647 0.130497 0.002909 0.007905 0.004288 0.008868 0.004328 0.023230 0.008560 0.026958 0.111932 0.007419
0.656334 0.000750 0.000215 0.003092 0.002534 0.001328 0.000494 0.000250 0.000674 0.020266 0.004424 0.000170 0.000375 0.000908 0.008152 0.000337 0.005996 0.000835 0.001178 0.087773 0.013271 0.112683 0.000585 0.001519 0.001455 0.000875 0.002100 0.006659 0.001481 0.036607 0.024436 0.002248
0.573567 0.000474 0.001342 0.017272 0.008413 0.000789 0.000922 0.000917 0.000818 0.007428 0.000681 0.001022 0.000375 0.000849 0.014348 0.003841 0.036771 0.000512 0.000618 0.002630 0.005240 0.005395 0.000799 0.278377 0.000513 0.000357 0.000719 0.004233 0.000458 0.026522 0.000785 0.003013
0.439457 0.006250 0.000932 0.026378 0.004994 0.002297 0.025209 0.003074 0.003180 0.061218 0.001340 0.010027 0.000682 0.004598 0.011856 0.005687 0.009296 0.016022 0.003130 0.065525 0.012500 0.042434 0.024229 0.008839 0.004776 0.019921 0.001192 0.120005 0.002684 0.013384 0.042378 0.006507
0.217259 0.003583 0.006714 0.007731 0.040235 0.016281 0.006778 0.003986 0.008749 0.023832 0.027878 0.003681 0.002300 0.005109 0.011692 0.001293 0.010482 0.014813 0.002265 0.135195 0.018684 0.053062 0.005429 0.009305 0.003080 0.029282 0.014680 0.026655 0.020152 0.030147 0.233454 0.006217
0.439585 0.000880 0.001376 0.002704 0.008015 0.004985 0.001792 0.000772 0.001184 0.013056 0.006405 0.000714 0.000375 0.001711 0.011354 0.000392 0.004662 0.005833 0.000828 0.186051 0.013068 0.079447 0.000861 0.002681 0.001513 0.006211 0.003442 0.015051 0.006062 0.021509 0.155466 0.002014
0.424476 0.001642 0.002487 0.004921 0.025823 0.008078 0.003292 0.001842 0.002531 0.021813 0.011152 0.001360 0.000847 0.004361 0.020068 0.000767 0.012460 0.007910 0.001714 0.116998 0.017921 0.064851 0.002211 0.005334 0.003241 0.012539 0.007340 0.018194 0.010204 0.035535 0.143808 0.004278
0.297311 0.003098 0.006060 0.010927 0.031366 0.012876 0.005733 0.002786 0.003331 0.021090 0.017009 0.002769 0.001323 0.005467 0.023538 0.001306 0.010992 0.009667 0.002489 0.181859 0.016834 0.086192 0.004212 0.007659 0.004309 0.012971 0.008837 0.022618 0.017636 0.028972 0.132032 0.006733
0.300741 0.002190 0.004528 0.016445 0.023209 0.012271 0.004536 0.002351 0.003354 0.021536 0.010681 0.002722 0.000980 0.005073 0.023228 0.001110 0.009969 0.008855 0.002778 0.190900 0.015647 0.130497 0.002909 0.007905 0.004288 0.008868 0.004328 0.023230 0.008560 0.026958 0.111932 0.007419
