0.274482 0.000543 0.620236 0.001256 0.018564 0.000889 0.000277 0.000089 0.000421 0.000595 0.000205 0.000112 0.001428 0.006590 0.005148 0.000155 0.052427 0.000525 0.000234 0.000253 0.004215 0.000549 0.000346 0.000592 0.000835 0.000561 0.000246 0.001128 0.000847 0.004291 0.001592 0.000369
0.330417 0.037281 0.180777 0.026483 0.068170 0.063933 0.001320 0.000385 0.005750 0.000743 0.034213 0.000250 0.088176 0.048902 0.001205 0.000576 0.006855 0.005207 0.006365 0.001022 0.003748 0.004857 0.000714 0.000460 0.027042 0.003035 0.006479 0.001107 0.006409 0.001998 0.034768 0.001353
0.263180 0.008465 0.035547 0.027163 0.156522 0.050337 0.009107 0.003622 0.011415 0.038410 0.008387 0.002035 0.012748 0.014141 0.038617 0.003559 0.023298 0.014069 0.020615 0.020812 0.016467 0.027577 0.003168 0.015849 0.013320 0.027263 0.002901 0.020221 0.008604 0.045672 0.045003 0.011906
0.701650 0.004505 0.003083 0.023459 0.009916 0.146766 0.000449 0.000145 0.001788 0.000335 0.027270 0.000095 0.029473 0.002605 0.000260 0.000267 0.000979 0.002176 0.001154 0.000883 0.001096 0.002124 0.000180 0.000137 0.003060 0.002024 0.010326 0.000632 0.005088 0.000633 0.017054 0.000387
0.248490 0.000502 0.000044 0.000084 0.000346 0.000051 0.000446 0.000209 0.000435 0.635142 0.000142 0.000119 0.000005 0.000311 0.017857 0.011096 0.010362 0.000754 0.002160 0.015482 0.005958 0.025102 0.000038 0.000968 0.000644 0.000049 0.000138 0.004965 0.000141 0.014193 0.001131 0.002636
0.331397 0.003057 0.000354 0.001030 0.005753 0.001054 0.003763 0.002199 0.001375 0.314755 0.000487 0.000841 0.000009 0.001133 0.010258 0.140935 0.049643 0.005528 0.022837 0.014178 0.007314 0.025546 0.000192 0.008156 0.001633 0.000427 0.000550 0.020522 0.000273 0.014031 0.001834 0.008937
0.597761 0.000276 0.000009 0.000061 0.000168 0.000061 0.000557 0.000332 0.000332 0.232380 0.000021 0.000096 0.000000 0.000029 0.000547 0.133170 0.010103 0.000894 0.008700 0.002549 0.000615 0.003128 0.000005 0.000923 0.000082 0.000035 0.000025 0.004384 0.000007 0.001835 0.000099 0.000815
0.555582 0.000152 0.000060 0.000267 0.000084 0.000367 0.000318 0.000130 0.000891 0.211183 0.000372 0.000048 0.000399 0.000843 0.002504 0.000265 0.001290 0.018070 0.000402 0.103312 0.003071 0.081524 0.000087 0.000253 0.001278 0.000517 0.000623 0.004566 0.000364 0.006251 0.003325 0.001601
0.391718 0.034749 0.077343 0.024301 0.025305 0.076482 0.001143 0.000344 0.003979 0.000447 0.047783 0.000229 0.165616 0.038305 0.000732 0.000395 0.004109 0.005508 0.003518 0.001122 0.002690 0.003173 0.000513 0.000273 0.027514 0.003593 0.012116 0.000852 0.007134 0.001395 0.036619 0.000998
0.771744 0.000034 0.010300 0.000024 0.002556 0.000019 0.000102 0.000041 0.000023 0.001100 0.000019 0.000043 0.000000 0.000196 0.191935 0.000086 0.010858 0.000016 0.000097 0.002754 0.000921 0.003457 0.000021 0.000957 0.000411 0.000037 0.000004 0.000587 0.000018 0.001376 0.000152 0.000113
0.448063 0.003699 0.007574 0.000861 0.003634 0.000669 0.001558 0.000597 0.000536 0.181024 0.000510 0.000579 0.000091 0.005664 0.181722 0.006073 0.038543 0.001225 0.003251 0.022434 0.009104 0.027858 0.000396 0.008118 0.006735 0.000207 0.000199 0.013561 0.000535 0.017489 0.002215 0.005277
0.543743 0.000781 0.004216 0.002167 0.033058 0.000215 0.000670 0.000858 0.004416 0.076633 0.000744 0.000687 0.000079 0.001398 0.125151 0.002426 0.037212 0.000426 0.003604 0.036034 0.027817 0.037609 0.000355 0.003718 0.001875 0.000389 0.000648 0.005377 0.000514 0.041358 0.002412 0.003408
0.859605 0.000012 0.000030 0.001949 0.004175 0.000088 0.000058 0.000023 0.000019 0.001028 0.000048 0.000022 0.000008 0.000024 0.104395 0.000047 0.007115 0.000018 0.000028 0.003072 0.005519 0.004669 0.000014 0.000272 0.000053 0.000094 0.000147 0.000966 0.000059 0.004776 0.001447 0.000220
0.401051 0.002057 0.000220 0.000546 0.003761 0.000545 0.002880 0.001534 0.001028 0.285152 0.000267 0.000580 0.000004 0.000614 0.007241 0.148572 0.050445 0.004069 0.015533 0.009972 0.004603 0.018126 0.000117 0.006362 0.000959 0.000265 0.000278 0.015494 0.000145 0.010704 0.001054 0.005824
0.597761 0.000276 0.000009 0.000061 0.000168 0.000061 0.000557 0.000332 0.000332 0.232380 0.000021 0.000096 0.000000 0.000029 0.000547 0.133170 0.010103 0.000894 0.008700 0.002549 0.000615 0.003128 0.000005 0.000923 0.000082 0.000035 0.000025 0.004384 0.000007 0.001835 0.000099 0.000815
0.276377 0.000122 0.046196 0.000751 0.001380 0.000385 0.000080 0.000048 0.000306 0.000156 0.000126 0.000043 0.000881 0.001453 0.006220 0.000049 0.626017 0.000087 0.000090 0.000230 0.014423 0.000584 0.000021 0.000274 0.000858 0.000092 0.000266 0.000247 0.000084 0.019423 0.002477 0.000253
0.092400 0.000239 0.004070 0.001082 0.003561 0.000479 0.000397 0.000168 0.000111 0.001992 0.000797 0.000075 0.000389 0.007401 0.039648 0.000200 0.446076 0.000571 0.001173 0.004042 0.070513 0.016480 0.000060 0.001824 0.005678 0.000542 0.000262 0.001171 0.000487 0.201813 0.095182 0.001115
0.594970 0.000032 0.013575 0.000344 0.000029 0.000173 0.000037 0.000031 0.000172 0.000150 0.000150 0.000025 0.000351 0.000549 0.004813 0.000022 0.357874 0.000035 0.000030 0.000794 0.013693 0.002098 0.000010 0.000112 0.000568 0.000033 0.000128 0.000140 0.000039 0.008004 0.000853 0.000168
0.525448 0.000042 0.000509 0.003406 0.000265 0.000696 0.000143 0.000057 0.000167 0.000974 0.000118 0.000043 0.000712 0.000522 0.002921 0.000055 0.304129 0.000147 0.000203 0.005966 0.012626 0.055674 0.000063 0.000340 0.000956 0.000145 0.000223 0.002364 0.000064 0.060526 0.019236 0.001263
0.345638 0.001072 0.023719 0.015597 0.036734 0.001575 0.000865 0.000498 0.000721 0.011006 0.000428 0.000658 0.001375 0.003893 0.045517 0.001099 0.226781 0.000661 0.004035 0.015476 0.030328 0.036010 0.004139 0.002428 0.005589 0.002324 0.002113 0.050082 0.001473 0.045467 0.077280 0.005419
0.701419 0.000031 0.000313 0.001522 0.000108 0.000263 0.000195 0.000065 0.000095 0.000864 0.000133 0.000057 0.000123 0.000258 0.003675 0.000075 0.212175 0.000108 0.000099 0.006898 0.016908 0.018474 0.000045 0.000155 0.000567 0.000273 0.000271 0.002231 0.000097 0.021030 0.010749 0.000723
0.718874 0.000040 0.004025 0.000195 0.000023 0.000087 0.000041 0.000018 0.000185 0.000255 0.000115 0.000016 0.000244 0.000426 0.002615 0.000024 0.204948 0.000068 0.000049 0.000410 0.037004 0.002103 0.000005 0.000178 0.000350 0.000037 0.000250 0.000144 0.000034 0.025708 0.001391 0.000138
0.681786 0.000036 0.000749 0.005950 0.001261 0.000388 0.000105 0.000030 0.000055 0.000192 0.000158 0.000019 0.000524 0.000699 0.006918 0.000019 0.203511 0.000112 0.000080 0.000917 0.009641 0.001864 0.000022 0.000146 0.001274 0.000144 0.000248 0.000475 0.000067 0.032921 0.049296 0.000395
0.634464 0.000021 0.000235 0.000079 0.000002 0.000122 0.000034 0.000007 0.000035 0.000157 0.000058 0.000005 0.000038 0.000405 0.000728 0.000014 0.200924 0.000125 0.000049 0.000145 0.130431 0.001010 0.000001 0.000088 0.000219 0.000098 0.000193 0.000082 0.000020 0.020839 0.009313 0.000058
0.641970 0.000248 0.003065 0.002545 0.002977 0.002423 0.000202 0.000066 0.000133 0.001698 0.000676 0.000038 0.003924 0.004516 0.004824 0.000096 0.182425 0.000422 0.000758 0.003925 0.017381 0.012620 0.000050 0.000903 0.002388 0.000248 0.000387 0.001275 0.000610 0.059958 0.046180 0.001072
0.751307 0.000018 0.015884 0.003104 0.001411 0.000065 0.000115 0.000090 0.000064 0.000978 0.000112 0.000052 0.000222 0.000608 0.014071 0.000061 0.175104 0.000086 0.000410 0.004303 0.011020 0.003529 0.000149 0.000176 0.001198 0.000098 0.000322 0.002020 0.000075 0.010009 0.002450 0.000888
0.773303 0.000002 0.000187 0.000058 0.000004 0.000013 0.000010 0.000007 0.000018 0.000122 0.000029 0.000006 0.000009 0.000038 0.007063 0.000003 0.172990 0.000005 0.000009 0.003915 0.012030 0.002761 0.000003 0.000010 0.000144 0.000004 0.000022 0.000098 0.000005 0.025460 0.001609 0.000065
0.639498 0.000013 0.000145 0.000043 0.000002 0.000039 0.000028 0.000006 0.000021 0.000201 0.000030 0.000006 0.000018 0.000221 0.001520 0.000011 0.169562 0.000064 0.000030 0.000174 0.153596 0.001131 0.000001 0.000091 0.000167 0.000043 0.000139 0.000084 0.000013 0.028894 0.004157 0.000051
0.777291 0.000012 0.000349 0.000558 0.000045 0.000230 0.000122 0.000033 0.000046 0.000609 0.000052 0.000044 0.000029 0.000114 0.002425 0.000083 0.163053 0.000044 0.000044 0.005210 0.023408 0.005171 0.000026 0.000066 0.000257 0.000194 0.000184 0.002432 0.000065 0.010996 0.006392 0.000416
0.810232 0.000006 0.000628 0.000139 0.000008 0.000082 0.000015 0.000008 0.000037 0.000060 0.000030 0.000007 0.000034 0.000049 0.003339 0.000004 0.161758 0.000010 0.000005 0.000971 0.005330 0.001472 0.000003 0.000020 0.000135 0.000009 0.000068 0.000081 0.000007 0.014609 0.000806 0.000041
0.638093 0.000023 0.000338 0.000093 0.000010 0.000062 0.000049 0.000018 0.000083 0.000496 0.000081 0.000015 0.000035 0.000262 0.003955 0.000028 0.158929 0.000103 0.000061 0.000465 0.148040 0.002265 0.000002 0.000242 0.000252 0.000046 0.000282 0.000169 0.000032 0.040384 0.004970 0.000114
0.799470 0.000017 0.000182 0.001673 0.000030 0.000650 0.000085 0.000029 0.000080 0.000443 0.000059 0.000031 0.000273 0.000187 0.000879 0.000054 0.145862 0.000063 0.000072 0.003934 0.015131 0.007943 0.000027 0.000066 0.000445 0.000068 0.000121 0.002254 0.000033 0.013196 0.006160 0.000480
0.744796 0.000471 0.002216 0.001628 0.001759 0.003763 0.000276 0.000132 0.000513 0.001403 0.000718 0.000092 0.000830 0.002166 0.002390 0.000262 0.139416 0.000578 0.000849 0.003270 0.012728 0.015545 0.000109 0.000203 0.001757 0.000340 0.001196 0.003118 0.000603 0.025920 0.029465 0.001488
0.804773 0.000007 0.000305 0.000077 0.000016 0.000028 0.000017 0.000013 0.000031 0.000197 0.000086 0.000011 0.000054 0.000081 0.007596 0.000004 0.126291 0.000011 0.000014 0.012708 0.008740 0.003314 0.000006 0.000022 0.000452 0.000014 0.000096 0.000171 0.000019 0.030750 0.003965 0.000129
0.588808 0.000324 0.000288 0.003698 0.000320 0.000909 0.000489 0.000241 0.000218 0.007969 0.000812 0.000186 0.000468 0.001288 0.013022 0.000531 0.124564 0.000164 0.000880 0.038607 0.046709 0.106012 0.000069 0.001295 0.001874 0.000111 0.001917 0.003142 0.000399 0.042572 0.009720 0.002393
0.770112 0.000012 0.000252 0.000080 0.000073 0.000024 0.000083 0.000022 0.000040 0.000707 0.000123 0.000010 0.000007 0.000406 0.014361 0.000011 0.105649 0.000051 0.000060 0.016484 0.012855 0.015129 0.000010 0.000028 0.001452 0.000118 0.000084 0.000569 0.000040 0.024210 0.036717 0.000224
0.874764 0.000002 0.000137 0.000416 0.000023 0.000023 0.000011 0.000005 0.000007 0.000296 0.000002 0.000009 0.000002 0.000031 0.003458 0.000019 0.105237 0.000004 0.000009 0.000898 0.007367 0.000757 0.000003 0.000038 0.000030 0.000003 0.000005 0.000442 0.000003 0.005644 0.000304 0.000051
0.852358 0.000008 0.000599 0.000512 0.000040 0.000268 0.000066 0.000022 0.000034 0.000440 0.000028 0.000028 0.000018 0.000108 0.002711 0.000048 0.103957 0.000027 0.000033 0.004315 0.016773 0.002351 0.000013 0.000045 0.000220 0.000106 0.000121 0.001773 0.000050 0.008376 0.004285 0.000271
0.614597 0.000181 0.000350 0.000147 0.000070 0.000183 0.000221 0.000138 0.000422 0.003503 0.000460 0.000110 0.000074 0.000968 0.022204 0.000085 0.015190 0.000114 0.000146 0.260613 0.006849 0.038688 0.000032 0.000216 0.005887 0.000140 0.000303 0.001327 0.000110 0.019287 0.006681 0.000702
0.774021 0.000022 0.000124 0.000096 0.000011 0.000028 0.000039 0.000024 0.000060 0.001061 0.000086 0.000016 0.000028 0.000232 0.014401 0.000016 0.025604 0.000018 0.000029 0.143096 0.005921 0.016854 0.000010 0.000045 0.001388 0.000020 0.000050 0.000293 0.000019 0.013817 0.002335 0.000237
0.555582 0.000152 0.000060 0.000267 0.000084 0.000367 0.000318 0.000130 0.000891 0.211183 0.000372 0.000048 0.000399 0.000843 0.002504 0.000265 0.001290 0.018070 0.000402 0.103312 0.003071 0.081524 0.000087 0.000253 0.001278 0.000517 0.000623 0.004566 0.000364 0.006251 0.003325 0.001601
0.639498 0.000013 0.000145 0.000043 0.000002 0.000039 0.000028 0.000006 0.000021 0.000201 0.000030 0.000006 0.000018 0.000221 0.001520 0.000011 0.169562 0.000064 0.000030 0.000174 0.153596 0.001131 0.000001 0.000091 0.000167 0.000043 0.000139 0.000084 0.000013 0.028894 0.004157 0.000051
0.625273 0.000026 0.000177 0.000064 0.000003 0.000105 0.000051 0.000009 0.000025 0.000262 0.000051 0.000009 0.000033 0.000424 0.001217 0.000023 0.180644 0.000135 0.000069 0.000189 0.151797 0.001378 0.000002 0.000174 0.000290 0.000135 0.000193 0.000138 0.000025 0.027525 0.009475 0.000078
0.638093 0.000023 0.000338 0.000093 0.000010 0.000062 0.000049 0.000018 0.000083 0.000496 0.000081 0.000015 0.000035 0.000262 0.003955 0.000028 0.158929 0.000103 0.000061 0.000465 0.148040 0.002265 0.000002 0.000242 0.000252 0.000046 0.000282 0.000169 0.000032 0.040384 0.004970 0.000114
0.203323 0.000018 0.000005 0.000011 0.000008 0.000036 0.000009 0.000005 0.000062 0.000927 0.000103 0.000002 0.000024 0.000049 0.000189 0.000006 0.000288 0.000077 0.000016 0.016034 0.000445 0.776631 0.000007 0.000040 0.000139 0.000012 0.000069 0.000051 0.000031 0.000704 0.000600 0.000079
0.416536 0.000032 0.000086 0.003109 0.000066 0.001842 0.000025 0.000015 0.000105 0.000713 0.000091 0.000020 0.001063 0.000179 0.000433 0.000012 0.001729 0.000116 0.000114 0.020784 0.000884 0.543478 0.000042 0.000236 0.000472 0.000035 0.000141 0.000533 0.000029 0.004950 0.001777 0.000352
0.607727 0.000008 0.000025 0.000561 0.000034 0.000393 0.000009 0.000004 0.000032 0.000395 0.000027 0.000006 0.000046 0.000034 0.000199 0.000003 0.000180 0.000038 0.000017 0.024342 0.000567 0.363334 0.000018 0.000051 0.000201 0.000021 0.000129 0.000163 0.000014 0.000905 0.000419 0.000099
0.685983 0.000002 0.000006 0.000099 0.000014 0.000178 0.000001 0.000001 0.000004 0.000080 0.000021 0.000000 0.000038 0.000021 0.000159 0.000000 0.000261 0.000029 0.000006 0.006588 0.000149 0.301964 0.000001 0.000009 0.000093 0.000006 0.000014 0.000050 0.000006 0.000786 0.003402 0.000027
0.478215 0.001590 0.000872 0.002450 0.003061 0.003201 0.000713 0.000505 0.001263 0.032656 0.004035 0.000405 0.000662 0.001938 0.005785 0.001626 0.007654 0.002771 0.004914 0.068648 0.010352 0.285948 0.001262 0.004452 0.001890 0.001543 0.004504 0.028477 0.003214 0.012943 0.018282 0.004167
0.623095 0.000184 0.000178 0.000875 0.000223 0.000794 0.000178 0.000300 0.000846 0.023539 0.001400 0.000078 0.000301 0.000589 0.001965 0.000330 0.001220 0.001365 0.000306 0.045997 0.004195 0.278633 0.000181 0.000892 0.000557 0.000279 0.001360 0.002491 0.000662 0.003461 0.001732 0.001792
0.694253 0.000012 0.000272 0.000297 0.000035 0.000130 0.000015 0.000007 0.000022 0.000306 0.000048 0.000007 0.000083 0.000089 0.001108 0.000006 0.003834 0.000034 0.000034 0.021024 0.002010 0.271750 0.000009 0.000081 0.000220 0.000035 0.000188 0.000224 0.000041 0.002843 0.000763 0.000221
0.572338 0.000504 0.000600 0.002372 0.003737 0.001460 0.000704 0.000378 0.000735 0.005278 0.002180 0.000430 0.000208 0.000581 0.008760 0.000270 0.016700 0.000821 0.001177 0.057306 0.009121 0.241178 0.000567 0.001595 0.001122 0.003040 0.002546 0.010954 0.001625 0.015056 0.034255 0.002404
0.611553 0.000809 0.000352 0.005395 0.012477 0.002071 0.000813 0.000474 0.004020 0.014634 0.002395 0.000631 0.000782 0.000736 0.004626 0.000457 0.007268 0.000915 0.001001 0.047426 0.005134 0.225666 0.002333 0.001277 0.000900 0.001023 0.002506 0.007475 0.001476 0.007422 0.022353 0.003603
0.594422 0.000505 0.000074 0.000540 0.001020 0.000544 0.000331 0.000322 0.000954 0.056521 0.001931 0.000240 0.000105 0.000729 0.006739 0.000492 0.003015 0.001744 0.000570 0.080429 0.005025 0.216412 0.000183 0.000689 0.001022 0.000483 0.001818 0.002737 0.001301 0.012112 0.005403 0.001589
0.636503 0.000916 0.000789 0.001586 0.005023 0.003819 0.000536 0.000385 0.003900 0.010444 0.004832 0.000381 0.000925 0.001169 0.003217 0.000398 0.003579 0.001124 0.001336 0.056491 0.002564 0.209704 0.000652 0.001828 0.001377 0.001717 0.004838 0.008017 0.002487 0.004403 0.021392 0.003670
0.712123 0.000045 0.000265 0.000676 0.000065 0.000265 0.000052 0.000025 0.000044 0.000998 0.000151 0.000017 0.000232 0.000334 0.003266 0.000037 0.028096 0.000054 0.000126 0.021114 0.009788 0.204612 0.000011 0.000225 0.000652 0.000044 0.000476 0.000626 0.000102 0.011633 0.003330 0.000520
0.580197 0.000641 0.000543 0.002611 0.004785 0.003413 0.000701 0.000351 0.001379 0.004256 0.004119 0.000441 0.000517 0.000849 0.006528 0.000242 0.011711 0.000925 0.000960 0.069137 0.006591 0.202371 0.000472 0.000796 0.002676 0.003231 0.005411 0.004795 0.001959 0.011173 0.063257 0.002960
0.753943 0.000040 0.000188 0.002891 0.000743 0.009116 0.000039 0.000022 0.000050 0.000691 0.000692 0.000011 0.001780 0.000550 0.001786 0.000007 0.003760 0.000188 0.000171 0.017668 0.000959 0.180259 0.000013 0.000144 0.001035 0.000039 0.000114 0.000310 0.000165 0.005825 0.016497 0.000304
0.793700 0.000127 0.000113 0.000192 0.000405 0.000658 0.000117 0.000078 0.000990 0.003585 0.000504 0.000049 0.000331 0.000241 0.001085 0.000102 0.001468 0.000355 0.000269 0.027198 0.002700 0.154818 0.000122 0.000067 0.000554 0.000262 0.001043 0.000480 0.000584 0.002147 0.005175 0.000481
0.763078 0.000156 0.000265 0.000731 0.000880 0.001364 0.000150 0.000072 0.000078 0.002774 0.001733 0.000045 0.000604 0.001405 0.003863 0.000047 0.006627 0.000398 0.000404 0.023776 0.004279 0.149495 0.000042 0.000950 0.001684 0.000152 0.000412 0.000701 0.000706 0.013709 0.018656 0.000761
0.600121 0.000532 0.001022 0.009547 0.021259 0.002007 0.001041 0.000950 0.002552 0.023213 0.003356 0.001219 0.000551 0.001239 0.017397 0.001021 0.020963 0.000884 0.001177 0.047997 0.013910 0.141708 0.002992 0.004465 0.001171 0.001139 0.005145 0.013589 0.002395 0.023463 0.026889 0.005086
0.704138 0.001031 0.001284 0.002678 0.002310 0.009751 0.000323 0.000198 0.000619 0.005670 0.002464 0.000101 0.002668 0.003687 0.003977 0.000338 0.033723 0.001217 0.002060 0.009527 0.016059 0.100331 0.000197 0.000311 0.004370 0.000656 0.003777 0.003394 0.002496 0.024340 0.053638 0.002665
0.138254 0.000348 0.002727 0.002724 0.006159 0.001218 0.000538 0.000269 0.000157 0.003759 0.001448 0.000123 0.000454 0.006929 0.056049 0.000435 0.268509 0.000907 0.002550 0.005250 0.083877 0.023567 0.000091 0.007436 0.004780 0.000536 0.000384 0.002025 0.000643 0.298290 0.077387 0.002176
0.012241 0.002538 0.001335 0.001396 0.005703 0.002199 0.000679 0.000151 0.000338 0.003566 0.000288 0.000121 0.003908 0.005765 0.001731 0.000590 0.061866 0.001793 0.008244 0.001670 0.006254 0.019942 0.001704 0.000329 0.004626 0.002287 0.000851 0.005559 0.001398 0.014127 0.825239 0.001561
0.521919 0.000540 0.000666 0.001570 0.004399 0.002472 0.000642 0.000246 0.000148 0.003204 0.007752 0.000106 0.001053 0.004062 0.012716 0.000159 0.028863 0.001494 0.000813 0.016417 0.007630 0.028935 0.000077 0.003315 0.004618 0.003853 0.001563 0.004092 0.003616 0.039141 0.291966 0.001951
0.677802 0.000037 0.000027 0.000070 0.000505 0.000323 0.000048 0.000018 0.000009 0.000500 0.001237 0.000006 0.000032 0.000224 0.003025 0.000006 0.002672 0.000236 0.000040 0.013102 0.000433 0.021539 0.000008 0.000108 0.000797 0.000597 0.000117 0.000962 0.000449 0.005789 0.269031 0.000250
0.395801 0.000915 0.002109 0.004228 0.010120 0.004736 0.001092 0.000480 0.000642 0.008494 0.007336 0.000235 0.001568 0.008867 0.028259 0.000284 0.059685 0.002263 0.002776 0.017463 0.020174 0.073625 0.000273 0.003926 0.008420 0.001163 0.001430 0.003627 0.002139 0.090512 0.233724 0.003637
0.254065 0.003037 0.004275 0.033689 0.029890 0.048322 0.003459 0.001528 0.000978 0.013276 0.019195 0.001008 0.016721 0.026727 0.029074 0.001117 0.035166 0.003633 0.013793 0.037652 0.016591 0.062327 0.000833 0.008332 0.017220 0.015103 0.002301 0.009517 0.010794 0.050485 0.223663 0.006228
0.716677 0.000085 0.000260 0.000759 0.001618 0.001277 0.000120 0.000053 0.000046 0.001218 0.001970 0.000018 0.000386 0.001028 0.005983 0.000022 0.015719 0.000484 0.000243 0.007060 0.002510 0.017806 0.000020 0.000347 0.001582 0.000474 0.000328 0.000874 0.000617 0.016016 0.203843 0.000558
0.561281 0.005537 0.007181 0.001921 0.001950 0.013127 0.004209 0.001046 0.003054 0.011614 0.007430 0.000528 0.001795 0.025939 0.010172 0.000708 0.024505 0.004927 0.003941 0.027055 0.010934 0.036210 0.000885 0.000658 0.023567 0.003820 0.001098 0.006651 0.001857 0.020497 0.172278 0.003624
0.678843 0.001037 0.001379 0.001344 0.000231 0.012372 0.000166 0.000076 0.000192 0.001015 0.001822 0.000026 0.004356 0.009103 0.001366 0.000066 0.016215 0.001324 0.000697 0.004697 0.005464 0.058072 0.000039 0.000068 0.019149 0.000654 0.001665 0.000922 0.000875 0.009560 0.166443 0.000762
0.751151 0.000177 0.000487 0.004512 0.003083 0.000507 0.000265 0.000097 0.000184 0.000442 0.000928 0.000042 0.000374 0.001198 0.010999 0.000055 0.040864 0.000898 0.000158 0.002146 0.012842 0.005198 0.000076 0.000260 0.003240 0.000910 0.001488 0.000752 0.000465 0.020382 0.135145 0.000674
0.788606 0.000188 0.000612 0.000650 0.000291 0.002711 0.000219 0.000086 0.000116 0.004110 0.000723 0.000033 0.000260 0.003500 0.003271 0.000080 0.009093 0.002271 0.000358 0.009240 0.006706 0.028738 0.000024 0.001343 0.003325 0.000422 0.000508 0.001729 0.000208 0.013454 0.116499 0.000627
0.816198 0.002325 0.000142 0.001526 0.003982 0.005300 0.000315 0.000106 0.001625 0.000808 0.009963 0.000066 0.006049 0.001109 0.000308 0.000138 0.004295 0.003689 0.000728 0.002663 0.001272 0.017767 0.000175 0.000088 0.001534 0.001242 0.006506 0.000340 0.001783 0.002152 0.105364 0.000444
0.742706 0.003221 0.000241 0.001969 0.001399 0.001104 0.000877 0.000471 0.000941 0.007751 0.014647 0.000394 0.000042 0.000971 0.019490 0.000368 0.005907 0.000408 0.000564 0.035737 0.004757 0.023397 0.000263 0.001178 0.003576 0.003163 0.001946 0.007549 0.000665 0.011621 0.101190 0.001488
0.736891 0.001182 0.007911 0.003921 0.044594 0.003723 0.000152 0.000101 0.000575 0.003508 0.002988 0.000095 0.003193 0.001200 0.005358 0.000218 0.021665 0.000368 0.001521 0.008469 0.008424 0.021236 0.000532 0.000435 0.002647 0.000790 0.003793 0.003468 0.001093 0.007415 0.101026 0.001506
