0.335385 0.002169 0.001772 0.376782 0.001041 0.231556 0.001022 0.000422 0.005437 0.000459 0.001668 0.000430 0.015932 0.001007 0.000131 0.001372 0.001778 0.002219 0.001319 0.000405 0.001038 0.000935 0.000267 0.001354 0.000518 0.001934 0.003144 0.003312 0.000277 0.000918 0.002483 0.001514
0.733718 0.000453 0.000094 0.233122 0.000134 0.000951 0.000340 0.000068 0.000355 0.000194 0.000152 0.000052 0.002205 0.001094 0.000258 0.000219 0.007879 0.000700 0.000172 0.000121 0.007486 0.000539 0.000016 0.000504 0.000562 0.000767 0.000294 0.000405 0.000041 0.004249 0.002500 0.000357
0.000460 0.000003 0.000030 0.000013 0.000001 0.997643 0.000000 0.000000 0.000003 0.000000 0.000038 0.000000 0.001798 0.000001 0.000000 0.000000 0.000000 0.000001 0.000000 0.000000 0.000000 0.000000 0.000000 0.000000 0.000000 0.000001 0.000004 0.000001 0.000000 0.000000 0.000001 0.000000
0.299196 0.000343 0.000564 0.002235 0.000087 0.655788 0.000037 0.000076 0.000758 0.000700 0.000858 0.000044 0.022198 0.000210 0.000218 0.000075 0.000199 0.000156 0.000148 0.006903 0.000200 0.000966 0.000055 0.000159 0.000637 0.000156 0.001112 0.003349 0.000066 0.000633 0.001207 0.000670
0.730940 0.001075 0.000417 0.014147 0.001505 0.122592 0.000216 0.000349 0.003576 0.006260 0.004725 0.000076 0.023098 0.000623 0.002948 0.000120 0.002056 0.000694 0.001006 0.024818 0.001694 0.029736 0.000078 0.000343 0.008450 0.000435 0.000869 0.001890 0.000338 0.003789 0.010172 0.000967
0.421099 0.000484 0.000960 0.003455 0.004081 0.000469 0.001478 0.000636 0.003598 0.122171 0.000183 0.002289 0.000162 0.001243 0.021461 0.007159 0.040078 0.001178 0.002035 0.048012 0.020796 0.061087 0.001659 0.145669 0.000837 0.000311 0.000275 0.028430 0.000301 0.052357 0.001084 0.004963
0.722522 0.000081 0.000298 0.000220 0.001122 0.000159 0.000403 0.000142 0.000126 0.112229 0.000074 0.000129 0.000016 0.000132 0.027037 0.001411 0.034567 0.000140 0.000836 0.032749 0.012692 0.016601 0.000102 0.001523 0.000251 0.000044 0.000079 0.004698 0.000080 0.027559 0.000396 0.001580
0.469553 0.001792 0.000425 0.009760 0.000010 0.396604 0.000174 0.000046 0.000725 0.000120 0.001402 0.000098 0.109158 0.001124 0.000017 0.000116 0.000599 0.001282 0.000151 0.000439 0.000877 0.000377 0.000019 0.000486 0.000520 0.000417 0.000716 0.001177 0.000070 0.000514 0.000924 0.000309
0.681678 0.000012 0.000107 0.000067 0.000013 0.000013 0.000045 0.000015 0.000011 0.000085 0.000025 0.000039 0.000009 0.000049 0.001242 0.000068 0.239238 0.000010 0.000014 0.000179 0.063135 0.000202 0.000008 0.000901 0.000089 0.000086 0.000275 0.000493 0.000020 0.011684 0.000127 0.000060
0.695846 0.000002 0.000011 0.000012 0.000000 0.000002 0.000008 0.000002 0.000004 0.000038 0.000007 0.000007 0.000002 0.000008 0.000193 0.000009 0.190262 0.000001 0.000002 0.000159 0.100927 0.000077 0.000001 0.000091 0.000022 0.000006 0.000049 0.000093 0.000003 0.012072 0.000072 0.000015
0.381241 0.000811 0.001539 0.006232 0.005071 0.002458 0.001838 0.001388 0.003031 0.022493 0.005542 0.002599 0.001337 0.001446 0.008520 0.000654 0.004439 0.003614 0.001354 0.329066 0.013415 0.114367 0.005529 0.002036 0.001848 0.001542 0.001642 0.012657 0.003184 0.015165 0.041238 0.002705
0.528571 0.000912 0.004271 0.003235 0.003367 0.007986 0.001944 0.002034 0.000995 0.026373 0.014351 0.002878 0.001131 0.001384 0.019875 0.000421 0.009447 0.000881 0.002916 0.262165 0.015583 0.027531 0.001678 0.004915 0.004275 0.001175 0.001517 0.005680 0.004053 0.013122 0.022199 0.003135
0.399701 0.000823 0.003819 0.008807 0.013680 0.005482 0.001626 0.001380 0.001288 0.026420 0.010506 0.001246 0.000738 0.002015 0.026830 0.000380 0.009369 0.003298 0.001659 0.227257 0.010927 0.138149 0.002382 0.012515 0.003438 0.001902 0.002096 0.012713 0.004682 0.021506 0.037856 0.005510
0.621908 0.000495 0.000855 0.003293 0.000485 0.007642 0.000746 0.000719 0.001337 0.016162 0.008537 0.000513 0.000668 0.000697 0.004538 0.000114 0.004721 0.001348 0.000178 0.217647 0.011010 0.025041 0.000577 0.001214 0.002964 0.001738 0.001340 0.004349 0.002080 0.012280 0.043642 0.001162
0.620467 0.000466 0.000789 0.004143 0.000764 0.004694 0.000952 0.000847 0.001002 0.019819 0.008738 0.000595 0.000426 0.000612 0.006964 0.000122 0.004321 0.001071 0.000235 0.208248 0.010649 0.030060 0.000664 0.001788 0.002599 0.001640 0.001625 0.003324 0.002913 0.013310 0.044811 0.001343
0.753103 0.000055 0.000155 0.001806 0.000077 0.000767 0.000110 0.000118 0.001681 0.002404 0.000450 0.000074 0.000487 0.000139 0.001976 0.000047 0.001290 0.000257 0.000070 0.206392 0.001898 0.017349 0.000046 0.000342 0.000485 0.000203 0.000466 0.000830 0.000046 0.004463 0.001844 0.000570
0.626240 0.000509 0.002058 0.005173 0.003691 0.007576 0.000598 0.000988 0.000789 0.031383 0.007473 0.000435 0.000753 0.000730 0.015422 0.000147 0.010799 0.000701 0.000985 0.204207 0.008772 0.026008 0.000711 0.003490 0.002551 0.000442 0.001067 0.004290 0.002137 0.010585 0.017182 0.002108
0.734145 0.000054 0.000439 0.005484 0.000396 0.000399 0.000225 0.000150 0.000878 0.001528 0.000629 0.000306 0.000170 0.000183 0.010390 0.000049 0.003662 0.000137 0.000058 0.189794 0.006931 0.032545 0.000107 0.000647 0.001071 0.000208 0.000625 0.001165 0.000098 0.004581 0.002419 0.000528
0.452769 0.001390 0.003103 0.013771 0.023066 0.012570 0.002146 0.002448 0.004973 0.021973 0.022965 0.001944 0.004614 0.002433 0.016277 0.000824 0.012508 0.003930 0.005109 0.184110 0.012558 0.092831 0.002895 0.014460 0.004717 0.001964 0.003942 0.012603 0.004503 0.017988 0.030657 0.007958
0.786661 0.000007 0.000066 0.000489 0.000029 0.000041 0.000015 0.000019 0.000133 0.001715 0.000081 0.000023 0.000011 0.000062 0.012206 0.000027 0.001610 0.000010 0.000009 0.181069 0.001200 0.008182 0.000007 0.000118 0.000299 0.000023 0.000239 0.000608 0.000018 0.004511 0.000294 0.000218
0.656368 0.000581 0.000471 0.001023 0.000500 0.000794 0.001767 0.001529 0.001113 0.015858 0.005267 0.006529 0.000181 0.000624 0.017154 0.000376 0.010596 0.000452 0.000335 0.175732 0.027911 0.017427 0.000440 0.002062 0.002231 0.001819 0.004243 0.007227 0.001038 0.025234 0.010722 0.002396
0.681285 0.000291 0.000496 0.001457 0.000426 0.001026 0.001125 0.001141 0.001031 0.013947 0.004716 0.002452 0.000133 0.000434 0.021339 0.000258 0.011504 0.000340 0.000177 0.164869 0.031654 0.016631 0.000316 0.001665 0.001376 0.001002 0.003151 0.004580 0.000724 0.020950 0.007597 0.001905
0.684859 0.000348 0.001104 0.006664 0.000233 0.003029 0.000997 0.000533 0.001841 0.005506 0.001853 0.000804 0.001287 0.000973 0.005820 0.000330 0.006065 0.001410 0.000423 0.150137 0.014354 0.073813 0.000527 0.001221 0.003080 0.001265 0.002870 0.004851 0.000495 0.012576 0.008608 0.002124
0.761736 0.000302 0.000512 0.001164 0.000461 0.000759 0.000617 0.000610 0.000551 0.008078 0.007412 0.000920 0.000150 0.000257 0.006738 0.000086 0.002710 0.000226 0.000186 0.147961 0.009907 0.018397 0.000324 0.001320 0.001320 0.000705 0.001195 0.001341 0.002030 0.008244 0.013089 0.000692
0.440629 0.002807 0.002957 0.006043 0.016841 0.009889 0.002548 0.001228 0.001955 0.029155 0.025504 0.000998 0.002295 0.003617 0.025692 0.000965 0.011024 0.001650 0.003040 0.144380 0.015915 0.109339 0.002076 0.004687 0.004169 0.004437 0.005495 0.015581 0.013553 0.036485 0.051102 0.003944
0.660690 0.000594 0.001691 0.012498 0.000685 0.001882 0.001526 0.000794 0.002274 0.005975 0.003495 0.001553 0.000701 0.000914 0.009538 0.000492 0.006723 0.001209 0.000577 0.143741 0.017545 0.087571 0.001063 0.002326 0.002671 0.001088 0.003440 0.004232 0.000722 0.011439 0.008077 0.002269
0.760599 0.000087 0.000127 0.003104 0.000441 0.002868 0.000261 0.000110 0.000263 0.010945 0.000720 0.000171 0.000440 0.000177 0.002940 0.000080 0.001593 0.000590 0.000117 0.135324 0.004231 0.040749 0.000198 0.000465 0.000553 0.002747 0.000855 0.013314 0.000410 0.008503 0.006388 0.000630
0.815888 0.000267 0.000217 0.002150 0.000238 0.000410 0.000143 0.000236 0.000241 0.007054 0.002222 0.000177 0.000116 0.000332 0.005446 0.000170 0.002480 0.000202 0.000159 0.126375 0.005929 0.009082 0.000210 0.000660 0.001132 0.000282 0.000529 0.003208 0.000373 0.009228 0.003795 0.001050
0.419377 0.004267 0.000665 0.006157 0.002862 0.003085 0.003176 0.001017 0.013383 0.024999 0.007779 0.001396 0.000607 0.003983 0.004390 0.001072 0.006129 0.007042 0.002281 0.117477 0.010597 0.164143 0.000412 0.003350 0.001487 0.001950 0.001067 0.017872 0.001039 0.023761 0.138674 0.004505
0.801749 0.000110 0.002563 0.000985 0.001892 0.004569 0.000103 0.000113 0.000074 0.006616 0.002616 0.000160 0.000490 0.000461 0.005886 0.000038 0.001640 0.000601 0.000112 0.116907 0.005890 0.020729 0.000198 0.000358 0.001155 0.000550 0.000570 0.002937 0.001125 0.005246 0.013285 0.000271
0.877217 0.000002 0.000003 0.000262 0.000004 0.000054 0.000012 0.000008 0.000035 0.000764 0.000053 0.000006 0.000011 0.000008 0.000833 0.000003 0.000291 0.000011 0.000003 0.113967 0.000762 0.001918 0.000002 0.000032 0.000048 0.000043 0.000207 0.000339 0.000009 0.002009 0.000945 0.000139
0.794484 0.000386 0.000358 0.001859 0.000320 0.006348 0.000316 0.000432 0.001051 0.013824 0.007250 0.000192 0.000935 0.000470 0.002199 0.000056 0.002137 0.000982 0.000128 0.112583 0.004143 0.016487 0.000214 0.000511 0.002025 0.000636 0.000541 0.001911 0.001277 0.006154 0.019158 0.000632
0.718207 0.000412 0.000575 0.004664 0.001197 0.000580 0.002058 0.001020 0.001699 0.008911 0.002283 0.006367 0.000252 0.000566 0.018311 0.000429 0.008294 0.000575 0.000450 0.112300 0.013677 0.053756 0.000624 0.003592 0.003096 0.001295 0.002339 0.006278 0.000411 0.015773 0.007773 0.002233
0.685870 0.001005 0.001741 0.012743 0.001439 0.001476 0.003090 0.001414 0.002656 0.008152 0.003895 0.005159 0.000441 0.001181 0.014452 0.000975 0.007871 0.001577 0.000803 0.105747 0.017646 0.070762 0.001390 0.003791 0.003419 0.001922 0.004636 0.007289 0.000816 0.012233 0.011305 0.003107
0.737474 0.000002 0.000001 0.000000 0.000000 0.000006 0.000006 0.000000 0.000000 0.000013 0.000003 0.000001 0.000001 0.000009 0.000007 0.000008 0.009690 0.000006 0.000001 0.000252 0.249064 0.000039 0.000000 0.000019 0.000006 0.000035 0.000123 0.000036 0.000006 0.001816 0.001373 0.000004
0.844513 0.000018 0.000008 0.000005 0.000000 0.000034 0.000081 0.000004 0.000003 0.000113 0.000010 0.000015 0.000003 0.000076 0.000021 0.000077 0.005681 0.000074 0.000005 0.000566 0.144665 0.000154 0.000001 0.000081 0.000017 0.000046 0.000167 0.000234 0.000007 0.002337 0.000966 0.000016
0.763705 0.000762 0.000081 0.000207 0.000071 0.000142 0.003262 0.000652 0.000329 0.006296 0.000364 0.003772 0.000035 0.000180 0.001333 0.002989 0.036391 0.000195 0.000193 0.018665 0.129922 0.005014 0.000500 0.002074 0.000284 0.000729 0.001216 0.003927 0.000289 0.014339 0.001726 0.000355
0.695846 0.000002 0.000011 0.000012 0.000000 0.000002 0.000008 0.000002 0.000004 0.000038 0.000007 0.000007 0.000002 0.000008 0.000193 0.000009 0.190262 0.000001 0.000002 0.000159 0.100927 0.000077 0.000001 0.000091 0.000022 0.000006 0.000049 0.000093 0.000003 0.012072 0.000072 0.000015
0.891945 0.000000 0.000000 0.000000 0.000000 0.000000 0.000003 0.000000 0.000000 0.000014 0.000000 0.000002 0.000000 0.000001 0.000001 0.000005 0.006787 0.000000 0.000000 0.000041 0.100650 0.000004 0.000000 0.000011 0.000000 0.000001 0.000008 0.000013 0.000000 0.000495 0.000017 0.000001
0.451701 0.001567 0.000573 0.006526 0.007414 0.002956 0.000905 0.000409 0.001154 0.032247 0.007109 0.000321 0.000834 0.001943 0.012039 0.000560 0.008722 0.001398 0.002354 0.122114 0.016654 0.195066 0.001194 0.002748 0.002161 0.001697 0.002490 0.013585 0.003191 0.044119 0.050695 0.003555
0.419377 0.004267 0.000665 0.006157 0.002862 0.003085 0.003176 0.001017 0.013383 0.024999 0.007779 0.001396 0.000607 0.003983 0.004390 0.001072 0.006129 0.007042 0.002281 0.117477 0.010597 0.164143 0.000412 0.003350 0.001487 0.001950 0.001067 0.017872 0.001039 0.023761 0.138674 0.004505
0.399701 0.000823 0.003819 0.008807 0.013680 0.005482 0.001626 0.001380 0.001288 0.026420 0.010506 0.001246 0.000738 0.002015 0.026830 0.000380 0.009369 0.003298 0.001659 0.227257 0.010927 0.138149 0.002382 0.012515 0.003438 0.001902 0.002096 0.012713 0.004682 0.021506 0.037856 0.005510
0.381241 0.000811 0.001539 0.006232 0.005071 0.002458 0.001838 0.001388 0.003031 0.022493 0.005542 0.002599 0.001337 0.001446 0.008520 0.000654 0.004439 0.003614 0.001354 0.329066 0.013415 0.114367 0.005529 0.002036 0.001848 0.001542 0.001642 0.012657 0.003184 0.015165 0.041238 0.002705
0.421099 0.000484 0.000960 0.003455 0.004081 0.000469 0.001478 0.000636 0.003598 0.122171 0.000183 0.002289 0.000162 0.001243 0.021461 0.007159 0.040078 0.001178 0.002035 0.048012 0.020796 0.061087 0.001659 0.145669 0.000837 0.000311 0.000275 0.028430 0.000301 0.052357 0.001084 0.004963
0.813013 0.000008 0.000028 0.000180 0.000102 0.000269 0.000049 0.000048 0.000023 0.000186 0.001147 0.000061 0.000002 0.000006 0.001405 0.000202 0.000488 0.000028 0.000046 0.010595 0.001813 0.001597 0.000020 0.000090 0.000045 0.006379 0.144692 0.002215 0.001123 0.001271 0.012702 0.000168
0.707678 0.000029 0.000004 0.000095 0.000004 0.001933 0.000015 0.000018 0.000033 0.000501 0.000019 0.000036 0.000001 0.000004 0.000537 0.000107 0.000155 0.000011 0.000026 0.004641 0.000183 0.001030 0.000007 0.000081 0.000039 0.000186 0.000194 0.281021 0.000013 0.000561 0.000740 0.000096
0.737475 0.000002 0.000000 0.000022 0.000000 0.000799 0.000001 0.000001 0.000005 0.000048 0.000001 0.000003 0.000000 0.000000 0.000053 0.000011 0.000016 0.000001 0.000002 0.000490 0.000013 0.000114 0.000000 0.000007 0.000003 0.000006 0.000008 0.260832 0.000000 0.000041 0.000037 0.000007
0.685442 0.000249 0.000058 0.001614 0.000312 0.005755 0.000286 0.000494 0.000937 0.006040 0.000482 0.000416 0.000048 0.000069 0.003372 0.004390 0.001550 0.000387 0.000819 0.045680 0.003637 0.007528 0.000286 0.001400 0.000585 0.003386 0.010020 0.194132 0.000660 0.009980 0.007240 0.002747
0.799467 0.000168 0.000045 0.000241 0.000087 0.001464 0.000078 0.000099 0.000195 0.001776 0.000087 0.000144 0.000031 0.000096 0.001200 0.000354 0.001510 0.000132 0.000184 0.005947 0.000424 0.004174 0.000063 0.000370 0.000626 0.000209 0.000198 0.175055 0.000046 0.003217 0.001928 0.000383
0.796639 0.000167 0.000032 0.000613 0.000036 0.005275 0.000062 0.000052 0.000122 0.001308 0.000118 0.000098 0.000010 0.000036 0.002907 0.000220 0.000802 0.000046 0.000065 0.008386 0.000952 0.002893 0.000028 0.000449 0.000248 0.000600 0.000808 0.171764 0.000103 0.001857 0.002967 0.000335
0.477704 0.000199 0.000038 0.001408 0.000093 0.006856 0.000846 0.000094 0.000077 0.000464 0.000610 0.000222 0.000208 0.001167 0.000450 0.000400 0.084862 0.001289 0.001115 0.007504 0.071334 0.003528 0.000099 0.001964 0.001020 0.006394 0.004178 0.009829 0.000781 0.016404 0.297851 0.001011
0.419377 0.004267 0.000665 0.006157 0.002862 0.003085 0.003176 0.001017 0.013383 0.024999 0.007779 0.001396 0.000607 0.003983 0.004390 0.001072 0.006129 0.007042 0.002281 0.117477 0.010597 0.164143 0.000412 0.003350 0.001487 0.001950 0.001067 0.017872 0.001039 0.023761 0.138674 0.004505
