0.537122 0.000541 0.135108 0.090617 0.109945 0.031403 0.000211 0.000163 0.000816 0.000558 0.003065 0.000128 0.004981 0.001535 0.011695 0.000196 0.030083 0.000556 0.000422 0.001167 0.004340 0.004726 0.000176 0.002154 0.001980 0.000329 0.001330 0.002387 0.000384 0.010597 0.009707 0.001578
0.384519 0.000556 0.031626 0.366540 0.025626 0.066399 0.000189 0.000151 0.000306 0.000719 0.002744 0.000100 0.007715 0.001921 0.013497 0.000172 0.028068 0.000612 0.000418 0.001762 0.006217 0.006095 0.000137 0.001505 0.003441 0.000484 0.001455 0.005388 0.000382 0.015456 0.023806 0.001993
0.639455 0.000863 0.000459 0.247421 0.018074 0.041186 0.000396 0.000229 0.001137 0.000861 0.005599 0.000102 0.002549 0.000395 0.000958 0.000165 0.000332 0.002426 0.000268 0.003641 0.001286 0.007408 0.000238 0.000660 0.000367 0.005400 0.002698 0.001423 0.001812 0.001842 0.009850 0.000501
0.092068 0.001298 0.000379 0.231508 0.007562 0.020030 0.002658 0.001882 0.002545 0.012864 0.008665 0.000961 0.000640 0.001594 0.004000 0.002967 0.008155 0.007689 0.005155 0.258229 0.018331 0.199802 0.011044 0.003995 0.003535 0.004214 0.001470 0.013764 0.002551 0.022275 0.037888 0.010284
0.589153 0.001779 0.000345 0.207298 0.001646 0.006028 0.001953 0.000659 0.000674 0.021927 0.005307 0.001232 0.007407 0.002778 0.005564 0.001623 0.006938 0.001177 0.011998 0.022389 0.004798 0.016657 0.000499 0.019100 0.003025 0.000144 0.000433 0.002520 0.000529 0.044914 0.006010 0.003495
0.762398 0.001046 0.000095 0.157478 0.000829 0.014740 0.000534 0.000332 0.003263 0.003995 0.002856 0.000467 0.000675 0.000305 0.001111 0.000372 0.001709 0.000625 0.000154 0.012061 0.001497 0.014994 0.000395 0.001277 0.000291 0.000528 0.000495 0.010124 0.000150 0.002575 0.001488 0.001142
0.830256 0.000029 0.000022 0.154692 0.001620 0.004081 0.000044 0.000015 0.000134 0.000110 0.000149 0.000017 0.000624 0.000049 0.000355 0.000042 0.003584 0.000064 0.000044 0.000417 0.000389 0.000323 0.000020 0.000205 0.000104 0.000043 0.000112 0.000510 0.000017 0.000965 0.000677 0.000285
0.828212 0.000747 0.000129 0.111001 0.000557 0.005842 0.000182 0.000133 0.000659 0.001256 0.001024 0.000091 0.001301 0.000322 0.000608 0.000270 0.000880 0.000993 0.000779 0.003945 0.001129 0.027071 0.000427 0.000707 0.000663 0.000287 0.000519 0.002343 0.000142 0.003465 0.003323 0.000992
0.512477 0.000349 0.033661 0.163923 0.157936 0.026116 0.000233 0.000144 0.000975 0.000536 0.004001 0.000139 0.003819 0.000664 0.010698 0.000248 0.041967 0.000268 0.000368 0.001350 0.005310 0.002943 0.000140 0.002163 0.000967 0.000255 0.001696 0.002170 0.000373 0.013896 0.008868 0.001347
0.051560 0.000067 0.000470 0.001159 0.000131 0.933376 0.000004 0.000003 0.000066 0.000012 0.000987 0.000002 0.011779 0.000050 0.000005 0.000002 0.000007 0.000037 0.000006 0.000021 0.000007 0.000027 0.000005 0.000015 0.000020 0.000021 0.000060 0.000028 0.000023 0.000008 0.000029 0.000014
0.323495 0.000784 0.000996 0.021586 0.000482 0.572958 0.000085 0.000114 0.000455 0.000654 0.001931 0.000044 0.046426 0.000708 0.000635 0.000084 0.000646 0.000879 0.000280 0.002527 0.000720 0.008050 0.000100 0.000653 0.002423 0.000487 0.001631 0.004605 0.000314 0.000953 0.003114 0.001182
0.363699 0.001664 0.001014 0.066739 0.004011 0.546648 0.000208 0.000056 0.002533 0.000263 0.003497 0.000025 0.004293 0.000303 0.000031 0.000102 0.000045 0.001415 0.000249 0.000101 0.000072 0.000459 0.000054 0.000135 0.000061 0.000889 0.000401 0.000325 0.000223 0.000062 0.000279 0.000142
0.655068 0.000953 0.000973 0.003791 0.002004 0.263100 0.000012 0.000013 0.000364 0.000095 0.017035 0.000012 0.052722 0.000119 0.000071 0.000014 0.000061 0.000049 0.000147 0.000236 0.000038 0.001034 0.000114 0.000101 0.000183 0.000072 0.000608 0.000380 0.000189 0.000069 0.000232 0.000142
0.596187 0.000214 0.012356 0.152241 0.030972 0.104960 0.000153 0.000084 0.000395 0.000268 0.002256 0.000062 0.007520 0.000769 0.008309 0.000080 0.036594 0.000314 0.000337 0.001564 0.004055 0.003259 0.000041 0.000620 0.001844 0.000343 0.000841 0.001650 0.000184 0.011660 0.018877 0.000994
0.088301 0.000016 0.000000 0.000114 0.000016 0.000016 0.000078 0.000048 0.000046 0.899086 0.000005 0.000018 0.000000 0.000006 0.000044 0.000572 0.000055 0.000134 0.000655 0.003602 0.000055 0.006420 0.000058 0.000108 0.000007 0.000003 0.000001 0.000134 0.000002 0.000196 0.000009 0.000194
0.618982 0.000149 0.000005 0.000384 0.000151 0.000034 0.000964 0.000456 0.000181 0.297659 0.000067 0.000164 0.000000 0.000033 0.001019 0.030162 0.000982 0.000349 0.001724 0.033723 0.000424 0.004034 0.000137 0.000654 0.000118 0.000063 0.000070 0.004398 0.000029 0.001461 0.000081 0.001345
0.454678 0.001335 0.000469 0.000964 0.001375 0.000167 0.003098 0.001022 0.005706 0.295827 0.000486 0.001927 0.000026 0.000447 0.015446 0.010008 0.007654 0.000334 0.013936 0.095106 0.004927 0.044217 0.001762 0.003250 0.002141 0.000303 0.000175 0.012544 0.000202 0.013389 0.001101 0.005977
0.266512 0.002602 0.001043 0.002128 0.035268 0.000555 0.006907 0.002785 0.016350 0.241866 0.000935 0.002653 0.000094 0.001363 0.029224 0.018564 0.037417 0.000894 0.026729 0.093544 0.017282 0.083867 0.002227 0.014349 0.002891 0.000766 0.000517 0.019226 0.000451 0.053488 0.003221 0.014282
0.589546 0.000820 0.000108 0.000547 0.000529 0.000070 0.002076 0.000654 0.003174 0.235614 0.000299 0.001159 0.000011 0.000189 0.004306 0.007402 0.003182 0.000227 0.045945 0.052363 0.001610 0.029790 0.001430 0.001881 0.000986 0.000141 0.000066 0.004166 0.000068 0.005907 0.000487 0.005246
0.516989 0.001107 0.000119 0.000783 0.000336 0.000087 0.019875 0.002036 0.001798 0.230443 0.000164 0.003033 0.000002 0.000237 0.002435 0.119276 0.008249 0.002041 0.003081 0.041094 0.005081 0.020814 0.001259 0.001748 0.000480 0.000397 0.000232 0.006715 0.000133 0.005911 0.001112 0.002932
0.632680 0.000449 0.000100 0.000403 0.000413 0.000058 0.002362 0.000646 0.002225 0.226206 0.000152 0.001333 0.000006 0.000121 0.004192 0.011997 0.003567 0.000130 0.032887 0.043674 0.001627 0.016739 0.001151 0.001926 0.000600 0.000119 0.000056 0.004435 0.000047 0.005015 0.000326 0.004358
0.754889 0.001300 0.000027 0.000149 0.000652 0.000158 0.000493 0.000296 0.000343 0.222394 0.000609 0.000144 0.000005 0.000168 0.000127 0.003779 0.000228 0.003066 0.002127 0.001728 0.000163 0.004051 0.000478 0.000754 0.000033 0.000050 0.000152 0.000650 0.000130 0.000182 0.000035 0.000639
0.646023 0.000081 0.000037 0.000057 0.000116 0.000017 0.000640 0.000182 0.000448 0.204681 0.000054 0.000597 0.000002 0.000035 0.004271 0.004285 0.001572 0.000025 0.057992 0.059934 0.000753 0.008956 0.000295 0.000892 0.000332 0.000022 0.000011 0.002269 0.000010 0.003184 0.000081 0.002147
0.305023 0.001203 0.000895 0.001573 0.028531 0.001179 0.002847 0.001640 0.005278 0.188708 0.000517 0.000813 0.000101 0.000788 0.053719 0.007365 0.027668 0.000389 0.026848 0.145554 0.015589 0.097602 0.000633 0.005418 0.004133 0.000341 0.000194 0.015206 0.000230 0.047665 0.002203 0.010148
0.696828 0.002396 0.000102 0.000503 0.000408 0.000049 0.001789 0.000467 0.006493 0.181212 0.000530 0.001208 0.000012 0.000213 0.002859 0.002268 0.002048 0.000310 0.015007 0.035598 0.001098 0.034904 0.001664 0.000862 0.001120 0.000136 0.000053 0.002696 0.000066 0.004279 0.000489 0.002331
0.673797 0.000500 0.000227 0.000171 0.000316 0.000022 0.000860 0.000230 0.002395 0.176109 0.000192 0.000623 0.000003 0.000145 0.011939 0.001401 0.002984 0.000087 0.001475 0.084637 0.001770 0.025615 0.000324 0.000684 0.001190 0.000061 0.000030 0.004238 0.000038 0.006331 0.000246 0.001361
0.676186 0.005784 0.000525 0.001635 0.001711 0.000217 0.003454 0.000979 0.016302 0.131239 0.001716 0.002843 0.000051 0.000741 0.004575 0.002089 0.005813 0.001110 0.002168 0.036574 0.003723 0.071393 0.004551 0.002084 0.001098 0.000468 0.000247 0.006462 0.000270 0.010309 0.002008 0.001676
0.659357 0.008500 0.000362 0.000557 0.002714 0.000450 0.014063 0.002876 0.003164 0.127426 0.000847 0.002079 0.000014 0.000829 0.000965 0.090212 0.003510 0.025202 0.013079 0.009535 0.001199 0.015242 0.001842 0.001326 0.000990 0.001168 0.001025 0.004433 0.000552 0.001714 0.000940 0.003829
0.722402 0.001901 0.000055 0.000897 0.000245 0.000072 0.010146 0.001063 0.013180 0.125975 0.000334 0.003024 0.000005 0.000175 0.001059 0.009567 0.002711 0.000616 0.009041 0.041768 0.001941 0.036809 0.001298 0.001239 0.000454 0.000294 0.000093 0.004670 0.000042 0.004659 0.001441 0.002823
0.581369 0.000240 0.000981 0.000848 0.001870 0.000106 0.000680 0.000396 0.001181 0.118844 0.000123 0.000612 0.000009 0.000269 0.084704 0.002265 0.013929 0.000112 0.000572 0.093626 0.007941 0.029804 0.000346 0.003461 0.001209 0.000123 0.000133 0.022566 0.000095 0.028534 0.000672 0.002381
0.752643 0.000996 0.000058 0.000613 0.001445 0.000161 0.003344 0.000911 0.002042 0.113136 0.000262 0.000569 0.000002 0.000177 0.004407 0.037829 0.004089 0.000429 0.015054 0.028411 0.001515 0.011744 0.000268 0.001693 0.000674 0.000215 0.000145 0.007191 0.000058 0.004348 0.001067 0.004503
0.714134 0.004390 0.000100 0.001144 0.000445 0.000081 0.007753 0.001170 0.022412 0.105178 0.001171 0.004247 0.000013 0.000307 0.001819 0.003695 0.003444 0.000762 0.007594 0.040768 0.002370 0.056227 0.002883 0.001263 0.000843 0.000374 0.000151 0.004224 0.000094 0.006805 0.001788 0.002350
0.594930 0.013368 0.000475 0.012929 0.005408 0.003930 0.001978 0.001693 0.002470 0.008770 0.141015 0.001333 0.000786 0.001503 0.006171 0.002184 0.008284 0.005021 0.001227 0.035017 0.013590 0.051441 0.008852 0.003849 0.002169 0.003302 0.013322 0.007584 0.008503 0.018188 0.018275 0.002430
0.243996 0.000275 0.000128 0.007550 0.000026 0.548582 0.000015 0.000012 0.000105 0.000073 0.000735 0.000008 0.193954 0.000188 0.000051 0.000010 0.000069 0.000158 0.000021 0.000355 0.000055 0.000874 0.000008 0.000075 0.000577 0.000076 0.000818 0.000442 0.000042 0.000108 0.000421 0.000192
0.794999 0.000019 0.001166 0.000093 0.000223 0.000066 0.000047 0.000055 0.000090 0.000609 0.000172 0.000040 0.000016 0.000079 0.145947 0.000023 0.021483 0.000025 0.000045 0.010127 0.005211 0.005366 0.000008 0.000087 0.000571 0.000167 0.000706 0.000830 0.000137 0.008440 0.002916 0.000237
0.858107 0.000138 0.000312 0.000621 0.000726 0.000084 0.000144 0.000101 0.000200 0.002517 0.000522 0.000100 0.000023 0.000210 0.105989 0.000075 0.006654 0.000052 0.000092 0.007631 0.001461 0.004680 0.000045 0.000200 0.000676 0.000259 0.000325 0.001619 0.000385 0.003605 0.002003 0.000441
0.893893 0.000000 0.000010 0.000004 0.000016 0.000001 0.000003 0.000003 0.000004 0.000089 0.000007 0.000005 0.000000 0.000002 0.101609 0.000001 0.000610 0.000000 0.000001 0.002119 0.000297 0.000307 0.000001 0.000018 0.000023 0.000003 0.000006 0.000064 0.000002 0.000863 0.000032 0.000008
0.583717 0.019361 0.000279 0.001800 0.005202 0.001365 0.023882 0.003847 0.005287 0.065191 0.002503 0.003198 0.000026 0.001599 0.001477 0.121069 0.004977 0.055409 0.017368 0.007012 0.002568 0.031147 0.001731 0.003155 0.002258 0.005265 0.004088 0.008988 0.001056 0.002947 0.005635 0.006594
0.516989 0.001107 0.000119 0.000783 0.000336 0.000087 0.019875 0.002036 0.001798 0.230443 0.000164 0.003033 0.000002 0.000237 0.002435 0.119276 0.008249 0.002041 0.003081 0.041094 0.005081 0.020814 0.001259 0.001748 0.000480 0.000397 0.000232 0.006715 0.000133 0.005911 0.001112 0.002932
0.489003 0.000311 0.000882 0.006839 0.001035 0.001213 0.000547 0.000184 0.001325 0.002196 0.000434 0.000225 0.000192 0.001544 0.014955 0.000182 0.297768 0.000308 0.000304 0.001863 0.014519 0.009187 0.000104 0.002817 0.001216 0.000148 0.000295 0.002420 0.000110 0.136660 0.010177 0.001034
0.403838 0.000499 0.012750 0.026987 0.003430 0.005354 0.000443 0.000376 0.000608 0.001447 0.000739 0.000248 0.002628 0.002121 0.114349 0.000344 0.254682 0.000438 0.000596 0.006233 0.027994 0.013873 0.000140 0.002298 0.009963 0.000657 0.003903 0.008578 0.000381 0.067711 0.021890 0.004502
0.653965 0.000339 0.000189 0.007188 0.001289 0.001078 0.000385 0.000128 0.001080 0.003343 0.000529 0.000155 0.000108 0.001111 0.016869 0.000105 0.159484 0.000225 0.000252 0.002412 0.010281 0.013365 0.000053 0.004989 0.000732 0.000066 0.000228 0.003346 0.000065 0.108523 0.007139 0.000980
0.640796 0.000007 0.000312 0.000755 0.000021 0.000043 0.000011 0.000007 0.000028 0.000101 0.000033 0.000009 0.000006 0.000042 0.015114 0.000007 0.156635 0.000009 0.000008 0.000852 0.010634 0.004997 0.000003 0.000220 0.000132 0.000009 0.000062 0.000271 0.000005 0.167694 0.001059 0.000119
0.615377 0.001129 0.003433 0.024533 0.005938 0.004013 0.001039 0.000486 0.000956 0.007237 0.002046 0.000535 0.000317 0.002537 0.041278 0.000702 0.124909 0.000505 0.000594 0.005055 0.018842 0.029438 0.000283 0.005106 0.002596 0.000432 0.000674 0.007224 0.000364 0.075701 0.013577 0.003146
0.678207 0.000054 0.000040 0.000453 0.000823 0.000036 0.000298 0.000068 0.000134 0.002101 0.000578 0.000048 0.000003 0.000212 0.032838 0.000062 0.107968 0.000087 0.000070 0.005926 0.031670 0.008671 0.000022 0.000273 0.000512 0.000199 0.000320 0.001387 0.000096 0.102658 0.023795 0.000390
0.089731 0.000004 0.000001 0.090860 0.000121 0.001337 0.000011 0.000007 0.000027 0.000401 0.000371 0.000002 0.000002 0.000005 0.000086 0.000026 0.000125 0.000557 0.000044 0.633506 0.000837 0.170738 0.000088 0.000020 0.000031 0.000033 0.000004 0.000272 0.000024 0.003371 0.007254 0.000102
0.236813 0.000057 0.000006 0.004412 0.000592 0.000411 0.000041 0.000029 0.000124 0.003285 0.000730 0.000010 0.000005 0.000043 0.000582 0.000048 0.000738 0.000750 0.000034 0.456915 0.002790 0.261650 0.000162 0.000130 0.000053 0.000036 0.000020 0.003577 0.000139 0.010581 0.014770 0.000467
0.092068 0.001298 0.000379 0.231508 0.007562 0.020030 0.002658 0.001882 0.002545 0.012864 0.008665 0.000961 0.000640 0.001594 0.004000 0.002967 0.008155 0.007689 0.005155 0.258229 0.018331 0.199802 0.011044 0.003995 0.003535 0.004214 0.001470 0.013764 0.002551 0.022275 0.037888 0.010284
0.454656 0.001661 0.000625 0.061015 0.002477 0.060963 0.001533 0.002115 0.003117 0.012194 0.015740 0.001382 0.001890 0.001056 0.004063 0.002450 0.007192 0.009118 0.003862 0.171561 0.008796 0.102781 0.003380 0.001990 0.001969 0.001850 0.001188 0.008667 0.001313 0.022073 0.022033 0.005288
0.762598 0.000096 0.000089 0.000241 0.000050 0.000379 0.000143 0.000144 0.000433 0.000757 0.000980 0.000092 0.000203 0.000132 0.003892 0.000061 0.007477 0.000236 0.000158 0.148525 0.011665 0.030277 0.000026 0.000672 0.001120 0.000169 0.001895 0.001052 0.000122 0.019800 0.005795 0.000723
0.305023 0.001203 0.000895 0.001573 0.028531 0.001179 0.002847 0.001640 0.005278 0.188708 0.000517 0.000813 0.000101 0.000788 0.053719 0.007365 0.027668 0.000389 0.026848 0.145554 0.015589 0.097602 0.000633 0.005418 0.004133 0.000341 0.000194 0.015206 0.000230 0.047665 0.002203 0.010148
0.695728 0.000237 0.000084 0.006835 0.000945 0.008476 0.000236 0.000368 0.000631 0.004312 0.004193 0.000176 0.000286 0.000225 0.002851 0.000419 0.001608 0.001407 0.000444 0.133212 0.005465 0.094216 0.000380 0.000513 0.000385 0.000238 0.000752 0.003099 0.000839 0.011483 0.018296 0.001662
0.399666 0.006257 0.000709 0.007402 0.003561 0.002758 0.024015 0.003092 0.017524 0.034356 0.005596 0.003289 0.000228 0.003922 0.003608 0.010465 0.004539 0.027555 0.006601 0.125689 0.015128 0.135079 0.001773 0.004420 0.002160 0.004193 0.001632 0.021720 0.000922 0.015797 0.096701 0.009642
0.486070 0.004897 0.000559 0.004344 0.002080 0.002176 0.026958 0.002471 0.013681 0.028234 0.004163 0.002502 0.000135 0.002600 0.002547 0.010297 0.003076 0.030598 0.004496 0.117458 0.012608 0.094717 0.001198 0.002758 0.001577 0.004159 0.001326 0.017678 0.000674 0.010050 0.096893 0.007019
0.595266 0.004169 0.000287 0.001579 0.000808 0.000577 0.029319 0.002250 0.011976 0.044836 0.001861 0.002626 0.000032 0.001358 0.002006 0.018392 0.002558 0.015817 0.003062 0.109628 0.010864 0.061290 0.001017 0.001879 0.001154 0.002849 0.000925 0.013380 0.000405 0.009445 0.043856 0.004529
0.536215 0.005051 0.000528 0.004492 0.001805 0.002018 0.020703 0.002300 0.010373 0.026948 0.004879 0.002148 0.000128 0.002525 0.002909 0.010335 0.003000 0.025304 0.004516 0.104749 0.014577 0.077659 0.001114 0.002750 0.001772 0.003621 0.001730 0.014336 0.000787 0.011020 0.093376 0.006331
0.541131 0.002866 0.006740 0.010606 0.015010 0.020150 0.004701 0.002560 0.002843 0.021505 0.024345 0.002385 0.004098 0.004564 0.031628 0.001706 0.009633 0.003461 0.004906 0.100851 0.013821 0.058271 0.002139 0.006991 0.005867 0.006797 0.004473 0.014203 0.013990 0.021916 0.031488 0.004355
0.236813 0.000057 0.000006 0.004412 0.000592 0.000411 0.000041 0.000029 0.000124 0.003285 0.000730 0.000010 0.000005 0.000043 0.000582 0.000048 0.000738 0.000750 0.000034 0.456915 0.002790 0.261650 0.000162 0.000130 0.000053 0.000036 0.000020 0.003577 0.000139 0.010581 0.014770 0.000467
0.092068 0.001298 0.000379 0.231508 0.007562 0.020030 0.002658 0.001882 0.002545 0.012864 0.008665 0.000961 0.000640 0.001594 0.004000 0.002967 0.008155 0.007689 0.005155 0.258229 0.018331 0.199802 0.011044 0.003995 0.003535 0.004214 0.001470 0.013764 0.002551 0.022275 0.037888 0.010284
0.778609 0.000031 0.000055 0.001012 0.000125 0.013154 0.000013 0.000013 0.000401 0.000277 0.000230 0.000007 0.001336 0.000071 0.000345 0.000008 0.000158 0.000094 0.000071 0.012897 0.000159 0.184511 0.000008 0.000156 0.000705 0.000122 0.000229 0.001877 0.000019 0.000817 0.002171 0.000322
0.687856 0.000784 0.000724 0.038254 0.004788 0.009363 0.000275 0.000280 0.001858 0.004295 0.005669 0.000228 0.002961 0.000570 0.002778 0.000321 0.003094 0.001065 0.001658 0.017485 0.002557 0.181265 0.001947 0.003193 0.001230 0.000358 0.001989 0.005670 0.000512 0.009267 0.004968 0.002738
0.089731 0.000004 0.000001 0.090860 0.000121 0.001337 0.000011 0.000007 0.000027 0.000401 0.000371 0.000002 0.000002 0.000005 0.000086 0.000026 0.000125 0.000557 0.000044 0.633506 0.000837 0.170738 0.000088 0.000020 0.000031 0.000033 0.000004 0.000272 0.000024 0.003371 0.007254 0.000102
0.627197 0.000750 0.000476 0.004467 0.000164 0.024425 0.000269 0.000179 0.001811 0.003387 0.002345 0.000117 0.004114 0.001204 0.007418 0.000185 0.003172 0.000538 0.000490 0.087991 0.004620 0.158664 0.000129 0.001258 0.006403 0.001857 0.005263 0.021720 0.000384 0.012407 0.013815 0.002779
0.609431 0.001862 0.000194 0.017817 0.001088 0.002749 0.000854 0.001015 0.001193 0.009056 0.024585 0.000750 0.000645 0.000745 0.005935 0.001995 0.005200 0.002105 0.001513 0.080403 0.016074 0.151161 0.003642 0.001360 0.002092 0.001544 0.015254 0.006093 0.003556 0.015861 0.010200 0.004028
0.766432 0.000249 0.000041 0.004703 0.000204 0.004288 0.000125 0.000158 0.001463 0.002709 0.003543 0.000094 0.001585 0.000174 0.000625 0.000150 0.000558 0.000524 0.000919 0.061927 0.001512 0.135242 0.000275 0.000695 0.001085 0.000124 0.001657 0.002945 0.000143 0.003029 0.001119 0.001703
0.399666 0.006257 0.000709 0.007402 0.003561 0.002758 0.024015 0.003092 0.017524 0.034356 0.005596 0.003289 0.000228 0.003922 0.003608 0.010465 0.004539 0.027555 0.006601 0.125689 0.015128 0.135079 0.001773 0.004420 0.002160 0.004193 0.001632 0.021720 0.000922 0.015797 0.096701 0.009642
0.309741 0.015502 0.001980 0.021157 0.008066 0.003277 0.037102 0.006896 0.033539 0.050648 0.008991 0.007428 0.000521 0.008624 0.008308 0.029744 0.012251 0.028334 0.012619 0.087784 0.019325 0.114005 0.006360 0.009876 0.005171 0.005469 0.003393 0.028499 0.002014 0.023820 0.072400 0.017156
0.740707 0.007066 0.000269 0.014930 0.000729 0.001232 0.000779 0.000966 0.002666 0.004227 0.027579 0.000512 0.002083 0.001457 0.001346 0.001211 0.001699 0.003020 0.002229 0.041183 0.006175 0.109487 0.001146 0.000741 0.003874 0.000770 0.008063 0.001448 0.001490 0.005020 0.003558 0.002337
0.515888 0.003171 0.007032 0.016283 0.022172 0.021425 0.004391 0.002335 0.003422 0.024140 0.009396 0.001855 0.002912 0.006519 0.025713 0.001967 0.010190 0.006647 0.006292 0.085648 0.012291 0.106522 0.001835 0.007727 0.005937 0.005972 0.002698 0.015391 0.007228 0.019793 0.032129 0.005083
0.754519 0.002048 0.000547 0.014611 0.002146 0.000888 0.000498 0.000641 0.003089 0.004375 0.033024 0.000471 0.000679 0.000723 0.002491 0.000729 0.001842 0.002031 0.001597 0.034063 0.005276 0.103078 0.001158 0.001059 0.002260 0.000704 0.009754 0.001501 0.001038 0.005890 0.005499 0.001773
0.454656 0.001661 0.000625 0.061015 0.002477 0.060963 0.001533 0.002115 0.003117 0.012194 0.015740 0.001382 0.001890 0.001056 0.004063 0.002450 0.007192 0.009118 0.003862 0.171561 0.008796 0.102781 0.003380 0.001990 0.001969 0.001850 0.001188 0.008667 0.001313 0.022073 0.022033 0.005288
0.407348 0.000093 0.000844 0.004472 0.000265 0.000250 0.000130 0.000086 0.000122 0.001120 0.000302 0.000077 0.000065 0.000268 0.043992 0.000137 0.127271 0.000150 0.000190 0.003622 0.035464 0.063320 0.000033 0.000902 0.001056 0.000248 0.001154 0.003363 0.000124 0.281230 0.020684 0.001617
0.736024 0.000000 0.000003 0.000004 0.000000 0.000000 0.000000 0.000000 0.000000 0.000007 0.000001 0.000000 0.000000 0.000003 0.002038 0.000000 0.094363 0.000000 0.000000 0.000095 0.017964 0.000729 0.000000 0.000010 0.000013 0.000000 0.000003 0.000017 0.000000 0.148443 0.000278 0.000003
0.489003 0.000311 0.000882 0.006839 0.001035 0.001213 0.000547 0.000184 0.001325 0.002196 0.000434 0.000225 0.000192 0.001544 0.014955 0.000182 0.297768 0.000308 0.000304 0.001863 0.014519 0.009187 0.000104 0.002817 0.001216 0.000148 0.000295 0.002420 0.000110 0.136660 0.010177 0.001034
0.653965 0.000339 0.000189 0.007188 0.001289 0.001078 0.000385 0.000128 0.001080 0.003343 0.000529 0.000155 0.000108 0.001111 0.016869 0.000105 0.159484 0.000225 0.000252 0.002412 0.010281 0.013365 0.000053 0.004989 0.000732 0.000066 0.000228 0.003346 0.000065 0.108523 0.007139 0.000980
0.835146 0.000001 0.000007 0.000007 0.000000 0.000002 0.000003 0.000002 0.000006 0.000039 0.000004 0.000002 0.000000 0.000002 0.012644 0.000001 0.020638 0.000002 0.000002 0.008339 0.011793 0.006878 0.000000 0.000009 0.000026 0.000003 0.000024 0.000072 0.000001 0.103991 0.000336 0.000017
0.678207 0.000054 0.000040 0.000453 0.000823 0.000036 0.000298 0.000068 0.000134 0.002101 0.000578 0.000048 0.000003 0.000212 0.032838 0.000062 0.107968 0.000087 0.000070 0.005926 0.031670 0.008671 0.000022 0.000273 0.000512 0.000199 0.000320 0.001387 0.000096 0.102658 0.023795 0.000390
0.881624 0.000004 0.000000 0.000064 0.000020 0.000014 0.000004 0.000001 0.000001 0.000001 0.000109 0.000000 0.000000 0.000002 0.000011 0.000000 0.000020 0.000153 0.000002 0.000067 0.000068 0.002069 0.000000 0.000000 0.000017 0.004759 0.001568 0.000021 0.000002 0.000075 0.109323 0.000003
