0.152143 0.844470 0.000001 0.000030 0.000091 0.000001 0.000182 0.000011 0.001221 0.000062 0.000630 0.000038 0.000026 0.000499 0.000003 0.000011 0.000006 0.000019 0.000113 0.000002 0.000001 0.000009 0.000015 0.000003 0.000349 0.000007 0.000006 0.000006 0.000002 0.000005 0.000027 0.000008
0.367938 0.621220 0.000006 0.000616 0.000244 0.000018 0.001031 0.000063 0.000427 0.001590 0.001714 0.000059 0.000016 0.001933 0.000028 0.000247 0.000025 0.000792 0.000535 0.000046 0.000021 0.000187 0.000054 0.000045 0.000729 0.000047 0.000024 0.000026 0.000026 0.000081 0.000162 0.000049
0.485962 0.464899 0.000023 0.002402 0.000948 0.001121 0.001133 0.000140 0.002747 0.000227 0.015484 0.000095 0.003910 0.004699 0.000063 0.000077 0.000187 0.001320 0.000618 0.000165 0.000089 0.000235 0.000275 0.000031 0.005757 0.000449 0.000904 0.000114 0.000251 0.000124 0.005411 0.000139
0.491957 0.408934 0.000055 0.001399 0.000304 0.000104 0.024695 0.000961 0.001183 0.009736 0.003478 0.002313 0.000234 0.005791 0.000500 0.003265 0.001156 0.004789 0.003340 0.006255 0.002752 0.005500 0.002440 0.000433 0.002959 0.003374 0.000952 0.001425 0.001185 0.003579 0.004050 0.000903
0.609887 0.382015 0.000001 0.000133 0.000008 0.000003 0.001942 0.000084 0.000048 0.003269 0.000064 0.000111 0.000001 0.000302 0.000013 0.000619 0.000029 0.000370 0.000240 0.000138 0.000027 0.000121 0.000035 0.000006 0.000231 0.000047 0.000007 0.000027 0.000010 0.000085 0.000106 0.000020
0.840953 0.124388 0.000016 0.000415 0.000428 0.000030 0.001930 0.000868 0.000757 0.015308 0.000578 0.000973 0.000006 0.000497 0.000270 0.002642 0.001056 0.000820 0.000906 0.001833 0.000354 0.001005 0.000551 0.000195 0.000344 0.000142 0.000159 0.000736 0.000156 0.000705 0.000729 0.000251
0.206153 0.002659 0.106445 0.042243 0.340062 0.007955 0.000577 0.000376 0.000251 0.002078 0.008430 0.000186 0.021066 0.005563 0.018660 0.000460 0.012806 0.001477 0.002754 0.005133 0.036120 0.017736 0.000421 0.001465 0.004185 0.038648 0.007887 0.003598 0.030135 0.012294 0.060850 0.001326
0.768499 0.005126 0.000083 0.203270 0.000486 0.003053 0.000187 0.000059 0.000271 0.000144 0.011388 0.000028 0.000471 0.000603 0.000120 0.000088 0.000112 0.000348 0.000149 0.000555 0.000200 0.000585 0.000080 0.000079 0.001041 0.000316 0.000850 0.000111 0.000308 0.000298 0.000938 0.000156
0.336354 0.001255 0.001818 0.196209 0.016671 0.048602 0.006287 0.002131 0.003357 0.017115 0.006749 0.004151 0.001979 0.004219 0.008584 0.001880 0.006278 0.006431 0.025498 0.089770 0.008144 0.106604 0.003842 0.010253 0.004444 0.001960 0.000617 0.006816 0.001358 0.014014 0.039841 0.016768
0.752652 0.000597 0.000112 0.143148 0.000514 0.026217 0.000855 0.000467 0.000652 0.003542 0.001540 0.000298 0.001627 0.000509 0.000807 0.002362 0.001533 0.004099 0.000629 0.004398 0.001656 0.017661 0.000702 0.001881 0.000420 0.005168 0.008467 0.005615 0.000841 0.002653 0.006234 0.002145
0.276724 0.005269 0.023166 0.132773 0.302070 0.008145 0.000706 0.000373 0.000643 0.001788 0.013583 0.000223 0.015631 0.003546 0.007108 0.000627 0.005492 0.001805 0.001992 0.003615 0.020670 0.010387 0.000909 0.001753 0.002520 0.039139 0.019145 0.005575 0.029148 0.007773 0.055863 0.001840
0.045652 0.000042 0.000020 0.000771 0.952248 0.000064 0.000020 0.000008 0.000187 0.000013 0.000136 0.000006 0.000020 0.000014 0.000221 0.000006 0.000127 0.000006 0.000019 0.000007 0.000022 0.000017 0.000008 0.000024 0.000016 0.000043 0.000093 0.000017 0.000016 0.000022 0.000110 0.000023
0.018221 0.000408 0.005881 0.005741 0.951362 0.000685 0.000028 0.000013 0.000061 0.000013 0.008290 0.000007 0.000447 0.000103 0.000090 0.000012 0.000061 0.000051 0.000035 0.000017 0.000155 0.000037 0.000029 0.000031 0.000051 0.003177 0.001467 0.000017 0.002592 0.000037 0.000862 0.000018
0.866872 0.000114 0.000020 0.001808 0.127240 0.001320 0.000014 0.000006 0.000176 0.000017 0.001189 0.000005 0.000258 0.000016 0.000058 0.000003 0.000083 0.000012 0.000011 0.000043 0.000015 0.000023 0.000006 0.000014 0.000066 0.000057 0.000234 0.000025 0.000027 0.000015 0.000238 0.000012
0.854736 0.002547 0.000003 0.011941 0.114438 0.000136 0.000232 0.000049 0.010953 0.000083 0.002441 0.000043 0.000053 0.000071 0.000240 0.000043 0.000349 0.000060 0.000123 0.000031 0.000038 0.000048 0.000039 0.000052 0.000092 0.000134 0.000256 0.000039 0.000027 0.000052 0.000592 0.000059
0.503383 0.000431 0.000031 0.000519 0.001553 0.000077 0.000890 0.000789 0.002375 0.145387 0.000444 0.000807 0.000017 0.000115 0.001400 0.000309 0.000815 0.001029 0.000145 0.202816 0.002669 0.091833 0.023132 0.001703 0.000169 0.000455 0.000109 0.009242 0.000303 0.003602 0.002324 0.001127
0.788138 0.054023 0.000006 0.000348 0.000055 0.000027 0.005771 0.000598 0.000444 0.123514 0.000298 0.000896 0.000009 0.000368 0.000526 0.003468 0.000705 0.002565 0.000536 0.007292 0.000857 0.003750 0.001124 0.000222 0.000459 0.000307 0.000081 0.000714 0.000151 0.001675 0.000721 0.000351
0.587303 0.000591 0.000117 0.000725 0.007116 0.000180 0.001018 0.001521 0.000659 0.109181 0.001709 0.002092 0.000026 0.000141 0.008830 0.000320 0.001495 0.000438 0.000262 0.157867 0.002736 0.051039 0.034565 0.006438 0.000285 0.000785 0.000276 0.009799 0.001670 0.006559 0.002858 0.001397
0.542749 0.006343 0.003819 0.003665 0.042848 0.000583 0.003626 0.003819 0.002919 0.106211 0.006432 0.004365 0.000392 0.003281 0.105414 0.001681 0.005611 0.001287 0.001598 0.046328 0.005601 0.026910 0.013274 0.013692 0.004313 0.002793 0.001131 0.014209 0.004947 0.010078 0.004492 0.005589
0.663947 0.021966 0.003235 0.002699 0.015090 0.019699 0.004533 0.002988 0.011852 0.015150 0.101119 0.002471 0.000511 0.001804 0.001142 0.007034 0.002045 0.003687 0.002471 0.026741 0.003252 0.013192 0.013212 0.001588 0.001522 0.006237 0.017960 0.005459 0.013867 0.002166 0.009568 0.001794
0.470378 0.000010 0.000103 0.000248 0.011127 0.000009 0.000054 0.000022 0.000019 0.000805 0.000039 0.000034 0.000001 0.000037 0.467550 0.000035 0.024906 0.000008 0.000025 0.000697 0.008462 0.000599 0.000015 0.000770 0.000046 0.000016 0.000051 0.000451 0.000025 0.012704 0.000618 0.000133
0.778281 0.000006 0.000022 0.000026 0.000407 0.000009 0.000013 0.000006 0.000016 0.000082 0.000022 0.000007 0.000000 0.000010 0.213891 0.000007 0.005399 0.000001 0.000005 0.000108 0.000405 0.000170 0.000001 0.000036 0.000015 0.000005 0.000019 0.000081 0.000005 0.000849 0.000075 0.000018
0.789392 0.000015 0.000018 0.000052 0.000542 0.000003 0.000023 0.000011 0.000027 0.000261 0.000073 0.000017 0.000000 0.000038 0.181404 0.000019 0.017740 0.000004 0.000022 0.000209 0.002489 0.000457 0.000002 0.000198 0.000048 0.000012 0.000038 0.000100 0.000014 0.006502 0.000216 0.000056
0.780285 0.000635 0.000501 0.000858 0.001865 0.000044 0.000483 0.000218 0.000148 0.003224 0.000939 0.000136 0.000039 0.000491 0.166199 0.000272 0.013547 0.000049 0.000086 0.006654 0.006053 0.002758 0.000128 0.000627 0.000600 0.000900 0.000887 0.001782 0.001680 0.004842 0.002664 0.000406
0.600519 0.005103 0.002721 0.003692 0.044449 0.000370 0.002595 0.002962 0.002105 0.058896 0.005329 0.003661 0.000305 0.002577 0.147610 0.001358 0.005379 0.000729 0.001115 0.033274 0.004791 0.016223 0.008032 0.009937 0.004033 0.001784 0.000863 0.011225 0.002461 0.008630 0.003103 0.004170
0.808791 0.002721 0.002697 0.002215 0.005969 0.000113 0.000592 0.000443 0.000427 0.006079 0.002152 0.000510 0.000121 0.001042 0.127724 0.000448 0.005024 0.000135 0.000172 0.010203 0.003442 0.002848 0.000486 0.001650 0.001722 0.001152 0.000696 0.002924 0.001476 0.003637 0.001372 0.001015
0.670561 0.004733 0.008380 0.004980 0.020019 0.001577 0.001745 0.000861 0.000368 0.019205 0.005337 0.000770 0.000970 0.002155 0.121700 0.000570 0.009726 0.000588 0.000663 0.029855 0.007640 0.017411 0.001253 0.010159 0.002247 0.007794 0.001377 0.004444 0.021416 0.014411 0.004982 0.002102
0.499705 0.000073 0.000105 0.000225 0.000071 0.000405 0.000103 0.000032 0.000082 0.001923 0.000289 0.000012 0.000143 0.000637 0.008203 0.000022 0.002833 0.000398 0.000117 0.347033 0.004041 0.102662 0.000029 0.000092 0.005377 0.000106 0.000189 0.000367 0.000119 0.007359 0.016883 0.000365
0.506140 0.000128 0.000028 0.000199 0.001243 0.000061 0.000234 0.000315 0.001118 0.038069 0.000464 0.000265 0.000006 0.000032 0.000660 0.000069 0.000588 0.000290 0.000077 0.300435 0.002335 0.125270 0.010236 0.001059 0.000079 0.000135 0.000062 0.004098 0.000198 0.003265 0.002422 0.000419
0.500243 0.000285 0.000122 0.000614 0.004951 0.000232 0.000868 0.000971 0.001433 0.063189 0.001195 0.000753 0.000017 0.000103 0.002065 0.000181 0.000948 0.001033 0.000158 0.276637 0.002374 0.094634 0.024750 0.002535 0.000181 0.000857 0.000215 0.005589 0.001358 0.004537 0.006184 0.000787
0.294563 0.003717 0.002152 0.005077 0.007775 0.012269 0.004140 0.002362 0.002593 0.033506 0.012597 0.002717 0.000849 0.002625 0.014633 0.002997 0.009057 0.003935 0.002547 0.261702 0.018954 0.131190 0.003859 0.005611 0.003723 0.006534 0.006930 0.034361 0.019520 0.029114 0.053538 0.004855
0.552991 0.000155 0.000028 0.000285 0.001120 0.000045 0.000240 0.000269 0.001037 0.051837 0.000369 0.000261 0.000006 0.000047 0.000931 0.000087 0.000690 0.000269 0.000076 0.253071 0.002450 0.117000 0.004766 0.000869 0.000101 0.000108 0.000058 0.004445 0.000128 0.003784 0.002000 0.000477
0.503383 0.000431 0.000031 0.000519 0.001553 0.000077 0.000890 0.000789 0.002375 0.145387 0.000444 0.000807 0.000017 0.000115 0.001400 0.000309 0.000815 0.001029 0.000145 0.202816 0.002669 0.091833 0.023132 0.001703 0.000169 0.000455 0.000109 0.009242 0.000303 0.003602 0.002324 0.001127
0.659009 0.000892 0.000563 0.008969 0.003277 0.005142 0.001426 0.000680 0.003001 0.007295 0.007885 0.000424 0.000099 0.000652 0.002201 0.001260 0.002067 0.002362 0.000686 0.167856 0.004106 0.085136 0.000774 0.002655 0.000558 0.001535 0.001844 0.007353 0.001787 0.008115 0.008840 0.001549
0.478947 0.005329 0.001817 0.007735 0.015395 0.020708 0.004909 0.003158 0.004478 0.022422 0.015075 0.003015 0.001479 0.001724 0.004966 0.003951 0.004142 0.006505 0.002657 0.157642 0.014889 0.067881 0.010571 0.003731 0.001980 0.010358 0.011981 0.014795 0.039413 0.011516 0.043221 0.003611
0.713848 0.000777 0.000269 0.003076 0.000928 0.002355 0.001569 0.000606 0.000752 0.006465 0.002823 0.000675 0.000083 0.000329 0.003737 0.002088 0.002691 0.001621 0.000318 0.156257 0.011746 0.038401 0.000577 0.002416 0.000929 0.004277 0.003988 0.009713 0.006081 0.014354 0.004909 0.001341
0.267256 0.005209 0.001357 0.010114 0.007957 0.010100 0.006200 0.002468 0.005283 0.022806 0.007537 0.003369 0.000897 0.003100 0.011967 0.003171 0.008552 0.009934 0.004163 0.153724 0.017318 0.241467 0.002170 0.004218 0.003418 0.007884 0.006419 0.032994 0.004810 0.020992 0.104556 0.008591
0.477200 0.001769 0.001529 0.005614 0.017271 0.008328 0.002356 0.001501 0.001396 0.022537 0.005527 0.001265 0.000984 0.002469 0.022675 0.000924 0.011639 0.006612 0.002525 0.147665 0.027665 0.071618 0.001692 0.003654 0.003363 0.003513 0.003382 0.016867 0.008180 0.031179 0.084093 0.003007
0.490982 0.003482 0.000335 0.002789 0.003127 0.000679 0.001430 0.000578 0.002180 0.067305 0.007806 0.000532 0.001052 0.003531 0.019977 0.000694 0.012255 0.001556 0.002271 0.140036 0.016462 0.101049 0.001387 0.003887 0.002244 0.004786 0.003566 0.015646 0.003852 0.050140 0.029658 0.004725
0.657701 0.000224 0.000145 0.000525 0.000606 0.000611 0.000458 0.000192 0.000298 0.024702 0.001244 0.000073 0.000163 0.001288 0.013922 0.000205 0.004516 0.004798 0.000800 0.137256 0.007443 0.072966 0.000162 0.000405 0.004775 0.001032 0.001618 0.003614 0.000923 0.017023 0.037996 0.002319
0.568456 0.003894 0.002024 0.017337 0.005222 0.011563 0.005170 0.002357 0.009619 0.024711 0.009997 0.001551 0.000253 0.001888 0.004778 0.007427 0.006644 0.005014 0.004226 0.136566 0.009033 0.102370 0.001567 0.004393 0.002262 0.002755 0.004016 0.012234 0.002222 0.015480 0.009982 0.004989
0.590537 0.000107 0.000069 0.000244 0.000210 0.000256 0.000415 0.000332 0.000276 0.036402 0.000625 0.000310 0.000045 0.000221 0.016706 0.000406 0.006989 0.000657 0.000620 0.133961 0.037593 0.100945 0.001286 0.002842 0.000615 0.001102 0.000596 0.018819 0.000525 0.034020 0.010553 0.001718
0.429987 0.002951 0.001602 0.002640 0.002582 0.001035 0.001279 0.000592 0.001518 0.044618 0.005524 0.000554 0.001797 0.005298 0.039473 0.000868 0.043132 0.001067 0.001913 0.130082 0.038303 0.087602 0.001106 0.003194 0.004096 0.002979 0.003816 0.017821 0.003808 0.071909 0.041155 0.005700
0.602932 0.003479 0.001769 0.027294 0.004340 0.006200 0.004936 0.003068 0.004250 0.025159 0.015417 0.003582 0.000467 0.002447 0.007152 0.007738 0.007217 0.003251 0.001360 0.127813 0.009350 0.038701 0.009916 0.005476 0.003125 0.004962 0.009952 0.012715 0.006678 0.018509 0.016649 0.004094
0.564002 0.003528 0.002143 0.005747 0.012404 0.006608 0.009149 0.004656 0.005114 0.053279 0.009487 0.002754 0.000432 0.001831 0.007832 0.000904 0.002864 0.007102 0.001347 0.114767 0.003043 0.067542 0.020604 0.009792 0.001457 0.011770 0.001378 0.015439 0.012427 0.006755 0.029822 0.004020
0.731054 0.000045 0.000036 0.000191 0.000055 0.000179 0.000209 0.000176 0.000165 0.025983 0.000215 0.000147 0.000026 0.000104 0.007336 0.000169 0.002461 0.000593 0.000169 0.113588 0.019834 0.047411 0.001170 0.001092 0.000324 0.000687 0.000249 0.022557 0.000209 0.018340 0.004425 0.000800
0.761622 0.001243 0.000661 0.008050 0.002456 0.006186 0.001890 0.000736 0.003540 0.005584 0.008021 0.000475 0.000074 0.000555 0.001316 0.002008 0.001804 0.002656 0.000655 0.107288 0.003245 0.053599 0.000664 0.001843 0.000532 0.001483 0.002321 0.005724 0.001707 0.005539 0.005197 0.001326
0.274597 0.003960 0.002649 0.052770 0.016328 0.017677 0.006854 0.003055 0.004481 0.021331 0.008376 0.004903 0.001352 0.007429 0.017661 0.003047 0.011348 0.008446 0.011932 0.097504 0.016894 0.250397 0.003882 0.006418 0.010267 0.007090 0.002027 0.024211 0.003247 0.026145 0.059337 0.014385
0.267256 0.005209 0.001357 0.010114 0.007957 0.010100 0.006200 0.002468 0.005283 0.022806 0.007537 0.003369 0.000897 0.003100 0.011967 0.003171 0.008552 0.009934 0.004163 0.153724 0.017318 0.241467 0.002170 0.004218 0.003418 0.007884 0.006419 0.032994 0.004810 0.020992 0.104556 0.008591
0.741900 0.000203 0.000051 0.001126 0.000294 0.001296 0.000073 0.000036 0.000169 0.002319 0.000388 0.000032 0.000471 0.000356 0.001046 0.000078 0.001465 0.000264 0.000333 0.013257 0.002414 0.208830 0.000070 0.000233 0.001033 0.000343 0.001791 0.004535 0.000211 0.005975 0.008782 0.000625
0.786910 0.000390 0.000036 0.003449 0.000583 0.004109 0.000116 0.000078 0.000401 0.001446 0.002806 0.000039 0.000773 0.000378 0.001960 0.000036 0.000943 0.000235 0.000342 0.023353 0.001146 0.150663 0.000089 0.000297 0.001308 0.000307 0.000460 0.001014 0.000168 0.006506 0.008868 0.000794
0.178355 0.006162 0.004549 0.008776 0.011581 0.022237 0.010262 0.005170 0.007638 0.047093 0.019158 0.006977 0.002920 0.006538 0.019892 0.004799 0.012017 0.008085 0.006939 0.252187 0.021381 0.134598 0.007074 0.010793 0.007070 0.008834 0.005847 0.041608 0.016019 0.030849 0.064226 0.010366
0.506140 0.000128 0.000028 0.000199 0.001243 0.000061 0.000234 0.000315 0.001118 0.038069 0.000464 0.000265 0.000006 0.000032 0.000660 0.000069 0.000588 0.000290 0.000077 0.300435 0.002335 0.125270 0.010236 0.001059 0.000079 0.000135 0.000062 0.004098 0.000198 0.003265 0.002422 0.000419
0.552991 0.000155 0.000028 0.000285 0.001120 0.000045 0.000240 0.000269 0.001037 0.051837 0.000369 0.000261 0.000006 0.000047 0.000931 0.000087 0.000690 0.000269 0.000076 0.253071 0.002450 0.117000 0.004766 0.000869 0.000101 0.000108 0.000058 0.004445 0.000128 0.003784 0.002000 0.000477
0.336354 0.001255 0.001818 0.196209 0.016671 0.048602 0.006287 0.002131 0.003357 0.017115 0.006749 0.004151 0.001979 0.004219 0.008584 0.001880 0.006278 0.006431 0.025498 0.089770 0.008144 0.106604 0.003842 0.010253 0.004444 0.001960 0.000617 0.006816 0.001358 0.014014 0.039841 0.016768
0.499705 0.000073 0.000105 0.000225 0.000071 0.000405 0.000103 0.000032 0.000082 0.001923 0.000289 0.000012 0.000143 0.000637 0.008203 0.000022 0.002833 0.000398 0.000117 0.347033 0.004041 0.102662 0.000029 0.000092 0.005377 0.000106 0.000189 0.000367 0.000119 0.007359 0.016883 0.000365
0.568456 0.003894 0.002024 0.017337 0.005222 0.011563 0.005170 0.002357 0.009619 0.024711 0.009997 0.001551 0.000253 0.001888 0.004778 0.007427 0.006644 0.005014 0.004226 0.136566 0.009033 0.102370 0.001567 0.004393 0.002262 0.002755 0.004016 0.012234 0.002222 0.015480 0.009982 0.004989
0.490982 0.003482 0.000335 0.002789 0.003127 0.000679 0.001430 0.000578 0.002180 0.067305 0.007806 0.000532 0.001052 0.003531 0.019977 0.000694 0.012255 0.001556 0.002271 0.140036 0.016462 0.101049 0.001387 0.003887 0.002244 0.004786 0.003566 0.015646 0.003852 0.050140 0.029658 0.004725
0.590537 0.000107 0.000069 0.000244 0.000210 0.000256 0.000415 0.000332 0.000276 0.036402 0.000625 0.000310 0.000045 0.000221 0.016706 0.000406 0.006989 0.000657 0.000620 0.133961 0.037593 0.100945 0.001286 0.002842 0.000615 0.001102 0.000596 0.018819 0.000525 0.034020 0.010553 0.001718
0.690674 0.006151 0.002692 0.002119 0.036668 0.019008 0.000365 0.000189 0.000410 0.001271 0.022421 0.000099 0.001254 0.001229 0.001432 0.000244 0.000765 0.001563 0.000513 0.012100 0.008100 0.006243 0.000794 0.000198 0.002097 0.017837 0.020186 0.002303 0.103503 0.002071 0.035182 0.000321
0.527711 0.000600 0.001570 0.003125 0.000439 0.001521 0.001228 0.000897 0.001666 0.019964 0.001933 0.001309 0.000387 0.001465 0.027631 0.000655 0.063282 0.001134 0.000985 0.040295 0.058848 0.020450 0.000277 0.005798 0.002204 0.000404 0.001525 0.009885 0.000639 0.194602 0.004151 0.003419
0.564362 0.000592 0.001929 0.003834 0.000514 0.001575 0.000825 0.000616 0.001527 0.020742 0.001342 0.000982 0.000393 0.001514 0.026554 0.000731 0.099935 0.000586 0.000863 0.018894 0.038319 0.014563 0.000257 0.007746 0.001797 0.000268 0.001388 0.011701 0.000422 0.169151 0.002906 0.003170
0.643480 0.000320 0.001326 0.002354 0.000272 0.000653 0.000689 0.000523 0.000907 0.013465 0.001270 0.000978 0.000171 0.000884 0.024284 0.000406 0.053619 0.000620 0.000618 0.025299 0.046817 0.010055 0.000162 0.004594 0.001365 0.000206 0.000893 0.006352 0.000354 0.153007 0.002153 0.001903
0.643575 0.000712 0.002022 0.002638 0.000597 0.001143 0.000922 0.000714 0.001583 0.024709 0.001832 0.001337 0.000218 0.001246 0.027228 0.000878 0.057342 0.000739 0.000884 0.024458 0.039276 0.015592 0.000306 0.007996 0.001468 0.000275 0.001211 0.009307 0.000564 0.124275 0.002222 0.002732
0.669497 0.000502 0.000612 0.001517 0.000291 0.001615 0.000573 0.000330 0.000893 0.018164 0.001255 0.000377 0.000366 0.001488 0.012482 0.000364 0.047828 0.000578 0.000639 0.034933 0.029544 0.038190 0.000166 0.001771 0.001719 0.000319 0.000971 0.007625 0.000408 0.115975 0.006981 0.002028
0.687006 0.000551 0.000970 0.005150 0.000440 0.003383 0.000876 0.000904 0.002824 0.012098 0.001570 0.001282 0.000618 0.001083 0.015574 0.000554 0.054505 0.000649 0.000858 0.033783 0.027589 0.014700 0.000260 0.004331 0.001797 0.000405 0.001652 0.015847 0.000465 0.100892 0.003974 0.003408
0.267256 0.005209 0.001357 0.010114 0.007957 0.010100 0.006200 0.002468 0.005283 0.022806 0.007537 0.003369 0.000897 0.003100 0.011967 0.003171 0.008552 0.009934 0.004163 0.153724 0.017318 0.241467 0.002170 0.004218 0.003418 0.007884 0.006419 0.032994 0.004810 0.020992 0.104556 0.008591
