0.510546 0.277350 0.000230 0.003917 0.000576 0.001584 0.006659 0.000961 0.004102 0.004882 0.009069 0.001199 0.000678 0.014832 0.000713 0.001124 0.001016 0.012247 0.025923 0.004218 0.002682 0.053699 0.002362 0.000281 0.034682 0.000968 0.002561 0.000602 0.000714 0.005192 0.011902 0.002531
0.825094 0.113204 0.000138 0.000730 0.000547 0.000779 0.001404 0.000449 0.002623 0.001842 0.016106 0.000525 0.000251 0.004299 0.000546 0.000252 0.000468 0.000854 0.001472 0.002783 0.000699 0.004325 0.000247 0.000094 0.012767 0.000239 0.000644 0.000171 0.000423 0.001232 0.004485 0.000308
0.786476 0.008373 0.100600 0.000683 0.008630 0.027178 0.000055 0.000046 0.006207 0.000068 0.020108 0.000041 0.036504 0.001340 0.000033 0.000031 0.000028 0.000109 0.000128 0.000048 0.000039 0.000158 0.000020 0.000030 0.000796 0.000104 0.000827 0.000027 0.001091 0.000017 0.000164 0.000040
0.773772 0.000153 0.000676 0.164209 0.007464 0.004081 0.000288 0.000218 0.000811 0.001757 0.000843 0.000468 0.000877 0.000199 0.003248 0.000171 0.002811 0.000259 0.000187 0.005437 0.001003 0.006843 0.000358 0.014899 0.000295 0.000177 0.000565 0.001875 0.000161 0.003856 0.000942 0.001094
0.789901 0.000174 0.000919 0.134783 0.006014 0.004654 0.000270 0.000248 0.000726 0.002190 0.000991 0.000499 0.001293 0.000220 0.004243 0.000175 0.005417 0.000261 0.000259 0.006795 0.001499 0.007431 0.000460 0.018485 0.000371 0.000158 0.000593 0.001826 0.000176 0.006021 0.001219 0.001729
0.849415 0.000027 0.000151 0.129746 0.003293 0.001594 0.000061 0.000044 0.000224 0.000389 0.000183 0.000097 0.000329 0.000030 0.001055 0.000031 0.000656 0.000051 0.000028 0.002340 0.000195 0.002308 0.000112 0.005531 0.000053 0.000041 0.000184 0.000418 0.000040 0.000887 0.000176 0.000312
0.407298 0.002526 0.004885 0.012440 0.253331 0.002658 0.003958 0.001656 0.003763 0.016228 0.007462 0.002145 0.001478 0.006114 0.083979 0.001860 0.028023 0.001136 0.008887 0.014562 0.010581 0.041497 0.001986 0.020816 0.004763 0.003485 0.002102 0.007322 0.002984 0.028245 0.006693 0.005135
0.816608 0.001393 0.001518 0.002474 0.116191 0.002456 0.000372 0.000242 0.014208 0.004056 0.002933 0.000200 0.000685 0.000666 0.002637 0.000952 0.003037 0.000589 0.001419 0.005953 0.000633 0.003563 0.000220 0.001553 0.003488 0.000144 0.001010 0.003898 0.000171 0.002396 0.002266 0.002070
0.831852 0.001142 0.019273 0.007359 0.003360 0.109609 0.000035 0.000041 0.000856 0.000076 0.004226 0.000031 0.017457 0.000271 0.000083 0.000024 0.000045 0.000061 0.000222 0.000175 0.000163 0.000395 0.000017 0.000022 0.000367 0.000084 0.000932 0.000057 0.001484 0.000046 0.000193 0.000042
0.310375 0.005952 0.002975 0.004354 0.092662 0.001131 0.006149 0.004803 0.261466 0.079169 0.010524 0.003407 0.001357 0.002724 0.017993 0.009928 0.008712 0.001845 0.030927 0.040751 0.010770 0.033454 0.006017 0.006351 0.004226 0.000875 0.002265 0.007305 0.002223 0.011337 0.002902 0.015072
0.333686 0.002251 0.001956 0.003226 0.063262 0.001176 0.002043 0.002370 0.174233 0.194588 0.004803 0.001580 0.000841 0.001164 0.015947 0.004059 0.004554 0.001052 0.022109 0.066160 0.009205 0.041090 0.004079 0.004061 0.003710 0.000341 0.001047 0.009696 0.001011 0.012631 0.002236 0.009833
0.739700 0.000001 0.000002 0.000002 0.000001 0.000001 0.000010 0.000003 0.000008 0.002723 0.000001 0.000004 0.000000 0.000004 0.000522 0.000033 0.191187 0.000004 0.000005 0.003108 0.028130 0.000567 0.000000 0.000032 0.000009 0.000001 0.000005 0.000468 0.000001 0.033380 0.000049 0.000040
0.652178 0.013203 0.000028 0.001125 0.000027 0.000774 0.023132 0.000739 0.003819 0.006446 0.000183 0.000318 0.000052 0.001842 0.000068 0.012937 0.000650 0.103185 0.092648 0.003512 0.001154 0.067723 0.000445 0.000067 0.002164 0.000325 0.000468 0.000666 0.000039 0.001352 0.005029 0.003701
0.480351 0.018290 0.000126 0.002443 0.000209 0.002789 0.023179 0.002157 0.008081 0.012320 0.000537 0.001064 0.000257 0.004530 0.000217 0.020429 0.001849 0.084007 0.250220 0.004953 0.001794 0.052380 0.002232 0.000240 0.005566 0.000580 0.001029 0.001815 0.000179 0.002603 0.005701 0.007874
0.261576 0.000002 0.000013 0.000060 0.000004 0.000012 0.000010 0.000004 0.000015 0.000253 0.000019 0.000003 0.000008 0.000022 0.001968 0.000003 0.001188 0.000011 0.000011 0.710185 0.001318 0.017990 0.000006 0.000023 0.000590 0.000011 0.000030 0.000108 0.000007 0.003477 0.000958 0.000116
0.311711 0.000003 0.000007 0.000131 0.000005 0.000016 0.000017 0.000009 0.000041 0.000470 0.000031 0.000011 0.000039 0.000035 0.001939 0.000010 0.000756 0.000015 0.000033 0.667413 0.001384 0.010544 0.000010 0.000062 0.000476 0.000020 0.000070 0.000326 0.000007 0.003658 0.000377 0.000376
0.440469 0.000028 0.000012 0.000026 0.000008 0.000028 0.000016 0.000014 0.000163 0.001069 0.000168 0.000010 0.000008 0.000077 0.001977 0.000012 0.001189 0.000008 0.000056 0.524897 0.001488 0.020129 0.000013 0.000022 0.003165 0.000011 0.000045 0.000415 0.000009 0.003667 0.000621 0.000179
0.448446 0.000551 0.001217 0.003134 0.004504 0.006083 0.000291 0.000288 0.002051 0.003096 0.011178 0.000225 0.005217 0.001030 0.009225 0.000172 0.005209 0.000329 0.000561 0.399621 0.005235 0.048396 0.000302 0.001591 0.007006 0.000458 0.002441 0.002281 0.000851 0.013160 0.013730 0.002119
0.652466 0.000005 0.000033 0.000164 0.000026 0.000029 0.000030 0.000007 0.000053 0.000466 0.000058 0.000006 0.000011 0.000030 0.002570 0.000006 0.000723 0.000056 0.000019 0.311115 0.001318 0.024780 0.000014 0.000034 0.000431 0.000063 0.000114 0.000181 0.000030 0.002680 0.002301 0.000183
0.688686 0.000030 0.000029 0.000214 0.000482 0.000073 0.000092 0.000030 0.000253 0.005700 0.000080 0.000035 0.000019 0.000078 0.005460 0.000037 0.000792 0.000151 0.000209 0.263474 0.001131 0.026209 0.000032 0.000115 0.000817 0.000064 0.000084 0.000990 0.000045 0.002807 0.001121 0.000659
0.677889 0.000064 0.000333 0.000385 0.000860 0.000096 0.000165 0.000065 0.000744 0.006936 0.000324 0.000054 0.000115 0.000188 0.013348 0.000049 0.002114 0.000290 0.000165 0.229205 0.005894 0.048445 0.000076 0.000157 0.000748 0.000169 0.000337 0.001044 0.000316 0.007419 0.001329 0.000674
0.652253 0.000042 0.000113 0.001853 0.000223 0.000534 0.000150 0.000071 0.000159 0.001707 0.000224 0.000054 0.000160 0.000166 0.007520 0.000069 0.016053 0.000133 0.000174 0.218425 0.009901 0.050210 0.000150 0.000730 0.001604 0.000114 0.000284 0.002386 0.000071 0.027678 0.005622 0.001166
0.707476 0.000044 0.000084 0.000468 0.000088 0.000088 0.000064 0.000055 0.000146 0.002893 0.000208 0.000041 0.000047 0.000101 0.009906 0.000058 0.004061 0.000067 0.000112 0.217333 0.006729 0.036556 0.000089 0.000150 0.001111 0.000077 0.000322 0.001033 0.000141 0.007487 0.002458 0.000507
0.739291 0.000008 0.000043 0.000372 0.000026 0.000047 0.000039 0.000018 0.000029 0.000752 0.000055 0.000013 0.000030 0.000050 0.006626 0.000020 0.004739 0.000049 0.000029 0.210866 0.006978 0.019931 0.000035 0.000058 0.000496 0.000075 0.000183 0.000534 0.000058 0.005580 0.002688 0.000280
0.728438 0.000044 0.000229 0.000696 0.001512 0.000078 0.000180 0.000062 0.000280 0.006000 0.000193 0.000060 0.000062 0.000158 0.011595 0.000061 0.002387 0.000316 0.000189 0.179712 0.005196 0.052015 0.000179 0.000184 0.000622 0.000166 0.000250 0.001275 0.000309 0.005335 0.001498 0.000718
0.646757 0.000484 0.001350 0.003972 0.007628 0.000997 0.000530 0.000387 0.002295 0.010923 0.002898 0.000210 0.001462 0.000972 0.024855 0.000257 0.005347 0.001549 0.000762 0.169547 0.008385 0.070682 0.000549 0.000926 0.003521 0.000830 0.002338 0.002842 0.002467 0.014004 0.007566 0.002704
0.705208 0.000366 0.000419 0.003281 0.007719 0.000715 0.000350 0.000214 0.000673 0.007036 0.002231 0.000148 0.000348 0.000708 0.014917 0.000190 0.003064 0.001433 0.000867 0.130415 0.005469 0.070032 0.000515 0.000757 0.003308 0.000922 0.001173 0.002518 0.001610 0.013000 0.017751 0.002645
0.693809 0.001373 0.002864 0.018628 0.008008 0.005967 0.002175 0.001043 0.002483 0.008937 0.009663 0.001137 0.002203 0.002137 0.012122 0.000850 0.006439 0.001936 0.001037 0.120803 0.009263 0.020749 0.001730 0.007394 0.005744 0.002837 0.005674 0.004170 0.002263 0.012362 0.019641 0.004560
0.533009 0.003072 0.002864 0.006896 0.016413 0.011189 0.002711 0.001394 0.002077 0.022541 0.027300 0.000981 0.003292 0.004037 0.023227 0.000982 0.011035 0.001712 0.003337 0.106312 0.015256 0.080798 0.001923 0.004458 0.004725 0.004145 0.005617 0.011305 0.010893 0.034968 0.037514 0.004016
0.369503 0.007138 0.021612 0.011449 0.026520 0.038206 0.013252 0.005392 0.007297 0.030686 0.033957 0.004999 0.007345 0.009822 0.035666 0.002666 0.013153 0.007162 0.006895 0.105879 0.011874 0.061162 0.004715 0.009213 0.009996 0.019079 0.004374 0.019909 0.025776 0.019815 0.046642 0.008849
0.845464 0.000009 0.000012 0.000082 0.000078 0.000069 0.000006 0.000004 0.000071 0.001226 0.000105 0.000002 0.000023 0.000033 0.001467 0.000004 0.000812 0.000019 0.000070 0.102628 0.000532 0.043300 0.000004 0.000022 0.000893 0.000004 0.000020 0.000162 0.000008 0.002123 0.000570 0.000178
0.884462 0.000005 0.000003 0.000070 0.000117 0.000025 0.000022 0.000006 0.000035 0.001950 0.000030 0.000005 0.000001 0.000011 0.001359 0.000013 0.000143 0.000044 0.000039 0.102480 0.000230 0.007076 0.000004 0.000031 0.000269 0.000016 0.000020 0.000365 0.000006 0.000553 0.000450 0.000158
0.702317 0.000285 0.000043 0.001144 0.000241 0.002268 0.000130 0.000059 0.000963 0.002762 0.000767 0.000083 0.000888 0.000331 0.001320 0.000041 0.000806 0.000274 0.000171 0.009156 0.000691 0.268647 0.000061 0.000569 0.000342 0.000118 0.000264 0.001124 0.000150 0.002369 0.001287 0.000330
0.606424 0.001380 0.000506 0.014572 0.000582 0.009158 0.000980 0.001028 0.003156 0.027128 0.000681 0.000389 0.006615 0.002392 0.001932 0.002552 0.011688 0.009367 0.027128 0.016649 0.006351 0.206207 0.000838 0.001678 0.001925 0.000423 0.001418 0.005289 0.000812 0.016607 0.003474 0.010670
0.810666 0.000073 0.000003 0.001171 0.000138 0.000247 0.000025 0.000024 0.000055 0.002996 0.000237 0.000016 0.000034 0.000040 0.002748 0.000045 0.000552 0.000132 0.000049 0.013288 0.001363 0.147565 0.000046 0.000184 0.000254 0.000200 0.001022 0.000948 0.000202 0.006577 0.008415 0.000685
0.709294 0.002479 0.000150 0.012547 0.000339 0.004883 0.001754 0.001575 0.001561 0.019462 0.000476 0.000831 0.001802 0.001355 0.000878 0.005320 0.010247 0.014260 0.030382 0.012867 0.005220 0.118991 0.003830 0.001168 0.001215 0.000489 0.001743 0.005284 0.000887 0.012016 0.003112 0.013582
0.741193 0.001974 0.000653 0.003820 0.000221 0.000663 0.000628 0.000211 0.004513 0.024061 0.000317 0.000461 0.000391 0.001764 0.005340 0.002347 0.004929 0.001360 0.001595 0.018973 0.002000 0.012742 0.000139 0.004391 0.003612 0.000470 0.000682 0.143059 0.000113 0.010705 0.003302 0.003373
0.657061 0.000482 0.000125 0.001922 0.001838 0.001738 0.000136 0.000117 0.000389 0.002140 0.007073 0.000100 0.000338 0.000391 0.006651 0.000082 0.003070 0.000372 0.000271 0.064470 0.005616 0.091716 0.000078 0.000768 0.001900 0.001346 0.002274 0.002815 0.001662 0.012965 0.128157 0.001936
