0.769982 0.155583 0.002060 0.000890 0.000266 0.001060 0.026207 0.000764 0.003866 0.003739 0.001418 0.000907 0.000188 0.009417 0.000449 0.003578 0.000935 0.003927 0.001509 0.000332 0.000394 0.001276 0.001699 0.000174 0.002542 0.000861 0.000157 0.000878 0.000197 0.000462 0.003583 0.000701
0.019748 0.000054 0.978338 0.000001 0.001145 0.000048 0.000004 0.000001 0.000021 0.000001 0.000094 0.000001 0.000030 0.000414 0.000006 0.000001 0.000004 0.000027 0.000010 0.000001 0.000001 0.000004 0.000000 0.000001 0.000017 0.000004 0.000010 0.000001 0.000008 0.000000 0.000004 0.000001
0.328605 0.001087 0.642644 0.000026 0.003512 0.000097 0.000317 0.000029 0.000307 0.000156 0.000149 0.000075 0.000004 0.003008 0.016177 0.000080 0.002084 0.000053 0.000119 0.000041 0.000245 0.000079 0.000005 0.000027 0.000265 0.000075 0.000029 0.000088 0.000049 0.000193 0.000339 0.000036
0.560420 0.015804 0.321128 0.000775 0.000623 0.004803 0.002185 0.000277 0.006100 0.001304 0.004657 0.000897 0.001548 0.045729 0.000495 0.001594 0.005079 0.006750 0.001415 0.000606 0.001937 0.006541 0.000059 0.001511 0.001798 0.000461 0.000949 0.000589 0.000286 0.000980 0.001695 0.001003
0.781843 0.000188 0.143895 0.000406 0.006672 0.000186 0.000111 0.000062 0.000227 0.000262 0.000386 0.000078 0.000041 0.000720 0.058077 0.000059 0.003264 0.000058 0.000031 0.000253 0.000577 0.000188 0.000029 0.000095 0.000572 0.000135 0.000201 0.000316 0.000097 0.000522 0.000313 0.000135
0.303696 0.004715 0.007525 0.150460 0.035078 0.047132 0.010665 0.006134 0.008662 0.029035 0.009911 0.006587 0.005575 0.008712 0.026535 0.006323 0.017900 0.009094 0.019757 0.060242 0.021119 0.072163 0.005354 0.020383 0.007432 0.005067 0.002895 0.012789 0.005169 0.034780 0.026696 0.012412
0.686589 0.001375 0.001023 0.144426 0.005110 0.009841 0.000887 0.000673 0.001677 0.008507 0.002725 0.001116 0.001236 0.000944 0.004217 0.000405 0.003170 0.000803 0.000528 0.036446 0.002508 0.048985 0.000757 0.001995 0.001193 0.000463 0.001110 0.011722 0.000456 0.004554 0.011905 0.002656
0.796620 0.000289 0.000258 0.107784 0.005013 0.005305 0.000281 0.000245 0.000601 0.004170 0.000957 0.000318 0.000631 0.000268 0.003320 0.000164 0.002259 0.000333 0.000271 0.016916 0.001895 0.032898 0.000510 0.001106 0.000473 0.000188 0.000588 0.005923 0.000190 0.004075 0.004842 0.001310
0.388619 0.003112 0.007365 0.105338 0.028618 0.039386 0.008089 0.004590 0.005775 0.028637 0.007579 0.004157 0.004610 0.007359 0.030756 0.005249 0.018385 0.007439 0.018760 0.061084 0.020942 0.064371 0.004981 0.022314 0.006818 0.003773 0.002472 0.011392 0.005188 0.039095 0.022614 0.011134
0.647080 0.037567 0.000111 0.003805 0.000368 0.001049 0.147505 0.002389 0.016255 0.016797 0.001138 0.002041 0.000048 0.002203 0.000167 0.035708 0.001361 0.018307 0.010252 0.004802 0.001304 0.023263 0.005285 0.000610 0.000784 0.001259 0.000245 0.002826 0.000110 0.002547 0.007795 0.005021
0.242576 0.000032 0.000013 0.000084 0.000019 0.000018 0.000162 0.000061 0.000533 0.668737 0.000031 0.000027 0.000003 0.000053 0.002949 0.000450 0.000745 0.000228 0.000265 0.048336 0.001447 0.024761 0.000017 0.000293 0.000168 0.000018 0.000014 0.000639 0.000012 0.006234 0.000038 0.001038
0.630798 0.000050 0.000009 0.000120 0.000032 0.000066 0.000106 0.000091 0.000802 0.280201 0.000190 0.000037 0.000011 0.000067 0.000587 0.000131 0.000205 0.001464 0.000088 0.049742 0.000589 0.031509 0.000031 0.000354 0.000078 0.000035 0.000057 0.000517 0.000073 0.001398 0.000112 0.000448
0.799759 0.000024 0.000002 0.000142 0.000014 0.000033 0.000044 0.000019 0.000148 0.163481 0.000079 0.000009 0.000004 0.000031 0.000331 0.000026 0.000072 0.000650 0.000018 0.027163 0.000200 0.006630 0.000012 0.000095 0.000043 0.000014 0.000009 0.000103 0.000019 0.000669 0.000040 0.000115
0.793235 0.000006 0.000001 0.000005 0.000001 0.000005 0.000011 0.000013 0.000122 0.160622 0.000031 0.000002 0.000000 0.000010 0.000102 0.000030 0.000046 0.000500 0.000010 0.018470 0.000104 0.026050 0.000001 0.000044 0.000011 0.000002 0.000006 0.000110 0.000003 0.000316 0.000011 0.000120
0.820070 0.000019 0.000004 0.000050 0.000006 0.000021 0.000033 0.000038 0.000801 0.133855 0.000083 0.000009 0.000004 0.000025 0.000225 0.000040 0.000095 0.000975 0.000022 0.030334 0.000210 0.012080 0.000004 0.000084 0.000033 0.000010 0.000018 0.000165 0.000018 0.000480 0.000041 0.000147
0.593011 0.000154 0.000112 0.000404 0.000109 0.000270 0.000127 0.000228 0.000678 0.125415 0.000281 0.000088 0.000023 0.000515 0.006252 0.000644 0.001606 0.001787 0.000378 0.036769 0.002192 0.198272 0.000027 0.001580 0.000647 0.000058 0.000373 0.013688 0.000059 0.007187 0.000777 0.006289
0.643754 0.000250 0.000053 0.001311 0.000389 0.000100 0.000589 0.000344 0.006290 0.102495 0.000158 0.000292 0.000067 0.000131 0.000229 0.002989 0.000299 0.000501 0.217830 0.007226 0.000197 0.004944 0.000915 0.000655 0.000264 0.000031 0.000019 0.000800 0.000022 0.000586 0.000106 0.006163
0.807583 0.001184 0.001222 0.001514 0.000099 0.006767 0.000083 0.000075 0.001231 0.000482 0.007068 0.000056 0.120917 0.002996 0.000178 0.000055 0.000563 0.001000 0.001317 0.007610 0.000574 0.021935 0.000027 0.000266 0.006028 0.000217 0.003074 0.000717 0.000128 0.000887 0.002494 0.001652
0.653628 0.009736 0.050606 0.000413 0.000417 0.001750 0.000315 0.000126 0.004451 0.001055 0.009882 0.000106 0.059516 0.141260 0.000478 0.000112 0.002401 0.007509 0.001843 0.001588 0.001658 0.017501 0.000036 0.000653 0.020994 0.000445 0.001593 0.000533 0.000405 0.001854 0.006120 0.001015
0.207345 0.000000 0.000000 0.000000 0.000000 0.000000 0.000000 0.000000 0.000000 0.000000 0.000000 0.000000 0.000000 0.000000 0.792589 0.000000 0.000065 0.000000 0.000000 0.000000 0.000000 0.000000 0.000000 0.000000 0.000000 0.000000 0.000000 0.000000 0.000000 0.000001 0.000000 0.000000
0.425458 0.000000 0.000158 0.000000 0.000001 0.000000 0.000000 0.000000 0.000000 0.000001 0.000000 0.000000 0.000000 0.000000 0.571416 0.000000 0.002899 0.000000 0.000000 0.000003 0.000020 0.000005 0.000000 0.000000 0.000001 0.000000 0.000000 0.000001 0.000000 0.000034 0.000001 0.000000
0.477918 0.000002 0.031495 0.000141 0.003072 0.000225 0.000009 0.000003 0.000004 0.000072 0.000039 0.000002 0.000002 0.000062 0.463430 0.000002 0.017638 0.000003 0.000007 0.000621 0.001766 0.000571 0.000000 0.000007 0.000109 0.000013 0.000013 0.000033 0.000019 0.002156 0.000552 0.000011
0.715333 0.000081 0.000691 0.000263 0.001077 0.000228 0.000177 0.000101 0.000099 0.001048 0.000366 0.000079 0.000040 0.000259 0.225361 0.000058 0.008585 0.000112 0.000089 0.005508 0.012949 0.006408 0.000049 0.000462 0.000774 0.000179 0.000725 0.000798 0.000239 0.014714 0.002820 0.000329
0.754191 0.000017 0.011007 0.000098 0.000206 0.000056 0.000050 0.000019 0.000052 0.000850 0.000068 0.000032 0.000005 0.000091 0.199955 0.000024 0.009963 0.000013 0.000046 0.005705 0.010874 0.001462 0.000004 0.000033 0.000123 0.000026 0.000028 0.000287 0.000042 0.004210 0.000398 0.000067
0.777190 0.000085 0.006590 0.000675 0.000916 0.000124 0.000078 0.000049 0.000063 0.000301 0.000230 0.000058 0.000034 0.000437 0.180136 0.000050 0.019263 0.000028 0.000024 0.000997 0.004707 0.000982 0.000008 0.000082 0.000810 0.000304 0.000414 0.000674 0.000093 0.002703 0.001739 0.000155
0.778321 0.000005 0.000092 0.000145 0.000464 0.000072 0.000026 0.000016 0.000015 0.000458 0.000113 0.000012 0.000004 0.000029 0.169192 0.000006 0.004981 0.000014 0.000029 0.006267 0.008018 0.004695 0.000003 0.000079 0.000161 0.000039 0.000169 0.000175 0.000068 0.023328 0.002919 0.000085
0.805896 0.000009 0.003786 0.000443 0.000949 0.000404 0.000059 0.000012 0.000021 0.000217 0.000134 0.000017 0.000009 0.000109 0.153414 0.000010 0.017926 0.000012 0.000037 0.002442 0.006159 0.001505 0.000002 0.000018 0.000263 0.000068 0.000114 0.000140 0.000071 0.003297 0.002386 0.000073
0.291721 0.000277 0.509882 0.000172 0.042153 0.000262 0.000250 0.000063 0.000354 0.000249 0.000417 0.000077 0.000014 0.001661 0.140657 0.000066 0.007426 0.000060 0.000103 0.000168 0.000881 0.000263 0.000011 0.000079 0.000570 0.000168 0.000117 0.000178 0.000166 0.000696 0.000747 0.000089
0.872803 0.000000 0.000328 0.000002 0.000004 0.000001 0.000001 0.000000 0.000001 0.000008 0.000001 0.000000 0.000000 0.000004 0.114872 0.000000 0.011391 0.000000 0.000000 0.000114 0.000130 0.000080 0.000000 0.000001 0.000009 0.000000 0.000001 0.000004 0.000000 0.000224 0.000019 0.000002
0.491824 0.002400 0.004908 0.001194 0.000158 0.000343 0.000227 0.000131 0.000740 0.001490 0.001830 0.000112 0.003955 0.019129 0.004344 0.000168 0.160432 0.001343 0.000956 0.002612 0.032691 0.058370 0.000032 0.008930 0.010103 0.000126 0.001084 0.002602 0.000079 0.168534 0.016543 0.002613
0.501022 0.000002 0.000016 0.000126 0.000009 0.000001 0.000009 0.000003 0.000006 0.000145 0.000011 0.000013 0.000002 0.000024 0.005628 0.000007 0.153124 0.000002 0.000007 0.000609 0.004294 0.001633 0.000002 0.002270 0.000052 0.000001 0.000008 0.000214 0.000001 0.330467 0.000180 0.000113
0.748724 0.000027 0.000333 0.000313 0.000045 0.000057 0.000138 0.000071 0.000188 0.001907 0.000092 0.000134 0.000037 0.000227 0.002446 0.000076 0.120360 0.000121 0.000121 0.021819 0.049588 0.006746 0.000019 0.000267 0.000238 0.000087 0.000225 0.002562 0.000061 0.040473 0.002101 0.000398
0.864855 0.000273 0.000056 0.000096 0.000009 0.000030 0.003147 0.000148 0.000241 0.002413 0.000020 0.003320 0.000004 0.000104 0.000159 0.003129 0.102771 0.000130 0.000206 0.000580 0.008856 0.001028 0.000043 0.000558 0.000065 0.000055 0.000048 0.001393 0.000008 0.005879 0.000240 0.000138
0.006439 0.000139 0.000002 0.000048 0.000030 0.000010 0.000063 0.000030 0.000126 0.000875 0.000020 0.000021 0.000002 0.000022 0.000004 0.000515 0.000007 0.000469 0.990101 0.000025 0.000012 0.000181 0.000014 0.000017 0.000019 0.000005 0.000008 0.000012 0.000004 0.000026 0.000064 0.000690
0.643754 0.000250 0.000053 0.001311 0.000389 0.000100 0.000589 0.000344 0.006290 0.102495 0.000158 0.000292 0.000067 0.000131 0.000229 0.002989 0.000299 0.000501 0.217830 0.007226 0.000197 0.004944 0.000915 0.000655 0.000264 0.000031 0.000019 0.000800 0.000022 0.000586 0.000106 0.006163
0.423637 0.000010 0.000008 0.001067 0.000014 0.000058 0.000011 0.000014 0.000030 0.000733 0.000090 0.000011 0.000186 0.000053 0.000854 0.000009 0.000506 0.000024 0.000022 0.560962 0.000917 0.006210 0.000018 0.000118 0.000529 0.000028 0.000066 0.000574 0.000018 0.002414 0.000334 0.000474
0.428825 0.000135 0.000864 0.005415 0.004196 0.008042 0.000619 0.000692 0.000810 0.044812 0.005135 0.001261 0.000803 0.000534 0.012600 0.000362 0.002945 0.001140 0.004289 0.358966 0.004591 0.074317 0.003032 0.002161 0.000965 0.000251 0.000228 0.004530 0.001309 0.014461 0.009347 0.002364
0.389981 0.004056 0.002536 0.004761 0.004259 0.008075 0.004757 0.001704 0.007764 0.017923 0.008680 0.002403 0.004067 0.006320 0.006924 0.000815 0.003543 0.009913 0.002393 0.240909 0.007848 0.145758 0.001925 0.003621 0.004974 0.004321 0.002876 0.017600 0.005047 0.012912 0.057864 0.003474
0.620540 0.000201 0.000632 0.002646 0.001658 0.010143 0.001173 0.000706 0.001490 0.011556 0.002185 0.000443 0.000704 0.000509 0.004778 0.001003 0.002716 0.004951 0.013785 0.178169 0.007420 0.049010 0.000332 0.000966 0.003454 0.001011 0.000727 0.004394 0.000904 0.009940 0.057327 0.004527
0.788535 0.000004 0.000003 0.000043 0.000002 0.000019 0.000005 0.000002 0.000021 0.000113 0.000034 0.000001 0.000035 0.000019 0.000368 0.000001 0.000509 0.000021 0.000014 0.142973 0.000418 0.063723 0.000001 0.000011 0.000550 0.000013 0.000051 0.000089 0.000002 0.001386 0.000936 0.000097
0.816050 0.000006 0.000020 0.001366 0.000016 0.000030 0.000020 0.000013 0.000099 0.000633 0.000058 0.000015 0.000042 0.000033 0.003158 0.000019 0.001950 0.000017 0.000047 0.142146 0.002169 0.021482 0.000011 0.000144 0.000378 0.000028 0.000265 0.000652 0.000011 0.007791 0.000653 0.000680
0.507878 0.002209 0.000281 0.004125 0.008114 0.002511 0.001026 0.000454 0.002382 0.005802 0.006985 0.000525 0.000315 0.000667 0.003600 0.000324 0.002155 0.001597 0.000660 0.112041 0.004378 0.143726 0.000944 0.001050 0.001680 0.005133 0.002582 0.008883 0.003414 0.008693 0.153870 0.001997
0.850073 0.000005 0.000048 0.000152 0.000031 0.000019 0.000021 0.000010 0.000048 0.000908 0.000058 0.000014 0.000021 0.000048 0.004472 0.000012 0.001992 0.000031 0.000036 0.108444 0.001869 0.025710 0.000014 0.000067 0.000471 0.000039 0.000101 0.000565 0.000014 0.003476 0.000965 0.000264
0.438771 0.000000 0.000000 0.000000 0.000000 0.000000 0.000000 0.000000 0.000000 0.000000 0.000000 0.000000 0.000000 0.000000 0.000000 0.000000 0.000000 0.000000 0.000000 0.000225 0.000000 0.560999 0.000000 0.000000 0.000000 0.000000 0.000000 0.000000 0.000000 0.000001 0.000003 0.000000
0.365640 0.000314 0.000138 0.002791 0.000127 0.001382 0.000131 0.000261 0.001010 0.029215 0.000761 0.000110 0.000110 0.000713 0.002631 0.000508 0.001090 0.001796 0.000550 0.035518 0.001371 0.516519 0.000044 0.001498 0.001137 0.000092 0.000672 0.014590 0.000090 0.007568 0.001763 0.009859
0.621518 0.000000 0.000000 0.000001 0.000000 0.000003 0.000000 0.000000 0.000008 0.000018 0.000005 0.000000 0.000000 0.000002 0.000019 0.000000 0.000006 0.000002 0.000000 0.003436 0.000025 0.374830 0.000000 0.000001 0.000005 0.000002 0.000013 0.000013 0.000001 0.000031 0.000058 0.000002
0.673296 0.000079 0.000056 0.000744 0.000022 0.000382 0.000042 0.000116 0.000366 0.009966 0.001096 0.000026 0.000103 0.000267 0.001973 0.000185 0.000678 0.000572 0.000144 0.029163 0.001216 0.266188 0.000009 0.000579 0.000481 0.000049 0.000723 0.003923 0.000061 0.004186 0.000934 0.002374
0.662911 0.000009 0.000004 0.000033 0.000002 0.000070 0.000008 0.000003 0.000042 0.000138 0.000075 0.000002 0.000122 0.000034 0.000118 0.000001 0.000320 0.000078 0.000026 0.077735 0.000483 0.253059 0.000002 0.000014 0.000578 0.000034 0.000109 0.000099 0.000004 0.001232 0.002560 0.000095
0.783811 0.000000 0.000000 0.000000 0.000000 0.000002 0.000000 0.000000 0.000001 0.000005 0.000002 0.000000 0.000000 0.000001 0.000007 0.000000 0.000009 0.000001 0.000000 0.000767 0.000018 0.215245 0.000000 0.000001 0.000003 0.000001 0.000004 0.000006 0.000000 0.000031 0.000082 0.000001
0.757786 0.000034 0.000045 0.000583 0.000023 0.000250 0.000065 0.000024 0.000225 0.000391 0.000406 0.000015 0.000234 0.000135 0.000182 0.000027 0.000307 0.000595 0.000268 0.019443 0.000671 0.212466 0.000007 0.000095 0.000701 0.000182 0.001198 0.000568 0.000027 0.000979 0.001001 0.001067
0.748788 0.000044 0.000078 0.000324 0.000118 0.001909 0.000034 0.000038 0.000074 0.000735 0.000444 0.000017 0.000631 0.000199 0.000816 0.000019 0.000750 0.000420 0.000368 0.028003 0.002236 0.200135 0.000016 0.000078 0.001043 0.000107 0.000726 0.000673 0.000203 0.003534 0.006925 0.000516
0.780027 0.000002 0.000002 0.000030 0.000012 0.000008 0.000007 0.000002 0.000028 0.000222 0.000032 0.000002 0.000012 0.000012 0.000316 0.000001 0.000170 0.000031 0.000020 0.023612 0.000486 0.192814 0.000002 0.000031 0.000120 0.000018 0.000094 0.000313 0.000004 0.001008 0.000460 0.000102
0.781724 0.000022 0.000004 0.000076 0.000003 0.000043 0.000007 0.000018 0.000118 0.011126 0.000454 0.000003 0.000012 0.000037 0.000261 0.000027 0.000066 0.000487 0.000022 0.021651 0.000164 0.181665 0.000001 0.000071 0.000068 0.000008 0.000112 0.000593 0.000009 0.000615 0.000100 0.000431
0.792240 0.000013 0.000055 0.000363 0.000104 0.000108 0.000047 0.000017 0.000179 0.000527 0.000149 0.000014 0.000183 0.000100 0.000670 0.000013 0.000615 0.000253 0.000167 0.021218 0.001121 0.175304 0.000009 0.000134 0.000554 0.000193 0.000940 0.000878 0.000034 0.001763 0.001269 0.000766
0.745699 0.000076 0.000117 0.003926 0.000054 0.000355 0.000062 0.000114 0.000222 0.001688 0.001311 0.000060 0.000249 0.000206 0.007907 0.000132 0.003746 0.000136 0.000254 0.020299 0.005140 0.170055 0.000025 0.000702 0.001690 0.000093 0.002257 0.006552 0.000111 0.019841 0.003928 0.002994
0.764982 0.000152 0.000187 0.001889 0.000134 0.001738 0.000092 0.000335 0.002138 0.005006 0.002651 0.000101 0.000292 0.000508 0.002341 0.000237 0.001562 0.000706 0.000344 0.027961 0.002704 0.162631 0.000023 0.001509 0.000592 0.000123 0.001417 0.006973 0.000162 0.005103 0.002520 0.002889
0.593464 0.000873 0.000807 0.039648 0.003206 0.014974 0.000711 0.000868 0.001796 0.021493 0.002614 0.000763 0.002016 0.001522 0.006160 0.001044 0.007901 0.002744 0.002123 0.027672 0.005954 0.160545 0.000442 0.007787 0.002339 0.000735 0.002449 0.041454 0.000569 0.017511 0.016620 0.011195
0.747778 0.000040 0.000187 0.000731 0.000212 0.000313 0.000097 0.000053 0.000225 0.001544 0.000266 0.000037 0.000432 0.000375 0.003537 0.000056 0.003752 0.000444 0.000410 0.064868 0.002951 0.153663 0.000035 0.000304 0.002307 0.000276 0.001230 0.001788 0.000077 0.006717 0.003746 0.001548
0.722488 0.000232 0.000403 0.016159 0.000166 0.003268 0.000154 0.000262 0.000863 0.001555 0.003384 0.000188 0.001582 0.000601 0.005965 0.000214 0.002982 0.000467 0.000467 0.037307 0.004403 0.148138 0.000068 0.001474 0.003537 0.000291 0.004838 0.012816 0.000256 0.011642 0.010118 0.003714
0.389981 0.004056 0.002536 0.004761 0.004259 0.008075 0.004757 0.001704 0.007764 0.017923 0.008680 0.002403 0.004067 0.006320 0.006924 0.000815 0.003543 0.009913 0.002393 0.240909 0.007848 0.145758 0.001925 0.003621 0.004974 0.004321 0.002876 0.017600 0.005047 0.012912 0.057864 0.003474
0.507878 0.002209 0.000281 0.004125 0.008114 0.002511 0.001026 0.000454 0.002382 0.005802 0.006985 0.000525 0.000315 0.000667 0.003600 0.000324 0.002155 0.001597 0.000660 0.112041 0.004378 0.143726 0.000944 0.001050 0.001680 0.005133 0.002582 0.008883 0.003414 0.008693 0.153870 0.001997
0.838383 0.000010 0.000012 0.000653 0.000006 0.000085 0.000008 0.000025 0.000048 0.000371 0.000588 0.000010 0.000022 0.000028 0.000991 0.000017 0.000361 0.000035 0.000019 0.011268 0.001353 0.137543 0.000002 0.000094 0.000129 0.000024 0.000936 0.002469 0.000022 0.002691 0.001389 0.000410
0.837061 0.000020 0.000018 0.000819 0.000021 0.000425 0.000015 0.000065 0.000267 0.000911 0.000929 0.000018 0.000042 0.000072 0.000638 0.000036 0.000481 0.000086 0.000055 0.012987 0.001128 0.134769 0.000004 0.000432 0.000115 0.000023 0.000461 0.002364 0.000031 0.003844 0.001121 0.000743
0.713848 0.000213 0.000510 0.001742 0.000073 0.000434 0.000086 0.000114 0.000512 0.001716 0.001293 0.000063 0.002128 0.001544 0.007309 0.000100 0.018846 0.000361 0.000331 0.018795 0.007775 0.134684 0.000021 0.004105 0.004593 0.000068 0.000795 0.002313 0.000054 0.067998 0.004992 0.002586
0.844898 0.000009 0.000008 0.000328 0.000012 0.000050 0.000006 0.000023 0.000023 0.001234 0.000698 0.000008 0.000009 0.000023 0.001039 0.000014 0.000240 0.000048 0.000014 0.010635 0.000643 0.134601 0.000002 0.000147 0.000057 0.000029 0.000775 0.001753 0.000022 0.001837 0.000440 0.000376
0.844742 0.000008 0.000007 0.000220 0.000008 0.000109 0.000010 0.000050 0.000173 0.001067 0.000703 0.000012 0.000011 0.000031 0.000441 0.000023 0.000334 0.000062 0.000033 0.015273 0.000799 0.129331 0.000002 0.000213 0.000053 0.000016 0.000324 0.001513 0.000020 0.003132 0.000827 0.000451
0.848568 0.000009 0.000031 0.000314 0.000022 0.000069 0.000009 0.000010 0.000171 0.000454 0.000145 0.000006 0.000005 0.000020 0.001419 0.000005 0.000192 0.000042 0.000020 0.022485 0.000899 0.122807 0.000003 0.000051 0.000086 0.000021 0.000179 0.000197 0.000032 0.000952 0.000683 0.000095
0.850210 0.000041 0.000006 0.000161 0.000009 0.000088 0.000016 0.000009 0.000186 0.001566 0.000438 0.000007 0.000124 0.000079 0.000177 0.000007 0.000141 0.000234 0.000036 0.021255 0.000173 0.122632 0.000002 0.000095 0.000315 0.000014 0.000054 0.000365 0.000005 0.000787 0.000531 0.000235
0.854665 0.000010 0.000013 0.000672 0.000007 0.000114 0.000008 0.000028 0.000071 0.000383 0.000595 0.000010 0.000022 0.000032 0.000825 0.000019 0.000377 0.000040 0.000022 0.010780 0.001299 0.121613 0.000002 0.000130 0.000111 0.000022 0.000793 0.002497 0.000021 0.002960 0.001395 0.000467
0.801158 0.000273 0.000095 0.000555 0.000103 0.000441 0.000178 0.000056 0.002124 0.001942 0.001427 0.000070 0.000203 0.000525 0.000974 0.000029 0.000584 0.000563 0.000177 0.062372 0.000803 0.112371 0.000013 0.000210 0.001466 0.000105 0.000198 0.001320 0.000040 0.002797 0.006141 0.000687
0.761008 0.000302 0.000270 0.002436 0.000328 0.001240 0.000419 0.000659 0.001065 0.006122 0.003514 0.000501 0.000357 0.000753 0.004411 0.000695 0.004202 0.001076 0.000446 0.030006 0.011685 0.105748 0.000170 0.002650 0.001260 0.000718 0.006266 0.025980 0.000589 0.014174 0.006895 0.004053
0.611231 0.003842 0.005280 0.003666 0.000715 0.001135 0.000578 0.000299 0.001809 0.004154 0.008710 0.000225 0.013355 0.029631 0.003132 0.000475 0.054275 0.004755 0.002083 0.006998 0.027602 0.105692 0.000104 0.008214 0.011722 0.000772 0.004652 0.004461 0.000512 0.049068 0.025607 0.005245
0.592365 0.002197 0.001752 0.023868 0.035590 0.029552 0.001016 0.001197 0.014112 0.009225 0.026567 0.001245 0.001982 0.001503 0.004595 0.000333 0.003154 0.001440 0.000828 0.066218 0.003431 0.103397 0.001259 0.007814 0.002319 0.001698 0.003487 0.017573 0.001440 0.010641 0.024417 0.003786
0.653053 0.000069 0.000013 0.000109 0.000032 0.000092 0.000129 0.000206 0.001725 0.186844 0.000328 0.000065 0.000013 0.000082 0.000574 0.000290 0.000332 0.001860 0.000215 0.045430 0.000677 0.102581 0.000033 0.000574 0.000085 0.000044 0.000131 0.001380 0.000085 0.001788 0.000178 0.000983
0.328596 0.000004 0.000014 0.000147 0.000003 0.000001 0.000005 0.000004 0.000004 0.000143 0.000020 0.000006 0.000004 0.000030 0.005399 0.000007 0.107042 0.000002 0.000010 0.000294 0.006484 0.004117 0.000001 0.006231 0.000086 0.000000 0.000010 0.000155 0.000000 0.540875 0.000139 0.000168
0.548230 0.000262 0.001927 0.000732 0.000168 0.000078 0.000092 0.000063 0.000245 0.000719 0.000650 0.000059 0.000650 0.003687 0.008312 0.000056 0.140366 0.000420 0.000278 0.002891 0.018500 0.028471 0.000017 0.005416 0.003839 0.000051 0.000380 0.001933 0.000033 0.221445 0.008365 0.001668
0.727902 0.000001 0.000004 0.000050 0.000001 0.000000 0.000001 0.000001 0.000001 0.000028 0.000007 0.000002 0.000000 0.000006 0.001996 0.000003 0.050770 0.000000 0.000001 0.000037 0.001589 0.000410 0.000000 0.009138 0.000014 0.000000 0.000001 0.000034 0.000000 0.207967 0.000019 0.000016
0.507878 0.002209 0.000281 0.004125 0.008114 0.002511 0.001026 0.000454 0.002382 0.005802 0.006985 0.000525 0.000315 0.000667 0.003600 0.000324 0.002155 0.001597 0.000660 0.112041 0.004378 0.143726 0.000944 0.001050 0.001680 0.005133 0.002582 0.008883 0.003414 0.008693 0.153870 0.001997
0.793206 0.000038 0.000019 0.000430 0.000659 0.000657 0.000035 0.000016 0.000045 0.000204 0.002632 0.000012 0.000120 0.000043 0.000935 0.000016 0.000341 0.000139 0.000033 0.026876 0.001257 0.018018 0.000010 0.000062 0.000477 0.001159 0.002854 0.000949 0.000572 0.002004 0.145851 0.000331
0.741796 0.000318 0.000110 0.001737 0.002858 0.002414 0.000193 0.000084 0.000212 0.001036 0.008397 0.000064 0.000615 0.000260 0.002297 0.000071 0.000782 0.000686 0.000185 0.046036 0.003290 0.030603 0.000077 0.000227 0.002075 0.003144 0.009163 0.001977 0.002528 0.004236 0.131610 0.000918
