0.615678 0.002317 0.000855 0.243604 0.001707 0.078130 0.000239 0.000260 0.002131 0.002854 0.000970 0.000118 0.005326 0.001590 0.001436 0.000383 0.000421 0.000818 0.014339 0.002658 0.001360 0.011188 0.000112 0.000216 0.006078 0.000128 0.000131 0.000741 0.000256 0.001451 0.001396 0.001107
0.534823 0.002733 0.004451 0.212609 0.065312 0.037292 0.000801 0.000281 0.000781 0.005987 0.008383 0.000311 0.005114 0.004254 0.017304 0.000647 0.006487 0.001106 0.004794 0.005191 0.005694 0.024693 0.000797 0.002255 0.003944 0.001337 0.003239 0.004148 0.002378 0.010692 0.019591 0.002571
0.158602 0.009134 0.016791 0.045375 0.147745 0.043106 0.024208 0.011920 0.016988 0.039338 0.015469 0.011409 0.009634 0.012414 0.025656 0.011174 0.031713 0.010545 0.051227 0.038716 0.024612 0.046180 0.007819 0.021763 0.010976 0.015894 0.006188 0.016647 0.009336 0.040458 0.052757 0.016203
0.511899 0.001444 0.026847 0.005094 0.131652 0.247613 0.000228 0.000234 0.000983 0.001360 0.014446 0.000183 0.016353 0.002249 0.000993 0.000717 0.000463 0.001297 0.001528 0.001168 0.000752 0.001054 0.000471 0.000393 0.002530 0.001369 0.010465 0.003645 0.009920 0.000344 0.001844 0.000464
0.687621 0.022656 0.003130 0.004573 0.122003 0.015042 0.000897 0.000398 0.002579 0.002321 0.027718 0.000347 0.014536 0.011221 0.004556 0.000774 0.001698 0.001931 0.009110 0.001134 0.001615 0.004998 0.001371 0.000802 0.008736 0.002338 0.015520 0.002042 0.007833 0.001635 0.017291 0.001574
0.434016 0.003231 0.026653 0.002000 0.017668 0.399675 0.000240 0.000278 0.000938 0.001889 0.024768 0.000235 0.038383 0.004641 0.000600 0.000581 0.000411 0.002943 0.002131 0.001527 0.000795 0.001620 0.000443 0.000555 0.002580 0.001907 0.011491 0.002855 0.011117 0.000474 0.002795 0.000557
0.718776 0.001236 0.001322 0.027745 0.015899 0.153052 0.000550 0.000598 0.001126 0.004329 0.005479 0.000573 0.004037 0.001185 0.001983 0.001604 0.001847 0.002756 0.001599 0.008919 0.002793 0.004336 0.001071 0.001227 0.003015 0.000828 0.003920 0.019307 0.002931 0.002039 0.002163 0.001757
0.827687 0.001595 0.000130 0.000905 0.001606 0.002041 0.000458 0.000353 0.108260 0.002820 0.007262 0.000197 0.004203 0.000452 0.000340 0.000115 0.000522 0.000378 0.000786 0.018471 0.001613 0.008952 0.000327 0.000222 0.001328 0.000610 0.001316 0.000610 0.000767 0.000985 0.004134 0.000556
0.658139 0.000241 0.000150 0.000189 0.000081 0.001560 0.000154 0.000127 0.000981 0.216183 0.000376 0.000088 0.000236 0.000576 0.005816 0.000544 0.002870 0.003464 0.000613 0.033971 0.002213 0.054521 0.000043 0.000436 0.000851 0.000046 0.000183 0.002063 0.000082 0.009784 0.001221 0.002199
0.814675 0.000218 0.000011 0.000023 0.000009 0.000036 0.000100 0.000023 0.000253 0.176846 0.000039 0.000022 0.000001 0.000055 0.000413 0.000172 0.000251 0.001635 0.000020 0.002805 0.000184 0.001387 0.000002 0.000055 0.000020 0.000005 0.000004 0.000074 0.000005 0.000558 0.000032 0.000069
0.866872 0.000325 0.000122 0.000017 0.000018 0.000063 0.000097 0.000036 0.000490 0.119070 0.000206 0.000103 0.000003 0.000216 0.001639 0.000150 0.000959 0.000470 0.000030 0.003059 0.000347 0.003865 0.000003 0.000174 0.000069 0.000005 0.000010 0.000155 0.000007 0.001281 0.000043 0.000095
0.462504 0.004048 0.000575 0.002889 0.002510 0.000998 0.001708 0.002567 0.006934 0.113220 0.005892 0.001177 0.000578 0.002026 0.019370 0.013081 0.017751 0.003584 0.011575 0.077238 0.025594 0.121860 0.000649 0.008128 0.003679 0.000627 0.002504 0.039429 0.000720 0.025981 0.006700 0.013904
0.363015 0.007016 0.001510 0.009757 0.005019 0.001892 0.003152 0.003729 0.009644 0.111685 0.004301 0.002375 0.000994 0.003347 0.018015 0.020957 0.021624 0.008675 0.020312 0.067384 0.022994 0.162923 0.002442 0.010045 0.004308 0.000972 0.002767 0.049818 0.001337 0.024735 0.008876 0.024382
0.660323 0.013517 0.000954 0.000447 0.002797 0.007374 0.000370 0.000119 0.009025 0.001905 0.011283 0.000067 0.241143 0.016872 0.000664 0.000079 0.000488 0.006374 0.001393 0.001053 0.000275 0.006316 0.000283 0.000266 0.008461 0.000303 0.000970 0.000288 0.001304 0.000496 0.004236 0.000556
0.611778 0.000132 0.003539 0.000514 0.015102 0.000254 0.000236 0.000181 0.000136 0.003937 0.000538 0.000128 0.000040 0.000889 0.326330 0.000055 0.005947 0.000113 0.000134 0.007833 0.001950 0.002936 0.000102 0.001124 0.001050 0.000561 0.000432 0.002006 0.001060 0.006157 0.004175 0.000630
0.628292 0.000107 0.005666 0.000646 0.008430 0.000397 0.000155 0.000134 0.000157 0.003496 0.000362 0.000110 0.000066 0.000765 0.321202 0.000069 0.004944 0.000068 0.000134 0.008198 0.002159 0.002036 0.000064 0.001148 0.001064 0.000235 0.000261 0.001388 0.000547 0.005657 0.001451 0.000594
0.673834 0.000053 0.003036 0.000267 0.004945 0.000110 0.000082 0.000066 0.000076 0.001658 0.000143 0.000059 0.000014 0.000376 0.302134 0.000033 0.002507 0.000025 0.000050 0.003983 0.000657 0.000679 0.000026 0.000553 0.000557 0.000104 0.000093 0.000708 0.000178 0.002229 0.000523 0.000240
0.753185 0.000072 0.003883 0.000268 0.002565 0.000124 0.000096 0.000065 0.000102 0.001062 0.000082 0.000084 0.000005 0.000284 0.232266 0.000046 0.001168 0.000014 0.000025 0.001790 0.000191 0.000207 0.000023 0.000335 0.000348 0.000068 0.000043 0.000498 0.000078 0.000688 0.000196 0.000138
0.802660 0.000267 0.004209 0.000691 0.006836 0.000841 0.000310 0.000162 0.000176 0.004549 0.000444 0.000163 0.000043 0.000718 0.159043 0.000140 0.003897 0.000080 0.000094 0.002838 0.001336 0.000863 0.000144 0.000699 0.000819 0.000404 0.000295 0.001609 0.000864 0.002074 0.002311 0.000422
0.818610 0.000177 0.009302 0.000324 0.001385 0.000176 0.000203 0.000161 0.000259 0.002505 0.000246 0.000233 0.000010 0.000557 0.155633 0.000110 0.002048 0.000037 0.000059 0.002601 0.000504 0.000508 0.000063 0.000590 0.000605 0.000124 0.000117 0.000966 0.000162 0.001063 0.000385 0.000277
0.343720 0.000094 0.000050 0.000338 0.001876 0.001182 0.000172 0.000189 0.000944 0.056148 0.000135 0.000064 0.000048 0.000055 0.000354 0.001213 0.000196 0.000049 0.581121 0.005568 0.000221 0.004049 0.000078 0.000404 0.000234 0.000007 0.000015 0.000098 0.000040 0.000572 0.000073 0.000690
0.647828 0.018572 0.006522 0.021410 0.013388 0.014038 0.001883 0.000802 0.028603 0.009155 0.009856 0.001094 0.020418 0.009402 0.002285 0.001211 0.002736 0.004616 0.117504 0.002200 0.004963 0.021950 0.000937 0.000703 0.007682 0.001160 0.001817 0.001470 0.001513 0.003113 0.017800 0.003368
0.126596 0.000000 0.000000 0.000001 0.000000 0.000000 0.000001 0.000000 0.000006 0.010677 0.000002 0.000000 0.000001 0.000002 0.000143 0.000000 0.000017 0.000012 0.000001 0.844154 0.000254 0.017839 0.000000 0.000002 0.000010 0.000000 0.000001 0.000005 0.000001 0.000260 0.000007 0.000009
0.394457 0.000013 0.000005 0.000257 0.000019 0.000085 0.000064 0.000174 0.000053 0.050383 0.000065 0.000035 0.000011 0.000035 0.000789 0.000288 0.000637 0.000296 0.000229 0.486542 0.001102 0.055517 0.000095 0.000165 0.000187 0.000028 0.000132 0.003839 0.000031 0.002753 0.000166 0.001548
0.327623 0.000667 0.000965 0.000849 0.001676 0.001800 0.000898 0.000669 0.003668 0.040132 0.004466 0.000353 0.004194 0.003605 0.013210 0.000449 0.004782 0.006946 0.001068 0.400335 0.016227 0.116871 0.000723 0.002162 0.005618 0.001108 0.003723 0.003045 0.002497 0.018891 0.007122 0.003659
0.499969 0.000260 0.000076 0.002183 0.000592 0.000121 0.000796 0.000647 0.000618 0.022438 0.000529 0.000527 0.000068 0.000330 0.007866 0.002465 0.002898 0.000632 0.001153 0.398436 0.004986 0.021699 0.002909 0.001093 0.001418 0.000383 0.000942 0.005690 0.000387 0.012473 0.001609 0.003807
0.159259 0.001282 0.000088 0.008180 0.003430 0.002643 0.000793 0.001580 0.002842 0.022479 0.015598 0.000550 0.000561 0.000734 0.007085 0.003650 0.013503 0.004803 0.003249 0.378757 0.050110 0.129326 0.003753 0.002020 0.002431 0.002889 0.002019 0.017346 0.001872 0.078579 0.059315 0.019274
0.368734 0.000689 0.000485 0.001342 0.000521 0.006162 0.001033 0.000799 0.006328 0.051275 0.001238 0.000367 0.003462 0.002647 0.010227 0.003122 0.006909 0.007638 0.003660 0.311907 0.007818 0.105362 0.000730 0.000803 0.013237 0.001704 0.003953 0.023046 0.001059 0.022151 0.020647 0.010947
0.313288 0.003565 0.006427 0.009314 0.015786 0.017112 0.007691 0.003892 0.003705 0.041870 0.027752 0.003658 0.003167 0.005302 0.046772 0.002788 0.015950 0.004140 0.005917 0.170090 0.024797 0.083304 0.003629 0.009581 0.006875 0.009222 0.005727 0.027474 0.020730 0.043766 0.049872 0.006838
0.652241 0.001714 0.000420 0.001457 0.001122 0.004092 0.003534 0.001233 0.003492 0.018171 0.016797 0.000565 0.001931 0.003462 0.005250 0.001087 0.003169 0.004371 0.002631 0.134820 0.009764 0.067911 0.000541 0.001882 0.005503 0.002368 0.001971 0.004103 0.001326 0.012487 0.026744 0.003839
0.403230 0.000911 0.000582 0.009603 0.005069 0.005076 0.001007 0.001095 0.001567 0.032322 0.007750 0.000706 0.000649 0.001394 0.016922 0.001525 0.014180 0.002203 0.001760 0.131367 0.045301 0.165957 0.003036 0.003814 0.003319 0.002337 0.004765 0.036272 0.004408 0.045896 0.037751 0.008227
0.644094 0.001300 0.000434 0.011409 0.003238 0.001732 0.001058 0.001313 0.000893 0.019204 0.004526 0.001433 0.000257 0.000304 0.007478 0.001189 0.007690 0.000637 0.001172 0.122362 0.024599 0.086990 0.004888 0.002205 0.000811 0.001147 0.003332 0.010977 0.003103 0.015150 0.011782 0.003294
0.789836 0.000343 0.000089 0.001487 0.000491 0.000223 0.000645 0.000927 0.000237 0.003822 0.003977 0.000742 0.000065 0.000152 0.017241 0.000490 0.005615 0.000080 0.000344 0.121925 0.021457 0.005640 0.000377 0.001238 0.001417 0.000285 0.006139 0.002895 0.002035 0.005648 0.003284 0.000852
0.831768 0.000011 0.000017 0.000305 0.000034 0.000726 0.000041 0.000030 0.000054 0.001756 0.000139 0.000012 0.000090 0.000070 0.001030 0.000047 0.001417 0.000714 0.000090 0.120556 0.004466 0.018496 0.000039 0.000030 0.000542 0.000241 0.001020 0.001674 0.000097 0.004974 0.009133 0.000380
0.352657 0.006029 0.013979 0.017539 0.029235 0.027696 0.010518 0.006084 0.006340 0.026844 0.038321 0.005535 0.008303 0.008666 0.040298 0.003611 0.017535 0.005799 0.009291 0.108162 0.019406 0.054143 0.005565 0.011960 0.010526 0.012962 0.007109 0.019844 0.026971 0.033827 0.048005 0.007243
0.705704 0.000007 0.000005 0.000235 0.000003 0.000093 0.000010 0.000076 0.000073 0.002864 0.000241 0.000012 0.000010 0.000026 0.000282 0.000026 0.000174 0.000096 0.000022 0.025585 0.000961 0.258212 0.000004 0.000082 0.000047 0.000021 0.000443 0.003175 0.000024 0.000934 0.000210 0.000342
0.306060 0.000245 0.000102 0.001100 0.000209 0.001115 0.000482 0.001529 0.000436 0.076152 0.001531 0.000305 0.000127 0.000494 0.003447 0.002136 0.003182 0.002781 0.001655 0.274455 0.006533 0.256863 0.000492 0.001898 0.001409 0.000411 0.002889 0.027792 0.000565 0.011476 0.002082 0.010048
0.510934 0.002792 0.000381 0.007814 0.001154 0.001272 0.001441 0.001887 0.007163 0.075974 0.001975 0.001216 0.000689 0.001405 0.007960 0.008089 0.015260 0.003344 0.011202 0.061615 0.015466 0.179380 0.001251 0.005588 0.002016 0.000338 0.001296 0.031325 0.000366 0.018813 0.004869 0.015726
0.403230 0.000911 0.000582 0.009603 0.005069 0.005076 0.001007 0.001095 0.001567 0.032322 0.007750 0.000706 0.000649 0.001394 0.016922 0.001525 0.014180 0.002203 0.001760 0.131367 0.045301 0.165957 0.003036 0.003814 0.003319 0.002337 0.004765 0.036272 0.004408 0.045896 0.037751 0.008227
0.221205 0.012428 0.022220 0.031685 0.051450 0.036100 0.009013 0.005707 0.018119 0.028488 0.024528 0.004146 0.014368 0.022881 0.016621 0.003527 0.010403 0.014715 0.014025 0.078998 0.011285 0.160357 0.004673 0.010235 0.012350 0.009208 0.003009 0.013987 0.015073 0.027060 0.080036 0.012100
0.510479 0.000354 0.002637 0.001085 0.001308 0.015146 0.000335 0.000562 0.002859 0.019946 0.002932 0.000309 0.008255 0.003306 0.015602 0.000578 0.008454 0.005494 0.002108 0.147005 0.011250 0.150482 0.000392 0.000704 0.013423 0.001028 0.006449 0.017766 0.001532 0.021824 0.020958 0.005441
0.750377 0.000969 0.001102 0.002201 0.000684 0.001858 0.000438 0.000253 0.001550 0.012334 0.002117 0.000295 0.000286 0.001518 0.020208 0.000390 0.005937 0.000514 0.000531 0.020871 0.006439 0.137080 0.000130 0.000920 0.002703 0.000294 0.001652 0.003437 0.000541 0.013468 0.007360 0.001544
0.614665 0.001444 0.000162 0.002920 0.000590 0.000510 0.000876 0.001157 0.004847 0.064324 0.001520 0.000614 0.000328 0.000727 0.007115 0.004791 0.012554 0.001403 0.005052 0.067683 0.016446 0.136624 0.000407 0.003867 0.001292 0.000220 0.001032 0.019395 0.000167 0.016223 0.003353 0.007694
0.159259 0.001282 0.000088 0.008180 0.003430 0.002643 0.000793 0.001580 0.002842 0.022479 0.015598 0.000550 0.000561 0.000734 0.007085 0.003650 0.013503 0.004803 0.003249 0.378757 0.050110 0.129326 0.003753 0.002020 0.002431 0.002889 0.002019 0.017346 0.001872 0.078579 0.059315 0.019274
0.462504 0.004048 0.000575 0.002889 0.002510 0.000998 0.001708 0.002567 0.006934 0.113220 0.005892 0.001177 0.000578 0.002026 0.019370 0.013081 0.017751 0.003584 0.011575 0.077238 0.025594 0.121860 0.000649 0.008128 0.003679 0.000627 0.002504 0.039429 0.000720 0.025981 0.006700 0.013904
0.504668 0.002040 0.000573 0.012556 0.025767 0.005428 0.001051 0.000596 0.003565 0.008400 0.029844 0.000444 0.001802 0.001283 0.004508 0.000544 0.003382 0.002542 0.001543 0.092201 0.007082 0.120464 0.001261 0.001777 0.003593 0.006015 0.009340 0.011290 0.004758 0.012399 0.115628 0.003658
0.327623 0.000667 0.000965 0.000849 0.001676 0.001800 0.000898 0.000669 0.003668 0.040132 0.004466 0.000353 0.004194 0.003605 0.013210 0.000449 0.004782 0.006946 0.001068 0.400335 0.016227 0.116871 0.000723 0.002162 0.005618 0.001108 0.003723 0.003045 0.002497 0.018891 0.007122 0.003659
0.567390 0.001678 0.002556 0.007341 0.012439 0.009777 0.001059 0.000574 0.001091 0.027523 0.012634 0.000488 0.001743 0.002530 0.018463 0.000584 0.008006 0.001110 0.002076 0.093491 0.011205 0.113067 0.001158 0.005465 0.002595 0.001727 0.002732 0.014704 0.005730 0.030128 0.035849 0.003090
0.559809 0.001063 0.000689 0.014276 0.022414 0.004804 0.001318 0.000675 0.002204 0.032280 0.009251 0.000608 0.001524 0.001674 0.016677 0.000605 0.013973 0.001880 0.004295 0.070964 0.014384 0.112513 0.002662 0.006094 0.003136 0.001555 0.003588 0.015163 0.002506 0.038908 0.031390 0.007118
0.637722 0.002307 0.000439 0.013413 0.001386 0.001438 0.002199 0.001759 0.002181 0.028280 0.003555 0.000548 0.000709 0.001088 0.004564 0.010643 0.005230 0.012819 0.002656 0.054345 0.017902 0.101413 0.013187 0.002577 0.002471 0.002037 0.003689 0.041464 0.002239 0.010349 0.006237 0.009151
0.849794 0.000090 0.000073 0.000552 0.000119 0.000451 0.000148 0.000068 0.000229 0.004001 0.000117 0.000124 0.000026 0.000151 0.001958 0.000203 0.001532 0.000095 0.000151 0.007008 0.000854 0.003206 0.000089 0.000899 0.000279 0.000101 0.000095 0.123788 0.000034 0.002701 0.000544 0.000520
0.765287 0.000487 0.000191 0.018756 0.008620 0.011838 0.000318 0.000219 0.000434 0.006027 0.000936 0.000258 0.001365 0.001806 0.002671 0.002024 0.009453 0.002581 0.001355 0.005481 0.004037 0.007555 0.000548 0.000914 0.003686 0.000441 0.002809 0.122070 0.000437 0.011252 0.003515 0.002629
0.556422 0.000998 0.000100 0.034662 0.002609 0.002454 0.003031 0.002204 0.000580 0.045452 0.002152 0.001039 0.000316 0.000664 0.003327 0.019857 0.005836 0.013822 0.002013 0.044736 0.013602 0.044177 0.016814 0.003216 0.001275 0.008244 0.008387 0.115754 0.004125 0.017603 0.014241 0.010290
0.842607 0.000072 0.000148 0.000156 0.000094 0.000050 0.000099 0.000035 0.000172 0.008253 0.000045 0.000118 0.000009 0.000239 0.007368 0.000334 0.004394 0.000038 0.000115 0.006751 0.001341 0.003450 0.000032 0.003197 0.000477 0.000028 0.000032 0.112475 0.000014 0.007092 0.000249 0.000518
0.513497 0.022419 0.001248 0.012404 0.022703 0.005507 0.001997 0.000367 0.002048 0.004686 0.004379 0.000225 0.005924 0.032225 0.009763 0.000836 0.006541 0.009795 0.024949 0.002396 0.007117 0.021536 0.000539 0.000865 0.038021 0.004304 0.003665 0.002893 0.002406 0.014290 0.216853 0.003603
0.630564 0.001267 0.000447 0.001050 0.001276 0.001446 0.000652 0.000213 0.000630 0.008592 0.003214 0.000131 0.000457 0.003099 0.008479 0.000337 0.009969 0.001291 0.000924 0.032728 0.014152 0.055364 0.000162 0.000463 0.004223 0.002290 0.001806 0.004215 0.001575 0.019658 0.188222 0.001106
0.726861 0.001395 0.000093 0.001066 0.000457 0.008849 0.001335 0.000220 0.001426 0.000954 0.002229 0.000103 0.000902 0.001107 0.000292 0.000555 0.001176 0.018215 0.004377 0.004490 0.002050 0.013712 0.000055 0.000073 0.003310 0.015983 0.007072 0.002629 0.000428 0.001243 0.175425 0.001920
0.748222 0.001466 0.000165 0.002521 0.002794 0.005121 0.000824 0.000260 0.000508 0.000538 0.002774 0.000153 0.000505 0.001319 0.000629 0.000244 0.002058 0.013114 0.003249 0.002166 0.001525 0.005924 0.000209 0.000095 0.004836 0.009595 0.009576 0.002224 0.001021 0.002090 0.172604 0.001673
0.818206 0.000083 0.000030 0.000272 0.000242 0.000135 0.000133 0.000028 0.000098 0.000348 0.000701 0.000012 0.000022 0.000107 0.000580 0.000017 0.002877 0.000456 0.000034 0.002262 0.000597 0.003189 0.000003 0.000029 0.000745 0.001911 0.000582 0.000796 0.000141 0.002106 0.163000 0.000260
0.504668 0.002040 0.000573 0.012556 0.025767 0.005428 0.001051 0.000596 0.003565 0.008400 0.029844 0.000444 0.001802 0.001283 0.004508 0.000544 0.003382 0.002542 0.001543 0.092201 0.007082 0.120464 0.001261 0.001777 0.003593 0.006015 0.009340 0.011290 0.004758 0.012399 0.115628 0.003658
0.740963 0.001882 0.000737 0.002040 0.002405 0.001540 0.000663 0.000253 0.001586 0.007209 0.003736 0.000158 0.001434 0.003968 0.005487 0.000324 0.007868 0.001784 0.001109 0.023556 0.010221 0.038598 0.000242 0.000464 0.005411 0.002232 0.001684 0.003362 0.001679 0.012030 0.114193 0.001184
