0.029087 0.931077 0.000057 0.000593 0.000143 0.000184 0.020516 0.000160 0.002810 0.000463 0.000443 0.000324 0.000129 0.003520 0.000014 0.001340 0.000070 0.004318 0.000286 0.000043 0.000038 0.000148 0.000641 0.000046 0.000223 0.001868 0.000208 0.000201 0.000236 0.000053 0.000688 0.000074
0.446336 0.337338 0.000651 0.003149 0.001158 0.004010 0.008624 0.000805 0.124180 0.003239 0.008760 0.001370 0.005162 0.014141 0.000337 0.002630 0.000798 0.005243 0.001044 0.001248 0.000612 0.002077 0.000590 0.000337 0.006274 0.005817 0.003769 0.002131 0.001786 0.000581 0.004777 0.001025
0.441218 0.111048 0.002481 0.007049 0.004276 0.003654 0.077370 0.005262 0.021670 0.019052 0.015897 0.008440 0.001073 0.016275 0.003358 0.011679 0.007656 0.012151 0.009645 0.026367 0.013873 0.024769 0.020526 0.002354 0.005289 0.016870 0.004226 0.008920 0.004617 0.011405 0.076761 0.004767
0.782574 0.101124 0.000420 0.003266 0.003135 0.001273 0.010738 0.001049 0.001444 0.001532 0.003927 0.000593 0.000576 0.001217 0.000095 0.005642 0.000258 0.025494 0.001409 0.000712 0.000506 0.000497 0.025435 0.000135 0.000414 0.007638 0.005710 0.000565 0.009583 0.000266 0.002421 0.000351
0.009842 0.000031 0.979817 0.000077 0.008476 0.000117 0.000012 0.000005 0.000016 0.000034 0.000072 0.000004 0.000012 0.000149 0.000770 0.000005 0.000083 0.000026 0.000011 0.000021 0.000096 0.000036 0.000006 0.000009 0.000032 0.000040 0.000019 0.000008 0.000113 0.000019 0.000032 0.000008
0.823041 0.000615 0.000965 0.023005 0.003018 0.120681 0.000340 0.000148 0.000075 0.004396 0.002005 0.000034 0.000248 0.000460 0.000525 0.000746 0.000429 0.003445 0.002016 0.001464 0.001097 0.002244 0.000131 0.000303 0.000311 0.001136 0.000995 0.000755 0.000777 0.000505 0.003322 0.000770
0.144491 0.269633 0.000034 0.002069 0.000431 0.000317 0.373506 0.004491 0.002313 0.020546 0.000803 0.028254 0.000140 0.003236 0.000272 0.068261 0.003849 0.004499 0.005357 0.002196 0.002390 0.002268 0.029494 0.001170 0.001424 0.005626 0.000893 0.007668 0.000525 0.005569 0.005704 0.002571
0.801898 0.007082 0.000053 0.000356 0.000051 0.000198 0.108886 0.001983 0.000984 0.011851 0.001065 0.006062 0.000016 0.000681 0.000232 0.010687 0.002623 0.001607 0.000487 0.013377 0.006113 0.010804 0.001385 0.000485 0.000283 0.001238 0.000520 0.001730 0.000143 0.003965 0.002509 0.000643
0.709538 0.030097 0.000290 0.017859 0.000715 0.003410 0.102155 0.002660 0.002282 0.007897 0.006430 0.003404 0.000386 0.004731 0.000853 0.013367 0.002715 0.009698 0.001331 0.008710 0.004350 0.007111 0.003665 0.000652 0.001689 0.014231 0.004822 0.005939 0.001116 0.003477 0.021933 0.002484
0.438043 0.275815 0.002380 0.003746 0.003480 0.006170 0.004928 0.000744 0.157136 0.002963 0.007496 0.000854 0.020398 0.030971 0.000456 0.001385 0.000841 0.006061 0.001661 0.001499 0.000776 0.002551 0.000580 0.000476 0.010384 0.004524 0.003125 0.001632 0.003319 0.000635 0.003914 0.001058
0.569395 0.000040 0.000064 0.000254 0.000114 0.000095 0.000193 0.000105 0.000176 0.256914 0.000505 0.000056 0.000025 0.000358 0.004169 0.001386 0.001871 0.002822 0.000944 0.071651 0.014071 0.058275 0.000114 0.000194 0.000554 0.000517 0.000910 0.002760 0.000485 0.007516 0.001249 0.002217
0.462854 0.001408 0.000267 0.002723 0.006589 0.000759 0.001152 0.000487 0.001124 0.207495 0.000152 0.000567 0.000053 0.001149 0.033343 0.006432 0.007889 0.000465 0.014064 0.069727 0.004034 0.035405 0.000545 0.003223 0.006462 0.000331 0.000063 0.097258 0.000096 0.024823 0.002909 0.006152
0.438595 0.026370 0.000082 0.001088 0.000535 0.000128 0.112652 0.003050 0.001976 0.150209 0.000291 0.030770 0.000054 0.003778 0.001607 0.086235 0.015801 0.003686 0.008130 0.011582 0.011629 0.010106 0.013856 0.004994 0.001646 0.003663 0.000522 0.024629 0.000453 0.022198 0.006019 0.003665
0.723030 0.000048 0.000012 0.000214 0.000029 0.000047 0.000202 0.000112 0.000685 0.139418 0.000204 0.000059 0.000024 0.000101 0.001574 0.000247 0.000659 0.000962 0.000133 0.087334 0.003285 0.033015 0.000070 0.000279 0.000263 0.000167 0.000160 0.001082 0.000177 0.004883 0.000547 0.000977
0.625905 0.002713 0.000242 0.000272 0.000364 0.000161 0.000537 0.000224 0.000402 0.137757 0.000322 0.000943 0.000049 0.002328 0.012655 0.003517 0.010857 0.000313 0.000306 0.008723 0.002079 0.004106 0.000160 0.016388 0.002427 0.000264 0.000248 0.142878 0.000226 0.018057 0.001862 0.002713
0.783346 0.000011 0.000004 0.000066 0.000005 0.000008 0.000069 0.000032 0.000203 0.135444 0.000048 0.000019 0.000005 0.000034 0.000921 0.000135 0.000447 0.000362 0.000062 0.050255 0.002428 0.020403 0.000018 0.000121 0.000104 0.000041 0.000045 0.000697 0.000031 0.003957 0.000191 0.000488
0.780619 0.000015 0.000003 0.000066 0.000005 0.000009 0.000094 0.000037 0.000275 0.132396 0.000060 0.000022 0.000005 0.000028 0.000868 0.000183 0.000312 0.000399 0.000073 0.060718 0.002134 0.016470 0.000021 0.000127 0.000112 0.000043 0.000047 0.000676 0.000030 0.003387 0.000220 0.000545
0.808336 0.000042 0.000002 0.000242 0.000006 0.000112 0.000315 0.000052 0.000202 0.124503 0.000100 0.000010 0.000069 0.000061 0.000143 0.000418 0.000170 0.016121 0.000126 0.034671 0.001166 0.009167 0.000063 0.000025 0.000317 0.000187 0.000222 0.000546 0.000080 0.000958 0.000884 0.000681
0.604405 0.001670 0.000126 0.002040 0.000738 0.009057 0.001535 0.002225 0.000376 0.117110 0.003070 0.000499 0.000127 0.000943 0.003712 0.011847 0.003701 0.008957 0.053210 0.052999 0.007564 0.046230 0.000652 0.002290 0.004417 0.001733 0.004026 0.011729 0.001392 0.010861 0.016054 0.014704
0.675839 0.044647 0.000059 0.000589 0.000220 0.000078 0.050174 0.001955 0.003247 0.112166 0.000770 0.003310 0.000045 0.002879 0.000800 0.010586 0.003217 0.001679 0.005276 0.026145 0.007334 0.014704 0.004940 0.000721 0.002289 0.002638 0.000305 0.005767 0.000180 0.012149 0.003394 0.001901
0.662674 0.003626 0.000047 0.002803 0.000458 0.000036 0.043608 0.001308 0.001298 0.104506 0.000023 0.015639 0.000004 0.000763 0.000923 0.068282 0.005968 0.002690 0.001870 0.005111 0.001064 0.003008 0.004890 0.004522 0.000330 0.001270 0.000058 0.055166 0.000082 0.004455 0.001426 0.002094
0.660569 0.031987 0.002144 0.008147 0.004080 0.046440 0.001186 0.000324 0.019001 0.001778 0.006037 0.000227 0.132934 0.014505 0.000873 0.000248 0.000728 0.002378 0.001596 0.006717 0.001249 0.011502 0.000432 0.000284 0.021145 0.004069 0.002711 0.001612 0.003703 0.001317 0.009399 0.000680
0.095785 0.000000 0.000057 0.000000 0.000009 0.000000 0.000001 0.000001 0.000000 0.000010 0.000001 0.000001 0.000000 0.000002 0.903526 0.000000 0.000323 0.000000 0.000000 0.000050 0.000113 0.000027 0.000000 0.000002 0.000006 0.000000 0.000001 0.000003 0.000000 0.000076 0.000004 0.000001
0.166926 0.000002 0.001704 0.000002 0.000168 0.000001 0.000005 0.000004 0.000007 0.000024 0.000006 0.000005 0.000000 0.000015 0.828695 0.000001 0.001544 0.000000 0.000001 0.000170 0.000306 0.000082 0.000001 0.000006 0.000039 0.000004 0.000010 0.000013 0.000003 0.000212 0.000038 0.000007
0.627086 0.000000 0.000013 0.000001 0.000002 0.000000 0.000002 0.000001 0.000002 0.000050 0.000001 0.000001 0.000000 0.000004 0.364821 0.000000 0.000616 0.000000 0.000001 0.005687 0.000268 0.000565 0.000000 0.000002 0.000070 0.000000 0.000002 0.000031 0.000000 0.000719 0.000044 0.000010
0.670485 0.000005 0.001645 0.000033 0.000496 0.000010 0.000024 0.000016 0.000010 0.000200 0.000023 0.000013 0.000001 0.000086 0.319489 0.000004 0.004019 0.000005 0.000005 0.001177 0.000356 0.000489 0.000004 0.000039 0.000197 0.000023 0.000020 0.000110 0.000014 0.000736 0.000229 0.000039
0.687688 0.000798 0.000573 0.004628 0.003818 0.000089 0.001329 0.000457 0.000708 0.008588 0.004045 0.000789 0.000015 0.000927 0.225747 0.000366 0.004276 0.000162 0.000583 0.022586 0.004178 0.012507 0.000513 0.001575 0.001147 0.000427 0.000284 0.001847 0.000272 0.006119 0.001713 0.001247
0.809278 0.000000 0.000016 0.000004 0.000015 0.000000 0.000002 0.000001 0.000001 0.000059 0.000002 0.000001 0.000000 0.000006 0.182999 0.000000 0.000375 0.000000 0.000000 0.006167 0.000335 0.000359 0.000000 0.000007 0.000024 0.000001 0.000002 0.000014 0.000001 0.000307 0.000020 0.000006
0.849354 0.000000 0.000031 0.000001 0.000024 0.000000 0.000001 0.000001 0.000001 0.000019 0.000003 0.000001 0.000000 0.000003 0.149795 0.000000 0.000318 0.000000 0.000000 0.000212 0.000026 0.000078 0.000000 0.000002 0.000023 0.000002 0.000002 0.000013 0.000001 0.000065 0.000021 0.000003
0.569305 0.012722 0.000006 0.000183 0.000070 0.000017 0.106033 0.001282 0.000518 0.022852 0.000050 0.050389 0.000003 0.000315 0.000175 0.190910 0.008760 0.000476 0.001755 0.001458 0.002458 0.000914 0.005824 0.001031 0.000155 0.001298 0.000334 0.012243 0.000150 0.006004 0.000983 0.001329
0.627749 0.001734 0.000016 0.000374 0.000149 0.000009 0.022321 0.000609 0.000639 0.096023 0.000010 0.027085 0.000000 0.000177 0.000510 0.154890 0.006277 0.000597 0.000955 0.002308 0.000629 0.000866 0.001155 0.002477 0.000088 0.000422 0.000033 0.047322 0.000036 0.002898 0.000481 0.001158
0.405088 0.002016 0.001696 0.005648 0.005279 0.011247 0.005854 0.001786 0.003186 0.031721 0.012132 0.002706 0.001756 0.002426 0.013232 0.001402 0.004243 0.005090 0.001996 0.259660 0.009205 0.093012 0.003131 0.004931 0.002222 0.009773 0.003120 0.026373 0.009980 0.011630 0.044980 0.003478
0.589484 0.001468 0.002502 0.008301 0.004636 0.044493 0.002721 0.001050 0.002308 0.012836 0.009399 0.001092 0.002037 0.002122 0.007114 0.000655 0.002142 0.003844 0.003153 0.208676 0.007222 0.040705 0.000924 0.002123 0.001578 0.001273 0.000564 0.005159 0.002414 0.007224 0.018804 0.001976
0.066941 0.009795 0.001385 0.006911 0.016790 0.002244 0.013651 0.003884 0.003619 0.088079 0.012793 0.006057 0.001027 0.005850 0.028430 0.003436 0.026309 0.005212 0.003880 0.204777 0.086343 0.095391 0.024066 0.011921 0.004824 0.009967 0.008219 0.040559 0.011589 0.078122 0.109226 0.008702
0.522516 0.001865 0.004074 0.014767 0.009384 0.054604 0.003628 0.001673 0.003025 0.012268 0.016030 0.001388 0.002826 0.003118 0.009489 0.000753 0.002599 0.005741 0.003496 0.202002 0.008785 0.057712 0.001356 0.002867 0.002376 0.001868 0.000819 0.005993 0.004220 0.008568 0.027519 0.002670
0.063628 0.009661 0.001516 0.007476 0.019794 0.002695 0.013444 0.004407 0.004428 0.089125 0.013521 0.006409 0.001242 0.006194 0.028272 0.003668 0.026466 0.005696 0.004099 0.198555 0.081364 0.094975 0.029246 0.013220 0.004705 0.010867 0.008805 0.043207 0.012911 0.075743 0.105456 0.009207
0.426809 0.002302 0.006066 0.023156 0.018832 0.052965 0.005429 0.002637 0.003513 0.015156 0.023227 0.001982 0.003429 0.004802 0.014458 0.001212 0.004294 0.007893 0.004320 0.185473 0.011433 0.081850 0.002223 0.004914 0.003895 0.004029 0.001477 0.008752 0.007966 0.013445 0.047924 0.004140
0.526797 0.003181 0.002613 0.002118 0.004375 0.024333 0.004777 0.002248 0.011030 0.028062 0.014030 0.001794 0.002290 0.003501 0.005127 0.001457 0.002629 0.005447 0.002636 0.185254 0.009558 0.084642 0.001109 0.002912 0.002300 0.002639 0.002247 0.011042 0.004433 0.008858 0.033223 0.003338
0.403102 0.004061 0.009278 0.010786 0.013116 0.019970 0.009098 0.003434 0.006386 0.024527 0.022479 0.004461 0.004927 0.006289 0.020321 0.002040 0.008694 0.008250 0.004262 0.167507 0.013803 0.085468 0.004284 0.006993 0.005599 0.012783 0.004297 0.025930 0.013774 0.016608 0.051349 0.006121
0.511918 0.000731 0.001197 0.009039 0.008234 0.006380 0.001725 0.000863 0.000862 0.016558 0.003583 0.000731 0.000599 0.002216 0.019469 0.000676 0.004754 0.004916 0.001977 0.154071 0.013737 0.130158 0.001024 0.002716 0.002874 0.002653 0.001341 0.008704 0.004775 0.019799 0.059138 0.002584
0.399749 0.005803 0.000962 0.004712 0.002654 0.016541 0.003392 0.001406 0.004939 0.068538 0.003065 0.001796 0.005443 0.007699 0.011152 0.001215 0.002958 0.009179 0.005406 0.150004 0.005960 0.185016 0.006426 0.003945 0.005350 0.003349 0.001311 0.045174 0.004240 0.012449 0.015643 0.004527
0.457569 0.001437 0.007447 0.036900 0.029676 0.033878 0.006394 0.002434 0.002174 0.016631 0.016218 0.001997 0.002209 0.005418 0.029597 0.001672 0.007586 0.005269 0.003705 0.138477 0.012622 0.074594 0.002585 0.007717 0.004708 0.003887 0.001100 0.007378 0.008502 0.024176 0.041781 0.004264
0.107501 0.015784 0.000866 0.009520 0.010277 0.002560 0.026697 0.004558 0.003536 0.099489 0.007605 0.007941 0.000922 0.006881 0.014308 0.007144 0.027422 0.007656 0.005159 0.138080 0.078136 0.087572 0.056017 0.012960 0.003574 0.010999 0.005941 0.048648 0.009461 0.079901 0.093966 0.008918
0.500137 0.001428 0.028993 0.029568 0.041216 0.024212 0.002257 0.001609 0.001878 0.010236 0.005787 0.001187 0.000715 0.002864 0.024542 0.000759 0.007071 0.005138 0.002692 0.137378 0.006145 0.074821 0.001311 0.001930 0.002067 0.009250 0.000749 0.008063 0.005747 0.006868 0.050957 0.002425
0.330162 0.005133 0.011649 0.021996 0.028118 0.032431 0.006318 0.003168 0.004407 0.026333 0.018519 0.003017 0.006987 0.009348 0.031027 0.002264 0.012400 0.007837 0.008505 0.130806 0.017966 0.107317 0.003751 0.008689 0.008503 0.011201 0.003434 0.021991 0.015182 0.027072 0.067763 0.006707
0.432157 0.001351 0.006156 0.019002 0.019434 0.009199 0.004304 0.002922 0.002047 0.032878 0.006391 0.005210 0.001195 0.004642 0.055981 0.001873 0.022984 0.003870 0.004310 0.124360 0.026687 0.073235 0.004207 0.010212 0.005402 0.003948 0.002713 0.019727 0.006077 0.039894 0.040783 0.006850
0.292482 0.021501 0.001574 0.002996 0.005629 0.002102 0.081719 0.009862 0.006411 0.052911 0.012506 0.014343 0.000488 0.008251 0.006685 0.009844 0.016689 0.013195 0.003261 0.118174 0.074707 0.044349 0.034235 0.007184 0.003135 0.015679 0.005903 0.023423 0.005631 0.039571 0.059766 0.005794
0.560630 0.000932 0.002164 0.011742 0.009815 0.008274 0.002389 0.001529 0.001046 0.023945 0.005197 0.001709 0.001107 0.002911 0.035312 0.000839 0.011167 0.003276 0.002660 0.117756 0.015933 0.073023 0.001711 0.006383 0.003871 0.002925 0.001995 0.012028 0.005744 0.030837 0.036714 0.004434
0.245902 0.014378 0.002415 0.008425 0.011228 0.007225 0.021542 0.004539 0.011819 0.030716 0.011823 0.004718 0.004527 0.009481 0.005763 0.005934 0.009998 0.050870 0.004409 0.110963 0.025431 0.087580 0.014032 0.003946 0.004723 0.024169 0.014885 0.032795 0.009083 0.019987 0.179806 0.006888
0.247094 0.007628 0.024008 0.062338 0.017354 0.064973 0.012118 0.006214 0.009247 0.042473 0.016493 0.007191 0.008578 0.016835 0.031512 0.005639 0.021002 0.009502 0.020661 0.110075 0.021031 0.077593 0.007212 0.018971 0.011138 0.007035 0.003170 0.021332 0.007700 0.033944 0.035629 0.014309
0.570614 0.001597 0.000540 0.001492 0.000504 0.003888 0.002630 0.000490 0.004186 0.007516 0.001612 0.000394 0.000339 0.002536 0.001146 0.000175 0.001515 0.007026 0.000660 0.106467 0.003352 0.131427 0.000266 0.000466 0.003646 0.006611 0.001118 0.004447 0.000905 0.003585 0.127222 0.001629
0.581489 0.005828 0.001372 0.005153 0.004803 0.009352 0.012978 0.004520 0.016827 0.020483 0.022758 0.001488 0.001394 0.003394 0.004583 0.006859 0.005858 0.008307 0.004685 0.101642 0.011246 0.044946 0.002201 0.002724 0.003413 0.008299 0.011967 0.011310 0.003913 0.012967 0.056422 0.006819
0.565191 0.003729 0.000835 0.003453 0.002597 0.003288 0.024681 0.004586 0.011449 0.059031 0.007240 0.001689 0.000208 0.002309 0.003782 0.023594 0.005043 0.014395 0.006622 0.100161 0.015966 0.040871 0.002139 0.002861 0.002110 0.004791 0.002850 0.011353 0.001377 0.016547 0.048187 0.007065
0.675837 0.000348 0.000069 0.002578 0.000282 0.001814 0.000162 0.000205 0.000707 0.002596 0.009805 0.000087 0.001240 0.000503 0.002452 0.000134 0.001837 0.000349 0.000345 0.048634 0.003689 0.208131 0.000091 0.001316 0.001483 0.000479 0.003131 0.005255 0.000399 0.009529 0.013321 0.003190
0.399749 0.005803 0.000962 0.004712 0.002654 0.016541 0.003392 0.001406 0.004939 0.068538 0.003065 0.001796 0.005443 0.007699 0.011152 0.001215 0.002958 0.009179 0.005406 0.150004 0.005960 0.185016 0.006426 0.003945 0.005350 0.003349 0.001311 0.045174 0.004240 0.012449 0.015643 0.004527
0.570614 0.001597 0.000540 0.001492 0.000504 0.003888 0.002630 0.000490 0.004186 0.007516 0.001612 0.000394 0.000339 0.002536 0.001146 0.000175 0.001515 0.007026 0.000660 0.106467 0.003352 0.131427 0.000266 0.000466 0.003646 0.006611 0.001118 0.004447 0.000905 0.003585 0.127222 0.001629
0.511918 0.000731 0.001197 0.009039 0.008234 0.006380 0.001725 0.000863 0.000862 0.016558 0.003583 0.000731 0.000599 0.002216 0.019469 0.000676 0.004754 0.004916 0.001977 0.154071 0.013737 0.130158 0.001024 0.002716 0.002874 0.002653 0.001341 0.008704 0.004775 0.019799 0.059138 0.002584
0.613276 0.001791 0.001641 0.046254 0.008142 0.007244 0.002947 0.001217 0.014046 0.012446 0.002377 0.001251 0.010774 0.004025 0.004459 0.001184 0.005355 0.007263 0.010495 0.050607 0.005185 0.128346 0.000975 0.003467 0.006460 0.002651 0.001091 0.010555 0.000956 0.011553 0.014836 0.007128
0.607221 0.006442 0.000445 0.002887 0.000899 0.003873 0.015035 0.001867 0.007809 0.031447 0.002889 0.001345 0.000817 0.004692 0.001844 0.014618 0.006330 0.019931 0.005646 0.057224 0.009664 0.114156 0.001797 0.001792 0.002335 0.004055 0.001994 0.014567 0.001191 0.011646 0.038184 0.005357
0.330162 0.005133 0.011649 0.021996 0.028118 0.032431 0.006318 0.003168 0.004407 0.026333 0.018519 0.003017 0.006987 0.009348 0.031027 0.002264 0.012400 0.007837 0.008505 0.130806 0.017966 0.107317 0.003751 0.008689 0.008503 0.011201 0.003434 0.021991 0.015182 0.027072 0.067763 0.006707
0.238202 0.005244 0.012629 0.045803 0.049864 0.042416 0.009890 0.005994 0.005022 0.028906 0.027050 0.004968 0.008047 0.012519 0.037143 0.003793 0.019251 0.008798 0.014105 0.099350 0.017161 0.102994 0.006274 0.017939 0.008905 0.010310 0.003073 0.014790 0.020940 0.036656 0.070154 0.011810
0.431968 0.003998 0.000013 0.000454 0.000811 0.000194 0.000280 0.000511 0.000813 0.003505 0.002693 0.000470 0.000235 0.000032 0.000068 0.000890 0.000156 0.000681 0.000260 0.008634 0.001367 0.003081 0.524227 0.000154 0.000064 0.000594 0.001608 0.002553 0.008854 0.000429 0.000248 0.000152
0.794231 0.002594 0.000067 0.001895 0.002277 0.001153 0.000316 0.000546 0.000542 0.004322 0.002154 0.000872 0.000342 0.000172 0.000427 0.000714 0.000453 0.001097 0.000440 0.013148 0.002220 0.006592 0.141248 0.000718 0.000213 0.000460 0.001241 0.011006 0.005797 0.001524 0.000671 0.000546
0.625905 0.002713 0.000242 0.000272 0.000364 0.000161 0.000537 0.000224 0.000402 0.137757 0.000322 0.000943 0.000049 0.002328 0.012655 0.003517 0.010857 0.000313 0.000306 0.008723 0.002079 0.004106 0.000160 0.016388 0.002427 0.000264 0.000248 0.142878 0.000226 0.018057 0.001862 0.002713
0.245902 0.014378 0.002415 0.008425 0.011228 0.007225 0.021542 0.004539 0.011819 0.030716 0.011823 0.004718 0.004527 0.009481 0.005763 0.005934 0.009998 0.050870 0.004409 0.110963 0.025431 0.087580 0.014032 0.003946 0.004723 0.024169 0.014885 0.032795 0.009083 0.019987 0.179806 0.006888
0.645563 0.000302 0.000042 0.000139 0.000055 0.006532 0.000412 0.000124 0.000171 0.015417 0.000644 0.000037 0.000146 0.000580 0.000867 0.000159 0.000950 0.012255 0.001612 0.048420 0.002739 0.075189 0.000052 0.000168 0.003253 0.003452 0.001246 0.001535 0.000566 0.003607 0.172657 0.001105
0.570614 0.001597 0.000540 0.001492 0.000504 0.003888 0.002630 0.000490 0.004186 0.007516 0.001612 0.000394 0.000339 0.002536 0.001146 0.000175 0.001515 0.007026 0.000660 0.106467 0.003352 0.131427 0.000266 0.000466 0.003646 0.006611 0.001118 0.004447 0.000905 0.003585 0.127222 0.001629
0.678986 0.006359 0.000533 0.001009 0.000444 0.003922 0.003509 0.000429 0.004723 0.005455 0.002851 0.000318 0.000600 0.006128 0.000667 0.000282 0.001137 0.011503 0.000793 0.042472 0.002766 0.091379 0.000227 0.000308 0.007197 0.005108 0.001256 0.003296 0.000653 0.002457 0.112277 0.000956
0.066941 0.009795 0.001385 0.006911 0.016790 0.002244 0.013651 0.003884 0.003619 0.088079 0.012793 0.006057 0.001027 0.005850 0.028430 0.003436 0.026309 0.005212 0.003880 0.204777 0.086343 0.095391 0.024066 0.011921 0.004824 0.009967 0.008219 0.040559 0.011589 0.078122 0.109226 0.008702
0.063628 0.009661 0.001516 0.007476 0.019794 0.002695 0.013444 0.004407 0.004428 0.089125 0.013521 0.006409 0.001242 0.006194 0.028272 0.003668 0.026466 0.005696 0.004099 0.198555 0.081364 0.094975 0.029246 0.013220 0.004705 0.010867 0.008805 0.043207 0.012911 0.075743 0.105456 0.009207
