chair 37 434 47 438 0.716528 0.280130
chair 2 397 124 440 0.707262 0.274466
chair 69 432 72 436 0.635873 0.352862
chair 80 434 91 437 0.577528 0.269187
chair 39 436 57 440 0.566999 0.397924
chair 64 402 104 440 0.550637 0.444245
chair 52 431 70 440 0.495438 0.457684
chair 67 424 75 432 0.473316 0.524612
chair 26 429 33 440 0.434505 0.495882
chair 66 435 89 440 0.416163 0.345191
chair 77 425 96 440 0.380982 0.578923
chair 32 436 40 440 0.36158 0.608403
chair 49 423 60 434 0.326546 0.666637
chair 94 427 96 430 0.285879 0.705081
chair 91 417 105 440 0.284924 0.671262
chair 62 411 76 433 0.270644 0.728971
chair 94 427 103 434 0.251343 0.740815
chair 114 402 123 413 0.214253 0.770811
chair 1 435 19 440 0.205643 0.379539
chair 35 417 59 435 0.17521 0.819421
chair 98 435 101 440 0.140229 0.326266
chair 102 430 114 440 0.138553 0.591574
chair 89 436 93 440 0.130053 0.247231
chair 12 423 50 440 0.123235 0.853014
chair 116 437 119 440 0.120823 0.681871
table 0 399 56 439 0.315623 0.644959
table 0 435 19 440 0.296958 0.379539
table 118 432 131 440 0.113245 0.606884
table 0 388 159 440 0.111844 0.310795
table 101 430 115 440 0.104481 0.591574
picture 236 136 466 342 0.999306 0.000295
picture 250 174 262 316 0.490505 0.476888
picture 418 272 433 309 0.445773 0.513140
picture 255 282 431 316 0.438654 0.559451
picture 381 146 433 326 0.323617 0.674371
picture 417 221 449 319 0.279614 0.688151
picture 184 1 189 16 0.238561 0.200883
picture 268 178 409 259 0.238274 0.735286
picture 242 263 245 266 0.214725 0.471648
picture 366 239 375 249 0.133491 0.690181
picture 362 240 367 250 0.128299 0.595024
picture 51 215 81 222 0.127748 0.308245
picture 314 232 319 240 0.113498 0.748373
picture 268 216 342 290 0.103418 0.877378
picture 72 216 82 218 0.100063 0.520450
paper 242 262 245 266 0.152036 0.471648
paper 460 174 478 197 0.143205 0.395459
paper 331 263 333 268 0.142161 0.375065
paper 416 434 429 440 0.130411 0.262426
paper 363 240 366 250 0.125006 0.595024
paper 356 237 362 250 0.124378 0.587491
paper 21 226 26 229 0.120918 0.047022
paper 464 192 476 199 0.120266 0.488372
paper 184 0 189 16 0.118635 0.200883
paper 535 418 547 427 0.106584 0.766746
paper 321 260 331 270 0.10528 0.471693
paper 535 425 539 428 0.104494 0.802166
towel 465 192 477 200 0.170067 0.488372
towel 461 174 479 197 0.153274 0.395459
box 203 111 220 144 0.269841 0.655934
box 202 133 211 147 0.229431 0.692153
box 203 146 211 147 0.168169 0.731881
box 331 262 333 268 0.164551 0.375065
box 183 1 189 16 0.137647 0.200883
box 321 259 331 269 0.118524 0.471693
box 416 433 428 440 0.109306 0.262426
box 441 155 444 158 0.106191 0.439582
box 21 226 27 228 0.104731 0.047022
box 151 423 158 429 0.101542 0.530622
night_stand 117 419 163 440 0.278651 0.461583
lamp 466 45 473 48 0.16962 0.777488
lamp 124 369 133 380 0.15882 0.730806
lamp 465 37 466 43 0.149929 0.698804
lamp 461 27 493 115 0.137478 0.733597
lamp 459 42 472 48 0.122135 0.825604
garbage_bin 448 415 464 440 0.20861 0.254390
garbage_bin 411 344 490 437 0.203287 0.550235
garbage_bin 150 423 159 429 0.145833 0.530622
