0.006790 0.000014 0.988278 0.000007 0.004540 0.000047 0.000003 0.000001 0.000026 0.000003 0.000016 0.000003 0.000011 0.000081 0.000118 0.000001 0.000011 0.000002 0.000003 0.000001 0.000003 0.000003 0.000001 0.000002 0.000014 0.000005 0.000002 0.000003 0.000005 0.000001 0.000002 0.000002
0.028965 0.000090 0.554205 0.000679 0.391691 0.001534 0.000084 0.000063 0.000182 0.000200 0.000419 0.000059 0.000444 0.000475 0.015191 0.000034 0.002008 0.000050 0.000087 0.000179 0.000584 0.000388 0.000036 0.000259 0.000394 0.000220 0.000179 0.000132 0.000441 0.000386 0.000199 0.000141
0.097988 0.009343 0.001405 0.008924 0.033155 0.002886 0.015276 0.005472 0.026733 0.180740 0.004806 0.006369 0.001047 0.005609 0.023197 0.007247 0.016938 0.007504 0.007860 0.159936 0.028427 0.143354 0.031198 0.014101 0.005243 0.010908 0.004584 0.049091 0.005202 0.045927 0.027642 0.011888
0.127801 0.014006 0.001204 0.009972 0.049303 0.002916 0.020978 0.006446 0.040185 0.152462 0.005466 0.007249 0.001097 0.005555 0.015613 0.009006 0.017032 0.008727 0.008626 0.128179 0.023605 0.119151 0.051102 0.013805 0.004637 0.015050 0.005843 0.051581 0.006876 0.039574 0.025332 0.011624
0.649236 0.004245 0.000391 0.001584 0.005003 0.000405 0.002499 0.001430 0.001587 0.119763 0.000607 0.003091 0.000099 0.000642 0.004436 0.002327 0.003208 0.001167 0.000976 0.042418 0.005973 0.018640 0.075252 0.001133 0.001028 0.001067 0.000412 0.041699 0.001972 0.004770 0.001775 0.001166
0.187432 0.004937 0.001441 0.006864 0.052777 0.004045 0.010371 0.004635 0.030167 0.117848 0.007518 0.004257 0.000972 0.004198 0.021621 0.005082 0.018998 0.005951 0.009334 0.172758 0.030416 0.119570 0.010886 0.011319 0.004777 0.010030 0.007604 0.037788 0.006010 0.047559 0.032193 0.010641
0.229806 0.004269 0.001541 0.007443 0.063848 0.004025 0.009532 0.004057 0.027571 0.117676 0.006071 0.003893 0.000816 0.003426 0.023270 0.005176 0.021102 0.004081 0.011209 0.149035 0.032858 0.109614 0.008024 0.009840 0.004414 0.007449 0.006833 0.029951 0.004678 0.049879 0.028890 0.009726
0.256385 0.010129 0.001103 0.010456 0.013822 0.002688 0.009810 0.003337 0.006954 0.105101 0.003581 0.004936 0.001547 0.004970 0.015556 0.006112 0.019001 0.005712 0.002097 0.111205 0.031928 0.050789 0.070848 0.008150 0.003449 0.011217 0.006412 0.138602 0.012730 0.035415 0.030298 0.005660
0.783050 0.003957 0.000135 0.000280 0.000545 0.000722 0.000092 0.000105 0.003997 0.000748 0.166958 0.000125 0.009023 0.001959 0.000510 0.000063 0.000443 0.000052 0.000162 0.008223 0.000407 0.000942 0.000042 0.000131 0.009666 0.000597 0.002710 0.000437 0.000180 0.000679 0.002254 0.000811
0.476687 0.023654 0.001659 0.006572 0.003122 0.016281 0.000743 0.000612 0.008324 0.001992 0.046404 0.000394 0.195366 0.026362 0.001362 0.000338 0.001654 0.000878 0.002026 0.011431 0.001854 0.003802 0.000247 0.000598 0.128307 0.003657 0.004873 0.001555 0.003408 0.002845 0.020789 0.002205
0.272179 0.000022 0.000302 0.000762 0.016576 0.000017 0.000053 0.000042 0.000040 0.001870 0.000127 0.000053 0.000002 0.000109 0.694107 0.000038 0.004170 0.000014 0.000065 0.001183 0.001111 0.001952 0.000029 0.000110 0.000207 0.000032 0.000092 0.001049 0.000028 0.003046 0.000403 0.000211
0.474746 0.000265 0.002682 0.000581 0.055206 0.000163 0.000422 0.000175 0.000275 0.000839 0.000369 0.000268 0.000018 0.000574 0.443373 0.000130 0.010159 0.000083 0.000111 0.000798 0.001629 0.001238 0.000111 0.000245 0.000552 0.000297 0.000451 0.000807 0.000222 0.001605 0.001275 0.000330
0.697734 0.000312 0.000067 0.003289 0.006243 0.000052 0.000215 0.000241 0.000137 0.003659 0.000514 0.000308 0.000007 0.000193 0.272281 0.000248 0.001432 0.000057 0.000153 0.001559 0.000605 0.003095 0.000197 0.000791 0.000360 0.000228 0.000174 0.002572 0.000085 0.002127 0.000363 0.000699
0.682172 0.000041 0.004822 0.000207 0.002977 0.000106 0.000121 0.000177 0.000096 0.001220 0.000333 0.000076 0.000033 0.000347 0.261596 0.000033 0.015030 0.000049 0.000045 0.012824 0.005673 0.002814 0.000035 0.000481 0.001083 0.000137 0.000237 0.000644 0.000214 0.004573 0.001511 0.000294
0.758886 0.000007 0.003419 0.000093 0.000856 0.000023 0.000015 0.000016 0.000017 0.000187 0.000039 0.000018 0.000004 0.000040 0.231973 0.000005 0.001110 0.000004 0.000006 0.001407 0.000588 0.000363 0.000007 0.000057 0.000128 0.000017 0.000031 0.000075 0.000020 0.000506 0.000038 0.000046
0.766740 0.000057 0.001528 0.000667 0.008440 0.000080 0.000116 0.000080 0.000091 0.000495 0.000374 0.000088 0.000007 0.000116 0.211859 0.000038 0.002517 0.000024 0.000030 0.001888 0.000905 0.000829 0.000027 0.000219 0.000284 0.000215 0.000230 0.000296 0.000169 0.000970 0.000486 0.000137
0.771507 0.000029 0.003520 0.000117 0.001930 0.000054 0.000110 0.000082 0.000066 0.000393 0.000184 0.000050 0.000005 0.000149 0.207580 0.000033 0.005875 0.000022 0.000017 0.002428 0.001994 0.000714 0.000015 0.000127 0.000337 0.000183 0.000124 0.000291 0.000150 0.001059 0.000759 0.000097
0.611942 0.000053 0.001224 0.000099 0.000873 0.000016 0.000207 0.000046 0.000124 0.001678 0.000145 0.000062 0.000007 0.000523 0.183085 0.000051 0.130010 0.000034 0.000093 0.005443 0.029884 0.005200 0.000020 0.000092 0.001001 0.000149 0.000268 0.000865 0.000092 0.020929 0.005495 0.000288
0.822837 0.000006 0.001812 0.000053 0.001224 0.000025 0.000021 0.000038 0.000027 0.000310 0.000064 0.000012 0.000005 0.000079 0.161995 0.000005 0.003615 0.000009 0.000007 0.004128 0.001101 0.000535 0.000005 0.000072 0.000313 0.000035 0.000041 0.000153 0.000037 0.000964 0.000413 0.000062
0.792536 0.000088 0.029145 0.000697 0.005266 0.000415 0.000106 0.000105 0.000209 0.000465 0.000388 0.000112 0.000089 0.000348 0.158562 0.000049 0.003977 0.000027 0.000046 0.001881 0.001239 0.000816 0.000043 0.000276 0.000769 0.000150 0.000266 0.000363 0.000148 0.000966 0.000214 0.000239
0.685380 0.000797 0.000065 0.000881 0.001473 0.000167 0.000330 0.000294 0.000273 0.009987 0.000714 0.000424 0.000010 0.000250 0.106822 0.000309 0.001761 0.000289 0.000178 0.020623 0.002209 0.139534 0.000253 0.000796 0.001455 0.000804 0.000495 0.008131 0.000375 0.009466 0.002863 0.002589
0.611942 0.000053 0.001224 0.000099 0.000873 0.000016 0.000207 0.000046 0.000124 0.001678 0.000145 0.000062 0.000007 0.000523 0.183085 0.000051 0.130010 0.000034 0.000093 0.005443 0.029884 0.005200 0.000020 0.000092 0.001001 0.000149 0.000268 0.000865 0.000092 0.020929 0.005495 0.000288
0.262775 0.000002 0.000001 0.000125 0.000006 0.000009 0.000007 0.000006 0.000018 0.000370 0.000013 0.000007 0.000052 0.000021 0.000593 0.000004 0.000353 0.000011 0.000016 0.724500 0.000333 0.006475 0.000004 0.000067 0.000280 0.000013 0.000055 0.000568 0.000002 0.002258 0.000124 0.000928
0.461225 0.000001 0.000000 0.000329 0.000003 0.000009 0.000003 0.000003 0.000009 0.000191 0.000013 0.000005 0.000041 0.000007 0.000212 0.000002 0.000110 0.000003 0.000008 0.531913 0.000151 0.003544 0.000003 0.000057 0.000103 0.000006 0.000043 0.000460 0.000001 0.000850 0.000035 0.000656
0.518856 0.000001 0.000000 0.000034 0.000001 0.000001 0.000001 0.000001 0.000003 0.000080 0.000014 0.000001 0.000007 0.000002 0.000077 0.000000 0.000034 0.000001 0.000001 0.478302 0.000052 0.001747 0.000001 0.000006 0.000062 0.000002 0.000019 0.000122 0.000000 0.000396 0.000016 0.000160
0.477538 0.000080 0.000052 0.002087 0.000102 0.000234 0.000263 0.000160 0.000653 0.005013 0.000227 0.000297 0.000581 0.000387 0.005322 0.000285 0.002859 0.000140 0.000592 0.439808 0.002898 0.024055 0.000111 0.001051 0.002760 0.000303 0.000934 0.008836 0.000077 0.015654 0.001145 0.005494
0.516403 0.000149 0.000099 0.000925 0.000109 0.000204 0.000447 0.000231 0.000602 0.008746 0.000275 0.000417 0.000140 0.000615 0.020691 0.000616 0.005975 0.000144 0.000470 0.352349 0.006300 0.025957 0.000134 0.000859 0.004219 0.000449 0.000787 0.014965 0.000162 0.031187 0.002560 0.002816
0.676774 0.000000 0.000000 0.000001 0.000000 0.000000 0.000000 0.000000 0.000001 0.000004 0.000000 0.000000 0.000000 0.000000 0.000262 0.000000 0.000147 0.000000 0.000000 0.317794 0.000209 0.003146 0.000000 0.000000 0.000011 0.000000 0.000001 0.000005 0.000000 0.001570 0.000071 0.000003
0.159685 0.002442 0.000809 0.004635 0.016627 0.004002 0.002361 0.001809 0.004262 0.066746 0.010670 0.001524 0.001074 0.002571 0.021785 0.001765 0.014276 0.003715 0.002111 0.260514 0.038635 0.146219 0.006525 0.007530 0.002481 0.006410 0.009724 0.038284 0.010663 0.057175 0.086471 0.006499
0.757180 0.000000 0.000000 0.000010 0.000000 0.000000 0.000000 0.000000 0.000000 0.000004 0.000005 0.000000 0.000000 0.000000 0.000003 0.000000 0.000001 0.000000 0.000000 0.242676 0.000006 0.000079 0.000000 0.000001 0.000002 0.000000 0.000001 0.000003 0.000000 0.000026 0.000000 0.000004
0.120832 0.003137 0.000947 0.007592 0.018618 0.003888 0.003765 0.002616 0.005083 0.080595 0.011330 0.002203 0.001468 0.003412 0.031897 0.002148 0.021500 0.003963 0.002642 0.240461 0.052990 0.122080 0.009561 0.009931 0.003486 0.006935 0.011166 0.037927 0.009773 0.074709 0.085040 0.008305
0.752303 0.000003 0.000002 0.000051 0.000005 0.000005 0.000006 0.000005 0.000009 0.000326 0.000043 0.000004 0.000029 0.000011 0.000512 0.000004 0.000244 0.000020 0.000007 0.238885 0.000380 0.004379 0.000002 0.000033 0.000102 0.000020 0.000069 0.000477 0.000006 0.001446 0.000236 0.000376
0.767559 0.000005 0.000001 0.000140 0.000015 0.000005 0.000005 0.000007 0.000017 0.000391 0.000052 0.000006 0.000021 0.000012 0.000536 0.000004 0.000269 0.000008 0.000007 0.222372 0.000327 0.004214 0.000003 0.000055 0.000156 0.000018 0.000178 0.000889 0.000005 0.001723 0.000133 0.000865
0.783253 0.000000 0.000000 0.000010 0.000000 0.000000 0.000000 0.000000 0.000000 0.000003 0.000002 0.000000 0.000000 0.000000 0.000002 0.000000 0.000001 0.000000 0.000000 0.216619 0.000004 0.000079 0.000000 0.000000 0.000002 0.000000 0.000000 0.000003 0.000000 0.000018 0.000000 0.000003
0.755875 0.000030 0.000007 0.002179 0.000182 0.000193 0.000049 0.000036 0.000179 0.001394 0.000153 0.000082 0.000462 0.000101 0.001191 0.000045 0.000783 0.000035 0.000114 0.207905 0.000517 0.014399 0.000047 0.000551 0.000905 0.000083 0.000462 0.005360 0.000014 0.002857 0.000273 0.003537
0.119592 0.004377 0.002068 0.008538 0.029718 0.006611 0.005551 0.004577 0.009619 0.069142 0.017313 0.004029 0.002404 0.005279 0.026410 0.003106 0.018950 0.007297 0.003647 0.206752 0.038147 0.132572 0.014226 0.014728 0.004456 0.013239 0.011846 0.047166 0.014108 0.057344 0.086441 0.010747
0.113271 0.011244 0.001045 0.003956 0.012414 0.001808 0.010550 0.002936 0.003687 0.079293 0.015879 0.004063 0.000601 0.004284 0.017502 0.003482 0.024226 0.003256 0.003194 0.195444 0.095840 0.092684 0.020458 0.007964 0.003755 0.009031 0.011690 0.044829 0.010300 0.070012 0.115006 0.006295
0.802138 0.000000 0.000000 0.000000 0.000000 0.000000 0.000000 0.000000 0.000000 0.000000 0.000000 0.000000 0.000000 0.000000 0.000258 0.000000 0.000048 0.000000 0.000000 0.193485 0.000216 0.000669 0.000000 0.000000 0.000000 0.000000 0.000000 0.000000 0.000000 0.003181 0.000003 0.000000
0.822166 0.000000 0.000000 0.000012 0.000000 0.000000 0.000000 0.000000 0.000000 0.000002 0.000001 0.000000 0.000000 0.000000 0.000002 0.000000 0.000001 0.000000 0.000000 0.177708 0.000003 0.000084 0.000000 0.000000 0.000002 0.000000 0.000000 0.000003 0.000000 0.000013 0.000000 0.000003
0.667195 0.000457 0.002553 0.002708 0.000429 0.003432 0.000405 0.000330 0.000966 0.006910 0.000643 0.000234 0.000903 0.001881 0.026571 0.000177 0.004148 0.000483 0.000309 0.176946 0.004878 0.065064 0.000163 0.001323 0.004551 0.000353 0.000536 0.003053 0.000637 0.015540 0.004479 0.001744
0.222944 0.007407 0.001488 0.008373 0.020108 0.004073 0.007785 0.003059 0.010720 0.097858 0.006999 0.003807 0.002888 0.005756 0.022677 0.003198 0.020851 0.003978 0.003120 0.176750 0.051098 0.065276 0.023159 0.008518 0.006503 0.010049 0.008337 0.079973 0.010687 0.054916 0.040763 0.006879
0.187432 0.004937 0.001441 0.006864 0.052777 0.004045 0.010371 0.004635 0.030167 0.117848 0.007518 0.004257 0.000972 0.004198 0.021621 0.005082 0.018998 0.005951 0.009334 0.172758 0.030416 0.119570 0.010886 0.011319 0.004777 0.010030 0.007604 0.037788 0.006010 0.047559 0.032193 0.010641
0.097988 0.009343 0.001405 0.008924 0.033155 0.002886 0.015276 0.005472 0.026733 0.180740 0.004806 0.006369 0.001047 0.005609 0.023197 0.007247 0.016938 0.007504 0.007860 0.159936 0.028427 0.143354 0.031198 0.014101 0.005243 0.010908 0.004584 0.049091 0.005202 0.045927 0.027642 0.011888
0.473981 0.001208 0.001385 0.008162 0.004966 0.003500 0.003675 0.000565 0.001999 0.013795 0.002295 0.001250 0.000307 0.002320 0.005625 0.000270 0.005054 0.005852 0.000534 0.156731 0.007070 0.094700 0.000493 0.002531 0.001295 0.006242 0.000546 0.036389 0.001851 0.013793 0.139221 0.002392
0.837119 0.000000 0.000002 0.000011 0.000001 0.000001 0.000004 0.000001 0.000006 0.000049 0.000003 0.000001 0.000000 0.000001 0.001365 0.000001 0.000919 0.000001 0.000001 0.153855 0.000677 0.002685 0.000000 0.000010 0.000031 0.000002 0.000003 0.000022 0.000001 0.003106 0.000111 0.000012
0.229806 0.004269 0.001541 0.007443 0.063848 0.004025 0.009532 0.004057 0.027571 0.117676 0.006071 0.003893 0.000816 0.003426 0.023270 0.005176 0.021102 0.004081 0.011209 0.149035 0.032858 0.109614 0.008024 0.009840 0.004414 0.007449 0.006833 0.029951 0.004678 0.049879 0.028890 0.009726
0.841012 0.000003 0.000012 0.000010 0.000004 0.000004 0.000013 0.000007 0.000012 0.000433 0.000047 0.000004 0.000005 0.000012 0.003199 0.000003 0.002429 0.000012 0.000005 0.139387 0.002843 0.004813 0.000002 0.000013 0.000196 0.000023 0.000071 0.000148 0.000023 0.002948 0.002224 0.000084
0.850648 0.000001 0.000005 0.000006 0.000002 0.000002 0.000006 0.000002 0.000006 0.000228 0.000035 0.000002 0.000002 0.000005 0.001606 0.000001 0.000843 0.000007 0.000002 0.137589 0.001398 0.004328 0.000001 0.000004 0.000126 0.000016 0.000039 0.000062 0.000013 0.001335 0.001646 0.000035
0.401688 0.001604 0.002722 0.009015 0.011524 0.005029 0.005377 0.000876 0.002586 0.017649 0.002909 0.001437 0.000441 0.004316 0.008455 0.000258 0.006449 0.008761 0.000670 0.134033 0.005782 0.076499 0.000726 0.003984 0.001621 0.011443 0.000471 0.034039 0.004387 0.016159 0.215846 0.003244
0.866332 0.000000 0.000000 0.000012 0.000001 0.000000 0.000000 0.000000 0.000001 0.000052 0.000020 0.000000 0.000000 0.000000 0.000050 0.000000 0.000016 0.000000 0.000000 0.132359 0.000044 0.000688 0.000000 0.000004 0.000005 0.000001 0.000030 0.000146 0.000000 0.000163 0.000007 0.000066
0.127801 0.014006 0.001204 0.009972 0.049303 0.002916 0.020978 0.006446 0.040185 0.152462 0.005466 0.007249 0.001097 0.005555 0.015613 0.009006 0.017032 0.008727 0.008626 0.128179 0.023605 0.119151 0.051102 0.013805 0.004637 0.015050 0.005843 0.051581 0.006876 0.039574 0.025332 0.011624
0.871844 0.000000 0.000000 0.000017 0.000000 0.000000 0.000000 0.000000 0.000000 0.000036 0.000012 0.000000 0.000000 0.000000 0.000028 0.000000 0.000009 0.000000 0.000000 0.127182 0.000026 0.000545 0.000000 0.000003 0.000005 0.000001 0.000015 0.000107 0.000000 0.000112 0.000006 0.000050
0.860616 0.000000 0.000000 0.000001 0.000000 0.000002 0.000000 0.000000 0.000001 0.000004 0.000004 0.000000 0.000000 0.000000 0.000309 0.000000 0.000429 0.000000 0.000000 0.126707 0.000352 0.008110 0.000000 0.000000 0.000065 0.000001 0.000004 0.000012 0.000000 0.002016 0.001362 0.000003
0.335796 0.003644 0.000753 0.015885 0.006030 0.001810 0.006959 0.002498 0.003461 0.088906 0.001395 0.005129 0.000537 0.003396 0.016049 0.005270 0.011067 0.008875 0.002934 0.125167 0.019578 0.105694 0.008816 0.008016 0.003185 0.006187 0.001737 0.129623 0.002494 0.028449 0.033504 0.007155
0.878801 0.000000 0.000000 0.000023 0.000000 0.000000 0.000000 0.000000 0.000001 0.000020 0.000007 0.000000 0.000001 0.000000 0.000035 0.000000 0.000011 0.000000 0.000000 0.120188 0.000029 0.000566 0.000000 0.000006 0.000004 0.000000 0.000020 0.000086 0.000000 0.000122 0.000003 0.000076
0.879041 0.000000 0.000000 0.000014 0.000000 0.000000 0.000000 0.000000 0.000001 0.000039 0.000015 0.000000 0.000000 0.000000 0.000049 0.000000 0.000015 0.000000 0.000000 0.119774 0.000040 0.000623 0.000000 0.000004 0.000004 0.000001 0.000028 0.000131 0.000000 0.000149 0.000005 0.000063
0.325219 0.001845 0.002302 0.016254 0.017268 0.006819 0.004392 0.002096 0.002057 0.056175 0.005895 0.002953 0.000769 0.004601 0.040042 0.001930 0.020314 0.004076 0.006342 0.118648 0.030732 0.136501 0.004283 0.009180 0.005308 0.005403 0.003042 0.030190 0.006160 0.048189 0.072184 0.008831
0.193952 0.015022 0.001506 0.013281 0.012651 0.001776 0.025003 0.003205 0.003010 0.087408 0.006063 0.008322 0.000782 0.009361 0.026379 0.006841 0.030193 0.007824 0.002753 0.116479 0.068758 0.048365 0.048259 0.010304 0.005011 0.016024 0.007620 0.068272 0.009970 0.063793 0.075497 0.006317
0.459688 0.018998 0.000495 0.001784 0.001856 0.003521 0.011140 0.002225 0.007746 0.057221 0.014630 0.002219 0.000415 0.004036 0.004210 0.005762 0.007308 0.004988 0.005618 0.115902 0.030930 0.087103 0.003136 0.002170 0.003647 0.003361 0.004736 0.016190 0.001889 0.023184 0.089199 0.004694
0.422070 0.002124 0.007058 0.012909 0.020286 0.010521 0.006382 0.001188 0.001784 0.023239 0.003914 0.002233 0.000641 0.008828 0.024463 0.000312 0.011637 0.004520 0.001126 0.114431 0.005254 0.095644 0.000972 0.008638 0.003038 0.009751 0.000402 0.036704 0.008069 0.029066 0.117899 0.004900
0.843628 0.000000 0.000000 0.000070 0.000000 0.000003 0.000000 0.000000 0.000009 0.000033 0.000001 0.000000 0.000040 0.000001 0.000013 0.000000 0.000014 0.000002 0.000001 0.112846 0.000017 0.042852 0.000001 0.000009 0.000018 0.000001 0.000006 0.000033 0.000000 0.000350 0.000007 0.000046
0.341524 0.001517 0.001868 0.016920 0.015994 0.005738 0.003456 0.001606 0.001600 0.052584 0.004516 0.002333 0.000578 0.003789 0.036672 0.001596 0.019018 0.003763 0.005639 0.112582 0.028340 0.147064 0.003250 0.008340 0.004537 0.004993 0.002701 0.030641 0.005103 0.046790 0.077029 0.007921
0.723526 0.000029 0.000013 0.002050 0.000262 0.000515 0.000060 0.000050 0.001582 0.002918 0.000051 0.000054 0.002438 0.000128 0.000606 0.000012 0.000602 0.000226 0.001201 0.111511 0.000365 0.139612 0.000036 0.000473 0.000764 0.000090 0.000161 0.001437 0.000017 0.004223 0.000389 0.004601
0.256385 0.010129 0.001103 0.010456 0.013822 0.002688 0.009810 0.003337 0.006954 0.105101 0.003581 0.004936 0.001547 0.004970 0.015556 0.006112 0.019001 0.005712 0.002097 0.111205 0.031928 0.050789 0.070848 0.008150 0.003449 0.011217 0.006412 0.138602 0.012730 0.035415 0.030298 0.005660
0.341524 0.001517 0.001868 0.016920 0.015994 0.005738 0.003456 0.001606 0.001600 0.052584 0.004516 0.002333 0.000578 0.003789 0.036672 0.001596 0.019018 0.003763 0.005639 0.112582 0.028340 0.147064 0.003250 0.008340 0.004537 0.004993 0.002701 0.030641 0.005103 0.046790 0.077029 0.007921
0.159685 0.002442 0.000809 0.004635 0.016627 0.004002 0.002361 0.001809 0.004262 0.066746 0.010670 0.001524 0.001074 0.002571 0.021785 0.001765 0.014276 0.003715 0.002111 0.260514 0.038635 0.146219 0.006525 0.007530 0.002481 0.006410 0.009724 0.038284 0.010663 0.057175 0.086471 0.006499
0.097988 0.009343 0.001405 0.008924 0.033155 0.002886 0.015276 0.005472 0.026733 0.180740 0.004806 0.006369 0.001047 0.005609 0.023197 0.007247 0.016938 0.007504 0.007860 0.159936 0.028427 0.143354 0.031198 0.014101 0.005243 0.010908 0.004584 0.049091 0.005202 0.045927 0.027642 0.011888
0.723526 0.000029 0.000013 0.002050 0.000262 0.000515 0.000060 0.000050 0.001582 0.002918 0.000051 0.000054 0.002438 0.000128 0.000606 0.000012 0.000602 0.000226 0.001201 0.111511 0.000365 0.139612 0.000036 0.000473 0.000764 0.000090 0.000161 0.001437 0.000017 0.004223 0.000389 0.004601
0.685380 0.000797 0.000065 0.000881 0.001473 0.000167 0.000330 0.000294 0.000273 0.009987 0.000714 0.000424 0.000010 0.000250 0.106822 0.000309 0.001761 0.000289 0.000178 0.020623 0.002209 0.139534 0.000253 0.000796 0.001455 0.000804 0.000495 0.008131 0.000375 0.009466 0.002863 0.002589
0.325219 0.001845 0.002302 0.016254 0.017268 0.006819 0.004392 0.002096 0.002057 0.056175 0.005895 0.002953 0.000769 0.004601 0.040042 0.001930 0.020314 0.004076 0.006342 0.118648 0.030732 0.136501 0.004283 0.009180 0.005308 0.005403 0.003042 0.030190 0.006160 0.048189 0.072184 0.008831
0.661689 0.000720 0.000633 0.005685 0.002193 0.003408 0.000944 0.000281 0.001003 0.013796 0.001233 0.000555 0.000444 0.001929 0.005051 0.000278 0.005588 0.002965 0.001192 0.058415 0.007622 0.134581 0.000244 0.002110 0.001947 0.001299 0.000633 0.025404 0.000463 0.023736 0.031616 0.002343
0.119592 0.004377 0.002068 0.008538 0.029718 0.006611 0.005551 0.004577 0.009619 0.069142 0.017313 0.004029 0.002404 0.005279 0.026410 0.003106 0.018950 0.007297 0.003647 0.206752 0.038147 0.132572 0.014226 0.014728 0.004456 0.013239 0.011846 0.047166 0.014108 0.057344 0.086441 0.010747
0.120832 0.003137 0.000947 0.007592 0.018618 0.003888 0.003765 0.002616 0.005083 0.080595 0.011330 0.002203 0.001468 0.003412 0.031897 0.002148 0.021500 0.003963 0.002642 0.240461 0.052990 0.122080 0.009561 0.009931 0.003486 0.006935 0.011166 0.037927 0.009773 0.074709 0.085040 0.008305
0.187432 0.004937 0.001441 0.006864 0.052777 0.004045 0.010371 0.004635 0.030167 0.117848 0.007518 0.004257 0.000972 0.004198 0.021621 0.005082 0.018998 0.005951 0.009334 0.172758 0.030416 0.119570 0.010886 0.011319 0.004777 0.010030 0.007604 0.037788 0.006010 0.047559 0.032193 0.010641
0.127801 0.014006 0.001204 0.009972 0.049303 0.002916 0.020978 0.006446 0.040185 0.152462 0.005466 0.007249 0.001097 0.005555 0.015613 0.009006 0.017032 0.008727 0.008626 0.128179 0.023605 0.119151 0.051102 0.013805 0.004637 0.015050 0.005843 0.051581 0.006876 0.039574 0.025332 0.011624
0.512255 0.001540 0.002786 0.013928 0.007302 0.006126 0.004029 0.000819 0.002002 0.017287 0.003379 0.001863 0.000519 0.004363 0.011534 0.000346 0.008316 0.003502 0.000872 0.121986 0.006618 0.115105 0.000596 0.005418 0.002022 0.004878 0.000580 0.034166 0.002811 0.022807 0.076641 0.003605
0.229806 0.004269 0.001541 0.007443 0.063848 0.004025 0.009532 0.004057 0.027571 0.117676 0.006071 0.003893 0.000816 0.003426 0.023270 0.005176 0.021102 0.004081 0.011209 0.149035 0.032858 0.109614 0.008024 0.009840 0.004414 0.007449 0.006833 0.029951 0.004678 0.049879 0.028890 0.009726
0.335796 0.003644 0.000753 0.015885 0.006030 0.001810 0.006959 0.002498 0.003461 0.088906 0.001395 0.005129 0.000537 0.003396 0.016049 0.005270 0.011067 0.008875 0.002934 0.125167 0.019578 0.105694 0.008816 0.008016 0.003185 0.006187 0.001737 0.129623 0.002494 0.028449 0.033504 0.007155
0.640603 0.003817 0.000263 0.001465 0.005471 0.000185 0.004657 0.001557 0.001347 0.099713 0.000453 0.003909 0.000042 0.000500 0.003532 0.004296 0.003513 0.001295 0.000576 0.035910 0.005208 0.010124 0.104284 0.000779 0.000727 0.001226 0.000422 0.057014 0.001372 0.003624 0.001345 0.000772
0.611436 0.007620 0.003661 0.001694 0.002885 0.002062 0.000305 0.000205 0.000882 0.000593 0.010391 0.000138 0.023255 0.013954 0.002558 0.000116 0.001912 0.000320 0.000523 0.009690 0.002015 0.001856 0.000108 0.000200 0.282623 0.001445 0.002184 0.000529 0.002277 0.001734 0.010375 0.000455
0.467103 0.000525 0.000096 0.000147 0.000383 0.000104 0.000220 0.000163 0.000592 0.005543 0.000026 0.001204 0.000011 0.000160 0.003010 0.000621 0.000932 0.000085 0.000164 0.002262 0.000203 0.001224 0.000306 0.000480 0.000288 0.000121 0.000046 0.512658 0.000022 0.000544 0.000307 0.000451
0.563052 0.000106 0.000021 0.000375 0.000092 0.000441 0.000110 0.000103 0.000259 0.005583 0.000032 0.000327 0.000025 0.000068 0.000968 0.000909 0.001701 0.000055 0.000425 0.002563 0.000432 0.001139 0.000076 0.001297 0.000151 0.000033 0.000067 0.417591 0.000013 0.001302 0.000126 0.000554
0.390184 0.004098 0.000938 0.004790 0.002138 0.001315 0.007938 0.003988 0.002667 0.049429 0.000790 0.010331 0.000139 0.000714 0.016350 0.017409 0.008358 0.002121 0.007285 0.015866 0.005588 0.010470 0.024411 0.009633 0.001859 0.002592 0.000685 0.378855 0.000780 0.005775 0.006202 0.006303
0.660996 0.000078 0.000030 0.000113 0.000091 0.000071 0.000086 0.000071 0.000157 0.005237 0.000017 0.000357 0.000004 0.000044 0.002234 0.000653 0.001340 0.000022 0.000110 0.001226 0.000213 0.000602 0.000064 0.000644 0.000093 0.000019 0.000023 0.324035 0.000008 0.001013 0.000067 0.000280
0.684979 0.000046 0.000043 0.000520 0.000020 0.001577 0.000045 0.000035 0.000039 0.001127 0.000014 0.000077 0.000019 0.000078 0.000709 0.000175 0.000643 0.000032 0.000042 0.001270 0.000281 0.000243 0.000024 0.000157 0.000122 0.000031 0.000010 0.306885 0.000006 0.000577 0.000135 0.000038
0.685573 0.000512 0.000228 0.002330 0.000283 0.007052 0.000305 0.000270 0.000388 0.010561 0.000134 0.000544 0.000119 0.000213 0.002218 0.000992 0.002418 0.000182 0.000516 0.013084 0.001364 0.004819 0.000896 0.001067 0.000472 0.000190 0.000192 0.257602 0.000127 0.003501 0.001157 0.000692
0.562321 0.001608 0.000535 0.002675 0.000836 0.002380 0.003033 0.001338 0.004150 0.068148 0.000299 0.002782 0.000066 0.000594 0.003257 0.026338 0.005798 0.001655 0.004237 0.023730 0.003690 0.010871 0.001668 0.002685 0.000746 0.000943 0.000439 0.249732 0.000231 0.007395 0.003004 0.002815
0.534282 0.000907 0.000514 0.050487 0.001227 0.001341 0.004314 0.001153 0.000853 0.010922 0.000530 0.003222 0.000386 0.001437 0.009606 0.002703 0.017143 0.002292 0.000888 0.017392 0.014320 0.017374 0.007638 0.004183 0.002862 0.009919 0.001334 0.226755 0.001228 0.035064 0.011397 0.006325
0.497364 0.002283 0.000790 0.057897 0.001933 0.001047 0.005687 0.001613 0.001986 0.021518 0.000438 0.007639 0.000420 0.002111 0.014593 0.006383 0.019223 0.002727 0.002146 0.027877 0.010846 0.027105 0.008930 0.005969 0.003176 0.005126 0.001217 0.221785 0.000905 0.022944 0.008515 0.007808
0.546364 0.001159 0.000374 0.006680 0.000600 0.000432 0.004142 0.001118 0.000952 0.020410 0.000869 0.002418 0.000119 0.002229 0.019901 0.005970 0.021888 0.002908 0.003088 0.028352 0.023512 0.017574 0.003019 0.003571 0.006196 0.013221 0.001793 0.189715 0.000984 0.043814 0.018301 0.008327
0.564370 0.000928 0.000102 0.007098 0.003051 0.001392 0.000905 0.000613 0.001260 0.032965 0.000882 0.001150 0.000730 0.000970 0.006835 0.000955 0.004588 0.001279 0.002029 0.077425 0.004413 0.073041 0.001742 0.012588 0.001974 0.001486 0.001598 0.155619 0.000651 0.019570 0.008534 0.009257
0.808096 0.000558 0.000159 0.003196 0.000179 0.000140 0.000758 0.000142 0.000351 0.011745 0.000026 0.000694 0.000039 0.000229 0.001944 0.000720 0.001163 0.000346 0.000125 0.009038 0.000516 0.001847 0.000936 0.000402 0.000579 0.000252 0.000036 0.154105 0.000034 0.000771 0.000552 0.000322
0.256385 0.010129 0.001103 0.010456 0.013822 0.002688 0.009810 0.003337 0.006954 0.105101 0.003581 0.004936 0.001547 0.004970 0.015556 0.006112 0.019001 0.005712 0.002097 0.111205 0.031928 0.050789 0.070848 0.008150 0.003449 0.011217 0.006412 0.138602 0.012730 0.035415 0.030298 0.005660
0.335796 0.003644 0.000753 0.015885 0.006030 0.001810 0.006959 0.002498 0.003461 0.088906 0.001395 0.005129 0.000537 0.003396 0.016049 0.005270 0.011067 0.008875 0.002934 0.125167 0.019578 0.105694 0.008816 0.008016 0.003185 0.006187 0.001737 0.129623 0.002494 0.028449 0.033504 0.007155
0.790501 0.000541 0.000460 0.001048 0.000077 0.000341 0.000373 0.000140 0.000322 0.007775 0.000140 0.000114 0.000015 0.000346 0.016887 0.000282 0.003952 0.000175 0.000264 0.024635 0.001856 0.013859 0.000076 0.000603 0.002494 0.000183 0.000081 0.124186 0.000035 0.001820 0.005738 0.000684
0.805666 0.002253 0.000562 0.002869 0.002147 0.001987 0.000907 0.000391 0.001369 0.011452 0.000471 0.001149 0.000327 0.001287 0.002982 0.000713 0.002201 0.000942 0.000626 0.011434 0.001101 0.012632 0.001272 0.002432 0.000763 0.000732 0.000494 0.120623 0.000496 0.003324 0.003437 0.000957
0.748567 0.000854 0.000779 0.003324 0.004646 0.002575 0.000615 0.000494 0.001878 0.020496 0.000916 0.000648 0.000537 0.001128 0.006644 0.000650 0.005837 0.001151 0.000678 0.020474 0.003833 0.021216 0.001684 0.007507 0.001050 0.001037 0.000636 0.119157 0.000728 0.009909 0.008413 0.001939
0.771256 0.003571 0.000531 0.024010 0.000540 0.000699 0.003352 0.000663 0.001941 0.023299 0.000194 0.002509 0.000212 0.001910 0.005241 0.003827 0.003686 0.001246 0.001409 0.013297 0.001929 0.013877 0.004157 0.001546 0.003066 0.000799 0.000221 0.101557 0.000198 0.004064 0.002801 0.002393
0.401688 0.001604 0.002722 0.009015 0.011524 0.005029 0.005377 0.000876 0.002586 0.017649 0.002909 0.001437 0.000441 0.004316 0.008455 0.000258 0.006449 0.008761 0.000670 0.134033 0.005782 0.076499 0.000726 0.003984 0.001621 0.011443 0.000471 0.034039 0.004387 0.016159 0.215846 0.003244
0.473981 0.001208 0.001385 0.008162 0.004966 0.003500 0.003675 0.000565 0.001999 0.013795 0.002295 0.001250 0.000307 0.002320 0.005625 0.000270 0.005054 0.005852 0.000534 0.156731 0.007070 0.094700 0.000493 0.002531 0.001295 0.006242 0.000546 0.036389 0.001851 0.013793 0.139221 0.002392
0.422070 0.002124 0.007058 0.012909 0.020286 0.010521 0.006382 0.001188 0.001784 0.023239 0.003914 0.002233 0.000641 0.008828 0.024463 0.000312 0.011637 0.004520 0.001126 0.114431 0.005254 0.095644 0.000972 0.008638 0.003038 0.009751 0.000402 0.036704 0.008069 0.029066 0.117899 0.004900
0.113271 0.011244 0.001045 0.003956 0.012414 0.001808 0.010550 0.002936 0.003687 0.079293 0.015879 0.004063 0.000601 0.004284 0.017502 0.003482 0.024226 0.003256 0.003194 0.195444 0.095840 0.092684 0.020458 0.007964 0.003755 0.009031 0.011690 0.044829 0.010300 0.070012 0.115006 0.006295
0.352229 0.003413 0.005466 0.005026 0.013345 0.006957 0.005077 0.003275 0.013729 0.061893 0.019829 0.006052 0.002051 0.006671 0.015914 0.001955 0.031893 0.005629 0.003925 0.096749 0.040441 0.073852 0.003690 0.006088 0.003821 0.009282 0.004925 0.031403 0.009216 0.047249 0.102852 0.006104
0.347384 0.003250 0.005235 0.005690 0.014074 0.007000 0.005159 0.002770 0.012474 0.063143 0.017908 0.005285 0.002346 0.007055 0.019017 0.001887 0.035509 0.005189 0.003926 0.094637 0.039319 0.074988 0.003645 0.005885 0.003901 0.008697 0.004795 0.035800 0.008359 0.048366 0.100689 0.006616
