0.140031 0.000049 0.000700 0.824853 0.000502 0.023823 0.000018 0.000008 0.000019 0.000032 0.000022 0.000006 0.005452 0.000231 0.000252 0.000029 0.001030 0.000087 0.000113 0.000056 0.000285 0.000233 0.000026 0.000063 0.000477 0.000026 0.000031 0.000497 0.000013 0.000698 0.000133 0.000207
0.619764 0.000049 0.000009 0.372458 0.000082 0.000720 0.000074 0.000024 0.000098 0.000383 0.000007 0.000025 0.000214 0.000053 0.000117 0.000165 0.001090 0.000070 0.000107 0.000215 0.000202 0.000736 0.000111 0.000629 0.000061 0.000008 0.000010 0.000799 0.000004 0.001166 0.000030 0.000518
0.419072 0.000191 0.000056 0.371272 0.000168 0.197656 0.000117 0.000032 0.000113 0.000320 0.000114 0.000048 0.000328 0.000090 0.000092 0.000268 0.000532 0.000109 0.000081 0.000106 0.000265 0.000468 0.000060 0.000222 0.000065 0.000473 0.000198 0.006365 0.000029 0.000372 0.000370 0.000347
0.749686 0.000002 0.000002 0.248371 0.000019 0.001332 0.000002 0.000001 0.000001 0.000012 0.000015 0.000001 0.000108 0.000003 0.000018 0.000001 0.000031 0.000019 0.000003 0.000032 0.000055 0.000096 0.000001 0.000004 0.000009 0.000007 0.000009 0.000028 0.000002 0.000052 0.000073 0.000008
0.707003 0.002012 0.000318 0.132147 0.001561 0.015905 0.001164 0.000261 0.000545 0.002849 0.000565 0.000247 0.000349 0.001564 0.001399 0.000745 0.001382 0.005476 0.001224 0.000799 0.001520 0.015333 0.000117 0.000620 0.002551 0.023590 0.002558 0.056279 0.000162 0.002001 0.015726 0.002032
0.840663 0.000099 0.000030 0.124045 0.000499 0.009782 0.000071 0.000022 0.000069 0.000273 0.000253 0.000028 0.000116 0.000065 0.000358 0.000060 0.000198 0.000281 0.000048 0.000275 0.000253 0.002946 0.000015 0.000130 0.000121 0.007807 0.001076 0.007951 0.000028 0.000332 0.001575 0.000531
0.772143 0.000575 0.000048 0.105165 0.000381 0.008105 0.000374 0.000051 0.000159 0.002287 0.000264 0.000039 0.000255 0.000848 0.000436 0.000142 0.000698 0.005237 0.000425 0.000445 0.000672 0.049242 0.000024 0.000252 0.001262 0.009184 0.000531 0.015517 0.000032 0.001079 0.023407 0.000721
0.098852 0.000014 0.000323 0.002113 0.000067 0.893576 0.000001 0.000001 0.000005 0.000005 0.000199 0.000001 0.004656 0.000013 0.000003 0.000001 0.000019 0.000005 0.000003 0.000010 0.000011 0.000017 0.000002 0.000005 0.000011 0.000005 0.000034 0.000012 0.000008 0.000006 0.000016 0.000005
0.790838 0.000024 0.000165 0.023784 0.000214 0.180008 0.000005 0.000003 0.000016 0.000033 0.000027 0.000003 0.003467 0.000014 0.000108 0.000010 0.000325 0.000009 0.000014 0.000068 0.000103 0.000054 0.000012 0.000019 0.000031 0.000009 0.000054 0.000391 0.000012 0.000104 0.000027 0.000050
0.755121 0.001065 0.000083 0.000096 0.000045 0.000090 0.019588 0.000735 0.000260 0.003724 0.000081 0.201180 0.000004 0.000106 0.000313 0.001767 0.004539 0.000173 0.000347 0.001017 0.000816 0.001324 0.000209 0.000518 0.000149 0.000443 0.000089 0.004147 0.000025 0.000935 0.000791 0.000219
0.628484 0.002696 0.000564 0.001596 0.000631 0.000751 0.021320 0.003370 0.002374 0.026270 0.001504 0.125983 0.000150 0.000669 0.004003 0.004054 0.014106 0.001908 0.002033 0.041405 0.017905 0.035708 0.001708 0.005034 0.001490 0.005197 0.001881 0.014880 0.000864 0.015810 0.013573 0.002079
0.812896 0.001085 0.000033 0.000027 0.000038 0.000028 0.025359 0.000800 0.000389 0.008368 0.000165 0.116938 0.000001 0.000084 0.000251 0.001941 0.002260 0.000174 0.000206 0.005974 0.002769 0.010506 0.000103 0.000320 0.000081 0.000492 0.000161 0.003140 0.000038 0.002660 0.002512 0.000202
0.453482 0.000002 0.000088 0.000060 0.000010 0.000005 0.000005 0.000002 0.000003 0.000045 0.000003 0.000004 0.000001 0.000014 0.451474 0.000001 0.073232 0.000001 0.000002 0.000252 0.004544 0.000544 0.000001 0.000010 0.000046 0.000003 0.000014 0.000195 0.000001 0.015818 0.000097 0.000042
0.795994 0.000007 0.000064 0.000088 0.000042 0.000003 0.000006 0.000004 0.000007 0.000214 0.000012 0.000008 0.000000 0.000008 0.191676 0.000006 0.002525 0.000001 0.000002 0.000802 0.003170 0.000380 0.000001 0.000029 0.000029 0.000008 0.000049 0.000263 0.000009 0.004495 0.000060 0.000036
0.699634 0.000001 0.000105 0.000026 0.000005 0.000003 0.000005 0.000003 0.000003 0.000059 0.000003 0.000004 0.000001 0.000011 0.133436 0.000002 0.141776 0.000001 0.000002 0.000301 0.012427 0.000985 0.000001 0.000016 0.000034 0.000004 0.000018 0.000133 0.000004 0.010865 0.000097 0.000036
0.722015 0.000000 0.000000 0.000001 0.000000 0.000000 0.000000 0.000000 0.000000 0.000004 0.000000 0.000000 0.000000 0.000001 0.000239 0.000000 0.250706 0.000000 0.000000 0.000073 0.008581 0.000329 0.000000 0.000000 0.000001 0.000000 0.000000 0.000026 0.000000 0.018012 0.000008 0.000002
0.519514 0.000007 0.000099 0.000226 0.000029 0.000022 0.000012 0.000011 0.000008 0.000133 0.000010 0.000011 0.000005 0.000035 0.177156 0.000011 0.218433 0.000003 0.000015 0.000649 0.022178 0.001712 0.000003 0.000086 0.000062 0.000016 0.000088 0.000585 0.000011 0.058384 0.000203 0.000286
0.667730 0.000008 0.000258 0.000455 0.000040 0.000059 0.000025 0.000013 0.000015 0.000127 0.000024 0.000012 0.000013 0.000062 0.018771 0.000012 0.203409 0.000021 0.000013 0.001570 0.027817 0.003539 0.000005 0.000097 0.000088 0.000022 0.000169 0.000457 0.000012 0.074146 0.000865 0.000146
0.795699 0.000000 0.000005 0.000002 0.000000 0.000000 0.000000 0.000000 0.000000 0.000004 0.000000 0.000000 0.000000 0.000001 0.011620 0.000000 0.182134 0.000000 0.000000 0.000043 0.004822 0.000207 0.000000 0.000001 0.000002 0.000000 0.000001 0.000013 0.000000 0.005432 0.000010 0.000002
0.626243 0.004818 0.000218 0.004257 0.000326 0.004243 0.023116 0.002480 0.001931 0.030904 0.000297 0.014022 0.000188 0.001073 0.000582 0.019486 0.154382 0.001159 0.005984 0.004573 0.023311 0.012029 0.010548 0.005443 0.001084 0.000649 0.000770 0.020542 0.000209 0.020177 0.001829 0.003125
0.641995 0.000058 0.000118 0.000165 0.000059 0.000269 0.000062 0.000052 0.000199 0.001624 0.000869 0.000023 0.000121 0.000660 0.004870 0.000027 0.004687 0.000117 0.000073 0.276888 0.002767 0.047980 0.000023 0.000136 0.002010 0.000052 0.000153 0.000438 0.000045 0.008826 0.004194 0.000440
0.760936 0.000002 0.000001 0.001124 0.000005 0.000010 0.000007 0.000007 0.000015 0.000268 0.000022 0.000012 0.000063 0.000009 0.000617 0.000010 0.000371 0.000007 0.000030 0.224745 0.000441 0.007235 0.000008 0.000119 0.000099 0.000023 0.000137 0.000891 0.000007 0.001834 0.000152 0.000794
0.761104 0.000013 0.000083 0.000254 0.000015 0.000088 0.000020 0.000014 0.000063 0.000488 0.000180 0.000012 0.000062 0.000112 0.005267 0.000008 0.003442 0.000034 0.000025 0.202834 0.001643 0.016826 0.000007 0.000069 0.000790 0.000015 0.000047 0.000222 0.000010 0.004882 0.001178 0.000191
0.649720 0.000149 0.000322 0.000298 0.000252 0.000764 0.000113 0.000094 0.000733 0.003356 0.001687 0.000061 0.000232 0.001587 0.006760 0.000043 0.004433 0.000258 0.000146 0.194010 0.001999 0.112363 0.000034 0.000302 0.004192 0.000125 0.000273 0.000902 0.000098 0.009006 0.004989 0.000703
0.456485 0.001205 0.001493 0.007203 0.010983 0.008074 0.002787 0.001208 0.001334 0.034989 0.013124 0.001471 0.001073 0.003461 0.014232 0.000752 0.005689 0.004185 0.001758 0.190835 0.012555 0.115700 0.002191 0.006804 0.002721 0.003018 0.003048 0.019034 0.006146 0.018361 0.043032 0.005047
0.725923 0.000074 0.000137 0.000145 0.000137 0.000353 0.000058 0.000048 0.000405 0.002202 0.001067 0.000035 0.000065 0.000560 0.006937 0.000024 0.002906 0.000100 0.000066 0.180089 0.001065 0.063826 0.000014 0.000200 0.002465 0.000062 0.000192 0.000669 0.000043 0.006598 0.003134 0.000400
0.719050 0.000067 0.000161 0.000588 0.000113 0.000379 0.000151 0.000070 0.000162 0.002133 0.000609 0.000031 0.000167 0.001251 0.006272 0.000052 0.009213 0.000272 0.000148 0.173913 0.006663 0.051298 0.000069 0.000181 0.001726 0.000146 0.000169 0.000635 0.000081 0.015515 0.007858 0.000854
0.372714 0.029576 0.000412 0.001349 0.000976 0.000961 0.075799 0.004865 0.002961 0.022967 0.009388 0.015749 0.000315 0.006493 0.002980 0.008637 0.007998 0.009296 0.001824 0.148980 0.078247 0.053514 0.009691 0.003553 0.001630 0.013452 0.007360 0.010823 0.003896 0.036583 0.053528 0.003482
0.691361 0.000295 0.000418 0.009360 0.006548 0.012152 0.001367 0.000351 0.000259 0.007641 0.004395 0.000444 0.000420 0.000815 0.004550 0.000339 0.001665 0.002603 0.000792 0.144379 0.009845 0.040040 0.000326 0.001563 0.000909 0.004062 0.000754 0.006645 0.003252 0.006005 0.034899 0.001542
0.773919 0.000070 0.000132 0.000205 0.000072 0.000255 0.000062 0.000030 0.000399 0.001363 0.000538 0.000023 0.000315 0.000870 0.003424 0.000019 0.004897 0.000132 0.000093 0.140169 0.001576 0.059684 0.000018 0.000167 0.002388 0.000037 0.000068 0.000356 0.000028 0.006167 0.002022 0.000503
0.870501 0.000003 0.000001 0.003287 0.000008 0.000027 0.000012 0.000015 0.000029 0.000298 0.000030 0.000021 0.000106 0.000008 0.000600 0.000017 0.000272 0.000010 0.000032 0.115926 0.000528 0.004116 0.000012 0.000162 0.000096 0.000024 0.000283 0.001130 0.000007 0.001309 0.000071 0.001062
0.606939 0.003907 0.000545 0.000257 0.000321 0.000478 0.008053 0.002177 0.002220 0.010398 0.005851 0.005805 0.000094 0.000999 0.001128 0.005571 0.014871 0.000861 0.000557 0.046453 0.218177 0.012768 0.001477 0.003982 0.000928 0.001564 0.006846 0.007741 0.001594 0.016037 0.010071 0.001331
0.387363 0.015531 0.001719 0.001381 0.003210 0.001260 0.045935 0.006703 0.006332 0.023795 0.009471 0.026022 0.000460 0.004822 0.003736 0.011894 0.022233 0.007151 0.002441 0.089520 0.156040 0.031685 0.015185 0.007403 0.002409 0.009301 0.018049 0.014568 0.005189 0.037232 0.027426 0.004536
0.756741 0.001327 0.000362 0.000138 0.000134 0.000256 0.002642 0.000883 0.001094 0.006470 0.002062 0.002599 0.000028 0.000345 0.000781 0.003818 0.016257 0.000258 0.000272 0.021008 0.149697 0.005912 0.000371 0.002736 0.000495 0.000653 0.002426 0.005252 0.000697 0.010188 0.003458 0.000639
0.496157 0.017050 0.002208 0.000572 0.001179 0.001250 0.019363 0.006477 0.004288 0.033654 0.007439 0.014056 0.000302 0.002647 0.004886 0.012467 0.035102 0.002144 0.003915 0.085325 0.115868 0.035783 0.003893 0.005378 0.002477 0.003332 0.005730 0.019902 0.002628 0.034858 0.016929 0.002744
0.707404 0.005321 0.000734 0.000487 0.000372 0.000693 0.012419 0.002797 0.001920 0.007058 0.005702 0.020002 0.000110 0.000755 0.001215 0.006612 0.017804 0.001003 0.000705 0.023365 0.111107 0.013713 0.001343 0.004024 0.001270 0.003496 0.012286 0.009339 0.001763 0.011627 0.012002 0.001551
0.431722 0.000298 0.000028 0.009256 0.000119 0.002054 0.000131 0.000027 0.000057 0.007471 0.000106 0.000013 0.000108 0.001048 0.000868 0.000078 0.000776 0.004743 0.000433 0.001350 0.000922 0.483519 0.000011 0.000189 0.002765 0.002282 0.000260 0.016230 0.000026 0.002766 0.029368 0.000975
0.386411 0.003711 0.001293 0.004634 0.003075 0.002717 0.001798 0.000718 0.005012 0.037288 0.004149 0.000844 0.002788 0.027460 0.009329 0.000535 0.006558 0.003317 0.002721 0.074742 0.004346 0.342593 0.000595 0.004525 0.015795 0.000834 0.000547 0.012795 0.000687 0.018427 0.013209 0.006552
0.534777 0.000769 0.000344 0.000475 0.000987 0.000992 0.000315 0.000305 0.001890 0.009310 0.003368 0.000224 0.000280 0.002968 0.006257 0.000098 0.003536 0.000549 0.000364 0.075958 0.002354 0.323703 0.000066 0.000486 0.005585 0.000516 0.000722 0.001964 0.000482 0.009523 0.009782 0.001053
0.586523 0.000248 0.000172 0.000170 0.000397 0.000491 0.000110 0.000101 0.000725 0.003970 0.001908 0.000069 0.000133 0.001698 0.004414 0.000027 0.002551 0.000232 0.000146 0.068060 0.001494 0.306089 0.000019 0.000205 0.004193 0.000225 0.000368 0.000801 0.000169 0.006884 0.006941 0.000469
0.576153 0.000896 0.000295 0.021305 0.001629 0.001889 0.002779 0.000894 0.003629 0.013922 0.000960 0.006370 0.000286 0.000988 0.003527 0.000652 0.005983 0.000774 0.000819 0.055703 0.002960 0.240335 0.000864 0.004521 0.000996 0.000529 0.000508 0.027613 0.000265 0.009818 0.007908 0.004226
0.757831 0.000013 0.000004 0.000329 0.000010 0.000008 0.000009 0.000004 0.000061 0.000457 0.000019 0.000003 0.000006 0.000047 0.000507 0.000005 0.000440 0.000015 0.000010 0.001620 0.000168 0.237073 0.000002 0.000090 0.000087 0.000006 0.000013 0.000070 0.000002 0.000629 0.000412 0.000050
0.767191 0.000016 0.000006 0.000124 0.000004 0.000007 0.000006 0.000002 0.000080 0.000391 0.000017 0.000001 0.000004 0.000085 0.000300 0.000004 0.000310 0.000010 0.000007 0.001255 0.000086 0.229067 0.000001 0.000047 0.000082 0.000002 0.000006 0.000049 0.000001 0.000470 0.000337 0.000030
0.794810 0.000016 0.000005 0.000080 0.000003 0.000006 0.000004 0.000002 0.000081 0.000350 0.000018 0.000001 0.000003 0.000081 0.000228 0.000003 0.000228 0.000008 0.000006 0.001130 0.000062 0.201968 0.000001 0.000032 0.000064 0.000001 0.000004 0.000038 0.000001 0.000448 0.000295 0.000023
0.740910 0.001040 0.000127 0.014161 0.000622 0.000722 0.001577 0.000269 0.001599 0.025037 0.000251 0.001136 0.000206 0.001760 0.002618 0.000322 0.001392 0.000788 0.000402 0.032429 0.000866 0.122777 0.000234 0.001682 0.001569 0.000241 0.000108 0.036367 0.000105 0.003772 0.002877 0.002034
0.456485 0.001205 0.001493 0.007203 0.010983 0.008074 0.002787 0.001208 0.001334 0.034989 0.013124 0.001471 0.001073 0.003461 0.014232 0.000752 0.005689 0.004185 0.001758 0.190835 0.012555 0.115700 0.002191 0.006804 0.002721 0.003018 0.003048 0.019034 0.006146 0.018361 0.043032 0.005047
0.649720 0.000149 0.000322 0.000298 0.000252 0.000764 0.000113 0.000094 0.000733 0.003356 0.001687 0.000061 0.000232 0.001587 0.006760 0.000043 0.004433 0.000258 0.000146 0.194010 0.001999 0.112363 0.000034 0.000302 0.004192 0.000125 0.000273 0.000902 0.000098 0.009006 0.004989 0.000703
0.458557 0.000014 0.000087 0.000121 0.000032 0.000030 0.000084 0.000028 0.000035 0.000391 0.000039 0.000029 0.000006 0.000057 0.053026 0.000031 0.174070 0.000024 0.000034 0.005998 0.085793 0.015348 0.000010 0.000103 0.000150 0.000146 0.000260 0.000953 0.000046 0.200535 0.003689 0.000276
0.413336 0.004455 0.003801 0.014499 0.012838 0.008769 0.006745 0.003308 0.006669 0.015874 0.013959 0.003136 0.004612 0.017986 0.008759 0.006711 0.067810 0.020498 0.013445 0.040942 0.034256 0.036926 0.002097 0.011800 0.023467 0.009177 0.006046 0.020790 0.005877 0.032186 0.119150 0.010078
