0.418770 0.032921 0.000455 0.002262 0.000705 0.000773 0.209365 0.005136 0.004790 0.028341 0.003443 0.017851 0.000113 0.004126 0.001603 0.045940 0.008086 0.011672 0.002468 0.053736 0.034070 0.037486 0.007644 0.004428 0.001228 0.006462 0.004165 0.010973 0.001590 0.015746 0.019492 0.004162
0.418899 0.063038 0.000889 0.003606 0.001023 0.003617 0.186698 0.006764 0.008992 0.021806 0.010896 0.012738 0.000604 0.008824 0.001648 0.028182 0.005734 0.018469 0.005227 0.055648 0.016626 0.040061 0.005865 0.002389 0.002463 0.008938 0.005953 0.006109 0.002059 0.011703 0.029875 0.004659
0.465583 0.036406 0.000571 0.001306 0.000821 0.000819 0.141114 0.005087 0.003765 0.032767 0.006235 0.016124 0.000201 0.006928 0.002436 0.025230 0.006421 0.011356 0.001998 0.084337 0.030115 0.038503 0.006151 0.002877 0.001436 0.008986 0.005571 0.009700 0.002600 0.018028 0.023175 0.003357
0.501558 0.048384 0.000268 0.002399 0.000542 0.000835 0.110389 0.003064 0.003527 0.016605 0.006306 0.008746 0.000937 0.018887 0.001279 0.006480 0.003918 0.018366 0.001412 0.083993 0.021234 0.048980 0.005296 0.002168 0.002093 0.014230 0.006642 0.005625 0.002423 0.014985 0.035691 0.002741
0.257271 0.006188 0.003935 0.007946 0.069146 0.001764 0.013369 0.002623 0.024072 0.202289 0.001343 0.003982 0.000458 0.003582 0.019991 0.009632 0.032290 0.004904 0.016767 0.074340 0.020870 0.102310 0.006717 0.010129 0.002967 0.003925 0.000875 0.027440 0.001454 0.042892 0.013834 0.010694
0.625078 0.000475 0.000032 0.000130 0.000044 0.000025 0.006656 0.000623 0.000199 0.122926 0.000030 0.002100 0.000003 0.000116 0.000779 0.033176 0.100004 0.000290 0.000453 0.010408 0.053232 0.005659 0.000331 0.001171 0.000185 0.000271 0.000156 0.007001 0.000073 0.026860 0.000900 0.000614
0.402185 0.000378 0.000368 0.003309 0.017820 0.000680 0.001118 0.000608 0.000410 0.014209 0.003312 0.000677 0.000435 0.001406 0.012747 0.003971 0.173744 0.000907 0.001614 0.003256 0.056410 0.005156 0.000306 0.114563 0.001117 0.001329 0.001172 0.011963 0.000944 0.153160 0.008148 0.002575
0.675469 0.000540 0.000319 0.000112 0.000152 0.000108 0.003337 0.000935 0.000833 0.052620 0.000171 0.002059 0.000009 0.000218 0.004177 0.010500 0.107898 0.000133 0.001321 0.014733 0.068208 0.009268 0.000154 0.003947 0.000639 0.000236 0.000371 0.004649 0.000143 0.035204 0.000815 0.000723
0.625078 0.000475 0.000032 0.000130 0.000044 0.000025 0.006656 0.000623 0.000199 0.122926 0.000030 0.002100 0.000003 0.000116 0.000779 0.033176 0.100004 0.000290 0.000453 0.010408 0.053232 0.005659 0.000331 0.001171 0.000185 0.000271 0.000156 0.007001 0.000073 0.026860 0.000900 0.000614
0.493135 0.002263 0.002834 0.039157 0.012301 0.010513 0.004654 0.002413 0.005996 0.062894 0.001886 0.002899 0.002449 0.004459 0.010742 0.007466 0.017479 0.004602 0.140374 0.025119 0.008012 0.043591 0.004090 0.022013 0.003634 0.001209 0.000528 0.008442 0.001120 0.027482 0.008023 0.018221
0.573304 0.000590 0.000393 0.004001 0.001091 0.001727 0.000707 0.000294 0.000771 0.007610 0.002365 0.000280 0.000092 0.000363 0.005106 0.000486 0.001903 0.001195 0.000274 0.231608 0.009392 0.109476 0.000244 0.000864 0.000623 0.001557 0.001305 0.006696 0.003235 0.014658 0.016864 0.000926
0.404054 0.000987 0.002293 0.009604 0.011124 0.005172 0.001965 0.000960 0.001449 0.026775 0.005396 0.001091 0.000667 0.002438 0.026084 0.000665 0.006967 0.003676 0.001665 0.212587 0.013525 0.165551 0.002223 0.004563 0.002907 0.002385 0.002185 0.014613 0.005322 0.024868 0.032773 0.003463
0.360968 0.001557 0.002846 0.015357 0.013922 0.007343 0.003127 0.001408 0.002588 0.024783 0.006321 0.002098 0.000759 0.003247 0.020140 0.001096 0.009186 0.005153 0.002506 0.198257 0.016931 0.165103 0.002385 0.004935 0.003359 0.003530 0.002192 0.021817 0.003943 0.025661 0.062594 0.004890
0.625814 0.000461 0.000896 0.008115 0.002471 0.001068 0.001199 0.000493 0.001322 0.006514 0.003045 0.001848 0.000081 0.000328 0.007231 0.000463 0.002919 0.001221 0.000266 0.195111 0.006787 0.093318 0.000510 0.001335 0.000529 0.001227 0.001688 0.006041 0.001001 0.015622 0.010302 0.000777
0.185756 0.009546 0.001154 0.012993 0.028763 0.004718 0.006254 0.001701 0.004232 0.038127 0.024853 0.003079 0.001075 0.003287 0.012009 0.002017 0.010743 0.004177 0.002559 0.190855 0.032876 0.132980 0.009158 0.007144 0.003831 0.007473 0.007006 0.028430 0.009566 0.036408 0.171950 0.005278
0.294818 0.008962 0.000705 0.008803 0.008303 0.002878 0.010354 0.002820 0.009355 0.046831 0.004902 0.002635 0.000296 0.003159 0.010330 0.013832 0.013232 0.005527 0.004734 0.185828 0.027753 0.188950 0.007715 0.006554 0.003694 0.009175 0.007652 0.019987 0.011230 0.057309 0.014018 0.007656
0.151813 0.009381 0.004977 0.019153 0.039912 0.015978 0.012501 0.006866 0.013727 0.026912 0.026452 0.005731 0.002121 0.005591 0.012714 0.004194 0.013357 0.015872 0.003060 0.176677 0.026254 0.086084 0.011731 0.012544 0.003889 0.025068 0.014056 0.036408 0.022347 0.033675 0.152718 0.008239
0.575426 0.000658 0.000229 0.009745 0.001758 0.001898 0.000462 0.000259 0.000470 0.016664 0.002640 0.000234 0.000100 0.000473 0.007321 0.000887 0.004180 0.000905 0.000572 0.176296 0.016848 0.112332 0.000495 0.001846 0.000881 0.001317 0.002229 0.012311 0.003608 0.025073 0.019686 0.002201
0.477578 0.000903 0.004102 0.007389 0.016193 0.007937 0.001298 0.000849 0.002483 0.028490 0.006703 0.000489 0.001362 0.003098 0.021379 0.000518 0.003645 0.003996 0.001559 0.169138 0.009643 0.161110 0.000930 0.003299 0.001819 0.001734 0.002055 0.007433 0.008141 0.020649 0.021298 0.002781
0.268500 0.011702 0.001464 0.005950 0.004953 0.003963 0.031595 0.004085 0.004143 0.028778 0.007378 0.009025 0.001008 0.007981 0.009263 0.003898 0.008426 0.020454 0.003836 0.162140 0.030782 0.160111 0.006438 0.006587 0.002903 0.012230 0.005615 0.026230 0.006717 0.028885 0.108588 0.006374
0.217862 0.004254 0.009003 0.021784 0.023110 0.017820 0.007215 0.003814 0.005726 0.057944 0.011861 0.004079 0.001944 0.011447 0.042222 0.002488 0.014225 0.009085 0.005243 0.161290 0.013036 0.169099 0.005602 0.010615 0.006884 0.006253 0.002296 0.032987 0.010551 0.026472 0.074164 0.009622
0.330357 0.002614 0.004010 0.006045 0.016601 0.010518 0.004368 0.002432 0.002444 0.043774 0.026572 0.001916 0.002403 0.004749 0.049034 0.001659 0.018794 0.002163 0.004314 0.160784 0.023787 0.101680 0.002690 0.008003 0.006034 0.006044 0.006139 0.018993 0.015961 0.060008 0.048954 0.006155
0.595186 0.001250 0.001234 0.014503 0.003402 0.004644 0.000837 0.000607 0.002481 0.015066 0.011104 0.000430 0.000998 0.001729 0.006453 0.000910 0.003082 0.002284 0.000835 0.157690 0.006250 0.110928 0.001273 0.003002 0.001637 0.001330 0.005280 0.006994 0.005464 0.014766 0.014234 0.004117
0.511553 0.005527 0.000365 0.014852 0.003837 0.003437 0.002869 0.001777 0.003002 0.013842 0.009554 0.001640 0.000540 0.000981 0.002441 0.004996 0.004140 0.005317 0.001889 0.155768 0.017910 0.110491 0.009413 0.002570 0.001222 0.005594 0.012885 0.010039 0.048290 0.015362 0.014753 0.003144
0.569130 0.001914 0.001485 0.010147 0.003775 0.002422 0.001103 0.000608 0.003111 0.014322 0.014319 0.000547 0.000825 0.002022 0.004372 0.000927 0.002646 0.003726 0.000652 0.149842 0.007830 0.140970 0.001395 0.002282 0.001387 0.001598 0.007852 0.007628 0.005760 0.012389 0.020479 0.002531
0.253473 0.005198 0.003932 0.015951 0.027573 0.012963 0.004392 0.001602 0.003011 0.054581 0.017251 0.002003 0.001776 0.005251 0.022014 0.002024 0.012319 0.003425 0.005212 0.147983 0.025250 0.138586 0.005239 0.008449 0.004149 0.007309 0.004914 0.039053 0.013495 0.037274 0.108424 0.005923
0.571181 0.001224 0.002296 0.078570 0.007767 0.014953 0.001751 0.000943 0.002691 0.008477 0.007413 0.000835 0.000712 0.001182 0.009005 0.000883 0.002620 0.002804 0.000625 0.139398 0.004639 0.095487 0.001245 0.003650 0.001435 0.001938 0.002352 0.006924 0.002372 0.011681 0.010449 0.002498
0.517918 0.007672 0.004855 0.021653 0.014479 0.003890 0.007049 0.001918 0.007086 0.015117 0.014187 0.003141 0.000396 0.002117 0.008818 0.002669 0.008000 0.005309 0.001558 0.137959 0.017852 0.082718 0.003853 0.004333 0.002053 0.009307 0.007163 0.012210 0.010480 0.018742 0.042455 0.003044
0.546766 0.000422 0.000541 0.002602 0.001869 0.001575 0.000243 0.000192 0.001006 0.028007 0.002510 0.000088 0.000600 0.001150 0.008332 0.000174 0.001712 0.001637 0.000251 0.129384 0.004773 0.233612 0.000209 0.000806 0.001055 0.000995 0.002471 0.004608 0.003033 0.010682 0.007241 0.001452
0.203657 0.035786 0.001312 0.007265 0.005498 0.004635 0.080490 0.007729 0.005197 0.028100 0.011192 0.020513 0.001629 0.014000 0.005945 0.005897 0.009360 0.024481 0.003427 0.127668 0.047691 0.101921 0.025880 0.008597 0.003030 0.029980 0.011702 0.023246 0.009764 0.031994 0.096283 0.006130
0.459804 0.007889 0.000432 0.003436 0.001045 0.001057 0.007124 0.000812 0.002451 0.023571 0.002107 0.002054 0.002081 0.014159 0.003538 0.001072 0.003160 0.010580 0.001367 0.125017 0.012287 0.240101 0.002122 0.003065 0.003658 0.004882 0.003290 0.010060 0.003137 0.016491 0.025753 0.002398
0.796884 0.000143 0.000124 0.004588 0.000164 0.000351 0.000186 0.000067 0.000871 0.001478 0.000886 0.000061 0.000026 0.000061 0.001298 0.000143 0.000480 0.000262 0.000068 0.118984 0.001443 0.063884 0.000036 0.000300 0.000165 0.000355 0.000727 0.001009 0.000503 0.003214 0.000967 0.000273
0.402183 0.043376 0.000396 0.002472 0.001052 0.001763 0.098949 0.004178 0.003280 0.018116 0.006625 0.014613 0.000674 0.011526 0.002211 0.006537 0.005268 0.015380 0.001797 0.118435 0.037066 0.069585 0.009824 0.002708 0.001876 0.019464 0.009362 0.010871 0.004065 0.019313 0.054098 0.002938
0.371809 0.038128 0.000504 0.002972 0.001283 0.002194 0.076164 0.004407 0.003793 0.020999 0.006647 0.015158 0.000877 0.010861 0.002986 0.006239 0.007437 0.013764 0.002414 0.117944 0.046507 0.098210 0.012721 0.003321 0.002241 0.018068 0.009535 0.012694 0.004168 0.025496 0.056692 0.003767
0.613845 0.003311 0.002754 0.012891 0.014361 0.003230 0.002282 0.000824 0.003694 0.011338 0.018753 0.001133 0.000254 0.001173 0.007096 0.001223 0.005554 0.002416 0.000785 0.117211 0.012075 0.074742 0.001417 0.002611 0.001406 0.005210 0.006443 0.007317 0.007652 0.013808 0.041423 0.001769
0.264528 0.005452 0.015772 0.018119 0.048916 0.033281 0.009899 0.005646 0.006169 0.036985 0.028857 0.004742 0.008072 0.010659 0.055017 0.003930 0.021422 0.006265 0.012883 0.115652 0.022974 0.067822 0.005081 0.013778 0.012571 0.012494 0.005680 0.022271 0.022128 0.045266 0.048263 0.009406
0.338418 0.021318 0.001042 0.005714 0.003887 0.003754 0.049500 0.004582 0.003564 0.023528 0.006484 0.012166 0.000922 0.007824 0.006039 0.005585 0.007446 0.022348 0.003412 0.115312 0.034555 0.103718 0.009135 0.005532 0.002409 0.021023 0.008502 0.025295 0.007883 0.027359 0.107107 0.004635
0.534571 0.001413 0.001543 0.027560 0.009311 0.005779 0.000910 0.000466 0.003202 0.014153 0.005659 0.000211 0.000582 0.001770 0.007842 0.000710 0.001791 0.004004 0.000850 0.115087 0.003533 0.212628 0.000872 0.001606 0.001871 0.002820 0.002835 0.005852 0.005215 0.009572 0.013369 0.002413
0.346920 0.005171 0.000270 0.015406 0.002152 0.007407 0.002324 0.002403 0.000754 0.027362 0.006939 0.002352 0.001075 0.000986 0.043611 0.011904 0.015767 0.000978 0.005315 0.113916 0.050485 0.040052 0.007886 0.006418 0.003685 0.010379 0.031454 0.111392 0.033255 0.056361 0.018482 0.017141
0.799107 0.000328 0.000317 0.010014 0.000754 0.000951 0.000433 0.000191 0.000935 0.003515 0.002138 0.000201 0.000054 0.000190 0.003036 0.000453 0.001274 0.000726 0.000121 0.112327 0.002461 0.043380 0.000139 0.000714 0.000272 0.000689 0.001089 0.002124 0.001198 0.007362 0.002883 0.000625
0.667105 0.004115 0.005523 0.014134 0.008042 0.003590 0.005808 0.001513 0.003968 0.008571 0.011816 0.003016 0.000262 0.001372 0.007823 0.001894 0.007406 0.002699 0.000957 0.111389 0.011041 0.049994 0.001800 0.003542 0.001446 0.005812 0.005400 0.005982 0.006784 0.014973 0.020357 0.001868
0.573168 0.011484 0.000344 0.011682 0.003188 0.004248 0.006429 0.002260 0.002077 0.020629 0.004047 0.002227 0.000406 0.002715 0.003194 0.010227 0.006670 0.006971 0.001359 0.110844 0.014981 0.073358 0.015026 0.004654 0.001842 0.007926 0.008338 0.021180 0.030786 0.024234 0.009684 0.003824
0.500988 0.001717 0.000382 0.003394 0.002568 0.002976 0.007032 0.001756 0.001826 0.034804 0.001519 0.003066 0.000209 0.001233 0.005385 0.003099 0.015611 0.008781 0.001736 0.110542 0.043470 0.071257 0.006451 0.004528 0.001099 0.012212 0.002849 0.050952 0.003056 0.024297 0.067967 0.003239
0.787307 0.000116 0.000159 0.005042 0.000259 0.000238 0.000176 0.000068 0.001077 0.001780 0.000920 0.000072 0.000028 0.000066 0.001782 0.000135 0.000757 0.000238 0.000072 0.109982 0.001403 0.078987 0.000041 0.000398 0.000150 0.000280 0.000786 0.001058 0.000438 0.004899 0.001000 0.000285
0.154619 0.013344 0.003273 0.018973 0.016272 0.023242 0.027467 0.011893 0.008660 0.060943 0.011522 0.018765 0.003464 0.010769 0.021254 0.011006 0.027432 0.012937 0.022574 0.107933 0.039255 0.113774 0.017548 0.019049 0.008497 0.011603 0.005189 0.039527 0.012122 0.054008 0.074259 0.018828
0.605204 0.002467 0.008335 0.019597 0.016797 0.009261 0.006437 0.003009 0.003159 0.010544 0.010237 0.007862 0.000449 0.002155 0.014628 0.002242 0.011191 0.005319 0.001321 0.106957 0.013922 0.043117 0.005258 0.006825 0.002414 0.007946 0.007340 0.015302 0.006964 0.022241 0.017670 0.003832
0.576564 0.013400 0.000335 0.012388 0.003919 0.003937 0.006326 0.002446 0.002565 0.020307 0.004752 0.002824 0.000429 0.002372 0.002559 0.010599 0.006215 0.006337 0.001551 0.103723 0.014486 0.068949 0.019495 0.004971 0.001453 0.007320 0.010083 0.019148 0.036209 0.021242 0.009112 0.003983
0.699761 0.001251 0.000371 0.002431 0.004990 0.001425 0.000728 0.000406 0.001271 0.020745 0.005288 0.000595 0.000347 0.001001 0.001876 0.000778 0.002336 0.001347 0.000402 0.103017 0.007081 0.091621 0.013918 0.003099 0.000532 0.001438 0.003219 0.007453 0.008132 0.007270 0.004483 0.001389
0.422744 0.016440 0.001334 0.011172 0.007256 0.003456 0.008079 0.002693 0.004367 0.034040 0.003346 0.003787 0.001458 0.006176 0.007286 0.008313 0.013139 0.010843 0.004294 0.102936 0.016391 0.146693 0.032901 0.004865 0.004214 0.009009 0.006926 0.032741 0.023093 0.026667 0.017773 0.005567
0.609166 0.001233 0.001488 0.010843 0.027117 0.014309 0.000844 0.000492 0.001149 0.018402 0.011724 0.000239 0.001357 0.002085 0.009734 0.000400 0.002501 0.001606 0.001502 0.101677 0.006207 0.112245 0.000874 0.001986 0.001701 0.002376 0.003355 0.004795 0.008870 0.012573 0.025313 0.001839
0.640147 0.001363 0.000043 0.000245 0.000027 0.000046 0.005727 0.000135 0.001407 0.002305 0.000218 0.000162 0.000075 0.003157 0.000129 0.000663 0.000552 0.012929 0.000262 0.032527 0.002746 0.283424 0.000275 0.000189 0.000448 0.001829 0.001586 0.000769 0.000223 0.002585 0.002603 0.001204
0.510751 0.003026 0.000253 0.003457 0.000629 0.000597 0.001396 0.000284 0.000839 0.005708 0.002746 0.000222 0.000325 0.001705 0.003493 0.000513 0.006757 0.001135 0.000850 0.074383 0.025251 0.281330 0.002446 0.000403 0.004943 0.006696 0.004210 0.012440 0.001992 0.017552 0.021558 0.002109
0.553462 0.002744 0.000166 0.000792 0.001417 0.001001 0.000696 0.000641 0.000833 0.028064 0.001002 0.001045 0.000276 0.001021 0.001593 0.000467 0.003555 0.001558 0.000797 0.058752 0.007434 0.277674 0.018689 0.004743 0.000798 0.001012 0.000881 0.007075 0.002466 0.014132 0.003513 0.001702
0.513830 0.000329 0.000218 0.003256 0.001083 0.000783 0.000315 0.000295 0.001933 0.041010 0.001554 0.000148 0.000626 0.001005 0.009215 0.000370 0.003030 0.001694 0.000271 0.112207 0.005232 0.264136 0.000265 0.001220 0.001152 0.000997 0.002765 0.005237 0.001473 0.017584 0.004105 0.002661
0.541589 0.000316 0.000192 0.002533 0.001046 0.000849 0.000193 0.000139 0.000834 0.035910 0.001589 0.000065 0.000415 0.000904 0.005589 0.000216 0.001590 0.001472 0.000227 0.115500 0.004002 0.256672 0.000194 0.000634 0.000996 0.000951 0.002635 0.004092 0.001582 0.011174 0.004365 0.001534
0.587306 0.000783 0.000247 0.008670 0.001249 0.000278 0.000405 0.000152 0.002697 0.028456 0.001006 0.000154 0.000167 0.000919 0.003843 0.000352 0.002257 0.000940 0.000144 0.079033 0.001820 0.253347 0.000127 0.002136 0.000275 0.000328 0.000357 0.004444 0.000577 0.013475 0.002737 0.001319
0.327589 0.001708 0.011941 0.004191 0.010711 0.002209 0.002224 0.001110 0.002199 0.090787 0.000843 0.001239 0.000320 0.005648 0.063328 0.001888 0.028108 0.003610 0.002524 0.094983 0.013727 0.246368 0.002104 0.006167 0.002809 0.001904 0.000576 0.015492 0.002665 0.033903 0.012281 0.004841
0.537508 0.001229 0.000385 0.005061 0.001547 0.000152 0.000985 0.000278 0.002920 0.087222 0.001610 0.000335 0.000202 0.001861 0.007571 0.000486 0.003748 0.001882 0.000272 0.058561 0.003450 0.244386 0.000292 0.002718 0.000479 0.000615 0.000508 0.006660 0.000528 0.018722 0.005894 0.001932
0.459804 0.007889 0.000432 0.003436 0.001045 0.001057 0.007124 0.000812 0.002451 0.023571 0.002107 0.002054 0.002081 0.014159 0.003538 0.001072 0.003160 0.010580 0.001367 0.125017 0.012287 0.240101 0.002122 0.003065 0.003658 0.004882 0.003290 0.010060 0.003137 0.016491 0.025753 0.002398
0.509332 0.009333 0.000413 0.005020 0.000658 0.001262 0.004786 0.000673 0.001118 0.005454 0.003195 0.000701 0.000623 0.003071 0.003626 0.001464 0.006533 0.004307 0.001328 0.066123 0.022293 0.236296 0.005757 0.000846 0.004207 0.015867 0.006891 0.019718 0.005563 0.019942 0.030790 0.002809
0.562431 0.017748 0.000716 0.002044 0.000693 0.000604 0.008097 0.000409 0.003097 0.013213 0.000925 0.000453 0.001444 0.041597 0.000834 0.001825 0.001416 0.030930 0.000775 0.031705 0.004326 0.234531 0.002049 0.000959 0.002794 0.005985 0.002836 0.005207 0.005891 0.005317 0.007496 0.001653
0.656532 0.000694 0.000145 0.001098 0.000514 0.001904 0.000312 0.000125 0.000323 0.007501 0.000787 0.000107 0.000176 0.000854 0.002506 0.000256 0.004862 0.001012 0.000820 0.022253 0.006336 0.229824 0.000173 0.000902 0.001665 0.001118 0.003210 0.007463 0.000758 0.008003 0.036313 0.001454
0.525936 0.002064 0.002455 0.014706 0.008198 0.001396 0.001616 0.000566 0.004366 0.057641 0.005888 0.000522 0.000761 0.005523 0.013481 0.000605 0.003972 0.003783 0.000819 0.062783 0.006254 0.218445 0.000514 0.004975 0.001226 0.001343 0.001188 0.007260 0.001818 0.022796 0.014297 0.002803
0.534571 0.001413 0.001543 0.027560 0.009311 0.005779 0.000910 0.000466 0.003202 0.014153 0.005659 0.000211 0.000582 0.001770 0.007842 0.000710 0.001791 0.004004 0.000850 0.115087 0.003533 0.212628 0.000872 0.001606 0.001871 0.002820 0.002835 0.005852 0.005215 0.009572 0.013369 0.002413
0.638853 0.000733 0.000344 0.006710 0.000649 0.001442 0.000237 0.000110 0.000315 0.006639 0.002607 0.000069 0.000857 0.001480 0.005293 0.000179 0.002779 0.002206 0.000407 0.054048 0.006024 0.203274 0.000176 0.000633 0.003636 0.001291 0.003210 0.004233 0.002618 0.015059 0.030698 0.003192
0.282197 0.007475 0.005312 0.032289 0.019983 0.008675 0.007227 0.002815 0.005930 0.031385 0.032097 0.004144 0.002383 0.010172 0.023363 0.003304 0.017266 0.006058 0.004280 0.079719 0.018205 0.201621 0.003814 0.018361 0.004989 0.007009 0.008001 0.020787 0.010163 0.055755 0.053827 0.011394
0.351030 0.010048 0.004624 0.021225 0.012682 0.007514 0.004719 0.002283 0.007293 0.030527 0.049647 0.002654 0.003705 0.012688 0.017969 0.002941 0.016582 0.004429 0.003157 0.059604 0.013135 0.195720 0.002279 0.021196 0.004636 0.005077 0.008438 0.022297 0.007773 0.040889 0.043971 0.009267
0.507221 0.012754 0.000932 0.008900 0.002764 0.000954 0.005572 0.001188 0.001855 0.013537 0.001093 0.001968 0.001383 0.006817 0.004281 0.002025 0.004359 0.008421 0.001648 0.065065 0.010079 0.194369 0.035107 0.002120 0.002940 0.012109 0.004632 0.027894 0.030596 0.014498 0.009781 0.003140
0.404104 0.004105 0.002993 0.065818 0.013610 0.007610 0.003516 0.002089 0.008225 0.018212 0.020078 0.002508 0.001533 0.004886 0.015381 0.002557 0.010886 0.003299 0.001952 0.088475 0.009538 0.192749 0.002200 0.010259 0.002658 0.004260 0.007521 0.017312 0.005703 0.031691 0.026567 0.007705
0.294818 0.008962 0.000705 0.008803 0.008303 0.002878 0.010354 0.002820 0.009355 0.046831 0.004902 0.002635 0.000296 0.003159 0.010330 0.013832 0.013232 0.005527 0.004734 0.185828 0.027753 0.188950 0.007715 0.006554 0.003694 0.009175 0.007652 0.019987 0.011230 0.057309 0.014018 0.007656
0.760575 0.000416 0.000086 0.000707 0.000243 0.001665 0.000173 0.000064 0.000205 0.001554 0.000797 0.000040 0.000196 0.000443 0.000537 0.000199 0.001983 0.000904 0.000445 0.009835 0.003119 0.184878 0.000038 0.000603 0.000764 0.001007 0.001933 0.001881 0.000523 0.003164 0.020520 0.000503
0.779962 0.000452 0.000017 0.000121 0.000012 0.000010 0.001126 0.000030 0.000557 0.001337 0.000051 0.000034 0.000113 0.005723 0.000055 0.000096 0.000258 0.006466 0.000071 0.016488 0.000802 0.181272 0.000068 0.000084 0.000657 0.000750 0.000379 0.000327 0.000096 0.001064 0.001227 0.000295
0.771536 0.002669 0.000089 0.000686 0.000210 0.000113 0.000709 0.000079 0.000415 0.003760 0.000166 0.000136 0.000594 0.004845 0.000312 0.000124 0.000577 0.004869 0.000158 0.011539 0.001704 0.179083 0.003450 0.000574 0.000468 0.001853 0.000908 0.001367 0.002824 0.002392 0.001222 0.000568
0.616230 0.010735 0.000292 0.002381 0.002519 0.000626 0.003645 0.000935 0.001469 0.016617 0.000894 0.001215 0.000855 0.003867 0.001032 0.001473 0.001994 0.009604 0.000928 0.035463 0.005986 0.174397 0.060261 0.002518 0.000881 0.004549 0.002990 0.008704 0.015311 0.006646 0.002981 0.002002
0.367067 0.042219 0.001424 0.008640 0.005354 0.003027 0.009672 0.001565 0.004244 0.031171 0.010424 0.001935 0.002099 0.010397 0.007004 0.005022 0.015526 0.005877 0.006715 0.079802 0.044463 0.172009 0.016145 0.002574 0.008229 0.012585 0.012972 0.025242 0.012302 0.028764 0.039248 0.006280
0.217862 0.004254 0.009003 0.021784 0.023110 0.017820 0.007215 0.003814 0.005726 0.057944 0.011861 0.004079 0.001944 0.011447 0.042222 0.002488 0.014225 0.009085 0.005243 0.161290 0.013036 0.169099 0.005602 0.010615 0.006884 0.006253 0.002296 0.032987 0.010551 0.026472 0.074164 0.009622
0.404054 0.000987 0.002293 0.009604 0.011124 0.005172 0.001965 0.000960 0.001449 0.026775 0.005396 0.001091 0.000667 0.002438 0.026084 0.000665 0.006967 0.003676 0.001665 0.212587 0.013525 0.165551 0.002223 0.004563 0.002907 0.002385 0.002185 0.014613 0.005322 0.024868 0.032773 0.003463
0.360968 0.001557 0.002846 0.015357 0.013922 0.007343 0.003127 0.001408 0.002588 0.024783 0.006321 0.002098 0.000759 0.003247 0.020140 0.001096 0.009186 0.005153 0.002506 0.198257 0.016931 0.165103 0.002385 0.004935 0.003359 0.003530 0.002192 0.021817 0.003943 0.025661 0.062594 0.004890
0.477578 0.000903 0.004102 0.007389 0.016193 0.007937 0.001298 0.000849 0.002483 0.028490 0.006703 0.000489 0.001362 0.003098 0.021379 0.000518 0.003645 0.003996 0.001559 0.169138 0.009643 0.161110 0.000930 0.003299 0.001819 0.001734 0.002055 0.007433 0.008141 0.020649 0.021298 0.002781
0.268500 0.011702 0.001464 0.005950 0.004953 0.003963 0.031595 0.004085 0.004143 0.028778 0.007378 0.009025 0.001008 0.007981 0.009263 0.003898 0.008426 0.020454 0.003836 0.162140 0.030782 0.160111 0.006438 0.006587 0.002903 0.012230 0.005615 0.026230 0.006717 0.028885 0.108588 0.006374
0.728676 0.000209 0.000970 0.004906 0.001761 0.000464 0.000380 0.000254 0.000321 0.008308 0.001260 0.000283 0.000286 0.001591 0.008300 0.000697 0.004578 0.001063 0.000269 0.036484 0.010087 0.156195 0.002328 0.002553 0.000600 0.001207 0.005556 0.002870 0.004798 0.009012 0.001956 0.001779
0.803380 0.000277 0.000196 0.001093 0.000182 0.000062 0.000333 0.000046 0.000198 0.002779 0.000139 0.000079 0.000317 0.006441 0.001453 0.000068 0.001179 0.001162 0.000063 0.016546 0.001457 0.151289 0.000163 0.000552 0.000937 0.000864 0.000550 0.001437 0.000924 0.003685 0.001703 0.000447
0.606829 0.011261 0.000488 0.002444 0.000922 0.000534 0.008880 0.000616 0.002539 0.023306 0.001199 0.000952 0.001418 0.027802 0.003051 0.001404 0.002305 0.012612 0.000940 0.078068 0.007852 0.149463 0.001273 0.001940 0.003843 0.004996 0.001845 0.007451 0.003536 0.012591 0.015813 0.001826
0.422744 0.016440 0.001334 0.011172 0.007256 0.003456 0.008079 0.002693 0.004367 0.034040 0.003346 0.003787 0.001458 0.006176 0.007286 0.008313 0.013139 0.010843 0.004294 0.102936 0.016391 0.146693 0.032901 0.004865 0.004214 0.009009 0.006926 0.032741 0.023093 0.026667 0.017773 0.005567
0.300227 0.004609 0.002975 0.022798 0.021321 0.007891 0.007343 0.003467 0.005141 0.049032 0.009397 0.005380 0.001566 0.007795 0.029745 0.003073 0.026321 0.005859 0.007336 0.093082 0.026719 0.145494 0.008397 0.024393 0.007248 0.005575 0.003287 0.030729 0.005901 0.060205 0.055202 0.012493
0.842701 0.000076 0.000044 0.000323 0.000055 0.000015 0.000070 0.000006 0.000037 0.000547 0.000016 0.000012 0.000043 0.001336 0.000375 0.000008 0.000291 0.000352 0.000014 0.006746 0.000413 0.143656 0.000058 0.000085 0.000167 0.000280 0.000093 0.000435 0.000201 0.001018 0.000416 0.000111
0.569130 0.001914 0.001485 0.010147 0.003775 0.002422 0.001103 0.000608 0.003111 0.014322 0.014319 0.000547 0.000825 0.002022 0.004372 0.000927 0.002646 0.003726 0.000652 0.149842 0.007830 0.140970 0.001395 0.002282 0.001387 0.001598 0.007852 0.007628 0.005760 0.012389 0.020479 0.002531
0.253473 0.005198 0.003932 0.015951 0.027573 0.012963 0.004392 0.001602 0.003011 0.054581 0.017251 0.002003 0.001776 0.005251 0.022014 0.002024 0.012319 0.003425 0.005212 0.147983 0.025250 0.138586 0.005239 0.008449 0.004149 0.007309 0.004914 0.039053 0.013495 0.037274 0.108424 0.005923
0.372139 0.002270 0.002304 0.011985 0.005087 0.021661 0.001351 0.000555 0.000592 0.012602 0.004477 0.000371 0.001678 0.006417 0.010881 0.000599 0.011630 0.006567 0.005388 0.027192 0.015430 0.137964 0.000435 0.002069 0.007581 0.006952 0.004802 0.013888 0.004217 0.019472 0.277696 0.003747
0.624762 0.001851 0.001355 0.005875 0.022846 0.014794 0.000510 0.000296 0.000911 0.013225 0.019292 0.000129 0.004202 0.002606 0.006771 0.000300 0.001895 0.001462 0.001332 0.078458 0.005122 0.135764 0.000440 0.001400 0.002602 0.001988 0.005023 0.002710 0.011219 0.009591 0.019557 0.001708
0.759343 0.002251 0.000043 0.000254 0.000049 0.000048 0.015712 0.000358 0.002092 0.006193 0.000477 0.000594 0.000056 0.002695 0.000286 0.001952 0.000953 0.005264 0.000293 0.048803 0.004771 0.134922 0.000458 0.000418 0.000310 0.001111 0.000728 0.001284 0.000168 0.004252 0.002889 0.000973
0.185756 0.009546 0.001154 0.012993 0.028763 0.004718 0.006254 0.001701 0.004232 0.038127 0.024853 0.003079 0.001075 0.003287 0.012009 0.002017 0.010743 0.004177 0.002559 0.190855 0.032876 0.132980 0.009158 0.007144 0.003831 0.007473 0.007006 0.028430 0.009566 0.036408 0.171950 0.005278
0.849201 0.000094 0.000018 0.000137 0.000017 0.000006 0.000093 0.000006 0.000080 0.000906 0.000022 0.000010 0.000106 0.004680 0.000200 0.000010 0.000343 0.000468 0.000017 0.007427 0.000341 0.132684 0.000016 0.000116 0.000529 0.000171 0.000089 0.000311 0.000088 0.001130 0.000588 0.000095
0.707416 0.000526 0.002288 0.005752 0.004400 0.001091 0.000801 0.000467 0.000622 0.012787 0.003453 0.000496 0.000429 0.002871 0.009645 0.001001 0.006159 0.001524 0.000347 0.048334 0.009806 0.127698 0.004956 0.004535 0.000952 0.002045 0.008413 0.004790 0.010709 0.010115 0.003078 0.002499
0.849926 0.000720 0.000066 0.000513 0.000060 0.000027 0.000353 0.000028 0.000117 0.000517 0.000053 0.000040 0.000107 0.001566 0.000142 0.000050 0.000286 0.002064 0.000049 0.008919 0.000741 0.126836 0.000427 0.000099 0.000353 0.001361 0.000849 0.001122 0.000452 0.000928 0.000867 0.000363
0.861901 0.000082 0.000011 0.000073 0.000007 0.000004 0.000054 0.000003 0.000038 0.000449 0.000009 0.000004 0.000047 0.002677 0.000065 0.000005 0.000117 0.000594 0.000011 0.005379 0.000172 0.126756 0.000015 0.000034 0.000293 0.000144 0.000067 0.000162 0.000067 0.000398 0.000306 0.000060
0.864217 0.000080 0.000019 0.000268 0.000062 0.000011 0.000065 0.000006 0.000033 0.000546 0.000012 0.000010 0.000023 0.000611 0.000286 0.000009 0.000150 0.000333 0.000013 0.006232 0.000397 0.124063 0.000094 0.000054 0.000084 0.000365 0.000072 0.000452 0.000225 0.000846 0.000266 0.000097
0.783163 0.007896 0.000335 0.001051 0.000146 0.000137 0.005404 0.000192 0.001253 0.002182 0.000293 0.000242 0.000863 0.013656 0.000162 0.000459 0.000800 0.024681 0.000257 0.019385 0.002058 0.119721 0.001322 0.000322 0.001240 0.002881 0.002210 0.001276 0.001105 0.001616 0.002675 0.001018
0.748232 0.001826 0.000926 0.004987 0.000746 0.000328 0.001331 0.000231 0.001136 0.009275 0.000531 0.000452 0.002840 0.021489 0.004541 0.000279 0.003512 0.003615 0.000372 0.031537 0.004168 0.118676 0.000856 0.002105 0.005131 0.002464 0.001304 0.005866 0.002442 0.011268 0.005883 0.001652
0.404536 0.017100 0.002377 0.013926 0.036981 0.006515 0.007804 0.005720 0.014424 0.043226 0.011827 0.003035 0.003477 0.004363 0.019697 0.005399 0.018388 0.004739 0.026271 0.094961 0.026154 0.117687 0.003373 0.006820 0.011767 0.005935 0.003634 0.010321 0.006326 0.036817 0.015453 0.010947
0.154619 0.013344 0.003273 0.018973 0.016272 0.023242 0.027467 0.011893 0.008660 0.060943 0.011522 0.018765 0.003464 0.010769 0.021254 0.011006 0.027432 0.012937 0.022574 0.107933 0.039255 0.113774 0.017548 0.019049 0.008497 0.011603 0.005189 0.039527 0.012122 0.054008 0.074259 0.018828
0.575426 0.000658 0.000229 0.009745 0.001758 0.001898 0.000462 0.000259 0.000470 0.016664 0.002640 0.000234 0.000100 0.000473 0.007321 0.000887 0.004180 0.000905 0.000572 0.176296 0.016848 0.112332 0.000495 0.001846 0.000881 0.001317 0.002229 0.012311 0.003608 0.025073 0.019686 0.002201
0.595186 0.001250 0.001234 0.014503 0.003402 0.004644 0.000837 0.000607 0.002481 0.015066 0.011104 0.000430 0.000998 0.001729 0.006453 0.000910 0.003082 0.002284 0.000835 0.157690 0.006250 0.110928 0.001273 0.003002 0.001637 0.001330 0.005280 0.006994 0.005464 0.014766 0.014234 0.004117
0.511553 0.005527 0.000365 0.014852 0.003837 0.003437 0.002869 0.001777 0.003002 0.013842 0.009554 0.001640 0.000540 0.000981 0.002441 0.004996 0.004140 0.005317 0.001889 0.155768 0.017910 0.110491 0.009413 0.002570 0.001222 0.005594 0.012885 0.010039 0.048290 0.015362 0.014753 0.003144
0.843870 0.001645 0.000172 0.001429 0.000417 0.000112 0.000656 0.000076 0.000254 0.002732 0.000090 0.000104 0.000399 0.002966 0.000558 0.000125 0.000515 0.002801 0.000136 0.013036 0.001412 0.109513 0.004126 0.000323 0.000453 0.001817 0.000509 0.002587 0.003446 0.002092 0.001096 0.000534
0.573304 0.000590 0.000393 0.004001 0.001091 0.001727 0.000707 0.000294 0.000771 0.007610 0.002365 0.000280 0.000092 0.000363 0.005106 0.000486 0.001903 0.001195 0.000274 0.231608 0.009392 0.109476 0.000244 0.000864 0.000623 0.001557 0.001305 0.006696 0.003235 0.014658 0.016864 0.000926
0.658474 0.000796 0.003492 0.006349 0.008731 0.002442 0.001315 0.000747 0.001110 0.018277 0.008208 0.000736 0.000370 0.003414 0.010470 0.001003 0.007190 0.001562 0.000413 0.081284 0.009003 0.107801 0.005258 0.005067 0.001349 0.002710 0.007552 0.008338 0.015415 0.012717 0.005644 0.002761
0.530365 0.000899 0.015892 0.004939 0.010369 0.001836 0.001641 0.000765 0.001789 0.039765 0.000617 0.000943 0.000387 0.002119 0.058630 0.003072 0.068152 0.001121 0.006140 0.042423 0.030230 0.104688 0.000678 0.002956 0.001968 0.000848 0.000566 0.008430 0.000752 0.046870 0.004828 0.005321
0.338418 0.021318 0.001042 0.005714 0.003887 0.003754 0.049500 0.004582 0.003564 0.023528 0.006484 0.012166 0.000922 0.007824 0.006039 0.005585 0.007446 0.022348 0.003412 0.115312 0.034555 0.103718 0.009135 0.005532 0.002409 0.021023 0.008502 0.025295 0.007883 0.027359 0.107107 0.004635
0.257271 0.006188 0.003935 0.007946 0.069146 0.001764 0.013369 0.002623 0.024072 0.202289 0.001343 0.003982 0.000458 0.003582 0.019991 0.009632 0.032290 0.004904 0.016767 0.074340 0.020870 0.102310 0.006717 0.010129 0.002967 0.003925 0.000875 0.027440 0.001454 0.042892 0.013834 0.010694
0.203657 0.035786 0.001312 0.007265 0.005498 0.004635 0.080490 0.007729 0.005197 0.028100 0.011192 0.020513 0.001629 0.014000 0.005945 0.005897 0.009360 0.024481 0.003427 0.127668 0.047691 0.101921 0.025880 0.008597 0.003030 0.029980 0.011702 0.023246 0.009764 0.031994 0.096283 0.006130
0.836492 0.000383 0.000173 0.002215 0.000226 0.000109 0.000366 0.000060 0.000329 0.004355 0.000134 0.000102 0.000618 0.005966 0.002766 0.000061 0.001499 0.000913 0.000112 0.022744 0.001317 0.101850 0.000188 0.000602 0.002511 0.000917 0.000317 0.002648 0.000595 0.006168 0.002630 0.000634
0.330357 0.002614 0.004010 0.006045 0.016601 0.010518 0.004368 0.002432 0.002444 0.043774 0.026572 0.001916 0.002403 0.004749 0.049034 0.001659 0.018794 0.002163 0.004314 0.160784 0.023787 0.101680 0.002690 0.008003 0.006034 0.006044 0.006139 0.018993 0.015961 0.060008 0.048954 0.006155
0.456300 0.025779 0.000991 0.012600 0.008018 0.002766 0.006003 0.003575 0.004735 0.050080 0.003069 0.004561 0.000799 0.005036 0.003161 0.009393 0.007630 0.011542 0.003728 0.051290 0.009177 0.096457 0.126878 0.008674 0.002219 0.002831 0.003788 0.026050 0.026324 0.017206 0.005150 0.004189
0.585331 0.003793 0.000501 0.005545 0.007911 0.001600 0.004941 0.001929 0.001335 0.063003 0.001631 0.002422 0.000426 0.001665 0.005146 0.012916 0.004195 0.006082 0.002395 0.041396 0.019461 0.023909 0.118837 0.006305 0.000978 0.007221 0.003778 0.020759 0.026182 0.012850 0.002276 0.003283
0.571310 0.002450 0.000382 0.005757 0.006855 0.002362 0.003860 0.001907 0.001252 0.061839 0.002059 0.001843 0.000400 0.001322 0.004554 0.013226 0.004569 0.007153 0.002148 0.057945 0.025199 0.031599 0.106275 0.005766 0.000786 0.004611 0.004609 0.014703 0.027454 0.019187 0.003274 0.003344
0.402185 0.000378 0.000368 0.003309 0.017820 0.000680 0.001118 0.000608 0.000410 0.014209 0.003312 0.000677 0.000435 0.001406 0.012747 0.003971 0.173744 0.000907 0.001614 0.003256 0.056410 0.005156 0.000306 0.114563 0.001117 0.001329 0.001172 0.011963 0.000944 0.153160 0.008148 0.002575
0.409455 0.000105 0.000012 0.000504 0.000177 0.000089 0.000134 0.000018 0.000032 0.000222 0.000102 0.000015 0.000002 0.000008 0.000198 0.000281 0.000068 0.000143 0.000047 0.002121 0.000430 0.002119 0.000028 0.000033 0.000014 0.573233 0.002742 0.001323 0.003346 0.000281 0.002603 0.000115
0.693638 0.000622 0.000385 0.000850 0.012949 0.004012 0.000123 0.000051 0.000083 0.000251 0.015294 0.000032 0.000081 0.000061 0.000536 0.000265 0.000238 0.000234 0.000289 0.003794 0.001611 0.006105 0.000075 0.000137 0.000106 0.077844 0.104878 0.001057 0.061977 0.000691 0.011384 0.000347
0.476192 0.004156 0.000155 0.023089 0.001195 0.007955 0.001821 0.001623 0.000556 0.023258 0.003082 0.001962 0.000908 0.000727 0.030404 0.008697 0.010281 0.000894 0.004032 0.093208 0.027143 0.034072 0.006995 0.004212 0.002826 0.008337 0.016955 0.119958 0.014193 0.043659 0.012527 0.014929
0.658948 0.022593 0.000971 0.000551 0.006035 0.000106 0.002948 0.000146 0.000262 0.000864 0.002082 0.000447 0.000175 0.000488 0.000080 0.004555 0.000342 0.001080 0.000551 0.000373 0.000860 0.000890 0.058369 0.000182 0.000127 0.025652 0.022921 0.000815 0.184461 0.000257 0.001602 0.000268
0.752828 0.004424 0.000369 0.000216 0.003622 0.000134 0.001764 0.001065 0.001145 0.004384 0.045350 0.000507 0.000145 0.000559 0.001973 0.002879 0.001847 0.001023 0.000577 0.026972 0.012412 0.006414 0.001815 0.000536 0.000951 0.002408 0.012568 0.000848 0.103236 0.002260 0.004206 0.000561
0.402185 0.000378 0.000368 0.003309 0.017820 0.000680 0.001118 0.000608 0.000410 0.014209 0.003312 0.000677 0.000435 0.001406 0.012747 0.003971 0.173744 0.000907 0.001614 0.003256 0.056410 0.005156 0.000306 0.114563 0.001117 0.001329 0.001172 0.011963 0.000944 0.153160 0.008148 0.002575
0.292314 0.001623 0.001930 0.011285 0.004575 0.036340 0.001121 0.000435 0.000446 0.009283 0.004831 0.000271 0.002195 0.004851 0.008065 0.000578 0.015046 0.005226 0.005524 0.022222 0.019793 0.072084 0.000374 0.001361 0.006894 0.010520 0.006365 0.013225 0.004110 0.021680 0.411840 0.003596
0.185756 0.009546 0.001154 0.012993 0.028763 0.004718 0.006254 0.001701 0.004232 0.038127 0.024853 0.003079 0.001075 0.003287 0.012009 0.002017 0.010743 0.004177 0.002559 0.190855 0.032876 0.132980 0.009158 0.007144 0.003831 0.007473 0.007006 0.028430 0.009566 0.036408 0.171950 0.005278
0.151813 0.009381 0.004977 0.019153 0.039912 0.015978 0.012501 0.006866 0.013727 0.026912 0.026452 0.005731 0.002121 0.005591 0.012714 0.004194 0.013357 0.015872 0.003060 0.176677 0.026254 0.086084 0.011731 0.012544 0.003889 0.025068 0.014056 0.036408 0.022347 0.033675 0.152718 0.008239
0.860050 0.000036 0.000017 0.000205 0.000582 0.000889 0.000030 0.000008 0.000018 0.000080 0.002043 0.000003 0.000122 0.000043 0.000342 0.000010 0.000893 0.000205 0.000044 0.006309 0.000967 0.008958 0.000009 0.000014 0.000670 0.001316 0.003161 0.000280 0.000464 0.002545 0.109491 0.000198
0.268500 0.011702 0.001464 0.005950 0.004953 0.003963 0.031595 0.004085 0.004143 0.028778 0.007378 0.009025 0.001008 0.007981 0.009263 0.003898 0.008426 0.020454 0.003836 0.162140 0.030782 0.160111 0.006438 0.006587 0.002903 0.012230 0.005615 0.026230 0.006717 0.028885 0.108588 0.006374
0.253473 0.005198 0.003932 0.015951 0.027573 0.012963 0.004392 0.001602 0.003011 0.054581 0.017251 0.002003 0.001776 0.005251 0.022014 0.002024 0.012319 0.003425 0.005212 0.147983 0.025250 0.138586 0.005239 0.008449 0.004149 0.007309 0.004914 0.039053 0.013495 0.037274 0.108424 0.005923
0.338418 0.021318 0.001042 0.005714 0.003887 0.003754 0.049500 0.004582 0.003564 0.023528 0.006484 0.012166 0.000922 0.007824 0.006039 0.005585 0.007446 0.022348 0.003412 0.115312 0.034555 0.103718 0.009135 0.005532 0.002409 0.021023 0.008502 0.025295 0.007883 0.027359 0.107107 0.004635
