bed 334 296 590 424 0.159108 0.507335
chair 210 196 343 428 0.823925 0.066903
chair 0 132 32 335 0.30085 0.646180
chair 266 235 305 429 0.244894 0.728043
chair 335 272 583 440 0.140869 0.311157
chair 397 311 408 321 0.115181 0.882091
sofa 345 279 590 424 0.628629 0.220028
sofa 559 354 590 385 0.452486 0.464954
sofa 587 369 590 385 0.393632 0.450895
sofa 585 366 590 372 0.178227 0.686114
sofa 546 310 587 391 0.161521 0.746953
table 198 208 352 417 0.540775 0.073536
table 1 148 56 368 0.424421 0.354951
table 284 431 303 440 0.334196 0.115025
picture 95 0 306 55 0.996981 0.002615
picture 102 2 146 49 0.9012 0.097569
picture 120 0 200 26 0.695732 0.289790
picture 238 0 269 27 0.359999 0.632912
blinds 425 172 590 293 0.449985 0.319175
blinds 420 3 506 309 0.181422 0.777258
blinds 444 252 493 286 0.152755 0.735844
blinds 457 225 590 256 0.109058 0.763617
blinds 455 262 531 276 0.106053 0.803198
pillow 363 359 585 436 0.212747 0.221055
pillow 354 434 359 440 0.12356 0.561242
pillow 360 437 361 440 0.122278 0.726144
paper 118 328 161 337 0.133878 0.359678
paper 422 265 439 273 0.132712 0.487646
paper 288 417 354 440 0.123058 0.496284
paper 65 325 194 368 0.10899 0.403744
paper 399 299 404 307 0.100538 0.467704
box 422 265 440 273 0.286064 0.487646
box 439 277 443 283 0.216511 0.725419
box 285 374 355 438 0.115374 0.563784
box 297 376 316 383 0.107962 0.693791
box 399 298 403 306 0.107801 0.467704
lamp 562 169 588 180 0.115899 0.758955
