0.418160 0.000312 0.000220 0.218329 0.000208 0.196476 0.000100 0.000152 0.001529 0.000527 0.001633 0.000067 0.132926 0.000431 0.000284 0.000077 0.000317 0.000909 0.000542 0.011485 0.000571 0.005638 0.000067 0.000335 0.004044 0.000111 0.000254 0.000793 0.000098 0.001043 0.001177 0.001185
0.478557 0.000208 0.000657 0.121688 0.000506 0.314535 0.000100 0.000175 0.002048 0.000983 0.002555 0.000043 0.036533 0.000788 0.000528 0.000052 0.000632 0.000921 0.000385 0.016826 0.000728 0.010801 0.000076 0.000388 0.002491 0.000146 0.000228 0.000838 0.000110 0.001459 0.002648 0.001365
0.417594 0.003393 0.001403 0.106969 0.001595 0.173423 0.001633 0.001185 0.004727 0.011047 0.011054 0.001050 0.058993 0.003126 0.004187 0.001108 0.001791 0.004491 0.005381 0.081534 0.005309 0.047710 0.001248 0.003213 0.010358 0.001519 0.001351 0.009935 0.002123 0.005929 0.009218 0.006400
0.478833 0.001481 0.001817 0.007873 0.105922 0.021508 0.002403 0.002136 0.008905 0.087781 0.002112 0.000773 0.001318 0.001111 0.010502 0.008040 0.008313 0.001171 0.115948 0.043129 0.007285 0.039817 0.000855 0.008912 0.002280 0.000672 0.000345 0.004867 0.000359 0.015477 0.002875 0.005178
0.071308 0.000081 0.000006 0.002823 0.000001 0.878339 0.000003 0.000002 0.000229 0.000043 0.000284 0.000002 0.045956 0.000039 0.000003 0.000004 0.000005 0.000024 0.000012 0.000322 0.000007 0.000152 0.000001 0.000012 0.000114 0.000005 0.000028 0.000074 0.000002 0.000011 0.000015 0.000089
0.434852 0.000070 0.000346 0.081102 0.000224 0.431447 0.000032 0.000060 0.000942 0.000431 0.001298 0.000014 0.029349 0.000324 0.000203 0.000016 0.000257 0.000377 0.000150 0.009012 0.000278 0.005235 0.000029 0.000163 0.000936 0.000043 0.000066 0.000371 0.000036 0.000582 0.001162 0.000595
0.628156 0.000524 0.002141 0.098964 0.000983 0.125392 0.000546 0.000483 0.009171 0.002876 0.003783 0.000242 0.022236 0.002065 0.001630 0.000219 0.002377 0.003343 0.002270 0.040121 0.002724 0.028692 0.000227 0.000892 0.005207 0.000271 0.000430 0.002184 0.000253 0.002923 0.006407 0.002268
0.693648 0.000409 0.001125 0.018651 0.002078 0.103308 0.000502 0.000940 0.002699 0.011246 0.003818 0.000459 0.002620 0.000533 0.002447 0.000307 0.002248 0.001878 0.001412 0.075613 0.003098 0.044197 0.001362 0.001557 0.000865 0.000408 0.000832 0.004696 0.001729 0.004445 0.007922 0.002949
0.565156 0.005529 0.000151 0.001408 0.000457 0.000696 0.161269 0.002694 0.004673 0.030381 0.001209 0.003910 0.000043 0.002403 0.000547 0.093366 0.002440 0.025179 0.002342 0.024121 0.006214 0.025609 0.001214 0.001332 0.000459 0.003794 0.000747 0.009077 0.000272 0.005779 0.014684 0.002843
0.620736 0.003101 0.000014 0.000424 0.000484 0.000218 0.147743 0.000704 0.008357 0.071282 0.000110 0.000665 0.000009 0.000354 0.000078 0.059258 0.002277 0.036914 0.025872 0.001574 0.001259 0.004482 0.000118 0.000217 0.000205 0.001852 0.000099 0.000398 0.000032 0.001683 0.008176 0.001307
0.666204 0.013087 0.001715 0.002517 0.015091 0.021291 0.002498 0.001691 0.118477 0.019833 0.006357 0.000962 0.006172 0.003673 0.000890 0.001368 0.000865 0.023969 0.009508 0.011503 0.000882 0.032687 0.003289 0.001323 0.001147 0.001823 0.002693 0.010826 0.002909 0.001165 0.009393 0.004192
0.255069 0.000188 0.000010 0.000099 0.000007 0.000264 0.000114 0.000082 0.000109 0.363009 0.000012 0.000035 0.000009 0.000119 0.000482 0.001204 0.000504 0.002188 0.000283 0.009361 0.000268 0.008553 0.000055 0.000127 0.000308 0.000107 0.000087 0.355345 0.000015 0.000945 0.000420 0.000623
0.478538 0.006109 0.003852 0.003367 0.004563 0.000555 0.001278 0.002909 0.007038 0.303604 0.000260 0.004014 0.000075 0.000613 0.021204 0.005352 0.004473 0.000221 0.001402 0.058259 0.004331 0.031830 0.002523 0.001770 0.001507 0.000367 0.000408 0.038236 0.000170 0.006610 0.000927 0.003635
0.553549 0.002433 0.003094 0.001369 0.001492 0.000306 0.000678 0.001153 0.003740 0.300279 0.000116 0.001615 0.000029 0.000390 0.019717 0.003857 0.002771 0.000099 0.000699 0.045102 0.003075 0.020054 0.000448 0.001334 0.000890 0.000182 0.000201 0.024635 0.000066 0.004451 0.000370 0.001807
0.598994 0.001021 0.001641 0.000552 0.000612 0.000120 0.000497 0.000480 0.001552 0.284442 0.000059 0.000891 0.000012 0.000212 0.018042 0.002776 0.002049 0.000063 0.000386 0.043594 0.002640 0.016506 0.000141 0.000939 0.000574 0.000111 0.000105 0.015835 0.000038 0.003856 0.000214 0.001047
0.559798 0.003922 0.003337 0.002763 0.002816 0.000499 0.000837 0.001853 0.006380 0.273614 0.000175 0.002492 0.000049 0.000473 0.019677 0.004025 0.003455 0.000121 0.000899 0.044585 0.003013 0.023131 0.001118 0.001471 0.001100 0.000254 0.000272 0.029950 0.000093 0.004791 0.000562 0.002476
0.684444 0.000360 0.000329 0.000118 0.000246 0.000048 0.000585 0.000175 0.000582 0.212745 0.000041 0.000292 0.000006 0.000116 0.008990 0.002546 0.001945 0.000054 0.000385 0.048201 0.002872 0.023537 0.000047 0.000641 0.000397 0.000087 0.000084 0.005228 0.000024 0.004099 0.000112 0.000664
0.724692 0.002818 0.002488 0.001715 0.001013 0.000253 0.001979 0.001332 0.002954 0.143998 0.000183 0.002160 0.000036 0.000440 0.014603 0.005247 0.004756 0.000261 0.001475 0.035451 0.005864 0.022849 0.000571 0.001585 0.001072 0.000447 0.000414 0.012263 0.000128 0.004734 0.000503 0.001715
0.725875 0.004077 0.002659 0.002398 0.001548 0.000330 0.001848 0.001982 0.003945 0.127894 0.000258 0.002847 0.000045 0.000437 0.015217 0.004833 0.005145 0.000288 0.001380 0.042158 0.005859 0.021010 0.001195 0.001684 0.001098 0.000488 0.000493 0.015782 0.000171 0.004508 0.000646 0.001900
0.697198 0.005725 0.002983 0.004267 0.002661 0.000503 0.002183 0.002927 0.005453 0.126812 0.000378 0.003896 0.000083 0.000553 0.015488 0.005371 0.006154 0.000412 0.001792 0.047274 0.006796 0.026213 0.002623 0.002158 0.001308 0.000637 0.000720 0.018221 0.000256 0.005317 0.000884 0.002755
0.559344 0.011322 0.003981 0.008619 0.006441 0.000958 0.004662 0.006094 0.007995 0.122241 0.001156 0.006555 0.000316 0.000920 0.020857 0.009504 0.010254 0.001536 0.003662 0.081348 0.016878 0.045300 0.009853 0.003782 0.002939 0.001265 0.001994 0.029873 0.000967 0.010573 0.002214 0.006597
0.801120 0.001161 0.001224 0.000572 0.000377 0.000089 0.001175 0.000545 0.001401 0.109953 0.000093 0.001041 0.000010 0.000190 0.011134 0.003255 0.003221 0.000110 0.000703 0.027971 0.003949 0.017061 0.000154 0.000847 0.000563 0.000230 0.000174 0.007269 0.000048 0.003297 0.000273 0.000790
0.520445 0.014669 0.004258 0.012957 0.008206 0.001348 0.006138 0.007118 0.009101 0.102655 0.001663 0.007320 0.000503 0.001149 0.021718 0.011244 0.010367 0.002351 0.004477 0.090604 0.020568 0.054500 0.015236 0.004549 0.003769 0.001588 0.002848 0.032918 0.001596 0.013134 0.002824 0.008180
0.050269 0.000186 0.000071 0.011134 0.000022 0.621679 0.000016 0.000018 0.000679 0.000139 0.000959 0.000008 0.311149 0.000175 0.000019 0.000013 0.000027 0.000174 0.000082 0.001137 0.000045 0.000706 0.000020 0.000061 0.000586 0.000022 0.000047 0.000112 0.000022 0.000067 0.000140 0.000217
0.218328 0.003901 0.034203 0.005428 0.009006 0.006951 0.003357 0.002338 0.001725 0.036560 0.002940 0.002519 0.002747 0.013636 0.095516 0.001414 0.102969 0.002302 0.006776 0.125176 0.050083 0.085758 0.005326 0.012179 0.020623 0.002198 0.001314 0.013815 0.005107 0.084597 0.029263 0.011946
0.046978 0.007561 0.000005 0.000614 0.001736 0.000046 0.001891 0.000240 0.000611 0.005064 0.000099 0.000568 0.000006 0.000125 0.000021 0.003370 0.000123 0.001590 0.924597 0.000082 0.000096 0.000614 0.002040 0.000070 0.000093 0.000080 0.000045 0.000054 0.000068 0.000344 0.000572 0.000599
0.478833 0.001481 0.001817 0.007873 0.105922 0.021508 0.002403 0.002136 0.008905 0.087781 0.002112 0.000773 0.001318 0.001111 0.010502 0.008040 0.008313 0.001171 0.115948 0.043129 0.007285 0.039817 0.000855 0.008912 0.002280 0.000672 0.000345 0.004867 0.000359 0.015477 0.002875 0.005178
0.430268 0.000701 0.000372 0.000510 0.001454 0.002533 0.000835 0.000740 0.001126 0.049002 0.005433 0.000328 0.000250 0.000786 0.007358 0.000701 0.003279 0.004781 0.000668 0.257173 0.020871 0.155555 0.000236 0.000905 0.001524 0.001183 0.004470 0.006758 0.007980 0.013425 0.016111 0.002681
0.665814 0.000680 0.000042 0.012163 0.000059 0.011913 0.000186 0.000158 0.001619 0.011705 0.001598 0.000100 0.009627 0.000643 0.000510 0.000115 0.000236 0.002234 0.000329 0.206103 0.001009 0.055576 0.000077 0.001021 0.001934 0.000369 0.000562 0.004285 0.000207 0.002749 0.001800 0.004575
0.740781 0.000035 0.000013 0.000064 0.000063 0.000080 0.000152 0.000091 0.000196 0.012351 0.000690 0.000039 0.000018 0.000053 0.001305 0.000156 0.000909 0.000615 0.000038 0.193446 0.008875 0.028552 0.000021 0.000077 0.000207 0.000280 0.001602 0.001679 0.000775 0.004231 0.002077 0.000528
0.489171 0.001341 0.000349 0.000899 0.001966 0.003836 0.001305 0.000903 0.001934 0.053429 0.007055 0.000419 0.000339 0.001263 0.006710 0.001235 0.004412 0.005245 0.001061 0.182027 0.019510 0.152398 0.000384 0.001398 0.001810 0.001199 0.007376 0.009729 0.005238 0.013267 0.019288 0.003504
0.560786 0.000350 0.001211 0.002206 0.000938 0.002165 0.000405 0.000201 0.000386 0.013547 0.000798 0.000318 0.000167 0.001163 0.007527 0.000108 0.004141 0.001718 0.000605 0.168573 0.008800 0.165923 0.000428 0.001004 0.001189 0.000460 0.000236 0.006223 0.000456 0.017509 0.029236 0.001220
0.605703 0.003370 0.000294 0.001868 0.001006 0.000816 0.012849 0.002570 0.008539 0.049260 0.004949 0.001480 0.000160 0.001604 0.003132 0.014495 0.003740 0.011009 0.004438 0.130948 0.019422 0.041339 0.002430 0.002802 0.002156 0.002337 0.002548 0.011262 0.001063 0.018669 0.026439 0.007303
0.218328 0.003901 0.034203 0.005428 0.009006 0.006951 0.003357 0.002338 0.001725 0.036560 0.002940 0.002519 0.002747 0.013636 0.095516 0.001414 0.102969 0.002302 0.006776 0.125176 0.050083 0.085758 0.005326 0.012179 0.020623 0.002198 0.001314 0.013815 0.005107 0.084597 0.029263 0.011946
0.369181 0.004000 0.011208 0.014114 0.024824 0.033098 0.010335 0.004324 0.004802 0.028376 0.023143 0.003815 0.006359 0.008166 0.034547 0.003573 0.014006 0.010041 0.008842 0.121571 0.019945 0.054836 0.004631 0.009678 0.009424 0.017349 0.005644 0.021541 0.026549 0.026238 0.058153 0.007686
0.361023 0.006014 0.000740 0.031992 0.001675 0.036094 0.006009 0.001814 0.014092 0.024754 0.007216 0.001511 0.004945 0.004152 0.003586 0.002415 0.001871 0.015892 0.008396 0.120271 0.003956 0.250463 0.001336 0.003854 0.004563 0.003932 0.002760 0.026977 0.001458 0.006763 0.025573 0.013904
0.586318 0.000705 0.000634 0.004505 0.008618 0.008801 0.001785 0.001165 0.001806 0.010339 0.007999 0.000636 0.001409 0.000953 0.003639 0.001025 0.003985 0.016651 0.001402 0.118917 0.019031 0.040449 0.001511 0.001709 0.001663 0.007358 0.015603 0.033181 0.006817 0.012497 0.075895 0.002994
0.426007 0.003086 0.001319 0.081567 0.001495 0.142315 0.001780 0.001061 0.003540 0.014677 0.012130 0.000971 0.057954 0.003374 0.003993 0.001040 0.001697 0.005522 0.005770 0.104566 0.006163 0.067293 0.001363 0.003237 0.010572 0.001588 0.001279 0.009419 0.002428 0.006659 0.009779 0.006357
0.453186 0.002350 0.008029 0.015002 0.028875 0.027317 0.006970 0.004083 0.003853 0.024686 0.024578 0.003015 0.005531 0.004763 0.033531 0.002323 0.010465 0.005506 0.006511 0.104493 0.018684 0.039993 0.003538 0.009157 0.008104 0.015254 0.004467 0.015464 0.026181 0.029412 0.049647 0.005032
0.273039 0.005190 0.009100 0.068501 0.037530 0.085637 0.012501 0.006736 0.008601 0.025690 0.024233 0.004959 0.007360 0.009253 0.027373 0.006213 0.012319 0.010244 0.015997 0.103146 0.023311 0.058507 0.006775 0.012662 0.010532 0.008800 0.004969 0.013428 0.013663 0.025832 0.056967 0.010931
0.419265 0.003279 0.012059 0.016511 0.027448 0.035087 0.008823 0.004480 0.004864 0.025037 0.026396 0.003812 0.006611 0.006874 0.032683 0.003147 0.012391 0.007852 0.007907 0.103053 0.018682 0.041879 0.004422 0.010121 0.008906 0.016347 0.005380 0.017900 0.027756 0.025337 0.049147 0.006545
0.361023 0.006014 0.000740 0.031992 0.001675 0.036094 0.006009 0.001814 0.014092 0.024754 0.007216 0.001511 0.004945 0.004152 0.003586 0.002415 0.001871 0.015892 0.008396 0.120271 0.003956 0.250463 0.001336 0.003854 0.004563 0.003932 0.002760 0.026977 0.001458 0.006763 0.025573 0.013904
0.194411 0.004675 0.004531 0.094911 0.027634 0.016251 0.009886 0.003824 0.007220 0.026615 0.017438 0.005050 0.002998 0.010342 0.023913 0.003328 0.013807 0.007898 0.007970 0.092463 0.019045 0.205067 0.005123 0.016696 0.008828 0.005027 0.003306 0.026449 0.005286 0.042218 0.072738 0.015051
0.560786 0.000350 0.001211 0.002206 0.000938 0.002165 0.000405 0.000201 0.000386 0.013547 0.000798 0.000318 0.000167 0.001163 0.007527 0.000108 0.004141 0.001718 0.000605 0.168573 0.008800 0.165923 0.000428 0.001004 0.001189 0.000460 0.000236 0.006223 0.000456 0.017509 0.029236 0.001220
0.430268 0.000701 0.000372 0.000510 0.001454 0.002533 0.000835 0.000740 0.001126 0.049002 0.005433 0.000328 0.000250 0.000786 0.007358 0.000701 0.003279 0.004781 0.000668 0.257173 0.020871 0.155555 0.000236 0.000905 0.001524 0.001183 0.004470 0.006758 0.007980 0.013425 0.016111 0.002681
0.489171 0.001341 0.000349 0.000899 0.001966 0.003836 0.001305 0.000903 0.001934 0.053429 0.007055 0.000419 0.000339 0.001263 0.006710 0.001235 0.004412 0.005245 0.001061 0.182027 0.019510 0.152398 0.000384 0.001398 0.001810 0.001199 0.007376 0.009729 0.005238 0.013267 0.019288 0.003504
0.348920 0.006909 0.003453 0.022165 0.017541 0.018553 0.011355 0.003932 0.008311 0.037758 0.018175 0.004669 0.002334 0.009777 0.017338 0.004773 0.010024 0.011087 0.008575 0.093290 0.019580 0.146161 0.005351 0.012419 0.006832 0.005179 0.004659 0.020459 0.005757 0.036599 0.065083 0.012979
0.321326 0.004206 0.005522 0.098724 0.017625 0.030430 0.009384 0.004298 0.007135 0.020102 0.021130 0.005400 0.004395 0.011493 0.019020 0.004024 0.025170 0.010036 0.006662 0.063913 0.033443 0.104040 0.004060 0.024952 0.008937 0.004528 0.003931 0.016999 0.004114 0.044606 0.047831 0.012564
0.305447 0.000403 0.000030 0.000202 0.000025 0.000468 0.000264 0.000129 0.000205 0.239926 0.000033 0.000064 0.000028 0.000444 0.001127 0.001083 0.000932 0.005584 0.000471 0.017291 0.000638 0.017992 0.000138 0.000213 0.000752 0.000418 0.000305 0.400367 0.000056 0.001986 0.002014 0.000966
0.381118 0.005387 0.002494 0.009027 0.005705 0.011702 0.006177 0.001790 0.006210 0.043712 0.002887 0.002164 0.002130 0.008636 0.008003 0.003463 0.011500 0.017475 0.002928 0.055124 0.012523 0.073103 0.002951 0.003540 0.004659 0.006896 0.003462 0.208058 0.001700 0.015792 0.074541 0.005145
0.709959 0.002953 0.000158 0.002743 0.000730 0.006989 0.002043 0.000743 0.001592 0.059831 0.001105 0.000667 0.001028 0.001979 0.001739 0.000806 0.003499 0.011430 0.000865 0.015660 0.003616 0.022892 0.001430 0.001497 0.001681 0.003052 0.001438 0.117421 0.000525 0.004930 0.013295 0.001704
0.235861 0.020525 0.009603 0.012352 0.031514 0.021633 0.029414 0.007010 0.024619 0.040258 0.018035 0.007352 0.002361 0.021832 0.013576 0.025492 0.016700 0.041107 0.029585 0.050738 0.021032 0.052095 0.003997 0.012734 0.008821 0.025728 0.009074 0.027928 0.007157 0.022613 0.136516 0.012739
0.252363 0.019204 0.009580 0.012872 0.026918 0.029164 0.028094 0.007212 0.019816 0.038482 0.022707 0.006986 0.002787 0.020098 0.015020 0.023453 0.017475 0.037270 0.027768 0.054513 0.020667 0.054720 0.003881 0.011496 0.008882 0.025604 0.010622 0.027364 0.009007 0.022251 0.121543 0.012183
