0.003647 0.000004 0.000001 0.991160 0.000009 0.004282 0.000001 0.000000 0.000001 0.000000 0.000012 0.000000 0.000803 0.000002 0.000001 0.000001 0.000002 0.000014 0.000003 0.000001 0.000004 0.000007 0.000001 0.000001 0.000001 0.000005 0.000004 0.000013 0.000001 0.000003 0.000012 0.000004
0.151466 0.000925 0.000532 0.503617 0.000703 0.294335 0.000286 0.000164 0.000415 0.000461 0.000917 0.000035 0.010762 0.000768 0.000347 0.000440 0.000763 0.003590 0.002292 0.000985 0.004533 0.005929 0.000653 0.000228 0.001031 0.000551 0.000265 0.002964 0.000261 0.002227 0.006903 0.000649
0.685699 0.000216 0.000036 0.291713 0.000408 0.003037 0.000106 0.000049 0.000080 0.000189 0.000532 0.000044 0.000413 0.000121 0.000389 0.000078 0.000870 0.001335 0.000198 0.001047 0.002065 0.002696 0.000058 0.000056 0.000165 0.000453 0.001317 0.000395 0.000182 0.001359 0.004182 0.000511
0.744317 0.000228 0.001640 0.167436 0.002949 0.041608 0.000092 0.000118 0.000517 0.000275 0.001181 0.000027 0.013211 0.000326 0.000516 0.000048 0.000980 0.001352 0.000367 0.002591 0.000727 0.009264 0.000141 0.000333 0.000636 0.000239 0.001605 0.000819 0.000325 0.000857 0.003445 0.001830
0.883816 0.000002 0.000001 0.114791 0.000024 0.000631 0.000002 0.000002 0.000006 0.000013 0.000012 0.000003 0.000029 0.000001 0.000048 0.000001 0.000027 0.000010 0.000003 0.000190 0.000026 0.000099 0.000004 0.000005 0.000004 0.000009 0.000031 0.000091 0.000001 0.000040 0.000044 0.000030
0.890731 0.000001 0.000001 0.107808 0.000029 0.000618 0.000001 0.000001 0.000003 0.000011 0.000004 0.000002 0.000008 0.000001 0.000121 0.000001 0.000020 0.000004 0.000002 0.000245 0.000013 0.000166 0.000001 0.000008 0.000003 0.000003 0.000009 0.000085 0.000001 0.000056 0.000020 0.000027
0.869480 0.000071 0.001710 0.100824 0.003774 0.001042 0.000087 0.000097 0.000407 0.000712 0.000492 0.000076 0.000535 0.000323 0.006443 0.000068 0.003395 0.000211 0.000145 0.001507 0.001060 0.002354 0.000054 0.000598 0.000391 0.000081 0.000311 0.000487 0.000069 0.001973 0.000788 0.000436
0.227629 0.007248 0.024522 0.023091 0.236405 0.027900 0.013118 0.006359 0.012360 0.023318 0.020062 0.006115 0.008703 0.016426 0.024303 0.005720 0.020976 0.011922 0.018009 0.028460 0.016337 0.038768 0.005736 0.035782 0.007397 0.014088 0.006082 0.011920 0.021309 0.025785 0.043294 0.010857
0.380814 0.007342 0.017116 0.035449 0.152049 0.027135 0.006795 0.003772 0.006515 0.014836 0.019226 0.003902 0.012368 0.012828 0.026303 0.003311 0.019720 0.006831 0.011121 0.024889 0.016332 0.037429 0.003007 0.029210 0.007911 0.010090 0.006961 0.011732 0.017689 0.026813 0.032421 0.008086
0.393258 0.007535 0.017979 0.035225 0.135854 0.033870 0.008069 0.004310 0.008704 0.015441 0.019471 0.004042 0.013854 0.012574 0.021224 0.003913 0.017100 0.008283 0.013533 0.024765 0.015288 0.033578 0.003842 0.035067 0.007642 0.009349 0.006513 0.010488 0.016776 0.023481 0.030619 0.008351
0.401593 0.006344 0.017367 0.032161 0.108880 0.029320 0.006108 0.003698 0.005663 0.020677 0.024923 0.003359 0.010081 0.010166 0.030080 0.003151 0.015181 0.006867 0.011503 0.036416 0.016768 0.046598 0.004011 0.025982 0.008517 0.009868 0.006674 0.013178 0.017092 0.025670 0.034651 0.007455
0.607820 0.003739 0.004716 0.025478 0.101546 0.013173 0.003288 0.001699 0.003265 0.009144 0.010961 0.001685 0.006044 0.005737 0.016882 0.001429 0.010076 0.004059 0.004678 0.023646 0.011861 0.029887 0.001159 0.013972 0.003143 0.006513 0.003801 0.006640 0.012648 0.018555 0.029306 0.003449
0.112213 0.001252 0.001126 0.047657 0.000398 0.735426 0.000279 0.000090 0.000675 0.000385 0.007225 0.000052 0.073001 0.000829 0.000034 0.000289 0.000274 0.004391 0.000196 0.000356 0.000463 0.000650 0.000574 0.000253 0.000126 0.002542 0.003563 0.002031 0.002149 0.000184 0.000983 0.000335
0.078445 0.000556 0.000100 0.295115 0.000183 0.596847 0.000112 0.000069 0.000198 0.000142 0.000988 0.000017 0.018693 0.000281 0.000056 0.000121 0.000135 0.001722 0.000518 0.000255 0.000666 0.001009 0.000198 0.000102 0.000277 0.000300 0.000188 0.000814 0.000123 0.000310 0.001246 0.000214
0.221281 0.000175 0.000080 0.638439 0.000194 0.117713 0.000035 0.000026 0.000077 0.000057 0.000100 0.000020 0.014195 0.000078 0.000160 0.000041 0.000394 0.000111 0.000154 0.000152 0.000311 0.000375 0.000032 0.000069 0.000149 0.000164 0.000298 0.003614 0.000034 0.000277 0.000846 0.000350
0.681843 0.005355 0.000549 0.022627 0.000766 0.108098 0.002135 0.001119 0.001223 0.005755 0.008227 0.000286 0.026061 0.006012 0.001124 0.002163 0.005190 0.010944 0.003516 0.019142 0.012460 0.028645 0.000928 0.001366 0.003457 0.001033 0.004888 0.011564 0.001888 0.006900 0.012296 0.002439
0.495020 0.000554 0.000362 0.000646 0.000327 0.000943 0.000827 0.000410 0.001392 0.152729 0.001330 0.000230 0.000467 0.003731 0.008540 0.000557 0.006033 0.011633 0.000949 0.127315 0.021066 0.105530 0.000138 0.003939 0.002559 0.000922 0.000570 0.007973 0.001444 0.022476 0.015953 0.003436
0.426792 0.000718 0.000356 0.001453 0.032083 0.000210 0.003282 0.001384 0.018310 0.128670 0.000629 0.001204 0.000147 0.000710 0.004404 0.011365 0.014662 0.002647 0.167490 0.030398 0.005809 0.109555 0.001553 0.004795 0.000911 0.000443 0.000316 0.003683 0.000407 0.010677 0.002133 0.012806
0.220958 0.004906 0.001227 0.003855 0.002922 0.011354 0.005476 0.002512 0.003531 0.115421 0.006921 0.002636 0.003404 0.019838 0.020202 0.007553 0.039029 0.014898 0.020601 0.072174 0.057510 0.122163 0.001623 0.033435 0.013293 0.003446 0.004246 0.028965 0.006640 0.082945 0.053567 0.012747
0.375779 0.002184 0.001013 0.001061 0.001118 0.002429 0.001723 0.000781 0.003309 0.104975 0.003328 0.000685 0.001738 0.013429 0.011693 0.001134 0.013604 0.017268 0.002585 0.136020 0.035542 0.145791 0.000366 0.008466 0.005874 0.002812 0.001833 0.015601 0.004612 0.036027 0.042068 0.005153
0.342725 0.001326 0.000677 0.001892 0.001096 0.001593 0.002203 0.000788 0.004316 0.102496 0.002280 0.000549 0.000703 0.004172 0.008715 0.000918 0.003441 0.015933 0.001641 0.215567 0.010976 0.209884 0.000428 0.003168 0.002587 0.001815 0.000533 0.012448 0.001934 0.015675 0.023225 0.004294
0.456298 0.000345 0.000116 0.000234 0.001153 0.000420 0.000824 0.000798 0.001835 0.101433 0.001745 0.000383 0.000256 0.000422 0.001742 0.001164 0.001519 0.017642 0.001303 0.178765 0.013837 0.174695 0.001240 0.002022 0.000642 0.001588 0.002329 0.007829 0.005107 0.014133 0.004229 0.003950
0.454464 0.000681 0.004255 0.042274 0.000299 0.231218 0.000121 0.000126 0.000219 0.000589 0.001176 0.000056 0.220778 0.001199 0.000375 0.000310 0.002230 0.001623 0.001096 0.001388 0.002735 0.004633 0.000306 0.000166 0.002354 0.000763 0.010627 0.002238 0.002649 0.001518 0.006126 0.001407
0.493944 0.000492 0.000477 0.001217 0.011995 0.000282 0.001757 0.000944 0.004263 0.080907 0.000380 0.000600 0.000104 0.000472 0.006207 0.007236 0.013729 0.000944 0.201582 0.028422 0.003566 0.107428 0.000403 0.005045 0.000988 0.000233 0.000162 0.002257 0.000138 0.010639 0.001108 0.012078
0.426792 0.000718 0.000356 0.001453 0.032083 0.000210 0.003282 0.001384 0.018310 0.128670 0.000629 0.001204 0.000147 0.000710 0.004404 0.011365 0.014662 0.002647 0.167490 0.030398 0.005809 0.109555 0.001553 0.004795 0.000911 0.000443 0.000316 0.003683 0.000407 0.010677 0.002133 0.012806
0.397363 0.002152 0.000920 0.002608 0.050065 0.000487 0.006668 0.001704 0.020870 0.072022 0.001054 0.001384 0.000364 0.001473 0.008168 0.016982 0.024132 0.007461 0.136799 0.032585 0.007546 0.146096 0.001544 0.005621 0.002161 0.001606 0.000610 0.007736 0.000904 0.015446 0.007523 0.017946
0.408103 0.000567 0.000215 0.001065 0.000324 0.000806 0.001517 0.000542 0.001998 0.090079 0.001560 0.000321 0.000250 0.001243 0.006511 0.001142 0.001981 0.010879 0.001102 0.238506 0.015174 0.158690 0.000335 0.001889 0.001844 0.001306 0.000541 0.009859 0.001113 0.017334 0.019960 0.003245
0.289821 0.003313 0.003086 0.006803 0.019302 0.011407 0.004050 0.001803 0.005333 0.027341 0.008253 0.001836 0.003039 0.004853 0.014904 0.001511 0.014526 0.009112 0.004357 0.231594 0.030497 0.116277 0.002801 0.003313 0.004634 0.007124 0.005878 0.027147 0.009216 0.026264 0.095822 0.004782
0.342725 0.001326 0.000677 0.001892 0.001096 0.001593 0.002203 0.000788 0.004316 0.102496 0.002280 0.000549 0.000703 0.004172 0.008715 0.000918 0.003441 0.015933 0.001641 0.215567 0.010976 0.209884 0.000428 0.003168 0.002587 0.001815 0.000533 0.012448 0.001934 0.015675 0.023225 0.004294
0.322215 0.000879 0.003065 0.007103 0.007579 0.004277 0.001900 0.001295 0.001554 0.052571 0.003166 0.001177 0.001014 0.002393 0.045412 0.001735 0.038084 0.001814 0.002619 0.206860 0.031861 0.130300 0.003390 0.009439 0.002637 0.003913 0.002690 0.026741 0.004392 0.044062 0.024935 0.008926
0.468281 0.000741 0.000361 0.007704 0.005910 0.003653 0.001595 0.000700 0.000762 0.027055 0.003435 0.000677 0.000866 0.001053 0.013473 0.000696 0.005748 0.001997 0.002305 0.200702 0.012598 0.157121 0.001503 0.003334 0.002566 0.001519 0.002124 0.013052 0.003935 0.021406 0.029037 0.004092
0.717121 0.000056 0.000377 0.001313 0.000250 0.002049 0.000061 0.000086 0.000185 0.006968 0.000240 0.000077 0.000149 0.000225 0.005733 0.000083 0.003147 0.000190 0.000304 0.199651 0.004559 0.039040 0.000087 0.000290 0.001213 0.000107 0.000186 0.002286 0.000096 0.009860 0.003310 0.000703
0.331504 0.003682 0.006032 0.009390 0.033226 0.017307 0.005396 0.002433 0.003889 0.021245 0.013178 0.003213 0.002374 0.005304 0.018094 0.001661 0.013281 0.010118 0.003304 0.179586 0.022413 0.065441 0.004100 0.004124 0.004877 0.013362 0.011267 0.033481 0.016366 0.021130 0.114522 0.004701
0.456298 0.000345 0.000116 0.000234 0.001153 0.000420 0.000824 0.000798 0.001835 0.101433 0.001745 0.000383 0.000256 0.000422 0.001742 0.001164 0.001519 0.017642 0.001303 0.178765 0.013837 0.174695 0.001240 0.002022 0.000642 0.001588 0.002329 0.007829 0.005107 0.014133 0.004229 0.003950
0.302765 0.001200 0.006594 0.005641 0.013517 0.004412 0.002971 0.001313 0.001953 0.043924 0.004228 0.001280 0.001680 0.006708 0.069581 0.001693 0.058998 0.002309 0.004212 0.151311 0.033286 0.136451 0.002529 0.008671 0.004890 0.004709 0.003108 0.017861 0.004704 0.055334 0.034407 0.007760
0.410702 0.000823 0.002848 0.012635 0.023500 0.008534 0.002255 0.001323 0.004230 0.033233 0.005182 0.001019 0.006368 0.002662 0.058714 0.002336 0.043586 0.001563 0.012004 0.144865 0.032422 0.090003 0.001575 0.006146 0.006274 0.002383 0.002797 0.019791 0.002197 0.032857 0.014256 0.010916
0.406842 0.001173 0.000902 0.004478 0.018635 0.004242 0.001325 0.000380 0.000767 0.051378 0.006646 0.000519 0.001433 0.001709 0.009250 0.000874 0.009815 0.003450 0.001793 0.136665 0.047636 0.086488 0.002229 0.003160 0.001275 0.005143 0.009247 0.029252 0.010455 0.041717 0.098068 0.003056
0.375779 0.002184 0.001013 0.001061 0.001118 0.002429 0.001723 0.000781 0.003309 0.104975 0.003328 0.000685 0.001738 0.013429 0.011693 0.001134 0.013604 0.017268 0.002585 0.136020 0.035542 0.145791 0.000366 0.008466 0.005874 0.002812 0.001833 0.015601 0.004612 0.036027 0.042068 0.005153
0.412657 0.001820 0.000794 0.006848 0.017825 0.005118 0.001754 0.000443 0.000780 0.079315 0.007699 0.000680 0.001264 0.001815 0.010273 0.001142 0.011044 0.002468 0.002383 0.127467 0.045148 0.083909 0.003803 0.005133 0.001332 0.004247 0.005852 0.029191 0.009676 0.048842 0.065165 0.004116
0.495020 0.000554 0.000362 0.000646 0.000327 0.000943 0.000827 0.000410 0.001392 0.152729 0.001330 0.000230 0.000467 0.003731 0.008540 0.000557 0.006033 0.011633 0.000949 0.127315 0.021066 0.105530 0.000138 0.003939 0.002559 0.000922 0.000570 0.007973 0.001444 0.022476 0.015953 0.003436
0.462370 0.000771 0.001286 0.004073 0.003756 0.002865 0.001194 0.000619 0.001044 0.035849 0.003072 0.001074 0.001134 0.001797 0.015090 0.000668 0.021438 0.002343 0.000919 0.127086 0.032334 0.084715 0.001520 0.003537 0.002494 0.009758 0.006335 0.055244 0.002251 0.066517 0.043803 0.003045
0.381226 0.002388 0.006254 0.037804 0.030345 0.014893 0.005149 0.002173 0.002552 0.023196 0.008996 0.003308 0.001714 0.005374 0.030621 0.001772 0.017234 0.006486 0.004162 0.124591 0.022912 0.093196 0.003044 0.008382 0.005150 0.010005 0.004006 0.028056 0.006966 0.031866 0.069037 0.007144
0.409576 0.002144 0.005595 0.036353 0.027320 0.014543 0.004652 0.001898 0.002229 0.022223 0.008532 0.002945 0.001574 0.004894 0.028663 0.001581 0.016033 0.005811 0.003877 0.122135 0.021738 0.092191 0.002627 0.007691 0.004766 0.008824 0.003637 0.026753 0.006309 0.030997 0.065401 0.006489
0.424564 0.002852 0.004901 0.009067 0.014930 0.019912 0.005667 0.002080 0.004094 0.037731 0.009279 0.001807 0.002479 0.012008 0.017842 0.002371 0.007861 0.019617 0.008166 0.120034 0.017822 0.115753 0.001877 0.006527 0.005294 0.008333 0.001997 0.014092 0.008512 0.019947 0.067240 0.005342
0.706512 0.000386 0.000090 0.000673 0.000790 0.000448 0.000418 0.000668 0.000776 0.014740 0.003145 0.000268 0.000451 0.000267 0.000852 0.000517 0.001574 0.005565 0.000400 0.119673 0.012994 0.097641 0.000724 0.001233 0.000462 0.001001 0.005409 0.003817 0.005517 0.006551 0.003852 0.002584
0.162403 0.004290 0.002445 0.056849 0.019625 0.024105 0.006025 0.004391 0.006744 0.020404 0.041048 0.002727 0.004927 0.006756 0.026605 0.005763 0.020954 0.004969 0.009698 0.115473 0.063723 0.166557 0.006256 0.014259 0.009144 0.004884 0.007976 0.021523 0.008924 0.071617 0.063932 0.014999
0.413122 0.007208 0.004912 0.011908 0.012116 0.016515 0.009337 0.003933 0.012908 0.027743 0.012978 0.003277 0.004316 0.010118 0.012534 0.005041 0.008355 0.028021 0.011406 0.109154 0.017693 0.086701 0.004216 0.010928 0.006588 0.013771 0.005829 0.023403 0.008472 0.017286 0.071237 0.008973
0.309118 0.003055 0.002454 0.002598 0.003553 0.001325 0.003641 0.001309 0.002552 0.056823 0.004019 0.002395 0.002087 0.006845 0.013636 0.001920 0.041735 0.006977 0.002718 0.102166 0.067418 0.097771 0.003680 0.006449 0.004599 0.010863 0.006906 0.058269 0.003161 0.106873 0.057115 0.005971
0.396534 0.001154 0.000192 0.001720 0.000277 0.002102 0.001569 0.000732 0.000806 0.042372 0.001890 0.000466 0.001096 0.006477 0.005984 0.002552 0.077244 0.005805 0.003374 0.024967 0.158312 0.053627 0.000236 0.010423 0.005077 0.001165 0.002757 0.007420 0.001389 0.138276 0.038645 0.005360
0.413168 0.001412 0.000582 0.008644 0.002179 0.005404 0.001882 0.000597 0.001289 0.022888 0.003302 0.000570 0.002755 0.015445 0.006600 0.002261 0.082045 0.005805 0.004071 0.018905 0.154588 0.041957 0.000529 0.019778 0.005580 0.002276 0.002346 0.005252 0.002764 0.121142 0.040050 0.003935
0.560393 0.000228 0.000101 0.000250 0.000043 0.000377 0.000424 0.000204 0.000371 0.075836 0.000471 0.000124 0.000402 0.003162 0.004201 0.000702 0.034124 0.005341 0.000704 0.030069 0.150536 0.031445 0.000061 0.003299 0.002221 0.000798 0.001211 0.003329 0.000748 0.072411 0.014272 0.002142
0.557700 0.000482 0.000164 0.000527 0.000100 0.000601 0.000610 0.000266 0.000539 0.059504 0.000608 0.000217 0.000572 0.005858 0.005041 0.000747 0.054392 0.006072 0.000853 0.021798 0.145636 0.029901 0.000077 0.006559 0.002802 0.001270 0.001652 0.003874 0.001151 0.069433 0.018703 0.002293
0.594188 0.000794 0.000068 0.001123 0.000048 0.002351 0.000644 0.000263 0.000395 0.011693 0.000404 0.000091 0.000598 0.003503 0.000974 0.002205 0.029462 0.009763 0.005693 0.010794 0.125478 0.073173 0.000055 0.000805 0.002243 0.000480 0.002316 0.005309 0.000292 0.067841 0.043999 0.002955
0.366076 0.002747 0.001388 0.011647 0.004600 0.009555 0.002765 0.000900 0.002535 0.028216 0.005321 0.000836 0.004571 0.028784 0.008503 0.002516 0.063484 0.010647 0.006237 0.033964 0.115832 0.070381 0.000781 0.022387 0.008631 0.003668 0.002809 0.009454 0.004797 0.093707 0.066607 0.005653
0.718199 0.000187 0.000072 0.000439 0.000049 0.000221 0.000376 0.000134 0.000261 0.018412 0.000286 0.000104 0.000184 0.002269 0.002277 0.000383 0.056583 0.001628 0.000320 0.007873 0.108123 0.010103 0.000035 0.002211 0.001057 0.000761 0.001033 0.001110 0.000458 0.055993 0.008020 0.000841
0.410938 0.004694 0.001657 0.027823 0.003933 0.016883 0.014944 0.004653 0.005293 0.015424 0.011133 0.003893 0.003860 0.014765 0.005313 0.009140 0.075777 0.014144 0.005464 0.019647 0.106084 0.037322 0.003505 0.019355 0.005934 0.006520 0.008838 0.013131 0.004834 0.065706 0.049558 0.009836
0.760266 0.000112 0.000068 0.000366 0.000032 0.000236 0.000313 0.000122 0.000201 0.008949 0.000329 0.000086 0.000170 0.001440 0.001342 0.000290 0.049439 0.001378 0.000276 0.007928 0.100502 0.008038 0.000029 0.001022 0.000787 0.000541 0.000996 0.000943 0.000287 0.044416 0.008397 0.000700
0.342725 0.001326 0.000677 0.001892 0.001096 0.001593 0.002203 0.000788 0.004316 0.102496 0.002280 0.000549 0.000703 0.004172 0.008715 0.000918 0.003441 0.015933 0.001641 0.215567 0.010976 0.209884 0.000428 0.003168 0.002587 0.001815 0.000533 0.012448 0.001934 0.015675 0.023225 0.004294
0.562349 0.000552 0.000138 0.000293 0.001312 0.000495 0.000633 0.001004 0.001403 0.052155 0.002921 0.000414 0.000412 0.000451 0.000969 0.001223 0.002037 0.016005 0.001205 0.117037 0.015006 0.183189 0.001454 0.002792 0.000565 0.000980 0.004829 0.005127 0.007209 0.008773 0.003430 0.003640
0.162403 0.004290 0.002445 0.056849 0.019625 0.024105 0.006025 0.004391 0.006744 0.020404 0.041048 0.002727 0.004927 0.006756 0.026605 0.005763 0.020954 0.004969 0.009698 0.115473 0.063723 0.166557 0.006256 0.014259 0.009144 0.004884 0.007976 0.021523 0.008924 0.071617 0.063932 0.014999
0.408103 0.000567 0.000215 0.001065 0.000324 0.000806 0.001517 0.000542 0.001998 0.090079 0.001560 0.000321 0.000250 0.001243 0.006511 0.001142 0.001981 0.010879 0.001102 0.238506 0.015174 0.158690 0.000335 0.001889 0.001844 0.001306 0.000541 0.009859 0.001113 0.017334 0.019960 0.003245
0.468281 0.000741 0.000361 0.007704 0.005910 0.003653 0.001595 0.000700 0.000762 0.027055 0.003435 0.000677 0.000866 0.001053 0.013473 0.000696 0.005748 0.001997 0.002305 0.200702 0.012598 0.157121 0.001503 0.003334 0.002566 0.001519 0.002124 0.013052 0.003935 0.021406 0.029037 0.004092
0.495065 0.001078 0.000796 0.001083 0.024042 0.000249 0.002273 0.001002 0.004977 0.036876 0.000709 0.000561 0.000180 0.000641 0.010299 0.008586 0.026609 0.001280 0.152595 0.029394 0.004981 0.153061 0.000400 0.003929 0.001373 0.000411 0.000271 0.004328 0.000262 0.014317 0.002256 0.016116
0.397363 0.002152 0.000920 0.002608 0.050065 0.000487 0.006668 0.001704 0.020870 0.072022 0.001054 0.001384 0.000364 0.001473 0.008168 0.016982 0.024132 0.007461 0.136799 0.032585 0.007546 0.146096 0.001544 0.005621 0.002161 0.001606 0.000610 0.007736 0.000904 0.015446 0.007523 0.017946
0.375779 0.002184 0.001013 0.001061 0.001118 0.002429 0.001723 0.000781 0.003309 0.104975 0.003328 0.000685 0.001738 0.013429 0.011693 0.001134 0.013604 0.017268 0.002585 0.136020 0.035542 0.145791 0.000366 0.008466 0.005874 0.002812 0.001833 0.015601 0.004612 0.036027 0.042068 0.005153
0.333951 0.004746 0.000586 0.004298 0.001510 0.013548 0.002797 0.000902 0.001174 0.048158 0.001619 0.000500 0.002534 0.021321 0.005610 0.007147 0.037715 0.034577 0.033658 0.024242 0.075655 0.141725 0.000499 0.005699 0.008928 0.002440 0.002033 0.019380 0.001676 0.074654 0.080721 0.005998
0.568334 0.001471 0.000796 0.001012 0.027177 0.000233 0.002558 0.000973 0.006842 0.028205 0.000993 0.000494 0.000199 0.000630 0.010098 0.009137 0.028880 0.001629 0.097089 0.027789 0.005293 0.138579 0.000380 0.003117 0.001387 0.000507 0.000320 0.005423 0.000304 0.013217 0.002772 0.014163
0.774740 0.000322 0.000015 0.032251 0.000089 0.001072 0.000248 0.000236 0.000701 0.001993 0.000243 0.000152 0.000431 0.000126 0.000491 0.000586 0.002053 0.001553 0.005775 0.012733 0.002852 0.138204 0.000547 0.000280 0.000276 0.000323 0.002075 0.005734 0.000187 0.005673 0.000830 0.007208
0.302765 0.001200 0.006594 0.005641 0.013517 0.004412 0.002971 0.001313 0.001953 0.043924 0.004228 0.001280 0.001680 0.006708 0.069581 0.001693 0.058998 0.002309 0.004212 0.151311 0.033286 0.136451 0.002529 0.008671 0.004890 0.004709 0.003108 0.017861 0.004704 0.055334 0.034407 0.007760
0.322215 0.000879 0.003065 0.007103 0.007579 0.004277 0.001900 0.001295 0.001554 0.052571 0.003166 0.001177 0.001014 0.002393 0.045412 0.001735 0.038084 0.001814 0.002619 0.206860 0.031861 0.130300 0.003390 0.009439 0.002637 0.003913 0.002690 0.026741 0.004392 0.044062 0.024935 0.008926
0.205902 0.008898 0.014241 0.021683 0.058526 0.017369 0.010441 0.005634 0.012216 0.039603 0.010985 0.005609 0.006402 0.016200 0.022784 0.004225 0.017903 0.027493 0.009523 0.087692 0.015831 0.117778 0.007453 0.014270 0.009564 0.020691 0.004323 0.040410 0.015185 0.020835 0.119583 0.010749
0.289821 0.003313 0.003086 0.006803 0.019302 0.011407 0.004050 0.001803 0.005333 0.027341 0.008253 0.001836 0.003039 0.004853 0.014904 0.001511 0.014526 0.009112 0.004357 0.231594 0.030497 0.116277 0.002801 0.003313 0.004634 0.007124 0.005878 0.027147 0.009216 0.026264 0.095822 0.004782
0.424564 0.002852 0.004901 0.009067 0.014930 0.019912 0.005667 0.002080 0.004094 0.037731 0.009279 0.001807 0.002479 0.012008 0.017842 0.002371 0.007861 0.019617 0.008166 0.120034 0.017822 0.115753 0.001877 0.006527 0.005294 0.008333 0.001997 0.014092 0.008512 0.019947 0.067240 0.005342
0.426792 0.000718 0.000356 0.001453 0.032083 0.000210 0.003282 0.001384 0.018310 0.128670 0.000629 0.001204 0.000147 0.000710 0.004404 0.011365 0.014662 0.002647 0.167490 0.030398 0.005809 0.109555 0.001553 0.004795 0.000911 0.000443 0.000316 0.003683 0.000407 0.010677 0.002133 0.012806
0.231520 0.003680 0.005605 0.022908 0.027469 0.016253 0.007315 0.003928 0.003714 0.037920 0.011560 0.007200 0.001751 0.006318 0.037556 0.002899 0.029973 0.005652 0.008383 0.159314 0.028865 0.108103 0.007077 0.011901 0.007587 0.008246 0.005020 0.047310 0.008146 0.037612 0.086519 0.012699
0.493944 0.000492 0.000477 0.001217 0.011995 0.000282 0.001757 0.000944 0.004263 0.080907 0.000380 0.000600 0.000104 0.000472 0.006207 0.007236 0.013729 0.000944 0.201582 0.028422 0.003566 0.107428 0.000403 0.005045 0.000988 0.000233 0.000162 0.002257 0.000138 0.010639 0.001108 0.012078
0.495020 0.000554 0.000362 0.000646 0.000327 0.000943 0.000827 0.000410 0.001392 0.152729 0.001330 0.000230 0.000467 0.003731 0.008540 0.000557 0.006033 0.011633 0.000949 0.127315 0.021066 0.105530 0.000138 0.003939 0.002559 0.000922 0.000570 0.007973 0.001444 0.022476 0.015953 0.003436
0.058169 0.000053 0.000012 0.000214 0.000082 0.000576 0.000092 0.000090 0.000032 0.002091 0.000037 0.000222 0.000001 0.000018 0.000230 0.004190 0.001447 0.000168 0.000037 0.000200 0.000589 0.000086 0.000215 0.000355 0.000033 0.000104 0.000472 0.929583 0.000035 0.000237 0.000101 0.000228
0.543109 0.000002 0.000003 0.000134 0.000003 0.000772 0.000004 0.000004 0.000005 0.000274 0.000005 0.000005 0.000001 0.000002 0.000050 0.000041 0.000114 0.000013 0.000001 0.000160 0.000087 0.000032 0.000010 0.000009 0.000005 0.000005 0.000010 0.455082 0.000001 0.000037 0.000007 0.000013
0.727846 0.000000 0.000000 0.000004 0.000000 0.000319 0.000000 0.000000 0.000000 0.000174 0.000000 0.000000 0.000000 0.000000 0.000001 0.000002 0.000005 0.000005 0.000000 0.000022 0.000002 0.000008 0.000000 0.000000 0.000000 0.000000 0.000005 0.271601 0.000000 0.000002 0.000001 0.000001
0.764120 0.000079 0.000023 0.000248 0.000015 0.001013 0.000307 0.000221 0.000071 0.003387 0.000131 0.000159 0.000002 0.000043 0.000446 0.005593 0.003400 0.000146 0.000058 0.002595 0.003375 0.000971 0.000057 0.000266 0.000127 0.000167 0.000602 0.209752 0.000046 0.001075 0.000791 0.000715
0.859930 0.000000 0.000000 0.000003 0.000000 0.000360 0.000000 0.000000 0.000000 0.000185 0.000000 0.000000 0.000000 0.000000 0.000002 0.000001 0.000004 0.000004 0.000000 0.000041 0.000001 0.000008 0.000000 0.000000 0.000000 0.000000 0.000002 0.139452 0.000000 0.000001 0.000001 0.000001
0.274074 0.001859 0.000282 0.001541 0.000411 0.002775 0.002159 0.000968 0.001253 0.079269 0.002552 0.000734 0.001492 0.009601 0.008807 0.003986 0.064562 0.009261 0.007175 0.039633 0.143411 0.097176 0.000377 0.017836 0.007530 0.001352 0.002888 0.013376 0.002103 0.147673 0.046070 0.007813
0.376882 0.002814 0.001124 0.021801 0.007525 0.009241 0.004307 0.001777 0.003256 0.022561 0.009485 0.001894 0.003874 0.012499 0.011007 0.004157 0.057341 0.006491 0.007295 0.030819 0.077190 0.059591 0.002118 0.039428 0.009436 0.003261 0.004505 0.010332 0.004016 0.147405 0.037693 0.008875
0.413168 0.001412 0.000582 0.008644 0.002179 0.005404 0.001882 0.000597 0.001289 0.022888 0.003302 0.000570 0.002755 0.015445 0.006600 0.002261 0.082045 0.005805 0.004071 0.018905 0.154588 0.041957 0.000529 0.019778 0.005580 0.002276 0.002346 0.005252 0.002764 0.121142 0.040050 0.003935
0.389922 0.001956 0.000174 0.000799 0.000118 0.002082 0.001245 0.000538 0.000682 0.062550 0.000580 0.000258 0.000890 0.009698 0.004100 0.005974 0.037807 0.019295 0.013333 0.030057 0.121966 0.093200 0.000198 0.002145 0.007895 0.000893 0.001552 0.019388 0.000531 0.119071 0.045611 0.005490
0.309118 0.003055 0.002454 0.002598 0.003553 0.001325 0.003641 0.001309 0.002552 0.056823 0.004019 0.002395 0.002087 0.006845 0.013636 0.001920 0.041735 0.006977 0.002718 0.102166 0.067418 0.097771 0.003680 0.006449 0.004599 0.010863 0.006906 0.058269 0.003161 0.106873 0.057115 0.005971
0.205902 0.008898 0.014241 0.021683 0.058526 0.017369 0.010441 0.005634 0.012216 0.039603 0.010985 0.005609 0.006402 0.016200 0.022784 0.004225 0.017903 0.027493 0.009523 0.087692 0.015831 0.117778 0.007453 0.014270 0.009564 0.020691 0.004323 0.040410 0.015185 0.020835 0.119583 0.010749
0.331504 0.003682 0.006032 0.009390 0.033226 0.017307 0.005396 0.002433 0.003889 0.021245 0.013178 0.003213 0.002374 0.005304 0.018094 0.001661 0.013281 0.010118 0.003304 0.179586 0.022413 0.065441 0.004100 0.004124 0.004877 0.013362 0.011267 0.033481 0.016366 0.021130 0.114522 0.004701
