0.041281 0.871401 0.000476 0.000072 0.000344 0.000756 0.000440 0.000091 0.002959 0.000408 0.004767 0.000058 0.003544 0.050833 0.000052 0.000241 0.000094 0.001337 0.003594 0.000043 0.000079 0.000284 0.000039 0.000048 0.012711 0.000291 0.000625 0.000098 0.000915 0.000085 0.001897 0.000138
0.287122 0.110257 0.000596 0.040974 0.010282 0.001834 0.059829 0.004268 0.011195 0.019709 0.018326 0.009366 0.005129 0.013247 0.004219 0.010306 0.010783 0.033406 0.010340 0.024057 0.018662 0.050429 0.061168 0.005220 0.009904 0.030999 0.013361 0.028778 0.005561 0.018101 0.063597 0.008975
0.391453 0.085911 0.000473 0.192509 0.003811 0.003510 0.031839 0.001869 0.005952 0.008749 0.010500 0.002448 0.007396 0.015616 0.001187 0.014401 0.007018 0.032267 0.008617 0.007069 0.010279 0.033651 0.022606 0.002818 0.006332 0.009392 0.011382 0.011023 0.005326 0.008032 0.039436 0.007126
0.223959 0.008018 0.002459 0.006662 0.133198 0.002707 0.024842 0.007025 0.035633 0.126064 0.005495 0.007365 0.000647 0.004318 0.017616 0.011373 0.031971 0.004713 0.034243 0.068932 0.026784 0.090033 0.006947 0.010912 0.005406 0.005121 0.003188 0.015639 0.002074 0.042030 0.022230 0.012397
0.651662 0.008076 0.009375 0.009415 0.128217 0.022292 0.001099 0.000771 0.002337 0.007026 0.039773 0.000367 0.012035 0.009097 0.004103 0.000994 0.002728 0.004439 0.005841 0.005440 0.003473 0.009566 0.000921 0.001309 0.005373 0.002752 0.006453 0.001742 0.023762 0.004168 0.013801 0.001593
0.493311 0.041462 0.000347 0.004738 0.011180 0.001280 0.177411 0.005339 0.047454 0.035452 0.004194 0.013855 0.000211 0.002396 0.000976 0.011704 0.009643 0.005944 0.006564 0.016019 0.006848 0.021940 0.030818 0.003207 0.001324 0.011254 0.002422 0.008313 0.000890 0.007577 0.013063 0.002862
0.503645 0.029868 0.000750 0.001848 0.013040 0.000329 0.107525 0.004634 0.022937 0.078823 0.002518 0.023660 0.000086 0.002887 0.002611 0.011545 0.018528 0.004783 0.006687 0.031970 0.015945 0.030201 0.017946 0.004679 0.001570 0.009232 0.002307 0.010607 0.001381 0.019621 0.014559 0.003278
0.547747 0.001134 0.000444 0.000549 0.005731 0.001557 0.000711 0.000450 0.000545 0.214010 0.001899 0.000190 0.000366 0.001407 0.041198 0.000584 0.006559 0.001099 0.000869 0.081457 0.009781 0.024201 0.000230 0.001855 0.002746 0.000636 0.000632 0.005067 0.003503 0.025024 0.015653 0.002165
0.316157 0.019819 0.000944 0.001740 0.023150 0.000743 0.058686 0.006171 0.034196 0.197667 0.002998 0.011465 0.000198 0.003425 0.006692 0.014759 0.026190 0.003906 0.020451 0.065449 0.026598 0.062035 0.009636 0.007568 0.003506 0.005566 0.001895 0.011558 0.001419 0.035050 0.013386 0.006972
0.713833 0.000295 0.000059 0.000082 0.000532 0.000163 0.000409 0.000234 0.000165 0.151681 0.000451 0.000130 0.000023 0.000344 0.013397 0.000417 0.005203 0.000759 0.000114 0.072429 0.007997 0.007601 0.000079 0.000989 0.000543 0.000211 0.000276 0.002984 0.000764 0.012405 0.004376 0.001054
0.650006 0.010175 0.001605 0.000775 0.005564 0.003890 0.002136 0.001316 0.003450 0.141723 0.015993 0.000721 0.001044 0.004434 0.013826 0.001739 0.004062 0.002473 0.002266 0.044559 0.004350 0.021084 0.000809 0.003392 0.006889 0.002129 0.001877 0.008683 0.006431 0.011596 0.018264 0.002738
0.852245 0.000035 0.000005 0.000068 0.000013 0.000049 0.000033 0.000033 0.000247 0.132211 0.000043 0.000006 0.000008 0.000057 0.000140 0.000232 0.000209 0.002993 0.000434 0.005604 0.000132 0.003846 0.000005 0.000054 0.000101 0.000015 0.000029 0.000218 0.000018 0.000395 0.000069 0.000453
0.237485 0.007610 0.002131 0.006111 0.129211 0.002235 0.026599 0.006824 0.036114 0.131886 0.004596 0.007823 0.000523 0.003944 0.015657 0.012105 0.031698 0.004398 0.039567 0.063478 0.025226 0.086108 0.006689 0.010016 0.005014 0.004728 0.002821 0.014600 0.001793 0.041368 0.019627 0.012018
0.556191 0.004385 0.001027 0.002237 0.000443 0.005642 0.003038 0.000919 0.006085 0.111289 0.000658 0.000801 0.000518 0.004765 0.003839 0.015483 0.008814 0.004212 0.027105 0.024191 0.011083 0.059998 0.001104 0.001808 0.004183 0.000756 0.000516 0.100567 0.000366 0.015295 0.015306 0.007375
0.444077 0.006046 0.000132 0.005218 0.000232 0.017044 0.004374 0.001103 0.001670 0.104575 0.000357 0.000609 0.001684 0.006880 0.000972 0.030788 0.010167 0.037490 0.126626 0.007033 0.005241 0.044514 0.001455 0.001400 0.008306 0.000954 0.001111 0.073593 0.000452 0.017320 0.021299 0.017276
0.796255 0.002289 0.000076 0.000078 0.000251 0.000157 0.000586 0.000253 0.000472 0.102978 0.001707 0.000106 0.000033 0.000721 0.006025 0.000521 0.001952 0.000688 0.000119 0.051449 0.003274 0.009698 0.000094 0.000408 0.001987 0.000396 0.000545 0.002825 0.000720 0.005503 0.007136 0.000697
0.885029 0.002143 0.000008 0.000023 0.000091 0.000018 0.000041 0.000071 0.000262 0.000623 0.100428 0.000062 0.000054 0.000278 0.000142 0.000073 0.000147 0.000018 0.000075 0.002023 0.000515 0.000560 0.000023 0.000036 0.001376 0.000118 0.004364 0.000145 0.000308 0.000273 0.000593 0.000080
0.103307 0.471199 0.002329 0.000181 0.000778 0.001035 0.001629 0.000341 0.008447 0.002438 0.005473 0.000238 0.009409 0.266568 0.000286 0.000707 0.000555 0.009307 0.018216 0.000363 0.000509 0.002945 0.000131 0.000194 0.080070 0.000918 0.001125 0.000514 0.001537 0.000635 0.007722 0.000894
0.852669 0.001518 0.000001 0.001060 0.000011 0.000042 0.017961 0.000284 0.000140 0.008517 0.000033 0.000289 0.000001 0.000016 0.000009 0.107385 0.000148 0.001207 0.005910 0.000418 0.000075 0.000291 0.001139 0.000020 0.000016 0.000093 0.000032 0.000190 0.000013 0.000094 0.000057 0.000363
0.005268 0.000109 0.000000 0.000037 0.000002 0.000004 0.000025 0.000007 0.000015 0.000985 0.000001 0.000008 0.000000 0.000005 0.000001 0.001031 0.000004 0.000038 0.992088 0.000004 0.000002 0.000034 0.000009 0.000003 0.000009 0.000001 0.000001 0.000017 0.000001 0.000009 0.000008 0.000276
0.763142 0.000459 0.000093 0.003270 0.000330 0.001307 0.001645 0.000673 0.000598 0.021441 0.000276 0.000582 0.000552 0.000509 0.001164 0.003119 0.000694 0.001842 0.157606 0.014772 0.000561 0.006048 0.000822 0.000508 0.002346 0.000280 0.000118 0.002166 0.000134 0.002725 0.002763 0.007454
0.420707 0.006757 0.000158 0.011697 0.000181 0.028020 0.005909 0.001238 0.001774 0.085657 0.000294 0.000665 0.002774 0.008889 0.000811 0.031558 0.012283 0.041405 0.140546 0.005796 0.005564 0.046844 0.001658 0.001711 0.009636 0.001011 0.000853 0.065803 0.000348 0.018188 0.022188 0.019076
0.824744 0.004775 0.000003 0.000221 0.000495 0.000389 0.000313 0.000339 0.000411 0.015564 0.001300 0.000349 0.000028 0.000182 0.000190 0.005364 0.000321 0.000320 0.130958 0.001629 0.000291 0.001765 0.000426 0.000217 0.000596 0.000112 0.000825 0.001781 0.000357 0.000734 0.000852 0.004147
0.831939 0.007824 0.000004 0.009000 0.000056 0.000551 0.002737 0.000334 0.000308 0.007219 0.000109 0.000242 0.000033 0.000136 0.000024 0.011966 0.000121 0.003691 0.118536 0.000379 0.000082 0.000664 0.000548 0.000050 0.000334 0.000084 0.000080 0.000198 0.000036 0.000183 0.000443 0.002091
0.841418 0.000858 0.000271 0.002343 0.000478 0.002334 0.000472 0.001001 0.001171 0.010482 0.000563 0.000648 0.000954 0.000551 0.000493 0.000935 0.000494 0.001430 0.108246 0.008996 0.000452 0.004527 0.000636 0.000266 0.002663 0.000143 0.000141 0.000610 0.000223 0.001286 0.001659 0.003254
0.876837 0.000466 0.000001 0.000065 0.000101 0.000020 0.000058 0.000048 0.000298 0.012702 0.000038 0.000028 0.000008 0.000059 0.000024 0.000427 0.000039 0.000190 0.106734 0.000319 0.000027 0.000308 0.000044 0.000029 0.000068 0.000012 0.000009 0.000157 0.000025 0.000134 0.000075 0.000651
0.190221 0.012327 0.001797 0.006224 0.023728 0.004968 0.013163 0.005308 0.011341 0.087605 0.014791 0.004802 0.002432 0.006959 0.017983 0.004839 0.027599 0.005042 0.008688 0.201898 0.056149 0.094610 0.016547 0.007296 0.007688 0.008185 0.007859 0.030256 0.007876 0.042172 0.059990 0.009659
0.192180 0.006766 0.001290 0.009843 0.021949 0.006356 0.004402 0.001982 0.004833 0.094969 0.009332 0.002415 0.002585 0.005171 0.017588 0.002283 0.017864 0.003917 0.002986 0.190313 0.042155 0.088688 0.026788 0.009358 0.003605 0.007331 0.007920 0.069857 0.012733 0.053928 0.072142 0.006471
0.074867 0.005050 0.001514 0.007259 0.030415 0.002356 0.006076 0.002185 0.002252 0.097359 0.008917 0.003719 0.000840 0.004216 0.027449 0.002069 0.027503 0.004404 0.002838 0.176819 0.077388 0.100165 0.021855 0.011016 0.003003 0.008725 0.008234 0.045319 0.012369 0.078440 0.138767 0.006615
0.329747 0.011589 0.001794 0.006061 0.021168 0.004643 0.010942 0.003697 0.010729 0.067529 0.012912 0.003844 0.002356 0.006693 0.013562 0.003877 0.024565 0.004192 0.010304 0.161127 0.045453 0.086296 0.008807 0.004844 0.008446 0.006402 0.005926 0.023310 0.005782 0.034904 0.051023 0.007478
0.323713 0.012410 0.001961 0.007311 0.021722 0.005760 0.010998 0.004295 0.010547 0.071100 0.014323 0.004306 0.003038 0.007216 0.014564 0.004076 0.023438 0.004891 0.010517 0.157260 0.042042 0.082244 0.010485 0.005489 0.007969 0.007227 0.006535 0.023611 0.007047 0.033665 0.052048 0.008192
0.222716 0.009807 0.003958 0.015850 0.037653 0.018831 0.010783 0.006812 0.012893 0.059465 0.024460 0.005450 0.008076 0.008022 0.019599 0.005889 0.027026 0.007619 0.016751 0.148838 0.048116 0.076522 0.008500 0.009626 0.008801 0.008999 0.010239 0.024770 0.012716 0.038577 0.070777 0.011859
0.179535 0.029231 0.000846 0.003680 0.003049 0.001723 0.033927 0.004537 0.003703 0.050902 0.011867 0.013300 0.000838 0.009278 0.008744 0.007706 0.022532 0.005875 0.003610 0.147192 0.117560 0.074786 0.029068 0.008070 0.003512 0.013834 0.012178 0.031115 0.009245 0.071764 0.080821 0.005974
0.175125 0.028375 0.000803 0.003953 0.003059 0.001690 0.031345 0.004201 0.003553 0.053187 0.010607 0.012244 0.000804 0.008822 0.009051 0.007251 0.023956 0.005098 0.003532 0.145200 0.123884 0.076943 0.030861 0.007875 0.003651 0.013363 0.011444 0.033313 0.008796 0.075222 0.076745 0.006047
0.370045 0.020187 0.000563 0.001798 0.001195 0.001313 0.035182 0.004377 0.003392 0.036947 0.009515 0.011365 0.000470 0.005294 0.004856 0.008002 0.017551 0.003722 0.002325 0.134851 0.104344 0.057467 0.014777 0.004171 0.002409 0.008355 0.010066 0.019941 0.004590 0.051298 0.045537 0.004097
0.211198 0.019749 0.001357 0.008347 0.013546 0.002233 0.016948 0.003071 0.004878 0.057092 0.010642 0.003826 0.002920 0.017427 0.012469 0.002352 0.019810 0.010165 0.003482 0.133678 0.057491 0.081488 0.021474 0.006340 0.008509 0.024429 0.008091 0.030809 0.009604 0.057513 0.133445 0.005616
0.137885 0.009876 0.003183 0.004548 0.022999 0.002326 0.012536 0.003537 0.004092 0.057065 0.018144 0.008562 0.002850 0.012521 0.019704 0.002047 0.032077 0.007634 0.003666 0.133319 0.070012 0.055253 0.019243 0.012371 0.006841 0.016202 0.012856 0.035722 0.015486 0.087920 0.163788 0.005736
0.294621 0.008706 0.003767 0.016146 0.032994 0.018342 0.009933 0.005880 0.012792 0.057410 0.020331 0.004776 0.007945 0.007365 0.018698 0.005773 0.027134 0.006262 0.018471 0.131156 0.045347 0.071442 0.006665 0.008051 0.008984 0.007451 0.008047 0.021346 0.010482 0.036953 0.055892 0.010840
0.447193 0.018986 0.000301 0.002346 0.000609 0.001086 0.028263 0.002474 0.002137 0.033516 0.005284 0.009836 0.000470 0.006235 0.004148 0.007582 0.014267 0.004473 0.002233 0.116666 0.076528 0.063419 0.008984 0.003701 0.002274 0.009931 0.009875 0.017987 0.004536 0.050578 0.040516 0.003567
0.328384 0.040076 0.000946 0.003518 0.002365 0.005157 0.047726 0.006640 0.006892 0.035154 0.025474 0.011588 0.001132 0.008315 0.004254 0.011011 0.014344 0.006439 0.003548 0.112719 0.073613 0.056372 0.018159 0.006027 0.003405 0.011436 0.016447 0.021780 0.007304 0.039039 0.065575 0.005159
0.664678 0.000417 0.000554 0.010199 0.004770 0.006962 0.001196 0.000553 0.000516 0.012000 0.002290 0.000377 0.000366 0.001383 0.012159 0.000398 0.003173 0.004104 0.001087 0.110662 0.008608 0.089764 0.000718 0.002022 0.001607 0.001655 0.000821 0.005426 0.002811 0.013382 0.033498 0.001845
0.419251 0.002688 0.000967 0.031702 0.007358 0.015622 0.003864 0.001941 0.001425 0.042492 0.006684 0.001911 0.002205 0.004785 0.025569 0.001572 0.012755 0.003595 0.004167 0.110087 0.016290 0.153456 0.004369 0.011211 0.005593 0.002115 0.002112 0.018999 0.005516 0.038825 0.032272 0.008600
0.357369 0.037407 0.001965 0.005011 0.009770 0.002883 0.030601 0.005263 0.011043 0.040644 0.014250 0.008234 0.002056 0.012932 0.007866 0.005183 0.021579 0.005935 0.005188 0.109580 0.051652 0.051769 0.023885 0.004234 0.008070 0.014394 0.009868 0.026558 0.007457 0.031609 0.070403 0.005340
0.472008 0.018566 0.001080 0.001508 0.002148 0.001674 0.028119 0.004859 0.005195 0.028245 0.015237 0.013436 0.000833 0.005637 0.004172 0.005526 0.015473 0.004314 0.002138 0.108769 0.069129 0.040496 0.012113 0.004527 0.002556 0.009692 0.014643 0.017792 0.006232 0.036502 0.044080 0.003303
0.267663 0.038963 0.001350 0.002914 0.004192 0.001055 0.037943 0.004860 0.005090 0.038698 0.011968 0.012992 0.001192 0.015702 0.006053 0.004278 0.021005 0.007577 0.003619 0.107329 0.086949 0.063258 0.020420 0.005441 0.006757 0.020364 0.010859 0.024817 0.006337 0.057216 0.098165 0.004974
0.496495 0.013737 0.000419 0.001163 0.000724 0.000864 0.032898 0.003480 0.002676 0.031262 0.006224 0.010879 0.000261 0.003673 0.003272 0.009905 0.015609 0.002918 0.001972 0.105337 0.098454 0.040578 0.008064 0.003257 0.001521 0.005690 0.008229 0.014770 0.003182 0.039659 0.029728 0.003098
0.709726 0.000447 0.000266 0.000898 0.001947 0.000416 0.000841 0.000771 0.000792 0.043577 0.000696 0.000654 0.000163 0.000544 0.015261 0.000864 0.010243 0.000928 0.000667 0.105192 0.020052 0.024856 0.000307 0.003424 0.000804 0.000567 0.000763 0.007303 0.002220 0.033641 0.008261 0.002909
0.340894 0.020612 0.000996 0.006902 0.008881 0.001502 0.010806 0.002052 0.004101 0.045596 0.008699 0.002727 0.002934 0.015198 0.009443 0.001372 0.015541 0.008069 0.003304 0.104696 0.043665 0.083405 0.013235 0.004209 0.010555 0.019467 0.006304 0.024668 0.006664 0.049862 0.118557 0.005084
0.316447 0.004177 0.003483 0.040728 0.028569 0.035042 0.006877 0.005290 0.005826 0.055126 0.011404 0.004588 0.006522 0.007292 0.028441 0.004297 0.021959 0.007553 0.022926 0.100797 0.024834 0.104002 0.003859 0.011319 0.009957 0.004720 0.002328 0.020865 0.006617 0.033660 0.046471 0.014022
0.578199 0.009905 0.000347 0.000850 0.000592 0.000794 0.030305 0.003386 0.002326 0.027038 0.005875 0.009728 0.000198 0.002724 0.002681 0.008871 0.011956 0.002830 0.001572 0.100758 0.072158 0.035312 0.005691 0.002473 0.001158 0.004660 0.006590 0.012321 0.002483 0.029754 0.023913 0.002555
0.590232 0.009638 0.000342 0.000819 0.000577 0.000786 0.028174 0.003261 0.002314 0.026358 0.005879 0.009160 0.000200 0.002650 0.002651 0.008101 0.011585 0.002618 0.001463 0.100034 0.069570 0.034503 0.005416 0.002288 0.001161 0.004552 0.006495 0.012022 0.002391 0.028815 0.023510 0.002435
0.175125 0.028375 0.000803 0.003953 0.003059 0.001690 0.031345 0.004201 0.003553 0.053187 0.010607 0.012244 0.000804 0.008822 0.009051 0.007251 0.023956 0.005098 0.003532 0.145200 0.123884 0.076943 0.030861 0.007875 0.003651 0.013363 0.011444 0.033313 0.008796 0.075222 0.076745 0.006047
0.179535 0.029231 0.000846 0.003680 0.003049 0.001723 0.033927 0.004537 0.003703 0.050902 0.011867 0.013300 0.000838 0.009278 0.008744 0.007706 0.022532 0.005875 0.003610 0.147192 0.117560 0.074786 0.029068 0.008070 0.003512 0.013834 0.012178 0.031115 0.009245 0.071764 0.080821 0.005974
0.370045 0.020187 0.000563 0.001798 0.001195 0.001313 0.035182 0.004377 0.003392 0.036947 0.009515 0.011365 0.000470 0.005294 0.004856 0.008002 0.017551 0.003722 0.002325 0.134851 0.104344 0.057467 0.014777 0.004171 0.002409 0.008355 0.010066 0.019941 0.004590 0.051298 0.045537 0.004097
0.458406 0.011857 0.002050 0.023584 0.010033 0.006751 0.006342 0.001716 0.004552 0.037349 0.005579 0.003391 0.002627 0.006712 0.011376 0.002751 0.007546 0.004923 0.005022 0.073263 0.006997 0.174709 0.009892 0.006342 0.003927 0.003288 0.002026 0.044729 0.004715 0.017407 0.033744 0.006395
0.419251 0.002688 0.000967 0.031702 0.007358 0.015622 0.003864 0.001941 0.001425 0.042492 0.006684 0.001911 0.002205 0.004785 0.025569 0.001572 0.012755 0.003595 0.004167 0.110087 0.016290 0.153456 0.004369 0.011211 0.005593 0.002115 0.002112 0.018999 0.005516 0.038825 0.032272 0.008600
0.316447 0.004177 0.003483 0.040728 0.028569 0.035042 0.006877 0.005290 0.005826 0.055126 0.011404 0.004588 0.006522 0.007292 0.028441 0.004297 0.021959 0.007553 0.022926 0.100797 0.024834 0.104002 0.003859 0.011319 0.009957 0.004720 0.002328 0.020865 0.006617 0.033660 0.046471 0.014022
0.074867 0.005050 0.001514 0.007259 0.030415 0.002356 0.006076 0.002185 0.002252 0.097359 0.008917 0.003719 0.000840 0.004216 0.027449 0.002069 0.027503 0.004404 0.002838 0.176819 0.077388 0.100165 0.021855 0.011016 0.003003 0.008725 0.008234 0.045319 0.012369 0.078440 0.138767 0.006615
0.601378 0.017701 0.000301 0.000647 0.011126 0.000496 0.021111 0.004106 0.010535 0.040691 0.004576 0.009885 0.000187 0.000851 0.000593 0.007709 0.003895 0.003512 0.001947 0.020897 0.004025 0.010425 0.188730 0.001366 0.000653 0.004098 0.002149 0.016337 0.002764 0.003387 0.002839 0.001082
0.305186 0.028277 0.000131 0.000093 0.000060 0.000308 0.000099 0.000031 0.000304 0.000183 0.001416 0.000010 0.007864 0.090063 0.000094 0.000014 0.000098 0.000315 0.000350 0.000356 0.000149 0.000940 0.000008 0.000015 0.555887 0.000288 0.000320 0.000086 0.000133 0.000285 0.006558 0.000080
0.227110 0.420058 0.000142 0.000108 0.000058 0.000751 0.000184 0.000054 0.000765 0.000284 0.006565 0.000022 0.012120 0.117208 0.000056 0.000060 0.000088 0.000639 0.000888 0.000201 0.000194 0.000729 0.000020 0.000025 0.205946 0.000235 0.000907 0.000099 0.000544 0.000197 0.003641 0.000101
0.768634 0.007044 0.000020 0.000028 0.000019 0.000021 0.000046 0.000009 0.000106 0.000116 0.000865 0.000004 0.000641 0.029226 0.000058 0.000004 0.000040 0.000150 0.000118 0.000620 0.000071 0.000698 0.000004 0.000004 0.188959 0.000108 0.000119 0.000039 0.000032 0.000177 0.001977 0.000037
0.648213 0.000338 0.000135 0.001277 0.000434 0.002028 0.000350 0.000259 0.000311 0.014102 0.000089 0.000306 0.000100 0.000515 0.003149 0.000838 0.003772 0.000826 0.000585 0.015458 0.001709 0.011376 0.000358 0.000525 0.000808 0.000452 0.000354 0.280391 0.000165 0.005516 0.003478 0.001783
0.676347 0.000606 0.000120 0.002443 0.000262 0.000174 0.001534 0.000178 0.000246 0.035250 0.000021 0.000601 0.000019 0.000655 0.003817 0.002616 0.002122 0.000894 0.000446 0.009975 0.000998 0.007392 0.000649 0.000889 0.001014 0.000474 0.000039 0.245789 0.000056 0.002265 0.001360 0.000746
0.654179 0.001119 0.000136 0.002795 0.000581 0.000445 0.003083 0.000607 0.000405 0.055931 0.000111 0.001896 0.000042 0.000901 0.004238 0.004742 0.005139 0.002177 0.000960 0.020301 0.003559 0.011729 0.002362 0.001857 0.000758 0.001487 0.000176 0.204186 0.000278 0.007134 0.005320 0.001365
0.711341 0.000531 0.000515 0.006629 0.000367 0.000795 0.001205 0.000280 0.000198 0.019256 0.000062 0.000766 0.000334 0.001881 0.006846 0.002063 0.010833 0.000978 0.001693 0.008036 0.003780 0.007776 0.000836 0.003100 0.002874 0.000512 0.000155 0.187775 0.000133 0.013346 0.002572 0.002532
0.732416 0.000813 0.000741 0.003514 0.000496 0.000406 0.001673 0.000243 0.000293 0.023186 0.000049 0.000777 0.000096 0.001908 0.008220 0.001897 0.006048 0.001114 0.000916 0.008848 0.002165 0.009407 0.000854 0.001293 0.003335 0.000796 0.000093 0.179344 0.000131 0.005339 0.002334 0.001254
0.534082 0.002600 0.000162 0.004569 0.000090 0.004911 0.004649 0.000708 0.001410 0.092371 0.000083 0.000681 0.000630 0.005429 0.001133 0.034280 0.015394 0.010719 0.045262 0.005633 0.005740 0.030556 0.000735 0.001606 0.004492 0.000617 0.000215 0.151224 0.000113 0.017423 0.014515 0.007967
0.463034 0.001768 0.001342 0.009505 0.001046 0.004378 0.002505 0.000870 0.001153 0.046446 0.000367 0.000670 0.004484 0.010374 0.006139 0.005178 0.070142 0.014754 0.024013 0.010090 0.026093 0.046943 0.000921 0.006929 0.009461 0.001538 0.001638 0.059769 0.000713 0.120059 0.029734 0.017944
0.192976 0.043045 0.001665 0.056033 0.013218 0.003818 0.017624 0.002086 0.003468 0.026475 0.018731 0.003673 0.003240 0.015061 0.010773 0.005191 0.014136 0.013061 0.008785 0.044342 0.049932 0.075011 0.027091 0.007292 0.010508 0.026338 0.013915 0.031528 0.012032 0.049432 0.189680 0.009837
0.137885 0.009876 0.003183 0.004548 0.022999 0.002326 0.012536 0.003537 0.004092 0.057065 0.018144 0.008562 0.002850 0.012521 0.019704 0.002047 0.032077 0.007634 0.003666 0.133319 0.070012 0.055253 0.019243 0.012371 0.006841 0.016202 0.012856 0.035722 0.015486 0.087920 0.163788 0.005736
0.346255 0.031553 0.003473 0.009224 0.020878 0.001957 0.014154 0.002545 0.002600 0.034544 0.015722 0.007963 0.003113 0.016674 0.009358 0.001685 0.020199 0.011267 0.004971 0.057227 0.035971 0.043338 0.020469 0.005584 0.007977 0.015999 0.007709 0.022799 0.010366 0.050736 0.159167 0.004527
0.074867 0.005050 0.001514 0.007259 0.030415 0.002356 0.006076 0.002185 0.002252 0.097359 0.008917 0.003719 0.000840 0.004216 0.027449 0.002069 0.027503 0.004404 0.002838 0.176819 0.077388 0.100165 0.021855 0.011016 0.003003 0.008725 0.008234 0.045319 0.012369 0.078440 0.138767 0.006615
0.211198 0.019749 0.001357 0.008347 0.013546 0.002233 0.016948 0.003071 0.004878 0.057092 0.010642 0.003826 0.002920 0.017427 0.012469 0.002352 0.019810 0.010165 0.003482 0.133678 0.057491 0.081488 0.021474 0.006340 0.008509 0.024429 0.008091 0.030809 0.009604 0.057513 0.133445 0.005616
0.215251 0.030679 0.001324 0.013149 0.008701 0.001939 0.026417 0.003760 0.005056 0.043851 0.009028 0.005459 0.003823 0.024242 0.009970 0.003458 0.020365 0.012954 0.003975 0.095966 0.066597 0.070932 0.023157 0.006847 0.008931 0.037637 0.009192 0.030474 0.010259 0.058398 0.132273 0.005938
0.340894 0.020612 0.000996 0.006902 0.008881 0.001502 0.010806 0.002052 0.004101 0.045596 0.008699 0.002727 0.002934 0.015198 0.009443 0.001372 0.015541 0.008069 0.003304 0.104696 0.043665 0.083405 0.013235 0.004209 0.010555 0.019467 0.006304 0.024668 0.006664 0.049862 0.118557 0.005084
