bed 13 223 262 434 0.975357 0.016304
sofa 7 169 258 439 0.144828 0.057734
sofa 580 303 590 311 0.101103 0.716095
table 175 121 418 420 0.694433 0.096467
picture 129 4 232 139 0.991178 0.004957
picture 1 30 26 121 0.828577 0.126229
picture 142 59 176 113 0.595616 0.401888
picture 157 32 204 89 0.400292 0.588062
picture 0 88 24 103 0.396812 0.601565
picture 13 79 21 97 0.342652 0.651435
picture 218 2 226 5 0.242428 0.477892
picture 7 63 19 94 0.241963 0.720708
picture 218 89 229 108 0.22338 0.739362
picture 132 53 150 111 0.142868 0.854556
picture 22 87 26 101 0.134287 0.842530
picture 1 100 26 109 0.129869 0.862694
picture 123 77 132 111 0.106407 0.890637
pillow 3 188 71 255 0.908674 0.061070
pillow 23 220 218 297 0.802384 0.172270
pillow 109 247 174 303 0.311435 0.683998
pillow 43 200 61 224 0.186792 0.811636
pillow 47 291 53 292 0.113281 0.871779
mirror 0 4 22 104 0.384719 0.294059
clothes 200 254 207 263 0.106744 0.809815
clothes 514 378 560 438 0.105406 0.437346
tv 200 1 217 7 0.331094 0.603165
tv 197 2 203 3 0.13004 0.807165
tv 333 430 360 440 0.111079 0.430991
tv 1 18 14 104 0.108989 0.472099
paper 0 341 18 347 0.286021 0.355839
paper 27 405 34 409 0.282106 0.131883
paper 8 410 21 417 0.232614 0.251922
paper 173 324 177 334 0.226618 0.593459
paper 189 398 229 440 0.218934 0.232929
paper 0 309 62 343 0.190228 0.550693
paper 14 289 18 290 0.169038 0.532889
paper 432 415 449 440 0.158503 0.479113
paper 13 289 36 292 0.13754 0.590037
paper 1 416 12 423 0.122642 0.269145
paper 178 428 187 440 0.120996 0.191025
paper 167 423 191 440 0.119493 0.205443
paper 13 291 17 292 0.114165 0.667635
paper 586 231 590 232 0.113938 0.458221
paper 448 336 474 343 0.107959 0.227677
paper 428 430 432 438 0.107304 0.542084
paper 224 420 237 437 0.103537 0.568486
towel 512 365 562 440 0.357351 0.470633
towel 518 236 587 440 0.316431 0.445855
towel 543 414 566 438 0.17089 0.631762
towel 557 378 560 387 0.145225 0.661981
towel 552 378 555 383 0.131603 0.690917
towel 553 423 557 429 0.125996 0.637888
towel 549 419 556 434 0.125744 0.602488
towel 1 341 18 346 0.124604 0.355839
towel 546 361 554 383 0.116468 0.748439
box 177 427 186 440 0.145213 0.191025
box 166 422 190 440 0.132398 0.205443
box 8 410 22 417 0.125304 0.251922
box 27 405 35 408 0.12234 0.131883
box 188 394 229 440 0.12103 0.232929
box 14 289 18 290 0.110242 0.532889
person 1 1 17 12 0.166987 0.679603
person 515 431 519 440 0.130931 0.620117
lamp 229 97 412 333 0.641055 0.211708
lamp 323 100 339 104 0.335636 0.584888
lamp 317 95 334 103 0.1179 0.784754
garbage_bin 448 336 475 344 0.16379 0.227677
garbage_bin 409 302 476 356 0.156893 0.569753
garbage_bin 26 405 35 409 0.146946 0.131883
garbage_bin 0 409 25 424 0.133587 0.228880
garbage_bin 1 415 13 424 0.120167 0.269145
garbage_bin 188 351 209 411 0.118801 0.813720
garbage_bin 186 397 229 440 0.115277 0.232929
garbage_bin 205 228 214 248 0.110898 0.631537
garbage_bin 583 290 587 295 0.106978 0.524450
