0.423526 0.003823 0.003053 0.004627 0.179827 0.002982 0.010640 0.004415 0.027299 0.036163 0.004037 0.003679 0.000327 0.002521 0.044359 0.008719 0.068294 0.001537 0.025676 0.019588 0.015606 0.032255 0.001395 0.010733 0.004668 0.001921 0.002222 0.006911 0.001172 0.030196 0.008306 0.009523
0.557412 0.007672 0.013392 0.000238 0.159715 0.001017 0.003511 0.001796 0.016122 0.019343 0.031409 0.003560 0.000127 0.000863 0.003755 0.006015 0.002389 0.000964 0.002087 0.011324 0.007903 0.009676 0.009391 0.001670 0.000693 0.011396 0.062885 0.007519 0.036141 0.002792 0.006274 0.000952
0.174770 0.078383 0.000552 0.004359 0.003637 0.001131 0.250028 0.007519 0.011099 0.057007 0.003970 0.029986 0.000441 0.007901 0.003384 0.015219 0.008907 0.012528 0.005227 0.071096 0.018251 0.075035 0.061317 0.005856 0.003356 0.021843 0.003460 0.017159 0.002343 0.020250 0.019078 0.004908
0.319751 0.079371 0.000354 0.016444 0.002777 0.004614 0.179165 0.008974 0.017751 0.036080 0.016533 0.019792 0.000365 0.006394 0.002429 0.016104 0.009265 0.015220 0.005843 0.055974 0.022233 0.044749 0.027376 0.005714 0.001997 0.018125 0.005189 0.012957 0.002364 0.017638 0.020859 0.007601
0.443330 0.038620 0.000237 0.006749 0.002823 0.000777 0.168132 0.004643 0.015730 0.046241 0.004880 0.012755 0.000065 0.002654 0.002172 0.021554 0.004819 0.012323 0.002910 0.055667 0.006713 0.061983 0.018851 0.003570 0.001362 0.015971 0.003058 0.016018 0.001344 0.009890 0.009383 0.004774
0.192641 0.037384 0.001406 0.004119 0.004019 0.004024 0.103534 0.013104 0.010192 0.044779 0.016069 0.027184 0.000804 0.008683 0.005455 0.017899 0.015961 0.011987 0.005446 0.136992 0.085089 0.052584 0.038354 0.009311 0.003384 0.012124 0.010347 0.019512 0.006864 0.035045 0.057853 0.007852
0.220925 0.003926 0.001931 0.015191 0.036201 0.002027 0.013501 0.002891 0.013680 0.163056 0.002388 0.005815 0.000502 0.002783 0.036860 0.009304 0.022471 0.002900 0.009163 0.130412 0.031221 0.088423 0.024404 0.010757 0.004114 0.007663 0.003334 0.059429 0.003484 0.046507 0.013772 0.010967
0.299494 0.007678 0.003061 0.016071 0.032006 0.004852 0.010730 0.004111 0.022192 0.149869 0.002327 0.004980 0.001440 0.004896 0.041168 0.008608 0.017616 0.004212 0.015808 0.094868 0.017425 0.078478 0.010939 0.013960 0.009753 0.005844 0.002624 0.047233 0.001963 0.042519 0.008543 0.014732
0.455402 0.002811 0.002863 0.005067 0.022285 0.000728 0.007469 0.001893 0.011028 0.124703 0.001287 0.002850 0.000086 0.001422 0.033335 0.011666 0.019998 0.001586 0.006920 0.082574 0.026994 0.076894 0.004657 0.007413 0.002432 0.003932 0.003296 0.024006 0.001966 0.037858 0.006778 0.007803
0.484709 0.004544 0.000632 0.009171 0.020466 0.000915 0.010793 0.001405 0.008150 0.104714 0.001599 0.004270 0.000219 0.001697 0.011797 0.005255 0.016562 0.003240 0.003918 0.080071 0.021245 0.056625 0.026840 0.004530 0.001374 0.008232 0.002629 0.050213 0.003215 0.026791 0.019577 0.004603
0.416757 0.005050 0.002533 0.017124 0.018421 0.006059 0.007493 0.003115 0.011778 0.101723 0.001824 0.003388 0.001219 0.003288 0.038068 0.006472 0.012473 0.003738 0.010607 0.101081 0.015730 0.073234 0.005721 0.008169 0.010375 0.005306 0.002439 0.045535 0.001452 0.041901 0.006167 0.011761
0.306267 0.002906 0.000373 0.000798 0.000560 0.000314 0.048891 0.003938 0.000313 0.011482 0.002806 0.508288 0.000044 0.000855 0.001492 0.003386 0.006457 0.002007 0.001150 0.027091 0.022995 0.005133 0.003847 0.002133 0.000718 0.003100 0.003024 0.004213 0.000852 0.014604 0.008957 0.001007
0.488538 0.006031 0.000791 0.002261 0.000743 0.000541 0.033074 0.003920 0.000835 0.011427 0.007452 0.289206 0.000237 0.002601 0.002569 0.002756 0.008885 0.002039 0.001338 0.042611 0.022868 0.008915 0.004412 0.002945 0.001616 0.006027 0.006306 0.005895 0.001438 0.019166 0.011076 0.001483
0.403281 0.015916 0.000557 0.003915 0.002485 0.001897 0.056699 0.007324 0.001370 0.020665 0.008747 0.212392 0.000497 0.003147 0.005075 0.003557 0.009429 0.003835 0.000957 0.079649 0.026471 0.015778 0.024411 0.007691 0.001864 0.008150 0.006760 0.017705 0.003082 0.020789 0.023581 0.002324
0.643471 0.000430 0.001793 0.000507 0.014698 0.000323 0.001460 0.000615 0.000952 0.004938 0.003011 0.000676 0.000083 0.001251 0.151065 0.000392 0.032184 0.000348 0.000314 0.044278 0.029640 0.017769 0.000466 0.006635 0.001386 0.000933 0.002287 0.003282 0.002410 0.021101 0.009948 0.001352
0.482831 0.001353 0.003206 0.001087 0.026664 0.000534 0.003730 0.001574 0.003459 0.016236 0.006461 0.002044 0.000290 0.002810 0.123463 0.001165 0.049315 0.001123 0.001107 0.087968 0.045782 0.034398 0.001510 0.015180 0.002968 0.002653 0.004606 0.007827 0.005218 0.037896 0.022012 0.003528
0.347917 0.001331 0.000859 0.006163 0.007327 0.008329 0.002518 0.000807 0.001318 0.040562 0.006562 0.001206 0.001205 0.001715 0.009876 0.001060 0.004432 0.003933 0.002569 0.262296 0.018190 0.128794 0.001328 0.005115 0.001741 0.004526 0.002424 0.030688 0.005832 0.026989 0.058393 0.003994
0.429256 0.001289 0.003975 0.007388 0.013940 0.015586 0.002837 0.001420 0.002781 0.023793 0.026154 0.001490 0.002149 0.001515 0.011339 0.000942 0.004061 0.005179 0.003587 0.233762 0.011954 0.084928 0.001618 0.003735 0.001728 0.009730 0.002462 0.013458 0.009806 0.014845 0.049927 0.003368
0.248081 0.002793 0.002476 0.002396 0.042055 0.001627 0.005763 0.003393 0.011482 0.048777 0.012121 0.004980 0.000627 0.002888 0.041566 0.001686 0.025183 0.002733 0.002036 0.208446 0.069564 0.056068 0.007931 0.010994 0.003065 0.007769 0.012232 0.028705 0.011010 0.053935 0.062226 0.005392
0.280585 0.005453 0.000627 0.002959 0.002685 0.014317 0.008479 0.002974 0.004500 0.029070 0.010401 0.003086 0.001442 0.003138 0.005888 0.007038 0.007440 0.008907 0.007484 0.203009 0.034109 0.176843 0.002987 0.003338 0.003216 0.004276 0.008304 0.026964 0.004730 0.032761 0.085829 0.007161
0.108615 0.019870 0.002522 0.009155 0.018254 0.004424 0.024601 0.008494 0.009463 0.070390 0.013649 0.011670 0.003041 0.010703 0.014297 0.005458 0.021253 0.012378 0.005542 0.201417 0.060118 0.091026 0.054056 0.011076 0.005516 0.018641 0.008772 0.037766 0.012383 0.041821 0.074132 0.009500
0.152715 0.004526 0.001317 0.005200 0.023358 0.002758 0.006107 0.002234 0.002913 0.093731 0.013779 0.002276 0.000679 0.003630 0.021407 0.002123 0.024276 0.003796 0.002159 0.200759 0.078541 0.076611 0.010813 0.007226 0.003160 0.006304 0.007940 0.034101 0.011547 0.070413 0.118548 0.005052
0.273716 0.007181 0.001878 0.005039 0.005325 0.025206 0.009774 0.004279 0.005856 0.034954 0.013181 0.004223 0.002819 0.005963 0.011150 0.005423 0.010030 0.011299 0.008078 0.192577 0.028249 0.162174 0.004635 0.005906 0.005356 0.005638 0.006057 0.034789 0.006632 0.028564 0.065108 0.008939
0.073334 0.013346 0.001832 0.008158 0.019866 0.002524 0.018484 0.005620 0.005006 0.080133 0.015120 0.009210 0.001291 0.007118 0.030538 0.004296 0.027241 0.006895 0.004018 0.187921 0.084326 0.088017 0.030411 0.013917 0.005527 0.012977 0.008868 0.039612 0.011630 0.067245 0.104798 0.010722
0.122893 0.025675 0.002312 0.007931 0.013020 0.004403 0.030828 0.008320 0.008581 0.066824 0.014445 0.012996 0.002484 0.011143 0.012430 0.006526 0.022070 0.010976 0.005549 0.185538 0.065797 0.084539 0.056273 0.010928 0.005346 0.019476 0.009539 0.035851 0.012451 0.043197 0.072607 0.009052
0.062150 0.017135 0.001552 0.006070 0.017292 0.002067 0.021251 0.005634 0.004456 0.080123 0.017610 0.009929 0.001005 0.006964 0.025845 0.004883 0.026407 0.006344 0.004297 0.181022 0.094637 0.090497 0.038894 0.015568 0.004781 0.012444 0.009534 0.040527 0.012276 0.070455 0.098220 0.010128
0.104240 0.023002 0.001921 0.008677 0.011408 0.002928 0.032573 0.007292 0.005133 0.050903 0.015674 0.016495 0.001514 0.010463 0.016129 0.005618 0.020076 0.010271 0.003452 0.180478 0.082164 0.092049 0.050362 0.014724 0.004361 0.022192 0.011503 0.034826 0.011886 0.055818 0.083363 0.008505
0.091135 0.024846 0.001771 0.007934 0.011028 0.002884 0.032510 0.006738 0.004913 0.055400 0.016647 0.014787 0.001450 0.010825 0.017623 0.006161 0.022775 0.009815 0.004121 0.173590 0.088151 0.086440 0.042994 0.014198 0.004728 0.020060 0.011475 0.036482 0.012176 0.063635 0.093926 0.008782
0.087191 0.022331 0.001978 0.009331 0.014774 0.003118 0.031706 0.007911 0.006407 0.055502 0.017369 0.016089 0.001625 0.010447 0.018536 0.005864 0.022189 0.010309 0.003675 0.170168 0.077831 0.089051 0.052020 0.017177 0.004551 0.022675 0.010995 0.037728 0.013043 0.057110 0.091106 0.010197
0.149590 0.012702 0.005720 0.023931 0.024458 0.024546 0.015635 0.007929 0.015853 0.045911 0.014779 0.008950 0.016211 0.010102 0.013859 0.006519 0.017786 0.025974 0.016232 0.170101 0.040162 0.092241 0.016852 0.008339 0.008312 0.012660 0.006032 0.036881 0.012544 0.028106 0.097242 0.013841
0.136319 0.037079 0.001352 0.006191 0.006160 0.002573 0.059922 0.007882 0.004776 0.039187 0.015629 0.020442 0.000890 0.010479 0.010654 0.007645 0.017071 0.011315 0.003570 0.168664 0.089801 0.078104 0.042707 0.011190 0.003860 0.021197 0.010168 0.025554 0.008395 0.051787 0.081771 0.007666
0.076183 0.016677 0.001811 0.005812 0.015711 0.002498 0.024126 0.006442 0.004868 0.071669 0.017387 0.010877 0.001107 0.007379 0.021742 0.005608 0.026420 0.007306 0.004479 0.159206 0.096155 0.090135 0.029649 0.014156 0.004842 0.014610 0.010276 0.040973 0.010800 0.066499 0.125337 0.009259
0.472311 0.000775 0.001203 0.009378 0.009730 0.001985 0.001248 0.000535 0.000847 0.036659 0.004120 0.000930 0.000378 0.000838 0.023282 0.001965 0.016580 0.000909 0.001221 0.158937 0.045809 0.080906 0.004754 0.003527 0.001193 0.004629 0.009202 0.039072 0.008342 0.031217 0.023725 0.003793
0.215934 0.029255 0.000994 0.003600 0.002903 0.002091 0.074485 0.008106 0.005208 0.033133 0.013064 0.020973 0.000607 0.007920 0.006071 0.010203 0.015956 0.009910 0.003123 0.158743 0.112768 0.062926 0.025585 0.008347 0.002810 0.013749 0.010291 0.018704 0.005805 0.047165 0.062908 0.006663
0.296237 0.011204 0.002612 0.007212 0.006222 0.029514 0.020582 0.007238 0.010687 0.033324 0.021822 0.009633 0.003474 0.007634 0.009930 0.007954 0.011426 0.013826 0.010586 0.158407 0.027556 0.127291 0.006533 0.009436 0.005873 0.006359 0.006019 0.030148 0.005715 0.024456 0.059997 0.011094
0.118762 0.013322 0.002028 0.003554 0.010246 0.001895 0.017044 0.004480 0.003220 0.061054 0.011952 0.008958 0.000520 0.004602 0.017160 0.003743 0.029600 0.004533 0.004260 0.158102 0.098536 0.110532 0.018853 0.009479 0.003906 0.017579 0.010980 0.038950 0.008925 0.057443 0.138028 0.007752
0.158188 0.040158 0.001926 0.004754 0.007908 0.003165 0.065554 0.011482 0.009243 0.050118 0.017276 0.023243 0.001093 0.011169 0.009070 0.010731 0.018507 0.012301 0.005849 0.157948 0.075162 0.067260 0.045671 0.010065 0.004637 0.016691 0.009091 0.022859 0.008433 0.039545 0.072671 0.008231
0.287529 0.024444 0.000628 0.002186 0.001693 0.001236 0.045429 0.005469 0.003464 0.041367 0.009173 0.017598 0.000480 0.007279 0.006131 0.007625 0.017260 0.005707 0.002623 0.154434 0.099732 0.067983 0.020161 0.005707 0.002788 0.013680 0.008629 0.020189 0.005260 0.056292 0.053183 0.004641
0.156010 0.042504 0.001379 0.006631 0.005224 0.003132 0.068937 0.007993 0.005281 0.038359 0.016240 0.022019 0.001070 0.011639 0.009421 0.010016 0.017122 0.012248 0.004313 0.153753 0.085100 0.072338 0.038103 0.010277 0.004031 0.019093 0.011664 0.025326 0.008402 0.050307 0.074257 0.007814
0.247626 0.028667 0.001415 0.003583 0.003536 0.004298 0.066364 0.010186 0.010058 0.035128 0.017964 0.021705 0.000986 0.008075 0.004669 0.012000 0.017012 0.009984 0.004538 0.152348 0.106941 0.053946 0.020624 0.007715 0.003096 0.010787 0.012630 0.016961 0.006271 0.034928 0.058768 0.007191
0.234431 0.033671 0.000934 0.002985 0.002366 0.002364 0.078412 0.009010 0.005670 0.031821 0.016948 0.021614 0.000541 0.007869 0.005374 0.012297 0.015128 0.009373 0.003221 0.149707 0.109562 0.056991 0.019364 0.007834 0.002863 0.013914 0.010570 0.016771 0.005742 0.045132 0.060909 0.006613
0.097702 0.027572 0.003497 0.015757 0.019893 0.005847 0.040354 0.010706 0.009357 0.053772 0.015100 0.020408 0.003768 0.013752 0.015660 0.007560 0.021150 0.015440 0.006571 0.148809 0.061363 0.075409 0.072138 0.015319 0.006191 0.026929 0.010537 0.037516 0.013408 0.041072 0.075661 0.011783
0.275201 0.024323 0.000792 0.002476 0.001666 0.002120 0.072436 0.008346 0.005700 0.031627 0.014640 0.017493 0.000478 0.006134 0.003911 0.013170 0.014068 0.008207 0.002777 0.148591 0.125627 0.052121 0.015988 0.007188 0.002354 0.009192 0.010561 0.013611 0.004681 0.044351 0.054010 0.006160
0.082722 0.022245 0.004123 0.014835 0.030602 0.007206 0.026183 0.010245 0.010925 0.062929 0.020734 0.013839 0.004779 0.013450 0.019794 0.007310 0.027815 0.013208 0.008468 0.147335 0.066506 0.075764 0.048183 0.014774 0.006956 0.022147 0.010318 0.038022 0.015438 0.044869 0.094893 0.013385
0.085341 0.024251 0.003988 0.015409 0.026912 0.007123 0.029119 0.010391 0.010259 0.060204 0.019513 0.015432 0.004544 0.013616 0.018965 0.007587 0.026706 0.013470 0.008012 0.146018 0.066023 0.074184 0.055610 0.015084 0.006725 0.023367 0.010395 0.038475 0.015179 0.044785 0.090236 0.013077
0.588951 0.000575 0.000733 0.000551 0.004929 0.000342 0.001301 0.000765 0.003461 0.073386 0.001871 0.000702 0.000037 0.000341 0.009137 0.002592 0.006242 0.000621 0.001220 0.145236 0.034498 0.062806 0.001257 0.002777 0.000699 0.000793 0.004765 0.006870 0.001478 0.031890 0.006901 0.002272
0.366591 0.011579 0.003252 0.001383 0.016186 0.003460 0.007340 0.002050 0.003013 0.031375 0.024091 0.002163 0.000375 0.009359 0.026121 0.002639 0.040328 0.002168 0.001644 0.141774 0.049110 0.075401 0.003901 0.009436 0.007114 0.005971 0.010710 0.012565 0.012368 0.050297 0.062213 0.004021
0.219125 0.032364 0.001528 0.003605 0.003582 0.004561 0.078447 0.011604 0.009815 0.040142 0.020066 0.024533 0.000758 0.007401 0.005652 0.020708 0.018500 0.008517 0.004218 0.141155 0.105474 0.047510 0.029903 0.009231 0.003139 0.009645 0.015506 0.020784 0.007898 0.035457 0.052152 0.007018
0.081853 0.023439 0.004133 0.016082 0.026589 0.009888 0.025765 0.010793 0.012017 0.070100 0.019641 0.013569 0.007363 0.014087 0.019314 0.009198 0.029998 0.012579 0.013728 0.139093 0.065700 0.074548 0.040251 0.014512 0.008809 0.018303 0.010744 0.038812 0.016946 0.048757 0.087785 0.015604
0.088158 0.025485 0.003532 0.014761 0.022691 0.010642 0.026998 0.010686 0.011107 0.068136 0.021373 0.013785 0.007211 0.013828 0.016738 0.009549 0.029927 0.011446 0.015093 0.137670 0.065873 0.078005 0.040101 0.013978 0.008431 0.017067 0.011188 0.036074 0.017315 0.050401 0.087888 0.014864
0.495389 0.002132 0.003115 0.007414 0.036804 0.008958 0.002686 0.001554 0.007178 0.075452 0.003050 0.001146 0.001280 0.002098 0.016811 0.002006 0.007010 0.003760 0.006303 0.136858 0.015404 0.099483 0.002187 0.008004 0.002241 0.002135 0.001569 0.012052 0.002082 0.019213 0.009882 0.004746
0.101076 0.040801 0.002831 0.010338 0.014731 0.006310 0.044930 0.010971 0.009783 0.052687 0.021456 0.018265 0.004364 0.017205 0.013135 0.008393 0.021210 0.015581 0.008387 0.136354 0.068793 0.079786 0.042495 0.013122 0.007436 0.025042 0.012318 0.027497 0.014214 0.047372 0.091818 0.011300
0.114874 0.018191 0.005846 0.023392 0.037271 0.018463 0.017652 0.010616 0.016862 0.068660 0.020620 0.010305 0.016580 0.013830 0.019172 0.008382 0.028537 0.014084 0.020738 0.133100 0.053490 0.073273 0.028644 0.013157 0.010135 0.013984 0.008700 0.036098 0.015966 0.039125 0.071881 0.018372
0.331711 0.002329 0.006146 0.016908 0.019602 0.024542 0.004427 0.002632 0.002321 0.051020 0.007750 0.003678 0.003141 0.006815 0.036316 0.002102 0.015303 0.005876 0.007498 0.133074 0.028684 0.137615 0.006660 0.012171 0.006732 0.005880 0.003041 0.022880 0.011327 0.028998 0.043802 0.009020
0.220925 0.003926 0.001931 0.015191 0.036201 0.002027 0.013501 0.002891 0.013680 0.163056 0.002388 0.005815 0.000502 0.002783 0.036860 0.009304 0.022471 0.002900 0.009163 0.130412 0.031221 0.088423 0.024404 0.010757 0.004114 0.007663 0.003334 0.059429 0.003484 0.046507 0.013772 0.010967
0.274531 0.040628 0.000827 0.003042 0.001779 0.002128 0.079629 0.008241 0.005478 0.030360 0.014280 0.018424 0.000563 0.008236 0.004923 0.011489 0.014140 0.008275 0.003235 0.130272 0.099972 0.056327 0.018236 0.005852 0.003362 0.013863 0.009496 0.015641 0.004894 0.043009 0.062743 0.006125
0.581410 0.003950 0.000860 0.005021 0.011950 0.006889 0.002640 0.001836 0.002259 0.047309 0.033210 0.001188 0.000405 0.003056 0.010469 0.002269 0.008202 0.003030 0.001281 0.129396 0.012713 0.036407 0.003336 0.009150 0.002500 0.002976 0.005261 0.015387 0.007694 0.017863 0.025765 0.004320
0.610548 0.004313 0.000799 0.002470 0.009149 0.001367 0.001788 0.001047 0.002165 0.036956 0.008689 0.000923 0.000452 0.002977 0.013139 0.001781 0.007806 0.002851 0.001204 0.128986 0.012439 0.076646 0.003797 0.003405 0.003765 0.003345 0.003955 0.012670 0.008308 0.016407 0.012521 0.003333
0.093884 0.038397 0.002848 0.012510 0.015934 0.006741 0.050759 0.011357 0.008357 0.049252 0.018824 0.022804 0.003454 0.015663 0.013435 0.007817 0.022878 0.015054 0.007450 0.126604 0.063530 0.074629 0.060803 0.015437 0.006125 0.029248 0.011118 0.032031 0.014311 0.045095 0.092569 0.011085
0.616026 0.000585 0.000646 0.006662 0.005277 0.004002 0.000965 0.000841 0.002324 0.024630 0.003750 0.000661 0.000300 0.000653 0.006977 0.001024 0.004801 0.001471 0.001107 0.126429 0.020403 0.072302 0.001015 0.003455 0.000896 0.001330 0.003326 0.012883 0.001685 0.034462 0.036334 0.002779
0.344242 0.002206 0.002061 0.005725 0.010258 0.006614 0.006607 0.002881 0.001267 0.039913 0.007157 0.005470 0.000581 0.003692 0.029500 0.002031 0.025755 0.005427 0.004951 0.124865 0.042157 0.096840 0.003393 0.010142 0.004559 0.007123 0.004523 0.028125 0.007455 0.050625 0.106853 0.007003
0.566734 0.006237 0.000283 0.001232 0.000587 0.001184 0.032585 0.003757 0.001867 0.016193 0.003999 0.021382 0.000355 0.002790 0.002357 0.006153 0.009509 0.003943 0.001071 0.121869 0.058164 0.043569 0.007567 0.003296 0.000899 0.006702 0.010319 0.014171 0.002788 0.026003 0.019752 0.002682
0.482682 0.008270 0.000509 0.001021 0.000655 0.001349 0.040564 0.004748 0.003810 0.023417 0.007347 0.010039 0.000281 0.003127 0.002168 0.012817 0.012742 0.004229 0.001802 0.119538 0.126068 0.031925 0.004242 0.003800 0.001405 0.004549 0.008567 0.009179 0.002502 0.032758 0.030194 0.003697
0.404377 0.023550 0.001093 0.002341 0.001934 0.004603 0.054365 0.007431 0.010249 0.019433 0.019254 0.011425 0.000854 0.007044 0.002266 0.010155 0.010065 0.012086 0.002574 0.116900 0.097147 0.043002 0.007309 0.005118 0.002201 0.010449 0.014040 0.010547 0.004773 0.022027 0.056627 0.004759
0.649234 0.003346 0.000649 0.002308 0.006057 0.001223 0.001437 0.000870 0.001568 0.034895 0.005652 0.000813 0.000448 0.003299 0.015940 0.001471 0.007415 0.002599 0.001070 0.116015 0.010111 0.067687 0.002521 0.003575 0.004599 0.002959 0.002842 0.015503 0.005668 0.015832 0.009147 0.003248
0.718482 0.000841 0.001911 0.004447 0.004751 0.019005 0.001121 0.000473 0.000797 0.011391 0.007544 0.000539 0.003168 0.001313 0.005851 0.000319 0.001888 0.002876 0.001697 0.114400 0.006891 0.042785 0.000466 0.001990 0.001714 0.002219 0.001498 0.008137 0.003539 0.007669 0.018800 0.001478
0.588513 0.001656 0.000533 0.002375 0.005113 0.000725 0.002535 0.001213 0.004241 0.081639 0.001293 0.001019 0.000102 0.000779 0.024338 0.004735 0.012145 0.000733 0.002552 0.110616 0.030652 0.048342 0.001784 0.004530 0.002671 0.000858 0.002054 0.014192 0.000861 0.038689 0.003829 0.004683
0.306239 0.002587 0.005279 0.024958 0.024156 0.014645 0.006030 0.003521 0.002856 0.041951 0.009794 0.004713 0.003139 0.009673 0.048418 0.002763 0.021395 0.006390 0.011307 0.110022 0.029891 0.134036 0.006228 0.013205 0.009309 0.006541 0.003291 0.017832 0.010176 0.041642 0.056700 0.011311
0.461442 0.004460 0.002866 0.003650 0.056139 0.007499 0.004680 0.002425 0.005791 0.025253 0.061625 0.002064 0.000401 0.004299 0.023388 0.001974 0.016328 0.001599 0.001854 0.108025 0.023427 0.041479 0.003211 0.011592 0.002927 0.005704 0.009692 0.009319 0.014589 0.022604 0.055861 0.003837
0.623984 0.001524 0.000571 0.002701 0.004950 0.001144 0.002853 0.001741 0.005176 0.071422 0.001650 0.001282 0.000118 0.000728 0.016893 0.005112 0.012342 0.000826 0.002204 0.106928 0.030673 0.035637 0.001892 0.005110 0.002311 0.000968 0.001893 0.011875 0.000873 0.036866 0.003933 0.003820
0.295482 0.008119 0.002182 0.008843 0.006239 0.029390 0.015719 0.006853 0.008775 0.033730 0.019174 0.010171 0.004684 0.009029 0.009577 0.011386 0.029778 0.013018 0.011592 0.106178 0.067941 0.089794 0.004720 0.017310 0.005372 0.005410 0.010780 0.031553 0.007440 0.043380 0.064291 0.012092
0.371915 0.040522 0.000873 0.003791 0.003862 0.009001 0.079732 0.006830 0.006813 0.022185 0.009312 0.012640 0.001722 0.008233 0.003459 0.010129 0.005596 0.029008 0.005487 0.105460 0.032693 0.057471 0.010856 0.003513 0.003162 0.015343 0.005951 0.018264 0.006932 0.016652 0.088692 0.003901
0.624338 0.002281 0.000491 0.000288 0.000500 0.000368 0.006442 0.002692 0.001389 0.031201 0.007770 0.007144 0.000088 0.000930 0.003389 0.002009 0.012453 0.001012 0.000781 0.104910 0.067340 0.049328 0.002437 0.002405 0.001137 0.002441 0.003493 0.010229 0.001382 0.027153 0.020549 0.001627
0.641198 0.002693 0.000830 0.000291 0.001644 0.000540 0.002579 0.001752 0.003112 0.038440 0.010548 0.001647 0.000082 0.000925 0.006543 0.001520 0.011039 0.000984 0.000861 0.103054 0.031597 0.058702 0.000695 0.002542 0.001647 0.002770 0.002448 0.013450 0.001111 0.017570 0.035562 0.001625
0.416757 0.005050 0.002533 0.017124 0.018421 0.006059 0.007493 0.003115 0.011778 0.101723 0.001824 0.003388 0.001219 0.003288 0.038068 0.006472 0.012473 0.003738 0.010607 0.101081 0.015730 0.073234 0.005721 0.008169 0.010375 0.005306 0.002439 0.045535 0.001452 0.041901 0.006167 0.011761
0.626154 0.002435 0.000508 0.000255 0.000379 0.000491 0.005469 0.001631 0.001635 0.019817 0.003667 0.003441 0.000067 0.000978 0.002137 0.005060 0.018308 0.000637 0.000901 0.067689 0.161776 0.018286 0.001203 0.002733 0.000878 0.001129 0.004576 0.007494 0.001535 0.023298 0.013762 0.001673
0.289247 0.020652 0.000824 0.002584 0.001627 0.002102 0.066387 0.007939 0.005722 0.030447 0.013132 0.016012 0.000515 0.005948 0.003779 0.013113 0.014032 0.008177 0.002656 0.148338 0.132769 0.050968 0.014635 0.007127 0.002277 0.008466 0.011262 0.013478 0.004486 0.043655 0.051388 0.006256
0.640574 0.001996 0.000597 0.000554 0.000745 0.000752 0.004713 0.001379 0.001993 0.022001 0.004036 0.002146 0.000104 0.000953 0.002550 0.005203 0.018105 0.000910 0.001212 0.074559 0.128740 0.019933 0.001333 0.002836 0.000872 0.001022 0.005035 0.007466 0.001791 0.026438 0.017196 0.002259
0.661138 0.002181 0.000480 0.000237 0.000323 0.000353 0.004934 0.001420 0.001446 0.025573 0.002608 0.003796 0.000056 0.000851 0.002320 0.004570 0.019510 0.000500 0.000864 0.062318 0.127815 0.020423 0.001336 0.002554 0.000736 0.001203 0.002987 0.009287 0.001151 0.024146 0.011349 0.001536
0.482682 0.008270 0.000509 0.001021 0.000655 0.001349 0.040564 0.004748 0.003810 0.023417 0.007347 0.010039 0.000281 0.003127 0.002168 0.012817 0.012742 0.004229 0.001802 0.119538 0.126068 0.031925 0.004242 0.003800 0.001405 0.004549 0.008567 0.009179 0.002502 0.032758 0.030194 0.003697
0.209093 0.013085 0.001738 0.002224 0.004728 0.001657 0.018367 0.004634 0.003553 0.055789 0.011315 0.009239 0.000363 0.003826 0.012289 0.004837 0.028645 0.003883 0.003574 0.137917 0.123926 0.106279 0.009315 0.007776 0.003345 0.013867 0.009641 0.031248 0.005632 0.045598 0.106246 0.006370
0.599980 0.003212 0.000705 0.000417 0.000909 0.000853 0.005310 0.001459 0.001980 0.031528 0.005406 0.002715 0.000100 0.001214 0.002735 0.005911 0.019500 0.000908 0.001253 0.076348 0.123518 0.032612 0.001480 0.003026 0.000914 0.001529 0.006132 0.010322 0.002103 0.029932 0.023928 0.002058
0.249367 0.027184 0.001478 0.003378 0.003110 0.005135 0.050552 0.009543 0.010297 0.033835 0.024077 0.019115 0.001121 0.007523 0.005112 0.014110 0.019749 0.007459 0.004136 0.151433 0.122731 0.047893 0.018793 0.008163 0.003350 0.008552 0.017774 0.018769 0.007076 0.036632 0.055391 0.007164
0.725309 0.001442 0.000309 0.000274 0.000273 0.000399 0.004445 0.001202 0.001216 0.013615 0.002262 0.003148 0.000045 0.000574 0.001643 0.003469 0.013401 0.000425 0.000573 0.056010 0.112475 0.015569 0.000902 0.001937 0.000584 0.000891 0.002985 0.005866 0.001046 0.016797 0.009639 0.001273
0.234431 0.033671 0.000934 0.002985 0.002366 0.002364 0.078412 0.009010 0.005670 0.031821 0.016948 0.021614 0.000541 0.007869 0.005374 0.012297 0.015128 0.009373 0.003221 0.149707 0.109562 0.056991 0.019364 0.007834 0.002863 0.013914 0.010570 0.016771 0.005742 0.045132 0.060909 0.006613
0.327467 0.032391 0.000720 0.002554 0.001457 0.002333 0.075957 0.008081 0.005811 0.027204 0.016618 0.014657 0.000454 0.006280 0.003601 0.013344 0.011919 0.007525 0.002800 0.126521 0.102721 0.047593 0.011065 0.005432 0.002658 0.010560 0.011715 0.012652 0.004471 0.037077 0.060790 0.005571
0.737445 0.001691 0.000402 0.000284 0.000339 0.000558 0.007073 0.001587 0.002066 0.012237 0.003021 0.002872 0.000074 0.000728 0.001188 0.005777 0.010805 0.000827 0.000680 0.055060 0.101168 0.012793 0.000791 0.001976 0.000637 0.001027 0.004717 0.004633 0.001201 0.014784 0.010225 0.001333
0.576105 0.013957 0.000749 0.001107 0.001086 0.003290 0.026890 0.002475 0.003498 0.008609 0.010891 0.003341 0.000773 0.005293 0.001331 0.005285 0.005103 0.015396 0.001118 0.065407 0.100051 0.025506 0.001465 0.002519 0.001262 0.013280 0.011813 0.006718 0.004396 0.015901 0.063539 0.001844
0.153068 0.003574 0.000740 0.004266 0.001564 0.004815 0.001586 0.000561 0.003163 0.005230 0.002280 0.000417 0.002474 0.008749 0.004161 0.000425 0.001640 0.003719 0.001594 0.050288 0.003546 0.677841 0.000682 0.000814 0.016896 0.002112 0.000960 0.004112 0.001365 0.005869 0.029316 0.002175
0.154907 0.004270 0.003921 0.012881 0.013993 0.029739 0.004440 0.001966 0.003014 0.045180 0.006265 0.002610 0.004994 0.013063 0.024644 0.001903 0.009479 0.005961 0.010184 0.109065 0.017249 0.363606 0.005373 0.008132 0.014166 0.005439 0.002355 0.019796 0.009761 0.025405 0.056685 0.009555
0.280585 0.005453 0.000627 0.002959 0.002685 0.014317 0.008479 0.002974 0.004500 0.029070 0.010401 0.003086 0.001442 0.003138 0.005888 0.007038 0.007440 0.008907 0.007484 0.203009 0.034109 0.176843 0.002987 0.003338 0.003216 0.004276 0.008304 0.026964 0.004730 0.032761 0.085829 0.007161
0.263491 0.006502 0.003117 0.096281 0.013775 0.032430 0.014965 0.004473 0.009427 0.022469 0.023751 0.006172 0.004980 0.013546 0.010912 0.005298 0.018214 0.012282 0.009766 0.066615 0.026157 0.163189 0.005511 0.023257 0.008014 0.004539 0.003540 0.017120 0.003288 0.042858 0.049874 0.014186
0.273716 0.007181 0.001878 0.005039 0.005325 0.025206 0.009774 0.004279 0.005856 0.034954 0.013181 0.004223 0.002819 0.005963 0.011150 0.005423 0.010030 0.011299 0.008078 0.192577 0.028249 0.162174 0.004635 0.005906 0.005356 0.005638 0.006057 0.034789 0.006632 0.028564 0.065108 0.008939
0.306239 0.002587 0.005279 0.024958 0.024156 0.014645 0.006030 0.003521 0.002856 0.041951 0.009794 0.004713 0.003139 0.009673 0.048418 0.002763 0.021395 0.006390 0.011307 0.110022 0.029891 0.134036 0.006228 0.013205 0.009309 0.006541 0.003291 0.017832 0.010176 0.041642 0.056700 0.011311
0.347917 0.001331 0.000859 0.006163 0.007327 0.008329 0.002518 0.000807 0.001318 0.040562 0.006562 0.001206 0.001205 0.001715 0.009876 0.001060 0.004432 0.003933 0.002569 0.262296 0.018190 0.128794 0.001328 0.005115 0.001741 0.004526 0.002424 0.030688 0.005832 0.026989 0.058393 0.003994
0.296237 0.011204 0.002612 0.007212 0.006222 0.029514 0.020582 0.007238 0.010687 0.033324 0.021822 0.009633 0.003474 0.007634 0.009930 0.007954 0.011426 0.013826 0.010586 0.158407 0.027556 0.127291 0.006533 0.009436 0.005873 0.006359 0.006019 0.030148 0.005715 0.024456 0.059997 0.011094
0.733954 0.003929 0.000311 0.003546 0.002570 0.001125 0.001460 0.000482 0.001771 0.015583 0.002908 0.000436 0.000219 0.001575 0.003970 0.001232 0.003416 0.002583 0.000650 0.049619 0.006330 0.125696 0.001789 0.001692 0.001982 0.002209 0.002134 0.005836 0.003068 0.010561 0.005349 0.002012
0.759643 0.002391 0.000197 0.000311 0.000642 0.000153 0.002200 0.000889 0.000904 0.036788 0.000976 0.000834 0.000039 0.001105 0.003206 0.001682 0.002328 0.001917 0.001811 0.040785 0.009716 0.113007 0.001088 0.000298 0.001638 0.000560 0.000512 0.001675 0.000528 0.008028 0.003306 0.000842
0.118762 0.013322 0.002028 0.003554 0.010246 0.001895 0.017044 0.004480 0.003220 0.061054 0.011952 0.008958 0.000520 0.004602 0.017160 0.003743 0.029600 0.004533 0.004260 0.158102 0.098536 0.110532 0.018853 0.009479 0.003906 0.017579 0.010980 0.038950 0.008925 0.057443 0.138028 0.007752
0.452184 0.005490 0.002270 0.018949 0.004838 0.025779 0.013372 0.005160 0.004628 0.030449 0.011930 0.006564 0.002028 0.007519 0.011168 0.004865 0.014710 0.010291 0.005731 0.088256 0.025276 0.110087 0.004664 0.012287 0.005256 0.004142 0.002959 0.026702 0.002950 0.026535 0.044305 0.008657
0.138165 0.013549 0.003157 0.007208 0.009454 0.024206 0.020398 0.006495 0.003259 0.027696 0.012912 0.008469 0.002261 0.009523 0.015704 0.009364 0.031422 0.013265 0.010945 0.073595 0.081850 0.103217 0.005548 0.010006 0.009760 0.018426 0.025099 0.045165 0.014693 0.046378 0.186656 0.012154
0.105387 0.010444 0.002364 0.004211 0.016675 0.002711 0.013494 0.003286 0.002488 0.059332 0.010961 0.005851 0.000488 0.005239 0.017644 0.002888 0.028794 0.005170 0.004102 0.136073 0.082343 0.094130 0.016336 0.007733 0.004053 0.023588 0.012131 0.041291 0.012556 0.060251 0.200705 0.007279
0.138165 0.013549 0.003157 0.007208 0.009454 0.024206 0.020398 0.006495 0.003259 0.027696 0.012912 0.008469 0.002261 0.009523 0.015704 0.009364 0.031422 0.013265 0.010945 0.073595 0.081850 0.103217 0.005548 0.010006 0.009760 0.018426 0.025099 0.045165 0.014693 0.046378 0.186656 0.012154
0.076183 0.016677 0.001811 0.005812 0.015711 0.002498 0.024126 0.006442 0.004868 0.071669 0.017387 0.010877 0.001107 0.007379 0.021742 0.005608 0.026420 0.007306 0.004479 0.159206 0.096155 0.090135 0.029649 0.014156 0.004842 0.014610 0.010276 0.040973 0.010800 0.066499 0.125337 0.009259
0.152715 0.004526 0.001317 0.005200 0.023358 0.002758 0.006107 0.002234 0.002913 0.093731 0.013779 0.002276 0.000679 0.003630 0.021407 0.002123 0.024276 0.003796 0.002159 0.200759 0.078541 0.076611 0.010813 0.007226 0.003160 0.006304 0.007940 0.034101 0.011547 0.070413 0.118548 0.005052
0.344242 0.002206 0.002061 0.005725 0.010258 0.006614 0.006607 0.002881 0.001267 0.039913 0.007157 0.005470 0.000581 0.003692 0.029500 0.002031 0.025755 0.005427 0.004951 0.124865 0.042157 0.096840 0.003393 0.010142 0.004559 0.007123 0.004523 0.028125 0.007455 0.050625 0.106853 0.007003
0.209093 0.013085 0.001738 0.002224 0.004728 0.001657 0.018367 0.004634 0.003553 0.055789 0.011315 0.009239 0.000363 0.003826 0.012289 0.004837 0.028645 0.003883 0.003574 0.137917 0.123926 0.106279 0.009315 0.007776 0.003345 0.013867 0.009641 0.031248 0.005632 0.045598 0.106246 0.006370
0.472288 0.008214 0.000539 0.001567 0.000734 0.005023 0.028319 0.002251 0.003167 0.008506 0.006744 0.008955 0.001347 0.009722 0.002130 0.008850 0.015589 0.029261 0.002377 0.055256 0.081500 0.043891 0.000970 0.006000 0.001723 0.018473 0.027700 0.017541 0.005901 0.015695 0.105788 0.003981
0.073334 0.013346 0.001832 0.008158 0.019866 0.002524 0.018484 0.005620 0.005006 0.080133 0.015120 0.009210 0.001291 0.007118 0.030538 0.004296 0.027241 0.006895 0.004018 0.187921 0.084326 0.088017 0.030411 0.013917 0.005527 0.012977 0.008868 0.039612 0.011630 0.067245 0.104798 0.010722
