cabinet 522 85 590 147 0.615227 0.294465
cabinet 118 132 336 312 0.362999 0.055701
cabinet 144 234 276 315 0.12511 0.760300
chair 434 209 577 434 0.53038 0.326917
chair 544 196 590 352 0.451755 0.522682
chair 515 208 564 341 0.186872 0.765188
table 465 174 587 341 0.379511 0.326277
table 38 223 488 432 0.210177 0.784563
door 8 12 143 288 0.373687 0.166750
door 0 162 104 271 0.104287 0.422422
picture 544 23 590 102 0.700725 0.283461
picture 105 0 333 29 0.676607 0.319989
picture 514 120 590 152 0.511669 0.458437
picture 395 54 441 88 0.294834 0.645423
picture 523 67 587 144 0.212668 0.233999
picture 403 83 434 86 0.153958 0.737565
picture 584 374 590 382 0.147898 0.401525
picture 435 6 444 62 0.139361 0.614190
picture 582 104 590 155 0.124899 0.525450
picture 221 121 308 151 0.117157 0.771146
picture 216 119 244 148 0.116868 0.775968
picture 73 225 104 248 0.106466 0.831037
picture 99 230 101 236 0.103205 0.868727
counter 2 254 249 399 0.11889 0.813650
counter 502 158 590 197 0.111994 0.681793
blinds 7 5 115 313 0.853698 0.053788
blinds 0 0 76 40 0.809686 0.163406
blinds 1 1 72 12 0.675869 0.288048
blinds 4 190 118 272 0.493779 0.306890
blinds 2 1 67 3 0.483312 0.465533
blinds 0 10 76 19 0.473145 0.500893
blinds 2 99 6 101 0.42502 0.568374
blinds 1 214 9 224 0.400488 0.505938
blinds 0 26 71 35 0.392642 0.593534
blinds 1 213 23 261 0.358483 0.511563
blinds 0 18 77 29 0.334421 0.654334
blinds 0 42 108 138 0.278797 0.658429
blinds 0 33 82 51 0.25982 0.705520
blinds 0 34 59 37 0.245348 0.745824
blinds 0 200 110 225 0.185775 0.717098
blinds 0 104 112 185 0.184556 0.738994
blinds 0 93 74 113 0.180844 0.807427
blinds 0 47 85 59 0.127554 0.843791
blinds 1 197 100 209 0.114238 0.828497
blinds 0 76 97 99 0.107529 0.876441
blinds 0 47 35 50 0.102796 0.887932
desk 41 241 238 428 0.131063 0.766756
dresser 141 148 328 320 0.257964 0.103700
pillow 558 353 574 367 0.14246 0.598589
pillow 549 342 574 393 0.139461 0.626674
pillow 569 332 589 382 0.119066 0.503086
mirror 508 19 590 156 0.974603 0.008100
mirror 471 11 524 177 0.473953 0.450205
mirror 511 70 536 154 0.406153 0.522614
mirror 422 13 520 314 0.373066 0.540757
mirror 511 8 542 108 0.142716 0.818146
paper 548 383 589 440 0.403092 0.154614
paper 584 374 590 382 0.247864 0.401525
paper 536 397 563 440 0.214577 0.238024
paper 564 368 574 380 0.193409 0.548945
paper 182 367 193 370 0.148179 0.498536
paper 549 361 576 392 0.135625 0.594637
paper 2 377 42 440 0.12458 0.566636
paper 200 338 204 345 0.121891 0.814302
paper 563 368 566 374 0.109754 0.668414
paper 544 413 561 430 0.106285 0.643537
paper 90 208 95 210 0.104941 0.676539
box 536 395 564 438 0.200508 0.238024
box 548 380 589 439 0.122815 0.154614
box 16 267 21 269 0.118864 0.837242
night_stand 149 142 315 292 0.896524 0.031948
sink 511 151 585 199 0.187771 0.681793
sink 471 160 586 334 0.16892 0.326277
lamp 530 1 589 15 0.226599 0.724925
garbage_bin 296 153 316 200 0.298437 0.684118
garbage_bin 269 147 317 299 0.21728 0.741972
garbage_bin 166 208 322 313 0.128596 0.516706
