picture 104 24 288 342 0.99295 0.006080
picture 145 66 258 160 0.346224 0.649727
picture 285 257 295 273 0.271706 0.449083
picture 159 275 166 280 0.243624 0.704746
picture 163 277 171 287 0.213481 0.649270
picture 130 292 290 323 0.208718 0.763321
picture 213 82 248 154 0.207048 0.777299
picture 101 17 144 343 0.184456 0.747342
picture 111 275 129 321 0.172625 0.816893
picture 176 262 196 276 0.150022 0.821389
picture 191 250 204 263 0.132313 0.820232
picture 354 320 366 335 0.115908 0.324195
picture 47 364 53 367 0.112038 0.172001
picture 49 351 64 367 0.111472 0.156797
picture 263 287 279 295 0.108758 0.871618
picture 291 266 294 272 0.107233 0.587291
picture 67 207 76 210 0.106594 0.074536
picture 155 130 195 160 0.104736 0.695139
picture 236 90 255 127 0.103737 0.872814
picture 177 265 185 271 0.10274 0.831151
picture 463 112 465 113 0.101311 0.156253
pillow 530 247 589 305 0.300269 0.094658
tv 242 52 269 69 0.101528 0.676554
paper 535 248 590 288 0.315921 0.165031
paper 528 254 542 268 0.261138 0.665179
paper 15 366 81 428 0.246183 0.133134
paper 560 388 565 394 0.245034 0.063395
paper 312 98 315 111 0.23809 0.229658
paper 363 377 480 440 0.235301 0.141016
paper 13 283 22 288 0.233519 0.091929
paper 37 255 62 260 0.226532 0.107095
paper 589 254 590 254 0.22575 0.232438
paper 463 112 464 112 0.224472 0.156253
paper 550 138 558 143 0.223708 0.062885
paper 469 381 479 414 0.222087 0.242276
paper 543 162 562 174 0.216778 0.073299
paper 101 412 105 415 0.211293 0.349040
paper 17 362 30 367 0.209152 0.069939
paper 384 351 398 384 0.204652 0.146285
paper 67 207 75 210 0.199983 0.074536
paper 65 239 73 243 0.194669 0.076303
paper 239 400 241 406 0.192516 0.265323
paper 2 190 68 241 0.190407 0.148563
paper 398 395 431 414 0.188123 0.312066
paper 49 351 63 366 0.183725 0.156797
paper 189 337 255 422 0.182716 0.329994
paper 453 16 500 31 0.182201 0.255155
paper 47 364 52 366 0.180393 0.172001
paper 586 248 590 254 0.178696 0.253477
paper 272 416 287 431 0.176792 0.342734
paper 480 400 483 405 0.17627 0.168305
paper 1 176 17 189 0.175346 0.075015
paper 37 385 145 440 0.174112 0.113808
paper 425 388 430 396 0.171387 0.154551
paper 555 279 590 303 0.170761 0.421277
paper 191 395 203 415 0.170352 0.324080
paper 464 427 467 433 0.170111 0.328947
paper 389 96 392 98 0.169226 0.114743
paper 132 384 143 397 0.168217 0.212688
paper 448 358 452 368 0.165764 0.247037
paper 75 234 77 239 0.16201 0.137333
paper 225 386 239 399 0.157902 0.199015
paper 169 0 175 18 0.155734 0.679762
paper 433 320 588 439 0.153559 0.337274
paper 324 416 332 440 0.153081 0.183951
paper 329 383 367 440 0.15105 0.143181
paper 234 347 304 426 0.150171 0.439877
paper 57 395 63 401 0.149267 0.225818
paper 75 110 81 113 0.149231 0.126639
paper 203 390 206 394 0.148769 0.219386
paper 316 299 352 319 0.144172 0.222497
paper 6 291 14 297 0.141845 0.389872
paper 151 123 152 127 0.1414 0.433930
paper 555 286 559 295 0.139748 0.746954
paper 5 266 9 268 0.13943 0.140473
paper 237 395 238 397 0.139053 0.179603
paper 1 269 16 284 0.138883 0.137610
paper 1 291 7 301 0.138202 0.106434
paper 200 386 204 392 0.136958 0.250768
paper 198 37 229 57 0.134909 0.710494
paper 408 337 414 351 0.134696 0.360183
paper 17 186 105 208 0.134447 0.164632
paper 286 256 295 273 0.133267 0.449083
paper 350 352 369 402 0.133198 0.285264
paper 174 0 248 50 0.13251 0.576218
paper 2 200 105 287 0.131535 0.212017
paper 535 275 541 281 0.128705 0.793726
paper 237 29 245 49 0.123007 0.706602
paper 432 339 441 350 0.121808 0.466842
paper 319 281 351 304 0.117772 0.203819
paper 354 319 367 334 0.11761 0.324195
paper 242 155 244 158 0.115895 0.588473
paper 154 145 177 158 0.110874 0.649940
paper 451 433 463 440 0.105763 0.204233
paper 309 374 336 400 0.10322 0.545770
paper 153 131 193 158 0.102342 0.695139
paper 582 436 590 440 0.101997 0.168307
towel 526 247 590 304 0.132243 0.094658
box 101 412 106 415 0.186594 0.349040
box 560 388 566 394 0.171663 0.063395
box 363 373 482 440 0.167596 0.141016
box 272 415 288 431 0.154398 0.342734
box 464 426 467 440 0.145594 0.174413
box 351 351 369 402 0.134041 0.285264
box 454 15 501 31 0.129803 0.255155
box 433 309 590 440 0.128534 0.337274
box 323 414 332 440 0.128202 0.183951
box 559 278 590 303 0.12719 0.364213
box 16 363 83 427 0.126309 0.133134
box 368 351 399 383 0.124637 0.199950
box 451 432 463 440 0.123277 0.204233
box 550 137 559 143 0.120634 0.062885
box 543 161 563 174 0.116275 0.073299
box 448 351 453 368 0.115808 0.279312
box 13 282 23 288 0.11545 0.091929
box 17 362 31 366 0.114703 0.069939
box 470 380 480 414 0.113571 0.242276
box 354 320 366 334 0.112429 0.324195
box 329 380 367 440 0.109362 0.143181
box 432 339 442 350 0.10817 0.466842
box 37 255 63 260 0.107439 0.107095
box 399 394 432 414 0.10618 0.312066
box 49 351 64 366 0.103949 0.156797
box 47 364 53 366 0.103295 0.172001
box 582 435 590 440 0.103149 0.168307
box 6 291 14 297 0.102758 0.389872
box 389 96 392 97 0.102747 0.114743
box 408 337 415 351 0.102674 0.360183
box 372 298 510 397 0.101558 0.484652
box 426 387 431 395 0.10044 0.154551
box 64 239 74 242 0.100229 0.076303
whiteboard 2 313 112 382 0.156633 0.112078
whiteboard 284 154 380 291 0.134682 0.618594
lamp 289 32 294 45 0.119736 0.579707
bag 527 247 590 291 0.161022 0.103684
garbage_bin 559 388 566 395 0.174004 0.063395
garbage_bin 12 364 83 428 0.151127 0.133134
garbage_bin 469 380 480 415 0.139275 0.242276
garbage_bin 425 387 431 396 0.133426 0.154551
garbage_bin 188 332 256 423 0.133106 0.329994
garbage_bin 389 95 392 98 0.126854 0.114743
garbage_bin 239 400 242 407 0.125362 0.265323
garbage_bin 74 234 78 240 0.123975 0.137333
garbage_bin 384 351 399 384 0.122676 0.146285
garbage_bin 64 234 78 242 0.122141 0.150384
garbage_bin 230 343 307 427 0.121902 0.439877
garbage_bin 453 15 501 32 0.119875 0.255155
garbage_bin 132 383 144 398 0.118745 0.212688
garbage_bin 397 395 432 415 0.116675 0.312066
garbage_bin 226 385 240 399 0.114088 0.199015
garbage_bin 204 389 207 394 0.113107 0.219386
garbage_bin 191 395 204 416 0.108975 0.324080
garbage_bin 238 395 238 397 0.104853 0.179603
garbage_bin 480 399 484 405 0.101141 0.168305
garbage_bin 351 350 369 403 0.100373 0.285264
