0.294465 0.615227 0.000013 0.000505 0.000334 0.000068 0.003877 0.000284 0.003730 0.030138 0.000196 0.000395 0.000035 0.009924 0.000297 0.007963 0.000370 0.000748 0.005859 0.000390 0.000084 0.001804 0.000067 0.000086 0.019125 0.000230 0.000031 0.000866 0.000056 0.000713 0.001690 0.000431
0.055701 0.362999 0.000070 0.000262 0.000012 0.003687 0.000351 0.000028 0.000182 0.000176 0.000130 0.000008 0.004746 0.087361 0.000013 0.000065 0.000050 0.008686 0.010451 0.000042 0.000030 0.002134 0.000011 0.000006 0.427043 0.000149 0.000049 0.000065 0.000013 0.000099 0.035255 0.000127
0.760300 0.125110 0.000045 0.001208 0.000505 0.002373 0.002172 0.000864 0.000850 0.015663 0.001707 0.000362 0.000245 0.002444 0.000925 0.004003 0.002105 0.009180 0.019478 0.002662 0.001177 0.007036 0.000374 0.000320 0.007382 0.000405 0.001380 0.002037 0.000363 0.002941 0.021092 0.003293
0.326917 0.002067 0.001717 0.530380 0.010391 0.033747 0.000910 0.000276 0.000227 0.002075 0.006144 0.000259 0.004857 0.002067 0.000999 0.000852 0.000890 0.012093 0.001556 0.002784 0.005277 0.006658 0.000724 0.002187 0.000758 0.016329 0.006708 0.007715 0.005020 0.001801 0.003925 0.001689
0.522682 0.000150 0.000011 0.451755 0.001054 0.004334 0.000215 0.000073 0.000068 0.002894 0.000233 0.000061 0.000158 0.000126 0.000621 0.000526 0.000618 0.001196 0.000348 0.001554 0.002934 0.002394 0.000241 0.000384 0.000080 0.000451 0.000403 0.002163 0.000133 0.000750 0.000409 0.000981
0.765188 0.000286 0.000030 0.186872 0.001456 0.012581 0.000354 0.000138 0.000083 0.000898 0.001463 0.000115 0.000522 0.000131 0.000514 0.000632 0.000800 0.002369 0.000212 0.002489 0.003399 0.001981 0.000541 0.000177 0.000159 0.002372 0.007379 0.002534 0.000551 0.000791 0.002288 0.000695
0.326277 0.003577 0.000359 0.006354 0.001751 0.379511 0.000772 0.000374 0.000614 0.001878 0.023513 0.000237 0.015599 0.000888 0.000413 0.003515 0.000528 0.004397 0.002780 0.002011 0.002987 0.001995 0.001233 0.000354 0.000904 0.021093 0.168920 0.009337 0.013043 0.000706 0.002382 0.001699
0.784563 0.000092 0.000023 0.000319 0.000041 0.210177 0.000001 0.000000 0.000004 0.000000 0.004394 0.000000 0.000254 0.000002 0.000000 0.000001 0.000000 0.000018 0.000001 0.000000 0.000000 0.000000 0.000003 0.000000 0.000001 0.000008 0.000076 0.000001 0.000015 0.000000 0.000004 0.000001
0.166750 0.003326 0.000072 0.000017 0.000115 0.000087 0.373687 0.001790 0.000117 0.000442 0.000179 0.446172 0.000002 0.000041 0.000019 0.000981 0.000392 0.002449 0.000123 0.000065 0.000127 0.000126 0.000107 0.000182 0.000075 0.001777 0.000071 0.000165 0.000015 0.000113 0.000370 0.000048
0.422422 0.000383 0.000056 0.000158 0.000087 0.000117 0.104287 0.001872 0.000045 0.005223 0.000297 0.427106 0.000008 0.000084 0.000598 0.000676 0.002359 0.001218 0.000335 0.009642 0.003760 0.002187 0.000267 0.001312 0.000503 0.002910 0.000425 0.001257 0.000111 0.005621 0.004275 0.000402
0.283461 0.000398 0.000000 0.000004 0.000006 0.000001 0.000089 0.000011 0.000034 0.700725 0.000002 0.000029 0.000000 0.000020 0.000178 0.011835 0.000072 0.000018 0.000799 0.000566 0.000017 0.000348 0.000001 0.000056 0.000014 0.000003 0.000001 0.001056 0.000001 0.000114 0.000004 0.000138
0.319989 0.000008 0.000000 0.000089 0.000043 0.000002 0.000017 0.000027 0.000044 0.676607 0.000002 0.000007 0.000000 0.000003 0.000103 0.000611 0.000068 0.000031 0.001419 0.000378 0.000017 0.000210 0.000006 0.000053 0.000013 0.000001 0.000000 0.000048 0.000001 0.000114 0.000002 0.000088
0.458437 0.005894 0.000000 0.000067 0.000057 0.000006 0.000160 0.000081 0.000080 0.511669 0.000046 0.000027 0.000000 0.000090 0.000087 0.019471 0.000058 0.000205 0.000754 0.000362 0.000042 0.001206 0.000103 0.000048 0.000146 0.000015 0.000105 0.000356 0.000076 0.000162 0.000016 0.000174
0.645423 0.000040 0.000005 0.000062 0.000014 0.000016 0.000061 0.000022 0.000343 0.294834 0.000032 0.000011 0.000004 0.000051 0.000446 0.000041 0.000122 0.000888 0.000029 0.047788 0.000256 0.007864 0.000012 0.000086 0.000075 0.000016 0.000006 0.000191 0.000022 0.001087 0.000042 0.000110
0.233999 0.333547 0.000011 0.000519 0.000358 0.000056 0.010252 0.000646 0.005873 0.212668 0.000193 0.000737 0.000011 0.003518 0.000354 0.171868 0.000700 0.001792 0.009551 0.000656 0.000213 0.002685 0.000249 0.000217 0.003990 0.000291 0.000118 0.001879 0.000111 0.000984 0.000675 0.001279
0.737565 0.000083 0.000020 0.000206 0.000051 0.000146 0.000210 0.000124 0.001992 0.153958 0.000233 0.000051 0.000056 0.000148 0.000968 0.000222 0.000408 0.002306 0.000157 0.074125 0.001498 0.020402 0.000051 0.000213 0.000298 0.000117 0.000155 0.000894 0.000142 0.002067 0.000402 0.000729
0.401525 0.000304 0.000519 0.003021 0.002194 0.013442 0.002156 0.001340 0.001485 0.147898 0.004423 0.000886 0.000386 0.000733 0.011507 0.000961 0.002292 0.006010 0.001698 0.247864 0.005294 0.085090 0.010507 0.007137 0.000932 0.004497 0.000446 0.011627 0.001881 0.009778 0.010032 0.002133
0.614190 0.003325 0.000243 0.000371 0.000595 0.000354 0.016295 0.002560 0.007983 0.139361 0.000465 0.000923 0.000010 0.001074 0.003964 0.032793 0.007311 0.001185 0.003976 0.053670 0.014376 0.043562 0.000723 0.001211 0.002736 0.000793 0.000319 0.013461 0.000110 0.022915 0.004499 0.004649
0.525450 0.003087 0.004738 0.011737 0.028989 0.007770 0.008385 0.002074 0.002248 0.124899 0.004822 0.001368 0.000337 0.008913 0.029500 0.002867 0.006088 0.009887 0.003314 0.063068 0.005570 0.058624 0.002226 0.015788 0.002703 0.006457 0.000520 0.008990 0.007289 0.013811 0.024227 0.004253
0.771146 0.001712 0.000628 0.001031 0.003015 0.000454 0.000807 0.000756 0.000736 0.117157 0.000621 0.001220 0.000224 0.000600 0.003743 0.000406 0.001076 0.000592 0.000530 0.023488 0.001435 0.011252 0.030693 0.002025 0.001729 0.000672 0.000211 0.016401 0.000630 0.002557 0.001287 0.001166
0.775968 0.000148 0.000018 0.000029 0.000138 0.000108 0.000084 0.000257 0.000472 0.116868 0.000996 0.000090 0.000013 0.000061 0.000543 0.000291 0.000358 0.000192 0.000226 0.057729 0.001745 0.038137 0.000895 0.000302 0.000181 0.000061 0.000169 0.001234 0.000363 0.001566 0.000239 0.000522
0.831037 0.000076 0.000004 0.000087 0.000010 0.000023 0.001418 0.000222 0.000022 0.106466 0.000034 0.000474 0.000001 0.000021 0.000773 0.000577 0.000923 0.001652 0.002196 0.040605 0.000743 0.006747 0.000048 0.000170 0.000815 0.000040 0.000012 0.000254 0.000014 0.002687 0.001139 0.000708
0.868727 0.000139 0.000004 0.000122 0.000011 0.000022 0.000425 0.000128 0.000253 0.103205 0.000056 0.000080 0.000002 0.000029 0.000334 0.002528 0.000190 0.001272 0.004268 0.011179 0.000292 0.003638 0.000140 0.000187 0.000288 0.000019 0.000015 0.000398 0.000012 0.000877 0.000148 0.001011
0.813650 0.001358 0.000035 0.001024 0.005082 0.008265 0.000061 0.000049 0.000397 0.000260 0.118890 0.000023 0.037979 0.000255 0.000286 0.000057 0.000279 0.000071 0.000124 0.001831 0.000285 0.000310 0.000088 0.000245 0.001273 0.000186 0.002724 0.000171 0.000955 0.000468 0.003023 0.000300
0.681793 0.000178 0.000006 0.000090 0.000031 0.003156 0.000028 0.000053 0.000070 0.003422 0.111994 0.000032 0.000044 0.000055 0.000186 0.001036 0.000140 0.000021 0.000063 0.004420 0.000412 0.002255 0.000034 0.000213 0.000073 0.000114 0.187771 0.000939 0.000856 0.000110 0.000198 0.000205
0.053788 0.000837 0.000025 0.000004 0.000050 0.000011 0.088102 0.000843 0.000033 0.000146 0.000063 0.853698 0.000000 0.000008 0.000013 0.000383 0.000294 0.000249 0.000098 0.000036 0.000071 0.000037 0.000059 0.000081 0.000025 0.000561 0.000105 0.000060 0.000012 0.000080 0.000199 0.000030
0.163406 0.000024 0.000003 0.000002 0.000005 0.000001 0.025390 0.000125 0.000006 0.000399 0.000026 0.809686 0.000000 0.000001 0.000014 0.000029 0.000055 0.000021 0.000007 0.000220 0.000074 0.000118 0.000004 0.000060 0.000008 0.000036 0.000010 0.000051 0.000001 0.000182 0.000026 0.000009
0.288048 0.000184 0.000010 0.000013 0.000023 0.000003 0.030181 0.000487 0.000050 0.001958 0.000170 0.675869 0.000000 0.000005 0.000050 0.000192 0.000173 0.000047 0.000069 0.000571 0.000136 0.000544 0.000013 0.000213 0.000049 0.000051 0.000022 0.000238 0.000002 0.000495 0.000055 0.000078
0.306890 0.003926 0.000653 0.000454 0.000749 0.000515 0.103838 0.007324 0.000254 0.005599 0.000662 0.493779 0.000041 0.000608 0.001228 0.002705 0.004965 0.007798 0.003929 0.006798 0.003618 0.003698 0.002857 0.003341 0.003433 0.007177 0.001991 0.003234 0.000815 0.005042 0.010003 0.002077
0.465533 0.001081 0.000021 0.000030 0.000130 0.000008 0.022469 0.001130 0.000206 0.015936 0.000238 0.483312 0.000000 0.000018 0.000171 0.002187 0.000894 0.000049 0.000875 0.001076 0.000199 0.000927 0.000021 0.000752 0.000121 0.000053 0.000012 0.000941 0.000002 0.001337 0.000073 0.000197
0.500893 0.000020 0.000004 0.000011 0.000006 0.000003 0.022288 0.000150 0.000009 0.000397 0.000090 0.473145 0.000000 0.000002 0.000030 0.000031 0.000097 0.000053 0.000009 0.001180 0.000303 0.000305 0.000007 0.000084 0.000021 0.000103 0.000076 0.000113 0.000005 0.000375 0.000173 0.000018
0.568374 0.000039 0.000001 0.000006 0.000005 0.000003 0.004825 0.000089 0.000003 0.000226 0.000178 0.425020 0.000000 0.000002 0.000012 0.000002 0.000025 0.000015 0.000002 0.000485 0.000102 0.000062 0.000006 0.000033 0.000015 0.000062 0.000023 0.000039 0.000002 0.000222 0.000112 0.000006
0.505938 0.002880 0.000100 0.000651 0.000347 0.000479 0.039231 0.002685 0.000439 0.004528 0.002106 0.400488 0.000167 0.000554 0.000715 0.000338 0.001307 0.001112 0.000357 0.007815 0.002818 0.002255 0.000411 0.001677 0.001486 0.004299 0.001176 0.002196 0.000261 0.004270 0.006234 0.000679
0.593534 0.000010 0.000002 0.000003 0.000003 0.000001 0.010429 0.000062 0.000003 0.000245 0.000051 0.392642 0.000000 0.000001 0.000025 0.000006 0.000063 0.000020 0.000002 0.001676 0.000257 0.000218 0.000003 0.000054 0.000010 0.000070 0.000030 0.000067 0.000003 0.000386 0.000120 0.000006
0.511563 0.007327 0.000252 0.001990 0.000505 0.001106 0.040228 0.003886 0.000580 0.005702 0.001776 0.358483 0.000389 0.000912 0.001420 0.000777 0.003080 0.002571 0.000897 0.010542 0.004053 0.004930 0.001209 0.003235 0.004103 0.005617 0.002444 0.004099 0.000566 0.006997 0.007278 0.001481
0.654334 0.000008 0.000001 0.000002 0.000001 0.000001 0.008520 0.000048 0.000003 0.000191 0.000048 0.334421 0.000000 0.000001 0.000016 0.000004 0.000048 0.000013 0.000002 0.001436 0.000197 0.000174 0.000002 0.000035 0.000008 0.000044 0.000023 0.000048 0.000002 0.000281 0.000085 0.000004
0.658429 0.000034 0.000015 0.000034 0.000023 0.000020 0.048470 0.000417 0.000018 0.000830 0.000119 0.278797 0.000001 0.000010 0.000158 0.000073 0.000725 0.000197 0.000020 0.003445 0.002314 0.000788 0.000020 0.000250 0.000060 0.000661 0.000152 0.000329 0.000016 0.002087 0.001441 0.000048
0.705520 0.000019 0.000009 0.000019 0.000017 0.000006 0.020764 0.000161 0.000013 0.000890 0.000102 0.259820 0.000000 0.000004 0.000160 0.000031 0.000329 0.000086 0.000012 0.005901 0.001257 0.001039 0.000010 0.000213 0.000045 0.000327 0.000109 0.000301 0.000012 0.001961 0.000832 0.000031
0.745824 0.000006 0.000001 0.000003 0.000002 0.000001 0.005263 0.000029 0.000002 0.000205 0.000032 0.245348 0.000000 0.000000 0.000028 0.000002 0.000045 0.000010 0.000001 0.001992 0.000241 0.000209 0.000001 0.000034 0.000007 0.000051 0.000017 0.000059 0.000002 0.000438 0.000144 0.000003
0.717098 0.000157 0.000038 0.000230 0.000073 0.000118 0.036339 0.000818 0.000061 0.004746 0.000328 0.185775 0.000015 0.000076 0.000894 0.000270 0.002464 0.000439 0.000111 0.017742 0.005898 0.003183 0.000141 0.001501 0.000428 0.002450 0.000478 0.002308 0.000082 0.010113 0.005277 0.000350
0.738994 0.000066 0.000030 0.000103 0.000058 0.000059 0.046120 0.000750 0.000046 0.001979 0.000289 0.184556 0.000003 0.000031 0.000389 0.000156 0.001333 0.000383 0.000050 0.007858 0.004472 0.001814 0.000054 0.000539 0.000152 0.001380 0.000286 0.000815 0.000040 0.003863 0.003198 0.000134
0.807427 0.000013 0.000002 0.000009 0.000006 0.000003 0.005384 0.000065 0.000004 0.000431 0.000083 0.180844 0.000000 0.000002 0.000083 0.000004 0.000116 0.000024 0.000003 0.002811 0.000457 0.000267 0.000005 0.000094 0.000025 0.000220 0.000040 0.000124 0.000004 0.001066 0.000372 0.000010
0.843791 0.000012 0.000004 0.000017 0.000010 0.000005 0.011475 0.000096 0.000009 0.001081 0.000079 0.127554 0.000000 0.000004 0.000198 0.000021 0.000297 0.000054 0.000008 0.008285 0.001326 0.001204 0.000007 0.000184 0.000043 0.000281 0.000081 0.000317 0.000008 0.002643 0.000879 0.000027
0.828497 0.000071 0.000016 0.000108 0.000029 0.000051 0.014605 0.000321 0.000030 0.002967 0.000193 0.114238 0.000006 0.000031 0.000605 0.000081 0.001193 0.000161 0.000037 0.016911 0.003442 0.002082 0.000048 0.000681 0.000219 0.001410 0.000264 0.001344 0.000042 0.006992 0.003187 0.000137
0.876441 0.000005 0.000002 0.000006 0.000003 0.000002 0.007254 0.000052 0.000003 0.000426 0.000032 0.107529 0.000000 0.000002 0.000095 0.000006 0.000180 0.000020 0.000003 0.004324 0.000743 0.000397 0.000003 0.000075 0.000019 0.000174 0.000033 0.000151 0.000003 0.001564 0.000442 0.000009
0.887932 0.000013 0.000001 0.000010 0.000003 0.000003 0.004082 0.000033 0.000003 0.000408 0.000052 0.102796 0.000000 0.000002 0.000052 0.000002 0.000057 0.000016 0.000002 0.002310 0.000335 0.000366 0.000002 0.000055 0.000018 0.000106 0.000026 0.000095 0.000002 0.000807 0.000404 0.000008
0.766756 0.003065 0.000368 0.003677 0.007680 0.033468 0.000123 0.000053 0.000702 0.000212 0.034593 0.000028 0.131063 0.001710 0.000250 0.000038 0.000385 0.000283 0.000168 0.001515 0.000268 0.000506 0.000051 0.000175 0.003742 0.000306 0.001226 0.000188 0.001151 0.000386 0.005663 0.000202
0.103700 0.175131 0.000344 0.000267 0.000034 0.002824 0.000887 0.000032 0.000797 0.000358 0.000043 0.000016 0.017078 0.257964 0.000017 0.000105 0.000129 0.017379 0.008249 0.000044 0.000041 0.002222 0.000078 0.000016 0.393596 0.000400 0.000036 0.000297 0.000023 0.000096 0.017547 0.000250
0.598589 0.000553 0.020480 0.009123 0.005368 0.000710 0.000465 0.000646 0.000299 0.012253 0.000944 0.000505 0.001627 0.002704 0.142460 0.000292 0.036878 0.000696 0.000822 0.043119 0.024902 0.027691 0.000805 0.005688 0.003417 0.001535 0.000888 0.010096 0.001319 0.036010 0.006300 0.002816
0.626674 0.000157 0.002953 0.003534 0.000454 0.000235 0.000160 0.000210 0.000122 0.006465 0.000662 0.000209 0.000554 0.000665 0.139461 0.000076 0.047991 0.000226 0.000242 0.032379 0.030853 0.032550 0.000235 0.002525 0.001916 0.000478 0.000956 0.004960 0.000233 0.056238 0.004132 0.001494
0.503086 0.001086 0.019314 0.023454 0.011075 0.006752 0.001676 0.001176 0.000290 0.031511 0.005447 0.001370 0.004363 0.003829 0.119066 0.000755 0.017120 0.003250 0.001872 0.055839 0.025106 0.033134 0.004825 0.032722 0.003811 0.008664 0.001252 0.021533 0.006762 0.032005 0.013833 0.004019
0.008100 0.000084 0.000000 0.000000 0.000000 0.000000 0.000202 0.000001 0.000001 0.016923 0.000000 0.000001 0.000000 0.000000 0.000000 0.974603 0.000001 0.000010 0.000040 0.000001 0.000000 0.000002 0.000001 0.000000 0.000000 0.000000 0.000000 0.000022 0.000000 0.000001 0.000000 0.000004
0.450205 0.001073 0.000001 0.000160 0.000009 0.000002 0.038965 0.000174 0.000330 0.027855 0.000005 0.000178 0.000000 0.000022 0.000020 0.473953 0.000153 0.004054 0.000458 0.000627 0.000104 0.000359 0.000203 0.000020 0.000016 0.000228 0.000011 0.000386 0.000006 0.000098 0.000080 0.000247
0.522614 0.005284 0.000000 0.000497 0.000016 0.000006 0.011705 0.000162 0.000325 0.046732 0.000011 0.000064 0.000000 0.000028 0.000018 0.406153 0.000091 0.003664 0.000556 0.000465 0.000082 0.000457 0.000060 0.000010 0.000034 0.000156 0.000027 0.000306 0.000009 0.000125 0.000101 0.000242
0.540757 0.004751 0.000010 0.002143 0.000063 0.000065 0.035337 0.000425 0.000236 0.016394 0.000026 0.000777 0.000001 0.000153 0.000093 0.373066 0.000934 0.010362 0.002583 0.000993 0.000562 0.001228 0.001159 0.000171 0.000064 0.001019 0.000179 0.004475 0.000037 0.000461 0.000269 0.001206
0.818146 0.000161 0.000003 0.000030 0.000005 0.000002 0.006572 0.000091 0.000476 0.024357 0.000005 0.000034 0.000000 0.000015 0.000012 0.142716 0.000047 0.002154 0.000538 0.001661 0.000060 0.001979 0.000010 0.000020 0.000008 0.000027 0.000005 0.000474 0.000001 0.000084 0.000077 0.000234
0.154614 0.003394 0.002030 0.004046 0.004961 0.011609 0.005585 0.003165 0.005045 0.063569 0.015687 0.005559 0.003040 0.003389 0.016922 0.002748 0.006622 0.007272 0.005121 0.403092 0.015428 0.122815 0.020887 0.012054 0.005441 0.003567 0.003031 0.035266 0.008813 0.016058 0.022723 0.006448
0.401525 0.000304 0.000519 0.003021 0.002194 0.013442 0.002156 0.001340 0.001485 0.147898 0.004423 0.000886 0.000386 0.000733 0.011507 0.000961 0.002292 0.006010 0.001698 0.247864 0.005294 0.085090 0.010507 0.007137 0.000932 0.004497 0.000446 0.011627 0.001881 0.009778 0.010032 0.002133
0.238024 0.003497 0.001189 0.002982 0.003014 0.006301 0.003955 0.002235 0.010401 0.033145 0.008638 0.004604 0.001743 0.004574 0.013743 0.003916 0.012966 0.005950 0.006879 0.214577 0.033875 0.200508 0.001731 0.008269 0.006168 0.001887 0.005203 0.062432 0.002237 0.039974 0.046274 0.009108
0.548945 0.000164 0.000969 0.001467 0.000308 0.001163 0.000425 0.000421 0.000371 0.024997 0.001538 0.000517 0.000349 0.000529 0.020094 0.000217 0.018724 0.000695 0.000598 0.193409 0.054187 0.061992 0.000832 0.001758 0.001481 0.000663 0.000993 0.010240 0.000478 0.042747 0.006782 0.001949
0.498536 0.001915 0.001458 0.008074 0.003725 0.004801 0.000745 0.001405 0.001264 0.017162 0.024425 0.001075 0.002040 0.001601 0.034462 0.001582 0.039616 0.000981 0.001762 0.148179 0.050619 0.036571 0.001376 0.003239 0.005003 0.002473 0.003985 0.018572 0.004234 0.054534 0.018946 0.005641
0.594637 0.000051 0.000202 0.000705 0.000054 0.000096 0.000129 0.000117 0.000092 0.010331 0.000716 0.000157 0.000064 0.000166 0.031459 0.000052 0.023488 0.000192 0.000163 0.135625 0.067116 0.057429 0.000154 0.000531 0.000684 0.000282 0.000866 0.002963 0.000118 0.064679 0.005618 0.001065
0.566636 0.002481 0.000667 0.004289 0.003175 0.023450 0.002201 0.001429 0.002427 0.022908 0.008820 0.000782 0.001445 0.002214 0.006152 0.001725 0.006748 0.005090 0.005483 0.124580 0.015345 0.099010 0.000589 0.001815 0.005327 0.002252 0.002231 0.013019 0.002289 0.015220 0.046371 0.003829
0.814302 0.000571 0.000095 0.001104 0.000631 0.000800 0.000097 0.000226 0.000272 0.011002 0.014103 0.000091 0.000434 0.000314 0.006502 0.000206 0.002125 0.000069 0.000459 0.121891 0.002041 0.005425 0.000135 0.000893 0.000739 0.000161 0.000564 0.001592 0.000462 0.007317 0.003984 0.001392
0.668414 0.000127 0.000751 0.000717 0.000094 0.000226 0.000288 0.000265 0.000458 0.005988 0.000625 0.000336 0.000092 0.000367 0.024493 0.000123 0.038367 0.000185 0.000222 0.109754 0.044101 0.020611 0.000103 0.000780 0.001000 0.000194 0.000971 0.003320 0.000205 0.072623 0.002734 0.001466
0.643537 0.001979 0.000403 0.001725 0.001918 0.005057 0.002251 0.000640 0.006684 0.012161 0.006292 0.001104 0.000854 0.001953 0.002623 0.001096 0.003003 0.006997 0.001742 0.106285 0.016068 0.083306 0.000204 0.003233 0.001119 0.001489 0.001612 0.020266 0.000765 0.016155 0.045364 0.002115
0.676539 0.000824 0.000071 0.000506 0.000076 0.000257 0.007857 0.001519 0.000440 0.022212 0.001183 0.007945 0.000034 0.000360 0.003615 0.003241 0.006286 0.001443 0.000544 0.104941 0.054199 0.037297 0.001081 0.002409 0.001734 0.001718 0.002513 0.013072 0.000456 0.032575 0.009581 0.003472
0.238024 0.003497 0.001189 0.002982 0.003014 0.006301 0.003955 0.002235 0.010401 0.033145 0.008638 0.004604 0.001743 0.004574 0.013743 0.003916 0.012966 0.005950 0.006879 0.214577 0.033875 0.200508 0.001731 0.008269 0.006168 0.001887 0.005203 0.062432 0.002237 0.039974 0.046274 0.009108
0.154614 0.003394 0.002030 0.004046 0.004961 0.011609 0.005585 0.003165 0.005045 0.063569 0.015687 0.005559 0.003040 0.003389 0.016922 0.002748 0.006622 0.007272 0.005121 0.403092 0.015428 0.122815 0.020887 0.012054 0.005441 0.003567 0.003031 0.035266 0.008813 0.016058 0.022723 0.006448
0.837242 0.000564 0.000062 0.000732 0.000464 0.000301 0.000051 0.000025 0.000827 0.000495 0.000782 0.000014 0.001686 0.000858 0.000820 0.000007 0.000394 0.000169 0.000221 0.012812 0.000292 0.118864 0.000023 0.000213 0.007130 0.000204 0.000113 0.000362 0.000130 0.002452 0.011391 0.000302
0.031948 0.020515 0.000027 0.000031 0.000000 0.000295 0.000013 0.000001 0.000033 0.000028 0.000004 0.000001 0.004523 0.041531 0.000002 0.000002 0.000009 0.000452 0.000735 0.000007 0.000003 0.000286 0.000000 0.000001 0.896524 0.000007 0.000002 0.000007 0.000000 0.000015 0.002984 0.000011
0.681793 0.000178 0.000006 0.000090 0.000031 0.003156 0.000028 0.000053 0.000070 0.003422 0.111994 0.000032 0.000044 0.000055 0.000186 0.001036 0.000140 0.000021 0.000063 0.004420 0.000412 0.002255 0.000034 0.000213 0.000073 0.000114 0.187771 0.000939 0.000856 0.000110 0.000198 0.000205
0.326277 0.003577 0.000359 0.006354 0.001751 0.379511 0.000772 0.000374 0.000614 0.001878 0.023513 0.000237 0.015599 0.000888 0.000413 0.003515 0.000528 0.004397 0.002780 0.002011 0.002987 0.001995 0.001233 0.000354 0.000904 0.021093 0.168920 0.009337 0.013043 0.000706 0.002382 0.001699
0.724925 0.000118 0.000409 0.001624 0.000100 0.000018 0.000632 0.000089 0.000066 0.018201 0.000002 0.000613 0.000000 0.000118 0.008087 0.009265 0.001103 0.000085 0.000225 0.004025 0.000270 0.001486 0.000559 0.000100 0.000355 0.000031 0.000005 0.226599 0.000005 0.000536 0.000057 0.000293
0.684118 0.000352 0.000175 0.000588 0.000010 0.000756 0.000130 0.000012 0.000008 0.000255 0.000277 0.000015 0.000008 0.000538 0.000404 0.000011 0.000851 0.000840 0.000063 0.000796 0.001253 0.004120 0.000003 0.000053 0.001025 0.002921 0.000999 0.000505 0.000028 0.000408 0.298437 0.000039
0.741972 0.007936 0.000061 0.000125 0.000006 0.002796 0.000139 0.000012 0.000045 0.000137 0.000354 0.000004 0.000186 0.006888 0.000026 0.000017 0.000092 0.002778 0.000292 0.000256 0.000115 0.004136 0.000001 0.000007 0.013365 0.000421 0.000278 0.000106 0.000016 0.000116 0.217280 0.000037
0.516706 0.067862 0.000046 0.002110 0.000217 0.045625 0.001656 0.000532 0.000589 0.011380 0.001450 0.000104 0.001116 0.005639 0.000438 0.003254 0.001404 0.037557 0.078847 0.002593 0.001818 0.053255 0.000187 0.000217 0.019543 0.000970 0.002702 0.002973 0.000425 0.004345 0.128596 0.005843
