chair 200 431 222 438 0.206447 0.506777
chair 203 431 208 434 0.196674 0.651271
chair 133 195 141 201 0.11893 0.833523
sofa 31 185 531 434 0.996461 0.003295
sofa 0 265 281 372 0.705829 0.292169
sofa 33 326 46 343 0.209048 0.453754
sofa 233 199 509 328 0.182124 0.742224
sofa 44 318 49 327 0.109189 0.704211
door 2 0 46 347 0.121857 0.519509
pillow 58 240 145 322 0.156942 0.834203
pillow 279 206 488 339 0.149175 0.510720
pillow 22 286 98 327 0.119447 0.628421
pillow 96 300 122 322 0.108976 0.890048
pillow 426 272 533 359 0.105527 0.872128
clothes 492 192 588 306 0.129562 0.675559
clothes 320 231 511 342 0.12922 0.687588
clothes 507 0 589 372 0.125892 0.535632
paper 258 301 353 346 0.233687 0.366418
paper 543 400 551 406 0.164938 0.593016
paper 521 401 544 440 0.132836 0.405117
paper 562 337 575 351 0.13068 0.395123
paper 265 297 268 301 0.118125 0.695230
paper 560 364 590 415 0.114095 0.495486
paper 576 320 590 335 0.109219 0.355133
paper 560 351 576 367 0.106286 0.490150
paper 3 314 46 440 0.105276 0.651680
paper 43 337 47 343 0.103276 0.570702
paper 5 239 6 241 0.101453 0.434166
paper 34 189 40 223 0.101355 0.807185
paper 1 202 12 272 0.100587 0.404358
towel 508 196 587 308 0.230614 0.564504
towel 502 18 580 264 0.204436 0.599614
towel 538 9 543 24 0.14012 0.815551
towel 539 235 575 273 0.137066 0.759986
towel 560 106 578 147 0.121178 0.723752
towel 548 192 562 208 0.107263 0.805918
towel 519 138 526 156 0.106178 0.815976
box 562 336 574 351 0.138547 0.395123
box 15 230 49 326 0.124867 0.316942
box 1 270 17 319 0.122881 0.369709
box 488 211 494 215 0.117678 0.546760
box 559 349 575 368 0.105795 0.490150
box 520 396 543 440 0.100297 0.405117
whiteboard 5 1 292 210 0.497069 0.215398
person 54 429 63 434 0.11262 0.782098
lamp 256 298 336 372 0.24363 0.454854
bag 457 227 499 265 0.164684 0.715838
bag 469 245 489 274 0.115684 0.818650
bag 335 233 417 336 0.10532 0.684389
bag 259 302 352 345 0.101123 0.366418
garbage_bin 16 289 27 304 0.633798 0.200561
garbage_bin 8 285 46 333 0.3628 0.399146
garbage_bin 12 237 48 304 0.242959 0.511939
garbage_bin 1 272 17 322 0.238047 0.369709
garbage_bin 527 357 557 384 0.190891 0.672359
garbage_bin 18 303 30 316 0.185461 0.670342
garbage_bin 497 210 502 223 0.142155 0.534461
