0.876365 0.000066 0.000039 0.101795 0.000764 0.001721 0.000208 0.000066 0.000372 0.001395 0.000442 0.000296 0.000275 0.000133 0.000749 0.000027 0.000711 0.000357 0.000086 0.004767 0.000551 0.002618 0.000094 0.000369 0.000148 0.000538 0.000127 0.001034 0.000068 0.001002 0.002466 0.000353
0.366743 0.002215 0.042005 0.009796 0.297628 0.011734 0.001194 0.000839 0.002010 0.017925 0.010350 0.000498 0.003557 0.007324 0.039336 0.000929 0.006365 0.002345 0.013598 0.018209 0.021198 0.048233 0.000952 0.001904 0.005465 0.002844 0.001819 0.002208 0.024587 0.014129 0.019808 0.002250
0.408630 0.008809 0.007667 0.015334 0.126085 0.010488 0.004257 0.002032 0.008702 0.009136 0.065390 0.002170 0.001362 0.003289 0.007147 0.000754 0.004818 0.006436 0.001510 0.058666 0.011594 0.023505 0.004345 0.004006 0.003151 0.013805 0.014450 0.008720 0.010680 0.008154 0.142256 0.002652
0.263714 0.087762 0.000335 0.002356 0.002076 0.000608 0.258360 0.006429 0.004676 0.024270 0.002113 0.034990 0.000169 0.003760 0.001351 0.012803 0.012368 0.037827 0.003411 0.018357 0.015377 0.024854 0.110181 0.005285 0.000979 0.013157 0.002835 0.011504 0.003449 0.012016 0.020092 0.002534
0.300620 0.000498 0.000027 0.000103 0.000028 0.000025 0.007162 0.000289 0.000042 0.000919 0.000039 0.685886 0.000004 0.000027 0.000121 0.000072 0.000467 0.000096 0.000032 0.000609 0.000159 0.000221 0.000180 0.000411 0.000080 0.000316 0.000045 0.000773 0.000011 0.000489 0.000194 0.000056
0.684336 0.000098 0.000016 0.000054 0.000038 0.000015 0.008790 0.000359 0.000020 0.008680 0.000126 0.248838 0.000001 0.000013 0.001425 0.000078 0.001264 0.000046 0.000020 0.020621 0.003344 0.002913 0.000041 0.001222 0.000123 0.000373 0.000077 0.002339 0.000025 0.013733 0.000866 0.000109
0.714092 0.000131 0.000012 0.000072 0.000025 0.000030 0.007401 0.000288 0.000019 0.004226 0.000144 0.243563 0.000002 0.000015 0.000818 0.000039 0.000734 0.000051 0.000015 0.014175 0.001599 0.002127 0.000036 0.000723 0.000142 0.000517 0.000104 0.001525 0.000020 0.006156 0.001119 0.000080
0.735693 0.029984 0.000077 0.000850 0.000154 0.000502 0.035295 0.001712 0.002261 0.002785 0.001760 0.166653 0.000118 0.000340 0.000184 0.001437 0.001749 0.001665 0.000495 0.001928 0.000862 0.001158 0.003222 0.001023 0.000332 0.001884 0.000814 0.002200 0.000171 0.000794 0.001387 0.000514
0.774392 0.000595 0.000385 0.003615 0.000668 0.001241 0.006332 0.001742 0.000264 0.007075 0.000775 0.128698 0.000185 0.000360 0.003565 0.000383 0.003888 0.000742 0.000411 0.022457 0.003810 0.006870 0.000804 0.003137 0.001265 0.002555 0.001151 0.007141 0.000483 0.008874 0.005131 0.001006
0.798578 0.000416 0.000224 0.002504 0.000358 0.000639 0.005073 0.001133 0.000123 0.006755 0.000361 0.128143 0.000059 0.000192 0.002881 0.000313 0.003180 0.000357 0.000174 0.014912 0.003223 0.003452 0.000455 0.001897 0.000702 0.002287 0.000592 0.009967 0.000283 0.007046 0.003238 0.000483
0.676900 0.002951 0.003084 0.009256 0.004097 0.004930 0.010844 0.004317 0.001388 0.009364 0.003241 0.122742 0.000531 0.001886 0.007251 0.001914 0.012776 0.002356 0.001710 0.028011 0.009867 0.009222 0.003111 0.007012 0.003500 0.004000 0.003807 0.016494 0.002118 0.012230 0.015471 0.003618
0.804123 0.000072 0.000020 0.000037 0.000036 0.000007 0.009920 0.000304 0.000028 0.014240 0.000151 0.121748 0.000001 0.000015 0.001504 0.000205 0.001691 0.000046 0.000043 0.022680 0.003203 0.002869 0.000033 0.001534 0.000131 0.000255 0.000055 0.002089 0.000023 0.012149 0.000590 0.000200
0.728189 0.000787 0.000154 0.001363 0.000518 0.000217 0.014814 0.001070 0.000250 0.015400 0.000549 0.107590 0.000116 0.000524 0.004073 0.000312 0.004779 0.001171 0.000307 0.041843 0.006086 0.010021 0.000636 0.003063 0.002722 0.007805 0.000639 0.010464 0.000366 0.020939 0.012327 0.000906
0.423494 0.000029 0.000036 0.000043 0.000005 0.000103 0.000143 0.000023 0.000022 0.001264 0.000048 0.000119 0.000015 0.000092 0.003536 0.000009 0.005086 0.000203 0.000051 0.440265 0.008275 0.052434 0.000034 0.000038 0.002783 0.000396 0.000134 0.001131 0.000054 0.008577 0.051236 0.000321
0.372920 0.000025 0.000025 0.000015 0.000005 0.000145 0.000057 0.000013 0.000014 0.003478 0.000026 0.000008 0.000009 0.000165 0.003126 0.000013 0.009970 0.000695 0.000077 0.406690 0.016623 0.085630 0.000034 0.000013 0.001890 0.000622 0.000050 0.001113 0.000060 0.012086 0.083929 0.000472
0.438998 0.000036 0.000027 0.000032 0.000012 0.000151 0.000092 0.000021 0.000029 0.007493 0.000039 0.000015 0.000016 0.000169 0.003807 0.000028 0.009478 0.001195 0.000108 0.357583 0.019050 0.103283 0.000058 0.000027 0.001118 0.000990 0.000094 0.001603 0.000106 0.014216 0.039477 0.000650
0.482538 0.000062 0.000037 0.000085 0.000038 0.000188 0.000191 0.000032 0.000062 0.011415 0.000063 0.000030 0.000031 0.000229 0.004810 0.000071 0.008915 0.002320 0.000214 0.271173 0.026635 0.139999 0.000108 0.000062 0.000932 0.001970 0.000206 0.002521 0.000210 0.017472 0.026380 0.001000
0.373618 0.000048 0.000027 0.000024 0.000012 0.000299 0.000085 0.000019 0.000018 0.002602 0.000049 0.000011 0.000016 0.000249 0.002516 0.000024 0.015312 0.001506 0.000191 0.232646 0.021954 0.078524 0.000056 0.000015 0.002479 0.001946 0.000129 0.001767 0.000123 0.014194 0.248938 0.000605
0.451182 0.000624 0.000664 0.010187 0.008314 0.005611 0.001958 0.000633 0.000650 0.015742 0.003357 0.000594 0.000353 0.001851 0.014498 0.000635 0.003552 0.004268 0.001695 0.197194 0.012557 0.160119 0.000829 0.002865 0.002059 0.002478 0.000894 0.007922 0.003374 0.017323 0.063401 0.002614
0.358758 0.001388 0.001367 0.013783 0.014021 0.008735 0.003029 0.001135 0.001825 0.020230 0.005104 0.001145 0.000952 0.003568 0.018595 0.001060 0.005839 0.005888 0.003552 0.192479 0.016050 0.187552 0.001459 0.003863 0.003725 0.003587 0.001493 0.011648 0.005027 0.022842 0.075721 0.004582
0.470720 0.000613 0.000817 0.006116 0.007019 0.004498 0.001856 0.000682 0.000742 0.019579 0.003179 0.000695 0.000284 0.001946 0.013671 0.000499 0.003871 0.004747 0.001541 0.188444 0.010455 0.152970 0.000815 0.003267 0.002016 0.002889 0.001223 0.010540 0.003420 0.015026 0.062717 0.003142
0.483174 0.000558 0.000783 0.006338 0.006636 0.004389 0.001772 0.000655 0.000721 0.017989 0.003038 0.000667 0.000256 0.001791 0.013179 0.000472 0.003699 0.004466 0.001423 0.186642 0.009987 0.150956 0.000738 0.003027 0.001846 0.002618 0.001107 0.009948 0.003099 0.014381 0.060713 0.002935
0.129939 0.012989 0.002856 0.026544 0.027539 0.035901 0.011147 0.007770 0.013987 0.048053 0.038560 0.004823 0.007405 0.006315 0.013146 0.004951 0.018542 0.006489 0.014368 0.184935 0.056614 0.078882 0.010513 0.011445 0.007572 0.007475 0.010842 0.020401 0.017106 0.042643 0.108757 0.011494
0.445345 0.000670 0.000908 0.006068 0.008396 0.004413 0.001931 0.000748 0.000779 0.021204 0.003378 0.000708 0.000317 0.002270 0.017093 0.000537 0.004579 0.004964 0.001784 0.183876 0.011176 0.163875 0.000953 0.003747 0.002348 0.003194 0.001341 0.010715 0.003950 0.018160 0.066974 0.003598
0.467899 0.000619 0.000850 0.006037 0.007582 0.004517 0.001811 0.000691 0.000727 0.020105 0.003261 0.000681 0.000296 0.002068 0.014928 0.000504 0.004077 0.004753 0.001647 0.183141 0.010708 0.155952 0.000834 0.003451 0.002110 0.002895 0.001258 0.010351 0.003569 0.016253 0.063132 0.003295
0.379904 0.006082 0.000700 0.008031 0.012306 0.003585 0.002687 0.001206 0.002706 0.021024 0.008921 0.001360 0.001161 0.002207 0.005223 0.001510 0.005019 0.005391 0.001936 0.182523 0.016768 0.194425 0.005542 0.003536 0.001847 0.003789 0.004525 0.020994 0.012450 0.025477 0.054277 0.002890
0.424818 0.000877 0.001238 0.011434 0.009329 0.006697 0.002689 0.001100 0.001061 0.019413 0.003933 0.000995 0.000473 0.002617 0.020816 0.000934 0.005825 0.005222 0.002417 0.179406 0.014298 0.165242 0.001216 0.003879 0.003009 0.003209 0.001335 0.010716 0.004333 0.021162 0.066496 0.003811
0.371083 0.001469 0.001794 0.018180 0.015038 0.010695 0.003296 0.001349 0.002051 0.018544 0.005351 0.001300 0.001146 0.003915 0.020323 0.001315 0.007041 0.006164 0.004030 0.174369 0.017595 0.180988 0.001499 0.004050 0.004175 0.003539 0.001504 0.010918 0.005094 0.024721 0.072981 0.004483
0.497420 0.000562 0.000680 0.006161 0.007608 0.004424 0.001821 0.000768 0.000607 0.020565 0.003169 0.000655 0.000327 0.001806 0.017900 0.000558 0.004318 0.004463 0.001715 0.172275 0.011501 0.135720 0.000971 0.003704 0.002083 0.002999 0.001243 0.009094 0.004334 0.019273 0.058131 0.003147
0.422481 0.001098 0.001253 0.016431 0.012166 0.009833 0.003087 0.001205 0.001204 0.018956 0.004667 0.001095 0.000722 0.002827 0.020802 0.001281 0.006048 0.005998 0.003323 0.169979 0.017776 0.153721 0.001376 0.004088 0.003455 0.003562 0.001371 0.009958 0.004718 0.024575 0.067264 0.003681
0.244758 0.009478 0.002153 0.028193 0.022767 0.038645 0.007372 0.006306 0.018693 0.037720 0.042593 0.003537 0.012027 0.004933 0.011554 0.003667 0.015942 0.004663 0.014467 0.169708 0.045879 0.077944 0.004996 0.008493 0.007623 0.005789 0.011448 0.013818 0.013609 0.034075 0.067049 0.010103
0.636104 0.000351 0.000191 0.000427 0.000191 0.000435 0.011258 0.000689 0.000168 0.009659 0.000445 0.029641 0.000122 0.000598 0.005579 0.000371 0.007427 0.001652 0.000477 0.163229 0.015968 0.023234 0.000445 0.001079 0.004158 0.012321 0.001599 0.007987 0.000670 0.023140 0.038969 0.001415
0.555697 0.000248 0.000535 0.004216 0.005393 0.002590 0.000954 0.000372 0.000353 0.012275 0.001980 0.000336 0.000119 0.001059 0.014015 0.000224 0.003276 0.002901 0.000761 0.157128 0.007708 0.131394 0.000361 0.001828 0.001268 0.001899 0.000709 0.007870 0.001877 0.013088 0.065748 0.001816
0.528173 0.000290 0.000653 0.004541 0.007141 0.002669 0.001079 0.000434 0.000394 0.014070 0.002240 0.000369 0.000141 0.001360 0.018424 0.000273 0.004127 0.003176 0.000966 0.153058 0.008665 0.139534 0.000478 0.002256 0.001591 0.002219 0.000810 0.008039 0.002407 0.016404 0.071771 0.002251
0.509236 0.000378 0.000909 0.005163 0.006824 0.002811 0.001177 0.000496 0.000621 0.012920 0.002322 0.000446 0.000157 0.001488 0.018852 0.000307 0.005078 0.003240 0.000991 0.145322 0.009590 0.153205 0.000482 0.002089 0.001813 0.002399 0.000955 0.009671 0.002154 0.018246 0.078353 0.002308
0.425922 0.001404 0.002633 0.012467 0.014173 0.008869 0.003040 0.001517 0.001247 0.024503 0.004615 0.001117 0.000901 0.004386 0.038728 0.001210 0.010910 0.005460 0.003972 0.141131 0.018917 0.139530 0.001513 0.005604 0.005078 0.004438 0.001935 0.011201 0.007326 0.030143 0.060977 0.005135
0.417818 0.001503 0.001572 0.019620 0.015283 0.011786 0.003307 0.001525 0.001675 0.022430 0.004749 0.001297 0.001161 0.003748 0.027001 0.001563 0.008403 0.006179 0.005071 0.139905 0.021008 0.145886 0.001653 0.004791 0.004609 0.004413 0.001770 0.011291 0.005713 0.032588 0.065961 0.004724
0.640803 0.000351 0.000905 0.003554 0.007138 0.004586 0.001262 0.000594 0.000474 0.011348 0.004157 0.000478 0.000206 0.001306 0.014186 0.000284 0.003560 0.004128 0.000727 0.133633 0.007640 0.054825 0.000469 0.002624 0.001159 0.003905 0.001826 0.007378 0.005236 0.014251 0.065054 0.001954
0.402926 0.001345 0.003693 0.010199 0.023557 0.009326 0.003688 0.002558 0.001653 0.025586 0.009444 0.002092 0.000961 0.003690 0.048946 0.001159 0.018372 0.005592 0.003523 0.131379 0.023498 0.075499 0.002522 0.009665 0.004045 0.007587 0.004487 0.018168 0.010640 0.042371 0.083806 0.008021
0.449441 0.001364 0.002268 0.016193 0.014668 0.011599 0.002939 0.001601 0.001313 0.022927 0.005455 0.001115 0.001370 0.004372 0.033885 0.001291 0.009706 0.005781 0.004619 0.129344 0.019128 0.125903 0.001502 0.005310 0.005456 0.004567 0.001958 0.010351 0.007972 0.030374 0.061261 0.004964
0.429559 0.001615 0.002350 0.029889 0.021542 0.017694 0.003821 0.001930 0.001970 0.019143 0.005702 0.001567 0.002068 0.004483 0.028835 0.002105 0.009444 0.006839 0.006870 0.129222 0.022132 0.123927 0.001810 0.005917 0.005291 0.004301 0.001685 0.009334 0.006951 0.030940 0.055903 0.005162
0.514749 0.000506 0.000643 0.005480 0.005833 0.002602 0.001194 0.000591 0.000682 0.020555 0.002143 0.000494 0.000231 0.001546 0.022593 0.000450 0.005594 0.002906 0.001449 0.129168 0.011762 0.158749 0.000701 0.002789 0.002004 0.002147 0.001146 0.010650 0.002825 0.026331 0.058692 0.002793
0.435792 0.001196 0.002994 0.015095 0.019800 0.010515 0.003608 0.002274 0.001419 0.024477 0.007914 0.001988 0.000997 0.004119 0.047384 0.001245 0.016038 0.005581 0.003731 0.127224 0.019623 0.081257 0.002168 0.009122 0.004511 0.006203 0.002708 0.015256 0.008283 0.035549 0.074613 0.007313
0.444317 0.001375 0.003460 0.009598 0.016516 0.011453 0.003461 0.002159 0.001727 0.028768 0.010043 0.001949 0.001048 0.004464 0.038183 0.001155 0.014147 0.005710 0.003909 0.126801 0.015537 0.085847 0.002010 0.008617 0.003999 0.006675 0.003591 0.015641 0.010974 0.033556 0.075601 0.007709
0.456809 0.001382 0.001991 0.019409 0.014189 0.013617 0.002874 0.001606 0.001415 0.021587 0.005796 0.001117 0.001687 0.004211 0.029697 0.001329 0.008803 0.005932 0.004843 0.126672 0.019203 0.122882 0.001503 0.004866 0.005677 0.004588 0.001966 0.010228 0.007835 0.030107 0.061350 0.004826
0.598450 0.000544 0.001561 0.007306 0.014244 0.007296 0.001663 0.000732 0.000608 0.009522 0.005880 0.000639 0.000371 0.001725 0.018706 0.000432 0.005849 0.004082 0.001041 0.125769 0.009305 0.057118 0.000664 0.002789 0.001626 0.005005 0.002378 0.007589 0.006692 0.019978 0.078017 0.002422
0.536584 0.000444 0.000630 0.005234 0.005822 0.002402 0.001153 0.000567 0.000596 0.019009 0.002096 0.000463 0.000211 0.001501 0.023186 0.000415 0.005485 0.002908 0.001348 0.124800 0.011237 0.147592 0.000659 0.002748 0.001973 0.002025 0.001055 0.009411 0.002778 0.025602 0.057428 0.002637
0.463406 0.001336 0.001967 0.018705 0.013993 0.012945 0.002857 0.001587 0.001386 0.021997 0.005682 0.001103 0.001566 0.004164 0.030027 0.001288 0.008877 0.005836 0.004708 0.124441 0.018726 0.121809 0.001494 0.004901 0.005524 0.004502 0.001935 0.010152 0.007705 0.029968 0.060599 0.004813
0.367918 0.001620 0.005403 0.029559 0.031016 0.014390 0.004885 0.002355 0.001792 0.022201 0.008621 0.002184 0.001066 0.007200 0.037393 0.001575 0.014993 0.009158 0.004855 0.123378 0.016857 0.123539 0.002770 0.009040 0.005898 0.007208 0.002527 0.014115 0.007700 0.030505 0.080123 0.008159
0.536599 0.000483 0.000826 0.005331 0.006421 0.002589 0.001208 0.000589 0.000580 0.019253 0.002118 0.000459 0.000217 0.001689 0.027253 0.000417 0.006261 0.002883 0.001354 0.122403 0.011470 0.145269 0.000653 0.002971 0.002124 0.002122 0.001071 0.009062 0.003016 0.024995 0.055535 0.002777
0.343817 0.023641 0.000278 0.012206 0.007205 0.005301 0.007537 0.003362 0.004467 0.028202 0.013265 0.003475 0.000838 0.001886 0.002610 0.013426 0.006905 0.015886 0.005501 0.122188 0.024839 0.137352 0.049056 0.006792 0.002112 0.011517 0.016658 0.023893 0.046576 0.023857 0.028364 0.006988
0.478992 0.001354 0.002039 0.021373 0.014540 0.014844 0.002797 0.001589 0.001366 0.019650 0.005902 0.001081 0.001866 0.004145 0.028973 0.001327 0.008602 0.005806 0.004848 0.120014 0.019256 0.111695 0.001419 0.004657 0.005752 0.004621 0.001964 0.009325 0.007936 0.029372 0.058290 0.004601
0.418355 0.001918 0.002443 0.030526 0.021922 0.020275 0.004060 0.002175 0.002213 0.021818 0.006411 0.001628 0.002437 0.004966 0.029820 0.002139 0.010551 0.007076 0.008336 0.119132 0.023401 0.119738 0.001838 0.005780 0.006341 0.005523 0.001985 0.009763 0.007522 0.032882 0.061404 0.005620
0.517759 0.002255 0.004096 0.001353 0.006891 0.003345 0.006512 0.004030 0.002936 0.036996 0.024777 0.005884 0.000651 0.002544 0.020221 0.001988 0.013659 0.002295 0.003245 0.118896 0.023629 0.043641 0.001259 0.006502 0.004234 0.010076 0.004783 0.018307 0.009078 0.035430 0.059410 0.003319
0.549442 0.000487 0.000997 0.005142 0.006828 0.002569 0.001174 0.000573 0.000528 0.018568 0.002046 0.000433 0.000204 0.001768 0.030856 0.000394 0.006844 0.002682 0.001268 0.116858 0.011415 0.138388 0.000603 0.002981 0.002173 0.002113 0.001048 0.008597 0.003114 0.024313 0.052861 0.002734
0.302405 0.002045 0.005154 0.026612 0.027746 0.012614 0.005830 0.003051 0.001798 0.030175 0.010326 0.003397 0.001426 0.008124 0.054547 0.002173 0.026216 0.006484 0.007303 0.112146 0.025910 0.123593 0.004245 0.014202 0.008413 0.007425 0.002944 0.018796 0.008000 0.045399 0.079574 0.011923
0.457870 0.014277 0.000932 0.019480 0.011105 0.005117 0.005308 0.003505 0.004878 0.014517 0.013571 0.002975 0.001300 0.001461 0.002831 0.006407 0.003982 0.011330 0.002266 0.109738 0.020002 0.102517 0.042443 0.003905 0.001622 0.009883 0.015999 0.012250 0.069953 0.011671 0.013248 0.003659
0.435703 0.007697 0.006277 0.013312 0.011622 0.027027 0.004582 0.002071 0.007932 0.038717 0.016632 0.001467 0.014852 0.015927 0.011898 0.002215 0.006272 0.007319 0.008537 0.109673 0.010064 0.113210 0.003453 0.004941 0.009133 0.005030 0.003376 0.020324 0.007276 0.018907 0.047101 0.007456
0.637919 0.000966 0.002150 0.001911 0.007599 0.003590 0.005010 0.003386 0.001236 0.014374 0.017259 0.006584 0.000287 0.000683 0.018421 0.001405 0.008036 0.001656 0.001060 0.108470 0.017986 0.036570 0.001056 0.005294 0.001983 0.006193 0.006034 0.016488 0.005597 0.030823 0.027580 0.002394
0.699544 0.000218 0.000951 0.002001 0.006137 0.003111 0.000811 0.000388 0.000413 0.007133 0.004241 0.000344 0.000119 0.000765 0.011389 0.000148 0.002934 0.003137 0.000339 0.106542 0.005134 0.036051 0.000248 0.001676 0.000606 0.004086 0.001768 0.005716 0.004292 0.012756 0.075798 0.001204
0.303218 0.002021 0.006194 0.053156 0.040494 0.018090 0.006486 0.002946 0.002027 0.021162 0.009915 0.002602 0.001553 0.009197 0.044778 0.002529 0.019579 0.009314 0.007082 0.106073 0.023859 0.123585 0.004071 0.011739 0.007953 0.008217 0.002432 0.013481 0.008527 0.039488 0.078645 0.009588
0.233687 0.003546 0.005846 0.030687 0.035610 0.012286 0.008747 0.003858 0.003863 0.046508 0.009972 0.005334 0.001950 0.010377 0.048098 0.002922 0.026832 0.006739 0.012080 0.104721 0.024292 0.144848 0.006121 0.018274 0.008709 0.008477 0.003510 0.025192 0.007896 0.047456 0.076682 0.014880
0.714723 0.000176 0.000773 0.001795 0.004850 0.002847 0.000654 0.000320 0.000324 0.006849 0.003600 0.000281 0.000095 0.000659 0.010556 0.000127 0.002627 0.002763 0.000304 0.103819 0.004778 0.037293 0.000195 0.001411 0.000564 0.003338 0.001511 0.005492 0.003414 0.011088 0.071704 0.001069
0.230543 0.003418 0.005556 0.030571 0.035022 0.011851 0.008567 0.003815 0.003334 0.045943 0.010054 0.005456 0.001936 0.010082 0.050363 0.002884 0.027975 0.006598 0.011867 0.102754 0.025800 0.140829 0.006486 0.018651 0.008597 0.008850 0.003540 0.025389 0.008065 0.050613 0.079553 0.015038
0.396191 0.001687 0.005301 0.032755 0.037573 0.017295 0.004518 0.002238 0.002305 0.025366 0.007175 0.002175 0.001540 0.006857 0.039118 0.001794 0.015724 0.006397 0.006846 0.101459 0.017257 0.120689 0.002465 0.010810 0.005862 0.004861 0.001960 0.012840 0.006688 0.035689 0.058898 0.007666
0.701872 0.000366 0.000870 0.005306 0.008308 0.004306 0.000840 0.000342 0.000290 0.007542 0.003193 0.000290 0.000252 0.001032 0.016136 0.000216 0.004716 0.002176 0.000633 0.100313 0.008293 0.045818 0.000371 0.001334 0.001439 0.002543 0.001508 0.005572 0.003705 0.015286 0.053790 0.001343
0.379904 0.006082 0.000700 0.008031 0.012306 0.003585 0.002687 0.001206 0.002706 0.021024 0.008921 0.001360 0.001161 0.002207 0.005223 0.001510 0.005019 0.005391 0.001936 0.182523 0.016768 0.194425 0.005542 0.003536 0.001847 0.003789 0.004525 0.020994 0.012450 0.025477 0.054277 0.002890
0.358758 0.001388 0.001367 0.013783 0.014021 0.008735 0.003029 0.001135 0.001825 0.020230 0.005104 0.001145 0.000952 0.003568 0.018595 0.001060 0.005839 0.005888 0.003552 0.192479 0.016050 0.187552 0.001459 0.003863 0.003725 0.003587 0.001493 0.011648 0.005027 0.022842 0.075721 0.004582
0.371083 0.001469 0.001794 0.018180 0.015038 0.010695 0.003296 0.001349 0.002051 0.018544 0.005351 0.001300 0.001146 0.003915 0.020323 0.001315 0.007041 0.006164 0.004030 0.174369 0.017595 0.180988 0.001499 0.004050 0.004175 0.003539 0.001504 0.010918 0.005094 0.024721 0.072981 0.004483
0.424818 0.000877 0.001238 0.011434 0.009329 0.006697 0.002689 0.001100 0.001061 0.019413 0.003933 0.000995 0.000473 0.002617 0.020816 0.000934 0.005825 0.005222 0.002417 0.179406 0.014298 0.165242 0.001216 0.003879 0.003009 0.003209 0.001335 0.010716 0.004333 0.021162 0.066496 0.003811
0.445345 0.000670 0.000908 0.006068 0.008396 0.004413 0.001931 0.000748 0.000779 0.021204 0.003378 0.000708 0.000317 0.002270 0.017093 0.000537 0.004579 0.004964 0.001784 0.183876 0.011176 0.163875 0.000953 0.003747 0.002348 0.003194 0.001341 0.010715 0.003950 0.018160 0.066974 0.003598
0.451182 0.000624 0.000664 0.010187 0.008314 0.005611 0.001958 0.000633 0.000650 0.015742 0.003357 0.000594 0.000353 0.001851 0.014498 0.000635 0.003552 0.004268 0.001695 0.197194 0.012557 0.160119 0.000829 0.002865 0.002059 0.002478 0.000894 0.007922 0.003374 0.017323 0.063401 0.002614
0.514749 0.000506 0.000643 0.005480 0.005833 0.002602 0.001194 0.000591 0.000682 0.020555 0.002143 0.000494 0.000231 0.001546 0.022593 0.000450 0.005594 0.002906 0.001449 0.129168 0.011762 0.158749 0.000701 0.002789 0.002004 0.002147 0.001146 0.010650 0.002825 0.026331 0.058692 0.002793
0.467899 0.000619 0.000850 0.006037 0.007582 0.004517 0.001811 0.000691 0.000727 0.020105 0.003261 0.000681 0.000296 0.002068 0.014928 0.000504 0.004077 0.004753 0.001647 0.183141 0.010708 0.155952 0.000834 0.003451 0.002110 0.002895 0.001258 0.010351 0.003569 0.016253 0.063132 0.003295
0.422481 0.001098 0.001253 0.016431 0.012166 0.009833 0.003087 0.001205 0.001204 0.018956 0.004667 0.001095 0.000722 0.002827 0.020802 0.001281 0.006048 0.005998 0.003323 0.169979 0.017776 0.153721 0.001376 0.004088 0.003455 0.003562 0.001371 0.009958 0.004718 0.024575 0.067264 0.003681
0.509236 0.000378 0.000909 0.005163 0.006824 0.002811 0.001177 0.000496 0.000621 0.012920 0.002322 0.000446 0.000157 0.001488 0.018852 0.000307 0.005078 0.003240 0.000991 0.145322 0.009590 0.153205 0.000482 0.002089 0.001813 0.002399 0.000955 0.009671 0.002154 0.018246 0.078353 0.002308
0.470720 0.000613 0.000817 0.006116 0.007019 0.004498 0.001856 0.000682 0.000742 0.019579 0.003179 0.000695 0.000284 0.001946 0.013671 0.000499 0.003871 0.004747 0.001541 0.188444 0.010455 0.152970 0.000815 0.003267 0.002016 0.002889 0.001223 0.010540 0.003420 0.015026 0.062717 0.003142
0.483174 0.000558 0.000783 0.006338 0.006636 0.004389 0.001772 0.000655 0.000721 0.017989 0.003038 0.000667 0.000256 0.001791 0.013179 0.000472 0.003699 0.004466 0.001423 0.186642 0.009987 0.150956 0.000738 0.003027 0.001846 0.002618 0.001107 0.009948 0.003099 0.014381 0.060713 0.002935
0.536584 0.000444 0.000630 0.005234 0.005822 0.002402 0.001153 0.000567 0.000596 0.019009 0.002096 0.000463 0.000211 0.001501 0.023186 0.000415 0.005485 0.002908 0.001348 0.124800 0.011237 0.147592 0.000659 0.002748 0.001973 0.002025 0.001055 0.009411 0.002778 0.025602 0.057428 0.002637
0.685750 0.001663 0.000992 0.001833 0.001162 0.003184 0.000433 0.000240 0.000547 0.001128 0.002473 0.000071 0.001484 0.003724 0.001902 0.000316 0.002560 0.014341 0.002283 0.012373 0.007035 0.146921 0.000138 0.000280 0.008139 0.010912 0.010166 0.003718 0.002910 0.006860 0.062017 0.002443
0.417818 0.001503 0.001572 0.019620 0.015283 0.011786 0.003307 0.001525 0.001675 0.022430 0.004749 0.001297 0.001161 0.003748 0.027001 0.001563 0.008403 0.006179 0.005071 0.139905 0.021008 0.145886 0.001653 0.004791 0.004609 0.004413 0.001770 0.011291 0.005713 0.032588 0.065961 0.004724
0.536599 0.000483 0.000826 0.005331 0.006421 0.002589 0.001208 0.000589 0.000580 0.019253 0.002118 0.000459 0.000217 0.001689 0.027253 0.000417 0.006261 0.002883 0.001354 0.122403 0.011470 0.145269 0.000653 0.002971 0.002124 0.002122 0.001071 0.009062 0.003016 0.024995 0.055535 0.002777
0.233687 0.003546 0.005846 0.030687 0.035610 0.012286 0.008747 0.003858 0.003863 0.046508 0.009972 0.005334 0.001950 0.010377 0.048098 0.002922 0.026832 0.006739 0.012080 0.104721 0.024292 0.144848 0.006121 0.018274 0.008709 0.008477 0.003510 0.025192 0.007896 0.047456 0.076682 0.014880
0.230543 0.003418 0.005556 0.030571 0.035022 0.011851 0.008567 0.003815 0.003334 0.045943 0.010054 0.005456 0.001936 0.010082 0.050363 0.002884 0.027975 0.006598 0.011867 0.102754 0.025800 0.140829 0.006486 0.018651 0.008597 0.008850 0.003540 0.025389 0.008065 0.050613 0.079553 0.015038
0.482538 0.000062 0.000037 0.000085 0.000038 0.000188 0.000191 0.000032 0.000062 0.011415 0.000063 0.000030 0.000031 0.000229 0.004810 0.000071 0.008915 0.002320 0.000214 0.271173 0.026635 0.139999 0.000108 0.000062 0.000932 0.001970 0.000206 0.002521 0.000210 0.017472 0.026380 0.001000
0.528173 0.000290 0.000653 0.004541 0.007141 0.002669 0.001079 0.000434 0.000394 0.014070 0.002240 0.000369 0.000141 0.001360 0.018424 0.000273 0.004127 0.003176 0.000966 0.153058 0.008665 0.139534 0.000478 0.002256 0.001591 0.002219 0.000810 0.008039 0.002407 0.016404 0.071771 0.002251
0.425922 0.001404 0.002633 0.012467 0.014173 0.008869 0.003040 0.001517 0.001247 0.024503 0.004615 0.001117 0.000901 0.004386 0.038728 0.001210 0.010910 0.005460 0.003972 0.141131 0.018917 0.139530 0.001513 0.005604 0.005078 0.004438 0.001935 0.011201 0.007326 0.030143 0.060977 0.005135
0.292186 0.002909 0.004819 0.028533 0.034471 0.012558 0.007596 0.003652 0.003731 0.049887 0.008051 0.004345 0.001642 0.008638 0.044999 0.003276 0.025362 0.006264 0.012540 0.090366 0.022510 0.139374 0.004975 0.020539 0.007600 0.006253 0.002857 0.021246 0.006785 0.049746 0.058533 0.013760
0.549442 0.000487 0.000997 0.005142 0.006828 0.002569 0.001174 0.000573 0.000528 0.018568 0.002046 0.000433 0.000204 0.001768 0.030856 0.000394 0.006844 0.002682 0.001268 0.116858 0.011415 0.138388 0.000603 0.002981 0.002173 0.002113 0.001048 0.008597 0.003114 0.024313 0.052861 0.002734
0.343817 0.023641 0.000278 0.012206 0.007205 0.005301 0.007537 0.003362 0.004467 0.028202 0.013265 0.003475 0.000838 0.001886 0.002610 0.013426 0.006905 0.015886 0.005501 0.122188 0.024839 0.137352 0.049056 0.006792 0.002112 0.011517 0.016658 0.023893 0.046576 0.023857 0.028364 0.006988
0.497420 0.000562 0.000680 0.006161 0.007608 0.004424 0.001821 0.000768 0.000607 0.020565 0.003169 0.000655 0.000327 0.001806 0.017900 0.000558 0.004318 0.004463 0.001715 0.172275 0.011501 0.135720 0.000971 0.003704 0.002083 0.002999 0.001243 0.009094 0.004334 0.019273 0.058131 0.003147
0.341324 0.001712 0.004167 0.019695 0.023689 0.010696 0.004377 0.002304 0.001593 0.033641 0.008184 0.002653 0.001239 0.006488 0.052340 0.001618 0.023734 0.004831 0.006876 0.115048 0.022034 0.133233 0.003187 0.012898 0.007182 0.005267 0.002480 0.017898 0.006871 0.043029 0.069174 0.010539
0.555697 0.000248 0.000535 0.004216 0.005393 0.002590 0.000954 0.000372 0.000353 0.012275 0.001980 0.000336 0.000119 0.001059 0.014015 0.000224 0.003276 0.002901 0.000761 0.157128 0.007708 0.131394 0.000361 0.001828 0.001268 0.001899 0.000709 0.007870 0.001877 0.013088 0.065748 0.001816
0.238965 0.003278 0.005324 0.035419 0.031527 0.012358 0.008156 0.003807 0.002675 0.040871 0.010392 0.005493 0.002105 0.010109 0.053262 0.003044 0.030620 0.006774 0.010505 0.093826 0.030815 0.130635 0.006803 0.019376 0.008741 0.009956 0.003919 0.024104 0.008093 0.056588 0.077648 0.014811
0.301963 0.002014 0.005233 0.023550 0.027483 0.011843 0.005423 0.002845 0.001744 0.032033 0.010135 0.003376 0.001425 0.008109 0.055060 0.001997 0.026820 0.006033 0.007495 0.110839 0.024696 0.129670 0.004056 0.014790 0.008226 0.007137 0.003011 0.019516 0.007842 0.046581 0.077174 0.011881
0.449441 0.001364 0.002268 0.016193 0.014668 0.011599 0.002939 0.001601 0.001313 0.022927 0.005455 0.001115 0.001370 0.004372 0.033885 0.001291 0.009706 0.005781 0.004619 0.129344 0.019128 0.125903 0.001502 0.005310 0.005456 0.004567 0.001958 0.010351 0.007972 0.030374 0.061261 0.004964
0.246549 0.003478 0.005731 0.036319 0.030166 0.014683 0.008778 0.004381 0.002876 0.038068 0.011185 0.005270 0.002091 0.010936 0.055163 0.003766 0.030611 0.007626 0.010836 0.090289 0.032408 0.124535 0.006963 0.019395 0.010483 0.009810 0.003769 0.021469 0.008732 0.052604 0.075593 0.015435
0.429559 0.001615 0.002350 0.029889 0.021542 0.017694 0.003821 0.001930 0.001970 0.019143 0.005702 0.001567 0.002068 0.004483 0.028835 0.002105 0.009444 0.006839 0.006870 0.129222 0.022132 0.123927 0.001810 0.005917 0.005291 0.004301 0.001685 0.009334 0.006951 0.030940 0.055903 0.005162
0.302405 0.002045 0.005154 0.026612 0.027746 0.012614 0.005830 0.003051 0.001798 0.030175 0.010326 0.003397 0.001426 0.008124 0.054547 0.002173 0.026216 0.006484 0.007303 0.112146 0.025910 0.123593 0.004245 0.014202 0.008413 0.007425 0.002944 0.018796 0.008000 0.045399 0.079574 0.011923
0.303218 0.002021 0.006194 0.053156 0.040494 0.018090 0.006486 0.002946 0.002027 0.021162 0.009915 0.002602 0.001553 0.009197 0.044778 0.002529 0.019579 0.009314 0.007082 0.106073 0.023859 0.123585 0.004071 0.011739 0.007953 0.008217 0.002432 0.013481 0.008527 0.039488 0.078645 0.009588
0.456809 0.001382 0.001991 0.019409 0.014189 0.013617 0.002874 0.001606 0.001415 0.021587 0.005796 0.001117 0.001687 0.004211 0.029697 0.001329 0.008803 0.005932 0.004843 0.126672 0.019203 0.122882 0.001503 0.004866 0.005677 0.004588 0.001966 0.010228 0.007835 0.030107 0.061350 0.004826
0.463406 0.001336 0.001967 0.018705 0.013993 0.012945 0.002857 0.001587 0.001386 0.021997 0.005682 0.001103 0.001566 0.004164 0.030027 0.001288 0.008877 0.005836 0.004708 0.124441 0.018726 0.121809 0.001494 0.004901 0.005524 0.004502 0.001935 0.010152 0.007705 0.029968 0.060599 0.004813
0.672486 0.001085 0.000434 0.016254 0.000277 0.000579 0.000625 0.000549 0.001150 0.025008 0.001387 0.000666 0.000397 0.001183 0.014658 0.001388 0.010802 0.001500 0.002598 0.028624 0.013082 0.121329 0.000472 0.002074 0.002668 0.001180 0.009604 0.037390 0.000764 0.018201 0.004774 0.006812
0.418355 0.001918 0.002443 0.030526 0.021922 0.020275 0.004060 0.002175 0.002213 0.021818 0.006411 0.001628 0.002437 0.004966 0.029820 0.002139 0.010551 0.007076 0.008336 0.119132 0.023401 0.119738 0.001838 0.005780 0.006341 0.005523 0.001985 0.009763 0.007522 0.032882 0.061404 0.005620
0.637273 0.000750 0.000541 0.008372 0.004798 0.003962 0.000375 0.000125 0.000536 0.032222 0.002888 0.000195 0.000323 0.000695 0.006619 0.000425 0.005441 0.000781 0.001051 0.076679 0.013540 0.117828 0.000495 0.001459 0.000726 0.000983 0.001445 0.020772 0.001916 0.019256 0.035957 0.001569
0.435703 0.007697 0.006277 0.013312 0.011622 0.027027 0.004582 0.002071 0.007932 0.038717 0.016632 0.001467 0.014852 0.015927 0.011898 0.002215 0.006272 0.007319 0.008537 0.109673 0.010064 0.113210 0.003453 0.004941 0.009133 0.005030 0.003376 0.020324 0.007276 0.018907 0.047101 0.007456
0.478992 0.001354 0.002039 0.021373 0.014540 0.014844 0.002797 0.001589 0.001366 0.019650 0.005902 0.001081 0.001866 0.004145 0.028973 0.001327 0.008602 0.005806 0.004848 0.120014 0.019256 0.111695 0.001419 0.004657 0.005752 0.004621 0.001964 0.009325 0.007936 0.029372 0.058290 0.004601
0.313207 0.002297 0.007671 0.052874 0.047027 0.017087 0.006299 0.002935 0.002194 0.020325 0.010215 0.002961 0.001613 0.009477 0.046684 0.002331 0.021237 0.008694 0.006527 0.098483 0.022350 0.107760 0.003748 0.011150 0.007256 0.009998 0.003085 0.015549 0.008434 0.037945 0.083371 0.009217
0.438998 0.000036 0.000027 0.000032 0.000012 0.000151 0.000092 0.000021 0.000029 0.007493 0.000039 0.000015 0.000016 0.000169 0.003807 0.000028 0.009478 0.001195 0.000108 0.357583 0.019050 0.103283 0.000058 0.000027 0.001118 0.000990 0.000094 0.001603 0.000106 0.014216 0.039477 0.000650
0.457870 0.014277 0.000932 0.019480 0.011105 0.005117 0.005308 0.003505 0.004878 0.014517 0.013571 0.002975 0.001300 0.001461 0.002831 0.006407 0.003982 0.011330 0.002266 0.109738 0.020002 0.102517 0.042443 0.003905 0.001622 0.009883 0.015999 0.012250 0.069953 0.011671 0.013248 0.003659
0.279022 0.002897 0.007106 0.027664 0.034116 0.013996 0.007115 0.004058 0.002172 0.038787 0.010451 0.004336 0.001985 0.009514 0.070914 0.002713 0.034439 0.006018 0.009394 0.095058 0.029378 0.102243 0.005907 0.018611 0.009850 0.008005 0.003166 0.020291 0.009864 0.049018 0.067981 0.013932
0.374271 0.002041 0.007639 0.029071 0.036782 0.015528 0.005108 0.003229 0.002065 0.030690 0.008359 0.002536 0.001666 0.007386 0.061149 0.001877 0.021590 0.006270 0.006925 0.092383 0.020529 0.100565 0.003552 0.012002 0.006758 0.006582 0.002472 0.013196 0.010099 0.041416 0.057255 0.009009
0.266200 0.003645 0.005354 0.021276 0.053113 0.013281 0.009688 0.005300 0.004154 0.058755 0.010104 0.005473 0.002035 0.009667 0.051850 0.004817 0.033580 0.005931 0.020555 0.071155 0.030474 0.100237 0.005870 0.025305 0.008525 0.007487 0.003236 0.016978 0.009702 0.064189 0.057126 0.014939
0.504770 0.007863 0.001274 0.016905 0.027405 0.010333 0.004166 0.002055 0.002193 0.036273 0.010597 0.002091 0.001516 0.003071 0.009730 0.003459 0.007218 0.006654 0.011942 0.062158 0.020526 0.100147 0.012480 0.007104 0.002590 0.012629 0.006632 0.021575 0.020690 0.023544 0.036164 0.004245
0.123352 0.093217 0.000582 0.003727 0.004249 0.000964 0.219023 0.008260 0.005454 0.034517 0.003300 0.033505 0.000272 0.005495 0.002703 0.014743 0.014185 0.033443 0.004463 0.032525 0.025305 0.041418 0.188590 0.006994 0.001694 0.017611 0.003806 0.016559 0.005825 0.019919 0.030718 0.003582
0.586302 0.023281 0.004036 0.001927 0.006345 0.001600 0.001444 0.000361 0.001719 0.002289 0.009459 0.000688 0.011780 0.043630 0.004847 0.000195 0.002959 0.003599 0.004914 0.002408 0.004727 0.005538 0.000202 0.000721 0.178191 0.005086 0.004709 0.001505 0.001223 0.004274 0.078480 0.001561
0.333819 0.003370 0.000640 0.000143 0.000574 0.001009 0.045680 0.001010 0.000318 0.001518 0.000568 0.028168 0.000163 0.001160 0.000560 0.001094 0.006761 0.034026 0.001121 0.007236 0.012095 0.005101 0.000282 0.000628 0.002200 0.316039 0.011740 0.003500 0.001997 0.006474 0.170230 0.000777
0.783103 0.000637 0.000531 0.008478 0.000525 0.001240 0.001946 0.000892 0.000134 0.011121 0.000190 0.038287 0.000040 0.000386 0.007396 0.001295 0.005595 0.000195 0.000244 0.011498 0.003924 0.002715 0.001177 0.001263 0.000947 0.001122 0.000324 0.108043 0.000266 0.004236 0.001412 0.000840
0.498485 0.005521 0.052611 0.004281 0.108122 0.017048 0.001638 0.000947 0.003933 0.010337 0.012447 0.000584 0.012790 0.008257 0.005795 0.001414 0.001743 0.008439 0.004110 0.009889 0.011476 0.013884 0.006531 0.001396 0.002491 0.018760 0.004810 0.006666 0.148700 0.004107 0.011516 0.001269
0.488591 0.000032 0.000022 0.000157 0.000023 0.000357 0.000059 0.000019 0.000020 0.000401 0.000049 0.000002 0.000002 0.000198 0.000232 0.000007 0.001130 0.001954 0.000377 0.001366 0.000169 0.001991 0.000003 0.000012 0.001593 0.000181 0.000042 0.000187 0.000021 0.000590 0.500008 0.000206
0.460859 0.000979 0.000478 0.004573 0.000756 0.003496 0.001538 0.000373 0.000325 0.001068 0.002565 0.000475 0.000120 0.001288 0.004103 0.000099 0.009328 0.005832 0.000228 0.009917 0.004726 0.014712 0.000311 0.000286 0.005849 0.010834 0.004053 0.001172 0.000766 0.004569 0.443427 0.000894
0.711842 0.000006 0.000006 0.000008 0.000001 0.000088 0.000008 0.000002 0.000004 0.000066 0.000008 0.000000 0.000000 0.000073 0.000038 0.000001 0.000193 0.000388 0.000101 0.000505 0.000036 0.000381 0.000000 0.000001 0.001127 0.000016 0.000004 0.000017 0.000001 0.000111 0.284936 0.000030
0.544362 0.002628 0.001328 0.006585 0.004522 0.003199 0.005742 0.001581 0.001197 0.006720 0.002708 0.002500 0.000273 0.003124 0.006997 0.000574 0.015917 0.017285 0.002219 0.016853 0.005759 0.014643 0.002072 0.001385 0.009982 0.012411 0.003512 0.008341 0.001931 0.011021 0.279324 0.003308
0.373618 0.000048 0.000027 0.000024 0.000012 0.000299 0.000085 0.000019 0.000018 0.002602 0.000049 0.000011 0.000016 0.000249 0.002516 0.000024 0.015312 0.001506 0.000191 0.232646 0.021954 0.078524 0.000056 0.000015 0.002479 0.001946 0.000129 0.001767 0.000123 0.014194 0.248938 0.000605
0.762284 0.000006 0.000003 0.000003 0.000000 0.000041 0.000004 0.000000 0.000001 0.000015 0.000006 0.000000 0.000001 0.000062 0.000012 0.000000 0.000176 0.000133 0.000006 0.000278 0.000070 0.000177 0.000000 0.000001 0.000431 0.000023 0.000005 0.000009 0.000000 0.000074 0.236172 0.000007
0.443300 0.003002 0.000642 0.000130 0.000491 0.001424 0.041226 0.001272 0.000490 0.003049 0.001081 0.026674 0.000203 0.001520 0.001025 0.001348 0.010432 0.029244 0.001436 0.015142 0.023293 0.009917 0.000355 0.000802 0.002585 0.163727 0.015645 0.004869 0.002317 0.012259 0.179913 0.001185
0.627269 0.003419 0.000759 0.007683 0.004457 0.002262 0.007847 0.001451 0.001054 0.007047 0.003830 0.006207 0.000275 0.002366 0.007771 0.000456 0.013487 0.010366 0.000786 0.019619 0.008490 0.020434 0.002803 0.001474 0.008237 0.027358 0.006424 0.013512 0.002038 0.012185 0.166492 0.002140
0.686510 0.001041 0.000303 0.000471 0.000139 0.000978 0.009921 0.000490 0.000198 0.002649 0.000385 0.008944 0.000190 0.001451 0.001470 0.000261 0.006124 0.007785 0.000447 0.035924 0.008181 0.008948 0.000275 0.000494 0.006169 0.036163 0.002176 0.003535 0.000637 0.007876 0.158919 0.000944
0.408630 0.008809 0.007667 0.015334 0.126085 0.010488 0.004257 0.002032 0.008702 0.009136 0.065390 0.002170 0.001362 0.003289 0.007147 0.000754 0.004818 0.006436 0.001510 0.058666 0.011594 0.023505 0.004345 0.004006 0.003151 0.013805 0.014450 0.008720 0.010680 0.008154 0.142256 0.002652
0.439451 0.002148 0.005514 0.008196 0.026624 0.010747 0.004516 0.002346 0.004198 0.015977 0.017825 0.002127 0.002508 0.005333 0.018640 0.001410 0.013927 0.007413 0.002720 0.088305 0.019756 0.053463 0.001778 0.005414 0.004093 0.028653 0.011905 0.016926 0.020040 0.030870 0.121597 0.005584
0.694375 0.000420 0.000979 0.004528 0.010063 0.005535 0.000454 0.000216 0.000386 0.004208 0.005669 0.000154 0.000835 0.001041 0.008994 0.000149 0.005218 0.001102 0.000584 0.050389 0.011295 0.039446 0.000190 0.000701 0.001980 0.006021 0.004309 0.005624 0.004583 0.014405 0.115076 0.001072
0.709570 0.002257 0.001225 0.001791 0.000683 0.002445 0.011964 0.001384 0.000617 0.004118 0.001231 0.017294 0.000402 0.001903 0.003612 0.000413 0.007856 0.008334 0.000810 0.031753 0.006425 0.011366 0.001010 0.001459 0.009808 0.029034 0.003547 0.004658 0.001355 0.008038 0.112207 0.001431
0.129939 0.012989 0.002856 0.026544 0.027539 0.035901 0.011147 0.007770 0.013987 0.048053 0.038560 0.004823 0.007405 0.006315 0.013146 0.004951 0.018542 0.006489 0.014368 0.184935 0.056614 0.078882 0.010513 0.011445 0.007572 0.007475 0.010842 0.020401 0.017106 0.042643 0.108757 0.011494
