0.258524 0.664830 0.000020 0.004999 0.000102 0.000541 0.001623 0.000087 0.000510 0.000106 0.001369 0.000116 0.007123 0.011515 0.000021 0.000052 0.000070 0.008839 0.001636 0.000230 0.000202 0.013470 0.000499 0.000027 0.011767 0.000810 0.000684 0.000039 0.000175 0.000284 0.009527 0.000205
0.591609 0.181908 0.000054 0.000502 0.000057 0.044844 0.000038 0.000015 0.000760 0.000012 0.027362 0.000007 0.086187 0.001287 0.000002 0.000017 0.000006 0.001131 0.000132 0.000051 0.000023 0.002097 0.000004 0.000006 0.005645 0.000319 0.053911 0.000016 0.000289 0.000013 0.001651 0.000043
0.529791 0.112681 0.010128 0.006424 0.012108 0.060128 0.002991 0.000743 0.073566 0.000985 0.080765 0.000997 0.033469 0.009901 0.000140 0.001001 0.000336 0.032699 0.003845 0.000839 0.000843 0.002637 0.000412 0.000693 0.000730 0.002717 0.006726 0.000555 0.003128 0.000568 0.006586 0.000868
0.174244 0.000533 0.000289 0.638439 0.091920 0.036530 0.000243 0.000231 0.000827 0.001010 0.001551 0.000141 0.004069 0.001063 0.003631 0.000184 0.004803 0.000525 0.001111 0.001704 0.001082 0.010965 0.000095 0.002293 0.001266 0.000328 0.000501 0.002503 0.000269 0.006218 0.008973 0.002459
0.371270 0.003086 0.000558 0.500979 0.025567 0.031549 0.000716 0.000850 0.002835 0.003214 0.001202 0.001325 0.002367 0.002075 0.005318 0.000311 0.003630 0.000753 0.000687 0.002636 0.001240 0.007738 0.000344 0.009082 0.000835 0.000634 0.000192 0.008363 0.000427 0.005972 0.002754 0.001496
0.407302 0.003498 0.000994 0.396168 0.053739 0.030049 0.001287 0.001582 0.007726 0.004450 0.002378 0.001870 0.004586 0.002230 0.007618 0.000857 0.004609 0.001285 0.001251 0.002889 0.001386 0.009926 0.000558 0.030026 0.001334 0.000690 0.000541 0.008285 0.000511 0.004669 0.002279 0.003426
0.506688 0.000820 0.000216 0.380199 0.017686 0.028516 0.000655 0.000675 0.002725 0.002644 0.000918 0.000666 0.000805 0.001065 0.004947 0.001421 0.006518 0.001565 0.001322 0.003338 0.001685 0.006073 0.000181 0.003441 0.000686 0.001016 0.002084 0.006400 0.000505 0.004768 0.005997 0.003776
0.599353 0.000361 0.000118 0.364227 0.008782 0.010813 0.000149 0.000172 0.000951 0.000708 0.000249 0.000281 0.000479 0.000182 0.001880 0.000099 0.000698 0.000123 0.000090 0.000869 0.000212 0.001430 0.000085 0.004413 0.000141 0.000092 0.000046 0.001473 0.000047 0.000896 0.000254 0.000328
0.474059 0.001136 0.000504 0.361543 0.035901 0.063277 0.000938 0.001005 0.005284 0.001625 0.002310 0.000696 0.003515 0.000827 0.003467 0.001015 0.004614 0.002352 0.001260 0.003566 0.001460 0.005755 0.000423 0.004518 0.000971 0.000904 0.001914 0.005310 0.000538 0.002252 0.004198 0.002864
0.523190 0.003517 0.000410 0.308838 0.016066 0.032547 0.000605 0.000880 0.003782 0.008744 0.002877 0.001142 0.001390 0.003277 0.010234 0.001436 0.007030 0.000726 0.001030 0.007099 0.001966 0.013349 0.000179 0.008375 0.001870 0.000854 0.001427 0.012884 0.000589 0.012051 0.006727 0.004908
0.723187 0.000627 0.000250 0.213797 0.013715 0.005883 0.000380 0.000419 0.002231 0.001822 0.000522 0.000667 0.000536 0.000337 0.003234 0.000389 0.001780 0.000294 0.000218 0.001616 0.000463 0.002543 0.000203 0.018724 0.000309 0.000150 0.000125 0.002461 0.000084 0.001761 0.000381 0.000891
0.751589 0.000159 0.000018 0.208030 0.000091 0.030879 0.000070 0.000025 0.000188 0.000068 0.000261 0.000013 0.001941 0.000055 0.000043 0.000035 0.000046 0.000367 0.000142 0.000782 0.000120 0.002546 0.000030 0.000040 0.000653 0.000184 0.000279 0.000256 0.000036 0.000170 0.000532 0.000351
0.554596 0.001961 0.000702 0.194374 0.018495 0.005990 0.001199 0.001039 0.000951 0.011569 0.000846 0.000603 0.008039 0.002589 0.005657 0.001752 0.010259 0.004037 0.008158 0.011752 0.011190 0.073676 0.002721 0.009502 0.002537 0.001957 0.002647 0.009576 0.001577 0.018288 0.012172 0.009589
0.714379 0.000511 0.000127 0.193588 0.007360 0.014469 0.000702 0.000630 0.002172 0.001865 0.001814 0.000364 0.000659 0.000421 0.002340 0.000595 0.004395 0.004013 0.000827 0.006389 0.001715 0.016751 0.000293 0.000718 0.000558 0.001107 0.002180 0.006092 0.000375 0.002094 0.008385 0.002109
0.629633 0.001234 0.000323 0.187520 0.029476 0.094342 0.000322 0.000329 0.005066 0.000535 0.005125 0.000210 0.017102 0.000586 0.001042 0.000220 0.002422 0.001056 0.000688 0.001885 0.000498 0.005112 0.000163 0.002405 0.001220 0.000434 0.000857 0.001978 0.000240 0.001655 0.004726 0.001595
0.783599 0.000112 0.000050 0.183762 0.001864 0.000584 0.000110 0.000049 0.000283 0.002331 0.000160 0.000062 0.000106 0.000151 0.001949 0.000119 0.000830 0.000267 0.000476 0.003298 0.000875 0.011802 0.000121 0.000503 0.000169 0.000138 0.000161 0.001711 0.000067 0.002788 0.000799 0.000703
0.690945 0.003561 0.000607 0.183310 0.010938 0.031034 0.000698 0.000946 0.005169 0.005151 0.001523 0.001420 0.002100 0.001622 0.005493 0.000639 0.002855 0.000747 0.000524 0.002797 0.000774 0.012192 0.000373 0.020832 0.000952 0.000374 0.000322 0.005370 0.000323 0.003993 0.001031 0.001385
0.751601 0.000268 0.000171 0.159913 0.002381 0.000941 0.000135 0.000178 0.000180 0.002577 0.000393 0.000119 0.003430 0.000454 0.002415 0.000169 0.002089 0.000542 0.000960 0.009486 0.002634 0.041921 0.000247 0.001357 0.000860 0.000251 0.000591 0.003248 0.000367 0.004318 0.003525 0.002280
0.742585 0.000572 0.000348 0.158279 0.037085 0.003897 0.000723 0.000751 0.002342 0.003052 0.000666 0.000959 0.000326 0.000352 0.007688 0.000936 0.002773 0.000386 0.000604 0.003932 0.000893 0.003306 0.000464 0.016165 0.000474 0.000308 0.000301 0.004547 0.000160 0.002328 0.000754 0.002046
0.626639 0.004152 0.000769 0.129373 0.009590 0.032089 0.000531 0.001017 0.003316 0.017806 0.007646 0.000708 0.001754 0.004586 0.014371 0.000559 0.004329 0.000903 0.001039 0.019163 0.003012 0.066793 0.000280 0.003782 0.003861 0.001101 0.001393 0.007982 0.001221 0.015066 0.011105 0.004063
0.796854 0.000928 0.000165 0.126662 0.005014 0.000728 0.000792 0.000264 0.000722 0.003401 0.000342 0.000525 0.000219 0.000219 0.001539 0.001076 0.002490 0.001116 0.002703 0.003724 0.001431 0.026432 0.000983 0.001460 0.000245 0.000647 0.001218 0.007859 0.000219 0.002773 0.004749 0.002501
0.789984 0.000275 0.000087 0.120630 0.002840 0.021929 0.000322 0.000342 0.001621 0.001261 0.001344 0.000184 0.001094 0.000241 0.001915 0.000269 0.002487 0.002697 0.000658 0.008120 0.001369 0.019041 0.000210 0.000462 0.000665 0.000674 0.002080 0.005913 0.000235 0.001745 0.007112 0.002197
0.818144 0.000213 0.000138 0.113921 0.001812 0.001633 0.000119 0.000175 0.000257 0.002724 0.000380 0.000150 0.005321 0.000270 0.001920 0.000187 0.002278 0.000254 0.000400 0.008187 0.001963 0.017471 0.000290 0.005972 0.000258 0.000229 0.000746 0.004855 0.000347 0.005198 0.001165 0.003022
0.775545 0.000424 0.000302 0.111607 0.003861 0.001213 0.000277 0.000157 0.000245 0.002715 0.000275 0.000133 0.000537 0.000388 0.002135 0.000327 0.002136 0.001618 0.001184 0.010596 0.003899 0.057903 0.000890 0.000602 0.000475 0.000966 0.001679 0.007399 0.000761 0.003381 0.003513 0.002858
0.869311 0.000092 0.000113 0.108630 0.001191 0.000662 0.000082 0.000048 0.000066 0.000521 0.000106 0.000038 0.000526 0.000099 0.000900 0.000096 0.001071 0.000435 0.000178 0.002081 0.000898 0.007078 0.000213 0.000485 0.000133 0.000243 0.000375 0.001307 0.000123 0.000963 0.001336 0.000596
0.868887 0.000142 0.000164 0.105010 0.001355 0.000747 0.000095 0.000044 0.000088 0.000544 0.000103 0.000042 0.000469 0.000137 0.000812 0.000094 0.000837 0.000535 0.000262 0.002239 0.000799 0.010146 0.000297 0.000294 0.000182 0.000283 0.000464 0.001830 0.000155 0.000830 0.001416 0.000697
0.823792 0.000340 0.000124 0.102784 0.000582 0.008982 0.000270 0.000273 0.003376 0.000523 0.013481 0.000419 0.003470 0.000116 0.000273 0.001029 0.000835 0.000296 0.000161 0.002514 0.000558 0.001826 0.000136 0.001174 0.000236 0.000324 0.029132 0.000659 0.000316 0.000604 0.000681 0.000715
0.778962 0.000467 0.000264 0.101919 0.003797 0.002275 0.000289 0.000347 0.000757 0.006765 0.000334 0.000303 0.005175 0.000768 0.002998 0.000482 0.007520 0.000317 0.001510 0.010010 0.004114 0.019554 0.000551 0.019227 0.000571 0.000326 0.000830 0.007086 0.000418 0.014950 0.001628 0.005485
0.196407 0.001735 0.001260 0.325875 0.360719 0.042769 0.000428 0.000556 0.002491 0.001166 0.003239 0.000259 0.010372 0.004104 0.003460 0.000209 0.004417 0.001091 0.001277 0.001228 0.000758 0.010770 0.000157 0.004725 0.002153 0.000486 0.000489 0.002499 0.000464 0.004632 0.007733 0.002073
0.225640 0.003614 0.015343 0.014747 0.214883 0.009899 0.008086 0.006762 0.007530 0.110095 0.003435 0.002572 0.000783 0.005587 0.056087 0.007055 0.033237 0.003542 0.053048 0.041555 0.010129 0.058278 0.002785 0.016825 0.004815 0.002704 0.000677 0.009297 0.002475 0.036071 0.017395 0.015049
0.761792 0.000759 0.000223 0.002395 0.186514 0.000916 0.000383 0.000287 0.003423 0.004823 0.004029 0.000250 0.000351 0.000154 0.000815 0.000511 0.000866 0.000708 0.000358 0.002215 0.000892 0.003291 0.005489 0.000878 0.000173 0.000888 0.008278 0.002288 0.002167 0.000991 0.001654 0.001240
0.301970 0.017453 0.027301 0.017017 0.170287 0.053353 0.002872 0.001787 0.009708 0.007553 0.070749 0.001294 0.009829 0.013008 0.003659 0.000645 0.002442 0.022426 0.002008 0.021907 0.009493 0.026844 0.002397 0.004656 0.003554 0.016308 0.012623 0.006980 0.015654 0.006440 0.135174 0.002607
0.494406 0.005996 0.004372 0.013331 0.156324 0.007469 0.010434 0.003571 0.014137 0.057538 0.005506 0.004159 0.000318 0.004212 0.016358 0.001725 0.008059 0.004088 0.007229 0.034793 0.003797 0.059124 0.002256 0.015989 0.001465 0.004024 0.000537 0.011503 0.003861 0.014547 0.023044 0.005825
0.417516 0.009870 0.001593 0.039850 0.138876 0.004927 0.003167 0.001916 0.001782 0.038401 0.003285 0.001570 0.003674 0.007649 0.018525 0.002898 0.012123 0.007093 0.025571 0.020781 0.017698 0.078626 0.005287 0.010310 0.010032 0.003267 0.003802 0.017252 0.006217 0.037031 0.039223 0.010188
0.822047 0.000486 0.000134 0.001913 0.128661 0.003580 0.000214 0.000176 0.001468 0.002381 0.012459 0.000144 0.000964 0.000134 0.000531 0.000102 0.000409 0.000669 0.000220 0.004464 0.000688 0.001782 0.001491 0.000902 0.000329 0.000901 0.004505 0.000798 0.002450 0.000680 0.003748 0.000568
0.841894 0.003966 0.000256 0.003054 0.110195 0.001020 0.000791 0.000445 0.005891 0.001681 0.007032 0.000873 0.000594 0.000114 0.000148 0.000777 0.000610 0.000601 0.000577 0.000264 0.000217 0.001010 0.005662 0.001165 0.000099 0.000481 0.007345 0.000913 0.000518 0.000297 0.000738 0.000773
0.732308 0.002933 0.000346 0.003260 0.000611 0.229500 0.000214 0.000069 0.000959 0.000169 0.002785 0.000040 0.006354 0.000365 0.000018 0.000079 0.000065 0.004112 0.000231 0.000434 0.000255 0.002506 0.000103 0.000056 0.000495 0.001069 0.007772 0.000172 0.000894 0.000119 0.001430 0.000274
0.627858 0.008069 0.021209 0.008751 0.056473 0.186907 0.000415 0.000156 0.003493 0.000201 0.042222 0.000136 0.010585 0.001242 0.000065 0.000099 0.000088 0.007377 0.000316 0.000434 0.000272 0.000595 0.000359 0.000208 0.000314 0.004510 0.007134 0.000152 0.007665 0.000106 0.002376 0.000211
0.795826 0.005447 0.000026 0.004970 0.000287 0.168417 0.000093 0.000151 0.001830 0.000849 0.008224 0.000044 0.004627 0.000074 0.000018 0.000037 0.000044 0.000476 0.000954 0.001752 0.000174 0.002713 0.000185 0.000109 0.000094 0.000290 0.000439 0.000146 0.000438 0.000215 0.000909 0.000142
0.326039 0.004686 0.000728 0.327853 0.097959 0.119331 0.000836 0.001264 0.015333 0.001946 0.007600 0.000733 0.030628 0.003121 0.002611 0.000505 0.003377 0.002082 0.001717 0.002186 0.000880 0.011469 0.000401 0.012956 0.002083 0.001049 0.001346 0.005755 0.000727 0.003294 0.005524 0.003982
0.728332 0.096362 0.003443 0.003930 0.007349 0.012955 0.003916 0.000366 0.105254 0.000728 0.006417 0.001094 0.001890 0.002146 0.000042 0.000559 0.000184 0.016999 0.001269 0.000219 0.000184 0.001157 0.000225 0.000242 0.000218 0.001069 0.000788 0.000280 0.000276 0.000193 0.001602 0.000312
0.605382 0.000538 0.000002 0.000041 0.000015 0.000006 0.003830 0.000328 0.002754 0.284390 0.000048 0.000317 0.000000 0.000018 0.000155 0.004216 0.000522 0.001192 0.000343 0.043730 0.001783 0.043828 0.000333 0.000189 0.000074 0.000065 0.000023 0.000768 0.000013 0.003765 0.000596 0.000735
0.490750 0.001097 0.001461 0.007012 0.078958 0.000994 0.001826 0.002310 0.004789 0.194903 0.001076 0.000963 0.000098 0.001042 0.035855 0.003422 0.020558 0.000906 0.037801 0.023094 0.004784 0.037223 0.000517 0.006514 0.002037 0.000515 0.000174 0.003855 0.000335 0.021777 0.005669 0.007685
0.697040 0.000297 0.000103 0.000109 0.000534 0.000036 0.000094 0.000078 0.000725 0.179023 0.000009 0.000048 0.000000 0.000086 0.009773 0.001496 0.001438 0.000013 0.010771 0.056602 0.000343 0.027449 0.000021 0.000348 0.001421 0.000003 0.000001 0.006100 0.000001 0.004776 0.000068 0.001191
0.582312 0.008335 0.000181 0.001539 0.000499 0.000123 0.013629 0.003646 0.009272 0.158550 0.000681 0.010329 0.000023 0.000573 0.000906 0.034033 0.017039 0.004043 0.036698 0.014871 0.017005 0.029119 0.023701 0.002155 0.000474 0.000426 0.001309 0.004369 0.000477 0.016409 0.002057 0.005215
0.609452 0.001040 0.000852 0.011685 0.042017 0.000800 0.001559 0.001073 0.003087 0.148868 0.000597 0.001089 0.000035 0.000968 0.014359 0.001679 0.008354 0.000917 0.008237 0.025211 0.003902 0.069286 0.000450 0.007098 0.000675 0.000277 0.000148 0.005372 0.000294 0.023793 0.003751 0.003074
0.723650 0.006969 0.000006 0.000877 0.000129 0.000084 0.020522 0.002398 0.003062 0.145583 0.000257 0.002929 0.000003 0.000096 0.000246 0.004507 0.001076 0.004714 0.001929 0.022572 0.001756 0.032207 0.014247 0.000594 0.000226 0.000346 0.000095 0.001672 0.000054 0.003982 0.001477 0.001736
0.377364 0.002550 0.006699 0.012724 0.152566 0.004955 0.003811 0.004098 0.007062 0.141974 0.002341 0.001612 0.000392 0.002860 0.043180 0.005145 0.027829 0.002051 0.044907 0.029283 0.007202 0.046612 0.001280 0.011472 0.003216 0.001388 0.000403 0.006471 0.001079 0.026133 0.011015 0.010326
0.813813 0.000027 0.000000 0.000017 0.000001 0.000002 0.000296 0.000024 0.000637 0.137272 0.000006 0.000022 0.000000 0.000002 0.000042 0.000444 0.000059 0.000164 0.000011 0.033416 0.000214 0.012564 0.000009 0.000017 0.000007 0.000007 0.000003 0.000228 0.000002 0.000544 0.000036 0.000115
0.367511 0.066576 0.001278 0.001555 0.007912 0.000387 0.040343 0.006275 0.007956 0.107684 0.003744 0.024717 0.000264 0.010599 0.009587 0.016056 0.034606 0.002657 0.038025 0.031736 0.043273 0.050451 0.011602 0.005004 0.010537 0.005808 0.003492 0.011436 0.002305 0.052137 0.017300 0.007185
0.343331 0.009061 0.006605 0.014318 0.033332 0.043263 0.004449 0.002267 0.004339 0.009835 0.167347 0.001501 0.001828 0.003752 0.005777 0.001414 0.005747 0.009708 0.001938 0.081915 0.014187 0.054452 0.008386 0.004240 0.003423 0.016500 0.016172 0.012541 0.029274 0.013538 0.071116 0.004443
0.584141 0.043378 0.006368 0.007294 0.008437 0.040659 0.000957 0.000667 0.012831 0.000839 0.164710 0.000646 0.069130 0.006136 0.000429 0.000597 0.000586 0.005790 0.002749 0.002552 0.002303 0.003331 0.000309 0.000707 0.001577 0.002240 0.010646 0.000670 0.006305 0.001351 0.010802 0.000863
0.667553 0.079588 0.000271 0.000044 0.000264 0.074091 0.000025 0.000004 0.000221 0.000001 0.135736 0.000002 0.014806 0.000436 0.000000 0.000004 0.000001 0.000847 0.000012 0.000008 0.000003 0.000031 0.000008 0.000001 0.000296 0.000376 0.024390 0.000002 0.000710 0.000001 0.000264 0.000004
0.221562 0.052158 0.000061 0.002563 0.000345 0.023697 0.000042 0.000014 0.001810 0.000014 0.009632 0.000009 0.666780 0.001566 0.000003 0.000011 0.000010 0.001678 0.000243 0.000027 0.000018 0.004585 0.000007 0.000017 0.003593 0.000225 0.007042 0.000012 0.000168 0.000017 0.002015 0.000076
0.450410 0.019723 0.000077 0.011093 0.002555 0.003700 0.004110 0.002425 0.009667 0.006165 0.002496 0.002919 0.003672 0.001497 0.000437 0.011304 0.001170 0.042749 0.237517 0.009446 0.008393 0.035708 0.026293 0.004773 0.001034 0.004782 0.024537 0.010297 0.012590 0.007939 0.005565 0.034958
0.636946 0.000414 0.000017 0.000120 0.000184 0.000026 0.000402 0.000090 0.000720 0.070093 0.000056 0.000215 0.000005 0.000068 0.001780 0.000410 0.002079 0.000071 0.000283 0.210049 0.002130 0.061899 0.000468 0.000207 0.000669 0.000059 0.000014 0.003842 0.000028 0.005868 0.000276 0.000514
0.233256 0.021825 0.013273 0.009077 0.021535 0.049555 0.006861 0.005477 0.006382 0.026742 0.086695 0.004181 0.005483 0.008032 0.012107 0.003015 0.011498 0.009230 0.005000 0.153376 0.023554 0.073294 0.015318 0.009272 0.006097 0.010828 0.008442 0.025696 0.035133 0.023296 0.068862 0.007607
0.511260 0.000874 0.000188 0.014180 0.001807 0.013822 0.002030 0.001664 0.001631 0.010700 0.015269 0.000306 0.000640 0.001299 0.007385 0.001441 0.007697 0.003939 0.001195 0.150886 0.017230 0.117654 0.002372 0.001610 0.002112 0.004505 0.002595 0.009983 0.005240 0.031025 0.052502 0.004958
0.256608 0.001370 0.003718 0.035141 0.028141 0.013333 0.004444 0.002106 0.002070 0.018460 0.006132 0.001869 0.000619 0.004556 0.019447 0.001504 0.012631 0.012542 0.003432 0.122792 0.025299 0.214277 0.002319 0.007132 0.004152 0.008001 0.001932 0.017497 0.004504 0.032560 0.124737 0.006675
0.139522 0.006490 0.003935 0.035751 0.015681 0.015163 0.019052 0.008983 0.006467 0.045774 0.008178 0.011927 0.001989 0.009576 0.018218 0.006126 0.017711 0.021583 0.011866 0.121585 0.030385 0.159305 0.021663 0.017703 0.009127 0.019484 0.003866 0.051974 0.008225 0.033028 0.100102 0.019562
0.657080 0.001087 0.000173 0.000308 0.020592 0.000921 0.000890 0.000565 0.006517 0.009845 0.025826 0.000713 0.000311 0.000467 0.002155 0.000449 0.004861 0.000679 0.000849 0.120726 0.007584 0.059827 0.001647 0.001988 0.000858 0.001506 0.013661 0.003298 0.003807 0.007170 0.041602 0.002041
0.549391 0.001916 0.000659 0.013281 0.006232 0.030911 0.001842 0.000927 0.001651 0.005535 0.079225 0.000416 0.000644 0.001043 0.002783 0.000614 0.002513 0.005376 0.000641 0.120270 0.010684 0.062123 0.002032 0.001122 0.001041 0.005903 0.003701 0.006774 0.006759 0.012287 0.059725 0.001976
0.416925 0.003766 0.000722 0.017494 0.003636 0.004469 0.007609 0.001734 0.001538 0.051199 0.003788 0.002522 0.001251 0.003474 0.013106 0.001520 0.031267 0.004247 0.001515 0.115862 0.056864 0.045104 0.013670 0.005133 0.002720 0.004228 0.003520 0.028084 0.002607 0.077889 0.066419 0.006118
0.702271 0.000158 0.000007 0.000364 0.000025 0.000095 0.000373 0.000215 0.003142 0.112072 0.000257 0.000096 0.000017 0.000051 0.001047 0.000428 0.000339 0.000976 0.000205 0.108850 0.001937 0.058695 0.000084 0.000237 0.000224 0.000114 0.000121 0.001494 0.000076 0.003956 0.000801 0.001270
0.359415 0.001490 0.000034 0.000205 0.000076 0.001159 0.000017 0.000013 0.000102 0.000096 0.000738 0.000011 0.000275 0.000133 0.000026 0.000006 0.000059 0.001846 0.000622 0.004392 0.000267 0.623979 0.000268 0.000019 0.000402 0.000042 0.000849 0.000036 0.000395 0.000262 0.002469 0.000293
0.256608 0.001370 0.003718 0.035141 0.028141 0.013333 0.004444 0.002106 0.002070 0.018460 0.006132 0.001869 0.000619 0.004556 0.019447 0.001504 0.012631 0.012542 0.003432 0.122792 0.025299 0.214277 0.002319 0.007132 0.004152 0.008001 0.001932 0.017497 0.004504 0.032560 0.124737 0.006675
0.607605 0.000671 0.006036 0.006918 0.020391 0.005797 0.000761 0.000679 0.001004 0.006985 0.003922 0.000383 0.000661 0.002833 0.012379 0.000428 0.010112 0.002946 0.001735 0.031391 0.006577 0.181415 0.000232 0.005202 0.003553 0.002624 0.001513 0.006981 0.002676 0.010692 0.051969 0.002930
0.139522 0.006490 0.003935 0.035751 0.015681 0.015163 0.019052 0.008983 0.006467 0.045774 0.008178 0.011927 0.001989 0.009576 0.018218 0.006126 0.017711 0.021583 0.011866 0.121585 0.030385 0.159305 0.021663 0.017703 0.009127 0.019484 0.003866 0.051974 0.008225 0.033028 0.100102 0.019562
0.560329 0.000802 0.000565 0.010358 0.003001 0.002366 0.000474 0.000298 0.000685 0.039645 0.002281 0.000404 0.000656 0.000900 0.008910 0.000644 0.009371 0.000773 0.001466 0.082719 0.022929 0.158466 0.000763 0.003792 0.001126 0.001021 0.003190 0.027896 0.002144 0.028102 0.019768 0.004155
0.841329 0.000042 0.000000 0.000002 0.000000 0.000015 0.000001 0.000000 0.000007 0.000004 0.000016 0.000000 0.000003 0.000005 0.000001 0.000000 0.000002 0.000148 0.000028 0.000988 0.000007 0.157106 0.000003 0.000000 0.000021 0.000001 0.000040 0.000001 0.000003 0.000012 0.000210 0.000007
0.704616 0.000539 0.000490 0.009274 0.003615 0.007281 0.000407 0.000226 0.000426 0.001208 0.005000 0.000123 0.000254 0.000914 0.002275 0.000043 0.001811 0.001117 0.000229 0.011855 0.001520 0.156981 0.000110 0.000435 0.006643 0.002434 0.001364 0.001328 0.000529 0.004811 0.071392 0.000751
0.449137 0.020596 0.012431 0.006960 0.010459 0.063035 0.002475 0.002083 0.004605 0.009289 0.035507 0.001644 0.005053 0.004434 0.002605 0.000976 0.002619 0.007698 0.004489 0.079467 0.008055 0.156133 0.011257 0.003903 0.003014 0.005099 0.009080 0.006749 0.027852 0.007194 0.031263 0.004839
0.614339 0.001116 0.000349 0.072131 0.005489 0.002274 0.000768 0.000340 0.000758 0.007042 0.000796 0.000349 0.000410 0.001184 0.008762 0.000705 0.014536 0.001387 0.005828 0.011107 0.011748 0.148162 0.000323 0.001844 0.001659 0.003633 0.002310 0.021316 0.000532 0.022683 0.029697 0.006426
0.397474 0.004231 0.004134 0.023616 0.044868 0.037076 0.003615 0.002264 0.003040 0.020255 0.026889 0.001902 0.002335 0.005257 0.015130 0.000591 0.004792 0.003391 0.001972 0.090468 0.006011 0.138300 0.001946 0.008444 0.002630 0.006012 0.001349 0.019651 0.015635 0.017257 0.083974 0.005489
0.775576 0.000419 0.000841 0.007503 0.022980 0.004987 0.000202 0.000142 0.000218 0.001888 0.001823 0.000058 0.000734 0.000881 0.003074 0.000036 0.001814 0.000721 0.000240 0.008726 0.001338 0.129691 0.000098 0.000887 0.004755 0.000596 0.000730 0.001203 0.000525 0.003446 0.023303 0.000565
0.774913 0.000102 0.000027 0.000045 0.000054 0.000003 0.000243 0.000049 0.001078 0.039468 0.000028 0.000122 0.000000 0.000013 0.000765 0.000244 0.007562 0.000020 0.000026 0.031203 0.004352 0.120232 0.000081 0.000327 0.000083 0.000013 0.000011 0.001839 0.000013 0.016576 0.000227 0.000281
0.511260 0.000874 0.000188 0.014180 0.001807 0.013822 0.002030 0.001664 0.001631 0.010700 0.015269 0.000306 0.000640 0.001299 0.007385 0.001441 0.007697 0.003939 0.001195 0.150886 0.017230 0.117654 0.002372 0.001610 0.002112 0.004505 0.002595 0.009983 0.005240 0.031025 0.052502 0.004958
0.523322 0.002277 0.000694 0.125530 0.020827 0.006240 0.001253 0.001078 0.000893 0.026266 0.001098 0.000641 0.006169 0.002893 0.010369 0.001953 0.012115 0.003614 0.009823 0.021243 0.016408 0.108347 0.003024 0.010907 0.003433 0.001689 0.002689 0.014796 0.002080 0.029929 0.016565 0.011837
0.687656 0.003334 0.000993 0.001081 0.006168 0.020465 0.000140 0.000072 0.001334 0.000811 0.004611 0.000030 0.006305 0.003456 0.001270 0.000035 0.001545 0.000455 0.000479 0.008511 0.001365 0.107514 0.000072 0.000159 0.061800 0.000788 0.001453 0.000532 0.000582 0.002879 0.073462 0.000644
0.707215 0.000328 0.001739 0.040084 0.013382 0.001518 0.000386 0.000317 0.000391 0.006668 0.000569 0.000330 0.000317 0.001392 0.021998 0.000297 0.019332 0.000616 0.001306 0.014688 0.012024 0.106847 0.000417 0.002032 0.001357 0.001254 0.001599 0.010434 0.000919 0.017869 0.008376 0.003999
0.715684 0.000925 0.000049 0.000868 0.000266 0.000049 0.001015 0.000230 0.001765 0.057845 0.000113 0.000294 0.000011 0.000139 0.002650 0.001024 0.006930 0.000132 0.000215 0.071014 0.005780 0.106140 0.000640 0.000512 0.000760 0.000153 0.000047 0.005784 0.000059 0.017074 0.000678 0.001153
0.620607 0.000313 0.000220 0.033907 0.001943 0.003733 0.000597 0.000761 0.000727 0.021739 0.000719 0.000283 0.000605 0.000437 0.015839 0.001162 0.014268 0.001528 0.001895 0.066126 0.023116 0.105646 0.001376 0.002345 0.001484 0.001723 0.003957 0.026436 0.000767 0.026433 0.010184 0.009124
0.718669 0.002673 0.000381 0.037583 0.004244 0.001121 0.002469 0.000993 0.008850 0.017985 0.001465 0.001670 0.000434 0.000765 0.004627 0.001718 0.003241 0.002416 0.003452 0.026328 0.003208 0.100191 0.001097 0.004278 0.001050 0.001856 0.001623 0.020045 0.000430 0.008310 0.010780 0.006049
0.746652 0.000014 0.000003 0.003406 0.000065 0.000285 0.000018 0.000027 0.000128 0.000078 0.007744 0.000022 0.000064 0.000003 0.000060 0.000320 0.000154 0.000007 0.000005 0.001179 0.000371 0.000306 0.000018 0.000130 0.000015 0.000091 0.237820 0.000120 0.000424 0.000162 0.000245 0.000062
0.820558 0.000028 0.000006 0.007249 0.000056 0.000850 0.000030 0.000036 0.000243 0.000092 0.007697 0.000032 0.000149 0.000007 0.000072 0.000438 0.000179 0.000015 0.000009 0.001192 0.000346 0.000456 0.000015 0.000137 0.000029 0.000111 0.159059 0.000153 0.000247 0.000171 0.000228 0.000112
0.859999 0.000078 0.000001 0.000929 0.000165 0.000467 0.000019 0.000022 0.000080 0.000173 0.026760 0.000016 0.000085 0.000004 0.000042 0.000196 0.000044 0.000011 0.000005 0.001259 0.000174 0.000238 0.000055 0.000070 0.000020 0.000055 0.107733 0.000119 0.000929 0.000063 0.000103 0.000083
0.862896 0.000190 0.000012 0.003237 0.001829 0.000770 0.000076 0.000056 0.000268 0.000498 0.014417 0.000048 0.000160 0.000017 0.000140 0.000732 0.000118 0.000068 0.000034 0.001863 0.000372 0.000740 0.000262 0.000272 0.000047 0.000227 0.107434 0.000428 0.002002 0.000188 0.000205 0.000394
0.507304 0.018029 0.000667 0.000616 0.001144 0.001396 0.000887 0.000065 0.000804 0.000148 0.004184 0.000036 0.000733 0.011857 0.000073 0.000023 0.000186 0.012999 0.000198 0.000761 0.000416 0.011193 0.000017 0.000082 0.007906 0.007452 0.002311 0.000061 0.000299 0.000275 0.407776 0.000102
0.301970 0.017453 0.027301 0.017017 0.170287 0.053353 0.002872 0.001787 0.009708 0.007553 0.070749 0.001294 0.009829 0.013008 0.003659 0.000645 0.002442 0.022426 0.002008 0.021907 0.009493 0.026844 0.002397 0.004656 0.003554 0.016308 0.012623 0.006980 0.015654 0.006440 0.135174 0.002607
0.256608 0.001370 0.003718 0.035141 0.028141 0.013333 0.004444 0.002106 0.002070 0.018460 0.006132 0.001869 0.000619 0.004556 0.019447 0.001504 0.012631 0.012542 0.003432 0.122792 0.025299 0.214277 0.002319 0.007132 0.004152 0.008001 0.001932 0.017497 0.004504 0.032560 0.124737 0.006675
0.807775 0.000347 0.000332 0.005609 0.002961 0.001709 0.000673 0.000194 0.000329 0.000781 0.004387 0.000166 0.000120 0.000322 0.004043 0.000109 0.003900 0.001215 0.000154 0.010628 0.002813 0.021669 0.000097 0.000276 0.002102 0.004993 0.005741 0.001360 0.000582 0.004494 0.109458 0.000658
0.765470 0.000640 0.002943 0.000397 0.014864 0.004288 0.000313 0.000177 0.000473 0.001836 0.019567 0.000128 0.000209 0.000668 0.002549 0.000095 0.003503 0.000361 0.000203 0.022307 0.006566 0.028921 0.000158 0.000768 0.002514 0.001685 0.006215 0.001336 0.002941 0.005932 0.101330 0.000641
0.139522 0.006490 0.003935 0.035751 0.015681 0.015163 0.019052 0.008983 0.006467 0.045774 0.008178 0.011927 0.001989 0.009576 0.018218 0.006126 0.017711 0.021583 0.011866 0.121585 0.030385 0.159305 0.021663 0.017703 0.009127 0.019484 0.003866 0.051974 0.008225 0.033028 0.100102 0.019562
