cabinet 0 317 104 439 0.336702 0.492354
cabinet 0 300 49 378 0.223123 0.489141
cabinet 0 329 31 357 0.210508 0.616981
cabinet 17 159 144 440 0.197234 0.604448
chair 468 246 590 430 0.871976 0.087811
chair 89 430 93 433 0.231375 0.277577
chair 507 285 588 346 0.186655 0.787794
chair 405 63 483 154 0.158299 0.715581
chair 282 39 476 226 0.149391 0.411995
chair 445 337 541 435 0.106057 0.872985
table 286 46 479 284 0.855228 0.084525
table 398 64 581 160 0.128968 0.666196
table 398 88 568 414 0.113697 0.419357
picture 441 4 478 60 0.233994 0.619506
picture 568 214 590 255 0.137456 0.506894
picture 337 433 352 440 0.115024 0.417943
picture 552 194 590 308 0.104363 0.622293
counter 2 202 90 346 0.246774 0.570045
counter 0 301 41 360 0.237269 0.627685
counter 2 310 22 337 0.228484 0.674350
counter 0 295 11 345 0.201723 0.726895
counter 0 176 18 209 0.156574 0.493867
counter 0 243 35 319 0.154647 0.521720
counter 0 330 28 353 0.152704 0.616981
desk 338 114 567 409 0.587013 0.369522
clothes 79 197 228 261 0.2375 0.732937
paper 367 422 370 425 0.325247 0.463537
paper 347 425 358 436 0.307884 0.377490
paper 378 417 380 419 0.264782 0.569358
paper 338 409 384 440 0.247088 0.253432
paper 355 432 359 435 0.206117 0.451471
paper 334 424 364 440 0.204603 0.222181
paper 311 417 318 425 0.198195 0.649937
paper 72 406 79 416 0.176446 0.481634
paper 338 433 352 440 0.155643 0.417943
paper 80 422 86 428 0.14663 0.329524
paper 122 422 127 426 0.145778 0.528246
paper 81 419 95 435 0.140762 0.416188
paper 334 436 337 440 0.131261 0.351940
paper 117 417 130 440 0.127325 0.383121
paper 125 427 130 435 0.126615 0.566810
paper 242 303 258 328 0.123386 0.813100
paper 13 207 26 224 0.112908 0.791805
paper 135 423 151 425 0.112067 0.694438
paper 96 420 120 440 0.108702 0.206182
paper 90 431 93 433 0.104555 0.277577
box 182 286 465 440 0.996128 0.003575
box 191 360 330 440 0.871296 0.109431
box 387 395 391 401 0.861059 0.138873
box 384 394 391 410 0.853126 0.146303
box 210 239 263 337 0.776507 0.198184
box 179 174 326 407 0.773027 0.214420
box 340 393 356 406 0.767423 0.231638
box 245 286 254 294 0.745563 0.248134
box 244 234 398 370 0.705025 0.280355
box 351 411 376 428 0.685743 0.277456
box 271 339 387 435 0.652512 0.301968
box 363 385 372 393 0.602609 0.397063
box 229 284 257 309 0.593055 0.389542
box 158 334 286 406 0.5255 0.458505
box 456 284 461 286 0.481597 0.512926
box 229 267 257 295 0.47966 0.486865
box 197 368 262 409 0.450033 0.538448
box 285 338 312 362 0.430092 0.557916
box 319 402 344 421 0.424868 0.551425
box 193 299 243 350 0.401783 0.589555
box 235 250 302 338 0.374063 0.594010
box 337 407 384 440 0.361903 0.253432
box 334 423 364 440 0.358184 0.222181
box 277 352 284 367 0.327703 0.641321
box 171 341 209 361 0.32636 0.664982
box 305 272 405 334 0.316162 0.616740
box 187 360 195 367 0.302546 0.693438
box 283 309 355 363 0.286539 0.672543
box 233 351 280 384 0.260581 0.696111
box 333 435 337 440 0.249235 0.351940
box 233 290 261 338 0.219692 0.698555
box 179 352 203 362 0.214453 0.776231
box 333 433 351 440 0.203999 0.342862
box 449 284 465 296 0.201458 0.793859
box 458 297 462 305 0.188096 0.801540
box 476 286 479 291 0.179869 0.801013
box 444 277 448 281 0.17601 0.820291
box 151 328 196 342 0.162063 0.792621
box 317 188 444 408 0.154305 0.840427
box 220 277 243 305 0.152366 0.838141
box 231 375 247 387 0.144246 0.708940
box 481 283 492 288 0.14273 0.817666
box 367 422 371 425 0.131488 0.463537
box 7 2 249 70 0.130915 0.620313
box 318 220 361 286 0.13026 0.798180
box 49 432 61 440 0.12811 0.279828
box 311 416 318 426 0.127326 0.649937
box 234 367 258 383 0.125729 0.808096
box 464 293 466 298 0.1214 0.874826
box 346 425 358 435 0.120664 0.377490
box 194 237 243 293 0.119214 0.832358
box 80 421 87 428 0.111864 0.329524
box 377 417 380 419 0.107483 0.569358
box 254 179 319 319 0.103528 0.844913
box 569 217 590 255 0.102948 0.506894
box 72 405 80 417 0.100812 0.481634
lamp 335 67 407 113 0.151323 0.692750
garbage_bin 246 247 258 274 0.571798 0.420261
garbage_bin 202 173 218 192 0.289061 0.700684
garbage_bin 234 241 259 296 0.243318 0.615610
garbage_bin 239 270 250 279 0.150515 0.825844
garbage_bin 211 171 215 173 0.131832 0.864824
garbage_bin 1 298 147 440 0.103493 0.620255
