chair 9 257 368 440 0.960955 0.026340
chair 391 81 453 190 0.850176 0.145544
chair 396 141 451 327 0.834769 0.156042
chair 296 236 443 438 0.742787 0.219272
chair 382 31 580 179 0.680491 0.197705
chair 0 126 89 261 0.664412 0.316504
chair 369 131 575 419 0.630902 0.068491
chair 1 62 81 143 0.60167 0.363414
chair 98 350 305 440 0.585527 0.384613
chair 95 17 279 143 0.568885 0.379335
chair 409 151 453 184 0.526974 0.469731
chair 8 72 180 182 0.487403 0.452084
chair 174 3 307 77 0.477818 0.512430
chair 20 1 95 33 0.477714 0.514351
chair 353 154 411 331 0.438763 0.559906
chair 84 1 104 18 0.387344 0.589761
chair 93 1 137 18 0.328282 0.621857
chair 73 62 134 157 0.315918 0.680443
chair 360 6 455 95 0.279948 0.675275
chair 361 67 427 246 0.260377 0.739194
chair 216 3 275 52 0.24947 0.745266
chair 99 3 190 76 0.232508 0.633768
chair 426 86 451 144 0.232028 0.686150
chair 1 9 61 60 0.230547 0.754339
chair 253 1 301 36 0.213433 0.733567
chair 211 1 349 245 0.205035 0.658920
chair 413 76 432 126 0.195886 0.797464
chair 145 35 245 102 0.192128 0.805468
chair 114 25 170 44 0.180336 0.749162
chair 202 34 240 78 0.175279 0.811595
chair 413 179 453 189 0.158051 0.801919
chair 225 1 233 8 0.153187 0.788875
chair 376 306 446 366 0.148372 0.808107
chair 399 162 427 186 0.137315 0.852959
chair 382 233 409 323 0.134806 0.854628
chair 91 85 121 133 0.126667 0.872113
chair 236 1 259 39 0.122239 0.871119
chair 113 42 190 115 0.118566 0.877595
chair 271 0 301 10 0.115764 0.826309
chair 189 0 234 46 0.115018 0.881315
chair 411 151 425 167 0.114235 0.884960
chair 416 106 436 141 0.113592 0.875098
chair 415 85 424 97 0.112186 0.879834
chair 196 0 250 8 0.109691 0.833784
chair 143 57 151 74 0.109566 0.888748
chair 118 54 154 77 0.109125 0.876236
chair 15 30 46 48 0.109107 0.866158
chair 17 427 22 429 0.107453 0.796052
sofa 432 120 590 416 0.188454 0.146764
table 7 34 166 119 0.767578 0.169199
table 20 2 242 188 0.59871 0.239253
table 417 119 590 435 0.589598 0.061424
table 0 76 292 423 0.442336 0.152296
table 419 31 590 203 0.381731 0.239995
table 72 5 201 67 0.21582 0.622894
table 178 0 364 289 0.173751 0.784417
table 528 22 584 113 0.149303 0.532979
table 9 122 149 268 0.141591 0.484704
table 7 435 14 440 0.127228 0.299384
desk 5 101 287 437 0.19046 0.152296
desk 407 95 590 415 0.164266 0.070542
desk 148 218 415 425 0.123544 0.364024
paper 586 164 590 176 0.204375 0.417416
paper 574 80 590 111 0.140344 0.470714
paper 312 165 317 169 0.127651 0.811210
paper 447 184 454 188 0.116382 0.592825
paper 567 114 590 163 0.105225 0.480914
paper 581 80 590 94 0.101962 0.408688
box 523 3 563 20 0.242489 0.689105
box 559 15 570 22 0.178909 0.746814
box 528 16 578 37 0.136337 0.803192
box 567 111 590 162 0.108735 0.480914
box 449 142 589 434 0.100294 0.146764
person 576 0 582 11 0.307304 0.653135
person 419 3 423 8 0.243111 0.718417
person 564 0 588 82 0.139487 0.746184
lamp 458 12 576 166 0.195949 0.250819
lamp 460 41 585 438 0.102002 0.075247
garbage_bin 448 134 588 425 0.102971 0.146764
