0.021645 0.000001 0.000001 0.978174 0.000019 0.000102 0.000000 0.000000 0.000001 0.000001 0.000002 0.000000 0.000005 0.000001 0.000011 0.000000 0.000004 0.000001 0.000000 0.000002 0.000003 0.000006 0.000000 0.000002 0.000001 0.000001 0.000001 0.000003 0.000000 0.000005 0.000004 0.000002
0.150776 0.000032 0.000003 0.840385 0.000155 0.007217 0.000011 0.000007 0.000068 0.000018 0.000165 0.000005 0.000611 0.000007 0.000012 0.000007 0.000015 0.000042 0.000009 0.000038 0.000013 0.000129 0.000029 0.000057 0.000016 0.000011 0.000017 0.000053 0.000004 0.000022 0.000033 0.000034
0.145272 0.000020 0.000040 0.840278 0.000261 0.011493 0.000015 0.000010 0.000028 0.000028 0.000078 0.000008 0.001542 0.000017 0.000070 0.000009 0.000043 0.000022 0.000012 0.000106 0.000035 0.000133 0.000022 0.000061 0.000055 0.000035 0.000040 0.000057 0.000010 0.000065 0.000066 0.000070
0.347756 0.000002 0.000001 0.648132 0.000023 0.003843 0.000001 0.000001 0.000010 0.000005 0.000005 0.000002 0.000076 0.000001 0.000010 0.000001 0.000007 0.000001 0.000001 0.000019 0.000002 0.000018 0.000002 0.000033 0.000002 0.000001 0.000002 0.000021 0.000000 0.000009 0.000003 0.000009
0.338719 0.000265 0.000118 0.633322 0.003609 0.001469 0.000201 0.000140 0.000547 0.000560 0.000108 0.000173 0.000468 0.000242 0.000557 0.000363 0.000682 0.000860 0.001112 0.000993 0.000469 0.007524 0.000302 0.001176 0.000325 0.000243 0.000182 0.000921 0.000095 0.001345 0.000901 0.002010
0.412947 0.000003 0.000001 0.585216 0.000260 0.001241 0.000002 0.000001 0.000028 0.000005 0.000012 0.000002 0.000132 0.000001 0.000019 0.000001 0.000006 0.000002 0.000001 0.000031 0.000001 0.000015 0.000004 0.000034 0.000002 0.000001 0.000003 0.000011 0.000001 0.000004 0.000003 0.000011
0.355109 0.000081 0.000015 0.557648 0.000086 0.084588 0.000019 0.000012 0.000063 0.000051 0.000166 0.000009 0.001256 0.000022 0.000051 0.000012 0.000042 0.000047 0.000016 0.000095 0.000037 0.000121 0.000028 0.000052 0.000053 0.000021 0.000044 0.000072 0.000012 0.000059 0.000064 0.000053
0.481444 0.000011 0.000020 0.508243 0.000540 0.006984 0.000010 0.000009 0.000050 0.000069 0.000022 0.000010 0.000652 0.000011 0.000326 0.000009 0.000113 0.000016 0.000020 0.000338 0.000040 0.000373 0.000016 0.000152 0.000030 0.000008 0.000018 0.000164 0.000004 0.000155 0.000032 0.000110
0.530278 0.000014 0.000011 0.457198 0.000488 0.010631 0.000007 0.000006 0.000070 0.000019 0.000097 0.000006 0.000707 0.000006 0.000043 0.000004 0.000021 0.000014 0.000004 0.000075 0.000007 0.000052 0.000016 0.000082 0.000012 0.000007 0.000019 0.000034 0.000004 0.000021 0.000016 0.000032
0.548026 0.000019 0.000001 0.448689 0.000030 0.002622 0.000004 0.000004 0.000042 0.000038 0.000037 0.000004 0.000048 0.000003 0.000052 0.000004 0.000013 0.000009 0.000003 0.000134 0.000011 0.000071 0.000006 0.000023 0.000007 0.000004 0.000010 0.000028 0.000003 0.000026 0.000015 0.000016
0.521084 0.000017 0.000003 0.441153 0.000054 0.036202 0.000005 0.000004 0.000049 0.000013 0.000070 0.000003 0.001019 0.000005 0.000014 0.000003 0.000009 0.000013 0.000003 0.000051 0.000006 0.000043 0.000020 0.000016 0.000013 0.000007 0.000011 0.000056 0.000002 0.000010 0.000015 0.000028
0.583779 0.000007 0.000005 0.412866 0.000137 0.002429 0.000005 0.000004 0.000032 0.000017 0.000043 0.000004 0.000195 0.000003 0.000037 0.000003 0.000025 0.000007 0.000004 0.000126 0.000009 0.000070 0.000023 0.000034 0.000009 0.000007 0.000016 0.000039 0.000003 0.000027 0.000012 0.000026
0.613557 0.000002 0.000001 0.385454 0.000015 0.000715 0.000002 0.000001 0.000005 0.000005 0.000008 0.000001 0.000042 0.000001 0.000012 0.000001 0.000011 0.000005 0.000001 0.000035 0.000004 0.000054 0.000001 0.000014 0.000004 0.000001 0.000003 0.000013 0.000000 0.000020 0.000006 0.000005
0.658177 0.000003 0.000001 0.337083 0.000026 0.004523 0.000001 0.000001 0.000020 0.000006 0.000007 0.000001 0.000046 0.000000 0.000004 0.000001 0.000003 0.000002 0.000001 0.000019 0.000001 0.000027 0.000004 0.000007 0.000001 0.000001 0.000003 0.000017 0.000000 0.000003 0.000001 0.000008
0.657077 0.000074 0.000014 0.322568 0.000183 0.016383 0.000027 0.000021 0.000227 0.000088 0.000098 0.000039 0.001276 0.000014 0.000116 0.000023 0.000080 0.000029 0.000023 0.000306 0.000023 0.000199 0.000066 0.000503 0.000031 0.000014 0.000031 0.000252 0.000008 0.000070 0.000022 0.000118
0.558789 0.000358 0.000084 0.311449 0.000094 0.097942 0.000146 0.000076 0.000172 0.000345 0.000514 0.000044 0.017553 0.000314 0.000293 0.000080 0.000464 0.000605 0.000136 0.000910 0.000678 0.003268 0.000139 0.000529 0.001056 0.000207 0.000407 0.000783 0.000070 0.000959 0.001036 0.000499
0.724982 0.000001 0.000000 0.274533 0.000010 0.000200 0.000000 0.000000 0.000002 0.000007 0.000000 0.000002 0.000003 0.000000 0.000019 0.000001 0.000008 0.000000 0.000000 0.000018 0.000001 0.000009 0.000001 0.000157 0.000000 0.000000 0.000000 0.000031 0.000000 0.000006 0.000000 0.000006
0.701210 0.000016 0.000006 0.273598 0.000288 0.023124 0.000010 0.000010 0.000053 0.000035 0.000082 0.000015 0.000577 0.000006 0.000103 0.000006 0.000040 0.000019 0.000008 0.000240 0.000016 0.000101 0.000030 0.000077 0.000014 0.000010 0.000032 0.000156 0.000005 0.000032 0.000016 0.000065
0.719508 0.000013 0.000015 0.270232 0.000037 0.008274 0.000008 0.000006 0.000017 0.000034 0.000040 0.000005 0.000536 0.000011 0.000066 0.000005 0.000040 0.000033 0.000005 0.000351 0.000032 0.000316 0.000020 0.000086 0.000027 0.000005 0.000021 0.000106 0.000004 0.000059 0.000042 0.000048
0.697887 0.000059 0.000054 0.264695 0.002066 0.028471 0.000040 0.000035 0.000240 0.000114 0.000572 0.000026 0.002396 0.000038 0.000240 0.000016 0.000193 0.000050 0.000042 0.000644 0.000077 0.000685 0.000061 0.000257 0.000113 0.000043 0.000129 0.000275 0.000028 0.000182 0.000119 0.000151
0.590005 0.000273 0.000028 0.261147 0.000191 0.139877 0.000029 0.000044 0.000277 0.000314 0.000081 0.000027 0.004218 0.000046 0.000101 0.000039 0.000078 0.000051 0.000294 0.000544 0.000040 0.000846 0.000048 0.000305 0.000177 0.000015 0.000017 0.000364 0.000008 0.000177 0.000045 0.000295
0.739537 0.000000 0.000000 0.259657 0.000206 0.000189 0.000001 0.000001 0.000010 0.000003 0.000002 0.000002 0.000063 0.000000 0.000023 0.000000 0.000011 0.000000 0.000001 0.000051 0.000001 0.000030 0.000001 0.000150 0.000001 0.000000 0.000002 0.000024 0.000000 0.000010 0.000002 0.000021
0.745362 0.000029 0.000004 0.251244 0.000405 0.001341 0.000014 0.000010 0.000128 0.000054 0.000174 0.000018 0.000048 0.000005 0.000124 0.000009 0.000062 0.000010 0.000011 0.000319 0.000026 0.000202 0.000025 0.000059 0.000015 0.000011 0.000038 0.000092 0.000006 0.000066 0.000049 0.000040
0.744397 0.000035 0.000024 0.246918 0.001002 0.004105 0.000027 0.000025 0.000111 0.000109 0.000171 0.000049 0.000270 0.000016 0.000399 0.000012 0.000128 0.000032 0.000015 0.000625 0.000051 0.000465 0.000075 0.000277 0.000031 0.000017 0.000063 0.000233 0.000012 0.000134 0.000069 0.000102
0.720863 0.000032 0.000004 0.242218 0.000037 0.032791 0.000007 0.000008 0.000120 0.000078 0.000016 0.000004 0.002456 0.000008 0.000035 0.000007 0.000029 0.000013 0.000049 0.000311 0.000009 0.000439 0.000017 0.000086 0.000034 0.000004 0.000004 0.000144 0.000001 0.000054 0.000012 0.000111
0.731946 0.000060 0.000048 0.226432 0.000217 0.035180 0.000060 0.000035 0.000180 0.000127 0.000434 0.000021 0.002206 0.000037 0.000120 0.000031 0.000146 0.000059 0.000034 0.000605 0.000111 0.000466 0.000074 0.000131 0.000094 0.000070 0.000150 0.000356 0.000021 0.000180 0.000176 0.000195
0.778671 0.000026 0.000005 0.216091 0.000087 0.003781 0.000011 0.000010 0.000094 0.000054 0.000057 0.000015 0.000168 0.000006 0.000096 0.000009 0.000044 0.000013 0.000009 0.000214 0.000014 0.000121 0.000025 0.000139 0.000014 0.000008 0.000021 0.000088 0.000005 0.000045 0.000016 0.000044
0.793670 0.000001 0.000001 0.202442 0.000017 0.003613 0.000001 0.000000 0.000005 0.000004 0.000011 0.000000 0.000110 0.000001 0.000006 0.000000 0.000003 0.000002 0.000000 0.000061 0.000001 0.000021 0.000002 0.000003 0.000002 0.000001 0.000002 0.000007 0.000000 0.000004 0.000003 0.000005
0.771507 0.000013 0.000004 0.192053 0.000230 0.032455 0.000005 0.000006 0.000078 0.000027 0.000113 0.000004 0.002501 0.000006 0.000045 0.000002 0.000030 0.000014 0.000007 0.000224 0.000011 0.000303 0.000008 0.000089 0.000021 0.000006 0.000042 0.000066 0.000005 0.000041 0.000031 0.000051
0.806249 0.000000 0.000000 0.191683 0.000025 0.001821 0.000000 0.000000 0.000003 0.000004 0.000003 0.000000 0.000034 0.000000 0.000016 0.000000 0.000004 0.000002 0.000000 0.000092 0.000001 0.000026 0.000001 0.000003 0.000001 0.000000 0.000002 0.000014 0.000000 0.000004 0.000002 0.000006
0.808368 0.000002 0.000006 0.190401 0.000097 0.000107 0.000007 0.000003 0.000034 0.000022 0.000011 0.000007 0.000017 0.000002 0.000087 0.000002 0.000038 0.000007 0.000004 0.000293 0.000016 0.000246 0.000007 0.000033 0.000005 0.000004 0.000008 0.000077 0.000001 0.000047 0.000019 0.000023
0.815409 0.000000 0.000000 0.184318 0.000007 0.000141 0.000001 0.000000 0.000002 0.000002 0.000002 0.000000 0.000008 0.000000 0.000008 0.000000 0.000007 0.000001 0.000000 0.000037 0.000002 0.000018 0.000001 0.000007 0.000001 0.000001 0.000001 0.000013 0.000000 0.000009 0.000001 0.000003
0.803643 0.000005 0.000001 0.182479 0.000037 0.013292 0.000001 0.000001 0.000015 0.000006 0.000078 0.000001 0.000325 0.000001 0.000003 0.000001 0.000003 0.000003 0.000001 0.000029 0.000001 0.000020 0.000017 0.000006 0.000002 0.000002 0.000008 0.000006 0.000001 0.000004 0.000004 0.000006
0.817464 0.000005 0.000000 0.180723 0.000002 0.001596 0.000001 0.000001 0.000019 0.000015 0.000004 0.000004 0.000007 0.000000 0.000004 0.000002 0.000005 0.000001 0.000001 0.000024 0.000002 0.000014 0.000003 0.000013 0.000001 0.000001 0.000000 0.000076 0.000000 0.000004 0.000001 0.000006
0.775548 0.000108 0.000156 0.180469 0.001966 0.006242 0.000087 0.000104 0.000216 0.001281 0.000264 0.000101 0.000892 0.000095 0.001484 0.000076 0.000501 0.000220 0.000135 0.008208 0.000652 0.015785 0.000237 0.001228 0.000196 0.000073 0.000173 0.001440 0.000053 0.000934 0.000341 0.000736
0.771803 0.001156 0.000105 0.177351 0.001916 0.018938 0.000400 0.000252 0.006455 0.000923 0.003437 0.000432 0.001058 0.000171 0.000578 0.000205 0.000691 0.000220 0.000298 0.004084 0.000495 0.003272 0.000323 0.000854 0.000424 0.000216 0.000716 0.001052 0.000185 0.000771 0.000698 0.000521
0.807105 0.000055 0.000021 0.172373 0.000417 0.015400 0.000030 0.000031 0.000436 0.000178 0.000283 0.000029 0.000814 0.000019 0.000215 0.000023 0.000140 0.000028 0.000030 0.000770 0.000042 0.000534 0.000076 0.000280 0.000046 0.000022 0.000071 0.000210 0.000013 0.000129 0.000052 0.000130
0.825227 0.000003 0.000003 0.171949 0.000346 0.000838 0.000004 0.000004 0.000030 0.000015 0.000011 0.000012 0.000317 0.000001 0.000071 0.000002 0.000051 0.000002 0.000003 0.000227 0.000008 0.000122 0.000009 0.000501 0.000005 0.000001 0.000012 0.000107 0.000001 0.000037 0.000009 0.000072
0.825527 0.000062 0.000027 0.156450 0.001366 0.012223 0.000040 0.000026 0.000155 0.000115 0.000814 0.000035 0.000524 0.000022 0.000210 0.000015 0.000172 0.000033 0.000018 0.000681 0.000059 0.000323 0.000163 0.000090 0.000057 0.000052 0.000157 0.000199 0.000033 0.000137 0.000133 0.000084
0.840162 0.000033 0.000025 0.153630 0.000184 0.001460 0.000032 0.000026 0.000748 0.000139 0.000111 0.000067 0.000140 0.000014 0.000301 0.000029 0.000165 0.000033 0.000024 0.000904 0.000042 0.000576 0.000031 0.000527 0.000031 0.000013 0.000052 0.000195 0.000008 0.000136 0.000039 0.000120
0.756669 0.000139 0.000304 0.144857 0.000061 0.093362 0.000035 0.000019 0.000028 0.000206 0.000096 0.000020 0.000402 0.000081 0.000353 0.000014 0.000103 0.000042 0.000012 0.001334 0.000059 0.000608 0.000044 0.000120 0.000111 0.000039 0.000019 0.000551 0.000012 0.000067 0.000123 0.000110
0.849331 0.000042 0.000029 0.143662 0.000198 0.001237 0.000041 0.000032 0.000960 0.000173 0.000146 0.000079 0.000147 0.000014 0.000307 0.000034 0.000175 0.000043 0.000030 0.001244 0.000047 0.000746 0.000054 0.000555 0.000037 0.000015 0.000064 0.000225 0.000010 0.000139 0.000047 0.000136
0.820436 0.000050 0.000047 0.141759 0.000428 0.030920 0.000026 0.000020 0.000196 0.000128 0.000120 0.000023 0.002945 0.000025 0.000270 0.000023 0.000173 0.000029 0.000049 0.000773 0.000059 0.000422 0.000056 0.000162 0.000089 0.000017 0.000044 0.000299 0.000011 0.000190 0.000057 0.000152
0.854238 0.000016 0.000012 0.141120 0.000290 0.001513 0.000018 0.000010 0.000052 0.000108 0.000094 0.000017 0.000181 0.000009 0.000148 0.000008 0.000125 0.000011 0.000015 0.000903 0.000044 0.000308 0.000092 0.000086 0.000026 0.000021 0.000049 0.000203 0.000009 0.000131 0.000049 0.000091
0.855922 0.000004 0.000002 0.134738 0.000035 0.008603 0.000002 0.000001 0.000013 0.000013 0.000045 0.000001 0.000312 0.000002 0.000017 0.000001 0.000010 0.000005 0.000001 0.000108 0.000006 0.000063 0.000006 0.000018 0.000006 0.000002 0.000008 0.000019 0.000001 0.000016 0.000008 0.000013
0.840611 0.000227 0.000056 0.134399 0.000304 0.006119 0.000102 0.000093 0.001650 0.000628 0.000365 0.000165 0.002486 0.000063 0.000235 0.000088 0.000300 0.000138 0.000106 0.002011 0.000103 0.001827 0.000200 0.005920 0.000100 0.000033 0.000100 0.000613 0.000030 0.000414 0.000075 0.000438
0.870004 0.000000 0.000000 0.129819 0.000001 0.000030 0.000000 0.000000 0.000002 0.000003 0.000000 0.000001 0.000001 0.000000 0.000002 0.000000 0.000001 0.000000 0.000000 0.000004 0.000000 0.000004 0.000000 0.000117 0.000000 0.000000 0.000000 0.000005 0.000000 0.000001 0.000000 0.000002
0.807245 0.000713 0.000054 0.129121 0.000946 0.000598 0.000916 0.000426 0.001170 0.002766 0.000115 0.001899 0.000331 0.000164 0.000716 0.002718 0.005100 0.000794 0.001761 0.001706 0.001205 0.004898 0.003042 0.014654 0.000213 0.000187 0.000333 0.006676 0.000091 0.005851 0.000601 0.002988
0.874195 0.000000 0.000000 0.125521 0.000022 0.000072 0.000000 0.000000 0.000005 0.000003 0.000001 0.000000 0.000005 0.000000 0.000013 0.000000 0.000003 0.000000 0.000000 0.000090 0.000001 0.000038 0.000001 0.000008 0.000000 0.000000 0.000001 0.000011 0.000000 0.000004 0.000001 0.000003
0.864376 0.000218 0.000008 0.125242 0.000193 0.002079 0.000078 0.000054 0.001065 0.000299 0.000807 0.000095 0.000061 0.000020 0.000274 0.000048 0.000132 0.000054 0.000053 0.001897 0.000087 0.001444 0.000037 0.000218 0.000061 0.000023 0.000169 0.000300 0.000026 0.000238 0.000190 0.000153
0.872945 0.000001 0.000001 0.125188 0.000021 0.001546 0.000001 0.000001 0.000004 0.000008 0.000002 0.000001 0.000027 0.000001 0.000031 0.000000 0.000009 0.000001 0.000001 0.000055 0.000002 0.000077 0.000000 0.000030 0.000002 0.000000 0.000001 0.000014 0.000000 0.000020 0.000003 0.000006
0.873490 0.000015 0.000008 0.123250 0.000059 0.001419 0.000010 0.000009 0.000102 0.000100 0.000018 0.000020 0.000038 0.000005 0.000301 0.000013 0.000063 0.000010 0.000008 0.000390 0.000017 0.000174 0.000015 0.000185 0.000013 0.000005 0.000011 0.000123 0.000003 0.000076 0.000010 0.000041
0.873462 0.000011 0.000002 0.123059 0.000023 0.001786 0.000007 0.000004 0.000021 0.000048 0.000013 0.000009 0.000172 0.000003 0.000146 0.000005 0.000075 0.000009 0.000005 0.000389 0.000018 0.000246 0.000021 0.000049 0.000013 0.000004 0.000016 0.000135 0.000002 0.000164 0.000039 0.000044
0.871739 0.000017 0.000019 0.122310 0.000163 0.001444 0.000019 0.000018 0.000491 0.000133 0.000072 0.000041 0.000155 0.000008 0.000174 0.000020 0.000156 0.000019 0.000017 0.000735 0.000031 0.000477 0.000025 0.001241 0.000017 0.000007 0.000033 0.000162 0.000005 0.000138 0.000020 0.000096
0.877104 0.000002 0.000001 0.121961 0.000013 0.000471 0.000002 0.000001 0.000004 0.000010 0.000009 0.000001 0.000026 0.000002 0.000019 0.000001 0.000014 0.000009 0.000001 0.000090 0.000009 0.000141 0.000001 0.000012 0.000004 0.000001 0.000004 0.000027 0.000001 0.000038 0.000012 0.000006
0.559912 0.000935 0.000211 0.117659 0.000896 0.001640 0.000822 0.000293 0.000404 0.007011 0.000373 0.000362 0.000928 0.001072 0.002198 0.000972 0.002588 0.003271 0.001064 0.013714 0.004509 0.250962 0.002035 0.002224 0.000584 0.002678 0.002044 0.007012 0.001508 0.005149 0.001796 0.003173
0.872787 0.000015 0.000008 0.117255 0.000165 0.007158 0.000008 0.000006 0.000052 0.000069 0.000126 0.000006 0.000667 0.000007 0.000067 0.000005 0.000052 0.000011 0.000011 0.000600 0.000026 0.000403 0.000025 0.000089 0.000026 0.000010 0.000035 0.000102 0.000006 0.000089 0.000045 0.000071
0.882193 0.000001 0.000001 0.116574 0.000097 0.000742 0.000001 0.000001 0.000021 0.000013 0.000007 0.000001 0.000017 0.000000 0.000047 0.000001 0.000008 0.000001 0.000001 0.000137 0.000002 0.000061 0.000001 0.000025 0.000002 0.000001 0.000002 0.000018 0.000000 0.000013 0.000002 0.000010
0.841722 0.000162 0.000022 0.116541 0.000437 0.002734 0.000171 0.000101 0.001080 0.002451 0.000284 0.000270 0.000166 0.000085 0.001173 0.000205 0.000576 0.000149 0.000225 0.007596 0.000388 0.014124 0.000301 0.002309 0.000194 0.000058 0.000089 0.003850 0.000026 0.001488 0.000203 0.000821
0.885487 0.000000 0.000000 0.114499 0.000002 0.000005 0.000000 0.000000 0.000000 0.000000 0.000000 0.000000 0.000000 0.000000 0.000001 0.000000 0.000000 0.000000 0.000000 0.000002 0.000000 0.000001 0.000000 0.000002 0.000000 0.000000 0.000000 0.000000 0.000000 0.000000 0.000000 0.000000
0.883060 0.000002 0.000001 0.114120 0.000025 0.002400 0.000001 0.000001 0.000006 0.000007 0.000012 0.000001 0.000050 0.000001 0.000035 0.000001 0.000009 0.000003 0.000001 0.000123 0.000005 0.000054 0.000003 0.000019 0.000002 0.000001 0.000005 0.000024 0.000001 0.000015 0.000004 0.000010
0.854019 0.000056 0.000030 0.105633 0.000897 0.007417 0.000073 0.000065 0.000969 0.000667 0.000244 0.000032 0.003631 0.000063 0.000649 0.000054 0.000534 0.000189 0.000771 0.006558 0.000346 0.012243 0.000040 0.000350 0.000399 0.000056 0.000100 0.001161 0.000019 0.001171 0.000360 0.001201
0.626387 0.001463 0.001913 0.007674 0.162934 0.004875 0.001309 0.001879 0.034316 0.006285 0.043853 0.001159 0.001711 0.000777 0.001484 0.000429 0.002067 0.001683 0.000642 0.016972 0.001441 0.017453 0.006077 0.020964 0.000722 0.002538 0.008830 0.004531 0.002083 0.002457 0.009745 0.003348
0.631243 0.001748 0.001810 0.004090 0.120185 0.003949 0.000734 0.001485 0.029874 0.005486 0.105155 0.001046 0.002107 0.000537 0.001208 0.000475 0.001725 0.001210 0.000661 0.020013 0.001803 0.008937 0.007510 0.017448 0.000508 0.001463 0.013425 0.002910 0.002041 0.001910 0.004795 0.002507
0.794848 0.001251 0.001652 0.012894 0.113338 0.005245 0.000629 0.000726 0.008513 0.005114 0.011738 0.000551 0.001012 0.000423 0.001321 0.000255 0.001058 0.000374 0.000497 0.008635 0.000703 0.007478 0.001530 0.007641 0.000959 0.000628 0.001765 0.003168 0.000539 0.000998 0.002779 0.001739
0.008759 0.000043 0.000095 0.002756 0.000007 0.863336 0.000002 0.000001 0.000014 0.000002 0.000054 0.000001 0.124823 0.000029 0.000001 0.000001 0.000001 0.000007 0.000003 0.000003 0.000001 0.000004 0.000003 0.000003 0.000020 0.000005 0.000006 0.000006 0.000004 0.000002 0.000004 0.000005
0.570511 0.000057 0.000017 0.188254 0.000168 0.237145 0.000007 0.000005 0.000085 0.000024 0.000366 0.000004 0.003070 0.000009 0.000015 0.000005 0.000012 0.000013 0.000005 0.000029 0.000006 0.000030 0.000019 0.000030 0.000016 0.000008 0.000017 0.000023 0.000005 0.000011 0.000015 0.000019
0.477762 0.000762 0.000084 0.065374 0.000149 0.209609 0.000065 0.000032 0.000332 0.000049 0.001519 0.000015 0.241436 0.000385 0.000021 0.000022 0.000050 0.000428 0.000047 0.000157 0.000041 0.000162 0.000111 0.000048 0.000533 0.000116 0.000148 0.000124 0.000062 0.000042 0.000202 0.000111
0.754766 0.000023 0.000014 0.065821 0.000053 0.173103 0.000008 0.000004 0.000031 0.000017 0.000358 0.000002 0.005504 0.000009 0.000006 0.000003 0.000007 0.000027 0.000002 0.000038 0.000005 0.000025 0.000042 0.000012 0.000016 0.000012 0.000024 0.000020 0.000006 0.000007 0.000017 0.000016
0.590005 0.000273 0.000028 0.261147 0.000191 0.139877 0.000029 0.000044 0.000277 0.000314 0.000081 0.000027 0.004218 0.000046 0.000101 0.000039 0.000078 0.000051 0.000294 0.000544 0.000040 0.000846 0.000048 0.000305 0.000177 0.000015 0.000017 0.000364 0.000008 0.000177 0.000045 0.000295
0.586292 0.000152 0.000075 0.290376 0.000243 0.120522 0.000027 0.000016 0.000042 0.000073 0.000260 0.000014 0.000563 0.000056 0.000112 0.000020 0.000042 0.000044 0.000014 0.000113 0.000026 0.000125 0.000032 0.000094 0.000088 0.000031 0.000053 0.000250 0.000016 0.000034 0.000100 0.000093
0.560013 0.000665 0.000197 0.292631 0.000197 0.106116 0.000275 0.000136 0.000279 0.000811 0.000969 0.000078 0.012206 0.000636 0.000640 0.000176 0.000812 0.001171 0.000311 0.001450 0.001338 0.007774 0.000209 0.001386 0.002009 0.000351 0.000633 0.001354 0.000128 0.001826 0.002299 0.000925
0.399080 0.002987 0.000556 0.000796 0.007768 0.000386 0.010963 0.003025 0.007910 0.258783 0.000673 0.004266 0.000041 0.000622 0.010823 0.050825 0.040061 0.000672 0.022381 0.059602 0.009634 0.060726 0.001639 0.006753 0.001335 0.000804 0.000264 0.010573 0.000406 0.017668 0.001531 0.006448
0.527180 0.002430 0.000274 0.002596 0.034169 0.002662 0.004499 0.001942 0.039766 0.170398 0.001898 0.000962 0.000170 0.000508 0.004256 0.010141 0.005340 0.000560 0.080278 0.042182 0.005358 0.034496 0.002083 0.004304 0.001245 0.000322 0.000471 0.003511 0.000277 0.007645 0.001554 0.006521
0.623030 0.000308 0.000068 0.000316 0.000128 0.000137 0.004578 0.001328 0.000607 0.110039 0.000366 0.002584 0.000011 0.000224 0.004252 0.005279 0.015953 0.000244 0.000394 0.138324 0.024106 0.017121 0.002444 0.003380 0.000438 0.000279 0.000218 0.021817 0.000174 0.018461 0.001388 0.002005
0.631243 0.001748 0.001810 0.004090 0.120185 0.003949 0.000734 0.001485 0.029874 0.005486 0.105155 0.001046 0.002107 0.000537 0.001208 0.000475 0.001725 0.001210 0.000661 0.020013 0.001803 0.008937 0.007510 0.017448 0.000508 0.001463 0.013425 0.002910 0.002041 0.001910 0.004795 0.002507
0.607371 0.007144 0.000080 0.000785 0.000405 0.000248 0.039882 0.002461 0.000319 0.006006 0.001033 0.240894 0.000006 0.000317 0.000828 0.004164 0.003436 0.000541 0.000060 0.026201 0.009085 0.001703 0.018691 0.001300 0.000141 0.002169 0.001292 0.016430 0.000456 0.004129 0.002125 0.000299
0.738183 0.003998 0.000015 0.000642 0.000263 0.000156 0.021310 0.002890 0.001290 0.006396 0.000331 0.165445 0.000005 0.000042 0.000165 0.002565 0.002740 0.000208 0.000090 0.001288 0.000656 0.000551 0.036267 0.001603 0.000059 0.000513 0.000104 0.010938 0.000033 0.000670 0.000338 0.000244
0.043611 0.005533 0.001078 0.019749 0.000178 0.249814 0.000040 0.000033 0.000159 0.000059 0.001115 0.000018 0.667147 0.002515 0.000052 0.000032 0.000074 0.000214 0.000173 0.000231 0.000183 0.000481 0.000029 0.000038 0.005873 0.000127 0.000306 0.000226 0.000138 0.000123 0.000565 0.000090
0.373704 0.016756 0.000772 0.002523 0.002275 0.010445 0.035730 0.004707 0.003971 0.025322 0.009396 0.006986 0.000975 0.004318 0.005056 0.006328 0.008935 0.013297 0.002679 0.164645 0.026843 0.080327 0.008214 0.003334 0.003303 0.006768 0.008329 0.038115 0.004001 0.025521 0.090349 0.006076
0.475410 0.000802 0.000080 0.003560 0.001397 0.000508 0.001271 0.000661 0.003261 0.032604 0.001404 0.000824 0.000182 0.000319 0.001269 0.000483 0.001686 0.001717 0.000407 0.160153 0.003702 0.281394 0.001662 0.001845 0.000328 0.000413 0.000299 0.008139 0.000394 0.006676 0.005500 0.001649
0.605923 0.002764 0.001632 0.005225 0.004444 0.004385 0.004671 0.001776 0.001867 0.022618 0.019679 0.004036 0.000217 0.001465 0.008094 0.002338 0.008976 0.001778 0.000588 0.153651 0.016272 0.045009 0.004831 0.004422 0.001634 0.002784 0.005705 0.010746 0.006234 0.028080 0.016132 0.002023
0.623030 0.000308 0.000068 0.000316 0.000128 0.000137 0.004578 0.001328 0.000607 0.110039 0.000366 0.002584 0.000011 0.000224 0.004252 0.005279 0.015953 0.000244 0.000394 0.138324 0.024106 0.017121 0.002444 0.003380 0.000438 0.000279 0.000218 0.021817 0.000174 0.018461 0.001388 0.002005
0.789733 0.000011 0.000006 0.008600 0.000025 0.000102 0.000055 0.000037 0.000310 0.001392 0.000025 0.000153 0.000497 0.000022 0.000752 0.000077 0.000544 0.000042 0.000326 0.133602 0.000609 0.040486 0.000151 0.000982 0.000174 0.000057 0.000309 0.012600 0.000017 0.003398 0.000130 0.004778
0.395141 0.003973 0.009063 0.013936 0.024463 0.024746 0.007259 0.004398 0.005129 0.035162 0.028894 0.003452 0.008064 0.007221 0.036743 0.002891 0.013218 0.006117 0.010590 0.129029 0.020471 0.059403 0.003318 0.008828 0.010081 0.010076 0.004381 0.013919 0.017038 0.032623 0.044281 0.006091
0.631861 0.000054 0.000022 0.009739 0.000068 0.000359 0.000189 0.000090 0.000812 0.002528 0.000104 0.000266 0.001416 0.000116 0.001297 0.000229 0.000866 0.000327 0.001010 0.126626 0.002298 0.175855 0.000357 0.001508 0.000486 0.000324 0.000960 0.021964 0.000088 0.007395 0.000857 0.009928
0.571547 0.000519 0.000119 0.002156 0.001448 0.000676 0.002112 0.000630 0.001658 0.036883 0.001021 0.001529 0.000106 0.000234 0.001426 0.000749 0.000921 0.005273 0.000432 0.126298 0.005050 0.207751 0.003987 0.002137 0.000240 0.001811 0.000666 0.008106 0.001606 0.006575 0.005282 0.001053
0.297053 0.005701 0.005689 0.017171 0.032402 0.006567 0.008995 0.005478 0.004922 0.087769 0.008024 0.004953 0.000649 0.010923 0.029731 0.002168 0.009352 0.008674 0.003643 0.120603 0.007757 0.153017 0.013986 0.011012 0.006765 0.006010 0.001153 0.032136 0.008652 0.021352 0.059262 0.008433
0.561571 0.002109 0.001021 0.004286 0.008253 0.001292 0.010725 0.004363 0.005944 0.042003 0.004436 0.022638 0.000122 0.000737 0.006667 0.002240 0.006912 0.004193 0.001564 0.119385 0.013351 0.080215 0.012112 0.009525 0.000834 0.002462 0.000986 0.017287 0.001308 0.021456 0.026398 0.003607
0.484677 0.000265 0.000082 0.000083 0.000029 0.000018 0.003705 0.000903 0.000270 0.064020 0.000388 0.002695 0.000003 0.000210 0.004955 0.010834 0.068414 0.000112 0.000343 0.112081 0.168956 0.010623 0.000469 0.001356 0.000338 0.000169 0.000445 0.022486 0.000123 0.038286 0.001065 0.001596
0.318912 0.008012 0.000431 0.015828 0.001288 0.018466 0.009738 0.004693 0.012792 0.028856 0.003636 0.004383 0.001313 0.003206 0.002985 0.017718 0.004205 0.023448 0.018053 0.109793 0.009377 0.219647 0.007050 0.005168 0.003296 0.002804 0.001837 0.073971 0.001632 0.016477 0.032912 0.018072
0.547600 0.000414 0.000044 0.000308 0.000099 0.000033 0.006126 0.001190 0.000427 0.086408 0.000285 0.001879 0.000004 0.000162 0.006190 0.025867 0.030914 0.000299 0.000489 0.106941 0.067211 0.024685 0.002217 0.001561 0.000418 0.000389 0.000460 0.030202 0.000219 0.052855 0.001569 0.002534
0.670991 0.000529 0.001042 0.000386 0.000357 0.000108 0.004380 0.001672 0.001024 0.082415 0.000795 0.020482 0.000010 0.000422 0.009518 0.007216 0.023778 0.000243 0.000529 0.104851 0.016639 0.015018 0.000600 0.004596 0.000809 0.000593 0.000541 0.012519 0.000363 0.014232 0.001755 0.001587
0.484677 0.000265 0.000082 0.000083 0.000029 0.000018 0.003705 0.000903 0.000270 0.064020 0.000388 0.002695 0.000003 0.000210 0.004955 0.010834 0.068414 0.000112 0.000343 0.112081 0.168956 0.010623 0.000469 0.001356 0.000338 0.000169 0.000445 0.022486 0.000123 0.038286 0.001065 0.001596
0.540582 0.000553 0.000084 0.004687 0.001435 0.000649 0.002138 0.000544 0.003742 0.012277 0.000694 0.000902 0.000243 0.000658 0.001083 0.000696 0.002841 0.002136 0.001315 0.053154 0.002030 0.318082 0.001441 0.009579 0.000688 0.000255 0.000351 0.018548 0.000114 0.007553 0.005823 0.005124
0.475410 0.000802 0.000080 0.003560 0.001397 0.000508 0.001271 0.000661 0.003261 0.032604 0.001404 0.000824 0.000182 0.000319 0.001269 0.000483 0.001686 0.001717 0.000407 0.160153 0.003702 0.281394 0.001662 0.001845 0.000328 0.000413 0.000299 0.008139 0.000394 0.006676 0.005500 0.001649
0.464805 0.000670 0.000091 0.002933 0.001325 0.000600 0.002451 0.000887 0.002411 0.051167 0.000847 0.002390 0.000125 0.000216 0.001471 0.000843 0.001228 0.004011 0.000499 0.155854 0.005021 0.262918 0.007464 0.002863 0.000278 0.001373 0.000514 0.010157 0.001342 0.007027 0.004765 0.001454
0.559912 0.000935 0.000211 0.117659 0.000896 0.001640 0.000822 0.000293 0.000404 0.007011 0.000373 0.000362 0.000928 0.001072 0.002198 0.000972 0.002588 0.003271 0.001064 0.013714 0.004509 0.250962 0.002035 0.002224 0.000584 0.002678 0.002044 0.007012 0.001508 0.005149 0.001796 0.003173
0.318912 0.008012 0.000431 0.015828 0.001288 0.018466 0.009738 0.004693 0.012792 0.028856 0.003636 0.004383 0.001313 0.003206 0.002985 0.017718 0.004205 0.023448 0.018053 0.109793 0.009377 0.219647 0.007050 0.005168 0.003296 0.002804 0.001837 0.073971 0.001632 0.016477 0.032912 0.018072
0.631861 0.000054 0.000022 0.009739 0.000068 0.000359 0.000189 0.000090 0.000812 0.002528 0.000104 0.000266 0.001416 0.000116 0.001297 0.000229 0.000866 0.000327 0.001010 0.126626 0.002298 0.175855 0.000357 0.001508 0.000486 0.000324 0.000960 0.021964 0.000088 0.007395 0.000857 0.009928
0.297053 0.005701 0.005689 0.017171 0.032402 0.006567 0.008995 0.005478 0.004922 0.087769 0.008024 0.004953 0.000649 0.010923 0.029731 0.002168 0.009352 0.008674 0.003643 0.120603 0.007757 0.153017 0.013986 0.011012 0.006765 0.006010 0.001153 0.032136 0.008652 0.021352 0.059262 0.008433
0.763238 0.000120 0.000064 0.009617 0.004142 0.003691 0.000162 0.000124 0.000425 0.004482 0.000762 0.000098 0.000486 0.000339 0.002701 0.000098 0.003291 0.000306 0.000380 0.036318 0.001390 0.144264 0.000482 0.005425 0.000853 0.000097 0.000417 0.006438 0.000142 0.005257 0.001668 0.002724
0.704761 0.000061 0.000015 0.005742 0.000055 0.000273 0.000273 0.000143 0.001573 0.002978 0.000100 0.000284 0.001181 0.000121 0.000740 0.000279 0.000905 0.000592 0.001463 0.097946 0.001486 0.141928 0.000215 0.001361 0.000518 0.000295 0.001058 0.012707 0.000050 0.005206 0.000905 0.014788
0.548422 0.001036 0.000082 0.007960 0.000533 0.000681 0.002148 0.001544 0.003092 0.033108 0.000356 0.005807 0.000313 0.000570 0.002574 0.005625 0.009870 0.002022 0.005253 0.073358 0.005607 0.103149 0.006874 0.021889 0.000758 0.000410 0.000641 0.115463 0.000238 0.022901 0.003966 0.013754
0.382890 0.003039 0.004039 0.042796 0.025349 0.015349 0.006221 0.005179 0.003495 0.033372 0.006898 0.004711 0.004013 0.005435 0.033662 0.004202 0.027374 0.006322 0.008647 0.082282 0.033918 0.102556 0.005543 0.015058 0.008761 0.002284 0.003439 0.034901 0.003749 0.047086 0.024235 0.013196
0.736961 0.000591 0.000739 0.004255 0.004155 0.013506 0.000517 0.000254 0.000662 0.006345 0.004046 0.000265 0.001004 0.000673 0.003357 0.000208 0.001252 0.001547 0.000398 0.078420 0.004533 0.100621 0.000412 0.000798 0.000485 0.000601 0.002103 0.006344 0.001481 0.005802 0.016982 0.000683
0.599172 0.003474 0.000012 0.000517 0.000219 0.000028 0.010337 0.000554 0.003285 0.007329 0.000028 0.009829 0.000008 0.000027 0.000016 0.001564 0.000430 0.000321 0.000760 0.000378 0.000038 0.000554 0.359338 0.000177 0.000015 0.000090 0.000020 0.001098 0.000015 0.000165 0.000051 0.000153
0.290790 0.028294 0.002653 0.007451 0.001399 0.006020 0.024080 0.009497 0.012116 0.040354 0.007673 0.026701 0.001292 0.004004 0.002966 0.046736 0.010935 0.009608 0.008106 0.031878 0.013937 0.020546 0.195322 0.006454 0.005164 0.005140 0.003055 0.144256 0.005037 0.012646 0.009702 0.006190
0.678011 0.003408 0.000122 0.002722 0.000507 0.001515 0.002687 0.001191 0.003633 0.043434 0.000301 0.005649 0.000160 0.000350 0.000556 0.007960 0.001536 0.002546 0.004792 0.009381 0.000871 0.033940 0.127798 0.001050 0.000241 0.000460 0.000415 0.058289 0.000515 0.002240 0.001194 0.002524
0.722320 0.002944 0.000016 0.005866 0.000241 0.001399 0.022251 0.002546 0.000414 0.007977 0.001035 0.073629 0.000045 0.000112 0.000401 0.004679 0.002729 0.000447 0.000146 0.003950 0.002095 0.000854 0.119255 0.002525 0.000137 0.001773 0.000596 0.016694 0.000192 0.001527 0.000710 0.000493
0.572945 0.007436 0.000367 0.001420 0.000432 0.001469 0.003945 0.001653 0.005477 0.037122 0.000273 0.008666 0.000182 0.000753 0.000957 0.007729 0.004315 0.003068 0.004232 0.016249 0.002085 0.041829 0.048979 0.001211 0.000793 0.000651 0.000244 0.215693 0.000422 0.004721 0.002662 0.002019
0.640518 0.000702 0.000030 0.008584 0.000460 0.000636 0.001260 0.001060 0.001588 0.021233 0.000121 0.008633 0.000303 0.000261 0.001407 0.003528 0.007264 0.000931 0.002229 0.024187 0.001846 0.018299 0.008268 0.031510 0.000364 0.000186 0.000225 0.199620 0.000089 0.007802 0.000995 0.005860
0.290790 0.028294 0.002653 0.007451 0.001399 0.006020 0.024080 0.009497 0.012116 0.040354 0.007673 0.026701 0.001292 0.004004 0.002966 0.046736 0.010935 0.009608 0.008106 0.031878 0.013937 0.020546 0.195322 0.006454 0.005164 0.005140 0.003055 0.144256 0.005037 0.012646 0.009702 0.006190
