bed 312 4 585 233 0.948501 0.037281
bed 145 0 539 428 0.381821 0.383808
chair 130 429 140 440 0.113557 0.202641
table 74 69 480 440 0.102622 0.794611
clothes 194 0 269 97 0.145558 0.588536
clothes 512 40 589 206 0.13377 0.540137
clothes 507 139 521 159 0.118683 0.739558
paper 1 324 115 440 0.206687 0.270614
paper 1 399 15 440 0.162556 0.105654
paper 275 116 400 186 0.145479 0.639559
paper 455 351 497 431 0.135538 0.591117
paper 341 109 380 131 0.1336 0.668323
paper 342 83 407 131 0.127574 0.622799
paper 513 393 581 440 0.125187 0.155201
paper 562 83 565 87 0.117614 0.248346
paper 38 356 47 367 0.112216 0.520853
paper 586 108 590 120 0.110216 0.272319
paper 234 47 240 53 0.109495 0.622443
paper 442 399 450 407 0.10821 0.497002
paper 572 315 590 329 0.108189 0.311724
paper 442 373 464 440 0.105707 0.484279
paper 393 138 397 145 0.105101 0.834351
paper 559 330 590 367 0.104713 0.322119
paper 463 366 476 389 0.103439 0.470520
towel 513 40 589 212 0.119111 0.540137
box 1 398 16 440 0.120346 0.105654
box 562 83 565 87 0.113642 0.248346
box 571 71 575 82 0.100351 0.638994
person 257 90 284 129 0.313139 0.537106
person 270 93 278 105 0.170161 0.761668
person 270 105 273 108 0.145043 0.845950
person 257 104 265 111 0.1308 0.847733
lamp 201 4 281 160 0.150001 0.709183
lamp 227 46 264 122 0.13053 0.791052
garbage_bin 561 83 565 88 0.213657 0.248346
garbage_bin 0 313 159 438 0.170704 0.319847
garbage_bin 39 2 214 113 0.119642 0.409294
garbage_bin 442 399 451 408 0.102028 0.497002
