0.059702 0.000006 0.000004 0.938358 0.000033 0.000987 0.000004 0.000003 0.000007 0.000009 0.000006 0.000005 0.000509 0.000008 0.000018 0.000003 0.000029 0.000013 0.000012 0.000021 0.000008 0.000039 0.000005 0.000027 0.000016 0.000004 0.000004 0.000031 0.000002 0.000068 0.000024 0.000037
0.043806 0.000225 0.000300 0.885700 0.000387 0.039681 0.000036 0.000039 0.000057 0.000133 0.000982 0.000026 0.024993 0.000112 0.000434 0.000049 0.000238 0.000083 0.000180 0.000246 0.000409 0.000300 0.000054 0.000149 0.000230 0.000034 0.000116 0.000073 0.000119 0.000405 0.000176 0.000227
0.035607 0.000183 0.000371 0.676978 0.000553 0.250514 0.000032 0.000029 0.000071 0.000069 0.000763 0.000024 0.033163 0.000107 0.000077 0.000024 0.000099 0.000114 0.000115 0.000045 0.000100 0.000135 0.000039 0.000147 0.000111 0.000027 0.000050 0.000061 0.000055 0.000117 0.000102 0.000118
0.255807 0.001251 0.000936 0.605729 0.014651 0.026305 0.001538 0.001413 0.001791 0.005742 0.001937 0.001371 0.003724 0.003262 0.004415 0.001865 0.003794 0.002857 0.008355 0.005756 0.004504 0.011974 0.000968 0.005110 0.001913 0.001316 0.000636 0.001567 0.001134 0.010596 0.005046 0.002737
0.281865 0.000303 0.002478 0.494236 0.027872 0.104153 0.000345 0.000486 0.000476 0.005222 0.000669 0.000229 0.003478 0.003880 0.010903 0.000606 0.006290 0.000640 0.002178 0.003361 0.001831 0.012139 0.000298 0.015993 0.002102 0.000209 0.000117 0.000717 0.000510 0.012606 0.002237 0.001568
0.767842 0.000001 0.000003 0.229748 0.000005 0.000147 0.000001 0.000001 0.000005 0.000020 0.000001 0.000002 0.000340 0.000003 0.000125 0.000001 0.000329 0.000003 0.000007 0.000091 0.000250 0.000107 0.000000 0.000018 0.000009 0.000001 0.000008 0.000030 0.000001 0.000857 0.000014 0.000032
0.761240 0.000164 0.000057 0.166757 0.000708 0.048763 0.000189 0.000119 0.000405 0.002084 0.001416 0.000045 0.000744 0.000187 0.000744 0.000062 0.000273 0.000515 0.000165 0.005981 0.001810 0.004156 0.000092 0.000302 0.000110 0.000305 0.000095 0.000368 0.000304 0.000963 0.000732 0.000144
0.703736 0.000118 0.000329 0.159941 0.003301 0.072625 0.000362 0.000192 0.000307 0.003234 0.000839 0.000080 0.000652 0.000366 0.006246 0.000127 0.000680 0.000661 0.000527 0.026413 0.005523 0.006252 0.000136 0.000545 0.000322 0.000457 0.000092 0.000392 0.000810 0.003354 0.001059 0.000320
0.848630 0.000007 0.000006 0.148337 0.000021 0.000249 0.000010 0.000005 0.000015 0.000100 0.000017 0.000009 0.000071 0.000018 0.000253 0.000007 0.000347 0.000016 0.000018 0.000110 0.000082 0.000273 0.000009 0.000138 0.000018 0.000008 0.000016 0.000157 0.000002 0.000898 0.000065 0.000087
0.544267 0.001309 0.001958 0.133000 0.003924 0.119139 0.001690 0.001392 0.002713 0.018596 0.005592 0.000783 0.007619 0.002494 0.012940 0.000787 0.004902 0.003503 0.003538 0.045167 0.016162 0.031101 0.001108 0.004552 0.001616 0.001990 0.000999 0.004461 0.003379 0.012776 0.004236 0.002308
0.848254 0.002335 0.000143 0.107341 0.000120 0.022608 0.000077 0.000078 0.000389 0.000687 0.001533 0.000086 0.010963 0.000332 0.000969 0.000069 0.000283 0.000099 0.000099 0.000386 0.000273 0.000520 0.000061 0.000358 0.000677 0.000042 0.000188 0.000233 0.000053 0.000440 0.000112 0.000193
0.530509 0.001784 0.007132 0.102308 0.016608 0.040305 0.003646 0.001602 0.001963 0.015343 0.006319 0.001395 0.003291 0.006216 0.033686 0.001363 0.009347 0.002399 0.007886 0.065257 0.008707 0.066299 0.002488 0.011124 0.006552 0.001352 0.001101 0.005892 0.002702 0.013513 0.013402 0.008509
0.007987 0.000025 0.000073 0.036833 0.000058 0.911814 0.000001 0.000001 0.000007 0.000003 0.000561 0.000001 0.042549 0.000008 0.000002 0.000001 0.000005 0.000006 0.000004 0.000002 0.000003 0.000005 0.000003 0.000010 0.000008 0.000002 0.000005 0.000003 0.000005 0.000005 0.000005 0.000006
0.544267 0.001309 0.001958 0.133000 0.003924 0.119139 0.001690 0.001392 0.002713 0.018596 0.005592 0.000783 0.007619 0.002494 0.012940 0.000787 0.004902 0.003503 0.003538 0.045167 0.016162 0.031101 0.001108 0.004552 0.001616 0.001990 0.000999 0.004461 0.003379 0.012776 0.004236 0.002308
0.309721 0.003587 0.010778 0.215775 0.034208 0.117650 0.002537 0.003168 0.004893 0.022066 0.005499 0.002134 0.014848 0.016309 0.024478 0.002961 0.015518 0.005285 0.009417 0.013791 0.007191 0.042821 0.002185 0.043448 0.010307 0.001757 0.001388 0.005156 0.003187 0.028665 0.010424 0.008848
0.737508 0.000271 0.000076 0.000208 0.000374 0.000056 0.001482 0.000363 0.001001 0.114591 0.000090 0.000970 0.000004 0.000093 0.005939 0.006236 0.009012 0.000063 0.014021 0.059209 0.003949 0.017625 0.000104 0.001614 0.001134 0.000070 0.000036 0.007792 0.000018 0.013262 0.000549 0.002279
0.470876 0.001881 0.001837 0.002783 0.033980 0.000589 0.008268 0.004163 0.008461 0.102382 0.005684 0.015176 0.000116 0.001279 0.024153 0.005522 0.033809 0.002078 0.009445 0.087042 0.033530 0.052383 0.003979 0.004803 0.001759 0.001982 0.002692 0.006101 0.003044 0.053526 0.012488 0.004191
0.507399 0.002077 0.000512 0.002097 0.001375 0.000442 0.036823 0.003398 0.001106 0.020323 0.001331 0.283635 0.000397 0.001125 0.003904 0.001329 0.006072 0.003510 0.001332 0.046206 0.006615 0.009340 0.004900 0.007151 0.002452 0.009807 0.001442 0.008963 0.001019 0.013598 0.007908 0.002409
0.718656 0.001148 0.000121 0.000140 0.000544 0.000091 0.006022 0.001248 0.000946 0.002722 0.002144 0.254204 0.000075 0.000114 0.000255 0.000233 0.000802 0.000353 0.000288 0.001920 0.000489 0.001585 0.002169 0.000563 0.000172 0.000426 0.000625 0.000433 0.000188 0.000421 0.000691 0.000213
0.028731 0.000659 0.002970 0.024538 0.000227 0.458220 0.000015 0.000016 0.000185 0.000029 0.002988 0.000013 0.480032 0.000137 0.000053 0.000014 0.000079 0.000033 0.000057 0.000037 0.000081 0.000071 0.000030 0.000051 0.000189 0.000017 0.000161 0.000036 0.000083 0.000050 0.000101 0.000097
0.696444 0.000216 0.000470 0.040814 0.000395 0.028976 0.000037 0.000016 0.000133 0.000111 0.000247 0.000017 0.228724 0.000468 0.000057 0.000022 0.000150 0.000247 0.000221 0.000130 0.000057 0.000210 0.000168 0.000132 0.000246 0.000090 0.000125 0.000201 0.000115 0.000274 0.000321 0.000165
0.516225 0.001480 0.000883 0.207722 0.001060 0.030061 0.000226 0.000254 0.000943 0.002343 0.001525 0.000150 0.198367 0.001258 0.002805 0.000315 0.004564 0.000323 0.001760 0.003612 0.003293 0.003187 0.000424 0.001347 0.002938 0.000155 0.000239 0.000841 0.000598 0.008364 0.001713 0.001024
0.575102 0.005370 0.001073 0.206111 0.000588 0.075930 0.000330 0.000255 0.001008 0.001225 0.003540 0.000271 0.111749 0.001462 0.001686 0.000199 0.001012 0.000560 0.000565 0.000784 0.000857 0.001472 0.000197 0.001350 0.002384 0.000176 0.000506 0.000645 0.000242 0.001808 0.000539 0.001004
0.274767 0.001341 0.000751 0.007247 0.007457 0.003257 0.001619 0.000721 0.001838 0.025444 0.003657 0.000705 0.000499 0.002269 0.013828 0.000651 0.005710 0.003250 0.002074 0.199641 0.012405 0.293284 0.001257 0.002946 0.002368 0.002475 0.001566 0.018625 0.002734 0.029303 0.072413 0.003898
0.265336 0.005557 0.004554 0.014776 0.021139 0.017645 0.005318 0.002363 0.004973 0.025559 0.021723 0.002488 0.004371 0.007632 0.020833 0.001872 0.009493 0.005584 0.005593 0.177246 0.015235 0.163999 0.003022 0.007002 0.006092 0.008509 0.005213 0.023263 0.014081 0.030135 0.093119 0.006277
0.527221 0.000186 0.000150 0.000763 0.000510 0.000421 0.000877 0.000369 0.000194 0.032204 0.000944 0.001881 0.000077 0.000303 0.014672 0.000338 0.009846 0.000682 0.000557 0.158427 0.037839 0.115644 0.000972 0.002196 0.001279 0.000954 0.000823 0.010104 0.000871 0.058739 0.018449 0.001508
0.483242 0.002137 0.000546 0.012024 0.002355 0.003924 0.002398 0.002720 0.002909 0.051431 0.007503 0.004982 0.001371 0.001397 0.023449 0.003881 0.020282 0.000875 0.002129 0.151787 0.025446 0.022886 0.001772 0.010496 0.003598 0.004284 0.009754 0.065204 0.002581 0.051052 0.010284 0.011302
0.554781 0.000905 0.002579 0.004017 0.015357 0.007673 0.002135 0.001386 0.001256 0.015463 0.011600 0.001084 0.000600 0.002387 0.017119 0.000542 0.005566 0.006644 0.000994 0.132450 0.008126 0.043553 0.001150 0.004133 0.001545 0.010138 0.005119 0.010379 0.015361 0.020478 0.092087 0.003394
0.475413 0.002242 0.007655 0.008102 0.027495 0.016072 0.003801 0.002172 0.001985 0.020190 0.019832 0.002785 0.003059 0.005587 0.030145 0.000953 0.014655 0.005710 0.002828 0.126577 0.011862 0.051786 0.002422 0.007881 0.004431 0.010092 0.007529 0.019835 0.015310 0.024003 0.061414 0.006175
0.691638 0.001222 0.000178 0.001573 0.000704 0.000367 0.003641 0.000774 0.001904 0.012053 0.005115 0.002933 0.000354 0.000708 0.005761 0.000844 0.012630 0.001259 0.002303 0.121326 0.017947 0.053847 0.000454 0.002380 0.002020 0.001975 0.001666 0.005492 0.000734 0.030372 0.012888 0.002941
0.274767 0.001341 0.000751 0.007247 0.007457 0.003257 0.001619 0.000721 0.001838 0.025444 0.003657 0.000705 0.000499 0.002269 0.013828 0.000651 0.005710 0.003250 0.002074 0.199641 0.012405 0.293284 0.001257 0.002946 0.002368 0.002475 0.001566 0.018625 0.002734 0.029303 0.072413 0.003898
0.265336 0.005557 0.004554 0.014776 0.021139 0.017645 0.005318 0.002363 0.004973 0.025559 0.021723 0.002488 0.004371 0.007632 0.020833 0.001872 0.009493 0.005584 0.005593 0.177246 0.015235 0.163999 0.003022 0.007002 0.006092 0.008509 0.005213 0.023263 0.014081 0.030135 0.093119 0.006277
0.527221 0.000186 0.000150 0.000763 0.000510 0.000421 0.000877 0.000369 0.000194 0.032204 0.000944 0.001881 0.000077 0.000303 0.014672 0.000338 0.009846 0.000682 0.000557 0.158427 0.037839 0.115644 0.000972 0.002196 0.001279 0.000954 0.000823 0.010104 0.000871 0.058739 0.018449 0.001508
0.527556 0.001742 0.000257 0.003270 0.000411 0.000676 0.001706 0.000296 0.000638 0.001884 0.004927 0.000165 0.000035 0.003608 0.001962 0.000145 0.002632 0.007131 0.001685 0.004627 0.002649 0.010290 0.000076 0.000396 0.005554 0.002394 0.000518 0.000595 0.000289 0.006657 0.403924 0.001306
