chair 0 140 52 331 0.465201 0.306477
chair 170 62 228 258 0.453859 0.545239
chair 510 35 568 80 0.450173 0.476105
chair 441 37 554 132 0.446283 0.478320
chair 0 124 31 212 0.409978 0.432907
chair 0 122 25 154 0.39778 0.587106
chair 23 143 26 150 0.372157 0.614450
chair 495 23 508 88 0.335762 0.663696
chair 278 32 330 68 0.300967 0.653529
chair 19 142 29 156 0.296135 0.668981
chair 452 28 507 96 0.268492 0.727361
chair 560 229 590 247 0.262549 0.732453
chair 388 3 399 64 0.250306 0.680584
chair 10 100 118 161 0.209289 0.748798
chair 365 3 395 59 0.208205 0.472732
chair 528 35 557 55 0.157896 0.737969
chair 0 138 11 143 0.148845 0.842306
chair 5 135 23 147 0.130158 0.857551
chair 2 169 112 435 0.127323 0.682025
chair 201 86 331 207 0.12179 0.804918
sofa 224 300 273 401 0.169601 0.168129
sofa 105 205 141 255 0.137161 0.602439
table 240 57 577 419 0.98503 0.002231
table 191 57 551 177 0.441894 0.532218
table 416 82 578 172 0.223647 0.627809
picture 336 6 398 63 0.307811 0.149133
desk 269 77 590 416 0.376379 0.052336
desk 345 73 570 180 0.150312 0.702524
paper 473 140 520 161 0.222117 0.731238
paper 315 320 321 325 0.212236 0.746973
paper 160 336 167 364 0.186341 0.060504
paper 470 143 483 152 0.181646 0.802529
paper 238 414 291 440 0.162776 0.242381
paper 407 402 413 406 0.155534 0.524029
paper 161 292 194 351 0.155518 0.054401
paper 577 113 581 116 0.147639 0.722942
paper 308 321 335 334 0.14305 0.810818
paper 128 224 128 225 0.130362 0.430047
paper 205 321 232 386 0.12969 0.090882
paper 451 138 471 151 0.128813 0.861211
paper 224 385 272 440 0.123739 0.154995
paper 318 314 326 320 0.12054 0.834706
paper 485 155 503 161 0.119253 0.848853
paper 380 421 403 440 0.116633 0.395855
paper 106 294 228 440 0.113974 0.237496
paper 290 300 334 335 0.113805 0.818106
paper 408 401 444 440 0.109078 0.344874
paper 205 304 269 401 0.107516 0.111977
paper 582 105 590 113 0.105564 0.585120
paper 322 317 327 323 0.102417 0.859347
paper 311 301 324 320 0.102202 0.839207
box 5 375 45 440 0.312808 0.639354
box 3 293 111 432 0.252239 0.440122
box 237 412 291 440 0.129349 0.242381
box 1 368 10 436 0.127208 0.810274
box 379 419 402 440 0.115781 0.395855
whiteboard 437 0 586 23 0.237564 0.663724
lamp 1 152 24 174 0.12213 0.755692
garbage_bin 106 281 227 440 0.208518 0.237496
garbage_bin 206 301 270 400 0.194406 0.111977
garbage_bin 130 272 135 286 0.146839 0.377546
garbage_bin 205 319 232 386 0.14045 0.090882
garbage_bin 161 291 194 351 0.127346 0.054401
garbage_bin 407 401 413 406 0.1269 0.524029
garbage_bin 224 382 271 440 0.119595 0.154995
garbage_bin 160 336 168 364 0.110815 0.060504
