cabinet 3 0 84 370 0.286104 0.264746
chair 446 429 450 437 0.401253 0.560834
chair 430 429 449 440 0.263542 0.455400
chair 455 428 463 440 0.127982 0.574617
chair 5 266 97 440 0.102856 0.622688
table 28 235 278 440 0.377859 0.362470
table 4 288 103 440 0.119633 0.622688
door 1 0 78 323 0.293073 0.270531
door 76 1 280 247 0.150066 0.603951
picture 396 72 411 92 0.104778 0.417561
desk 22 209 474 421 0.111111 0.620934
pillow 410 317 469 373 0.246247 0.698392
pillow 396 311 511 408 0.117243 0.552269
pillow 444 327 468 366 0.107532 0.848853
clothes 367 168 503 428 0.216725 0.402917
clothes 401 318 520 410 0.104833 0.540417
paper 386 206 400 219 0.383106 0.612030
paper 377 208 412 228 0.358751 0.631892
paper 365 218 432 243 0.357628 0.595728
paper 400 214 414 222 0.327527 0.658540
paper 373 221 399 229 0.309665 0.681744
paper 373 238 422 272 0.30411 0.607813
paper 407 336 411 340 0.302428 0.622641
paper 379 209 386 214 0.284752 0.703353
paper 399 210 405 216 0.275244 0.718791
paper 584 414 590 422 0.226572 0.698094
paper 382 96 395 101 0.226526 0.631594
paper 411 331 416 338 0.196551 0.717854
paper 404 335 406 340 0.188421 0.765013
paper 148 405 192 440 0.157345 0.256175
paper 205 382 238 440 0.1562 0.231853
paper 447 170 460 208 0.152933 0.585058
paper 382 179 450 334 0.148221 0.620511
paper 309 0 320 16 0.144985 0.768849
paper 371 100 397 140 0.144795 0.516983
paper 396 72 411 92 0.141833 0.417561
paper 92 303 228 440 0.13416 0.464430
paper 453 157 464 187 0.130173 0.614866
paper 272 384 303 440 0.12975 0.221957
paper 385 76 400 97 0.124094 0.525791
paper 398 87 407 106 0.122271 0.317335
paper 393 179 456 228 0.12217 0.813881
paper 309 0 339 36 0.114308 0.719208
paper 399 350 418 368 0.110762 0.852550
paper 224 352 287 385 0.110267 0.290608
paper 427 269 432 276 0.1068 0.601075
paper 388 264 419 282 0.104766 0.644043
paper 457 136 470 171 0.103243 0.614673
paper 332 432 335 440 0.101217 0.284952
towel 402 326 472 407 0.152681 0.460072
box 288 12 411 172 0.986905 0.012967
box 395 0 447 32 0.97266 0.023929
box 278 34 469 323 0.969337 0.029887
box 362 53 406 143 0.943967 0.054243
box 340 24 385 117 0.913745 0.085503
box 379 53 407 79 0.885635 0.102171
box 398 29 402 29 0.862365 0.111979
box 386 21 400 57 0.794906 0.178992
box 380 3 403 28 0.793987 0.198062
box 357 4 444 56 0.769736 0.221179
box 362 72 371 110 0.728409 0.268172
box 384 52 401 58 0.726984 0.255118
box 378 32 386 54 0.680318 0.304061
box 335 144 349 156 0.619239 0.369413
box 339 95 415 207 0.594297 0.377325
box 333 4 388 57 0.591572 0.350777
box 73 265 80 282 0.543604 0.352771
box 348 79 559 440 0.506965 0.407705
box 331 180 495 281 0.503321 0.466053
box 383 54 388 58 0.443258 0.550448
box 385 74 414 158 0.442955 0.329675
box 388 27 391 29 0.406427 0.422143
box 384 31 496 192 0.381651 0.545896
box 319 225 390 315 0.376228 0.608922
box 384 74 400 98 0.343511 0.525791
box 354 144 368 160 0.299689 0.668342
box 380 16 387 37 0.29013 0.612468
box 289 76 323 140 0.285779 0.706436
box 303 81 309 98 0.285598 0.713752
box 386 268 390 271 0.259697 0.646239
box 388 19 390 26 0.252859 0.453731
box 363 29 382 59 0.232793 0.745162
box 126 16 380 281 0.193462 0.769291
box 381 275 388 282 0.180838 0.745329
box 382 268 395 282 0.180182 0.740705
box 379 240 443 282 0.179909 0.621395
box 278 74 352 221 0.179422 0.812744
box 376 263 422 287 0.176848 0.686801
box 395 87 407 116 0.176676 0.273186
box 356 46 370 64 0.176152 0.771654
box 303 91 306 94 0.175847 0.822668
box 363 216 446 334 0.165552 0.703156
box 368 13 385 32 0.165166 0.714575
box 364 54 382 76 0.162676 0.836819
box 323 197 339 216 0.158516 0.840777
box 358 2 381 10 0.156638 0.652076
box 276 175 397 278 0.143281 0.848666
box 352 55 356 58 0.142807 0.811571
box 308 0 340 38 0.139117 0.719208
box 381 95 395 101 0.137642 0.631594
box 331 431 334 440 0.123224 0.284952
box 341 25 371 51 0.119989 0.806261
box 147 403 191 440 0.119907 0.256175
box 447 169 461 207 0.117808 0.585058
box 396 72 411 91 0.116515 0.417561
box 371 267 395 297 0.110876 0.813663
box 453 157 465 186 0.105985 0.614866
box 323 134 338 148 0.101759 0.877817
lamp 432 3 507 245 0.206427 0.331211
lamp 462 7 587 311 0.153373 0.500167
bag 351 287 506 439 0.345001 0.243849
bag 364 392 375 412 0.159722 0.702787
bag 367 377 375 403 0.149615 0.652525
bag 353 385 366 394 0.118353 0.671488
bag 405 315 472 401 0.113156 0.474095
garbage_bin 386 89 414 159 0.202955 0.683642
garbage_bin 285 383 303 440 0.122386 0.201786
garbage_bin 274 201 274 205 0.122366 0.815082
garbage_bin 226 350 287 385 0.11515 0.290608
garbage_bin 204 380 238 440 0.114275 0.231853
garbage_bin 338 272 510 440 0.109558 0.311104
garbage_bin 88 291 227 440 0.10482 0.464430
