chair 159 113 281 310 0.969152 0.030133
chair 523 39 590 118 0.860938 0.118970
chair 0 133 123 300 0.73041 0.218785
chair 367 75 447 149 0.679987 0.306124
chair 541 56 590 82 0.409071 0.564832
chair 412 80 443 130 0.388384 0.605006
chair 264 204 413 386 0.37832 0.621115
chair 473 62 544 128 0.291454 0.693869
chair 535 60 542 85 0.222622 0.749740
chair 501 68 511 89 0.193073 0.800365
chair 351 432 361 437 0.176932 0.426991
chair 10 201 99 424 0.17359 0.337778
chair 358 431 366 435 0.138298 0.469298
chair 357 432 370 440 0.126941 0.211383
chair 369 429 375 433 0.123919 0.463739
chair 399 76 444 97 0.123457 0.867761
chair 348 436 357 440 0.116461 0.224232
chair 536 48 550 87 0.116355 0.880918
chair 363 437 372 440 0.116046 0.241578
chair 539 73 590 90 0.115232 0.873716
chair 52 248 105 304 0.10567 0.893449
table 282 122 590 429 0.98964 0.000955
table 239 161 356 269 0.220538 0.699616
table 3 229 114 432 0.20074 0.302153
desk 7 198 100 422 0.153402 0.276380
desk 282 119 590 428 0.111132 0.138338
clothes 97 170 125 216 0.113599 0.672813
clothes 11 126 115 195 0.100609 0.682448
paper 90 407 95 409 0.123184 0.557742
paper 349 436 357 440 0.101278 0.224232
paper 91 414 119 440 0.101188 0.219534
towel 100 177 112 187 0.111221 0.753589
box 358 431 366 435 0.149657 0.469298
box 369 429 375 433 0.149014 0.463739
box 376 424 382 430 0.147458 0.506703
box 352 432 361 437 0.146421 0.426991
box 368 424 377 431 0.14221 0.511949
box 90 407 95 409 0.135384 0.557742
box 348 436 357 440 0.130688 0.224232
box 363 437 373 440 0.127306 0.241578
box 321 422 361 440 0.126541 0.266996
box 362 419 392 436 0.119568 0.531525
box 347 405 378 440 0.111406 0.414156
box 341 275 389 347 0.109574 0.845924
box 363 320 388 339 0.103046 0.849241
bag 332 422 348 440 0.146429 0.220100
bag 320 407 375 440 0.138587 0.415051
bag 348 436 356 440 0.104527 0.224232
garbage_bin 0 246 61 430 0.132003 0.215686
