0.073430 0.000001 0.000003 0.925921 0.000151 0.000390 0.000000 0.000000 0.000001 0.000001 0.000003 0.000000 0.000040 0.000001 0.000014 0.000000 0.000005 0.000001 0.000000 0.000004 0.000002 0.000006 0.000000 0.000009 0.000002 0.000001 0.000001 0.000002 0.000000 0.000005 0.000003 0.000002
0.029809 0.000045 0.000116 0.920568 0.000501 0.041864 0.000025 0.000017 0.000024 0.000020 0.000116 0.000018 0.005615 0.000047 0.000079 0.000022 0.000072 0.000072 0.000093 0.000047 0.000113 0.000096 0.000021 0.000036 0.000107 0.000042 0.000026 0.000103 0.000029 0.000094 0.000085 0.000078
0.093362 0.000027 0.000055 0.900772 0.000529 0.000893 0.000043 0.000023 0.000043 0.000079 0.000054 0.000034 0.000229 0.000043 0.000530 0.000040 0.000520 0.000056 0.000024 0.000135 0.000191 0.000287 0.000040 0.000606 0.000107 0.000063 0.000074 0.000164 0.000018 0.000531 0.000242 0.000185
0.102338 0.000003 0.000011 0.896071 0.000485 0.000596 0.000007 0.000003 0.000003 0.000007 0.000020 0.000005 0.000019 0.000003 0.000069 0.000003 0.000056 0.000008 0.000002 0.000021 0.000025 0.000032 0.000005 0.000016 0.000009 0.000017 0.000028 0.000024 0.000003 0.000036 0.000055 0.000020
0.071949 0.000013 0.000024 0.825981 0.000215 0.099403 0.000002 0.000002 0.000008 0.000004 0.000090 0.000002 0.002146 0.000007 0.000007 0.000002 0.000007 0.000012 0.000005 0.000007 0.000007 0.000011 0.000003 0.000022 0.000008 0.000007 0.000006 0.000010 0.000005 0.000014 0.000015 0.000009
0.180434 0.000071 0.000091 0.803849 0.001933 0.006614 0.000064 0.000035 0.000038 0.000098 0.000290 0.000033 0.001086 0.000041 0.000463 0.000122 0.000302 0.000109 0.000095 0.000198 0.000241 0.000559 0.000186 0.000241 0.000158 0.000198 0.000263 0.001181 0.000109 0.000338 0.000171 0.000389
0.184612 0.000152 0.000032 0.773948 0.003209 0.012372 0.000220 0.000234 0.000168 0.000549 0.000907 0.000193 0.000358 0.000112 0.000344 0.000430 0.000448 0.000760 0.000874 0.002555 0.000640 0.002406 0.000900 0.000775 0.000246 0.000726 0.001575 0.003443 0.000316 0.000986 0.000677 0.004833
0.174398 0.000069 0.000068 0.717850 0.000329 0.102416 0.000024 0.000035 0.000021 0.000221 0.000142 0.000013 0.001856 0.000063 0.000181 0.000037 0.000084 0.000090 0.000059 0.000185 0.000308 0.000311 0.000046 0.000096 0.000067 0.000077 0.000045 0.000228 0.000083 0.000352 0.000154 0.000091
0.310179 0.000001 0.000000 0.689407 0.000014 0.000298 0.000000 0.000000 0.000002 0.000001 0.000004 0.000000 0.000057 0.000000 0.000002 0.000000 0.000002 0.000001 0.000000 0.000002 0.000001 0.000005 0.000000 0.000006 0.000000 0.000000 0.000000 0.000002 0.000000 0.000008 0.000004 0.000002
0.335747 0.000003 0.000001 0.662014 0.000709 0.000769 0.000003 0.000004 0.000005 0.000008 0.000072 0.000005 0.000017 0.000001 0.000065 0.000003 0.000032 0.000006 0.000002 0.000074 0.000019 0.000047 0.000016 0.000035 0.000004 0.000022 0.000087 0.000073 0.000003 0.000029 0.000058 0.000067
0.291269 0.000067 0.000035 0.661384 0.003787 0.004583 0.000080 0.000053 0.000048 0.000537 0.000212 0.000082 0.000206 0.000066 0.009020 0.000151 0.001278 0.000101 0.000145 0.001514 0.002255 0.003811 0.000109 0.000603 0.000181 0.000406 0.002402 0.008138 0.000112 0.003621 0.002162 0.001582
0.420825 0.000011 0.000035 0.563984 0.001180 0.012471 0.000006 0.000004 0.000018 0.000019 0.000054 0.000004 0.000937 0.000008 0.000045 0.000005 0.000030 0.000017 0.000015 0.000031 0.000020 0.000071 0.000014 0.000033 0.000016 0.000012 0.000011 0.000046 0.000007 0.000026 0.000015 0.000030
0.624409 0.000005 0.000001 0.374084 0.000049 0.000127 0.000002 0.000002 0.000012 0.000018 0.000035 0.000002 0.000066 0.000006 0.000105 0.000002 0.000083 0.000003 0.000004 0.000026 0.000026 0.000104 0.000002 0.000148 0.000009 0.000002 0.000004 0.000029 0.000001 0.000552 0.000051 0.000031
0.686076 0.000178 0.000022 0.269877 0.001137 0.006222 0.000191 0.000252 0.000106 0.002075 0.000519 0.000322 0.000196 0.000120 0.001992 0.000700 0.001637 0.000230 0.001131 0.005658 0.002049 0.003981 0.000263 0.001811 0.000279 0.000290 0.000578 0.003665 0.000164 0.003675 0.001156 0.003448
0.738751 0.000013 0.000007 0.253474 0.002193 0.004659 0.000006 0.000005 0.000019 0.000016 0.000231 0.000008 0.000137 0.000003 0.000048 0.000003 0.000029 0.000010 0.000003 0.000051 0.000010 0.000025 0.000039 0.000038 0.000010 0.000014 0.000057 0.000042 0.000005 0.000020 0.000037 0.000035
0.333916 0.006690 0.006825 0.185126 0.043784 0.044091 0.005548 0.005357 0.006209 0.026823 0.012906 0.004887 0.005777 0.017644 0.026480 0.006945 0.013061 0.008568 0.031741 0.015572 0.014654 0.041016 0.002380 0.020093 0.018285 0.006045 0.003146 0.008259 0.005386 0.033070 0.030164 0.009553
0.841521 0.000001 0.000000 0.157997 0.000018 0.000057 0.000005 0.000001 0.000006 0.000018 0.000003 0.000001 0.000007 0.000001 0.000016 0.000005 0.000021 0.000008 0.000002 0.000056 0.000018 0.000119 0.000004 0.000007 0.000003 0.000007 0.000003 0.000045 0.000001 0.000026 0.000007 0.000017
0.849150 0.000007 0.000001 0.147586 0.000535 0.000539 0.000031 0.000010 0.000015 0.000208 0.000061 0.000004 0.000023 0.000005 0.000092 0.000030 0.000050 0.000041 0.000007 0.000330 0.000107 0.000186 0.000081 0.000047 0.000016 0.000307 0.000051 0.000237 0.000027 0.000097 0.000061 0.000057
0.823435 0.000649 0.000383 0.125689 0.001349 0.004132 0.001042 0.000279 0.000364 0.002667 0.000806 0.000617 0.000511 0.000571 0.001906 0.000323 0.003147 0.001348 0.000231 0.005343 0.001474 0.006383 0.000542 0.001421 0.001247 0.000895 0.000822 0.004859 0.000254 0.003112 0.003090 0.001109
0.873513 0.000027 0.000014 0.121507 0.000240 0.002607 0.000021 0.000009 0.000049 0.000050 0.000165 0.000016 0.000075 0.000010 0.000248 0.000006 0.000110 0.000026 0.000004 0.000409 0.000038 0.000277 0.000036 0.000129 0.000025 0.000015 0.000045 0.000079 0.000009 0.000124 0.000074 0.000046
0.879556 0.000001 0.000000 0.119626 0.000011 0.000103 0.000001 0.000000 0.000005 0.000005 0.000018 0.000001 0.000017 0.000000 0.000012 0.000001 0.000005 0.000001 0.000001 0.000446 0.000005 0.000078 0.000003 0.000005 0.000003 0.000004 0.000012 0.000027 0.000000 0.000022 0.000011 0.000021
0.723244 0.004358 0.000646 0.110964 0.007757 0.017976 0.001144 0.001292 0.003578 0.026387 0.003919 0.000936 0.001498 0.004147 0.005359 0.001325 0.002593 0.002068 0.020096 0.004967 0.003498 0.016676 0.000367 0.003305 0.009257 0.001556 0.000784 0.003111 0.000708 0.009175 0.005097 0.002211
0.892682 0.000002 0.000000 0.106435 0.000024 0.000306 0.000002 0.000001 0.000009 0.000006 0.000044 0.000001 0.000034 0.000001 0.000009 0.000001 0.000005 0.000002 0.000001 0.000266 0.000005 0.000056 0.000006 0.000009 0.000004 0.000004 0.000011 0.000023 0.000001 0.000019 0.000018 0.000016
0.858211 0.000056 0.000100 0.101707 0.003744 0.021196 0.000035 0.000021 0.000067 0.000144 0.001471 0.000021 0.002298 0.000048 0.000520 0.000013 0.000378 0.000064 0.000029 0.002869 0.000433 0.001763 0.000033 0.000265 0.000345 0.000122 0.000323 0.000339 0.000064 0.000608 0.002472 0.000242
0.433990 0.002111 0.049475 0.010204 0.157264 0.002341 0.001857 0.001233 0.000837 0.007189 0.009294 0.000438 0.001630 0.013833 0.121420 0.000391 0.012026 0.003050 0.001017 0.014768 0.008556 0.061495 0.000625 0.011214 0.004826 0.003784 0.002372 0.004071 0.018434 0.015337 0.021050 0.003871
0.494912 0.005294 0.002310 0.009808 0.103164 0.004580 0.003173 0.002002 0.015101 0.007624 0.141420 0.002067 0.001328 0.001755 0.007272 0.000669 0.005147 0.002954 0.000940 0.045339 0.007484 0.015022 0.003315 0.007936 0.002283 0.009447 0.018822 0.005577 0.006971 0.008304 0.054956 0.003024
0.004173 0.000003 0.000002 0.002392 0.000001 0.990799 0.000000 0.000000 0.000001 0.000001 0.000018 0.000000 0.002603 0.000001 0.000000 0.000000 0.000000 0.000001 0.000000 0.000001 0.000000 0.000001 0.000000 0.000001 0.000000 0.000000 0.000000 0.000001 0.000001 0.000000 0.000000 0.000001
0.174398 0.000069 0.000068 0.717850 0.000329 0.102416 0.000024 0.000035 0.000021 0.000221 0.000142 0.000013 0.001856 0.000063 0.000181 0.000037 0.000084 0.000090 0.000059 0.000185 0.000308 0.000311 0.000046 0.000096 0.000067 0.000077 0.000045 0.000228 0.000083 0.000352 0.000154 0.000091
0.756140 0.000212 0.000211 0.085332 0.000749 0.101356 0.000101 0.000105 0.000334 0.002903 0.003648 0.000064 0.003300 0.000301 0.001780 0.000113 0.002900 0.000151 0.000284 0.014167 0.002245 0.008282 0.000181 0.000418 0.000610 0.000120 0.000384 0.006639 0.000129 0.002815 0.002754 0.001270
0.797608 0.000038 0.000002 0.000224 0.000007 0.000041 0.000458 0.000134 0.000260 0.112850 0.000073 0.000039 0.000017 0.000039 0.000316 0.001267 0.000265 0.003788 0.000198 0.059100 0.003379 0.012165 0.000206 0.000098 0.000214 0.000166 0.000124 0.002348 0.000064 0.002789 0.000599 0.001123
0.494912 0.005294 0.002310 0.009808 0.103164 0.004580 0.003173 0.002002 0.015101 0.007624 0.141420 0.002067 0.001328 0.001755 0.007272 0.000669 0.005147 0.002954 0.000940 0.045339 0.007484 0.015022 0.003315 0.007936 0.002283 0.009447 0.018822 0.005577 0.006971 0.008304 0.054956 0.003024
0.443795 0.000766 0.019372 0.018806 0.091994 0.000904 0.000569 0.000597 0.000220 0.004971 0.002787 0.000146 0.000944 0.005007 0.196400 0.000240 0.021217 0.001352 0.000687 0.008711 0.017045 0.106287 0.000177 0.004624 0.002727 0.001589 0.001589 0.002948 0.003641 0.027022 0.010313 0.002554
0.433990 0.002111 0.049475 0.010204 0.157264 0.002341 0.001857 0.001233 0.000837 0.007189 0.009294 0.000438 0.001630 0.013833 0.121420 0.000391 0.012026 0.003050 0.001017 0.014768 0.008556 0.061495 0.000625 0.011214 0.004826 0.003784 0.002372 0.004071 0.018434 0.015337 0.021050 0.003871
0.341795 0.002152 0.001746 0.013134 0.013499 0.011416 0.005352 0.001896 0.002106 0.021603 0.007895 0.001838 0.001164 0.003573 0.015894 0.001409 0.005424 0.008642 0.003156 0.219202 0.017783 0.131210 0.002381 0.004812 0.003518 0.006639 0.002538 0.016957 0.008151 0.021112 0.097065 0.004938
0.265186 0.006192 0.003192 0.010880 0.017333 0.009530 0.007096 0.004103 0.004887 0.033235 0.027804 0.005816 0.001292 0.004470 0.021279 0.003348 0.019558 0.004042 0.001821 0.218942 0.041203 0.069542 0.012535 0.012718 0.003015 0.009700 0.021178 0.034160 0.017466 0.054978 0.048404 0.005094
0.366149 0.002139 0.002192 0.023741 0.019849 0.021735 0.004914 0.001831 0.001998 0.023059 0.008734 0.001645 0.002270 0.005009 0.024066 0.001927 0.007213 0.007543 0.006177 0.175939 0.020990 0.129379 0.002258 0.005899 0.005444 0.006007 0.001975 0.010877 0.009273 0.027907 0.066555 0.005304
0.453532 0.001096 0.001490 0.011260 0.010794 0.009604 0.002865 0.001171 0.001100 0.022707 0.005911 0.000984 0.000732 0.003423 0.019884 0.000953 0.005416 0.006088 0.002901 0.170170 0.013247 0.141884 0.001331 0.004604 0.003349 0.003394 0.001485 0.009658 0.005980 0.019596 0.059288 0.004102
0.165569 0.009322 0.001879 0.006245 0.012306 0.002787 0.011838 0.003718 0.003499 0.045755 0.017161 0.009168 0.000908 0.005794 0.019483 0.004684 0.033392 0.004211 0.002307 0.156924 0.120467 0.071093 0.019107 0.013321 0.002597 0.011122 0.020657 0.042046 0.015974 0.083731 0.077417 0.005521
0.449487 0.001569 0.006815 0.011547 0.028457 0.015566 0.003623 0.002247 0.002322 0.016563 0.012657 0.001992 0.001046 0.004633 0.028260 0.000813 0.009739 0.007830 0.002028 0.143551 0.010799 0.064418 0.002211 0.007090 0.003142 0.010097 0.004751 0.014467 0.013668 0.025304 0.088147 0.005163
0.742763 0.001356 0.000017 0.000758 0.001744 0.000189 0.001133 0.001041 0.001115 0.020735 0.003120 0.000733 0.000038 0.000046 0.000223 0.002140 0.000578 0.001798 0.000277 0.139980 0.005985 0.034624 0.029728 0.000312 0.000080 0.000712 0.001251 0.001260 0.003111 0.001848 0.001044 0.000262
0.341155 0.002255 0.007071 0.023762 0.027315 0.013079 0.006024 0.003015 0.002265 0.032878 0.013350 0.004276 0.001978 0.007627 0.052987 0.001856 0.023330 0.004840 0.007040 0.128934 0.020803 0.101024 0.004673 0.013731 0.007615 0.005960 0.003133 0.020890 0.008509 0.039345 0.058840 0.010440
0.579970 0.005045 0.001768 0.008242 0.005197 0.007098 0.009483 0.002975 0.002380 0.013759 0.010143 0.005208 0.000517 0.002794 0.007135 0.004428 0.010746 0.003850 0.000914 0.125470 0.030725 0.029671 0.009175 0.004146 0.001563 0.010529 0.016428 0.025554 0.014459 0.024334 0.023838 0.002458
0.420200 0.005077 0.014807 0.017850 0.021241 0.041967 0.007005 0.003461 0.006694 0.017577 0.029997 0.003854 0.014002 0.008342 0.017925 0.002071 0.008766 0.007404 0.007533 0.123511 0.013112 0.074116 0.003404 0.007512 0.007553 0.008415 0.003612 0.012410 0.015309 0.018441 0.051475 0.005355
0.288818 0.002829 0.008810 0.026542 0.035560 0.012404 0.007008 0.004327 0.002791 0.031846 0.013680 0.006621 0.001825 0.007307 0.059689 0.002191 0.030530 0.004770 0.007465 0.123402 0.026874 0.089536 0.006338 0.014246 0.007932 0.007464 0.003781 0.025230 0.008644 0.046226 0.074097 0.011217
0.421125 0.003766 0.006737 0.012870 0.037085 0.017492 0.007760 0.003647 0.002973 0.018515 0.014718 0.003713 0.001152 0.004847 0.022592 0.001384 0.011336 0.009989 0.001961 0.122805 0.017231 0.047363 0.005184 0.007667 0.003138 0.016599 0.012283 0.022128 0.023983 0.027027 0.085724 0.005205
0.348862 0.002616 0.011489 0.038914 0.042802 0.014802 0.006194 0.003416 0.003640 0.020448 0.010435 0.004296 0.001585 0.007318 0.039518 0.001671 0.020409 0.007312 0.004411 0.122311 0.016967 0.090945 0.004313 0.009791 0.006223 0.008721 0.003988 0.021637 0.007767 0.031811 0.076765 0.008621
0.323411 0.004002 0.010503 0.013756 0.036313 0.017603 0.008601 0.005796 0.005810 0.027012 0.024959 0.006029 0.002047 0.006991 0.031810 0.001829 0.019545 0.010668 0.003832 0.121619 0.016867 0.057210 0.006675 0.014646 0.004893 0.017858 0.012373 0.028868 0.019854 0.039749 0.087612 0.011260
0.533135 0.003837 0.006092 0.008392 0.008676 0.046275 0.005253 0.001931 0.003529 0.024808 0.034627 0.002088 0.006367 0.005398 0.019166 0.001271 0.004906 0.003258 0.003274 0.117949 0.006941 0.073482 0.001690 0.005857 0.004368 0.006142 0.002213 0.010604 0.011606 0.010423 0.022049 0.004392
0.490915 0.003872 0.003267 0.002139 0.008508 0.007129 0.003403 0.001407 0.005005 0.031919 0.014960 0.001570 0.000754 0.005330 0.012215 0.001782 0.008988 0.005326 0.001450 0.114732 0.034772 0.082461 0.001469 0.006457 0.002231 0.005879 0.013495 0.027121 0.007429 0.032012 0.059202 0.002802
0.362306 0.002409 0.008075 0.036021 0.036248 0.022749 0.006332 0.003407 0.002561 0.028454 0.013025 0.003290 0.002402 0.008954 0.046621 0.002110 0.017534 0.007458 0.007379 0.111061 0.017781 0.092306 0.004150 0.013124 0.006963 0.006887 0.002604 0.013347 0.011030 0.034189 0.059823 0.009399
0.389204 0.003689 0.001483 0.077790 0.007958 0.044889 0.014308 0.004696 0.004066 0.025641 0.010549 0.002807 0.002881 0.005669 0.010848 0.008472 0.009559 0.013905 0.007078 0.105550 0.022031 0.099344 0.010106 0.006183 0.008529 0.006071 0.003280 0.013576 0.004648 0.023680 0.038014 0.013495
0.378318 0.006181 0.002235 0.029888 0.008840 0.020916 0.013128 0.004452 0.002575 0.038314 0.012098 0.004501 0.001939 0.007529 0.016055 0.004295 0.015073 0.009789 0.005676 0.102581 0.023523 0.121987 0.008344 0.009810 0.009202 0.007763 0.003784 0.020671 0.005822 0.033400 0.058459 0.012851
0.165569 0.009322 0.001879 0.006245 0.012306 0.002787 0.011838 0.003718 0.003499 0.045755 0.017161 0.009168 0.000908 0.005794 0.019483 0.004684 0.033392 0.004211 0.002307 0.156924 0.120467 0.071093 0.019107 0.013321 0.002597 0.011122 0.020657 0.042046 0.015974 0.083731 0.077417 0.005521
0.453532 0.001096 0.001490 0.011260 0.010794 0.009604 0.002865 0.001171 0.001100 0.022707 0.005911 0.000984 0.000732 0.003423 0.019884 0.000953 0.005416 0.006088 0.002901 0.170170 0.013247 0.141884 0.001331 0.004604 0.003349 0.003394 0.001485 0.009658 0.005980 0.019596 0.059288 0.004102
0.341795 0.002152 0.001746 0.013134 0.013499 0.011416 0.005352 0.001896 0.002106 0.021603 0.007895 0.001838 0.001164 0.003573 0.015894 0.001409 0.005424 0.008642 0.003156 0.219202 0.017783 0.131210 0.002381 0.004812 0.003518 0.006639 0.002538 0.016957 0.008151 0.021112 0.097065 0.004938
0.366149 0.002139 0.002192 0.023741 0.019849 0.021735 0.004914 0.001831 0.001998 0.023059 0.008734 0.001645 0.002270 0.005009 0.024066 0.001927 0.007213 0.007543 0.006177 0.175939 0.020990 0.129379 0.002258 0.005899 0.005444 0.006007 0.001975 0.010877 0.009273 0.027907 0.066555 0.005304
0.378318 0.006181 0.002235 0.029888 0.008840 0.020916 0.013128 0.004452 0.002575 0.038314 0.012098 0.004501 0.001939 0.007529 0.016055 0.004295 0.015073 0.009789 0.005676 0.102581 0.023523 0.121987 0.008344 0.009810 0.009202 0.007763 0.003784 0.020671 0.005822 0.033400 0.058459 0.012851
0.443795 0.000766 0.019372 0.018806 0.091994 0.000904 0.000569 0.000597 0.000220 0.004971 0.002787 0.000146 0.000944 0.005007 0.196400 0.000240 0.021217 0.001352 0.000687 0.008711 0.017045 0.106287 0.000177 0.004624 0.002727 0.001589 0.001589 0.002948 0.003641 0.027022 0.010313 0.002554
0.341155 0.002255 0.007071 0.023762 0.027315 0.013079 0.006024 0.003015 0.002265 0.032878 0.013350 0.004276 0.001978 0.007627 0.052987 0.001856 0.023330 0.004840 0.007040 0.128934 0.020803 0.101024 0.004673 0.013731 0.007615 0.005960 0.003133 0.020890 0.008509 0.039345 0.058840 0.010440
0.000547 0.000059 0.000000 0.000009 0.000016 0.000000 0.000095 0.000028 0.000007 0.000207 0.000007 0.000053 0.000000 0.000000 0.000000 0.000032 0.000004 0.000027 0.000003 0.000045 0.000013 0.000050 0.998753 0.000005 0.000000 0.000007 0.000001 0.000010 0.000007 0.000009 0.000003 0.000004
0.453266 0.009292 0.000038 0.003582 0.008091 0.000853 0.003353 0.002993 0.004451 0.023449 0.010140 0.001517 0.000322 0.000264 0.000224 0.005757 0.001008 0.008680 0.001102 0.037562 0.004947 0.013627 0.372785 0.001274 0.000239 0.004076 0.002235 0.010195 0.010238 0.002386 0.001047 0.001008
0.606990 0.003723 0.001121 0.005363 0.009683 0.004901 0.004094 0.000697 0.000992 0.006893 0.011250 0.000918 0.000541 0.002326 0.004372 0.000485 0.003433 0.006608 0.000529 0.060747 0.009925 0.028215 0.001088 0.001338 0.002432 0.011721 0.010261 0.005642 0.007065 0.008035 0.177546 0.001068
0.407531 0.009113 0.002470 0.009386 0.017814 0.002303 0.009759 0.001874 0.002121 0.024567 0.018275 0.003045 0.002573 0.007829 0.015936 0.001859 0.012457 0.008998 0.003715 0.099504 0.054248 0.058579 0.005532 0.006851 0.007284 0.015212 0.010677 0.017363 0.008093 0.036992 0.111263 0.006776
