chair 453 93 553 198 0.952933 0.043133
chair 29 167 127 254 0.829198 0.165362
chair 6 234 141 420 0.731827 0.264376
chair 176 123 273 206 0.72994 0.269240
chair 65 146 206 249 0.718805 0.279466
chair 548 103 590 190 0.672034 0.141143
chair 137 114 188 206 0.533688 0.465746
chair 84 242 102 249 0.439237 0.537884
chair 566 103 590 112 0.437704 0.495078
chair 272 134 288 185 0.382553 0.614169
chair 18 231 56 279 0.381497 0.608996
chair 9 202 61 244 0.36975 0.613124
chair 287 126 341 188 0.337744 0.641796
chair 545 108 558 169 0.337322 0.649523
chair 32 191 197 323 0.33345 0.656966
chair 86 145 144 210 0.287322 0.706795
chair 237 132 270 168 0.25265 0.745386
chair 554 107 575 131 0.250807 0.744497
chair 40 250 57 269 0.239909 0.741130
chair 260 134 278 184 0.235645 0.763154
chair 84 235 113 254 0.214938 0.771502
chair 47 246 54 253 0.211567 0.773350
chair 9 223 78 331 0.204534 0.771891
chair 33 227 54 258 0.180186 0.817039
chair 326 432 374 440 0.177612 0.690779
chair 558 121 576 149 0.174194 0.748623
chair 574 121 590 147 0.165171 0.137125
chair 79 167 91 185 0.154562 0.804294
chair 201 123 251 146 0.145669 0.836965
chair 32 219 77 270 0.139653 0.855225
chair 275 128 288 137 0.13285 0.858678
chair 180 133 211 164 0.129382 0.868044
chair 334 125 354 178 0.128491 0.839235
chair 103 175 161 248 0.127722 0.854341
chair 134 137 150 177 0.127634 0.871577
chair 239 123 253 146 0.125752 0.854202
chair 3 222 35 289 0.124079 0.733365
chair 238 140 256 158 0.115741 0.882680
chair 85 173 130 198 0.115652 0.873835
chair 256 147 267 169 0.110933 0.886480
chair 366 420 387 439 0.100056 0.432749
sofa 574 122 590 145 0.293484 0.137125
sofa 583 110 586 110 0.179203 0.155699
sofa 554 108 590 186 0.117216 0.071070
table 22 173 560 437 0.996762 0.002057
table 385 196 505 285 0.350232 0.598573
table 285 263 450 440 0.348829 0.558237
table 2 215 59 283 0.208542 0.581927
paper 587 185 590 189 0.13684 0.390244
paper 583 177 590 185 0.1026 0.417135
box 373 426 383 440 0.148643 0.422602
box 373 402 396 439 0.133233 0.668428
box 367 435 375 440 0.108028 0.458531
whiteboard 16 3 207 192 0.368107 0.625275
