chair 390 111 541 244 0.947827 0.049886
chair 183 219 370 427 0.928316 0.070657
chair 250 128 369 267 0.851274 0.138791
chair 110 296 224 430 0.455248 0.530492
chair 190 320 214 370 0.302943 0.696451
chair 501 119 580 246 0.199745 0.769483
chair 215 147 281 235 0.194744 0.761574
chair 250 191 265 220 0.156735 0.727507
chair 271 166 367 212 0.146494 0.845205
chair 243 113 306 194 0.128815 0.807169
chair 421 125 431 131 0.120419 0.847982
chair 177 211 234 368 0.114057 0.882791
sofa 344 193 585 436 0.107792 0.784827
table 557 177 590 315 0.213235 0.419653
table 443 123 577 246 0.127565 0.839524
table 373 228 573 316 0.101357 0.789929
table 556 232 590 254 0.100619 0.597626
clothes 571 148 585 153 0.206749 0.528375
clothes 581 132 590 172 0.154677 0.506667
clothes 138 429 149 440 0.100919 0.456715
paper 560 399 575 415 0.255197 0.301692
paper 103 418 114 433 0.237335 0.224203
paper 224 412 240 435 0.184714 0.363764
paper 544 415 559 422 0.182723 0.352511
paper 560 383 575 398 0.180714 0.133764
paper 571 314 578 318 0.17736 0.281332
paper 574 303 578 311 0.172251 0.255030
paper 539 408 543 411 0.162651 0.440984
paper 187 419 191 431 0.161334 0.577054
paper 503 410 506 414 0.15677 0.484681
paper 361 407 376 423 0.149772 0.506872
paper 542 382 568 415 0.148799 0.331399
paper 467 415 497 431 0.133788 0.283230
paper 516 414 523 422 0.13255 0.446407
paper 381 399 392 412 0.129714 0.694128
paper 561 235 564 247 0.127129 0.767784
paper 543 234 561 252 0.123624 0.789269
paper 399 412 416 427 0.12272 0.608755
paper 203 432 208 440 0.121016 0.247140
paper 543 314 590 440 0.117201 0.468537
paper 117 435 119 440 0.116306 0.270928
paper 114 421 124 427 0.116123 0.316630
paper 490 399 521 415 0.113926 0.510123
paper 561 186 589 253 0.113083 0.402772
paper 445 400 522 440 0.108471 0.354511
paper 474 403 479 413 0.102115 0.761572
box 565 185 590 236 0.252235 0.433423
box 503 410 506 414 0.173403 0.484681
box 573 302 578 311 0.172189 0.255030
box 114 421 123 427 0.168945 0.316630
box 115 427 127 440 0.165283 0.204769
box 539 408 543 411 0.163752 0.440984
box 543 415 559 422 0.149874 0.352511
box 560 383 576 398 0.148412 0.133764
box 560 397 576 415 0.136117 0.301692
box 179 418 202 440 0.125223 0.404863
box 103 417 114 433 0.119712 0.224203
box 202 431 207 440 0.119634 0.247140
box 515 414 523 422 0.116734 0.446407
box 116 434 119 440 0.112761 0.270928
box 561 234 589 319 0.111042 0.368690
box 561 234 589 255 0.107844 0.597626
box 186 418 191 431 0.103045 0.577054
whiteboard 396 4 586 128 0.951341 0.032511
person 587 134 590 145 0.182096 0.588488
person 147 432 169 440 0.107567 0.522698
person 582 133 590 177 0.101212 0.506667
bag 328 407 381 440 0.113795 0.112126
garbage_bin 479 351 495 368 0.211873 0.594828
garbage_bin 511 375 517 378 0.205689 0.262375
garbage_bin 327 385 383 440 0.190455 0.331251
garbage_bin 496 352 543 384 0.185741 0.399114
garbage_bin 559 383 576 399 0.171629 0.133764
garbage_bin 377 294 415 320 0.16347 0.649719
garbage_bin 482 368 492 381 0.154258 0.639902
garbage_bin 541 380 569 416 0.149858 0.331399
garbage_bin 492 370 500 384 0.144369 0.488266
garbage_bin 403 282 426 304 0.140083 0.588308
garbage_bin 497 395 502 400 0.137346 0.520114
garbage_bin 417 286 455 319 0.136233 0.409873
garbage_bin 462 320 499 360 0.133398 0.626579
garbage_bin 490 313 556 440 0.13066 0.485579
garbage_bin 496 368 512 380 0.127215 0.535186
garbage_bin 497 335 523 352 0.126834 0.496842
garbage_bin 489 398 521 415 0.125131 0.510123
garbage_bin 502 396 506 400 0.11822 0.538511
garbage_bin 102 418 114 433 0.118091 0.224203
garbage_bin 558 398 576 415 0.102486 0.301692
garbage_bin 372 297 375 303 0.10244 0.733167
