0.224090 0.000117 0.000022 0.762490 0.000119 0.007003 0.000104 0.000044 0.000136 0.000088 0.000150 0.000056 0.000947 0.000039 0.000069 0.000112 0.000242 0.000203 0.000187 0.000148 0.000108 0.000550 0.000265 0.000314 0.000056 0.000253 0.000055 0.001088 0.000031 0.000198 0.000285 0.000430
0.684208 0.000033 0.000028 0.308053 0.000242 0.004131 0.000051 0.000018 0.000112 0.000064 0.000301 0.000011 0.000462 0.000042 0.000053 0.000021 0.000125 0.000208 0.000040 0.000179 0.000056 0.000301 0.000040 0.000113 0.000057 0.000085 0.000084 0.000290 0.000019 0.000142 0.000258 0.000173
0.697271 0.000038 0.000019 0.294516 0.000206 0.001591 0.000057 0.000029 0.000064 0.000269 0.000049 0.000052 0.000068 0.000019 0.000441 0.000101 0.000283 0.000059 0.000050 0.000423 0.000252 0.000415 0.000140 0.000265 0.000049 0.000117 0.000038 0.002413 0.000021 0.000333 0.000123 0.000227
0.838048 0.000119 0.000050 0.128648 0.000213 0.001267 0.000758 0.000084 0.000460 0.000796 0.000115 0.000047 0.000417 0.000385 0.000208 0.000693 0.004697 0.002050 0.000298 0.000410 0.002120 0.001889 0.000540 0.005867 0.000280 0.000173 0.000140 0.000882 0.000024 0.006152 0.000735 0.001432
0.342037 0.004201 0.015265 0.120884 0.046734 0.009007 0.002240 0.001974 0.002402 0.015823 0.002595 0.002163 0.003551 0.005012 0.054127 0.001665 0.021578 0.008862 0.002643 0.039633 0.015634 0.055828 0.009320 0.006656 0.004187 0.017341 0.002416 0.105090 0.006197 0.023506 0.044284 0.007149
0.043459 0.000100 0.000059 0.000180 0.000008 0.932770 0.000006 0.000008 0.000049 0.000038 0.000116 0.000004 0.021707 0.000031 0.000010 0.000012 0.000061 0.000095 0.000054 0.000044 0.000057 0.000185 0.000007 0.000014 0.000110 0.000009 0.000112 0.000477 0.000013 0.000042 0.000140 0.000023
0.045091 0.001624 0.000409 0.000315 0.000077 0.774371 0.000069 0.000050 0.000549 0.000230 0.000229 0.000037 0.168821 0.000457 0.000038 0.000115 0.000242 0.001482 0.000361 0.000085 0.000163 0.000287 0.000127 0.000117 0.000386 0.000159 0.000565 0.002755 0.000114 0.000184 0.000348 0.000144
0.222120 0.000412 0.000749 0.004539 0.001134 0.003558 0.000163 0.000071 0.000303 0.002679 0.000293 0.000042 0.007758 0.005064 0.002979 0.000220 0.418585 0.001601 0.001281 0.000847 0.039420 0.024861 0.000022 0.005314 0.003710 0.000132 0.001292 0.004467 0.000096 0.228396 0.014800 0.003091
0.471871 0.000043 0.000190 0.000198 0.000033 0.000012 0.000139 0.000050 0.000178 0.004744 0.000047 0.000052 0.000029 0.000685 0.016816 0.000094 0.111472 0.000205 0.000205 0.012990 0.063971 0.116185 0.000018 0.000693 0.001017 0.000026 0.000130 0.001664 0.000019 0.192222 0.002880 0.001123
0.864556 0.000001 0.000001 0.000012 0.000000 0.000001 0.000003 0.000002 0.000003 0.000143 0.000001 0.000002 0.000001 0.000010 0.000122 0.000008 0.103285 0.000005 0.000005 0.000432 0.008822 0.000736 0.000000 0.000019 0.000009 0.000003 0.000004 0.000614 0.000001 0.021043 0.000102 0.000054
0.409135 0.000511 0.000570 0.005097 0.004878 0.002735 0.001405 0.000485 0.000881 0.013734 0.002833 0.000560 0.000223 0.001215 0.010359 0.000324 0.002926 0.003178 0.000897 0.229758 0.008445 0.197674 0.000595 0.001950 0.001213 0.001872 0.000872 0.011116 0.002016 0.014053 0.066184 0.002307
0.312236 0.002036 0.001250 0.005538 0.008366 0.004705 0.002264 0.001065 0.002833 0.031268 0.006479 0.000979 0.001111 0.003783 0.012691 0.001017 0.010634 0.004296 0.002629 0.191152 0.018414 0.181693 0.001520 0.003918 0.003078 0.005169 0.003358 0.026443 0.004668 0.041240 0.099071 0.005095
0.355648 0.002277 0.002155 0.009341 0.020145 0.009557 0.004155 0.001894 0.002507 0.030640 0.011613 0.002996 0.001548 0.003579 0.020023 0.001354 0.010611 0.006392 0.003467 0.186590 0.017023 0.119284 0.004171 0.010160 0.004386 0.007385 0.005542 0.027347 0.009335 0.029737 0.071524 0.007613
0.397589 0.002510 0.001589 0.005346 0.012430 0.007141 0.001838 0.000870 0.001636 0.027317 0.015067 0.000675 0.001712 0.003159 0.017818 0.000711 0.008572 0.002171 0.002085 0.173736 0.015638 0.137823 0.001760 0.003507 0.003080 0.004321 0.004675 0.017649 0.009858 0.038370 0.076197 0.003151
0.074329 0.010892 0.004108 0.013258 0.056446 0.009221 0.012027 0.007841 0.013945 0.049875 0.033596 0.008310 0.003168 0.007506 0.021901 0.003866 0.021698 0.009924 0.004215 0.171809 0.042153 0.083567 0.026108 0.019097 0.005052 0.020233 0.016608 0.044594 0.021001 0.046091 0.127245 0.010315
0.174083 0.006538 0.003993 0.009495 0.030603 0.009187 0.008963 0.007116 0.011888 0.044181 0.026026 0.006235 0.004271 0.006837 0.020930 0.003564 0.020194 0.014146 0.003732 0.167401 0.038375 0.071460 0.011121 0.010968 0.005104 0.019360 0.018959 0.041123 0.018509 0.046966 0.130166 0.008506
0.332339 0.002218 0.003623 0.005456 0.015277 0.009751 0.003589 0.001933 0.002018 0.049077 0.024232 0.001568 0.002081 0.004128 0.047861 0.001521 0.018147 0.001779 0.003944 0.164460 0.024627 0.104464 0.002294 0.007491 0.005281 0.005323 0.005888 0.019888 0.015682 0.059053 0.049318 0.005686
0.356226 0.001877 0.003355 0.005601 0.014687 0.009351 0.003119 0.001661 0.001739 0.049897 0.021620 0.001381 0.001661 0.003489 0.045446 0.001419 0.017094 0.001581 0.003579 0.160918 0.024948 0.102731 0.002046 0.006846 0.004576 0.004647 0.005455 0.019587 0.014678 0.056712 0.046954 0.005120
0.316423 0.004382 0.004934 0.006156 0.040478 0.017069 0.005475 0.002141 0.004446 0.019296 0.027119 0.002023 0.002007 0.004912 0.011231 0.001119 0.005068 0.017655 0.002235 0.158904 0.013167 0.067478 0.003958 0.006193 0.003855 0.019206 0.012931 0.027712 0.019992 0.018593 0.148576 0.005267
0.606534 0.001202 0.004224 0.006326 0.018168 0.007844 0.002045 0.000917 0.001609 0.010744 0.010438 0.000788 0.001049 0.002311 0.016521 0.000394 0.004231 0.003547 0.001078 0.134686 0.005831 0.059536 0.000921 0.002791 0.001717 0.005357 0.002377 0.008277 0.010374 0.013531 0.052892 0.001741
0.482619 0.001229 0.002442 0.014824 0.016380 0.012172 0.003527 0.001620 0.001016 0.028064 0.009282 0.002215 0.001368 0.004538 0.030062 0.001272 0.012672 0.004766 0.004360 0.120623 0.018785 0.097716 0.002119 0.011907 0.004460 0.004678 0.002332 0.012182 0.006772 0.031028 0.045809 0.007162
0.239582 0.004548 0.014656 0.054932 0.048209 0.017674 0.009028 0.005023 0.006259 0.028106 0.012888 0.007049 0.003079 0.012313 0.041992 0.002933 0.023645 0.008784 0.008417 0.118872 0.019214 0.119380 0.007910 0.014649 0.009148 0.009497 0.004297 0.023523 0.009378 0.035618 0.065539 0.013859
0.547805 0.002685 0.001091 0.004340 0.005016 0.004151 0.002638 0.001350 0.003165 0.031027 0.021536 0.000797 0.001267 0.002651 0.014299 0.001789 0.006998 0.002891 0.004214 0.110223 0.017714 0.095633 0.001691 0.004408 0.004175 0.003567 0.006591 0.013314 0.006815 0.036382 0.034334 0.005444
0.287608 0.003304 0.011462 0.059101 0.046416 0.022033 0.007951 0.004868 0.004127 0.025617 0.012037 0.005432 0.002932 0.010144 0.045693 0.002812 0.022566 0.009453 0.008052 0.104586 0.019604 0.095980 0.006298 0.014259 0.008546 0.009705 0.003890 0.019079 0.009758 0.035917 0.068264 0.012507
0.407560 0.005347 0.011274 0.016212 0.031026 0.025561 0.008619 0.004859 0.005791 0.023333 0.035821 0.003960 0.007558 0.007515 0.034442 0.002970 0.014170 0.004989 0.007528 0.102770 0.018612 0.050992 0.003974 0.009575 0.009712 0.012349 0.006744 0.014665 0.024484 0.031703 0.050234 0.005651
0.389853 0.004267 0.010937 0.019676 0.031259 0.030358 0.008891 0.005824 0.005670 0.029105 0.033144 0.004607 0.007261 0.006741 0.039930 0.003964 0.018439 0.004484 0.010458 0.101047 0.022306 0.046064 0.003691 0.010126 0.010834 0.011247 0.006187 0.016232 0.020235 0.039630 0.041251 0.006280
0.259679 0.002979 0.008571 0.041755 0.038965 0.016155 0.007759 0.004908 0.003285 0.039016 0.012967 0.007255 0.002970 0.009586 0.056577 0.002969 0.033369 0.005479 0.012317 0.100714 0.025538 0.102666 0.007341 0.019945 0.008556 0.007481 0.003187 0.023067 0.007885 0.051412 0.060088 0.015558
0.132776 0.000003 0.000002 0.000015 0.000007 0.000113 0.000004 0.000002 0.000012 0.000481 0.000038 0.000000 0.000013 0.000029 0.000117 0.000002 0.000266 0.000173 0.000014 0.011815 0.000360 0.848596 0.000001 0.000006 0.000201 0.000025 0.000081 0.000072 0.000010 0.001415 0.003285 0.000070
0.242663 0.000023 0.000021 0.000020 0.000007 0.000008 0.000066 0.000013 0.000080 0.003009 0.000027 0.000009 0.000015 0.000525 0.002294 0.000029 0.026432 0.000520 0.000116 0.012205 0.022548 0.584111 0.000004 0.000131 0.000776 0.000030 0.000080 0.000574 0.000009 0.095447 0.007772 0.000437
0.520741 0.000011 0.000015 0.000138 0.000029 0.000050 0.000013 0.000006 0.000074 0.000216 0.000044 0.000008 0.000016 0.000053 0.000457 0.000005 0.001307 0.000061 0.000021 0.004705 0.000473 0.468451 0.000004 0.000074 0.000122 0.000010 0.000050 0.000177 0.000006 0.002056 0.000535 0.000074
0.650740 0.000059 0.000061 0.000270 0.000032 0.000115 0.000036 0.000022 0.000209 0.000806 0.000164 0.000023 0.000040 0.000174 0.000606 0.000024 0.001602 0.000206 0.000052 0.008226 0.000965 0.330409 0.000011 0.000218 0.000254 0.000025 0.000140 0.000302 0.000024 0.002877 0.001101 0.000204
0.680286 0.000047 0.000010 0.000048 0.000005 0.000070 0.000073 0.000026 0.000261 0.023632 0.000088 0.000007 0.000033 0.000547 0.000398 0.000168 0.003525 0.008322 0.000222 0.006604 0.006509 0.246033 0.000002 0.000175 0.000494 0.000084 0.000240 0.000571 0.000030 0.013224 0.007583 0.000682
0.770915 0.000004 0.000009 0.000221 0.000019 0.000048 0.000006 0.000004 0.000060 0.000109 0.000027 0.000005 0.000010 0.000022 0.000332 0.000004 0.001281 0.000034 0.000013 0.002192 0.000289 0.222381 0.000002 0.000047 0.000049 0.000003 0.000025 0.000100 0.000002 0.001439 0.000305 0.000044
0.409135 0.000511 0.000570 0.005097 0.004878 0.002735 0.001405 0.000485 0.000881 0.013734 0.002833 0.000560 0.000223 0.001215 0.010359 0.000324 0.002926 0.003178 0.000897 0.229758 0.008445 0.197674 0.000595 0.001950 0.001213 0.001872 0.000872 0.011116 0.002016 0.014053 0.066184 0.002307
0.312236 0.002036 0.001250 0.005538 0.008366 0.004705 0.002264 0.001065 0.002833 0.031268 0.006479 0.000979 0.001111 0.003783 0.012691 0.001017 0.010634 0.004296 0.002629 0.191152 0.018414 0.181693 0.001520 0.003918 0.003078 0.005169 0.003358 0.026443 0.004668 0.041240 0.099071 0.005095
0.661182 0.001112 0.000431 0.003452 0.001103 0.003391 0.000696 0.000269 0.001514 0.011503 0.005820 0.000164 0.000431 0.002237 0.002584 0.000496 0.001365 0.008709 0.001854 0.027344 0.003039 0.150190 0.000143 0.000964 0.002818 0.002917 0.008689 0.007763 0.001060 0.008999 0.075313 0.002447
0.397589 0.002510 0.001589 0.005346 0.012430 0.007141 0.001838 0.000870 0.001636 0.027317 0.015067 0.000675 0.001712 0.003159 0.017818 0.000711 0.008572 0.002171 0.002085 0.173736 0.015638 0.137823 0.001760 0.003507 0.003080 0.004321 0.004675 0.017649 0.009858 0.038370 0.076197 0.003151
0.281401 0.005996 0.010180 0.026761 0.027276 0.012451 0.005969 0.004750 0.005819 0.036177 0.013475 0.003673 0.004585 0.018704 0.037903 0.003808 0.023913 0.013812 0.009945 0.074630 0.016051 0.130695 0.005392 0.018081 0.007197 0.012483 0.005820 0.028182 0.017296 0.043787 0.077710 0.016081
0.239582 0.004548 0.014656 0.054932 0.048209 0.017674 0.009028 0.005023 0.006259 0.028106 0.012888 0.007049 0.003079 0.012313 0.041992 0.002933 0.023645 0.008784 0.008417 0.118872 0.019214 0.119380 0.007910 0.014649 0.009148 0.009497 0.004297 0.023523 0.009378 0.035618 0.065539 0.013859
0.355648 0.002277 0.002155 0.009341 0.020145 0.009557 0.004155 0.001894 0.002507 0.030640 0.011613 0.002996 0.001548 0.003579 0.020023 0.001354 0.010611 0.006392 0.003467 0.186590 0.017023 0.119284 0.004171 0.010160 0.004386 0.007385 0.005542 0.027347 0.009335 0.029737 0.071524 0.007613
0.870485 0.000008 0.000007 0.000645 0.000015 0.000059 0.000018 0.000012 0.000093 0.000455 0.000019 0.000010 0.000026 0.000061 0.000472 0.000017 0.006211 0.000097 0.000032 0.005059 0.001376 0.106023 0.000004 0.000145 0.000103 0.000007 0.000041 0.000284 0.000003 0.007671 0.000378 0.000163
0.332339 0.002218 0.003623 0.005456 0.015277 0.009751 0.003589 0.001933 0.002018 0.049077 0.024232 0.001568 0.002081 0.004128 0.047861 0.001521 0.018147 0.001779 0.003944 0.164460 0.024627 0.104464 0.002294 0.007491 0.005281 0.005323 0.005888 0.019888 0.015682 0.059053 0.049318 0.005686
0.356226 0.001877 0.003355 0.005601 0.014687 0.009351 0.003119 0.001661 0.001739 0.049897 0.021620 0.001381 0.001661 0.003489 0.045446 0.001419 0.017094 0.001581 0.003579 0.160918 0.024948 0.102731 0.002046 0.006846 0.004576 0.004647 0.005455 0.019587 0.014678 0.056712 0.046954 0.005120
0.259679 0.002979 0.008571 0.041755 0.038965 0.016155 0.007759 0.004908 0.003285 0.039016 0.012967 0.007255 0.002970 0.009586 0.056577 0.002969 0.033369 0.005479 0.012317 0.100714 0.025538 0.102666 0.007341 0.019945 0.008556 0.007481 0.003187 0.023067 0.007885 0.051412 0.060088 0.015558
0.647252 0.000510 0.001066 0.006399 0.001119 0.000822 0.000419 0.000343 0.001315 0.003396 0.001618 0.000491 0.001526 0.001373 0.002891 0.000557 0.032892 0.000449 0.000342 0.004988 0.004377 0.004688 0.000370 0.228143 0.000510 0.000223 0.000595 0.002910 0.000267 0.045222 0.001186 0.001740
0.578909 0.000320 0.000954 0.006442 0.001124 0.000438 0.000311 0.000240 0.000993 0.002720 0.000887 0.000420 0.001110 0.001278 0.002968 0.000408 0.058481 0.000339 0.000276 0.004184 0.004661 0.005483 0.000340 0.187080 0.000514 0.000170 0.000343 0.003056 0.000194 0.132341 0.001489 0.001529
0.518217 0.002592 0.001433 0.047347 0.004755 0.016713 0.001299 0.000651 0.000670 0.015581 0.012620 0.000573 0.003887 0.012207 0.010926 0.003707 0.025235 0.001895 0.005086 0.017291 0.018306 0.022866 0.000756 0.146512 0.003560 0.002042 0.002244 0.004219 0.004926 0.075855 0.011365 0.004665
0.682117 0.000129 0.000599 0.004634 0.000591 0.000147 0.000140 0.000113 0.000599 0.001407 0.000276 0.000210 0.000698 0.000723 0.001095 0.000135 0.060673 0.000202 0.000144 0.001806 0.002426 0.002337 0.000160 0.116770 0.000227 0.000072 0.000133 0.001687 0.000059 0.118219 0.000686 0.000787
0.512516 0.001484 0.001100 0.001288 0.000434 0.214503 0.000387 0.000220 0.006162 0.002291 0.000436 0.000404 0.034826 0.000995 0.000477 0.000952 0.002297 0.001369 0.001981 0.002144 0.001497 0.003553 0.001120 0.000561 0.001843 0.000492 0.001374 0.197831 0.000148 0.002342 0.001815 0.001156
0.342037 0.004201 0.015265 0.120884 0.046734 0.009007 0.002240 0.001974 0.002402 0.015823 0.002595 0.002163 0.003551 0.005012 0.054127 0.001665 0.021578 0.008862 0.002643 0.039633 0.015634 0.055828 0.009320 0.006656 0.004187 0.017341 0.002416 0.105090 0.006197 0.023506 0.044284 0.007149
0.222120 0.000412 0.000749 0.004539 0.001134 0.003558 0.000163 0.000071 0.000303 0.002679 0.000293 0.000042 0.007758 0.005064 0.002979 0.000220 0.418585 0.001601 0.001281 0.000847 0.039420 0.024861 0.000022 0.005314 0.003710 0.000132 0.001292 0.004467 0.000096 0.228396 0.014800 0.003091
0.471871 0.000043 0.000190 0.000198 0.000033 0.000012 0.000139 0.000050 0.000178 0.004744 0.000047 0.000052 0.000029 0.000685 0.016816 0.000094 0.111472 0.000205 0.000205 0.012990 0.063971 0.116185 0.000018 0.000693 0.001017 0.000026 0.000130 0.001664 0.000019 0.192222 0.002880 0.001123
0.725990 0.000159 0.000829 0.009815 0.001064 0.000347 0.000223 0.000156 0.000663 0.002349 0.000575 0.000139 0.000974 0.001300 0.002358 0.000162 0.046236 0.000352 0.000269 0.005484 0.005001 0.013630 0.000184 0.031783 0.000391 0.000114 0.000195 0.003561 0.000129 0.140996 0.003113 0.001457
0.578909 0.000320 0.000954 0.006442 0.001124 0.000438 0.000311 0.000240 0.000993 0.002720 0.000887 0.000420 0.001110 0.001278 0.002968 0.000408 0.058481 0.000339 0.000276 0.004184 0.004661 0.005483 0.000340 0.187080 0.000514 0.000170 0.000343 0.003056 0.000194 0.132341 0.001489 0.001529
0.429411 0.001145 0.007589 0.008306 0.026253 0.003268 0.001454 0.000876 0.000474 0.019040 0.006459 0.001127 0.001213 0.005693 0.069520 0.000896 0.054371 0.002732 0.003941 0.029745 0.042193 0.047293 0.000730 0.023941 0.007632 0.002515 0.002312 0.012734 0.005138 0.125582 0.051726 0.004689
0.682117 0.000129 0.000599 0.004634 0.000591 0.000147 0.000140 0.000113 0.000599 0.001407 0.000276 0.000210 0.000698 0.000723 0.001095 0.000135 0.060673 0.000202 0.000144 0.001806 0.002426 0.002337 0.000160 0.116770 0.000227 0.000072 0.000133 0.001687 0.000059 0.118219 0.000686 0.000787
0.316423 0.004382 0.004934 0.006156 0.040478 0.017069 0.005475 0.002141 0.004446 0.019296 0.027119 0.002023 0.002007 0.004912 0.011231 0.001119 0.005068 0.017655 0.002235 0.158904 0.013167 0.067478 0.003958 0.006193 0.003855 0.019206 0.012931 0.027712 0.019992 0.018593 0.148576 0.005267
0.548987 0.004941 0.000782 0.010185 0.016876 0.002777 0.007030 0.000977 0.002797 0.025054 0.015560 0.001198 0.000687 0.002801 0.008372 0.001378 0.008304 0.004559 0.001099 0.068401 0.014622 0.039022 0.005328 0.004310 0.004141 0.009370 0.004719 0.016772 0.004723 0.019242 0.141202 0.003785
0.537433 0.019615 0.002586 0.001222 0.005234 0.004173 0.008401 0.002037 0.005525 0.013578 0.009831 0.003184 0.002124 0.011082 0.003646 0.002091 0.012354 0.023086 0.007938 0.047368 0.035789 0.036269 0.001278 0.003103 0.008110 0.006636 0.004698 0.009879 0.006848 0.027899 0.134089 0.002893
0.174083 0.006538 0.003993 0.009495 0.030603 0.009187 0.008963 0.007116 0.011888 0.044181 0.026026 0.006235 0.004271 0.006837 0.020930 0.003564 0.020194 0.014146 0.003732 0.167401 0.038375 0.071460 0.011121 0.010968 0.005104 0.019360 0.018959 0.041123 0.018509 0.046966 0.130166 0.008506
0.074329 0.010892 0.004108 0.013258 0.056446 0.009221 0.012027 0.007841 0.013945 0.049875 0.033596 0.008310 0.003168 0.007506 0.021901 0.003866 0.021698 0.009924 0.004215 0.171809 0.042153 0.083567 0.026108 0.019097 0.005052 0.020233 0.016608 0.044594 0.021001 0.046091 0.127245 0.010315
0.645972 0.002584 0.003414 0.003365 0.045657 0.010330 0.002724 0.000875 0.005112 0.004245 0.031025 0.000756 0.000627 0.001984 0.003250 0.000326 0.002137 0.009113 0.000549 0.037196 0.003814 0.014857 0.001188 0.002166 0.001087 0.010915 0.015770 0.005086 0.008823 0.004850 0.118683 0.001521
