0.719551 0.108418 0.000077 0.000259 0.000086 0.000135 0.060262 0.000442 0.000458 0.001971 0.001280 0.003457 0.000186 0.026476 0.000139 0.001103 0.001509 0.004485 0.000128 0.010534 0.003536 0.003849 0.001120 0.000135 0.000743 0.005885 0.003204 0.002327 0.000686 0.002517 0.034797 0.000246
0.656737 0.104297 0.000326 0.001396 0.000339 0.001945 0.050638 0.001281 0.001419 0.003666 0.004759 0.004583 0.001663 0.030179 0.000391 0.002322 0.003082 0.014351 0.000366 0.008748 0.002778 0.005348 0.002196 0.000288 0.002401 0.010704 0.008030 0.005291 0.001157 0.003181 0.065511 0.000627
0.694646 0.000118 0.000404 0.009998 0.000021 0.266295 0.000041 0.000022 0.000836 0.000974 0.000322 0.000016 0.001893 0.000210 0.000425 0.000010 0.000057 0.000188 0.000269 0.012064 0.000042 0.008190 0.000009 0.000107 0.000468 0.000032 0.000021 0.000439 0.000035 0.000351 0.001267 0.000231
0.833933 0.021976 0.000122 0.000052 0.000009 0.115807 0.000177 0.000074 0.000545 0.000303 0.001391 0.000062 0.006787 0.000620 0.000011 0.000864 0.000148 0.001874 0.006313 0.000439 0.000232 0.002610 0.000016 0.000010 0.001080 0.000064 0.001577 0.000582 0.000129 0.000093 0.002000 0.000099
0.680007 0.055965 0.000022 0.000144 0.000057 0.000055 0.191183 0.000918 0.000204 0.002557 0.000363 0.037037 0.000015 0.001061 0.000081 0.001352 0.001609 0.000737 0.000088 0.002053 0.001824 0.001342 0.009525 0.000192 0.000097 0.002939 0.000612 0.002969 0.000228 0.001214 0.003428 0.000121
0.733749 0.019919 0.000035 0.000085 0.000109 0.000134 0.182897 0.001368 0.000598 0.005318 0.000868 0.013540 0.000006 0.000535 0.000097 0.003043 0.001706 0.001185 0.000139 0.006581 0.007757 0.006400 0.000890 0.000155 0.000080 0.004689 0.000963 0.001571 0.000242 0.002025 0.003148 0.000168
0.607416 0.026776 0.000080 0.000548 0.000220 0.000155 0.179351 0.002602 0.000956 0.007513 0.001595 0.060153 0.000063 0.001941 0.000440 0.003927 0.005310 0.002892 0.000439 0.020125 0.017030 0.011408 0.004720 0.000914 0.000401 0.010973 0.003089 0.004850 0.000509 0.008785 0.014201 0.000620
0.637959 0.061779 0.000064 0.000560 0.000165 0.000348 0.150403 0.002695 0.001205 0.007610 0.002723 0.041603 0.000127 0.002383 0.000324 0.003738 0.003737 0.002720 0.000508 0.013270 0.009901 0.008287 0.008567 0.000974 0.000533 0.007152 0.002678 0.006709 0.000522 0.005091 0.014953 0.000711
0.615814 0.010001 0.000059 0.000138 0.000098 0.000177 0.149377 0.002987 0.000327 0.022183 0.000742 0.027768 0.000015 0.001008 0.000703 0.012177 0.019142 0.001127 0.000257 0.016052 0.063852 0.006353 0.004352 0.000633 0.000405 0.005510 0.001143 0.017632 0.000283 0.011764 0.007373 0.000547
0.538938 0.039081 0.000171 0.002499 0.000462 0.000795 0.146916 0.003806 0.002260 0.017971 0.005189 0.025876 0.000173 0.003808 0.001292 0.011168 0.004992 0.006478 0.001004 0.066520 0.022409 0.030914 0.008055 0.002387 0.000836 0.011861 0.003737 0.005222 0.001138 0.011916 0.020202 0.001923
0.460631 0.052212 0.000413 0.000679 0.000842 0.000385 0.130983 0.005916 0.002193 0.023692 0.005498 0.074584 0.000080 0.005153 0.002096 0.011151 0.014636 0.003423 0.001550 0.043067 0.040183 0.027590 0.004825 0.001921 0.001267 0.015131 0.006154 0.011875 0.001802 0.021089 0.027322 0.001660
0.411601 0.043289 0.001105 0.003130 0.001650 0.006870 0.112515 0.011997 0.011946 0.035580 0.013170 0.009215 0.002113 0.012342 0.002844 0.015135 0.015287 0.015454 0.005260 0.061941 0.039188 0.053603 0.009031 0.002689 0.003855 0.010806 0.006711 0.013828 0.002116 0.026422 0.031230 0.008077
0.400066 0.055720 0.001119 0.001864 0.001327 0.001366 0.102953 0.007001 0.004217 0.019683 0.014006 0.042829 0.000517 0.013099 0.003256 0.016723 0.013718 0.009562 0.003435 0.051038 0.051433 0.038766 0.006258 0.003380 0.002398 0.025279 0.017013 0.013331 0.004999 0.022551 0.047168 0.003927
0.420459 0.000050 0.000013 0.000254 0.000048 0.000174 0.000210 0.000157 0.000554 0.449762 0.000232 0.000047 0.000023 0.000069 0.000840 0.000180 0.000249 0.002680 0.000163 0.084896 0.001404 0.033099 0.000143 0.000380 0.000094 0.000158 0.000060 0.000862 0.000154 0.001868 0.000294 0.000425
0.665473 0.002133 0.000205 0.000128 0.000226 0.000123 0.007751 0.003368 0.002346 0.143316 0.000481 0.005374 0.000008 0.000358 0.003109 0.010045 0.015531 0.000226 0.001985 0.043033 0.025612 0.029638 0.001075 0.001015 0.000987 0.000890 0.000416 0.011869 0.000237 0.019574 0.002357 0.001110
0.769878 0.000029 0.000019 0.000195 0.000044 0.000200 0.000120 0.000106 0.000666 0.138014 0.000252 0.000030 0.000031 0.000063 0.000702 0.000070 0.000252 0.001872 0.000085 0.062893 0.001255 0.019764 0.000074 0.000274 0.000070 0.000128 0.000067 0.000697 0.000132 0.001461 0.000298 0.000257
0.573228 0.001351 0.000744 0.001031 0.001143 0.000340 0.005364 0.002360 0.002841 0.132839 0.000647 0.004425 0.000027 0.000557 0.010131 0.010085 0.027460 0.000398 0.001825 0.072679 0.031074 0.038280 0.001317 0.002508 0.001560 0.001185 0.000888 0.039996 0.000503 0.026469 0.004074 0.002670
0.734859 0.002309 0.000265 0.000402 0.000104 0.000153 0.003124 0.000551 0.001405 0.114251 0.000840 0.001428 0.000056 0.002196 0.003022 0.009212 0.014022 0.001459 0.000752 0.029824 0.026886 0.013776 0.000263 0.002899 0.000685 0.000674 0.001222 0.011830 0.000387 0.016674 0.003046 0.001421
0.715849 0.000041 0.000015 0.000534 0.000113 0.000397 0.000259 0.000293 0.000658 0.104314 0.000651 0.000121 0.000050 0.000067 0.001091 0.000246 0.000905 0.000997 0.000288 0.098959 0.003853 0.057129 0.000524 0.001120 0.000138 0.000248 0.000173 0.002528 0.000235 0.005734 0.001630 0.000837
0.464415 0.006048 0.001256 0.005930 0.004398 0.008081 0.018896 0.007990 0.022491 0.102535 0.007237 0.002589 0.002797 0.003495 0.009301 0.013667 0.017177 0.005830 0.014596 0.095055 0.020647 0.060070 0.007935 0.003765 0.003579 0.005165 0.001846 0.021077 0.001642 0.026673 0.015137 0.018679
0.678951 0.016455 0.000160 0.000079 0.000172 0.017819 0.000178 0.000239 0.000425 0.000960 0.211201 0.000132 0.001183 0.001100 0.000310 0.000276 0.000354 0.000447 0.000760 0.004070 0.000595 0.004695 0.000026 0.000319 0.002095 0.000854 0.020589 0.000246 0.014145 0.000545 0.020152 0.000467
0.579117 0.000019 0.000239 0.000029 0.000121 0.000007 0.000041 0.000025 0.000047 0.000928 0.000135 0.000013 0.000003 0.000180 0.355620 0.000010 0.010000 0.000015 0.000032 0.010628 0.003805 0.017592 0.000005 0.000102 0.000996 0.000020 0.000054 0.000199 0.000020 0.017861 0.001979 0.000158
0.512942 0.000252 0.000745 0.000038 0.000354 0.000081 0.000193 0.000158 0.000998 0.006333 0.000562 0.000090 0.000037 0.001035 0.144225 0.000055 0.020376 0.000103 0.000169 0.201645 0.008183 0.066190 0.000026 0.000296 0.005313 0.000079 0.000313 0.000939 0.000088 0.023103 0.004322 0.000756
0.433468 0.000007 0.000009 0.000020 0.000001 0.000047 0.000011 0.000008 0.000042 0.000741 0.000030 0.000003 0.000035 0.000036 0.000979 0.000004 0.001019 0.000036 0.000020 0.539766 0.001338 0.015659 0.000002 0.000020 0.000453 0.000007 0.000027 0.000053 0.000005 0.005645 0.000380 0.000128
0.535727 0.000002 0.000011 0.000002 0.000000 0.000004 0.000004 0.000002 0.000027 0.000468 0.000009 0.000001 0.000001 0.000021 0.003457 0.000001 0.000526 0.000004 0.000003 0.447716 0.000422 0.008626 0.000000 0.000005 0.000312 0.000001 0.000004 0.000018 0.000001 0.002485 0.000105 0.000035
0.546146 0.000026 0.000011 0.000051 0.000003 0.000098 0.000035 0.000009 0.000138 0.001582 0.000045 0.000005 0.000119 0.000137 0.000561 0.000008 0.000279 0.000243 0.000044 0.365448 0.000553 0.080285 0.000004 0.000017 0.001351 0.000023 0.000042 0.000221 0.000010 0.001190 0.001101 0.000216
0.545288 0.000350 0.000452 0.000053 0.000358 0.000084 0.000260 0.000144 0.000750 0.008509 0.000357 0.000097 0.000032 0.001182 0.080686 0.000125 0.007325 0.000165 0.000228 0.235143 0.005549 0.087202 0.000031 0.000207 0.006299 0.000133 0.000480 0.001877 0.000130 0.011955 0.003435 0.001114
0.428257 0.000203 0.000137 0.001228 0.001877 0.001328 0.000778 0.000164 0.000558 0.006304 0.001357 0.000198 0.000084 0.000514 0.003186 0.000110 0.001039 0.003895 0.000610 0.231578 0.003609 0.188681 0.000153 0.000507 0.000760 0.001121 0.000336 0.007481 0.000595 0.006471 0.105632 0.001249
0.258471 0.011210 0.000887 0.001398 0.002940 0.000811 0.019606 0.005830 0.003135 0.056027 0.010103 0.018299 0.000366 0.003270 0.010250 0.003662 0.020782 0.003108 0.001920 0.207373 0.100755 0.080748 0.025124 0.007011 0.002621 0.010634 0.005792 0.022066 0.004898 0.054047 0.042475 0.004382
0.295075 0.001882 0.003976 0.014318 0.033898 0.019024 0.004483 0.002554 0.002740 0.034081 0.029170 0.002415 0.002458 0.006917 0.025946 0.001433 0.008268 0.006762 0.016742 0.194594 0.012211 0.137303 0.006137 0.009072 0.004927 0.003186 0.001686 0.010555 0.011056 0.025266 0.063179 0.008686
0.455789 0.022962 0.000214 0.001265 0.000547 0.000777 0.058107 0.002694 0.001305 0.014639 0.005358 0.013394 0.000253 0.005048 0.001912 0.003895 0.005863 0.006039 0.000702 0.176792 0.054585 0.056680 0.008136 0.002230 0.000965 0.015479 0.007719 0.008739 0.002745 0.023437 0.039895 0.001830
0.416739 0.020578 0.000318 0.001754 0.000755 0.000940 0.051898 0.003273 0.001603 0.018929 0.005290 0.015382 0.000338 0.006244 0.002933 0.005112 0.008324 0.006956 0.001050 0.175816 0.062284 0.062486 0.011106 0.003159 0.001342 0.016794 0.009474 0.012058 0.003949 0.030036 0.040609 0.002470
0.476725 0.002083 0.000637 0.003626 0.003125 0.004533 0.002593 0.001413 0.004539 0.057534 0.006559 0.002886 0.001141 0.001831 0.005689 0.001620 0.004528 0.003453 0.022894 0.172727 0.007638 0.132319 0.002338 0.004114 0.001895 0.001083 0.000780 0.013953 0.001884 0.018592 0.028705 0.006562
0.532852 0.014779 0.000103 0.000711 0.000247 0.000424 0.054657 0.002182 0.000846 0.014681 0.003002 0.014658 0.000144 0.003335 0.001319 0.003896 0.005036 0.003943 0.000430 0.169339 0.049558 0.042786 0.005731 0.001733 0.000635 0.011269 0.005422 0.007762 0.001586 0.019661 0.026020 0.001255
0.457100 0.025515 0.000248 0.001187 0.000593 0.000874 0.054468 0.002879 0.001300 0.015141 0.006497 0.013844 0.000255 0.005784 0.002194 0.004168 0.006210 0.005726 0.000643 0.166804 0.060718 0.046577 0.007028 0.002307 0.001187 0.016220 0.009373 0.010415 0.003441 0.026104 0.043429 0.001770
0.350436 0.028215 0.000421 0.002597 0.001207 0.001159 0.065159 0.004090 0.001640 0.019990 0.006351 0.018700 0.000419 0.006560 0.003825 0.004835 0.010370 0.006687 0.001073 0.166448 0.081408 0.060829 0.018099 0.003757 0.001529 0.021086 0.007903 0.014615 0.003919 0.035941 0.047887 0.002843
0.414977 0.020037 0.000396 0.001998 0.000856 0.000973 0.048864 0.003358 0.001774 0.020024 0.005322 0.015097 0.000403 0.007317 0.003367 0.005614 0.009149 0.007547 0.001249 0.165780 0.064856 0.062153 0.012295 0.003425 0.001568 0.017810 0.010416 0.013270 0.004885 0.031897 0.040495 0.002829
0.224445 0.005362 0.004532 0.013084 0.021446 0.031556 0.007386 0.003275 0.007300 0.033419 0.041999 0.003710 0.005988 0.013139 0.018755 0.001888 0.007865 0.009550 0.017896 0.163474 0.009254 0.187638 0.005395 0.007175 0.011306 0.005991 0.003137 0.015472 0.011244 0.017272 0.073848 0.016199
0.569634 0.007516 0.000087 0.000273 0.000144 0.000220 0.062868 0.002243 0.000434 0.010746 0.002260 0.020556 0.000041 0.001589 0.001065 0.003274 0.005370 0.001418 0.000211 0.158064 0.067340 0.025336 0.003883 0.000763 0.000359 0.006725 0.003127 0.007167 0.000843 0.020084 0.015687 0.000672
0.448704 0.019711 0.000246 0.000973 0.000481 0.001185 0.050703 0.003515 0.001415 0.016718 0.008838 0.011419 0.000338 0.006193 0.002114 0.004266 0.007624 0.005352 0.000678 0.157847 0.087324 0.040700 0.005849 0.001959 0.001516 0.012136 0.009549 0.012572 0.002904 0.030426 0.044503 0.002241
0.427153 0.008986 0.000818 0.000495 0.000889 0.000522 0.015521 0.004741 0.003113 0.037993 0.009271 0.016927 0.000267 0.003205 0.004734 0.004138 0.015534 0.003091 0.001532 0.156216 0.100963 0.074966 0.005324 0.003575 0.001846 0.009451 0.007462 0.013127 0.003682 0.032820 0.028784 0.002853
0.433157 0.022938 0.000302 0.001809 0.000733 0.000776 0.058636 0.003290 0.001273 0.016943 0.004530 0.018216 0.000303 0.005100 0.002902 0.004408 0.008661 0.005354 0.000823 0.154508 0.073602 0.054127 0.013670 0.002826 0.001124 0.018329 0.007556 0.011545 0.003140 0.030149 0.037210 0.002061
0.461395 0.030001 0.000221 0.001625 0.000646 0.000685 0.070811 0.002939 0.001427 0.016378 0.005217 0.016982 0.000221 0.004748 0.002200 0.004587 0.007115 0.006020 0.000973 0.153812 0.049107 0.050442 0.010783 0.002529 0.001014 0.016657 0.006860 0.009974 0.003150 0.024589 0.034803 0.002092
0.546890 0.001413 0.003328 0.004118 0.012322 0.010140 0.001563 0.000697 0.002291 0.013027 0.012654 0.000686 0.001132 0.003912 0.008562 0.000325 0.002133 0.002941 0.001567 0.151716 0.003596 0.148655 0.000814 0.003132 0.001976 0.002082 0.001296 0.005248 0.006049 0.007736 0.035533 0.002466
0.814408 0.000025 0.000032 0.000266 0.000024 0.000076 0.000076 0.000015 0.000069 0.002466 0.000028 0.000020 0.000014 0.000148 0.006750 0.000059 0.000755 0.000077 0.000061 0.150065 0.000633 0.015538 0.000011 0.000065 0.002422 0.000034 0.000054 0.002475 0.000008 0.002375 0.000491 0.000456
0.419877 0.020327 0.000928 0.001624 0.002280 0.000867 0.032338 0.005036 0.003410 0.023223 0.011868 0.024893 0.000347 0.004227 0.004912 0.002795 0.010375 0.004686 0.001491 0.149629 0.055348 0.056057 0.011937 0.004275 0.001831 0.017826 0.010431 0.013325 0.005761 0.034560 0.060315 0.003201
0.454201 0.024098 0.000243 0.001734 0.000573 0.000839 0.073135 0.003414 0.001265 0.014726 0.004918 0.014547 0.000312 0.004780 0.002153 0.004142 0.007523 0.004861 0.000692 0.149595 0.072100 0.044538 0.013275 0.001864 0.001070 0.016506 0.005743 0.011393 0.002253 0.026627 0.034885 0.001994
0.438408 0.016772 0.000375 0.001603 0.000871 0.000686 0.051770 0.004516 0.001534 0.025286 0.003735 0.030001 0.000215 0.003496 0.004441 0.005819 0.012455 0.003502 0.001100 0.148303 0.066748 0.054835 0.015953 0.003739 0.001205 0.015785 0.006420 0.014214 0.003243 0.031416 0.029353 0.002204
0.487119 0.008531 0.000323 0.000801 0.000682 0.000723 0.021962 0.004263 0.001597 0.028046 0.007608 0.013742 0.000200 0.002248 0.003471 0.002712 0.012260 0.002384 0.000956 0.147670 0.090172 0.054175 0.015848 0.003178 0.001450 0.007794 0.004296 0.013407 0.002462 0.033331 0.024499 0.002090
0.522508 0.022160 0.000195 0.001084 0.000454 0.000770 0.047495 0.002499 0.001127 0.014218 0.005495 0.013511 0.000192 0.004765 0.001902 0.003933 0.005698 0.004934 0.000591 0.144388 0.052407 0.041966 0.006232 0.002222 0.001020 0.014418 0.008571 0.009331 0.003187 0.023275 0.037958 0.001491
0.538541 0.001463 0.000423 0.004018 0.002589 0.003829 0.002374 0.001359 0.003467 0.062714 0.004012 0.002053 0.001211 0.001763 0.005826 0.001978 0.003952 0.002808 0.062721 0.141716 0.005490 0.079653 0.002231 0.004856 0.002477 0.000819 0.000566 0.010478 0.001223 0.016871 0.015472 0.011045
0.508155 0.022752 0.000191 0.001310 0.000418 0.000558 0.061965 0.002610 0.000970 0.011821 0.003870 0.014467 0.000231 0.004069 0.001784 0.003458 0.006310 0.004029 0.000561 0.140605 0.067286 0.040610 0.009970 0.001609 0.000844 0.015566 0.006073 0.008552 0.002052 0.023737 0.032088 0.001479
0.536722 0.001591 0.001324 0.009513 0.003761 0.023269 0.002472 0.001955 0.008101 0.031541 0.023842 0.001905 0.002861 0.001713 0.015376 0.001768 0.004766 0.002666 0.018969 0.139698 0.003818 0.069676 0.001323 0.011205 0.004661 0.001244 0.002428 0.008551 0.004676 0.021724 0.019840 0.017042
0.438406 0.013181 0.000482 0.001278 0.000945 0.000781 0.028522 0.004869 0.002254 0.035206 0.007043 0.020425 0.000289 0.003885 0.005112 0.005048 0.016450 0.003299 0.001574 0.138519 0.082648 0.055931 0.011990 0.004309 0.001874 0.009950 0.006753 0.015042 0.003549 0.045049 0.032456 0.002882
0.524591 0.009750 0.000199 0.000558 0.000383 0.000402 0.039077 0.004280 0.000958 0.021815 0.004147 0.020811 0.000082 0.002025 0.002652 0.003611 0.012647 0.001514 0.000518 0.137568 0.089448 0.036374 0.008682 0.001740 0.000894 0.006937 0.003197 0.011618 0.001365 0.033360 0.017351 0.001444
0.487353 0.008928 0.000328 0.000858 0.000747 0.000517 0.031681 0.005322 0.001510 0.033056 0.005158 0.026163 0.000121 0.001932 0.003833 0.004580 0.014813 0.001805 0.000978 0.134157 0.076527 0.050792 0.017742 0.003623 0.001234 0.008131 0.004842 0.015195 0.002629 0.031190 0.022281 0.001974
0.592664 0.013610 0.000142 0.000579 0.000239 0.000541 0.047465 0.002684 0.001408 0.015469 0.004401 0.014147 0.000153 0.003032 0.001281 0.004488 0.005238 0.003307 0.000632 0.134109 0.044350 0.040147 0.003770 0.001502 0.000717 0.008056 0.005627 0.005956 0.001451 0.018218 0.023240 0.001380
0.659037 0.000279 0.000519 0.002549 0.003747 0.007550 0.000839 0.000227 0.000521 0.006762 0.007701 0.000192 0.000348 0.001326 0.003891 0.000106 0.001106 0.002822 0.001618 0.133935 0.002172 0.103762 0.000215 0.000597 0.001036 0.000576 0.000264 0.002474 0.001084 0.004460 0.046891 0.001395
0.526737 0.011777 0.000244 0.001277 0.000381 0.000627 0.039010 0.003278 0.001373 0.018747 0.003050 0.021802 0.000257 0.003401 0.002605 0.005746 0.009849 0.003726 0.001018 0.133371 0.065327 0.049544 0.007184 0.002648 0.001000 0.013047 0.007178 0.010617 0.002411 0.026598 0.024388 0.001779
0.530105 0.023124 0.000173 0.001312 0.000359 0.000633 0.030192 0.001953 0.002261 0.021980 0.003623 0.007550 0.000384 0.005478 0.002179 0.003847 0.008006 0.003363 0.001391 0.131998 0.050529 0.062527 0.008121 0.001513 0.002394 0.011294 0.005807 0.011747 0.002413 0.034486 0.026596 0.002662
0.455822 0.009850 0.000409 0.000965 0.001193 0.000593 0.027147 0.005750 0.002232 0.043947 0.006967 0.025777 0.000143 0.001813 0.004838 0.004409 0.017138 0.001715 0.001303 0.131011 0.072103 0.058968 0.029490 0.004966 0.001380 0.007792 0.004231 0.017674 0.002977 0.033110 0.021683 0.002604
0.552210 0.014280 0.000206 0.001345 0.000312 0.000532 0.041369 0.002557 0.001231 0.015117 0.003108 0.014459 0.000237 0.004193 0.001985 0.005050 0.006929 0.004730 0.000790 0.130440 0.054130 0.045772 0.007836 0.002064 0.000882 0.016447 0.008290 0.009106 0.003058 0.022956 0.026645 0.001736
0.539461 0.004460 0.000813 0.000417 0.000588 0.000419 0.011496 0.003405 0.003647 0.052158 0.004839 0.010510 0.000061 0.001502 0.005198 0.004186 0.016975 0.000927 0.001484 0.127426 0.054629 0.077076 0.003509 0.003092 0.001446 0.003285 0.003109 0.016217 0.001335 0.025953 0.018099 0.002278
0.574490 0.000646 0.000360 0.002060 0.001928 0.004232 0.001030 0.000665 0.002560 0.065918 0.003785 0.000779 0.000677 0.001105 0.004687 0.001237 0.002666 0.002310 0.037374 0.126396 0.004621 0.113872 0.001213 0.002985 0.001479 0.000540 0.000438 0.006076 0.001070 0.015323 0.009832 0.007645
0.415600 0.021644 0.000483 0.002696 0.000850 0.008918 0.037726 0.004627 0.003489 0.028998 0.009084 0.010898 0.000750 0.004040 0.003988 0.012315 0.006727 0.012922 0.009442 0.123551 0.025350 0.114117 0.003988 0.004437 0.003365 0.006784 0.006461 0.021604 0.004478 0.023294 0.060716 0.006658
0.537415 0.023769 0.000197 0.001157 0.000437 0.000976 0.054712 0.002927 0.001227 0.014181 0.006206 0.015078 0.000216 0.005192 0.001791 0.004441 0.006719 0.004684 0.000628 0.122631 0.054209 0.033946 0.005982 0.002107 0.001150 0.013918 0.007969 0.010619 0.002786 0.023581 0.037562 0.001588
0.427883 0.001232 0.000819 0.003344 0.008116 0.003617 0.000956 0.000534 0.002211 0.023573 0.005170 0.000421 0.000267 0.002685 0.010934 0.000368 0.002841 0.001274 0.001141 0.122112 0.004289 0.301516 0.000635 0.003865 0.001870 0.001417 0.001410 0.008682 0.002972 0.016580 0.034567 0.002698
0.566217 0.009213 0.000152 0.000549 0.000285 0.000395 0.040066 0.003802 0.000857 0.019184 0.003317 0.021040 0.000079 0.001792 0.002120 0.003787 0.011571 0.001466 0.000464 0.121562 0.081793 0.033008 0.007610 0.001570 0.000732 0.006635 0.003036 0.010756 0.001167 0.028577 0.015970 0.001228
0.516802 0.028129 0.000175 0.000603 0.000367 0.000348 0.083050 0.002848 0.001013 0.014809 0.005298 0.016205 0.000084 0.003909 0.001945 0.004263 0.008190 0.003150 0.000598 0.121417 0.064838 0.025946 0.005183 0.001421 0.000941 0.011511 0.004565 0.008449 0.001780 0.026427 0.034286 0.001452
0.553989 0.011807 0.000352 0.000953 0.000622 0.000509 0.025418 0.003180 0.001822 0.028056 0.006064 0.013995 0.000176 0.002963 0.003450 0.004071 0.012513 0.002622 0.001347 0.120733 0.063123 0.043943 0.007968 0.002982 0.001357 0.006793 0.004992 0.010764 0.002420 0.035107 0.023563 0.002345
0.622112 0.006720 0.000095 0.000388 0.000167 0.000270 0.031974 0.002584 0.000629 0.016304 0.002366 0.015964 0.000060 0.001403 0.001554 0.003296 0.009015 0.001157 0.000345 0.119580 0.070832 0.029330 0.005016 0.001143 0.000532 0.005504 0.002855 0.008889 0.000881 0.024181 0.013930 0.000922
0.436351 0.048644 0.000314 0.002214 0.001015 0.000804 0.076219 0.003716 0.001299 0.016459 0.005968 0.023956 0.000260 0.005843 0.003321 0.004524 0.008455 0.004973 0.000757 0.117900 0.060935 0.036097 0.015027 0.003489 0.001285 0.020716 0.007558 0.012325 0.003969 0.029460 0.044178 0.001971
0.595048 0.020434 0.000164 0.000680 0.000333 0.000358 0.048913 0.002331 0.000781 0.012657 0.003769 0.013117 0.000116 0.004175 0.001444 0.002744 0.007032 0.002525 0.000326 0.116976 0.057547 0.025923 0.005958 0.001203 0.000942 0.007861 0.004131 0.008220 0.001460 0.024589 0.027178 0.001065
0.567144 0.012866 0.000342 0.000973 0.000659 0.000681 0.026004 0.003071 0.001626 0.022587 0.005385 0.013907 0.000253 0.003893 0.003042 0.004056 0.009922 0.003313 0.000896 0.116238 0.060518 0.039710 0.006216 0.002561 0.001257 0.008129 0.007388 0.010499 0.002818 0.033006 0.029162 0.001878
0.679777 0.005867 0.000034 0.000109 0.000051 0.000081 0.053785 0.001527 0.000198 0.008651 0.001192 0.015382 0.000010 0.000825 0.000562 0.001996 0.004573 0.000682 0.000099 0.116057 0.051133 0.018032 0.002478 0.000309 0.000189 0.003574 0.001451 0.004872 0.000339 0.015909 0.009925 0.000331
0.390868 0.000690 0.000201 0.002781 0.000784 0.001322 0.001315 0.000960 0.007234 0.332508 0.000963 0.000375 0.000517 0.000812 0.002848 0.001012 0.001331 0.010783 0.001719 0.114347 0.002513 0.103909 0.000802 0.002334 0.000740 0.000893 0.000278 0.004799 0.000765 0.004384 0.001740 0.003474
0.869162 0.000001 0.000019 0.000001 0.000001 0.000001 0.000003 0.000001 0.000026 0.000339 0.000006 0.000001 0.000000 0.000022 0.009821 0.000001 0.000571 0.000001 0.000002 0.113896 0.000234 0.004454 0.000000 0.000003 0.000264 0.000001 0.000001 0.000015 0.000000 0.001045 0.000087 0.000021
0.508577 0.015298 0.000397 0.001251 0.000588 0.000504 0.046958 0.004345 0.001409 0.019461 0.003655 0.042277 0.000197 0.002753 0.003751 0.006393 0.012314 0.003162 0.001074 0.112755 0.067214 0.047524 0.007316 0.003137 0.001049 0.013366 0.008695 0.012742 0.002657 0.024680 0.022750 0.001750
0.626444 0.024514 0.000148 0.000527 0.000254 0.000248 0.040640 0.001469 0.000760 0.011396 0.003684 0.013061 0.000087 0.004664 0.001507 0.003901 0.005018 0.003260 0.000323 0.111336 0.040634 0.027365 0.002789 0.001501 0.000733 0.010753 0.007066 0.007728 0.002587 0.016865 0.027828 0.000908
0.548692 0.013271 0.000240 0.001046 0.000402 0.000737 0.029704 0.002648 0.000994 0.023964 0.005952 0.009581 0.000249 0.003751 0.002817 0.006561 0.013114 0.002561 0.001009 0.110987 0.073574 0.032881 0.008777 0.002692 0.001462 0.006070 0.009026 0.021899 0.003633 0.034932 0.024186 0.002589
0.453919 0.027267 0.000599 0.001804 0.000887 0.002529 0.070798 0.008019 0.003434 0.027277 0.009307 0.025860 0.000421 0.005662 0.003116 0.010415 0.013271 0.004266 0.002472 0.107778 0.060577 0.047247 0.011873 0.003227 0.002141 0.011767 0.007553 0.012895 0.003501 0.028357 0.028626 0.003135
0.595025 0.032391 0.000191 0.000790 0.000380 0.000322 0.046262 0.001594 0.000879 0.012033 0.004410 0.014267 0.000138 0.006463 0.001658 0.003809 0.005095 0.004634 0.000431 0.106760 0.040851 0.027228 0.004021 0.001896 0.000890 0.012809 0.007761 0.009116 0.003815 0.018917 0.034012 0.001153
0.631039 0.002918 0.000860 0.000286 0.000688 0.000275 0.006150 0.003075 0.003262 0.044447 0.006956 0.010130 0.000074 0.000799 0.004911 0.002459 0.014791 0.000803 0.001225 0.105724 0.046136 0.051120 0.002655 0.002632 0.001303 0.002562 0.002679 0.012716 0.001286 0.019918 0.014384 0.001736
0.847534 0.000003 0.000046 0.000002 0.000002 0.000002 0.000009 0.000004 0.000049 0.000508 0.000023 0.000002 0.000001 0.000045 0.025652 0.000002 0.002290 0.000004 0.000005 0.105682 0.001265 0.010348 0.000000 0.000008 0.000479 0.000003 0.000008 0.000032 0.000002 0.005598 0.000333 0.000058
0.670768 0.007950 0.000076 0.000537 0.000099 0.000219 0.037710 0.001622 0.000681 0.011968 0.001503 0.017203 0.000075 0.001876 0.001030 0.004646 0.005614 0.002059 0.000390 0.104984 0.041342 0.033348 0.002878 0.001296 0.000419 0.007686 0.004627 0.005480 0.001036 0.016217 0.013902 0.000758
0.695312 0.000387 0.001116 0.002986 0.002559 0.002883 0.000977 0.000842 0.000519 0.015244 0.003188 0.001175 0.000201 0.000512 0.012760 0.000175 0.004508 0.001172 0.000580 0.103487 0.013322 0.042888 0.000539 0.001681 0.001167 0.001143 0.000749 0.005154 0.002941 0.024455 0.054325 0.001052
0.863521 0.000030 0.000088 0.000409 0.000392 0.001224 0.000289 0.000132 0.000196 0.005016 0.002643 0.000210 0.000062 0.000052 0.001543 0.000091 0.000408 0.000284 0.002948 0.101251 0.000887 0.008428 0.000097 0.000594 0.000232 0.000064 0.000060 0.000580 0.000233 0.002702 0.004881 0.000453
0.513228 0.012005 0.000330 0.000947 0.000403 0.001565 0.045188 0.004391 0.001523 0.018199 0.008970 0.008422 0.000370 0.005275 0.002555 0.005549 0.012762 0.004814 0.000912 0.100826 0.101360 0.033507 0.003401 0.001731 0.001851 0.007924 0.008609 0.015476 0.002085 0.034617 0.038294 0.002912
0.584241 0.005067 0.000235 0.000873 0.000301 0.000371 0.025844 0.003831 0.001248 0.033528 0.001485 0.031419 0.000132 0.001371 0.003978 0.009126 0.016184 0.001468 0.001172 0.100309 0.055796 0.046403 0.004820 0.002641 0.000913 0.007428 0.005046 0.015444 0.001630 0.023915 0.012141 0.001640
0.483165 0.022057 0.000445 0.002983 0.001032 0.000437 0.036831 0.002687 0.002286 0.015640 0.005027 0.009951 0.000672 0.007809 0.004362 0.005297 0.011436 0.007946 0.001290 0.070424 0.116523 0.046494 0.007882 0.003914 0.001943 0.018086 0.014707 0.015060 0.004798 0.039913 0.035405 0.003499
0.513228 0.012005 0.000330 0.000947 0.000403 0.001565 0.045188 0.004391 0.001523 0.018199 0.008970 0.008422 0.000370 0.005275 0.002555 0.005549 0.012762 0.004814 0.000912 0.100826 0.101360 0.033507 0.003401 0.001731 0.001851 0.007924 0.008609 0.015476 0.002085 0.034617 0.038294 0.002912
0.427153 0.008986 0.000818 0.000495 0.000889 0.000522 0.015521 0.004741 0.003113 0.037993 0.009271 0.016927 0.000267 0.003205 0.004734 0.004138 0.015534 0.003091 0.001532 0.156216 0.100963 0.074966 0.005324 0.003575 0.001846 0.009451 0.007462 0.013127 0.003682 0.032820 0.028784 0.002853
0.258471 0.011210 0.000887 0.001398 0.002940 0.000811 0.019606 0.005830 0.003135 0.056027 0.010103 0.018299 0.000366 0.003270 0.010250 0.003662 0.020782 0.003108 0.001920 0.207373 0.100755 0.080748 0.025124 0.007011 0.002621 0.010634 0.005792 0.022066 0.004898 0.054047 0.042475 0.004382
0.065405 0.002821 0.000154 0.000053 0.000115 0.002511 0.000272 0.000064 0.000799 0.001208 0.000774 0.000020 0.000451 0.006305 0.000344 0.000016 0.000413 0.006921 0.000364 0.011562 0.000522 0.832662 0.000014 0.000144 0.003092 0.000416 0.000236 0.000603 0.000363 0.001508 0.059573 0.000297
0.273709 0.000006 0.000001 0.000195 0.000002 0.000077 0.000002 0.000002 0.000018 0.000063 0.000025 0.000001 0.000038 0.000021 0.000020 0.000001 0.000099 0.000010 0.000003 0.000932 0.000030 0.723389 0.000001 0.000119 0.000028 0.000002 0.000021 0.000215 0.000001 0.000720 0.000211 0.000040
0.303937 0.000006 0.000000 0.000119 0.000002 0.000044 0.000005 0.000003 0.000033 0.000101 0.000018 0.000003 0.000018 0.000026 0.000016 0.000001 0.000108 0.000014 0.000004 0.001365 0.000042 0.692389 0.000001 0.000094 0.000029 0.000003 0.000015 0.000381 0.000001 0.000846 0.000330 0.000045
0.500582 0.000031 0.000027 0.000523 0.000063 0.000171 0.000012 0.000014 0.000044 0.000299 0.000095 0.000011 0.000124 0.000098 0.000842 0.000005 0.000666 0.000023 0.000019 0.002790 0.000142 0.489199 0.000010 0.000672 0.000154 0.000011 0.000085 0.000600 0.000012 0.001948 0.000512 0.000214
0.495384 0.000038 0.000048 0.000157 0.000031 0.000078 0.000025 0.000024 0.000064 0.000703 0.000120 0.000013 0.000040 0.000194 0.005679 0.000012 0.003890 0.000030 0.000043 0.007098 0.000910 0.466234 0.000009 0.000539 0.000630 0.000015 0.000112 0.000684 0.000014 0.015137 0.001677 0.000368
0.427883 0.001232 0.000819 0.003344 0.008116 0.003617 0.000956 0.000534 0.002211 0.023573 0.005170 0.000421 0.000267 0.002685 0.010934 0.000368 0.002841 0.001274 0.001141 0.122112 0.004289 0.301516 0.000635 0.003865 0.001870 0.001417 0.001410 0.008682 0.002972 0.016580 0.034567 0.002698
0.696295 0.000139 0.000034 0.004140 0.000417 0.000906 0.000229 0.000089 0.000387 0.003657 0.000339 0.000118 0.000188 0.000131 0.000790 0.000094 0.000889 0.000693 0.000521 0.041845 0.001596 0.226743 0.000069 0.000517 0.000286 0.000225 0.000238 0.009126 0.000060 0.003733 0.003967 0.001540
0.401017 0.001825 0.000966 0.005977 0.007737 0.015799 0.002450 0.001142 0.002697 0.021565 0.018529 0.000979 0.001843 0.004685 0.009167 0.000522 0.003240 0.006417 0.007221 0.156542 0.004601 0.198680 0.001314 0.002658 0.005168 0.001872 0.001279 0.008105 0.003381 0.010943 0.083216 0.008462
0.573585 0.001408 0.001098 0.004716 0.009247 0.010089 0.001468 0.000352 0.002805 0.008002 0.007591 0.000208 0.000901 0.004399 0.004069 0.000122 0.001107 0.005749 0.000878 0.078485 0.001526 0.190297 0.000378 0.000998 0.002448 0.002373 0.000970 0.004267 0.002198 0.003569 0.072658 0.002037
0.428257 0.000203 0.000137 0.001228 0.001877 0.001328 0.000778 0.000164 0.000558 0.006304 0.001357 0.000198 0.000084 0.000514 0.003186 0.000110 0.001039 0.003895 0.000610 0.231578 0.003609 0.188681 0.000153 0.000507 0.000760 0.001121 0.000336 0.007481 0.000595 0.006471 0.105632 0.001249
0.513044 0.002296 0.004765 0.008732 0.025013 0.012800 0.002100 0.001177 0.003776 0.017263 0.015515 0.001006 0.001098 0.005500 0.013954 0.000588 0.003815 0.002423 0.002222 0.098695 0.004033 0.176440 0.001429 0.006303 0.003107 0.003080 0.002185 0.007992 0.007364 0.010059 0.038513 0.003709
0.348708 0.002210 0.001238 0.000106 0.002611 0.000562 0.001091 0.000680 0.002567 0.021236 0.003700 0.000327 0.000160 0.005855 0.102864 0.000221 0.019753 0.000924 0.000732 0.201744 0.009538 0.176291 0.000143 0.000793 0.020214 0.000775 0.001417 0.003996 0.000842 0.020393 0.046426 0.001883
0.533695 0.000040 0.000021 0.000120 0.000013 0.000112 0.000078 0.000018 0.000139 0.004879 0.000044 0.000013 0.000068 0.000201 0.001701 0.000027 0.000544 0.000301 0.000094 0.309149 0.000888 0.140211 0.000011 0.000052 0.002183 0.000043 0.000069 0.001175 0.000014 0.002446 0.001108 0.000543
0.295075 0.001882 0.003976 0.014318 0.033898 0.019024 0.004483 0.002554 0.002740 0.034081 0.029170 0.002415 0.002458 0.006917 0.025946 0.001433 0.008268 0.006762 0.016742 0.194594 0.012211 0.137303 0.006137 0.009072 0.004927 0.003186 0.001686 0.010555 0.011056 0.025266 0.063179 0.008686
0.638947 0.005193 0.000269 0.021432 0.000721 0.018184 0.001663 0.000785 0.006826 0.006247 0.008446 0.000349 0.001999 0.002474 0.003324 0.000685 0.001741 0.006672 0.001689 0.063270 0.001865 0.134516 0.000291 0.002094 0.002834 0.001337 0.001323 0.003958 0.002039 0.008844 0.044876 0.005107
0.476725 0.002083 0.000637 0.003626 0.003125 0.004533 0.002593 0.001413 0.004539 0.057534 0.006559 0.002886 0.001141 0.001831 0.005689 0.001620 0.004528 0.003453 0.022894 0.172727 0.007638 0.132319 0.002338 0.004114 0.001895 0.001083 0.000780 0.013953 0.001884 0.018592 0.028705 0.006562
0.568734 0.005594 0.000582 0.007093 0.002510 0.014989 0.001928 0.001945 0.007798 0.029474 0.019993 0.001402 0.002592 0.002558 0.011168 0.002301 0.004541 0.003747 0.014152 0.083814 0.003217 0.124881 0.000558 0.008360 0.003745 0.000885 0.003646 0.005800 0.006059 0.019655 0.020513 0.015765
0.874531 0.000000 0.000000 0.000113 0.000000 0.000003 0.000000 0.000000 0.000001 0.000027 0.000002 0.000000 0.000001 0.000001 0.000002 0.000000 0.000008 0.000000 0.000000 0.000484 0.000004 0.124416 0.000000 0.000055 0.000001 0.000000 0.000001 0.000066 0.000000 0.000270 0.000006 0.000007
0.715531 0.001397 0.000217 0.001647 0.001309 0.001260 0.004139 0.000420 0.009578 0.009853 0.001029 0.000555 0.000220 0.002940 0.001415 0.000420 0.001641 0.005523 0.001458 0.039488 0.002588 0.122228 0.000328 0.000866 0.002979 0.002059 0.000588 0.027589 0.000168 0.004143 0.033147 0.003278
0.489665 0.001036 0.000272 0.006766 0.001144 0.001583 0.001546 0.000999 0.008712 0.218658 0.001028 0.000453 0.000708 0.001090 0.003768 0.001173 0.001880 0.010784 0.001918 0.102754 0.002804 0.117447 0.000744 0.002353 0.001023 0.001029 0.000364 0.005430 0.000777 0.005246 0.002447 0.004400
0.882511 0.000000 0.000000 0.000140 0.000000 0.000004 0.000000 0.000000 0.000002 0.000029 0.000003 0.000000 0.000001 0.000001 0.000002 0.000000 0.000007 0.000001 0.000000 0.000791 0.000005 0.116169 0.000000 0.000030 0.000001 0.000000 0.000001 0.000085 0.000000 0.000199 0.000011 0.000006
0.415600 0.021644 0.000483 0.002696 0.000850 0.008918 0.037726 0.004627 0.003489 0.028998 0.009084 0.010898 0.000750 0.004040 0.003988 0.012315 0.006727 0.012922 0.009442 0.123551 0.025350 0.114117 0.003988 0.004437 0.003365 0.006784 0.006461 0.021604 0.004478 0.023294 0.060716 0.006658
0.574490 0.000646 0.000360 0.002060 0.001928 0.004232 0.001030 0.000665 0.002560 0.065918 0.003785 0.000779 0.000677 0.001105 0.004687 0.001237 0.002666 0.002310 0.037374 0.126396 0.004621 0.113872 0.001213 0.002985 0.001479 0.000540 0.000438 0.006076 0.001070 0.015323 0.009832 0.007645
0.590186 0.003108 0.000773 0.003087 0.005831 0.004812 0.001588 0.001320 0.005356 0.052065 0.004442 0.001128 0.000737 0.004268 0.015462 0.001483 0.007285 0.001069 0.002298 0.085576 0.009133 0.112684 0.002473 0.005210 0.002963 0.002693 0.005907 0.015874 0.004969 0.022664 0.019512 0.004043
0.672043 0.000152 0.000026 0.000219 0.000445 0.001012 0.000199 0.000031 0.000312 0.001384 0.001590 0.000013 0.000053 0.000274 0.000431 0.000011 0.000119 0.003262 0.000102 0.069872 0.000514 0.107564 0.000014 0.000073 0.000431 0.000653 0.000279 0.001033 0.000213 0.000847 0.136400 0.000427
0.687328 0.000076 0.000026 0.000246 0.000422 0.000646 0.000142 0.000027 0.000175 0.001579 0.001196 0.000016 0.000035 0.000193 0.000552 0.000010 0.000176 0.001703 0.000082 0.097602 0.000562 0.105930 0.000013 0.000082 0.000273 0.000431 0.000166 0.001391 0.000188 0.001060 0.097305 0.000364
0.659037 0.000279 0.000519 0.002549 0.003747 0.007550 0.000839 0.000227 0.000521 0.006762 0.007701 0.000192 0.000348 0.001326 0.003891 0.000106 0.001106 0.002822 0.001618 0.133935 0.002172 0.103762 0.000215 0.000597 0.001036 0.000576 0.000264 0.002474 0.001084 0.004460 0.046891 0.001395
0.886768 0.000596 0.000001 0.000002 0.000009 0.000022 0.000058 0.000016 0.000013 0.000344 0.002569 0.000009 0.000001 0.000023 0.000010 0.000558 0.000105 0.000416 0.000096 0.000339 0.000418 0.001431 0.000001 0.000022 0.000022 0.000779 0.102378 0.000096 0.000539 0.000088 0.002202 0.000065
0.647588 0.000236 0.000017 0.000302 0.000009 0.000799 0.000030 0.000069 0.000061 0.004828 0.000013 0.000182 0.000029 0.000030 0.000953 0.000169 0.000430 0.000019 0.000032 0.013808 0.000202 0.001373 0.000226 0.000066 0.000280 0.000012 0.000031 0.327122 0.000004 0.000813 0.000161 0.000106
0.824730 0.000011 0.000001 0.000006 0.000000 0.000040 0.000002 0.000002 0.000002 0.000942 0.000000 0.000011 0.000001 0.000002 0.000139 0.000013 0.000057 0.000001 0.000001 0.004788 0.000016 0.000136 0.000006 0.000002 0.000052 0.000000 0.000001 0.168964 0.000000 0.000061 0.000011 0.000004
0.240163 0.063294 0.003181 0.007831 0.006903 0.030819 0.007314 0.003379 0.006750 0.004807 0.038274 0.002202 0.001520 0.008130 0.003721 0.001270 0.003982 0.028292 0.005049 0.016779 0.004894 0.061317 0.001891 0.002082 0.014615 0.020179 0.033881 0.004669 0.014347 0.003756 0.350851 0.003858
0.471584 0.010936 0.002534 0.003324 0.000810 0.030632 0.000944 0.000721 0.000347 0.004511 0.023523 0.000644 0.001435 0.007486 0.004619 0.000232 0.001792 0.007123 0.016858 0.024505 0.002955 0.028121 0.000221 0.000947 0.038869 0.002753 0.001997 0.002315 0.003287 0.004365 0.297621 0.001992
0.850658 0.000088 0.000003 0.000007 0.000002 0.000221 0.000016 0.000003 0.000003 0.000014 0.001601 0.000001 0.000000 0.000014 0.000015 0.000000 0.000020 0.000135 0.000002 0.002319 0.000045 0.002038 0.000000 0.000002 0.000058 0.000553 0.000492 0.000017 0.000022 0.000019 0.141630 0.000003
0.672043 0.000152 0.000026 0.000219 0.000445 0.001012 0.000199 0.000031 0.000312 0.001384 0.001590 0.000013 0.000053 0.000274 0.000431 0.000011 0.000119 0.003262 0.000102 0.069872 0.000514 0.107564 0.000014 0.000073 0.000431 0.000653 0.000279 0.001033 0.000213 0.000847 0.136400 0.000427
0.428257 0.000203 0.000137 0.001228 0.001877 0.001328 0.000778 0.000164 0.000558 0.006304 0.001357 0.000198 0.000084 0.000514 0.003186 0.000110 0.001039 0.003895 0.000610 0.231578 0.003609 0.188681 0.000153 0.000507 0.000760 0.001121 0.000336 0.007481 0.000595 0.006471 0.105632 0.001249
