0.712736 0.117166 0.000312 0.001716 0.001779 0.000579 0.026607 0.001807 0.001792 0.004850 0.004746 0.004309 0.000349 0.010260 0.000558 0.002715 0.002596 0.009338 0.013384 0.006262 0.004405 0.006662 0.007398 0.000587 0.003205 0.006667 0.001919 0.001646 0.003151 0.005122 0.033445 0.001932
0.703014 0.107928 0.000318 0.002109 0.002951 0.000895 0.028100 0.002690 0.002240 0.005282 0.006708 0.004952 0.000326 0.007816 0.000720 0.003032 0.002644 0.007831 0.010713 0.007304 0.004851 0.006235 0.011607 0.000736 0.002730 0.008157 0.002775 0.001771 0.006782 0.005702 0.039315 0.001766
0.659536 0.000352 0.000152 0.200852 0.001344 0.098097 0.000136 0.000090 0.000228 0.000271 0.000528 0.000095 0.010585 0.000271 0.000752 0.000149 0.000927 0.000387 0.000460 0.001138 0.001640 0.001323 0.000101 0.000212 0.000961 0.001896 0.002452 0.009913 0.000154 0.001464 0.002516 0.001019
0.874471 0.000077 0.000028 0.116470 0.000394 0.001341 0.000099 0.000040 0.000051 0.000147 0.000146 0.000028 0.000100 0.000048 0.000135 0.000150 0.000467 0.000354 0.000176 0.000412 0.000884 0.000326 0.000066 0.000084 0.000121 0.000306 0.000192 0.000620 0.000113 0.000756 0.001201 0.000195
0.478130 0.004595 0.009063 0.024592 0.213611 0.010194 0.003657 0.002370 0.068930 0.013052 0.008203 0.001749 0.005267 0.005826 0.015001 0.002548 0.010076 0.004792 0.013704 0.010408 0.006278 0.017277 0.001308 0.009065 0.005389 0.004453 0.005610 0.006842 0.004028 0.013243 0.013080 0.007659
0.451101 0.010559 0.001629 0.002026 0.144860 0.001966 0.030221 0.005495 0.120642 0.020216 0.015735 0.013644 0.000401 0.001633 0.002023 0.005268 0.008746 0.006056 0.005352 0.024054 0.007082 0.012672 0.031281 0.005177 0.001247 0.011232 0.013099 0.012277 0.005234 0.007892 0.016824 0.004359
0.140782 0.007455 0.004855 0.009893 0.130199 0.005806 0.015689 0.008031 0.031405 0.068962 0.015695 0.010019 0.001029 0.005257 0.019581 0.005578 0.021921 0.009740 0.008420 0.142142 0.028653 0.087830 0.019841 0.015431 0.003655 0.016494 0.013063 0.025046 0.013048 0.042209 0.062216 0.010056
0.636227 0.007364 0.005892 0.003625 0.125063 0.005687 0.005142 0.002603 0.052442 0.014979 0.013157 0.002752 0.002886 0.004551 0.004006 0.002417 0.005801 0.006154 0.011457 0.007760 0.003722 0.007599 0.002310 0.009375 0.003036 0.008064 0.005378 0.006018 0.010005 0.008397 0.010944 0.005187
0.382142 0.005081 0.013342 0.023756 0.124080 0.032881 0.005873 0.003687 0.007305 0.012808 0.027404 0.002793 0.005832 0.005863 0.020268 0.001330 0.012556 0.008152 0.002484 0.076601 0.018943 0.024527 0.004469 0.004589 0.005652 0.014023 0.015386 0.015326 0.024954 0.015939 0.078631 0.003327
0.210670 0.004848 0.007940 0.015185 0.122232 0.009435 0.006130 0.003575 0.008108 0.029213 0.030132 0.004088 0.002546 0.006517 0.041474 0.002128 0.025778 0.006822 0.002633 0.082415 0.043124 0.041947 0.005598 0.008789 0.004521 0.019665 0.022138 0.028586 0.017214 0.049140 0.131556 0.005853
0.344253 0.007505 0.002075 0.007761 0.119718 0.003068 0.019704 0.005986 0.048268 0.062892 0.012019 0.010278 0.000583 0.002824 0.007535 0.005663 0.020449 0.007772 0.005782 0.074968 0.018143 0.060900 0.024894 0.015204 0.001805 0.011969 0.010223 0.020841 0.006234 0.022714 0.030241 0.007730
0.639117 0.003211 0.009894 0.019610 0.114636 0.021762 0.003209 0.002432 0.030162 0.010486 0.009254 0.002038 0.007418 0.004066 0.007026 0.001941 0.007819 0.003347 0.013291 0.010244 0.004621 0.012930 0.001465 0.007896 0.004280 0.003457 0.004152 0.005012 0.005025 0.011718 0.011991 0.006491
0.539013 0.005116 0.004087 0.009038 0.105012 0.010822 0.003832 0.002475 0.017073 0.010815 0.081644 0.002339 0.007505 0.003344 0.007301 0.000799 0.006601 0.006009 0.001599 0.034026 0.007322 0.014426 0.005415 0.008853 0.003341 0.008672 0.016085 0.005608 0.010544 0.009615 0.048194 0.003474
0.412380 0.004519 0.002085 0.004778 0.101000 0.005980 0.005067 0.003348 0.019367 0.021581 0.065036 0.002874 0.003325 0.002842 0.009599 0.001538 0.010718 0.006452 0.002372 0.077569 0.012769 0.032509 0.007806 0.013762 0.002755 0.013492 0.026315 0.013226 0.016891 0.017060 0.075376 0.005609
0.628645 0.002575 0.011914 0.048648 0.100776 0.032581 0.002654 0.002180 0.026007 0.007526 0.007686 0.001697 0.011049 0.004205 0.008402 0.001909 0.007449 0.003179 0.010879 0.009241 0.004672 0.012897 0.001203 0.006675 0.004357 0.002600 0.004037 0.004192 0.003681 0.010787 0.009709 0.005989
0.674707 0.000490 0.000042 0.101933 0.000229 0.180418 0.000127 0.000111 0.000238 0.000583 0.000484 0.000123 0.004658 0.000124 0.000828 0.000131 0.000323 0.000276 0.000347 0.003183 0.000898 0.003135 0.000158 0.000232 0.000462 0.002966 0.002545 0.014880 0.000204 0.001491 0.002216 0.001459
0.451101 0.010559 0.001629 0.002026 0.144860 0.001966 0.030221 0.005495 0.120642 0.020216 0.015735 0.013644 0.000401 0.001633 0.002023 0.005268 0.008746 0.006056 0.005352 0.024054 0.007082 0.012672 0.031281 0.005177 0.001247 0.011232 0.013099 0.012277 0.005234 0.007892 0.016824 0.004359
0.070827 0.009197 0.001084 0.007587 0.016912 0.002013 0.011839 0.002744 0.003651 0.101961 0.009783 0.003853 0.000628 0.005389 0.019990 0.004154 0.023317 0.006015 0.004260 0.185528 0.083350 0.103038 0.019379 0.010604 0.003487 0.008261 0.006543 0.042301 0.008952 0.071452 0.143259 0.008639
0.343115 0.001836 0.000967 0.007892 0.003711 0.003416 0.003336 0.001161 0.003948 0.024949 0.003529 0.001839 0.000539 0.001915 0.009144 0.001056 0.005585 0.004706 0.001899 0.215250 0.012707 0.228129 0.001450 0.003330 0.002103 0.003165 0.001731 0.024909 0.002112 0.020882 0.055398 0.004289
0.156066 0.003875 0.001733 0.006609 0.027565 0.004794 0.004730 0.003098 0.005450 0.068489 0.015769 0.003032 0.001857 0.004232 0.029410 0.002316 0.024160 0.004309 0.002448 0.203930 0.056661 0.088943 0.012514 0.010244 0.003389 0.010112 0.014804 0.045361 0.015810 0.069079 0.092226 0.006986
0.119785 0.007217 0.001750 0.006599 0.017791 0.002084 0.009585 0.003385 0.003776 0.082777 0.011971 0.004894 0.000990 0.005177 0.030886 0.002898 0.025678 0.004324 0.002949 0.194654 0.096635 0.084116 0.020570 0.010345 0.003854 0.009348 0.010892 0.040693 0.013323 0.076182 0.087895 0.006979
0.114228 0.005883 0.002752 0.008295 0.061850 0.007142 0.006608 0.005114 0.011241 0.051910 0.033659 0.004810 0.002939 0.005429 0.023307 0.002408 0.022031 0.006818 0.003114 0.188797 0.039927 0.088745 0.016133 0.018271 0.004100 0.015172 0.019983 0.042973 0.020806 0.049963 0.106837 0.008756
0.096241 0.007337 0.002427 0.008265 0.029619 0.003811 0.010816 0.004508 0.007238 0.083685 0.012388 0.004728 0.002079 0.007730 0.021274 0.003394 0.019021 0.011099 0.003923 0.186442 0.057608 0.106443 0.020444 0.011890 0.004505 0.015109 0.009391 0.040748 0.014187 0.053856 0.131050 0.008743
0.326250 0.002874 0.003392 0.005682 0.028144 0.009274 0.005473 0.002777 0.005982 0.026356 0.009646 0.002034 0.001843 0.004301 0.016417 0.001283 0.009979 0.015133 0.003184 0.186425 0.019693 0.080961 0.003163 0.004454 0.003332 0.013128 0.005333 0.019408 0.014674 0.020186 0.144620 0.004596
0.173251 0.008696 0.003193 0.007342 0.034978 0.011705 0.010822 0.005824 0.010965 0.058593 0.021188 0.005067 0.005498 0.008401 0.018042 0.003884 0.025940 0.009606 0.010728 0.185759 0.051699 0.090777 0.008313 0.007429 0.007544 0.009976 0.008672 0.023562 0.014209 0.039797 0.109169 0.009369
0.070827 0.009197 0.001084 0.007587 0.016912 0.002013 0.011839 0.002744 0.003651 0.101961 0.009783 0.003853 0.000628 0.005389 0.019990 0.004154 0.023317 0.006015 0.004260 0.185528 0.083350 0.103038 0.019379 0.010604 0.003487 0.008261 0.006543 0.042301 0.008952 0.071452 0.143259 0.008639
0.284345 0.002581 0.001440 0.006467 0.031356 0.003890 0.002698 0.001998 0.004149 0.057244 0.017639 0.001980 0.001329 0.002617 0.032169 0.001563 0.021899 0.002612 0.001551 0.183647 0.047167 0.072594 0.006925 0.008397 0.002420 0.006490 0.015298 0.033986 0.013364 0.057133 0.067987 0.005063
0.313313 0.002896 0.001262 0.005283 0.032100 0.003715 0.002808 0.001971 0.004290 0.057366 0.017700 0.002029 0.001148 0.002267 0.028371 0.001715 0.020382 0.002632 0.001597 0.175074 0.043902 0.068484 0.008149 0.008220 0.002045 0.006269 0.015501 0.035380 0.013974 0.053479 0.061833 0.004844
0.125044 0.012666 0.003638 0.008843 0.040075 0.008012 0.018837 0.009745 0.013704 0.076270 0.022252 0.009193 0.003345 0.008875 0.020051 0.006765 0.027978 0.011408 0.009119 0.173404 0.055077 0.079217 0.023369 0.012591 0.006478 0.013196 0.009872 0.029751 0.015422 0.043716 0.090588 0.011499
0.217965 0.003374 0.001828 0.006509 0.035467 0.004605 0.004033 0.002637 0.005219 0.062866 0.017789 0.002573 0.001578 0.003842 0.034712 0.002061 0.024259 0.003858 0.002056 0.173239 0.053565 0.077371 0.009143 0.009695 0.003111 0.010087 0.016876 0.039975 0.016871 0.064159 0.082585 0.006093
0.104712 0.012544 0.004106 0.009680 0.043218 0.008365 0.017814 0.009478 0.013120 0.073691 0.022227 0.009497 0.004004 0.009728 0.021262 0.005866 0.027954 0.012939 0.008858 0.172640 0.053435 0.081185 0.023804 0.013091 0.006796 0.014664 0.009900 0.031712 0.015635 0.042067 0.103673 0.012336
0.097512 0.008451 0.003819 0.009823 0.035902 0.007055 0.011522 0.007214 0.011634 0.062432 0.021224 0.006786 0.004927 0.010887 0.026508 0.003707 0.024110 0.012754 0.004210 0.171781 0.050789 0.078728 0.020412 0.014871 0.007150 0.023328 0.013302 0.040772 0.019215 0.057871 0.121458 0.009844
0.485531 0.000522 0.000565 0.005369 0.005852 0.003199 0.001401 0.000597 0.000675 0.020474 0.002379 0.000561 0.000259 0.001442 0.016669 0.000453 0.004212 0.003598 0.001429 0.168802 0.010685 0.160015 0.000798 0.002828 0.001816 0.002434 0.001098 0.011358 0.003013 0.019771 0.059386 0.002806
0.349123 0.002703 0.001528 0.005386 0.030331 0.004154 0.002648 0.001902 0.003874 0.057045 0.016153 0.002199 0.001039 0.002306 0.030790 0.001706 0.019684 0.002434 0.001630 0.167465 0.041061 0.057327 0.007209 0.007851 0.002240 0.006075 0.013762 0.037032 0.012026 0.053062 0.053565 0.004692
0.209116 0.011942 0.004580 0.010532 0.036187 0.011458 0.015678 0.009174 0.017257 0.061301 0.023494 0.007886 0.005655 0.009285 0.018382 0.006341 0.025782 0.012442 0.010711 0.157779 0.044568 0.070592 0.014547 0.009884 0.008132 0.012762 0.010608 0.025668 0.015380 0.035622 0.076997 0.010257
0.100777 0.008980 0.003880 0.009321 0.068702 0.009664 0.009549 0.006979 0.012988 0.048971 0.038521 0.006133 0.005008 0.008745 0.020048 0.003003 0.020896 0.011369 0.003921 0.156876 0.039319 0.078257 0.017858 0.017768 0.005254 0.021772 0.016950 0.036819 0.023878 0.046534 0.131983 0.009274
0.128287 0.010062 0.003826 0.008855 0.032394 0.003974 0.014355 0.006101 0.010826 0.072080 0.014264 0.005829 0.004171 0.014445 0.020313 0.003379 0.020837 0.018105 0.004131 0.155066 0.048763 0.078917 0.023401 0.011360 0.006794 0.023394 0.010310 0.034627 0.016816 0.048424 0.137455 0.008441
0.265655 0.004192 0.002420 0.006834 0.043295 0.003672 0.004624 0.002824 0.005786 0.054893 0.020590 0.003126 0.001426 0.003749 0.035955 0.002161 0.024856 0.003440 0.001895 0.150882 0.059123 0.057941 0.009983 0.008180 0.002964 0.009284 0.019296 0.036050 0.017682 0.055143 0.076827 0.005252
0.413991 0.002497 0.004009 0.010078 0.022962 0.014812 0.005283 0.002887 0.002846 0.020963 0.013326 0.002176 0.001823 0.005105 0.022998 0.001352 0.008323 0.011247 0.003127 0.150364 0.015218 0.065431 0.002917 0.007500 0.003899 0.012355 0.005777 0.015574 0.020060 0.027808 0.097705 0.005587
0.054394 0.011421 0.004234 0.011228 0.047608 0.008630 0.014510 0.008563 0.012266 0.065227 0.024272 0.008437 0.004097 0.010820 0.024350 0.004133 0.024112 0.014557 0.004751 0.149006 0.049439 0.081608 0.029155 0.018488 0.006511 0.025406 0.012263 0.045738 0.021141 0.051970 0.140306 0.011360
0.172569 0.009321 0.003968 0.011374 0.039078 0.007719 0.012356 0.007628 0.016417 0.049476 0.022818 0.006679 0.006271 0.011832 0.022969 0.003980 0.023082 0.012711 0.004028 0.146896 0.040801 0.070570 0.018535 0.013907 0.007598 0.028618 0.016296 0.035268 0.020161 0.049518 0.098523 0.009033
0.125828 0.008370 0.004409 0.010325 0.070740 0.006477 0.010895 0.007228 0.014656 0.056230 0.029664 0.007843 0.003106 0.008349 0.027514 0.003606 0.027866 0.008997 0.003693 0.145153 0.045090 0.067803 0.024113 0.019182 0.004985 0.020637 0.017501 0.040516 0.022314 0.050894 0.096695 0.009322
0.350326 0.002520 0.007198 0.015413 0.037022 0.016152 0.005652 0.003366 0.003227 0.022253 0.014181 0.003137 0.001616 0.006290 0.034171 0.001421 0.013512 0.009365 0.003405 0.143379 0.017718 0.073604 0.004104 0.010662 0.004256 0.012770 0.006098 0.017870 0.019143 0.035418 0.097611 0.007141
0.428859 0.001295 0.002628 0.005588 0.011259 0.008194 0.002300 0.001163 0.001233 0.057618 0.015024 0.001146 0.000965 0.002316 0.039404 0.001496 0.015440 0.001192 0.003076 0.143298 0.028057 0.083388 0.001513 0.005838 0.003227 0.003742 0.004915 0.021895 0.012416 0.047887 0.039563 0.004064
0.265805 0.004530 0.002419 0.008823 0.036537 0.005573 0.004375 0.002843 0.005175 0.067726 0.019726 0.003142 0.001653 0.004082 0.034552 0.002384 0.025443 0.003363 0.002185 0.143220 0.051079 0.063958 0.011918 0.009976 0.003047 0.008403 0.014968 0.040248 0.016095 0.059981 0.070781 0.005991
0.447026 0.001837 0.000913 0.003748 0.014463 0.003966 0.003031 0.002088 0.006580 0.024047 0.018597 0.001185 0.001243 0.001980 0.014328 0.001577 0.015088 0.005609 0.002408 0.142753 0.021621 0.076945 0.002566 0.003853 0.002750 0.012459 0.009352 0.017034 0.012533 0.036574 0.086933 0.004913
0.140782 0.007455 0.004855 0.009893 0.130199 0.005806 0.015689 0.008031 0.031405 0.068962 0.015695 0.010019 0.001029 0.005257 0.019581 0.005578 0.021921 0.009740 0.008420 0.142142 0.028653 0.087830 0.019841 0.015431 0.003655 0.016494 0.013063 0.025046 0.013048 0.042209 0.062216 0.010056
0.295804 0.001692 0.001095 0.004395 0.068730 0.002984 0.001692 0.001263 0.003612 0.057362 0.021561 0.001167 0.000737 0.001486 0.015567 0.001196 0.021393 0.002717 0.001772 0.140536 0.033510 0.086359 0.006147 0.009915 0.001303 0.005029 0.013448 0.041613 0.010337 0.044435 0.095720 0.005425
0.503919 0.001471 0.002690 0.005661 0.020438 0.008272 0.003001 0.001934 0.001917 0.016325 0.010412 0.001440 0.001106 0.002948 0.020238 0.000783 0.007424 0.007403 0.001528 0.138775 0.012593 0.051926 0.001740 0.005167 0.002489 0.011122 0.006387 0.014360 0.015318 0.025193 0.092157 0.003861
0.423971 0.002514 0.001411 0.006238 0.033108 0.004209 0.002481 0.001874 0.003977 0.040681 0.018642 0.001655 0.001128 0.002438 0.032530 0.001291 0.017067 0.002438 0.001225 0.137454 0.034103 0.047579 0.004482 0.006309 0.002383 0.007172 0.016109 0.029185 0.012435 0.041756 0.057969 0.004186
0.456526 0.001249 0.001923 0.017524 0.014119 0.012564 0.002869 0.001560 0.001386 0.020863 0.005446 0.001136 0.001426 0.003930 0.028823 0.001348 0.008010 0.006355 0.004430 0.137227 0.019790 0.122575 0.001571 0.004353 0.005038 0.004310 0.001773 0.009698 0.007843 0.028307 0.061645 0.004384
0.462182 0.001277 0.001962 0.020145 0.014839 0.013866 0.002994 0.001629 0.001395 0.019514 0.005655 0.001154 0.001602 0.004034 0.029268 0.001452 0.008311 0.006514 0.004653 0.133993 0.020581 0.114268 0.001586 0.004428 0.005356 0.004518 0.001791 0.009176 0.008149 0.028625 0.060625 0.004454
0.096906 0.023857 0.002220 0.008354 0.023565 0.002941 0.024489 0.005142 0.005494 0.055839 0.022382 0.009562 0.001065 0.009254 0.019780 0.004769 0.026361 0.007813 0.003858 0.132492 0.078006 0.078814 0.038687 0.015034 0.005113 0.019377 0.013359 0.041715 0.012642 0.060806 0.142684 0.007622
0.353335 0.002259 0.008037 0.031216 0.039778 0.014058 0.005054 0.002960 0.002975 0.025418 0.010048 0.003398 0.001486 0.006385 0.044569 0.001589 0.017682 0.005546 0.004995 0.130576 0.018664 0.104360 0.004210 0.010325 0.005587 0.006161 0.002981 0.017019 0.008891 0.038796 0.064058 0.007583
0.529607 0.000434 0.000649 0.004921 0.005904 0.002427 0.001113 0.000595 0.000654 0.019969 0.002062 0.000489 0.000214 0.001511 0.021941 0.000417 0.005200 0.003061 0.001359 0.127784 0.011848 0.152080 0.000738 0.002477 0.001948 0.001935 0.001027 0.009266 0.002940 0.023757 0.059192 0.002481
0.321247 0.003290 0.006359 0.019661 0.028985 0.020979 0.007865 0.004925 0.003973 0.033917 0.019229 0.004907 0.003141 0.007019 0.041475 0.002019 0.018023 0.007152 0.006125 0.126615 0.020689 0.071478 0.006721 0.015006 0.005694 0.011571 0.005689 0.022804 0.018843 0.044947 0.079276 0.010377
0.347787 0.002644 0.009405 0.034971 0.042509 0.017939 0.005687 0.003506 0.003358 0.026096 0.011597 0.003846 0.002001 0.007128 0.044415 0.001784 0.017401 0.005890 0.005885 0.124337 0.019042 0.096072 0.004671 0.011193 0.006184 0.006736 0.003176 0.016603 0.010301 0.038294 0.061454 0.008089
0.361998 0.001926 0.001252 0.003328 0.066695 0.002513 0.002242 0.001480 0.003892 0.046009 0.024920 0.001475 0.000609 0.001839 0.016731 0.001113 0.023720 0.002752 0.001444 0.124330 0.032785 0.061625 0.005883 0.009584 0.001564 0.005297 0.014567 0.036969 0.009708 0.039782 0.086907 0.005059
0.401359 0.002550 0.001665 0.006879 0.027208 0.002824 0.002985 0.001990 0.004884 0.042485 0.012395 0.002158 0.001222 0.002272 0.035784 0.001621 0.026389 0.002283 0.001445 0.123985 0.064972 0.055501 0.005954 0.006301 0.002092 0.005795 0.015655 0.028571 0.010754 0.051295 0.043917 0.004808
0.508539 0.002948 0.002414 0.003604 0.009425 0.015216 0.002115 0.001114 0.004725 0.016394 0.013587 0.000953 0.011271 0.005060 0.007518 0.001069 0.011180 0.006162 0.006082 0.123650 0.016625 0.060208 0.000898 0.001676 0.006544 0.002862 0.003407 0.016733 0.005144 0.020689 0.108807 0.003378
0.788781 0.000092 0.000074 0.000159 0.000082 0.000206 0.000093 0.000062 0.002101 0.002222 0.000448 0.000015 0.000138 0.000162 0.002305 0.000035 0.000885 0.000712 0.000138 0.122792 0.002293 0.041018 0.000022 0.000119 0.001761 0.000624 0.000731 0.000883 0.000094 0.004223 0.025354 0.001377
0.085574 0.007773 0.003726 0.007831 0.076133 0.006336 0.013522 0.004993 0.005111 0.046364 0.025133 0.006504 0.001961 0.009334 0.018926 0.002333 0.021193 0.012094 0.003886 0.121851 0.045228 0.062840 0.019167 0.016425 0.005402 0.035381 0.016689 0.040014 0.018956 0.046853 0.202824 0.009644
0.199151 0.018691 0.004027 0.035650 0.036700 0.018908 0.014862 0.009281 0.017543 0.051335 0.028652 0.006580 0.012475 0.009970 0.017621 0.007009 0.027675 0.007391 0.024959 0.120455 0.055319 0.069232 0.011991 0.012404 0.011157 0.010021 0.009377 0.019897 0.013571 0.038847 0.062179 0.017072
0.500720 0.001702 0.000515 0.003326 0.079052 0.001924 0.004177 0.001517 0.010743 0.027762 0.017144 0.001518 0.000751 0.001108 0.007651 0.000972 0.006170 0.004251 0.003499 0.120097 0.013397 0.065615 0.003586 0.007647 0.001847 0.011789 0.011846 0.012009 0.004178 0.015242 0.052060 0.006182
0.491439 0.002221 0.001328 0.005862 0.029542 0.003217 0.001849 0.001341 0.003364 0.039007 0.016595 0.001311 0.000883 0.001762 0.028286 0.001058 0.015772 0.001559 0.001008 0.118642 0.033984 0.044159 0.003729 0.004922 0.001692 0.004799 0.013792 0.026873 0.010614 0.037236 0.048758 0.003397
0.468124 0.001669 0.005662 0.012798 0.040105 0.010980 0.003008 0.001936 0.001948 0.017574 0.011815 0.001832 0.001241 0.003318 0.036892 0.000816 0.013150 0.005125 0.001949 0.114776 0.016592 0.049622 0.002252 0.004784 0.003107 0.009360 0.007463 0.015674 0.014612 0.031656 0.086021 0.004142
0.379664 0.004680 0.000405 0.003519 0.020801 0.001514 0.007391 0.001900 0.028387 0.061970 0.004297 0.001233 0.000961 0.003186 0.011933 0.001955 0.010271 0.004613 0.012774 0.114466 0.013273 0.192306 0.004207 0.004854 0.007795 0.007659 0.002236 0.014424 0.002405 0.036193 0.029681 0.009047
0.168746 0.006072 0.002499 0.005830 0.099390 0.005410 0.009430 0.003450 0.005011 0.031951 0.046075 0.004360 0.002036 0.005759 0.017280 0.001500 0.013359 0.009468 0.003487 0.113882 0.029753 0.048173 0.008362 0.012634 0.005607 0.026832 0.018569 0.025343 0.013434 0.034985 0.213791 0.007526
0.271881 0.005161 0.004629 0.011337 0.053624 0.007504 0.005889 0.003976 0.009152 0.042542 0.022827 0.003994 0.002982 0.006504 0.031905 0.002612 0.025914 0.007239 0.002528 0.113693 0.042096 0.057708 0.006642 0.009439 0.004283 0.016016 0.018651 0.034964 0.016256 0.051547 0.099688 0.006817
0.308193 0.003019 0.004587 0.009152 0.047602 0.006827 0.004130 0.003183 0.005929 0.033219 0.023543 0.003324 0.002010 0.004745 0.037307 0.001818 0.024538 0.005639 0.002499 0.113173 0.029964 0.052233 0.004051 0.006636 0.004272 0.013980 0.017400 0.031058 0.013749 0.049917 0.125837 0.006465
0.291592 0.002748 0.006085 0.026202 0.032176 0.011124 0.006504 0.003884 0.002384 0.037975 0.011095 0.005478 0.001780 0.007223 0.059162 0.002223 0.029888 0.004759 0.008490 0.112245 0.029209 0.100641 0.006465 0.015381 0.007903 0.006640 0.003335 0.023484 0.008421 0.051415 0.072329 0.011761
0.550735 0.002128 0.002664 0.011585 0.020373 0.015885 0.004479 0.002678 0.002054 0.016289 0.012103 0.001416 0.001819 0.004149 0.017031 0.001397 0.006507 0.009053 0.003545 0.109972 0.014512 0.048749 0.002596 0.004917 0.003785 0.008667 0.004204 0.007218 0.023510 0.021600 0.060623 0.003758
0.255062 0.003203 0.006885 0.026715 0.038917 0.016009 0.008283 0.005499 0.002860 0.044856 0.015941 0.006345 0.003066 0.008840 0.062148 0.003011 0.030511 0.004760 0.012214 0.106650 0.032688 0.086445 0.007192 0.020359 0.009435 0.007711 0.003330 0.021448 0.011569 0.058423 0.065886 0.013741
0.550075 0.001097 0.003239 0.009722 0.029477 0.008124 0.001992 0.001385 0.001135 0.016672 0.009781 0.001229 0.000842 0.002183 0.030039 0.000468 0.011425 0.003663 0.001137 0.106588 0.016385 0.039971 0.001715 0.003078 0.001970 0.006738 0.005595 0.012854 0.010343 0.030882 0.077604 0.002592
0.572395 0.001713 0.001590 0.002212 0.017301 0.003115 0.002725 0.001513 0.001523 0.023846 0.008855 0.001146 0.000394 0.002362 0.015129 0.000575 0.006557 0.004786 0.001249 0.105465 0.012664 0.047025 0.002710 0.004839 0.001822 0.007150 0.004538 0.010225 0.019062 0.026284 0.086372 0.002858
0.363441 0.003407 0.005914 0.009238 0.051433 0.011806 0.006383 0.005053 0.006457 0.030495 0.018284 0.004262 0.002319 0.006474 0.023357 0.001717 0.015686 0.014341 0.002487 0.101490 0.018206 0.039001 0.005430 0.011243 0.003435 0.028496 0.015670 0.027380 0.020304 0.036048 0.104230 0.006511
0.485605 0.002714 0.007406 0.020809 0.067252 0.018702 0.003904 0.002555 0.003935 0.013886 0.015418 0.002209 0.002312 0.003711 0.025433 0.000975 0.015370 0.005177 0.002122 0.100151 0.016496 0.035460 0.003437 0.003568 0.004021 0.008066 0.008255 0.017920 0.014644 0.019988 0.065164 0.003336
0.343115 0.001836 0.000967 0.007892 0.003711 0.003416 0.003336 0.001161 0.003948 0.024949 0.003529 0.001839 0.000539 0.001915 0.009144 0.001056 0.005585 0.004706 0.001899 0.215250 0.012707 0.228129 0.001450 0.003330 0.002103 0.003165 0.001731 0.024909 0.002112 0.020882 0.055398 0.004289
0.327006 0.008707 0.001654 0.011303 0.028647 0.004129 0.006401 0.002751 0.022534 0.054890 0.003785 0.001901 0.002083 0.006977 0.023374 0.002520 0.011078 0.006780 0.009620 0.091751 0.013863 0.223396 0.007328 0.007154 0.016793 0.005721 0.002491 0.024341 0.002460 0.035823 0.022017 0.010723
0.379664 0.004680 0.000405 0.003519 0.020801 0.001514 0.007391 0.001900 0.028387 0.061970 0.004297 0.001233 0.000961 0.003186 0.011933 0.001955 0.010271 0.004613 0.012774 0.114466 0.013273 0.192306 0.004207 0.004854 0.007795 0.007659 0.002236 0.014424 0.002405 0.036193 0.029681 0.009047
0.485531 0.000522 0.000565 0.005369 0.005852 0.003199 0.001401 0.000597 0.000675 0.020474 0.002379 0.000561 0.000259 0.001442 0.016669 0.000453 0.004212 0.003598 0.001429 0.168802 0.010685 0.160015 0.000798 0.002828 0.001816 0.002434 0.001098 0.011358 0.003013 0.019771 0.059386 0.002806
0.529607 0.000434 0.000649 0.004921 0.005904 0.002427 0.001113 0.000595 0.000654 0.019969 0.002062 0.000489 0.000214 0.001511 0.021941 0.000417 0.005200 0.003061 0.001359 0.127784 0.011848 0.152080 0.000738 0.002477 0.001948 0.001935 0.001027 0.009266 0.002940 0.023757 0.059192 0.002481
0.456526 0.001249 0.001923 0.017524 0.014119 0.012564 0.002869 0.001560 0.001386 0.020863 0.005446 0.001136 0.001426 0.003930 0.028823 0.001348 0.008010 0.006355 0.004430 0.137227 0.019790 0.122575 0.001571 0.004353 0.005038 0.004310 0.001773 0.009698 0.007843 0.028307 0.061645 0.004384
0.462182 0.001277 0.001962 0.020145 0.014839 0.013866 0.002994 0.001629 0.001395 0.019514 0.005655 0.001154 0.001602 0.004034 0.029268 0.001452 0.008311 0.006514 0.004653 0.133993 0.020581 0.114268 0.001586 0.004428 0.005356 0.004518 0.001791 0.009176 0.008149 0.028625 0.060625 0.004454
0.096241 0.007337 0.002427 0.008265 0.029619 0.003811 0.010816 0.004508 0.007238 0.083685 0.012388 0.004728 0.002079 0.007730 0.021274 0.003394 0.019021 0.011099 0.003923 0.186442 0.057608 0.106443 0.020444 0.011890 0.004505 0.015109 0.009391 0.040748 0.014187 0.053856 0.131050 0.008743
0.353335 0.002259 0.008037 0.031216 0.039778 0.014058 0.005054 0.002960 0.002975 0.025418 0.010048 0.003398 0.001486 0.006385 0.044569 0.001589 0.017682 0.005546 0.004995 0.130576 0.018664 0.104360 0.004210 0.010325 0.005587 0.006161 0.002981 0.017019 0.008891 0.038796 0.064058 0.007583
0.070827 0.009197 0.001084 0.007587 0.016912 0.002013 0.011839 0.002744 0.003651 0.101961 0.009783 0.003853 0.000628 0.005389 0.019990 0.004154 0.023317 0.006015 0.004260 0.185528 0.083350 0.103038 0.019379 0.010604 0.003487 0.008261 0.006543 0.042301 0.008952 0.071452 0.143259 0.008639
0.291592 0.002748 0.006085 0.026202 0.032176 0.011124 0.006504 0.003884 0.002384 0.037975 0.011095 0.005478 0.001780 0.007223 0.059162 0.002223 0.029888 0.004759 0.008490 0.112245 0.029209 0.100641 0.006465 0.015381 0.007903 0.006640 0.003335 0.023484 0.008421 0.051415 0.072329 0.011761
0.168746 0.006072 0.002499 0.005830 0.099390 0.005410 0.009430 0.003450 0.005011 0.031951 0.046075 0.004360 0.002036 0.005759 0.017280 0.001500 0.013359 0.009468 0.003487 0.113882 0.029753 0.048173 0.008362 0.012634 0.005607 0.026832 0.018569 0.025343 0.013434 0.034985 0.213791 0.007526
0.085574 0.007773 0.003726 0.007831 0.076133 0.006336 0.013522 0.004993 0.005111 0.046364 0.025133 0.006504 0.001961 0.009334 0.018926 0.002333 0.021193 0.012094 0.003886 0.121851 0.045228 0.062840 0.019167 0.016425 0.005402 0.035381 0.016689 0.040014 0.018956 0.046853 0.202824 0.009644
0.354109 0.009352 0.003583 0.012728 0.055630 0.007063 0.005066 0.002047 0.005153 0.016302 0.050165 0.002908 0.002572 0.005219 0.015456 0.001146 0.013897 0.004361 0.002008 0.077732 0.035892 0.043080 0.005348 0.007828 0.007028 0.012283 0.011715 0.014845 0.007116 0.028954 0.174591 0.004824
0.068017 0.010927 0.003649 0.006829 0.038510 0.004904 0.014238 0.006379 0.008359 0.070889 0.017403 0.006233 0.003381 0.012428 0.022804 0.003279 0.021537 0.015408 0.004102 0.159864 0.059015 0.077109 0.020923 0.012469 0.006216 0.023510 0.010526 0.036405 0.021000 0.055168 0.169350 0.009170
0.551614 0.012979 0.001976 0.020856 0.021804 0.004794 0.009725 0.001770 0.003146 0.006850 0.055602 0.002450 0.000577 0.002713 0.005088 0.001294 0.006346 0.008048 0.000949 0.026313 0.011330 0.015726 0.005456 0.002321 0.004997 0.021850 0.023473 0.004514 0.007154 0.007773 0.148721 0.001789
0.326250 0.002874 0.003392 0.005682 0.028144 0.009274 0.005473 0.002777 0.005982 0.026356 0.009646 0.002034 0.001843 0.004301 0.016417 0.001283 0.009979 0.015133 0.003184 0.186425 0.019693 0.080961 0.003163 0.004454 0.003332 0.013128 0.005333 0.019408 0.014674 0.020186 0.144620 0.004596
0.070827 0.009197 0.001084 0.007587 0.016912 0.002013 0.011839 0.002744 0.003651 0.101961 0.009783 0.003853 0.000628 0.005389 0.019990 0.004154 0.023317 0.006015 0.004260 0.185528 0.083350 0.103038 0.019379 0.010604 0.003487 0.008261 0.006543 0.042301 0.008952 0.071452 0.143259 0.008639
0.096906 0.023857 0.002220 0.008354 0.023565 0.002941 0.024489 0.005142 0.005494 0.055839 0.022382 0.009562 0.001065 0.009254 0.019780 0.004769 0.026361 0.007813 0.003858 0.132492 0.078006 0.078814 0.038687 0.015034 0.005113 0.019377 0.013359 0.041715 0.012642 0.060806 0.142684 0.007622
0.054394 0.011421 0.004234 0.011228 0.047608 0.008630 0.014510 0.008563 0.012266 0.065227 0.024272 0.008437 0.004097 0.010820 0.024350 0.004133 0.024112 0.014557 0.004751 0.149006 0.049439 0.081608 0.029155 0.018488 0.006511 0.025406 0.012263 0.045738 0.021141 0.051970 0.140306 0.011360
0.128287 0.010062 0.003826 0.008855 0.032394 0.003974 0.014355 0.006101 0.010826 0.072080 0.014264 0.005829 0.004171 0.014445 0.020313 0.003379 0.020837 0.018105 0.004131 0.155066 0.048763 0.078917 0.023401 0.011360 0.006794 0.023394 0.010310 0.034627 0.016816 0.048424 0.137455 0.008441
0.071480 0.011663 0.003223 0.010803 0.037771 0.004613 0.018307 0.007667 0.010213 0.076160 0.014847 0.008542 0.002823 0.010399 0.023223 0.004238 0.023089 0.015414 0.004468 0.157448 0.056702 0.085818 0.033823 0.014629 0.005791 0.022949 0.009602 0.041770 0.016493 0.051548 0.133629 0.010854
0.100777 0.008980 0.003880 0.009321 0.068702 0.009664 0.009549 0.006979 0.012988 0.048971 0.038521 0.006133 0.005008 0.008745 0.020048 0.003003 0.020896 0.011369 0.003921 0.156876 0.039319 0.078257 0.017858 0.017768 0.005254 0.021772 0.016950 0.036819 0.023878 0.046534 0.131983 0.009274
0.210670 0.004848 0.007940 0.015185 0.122232 0.009435 0.006130 0.003575 0.008108 0.029213 0.030132 0.004088 0.002546 0.006517 0.041474 0.002128 0.025778 0.006822 0.002633 0.082415 0.043124 0.041947 0.005598 0.008789 0.004521 0.019665 0.022138 0.028586 0.017214 0.049140 0.131556 0.005853
0.096241 0.007337 0.002427 0.008265 0.029619 0.003811 0.010816 0.004508 0.007238 0.083685 0.012388 0.004728 0.002079 0.007730 0.021274 0.003394 0.019021 0.011099 0.003923 0.186442 0.057608 0.106443 0.020444 0.011890 0.004505 0.015109 0.009391 0.040748 0.014187 0.053856 0.131050 0.008743
0.308193 0.003019 0.004587 0.009152 0.047602 0.006827 0.004130 0.003183 0.005929 0.033219 0.023543 0.003324 0.002010 0.004745 0.037307 0.001818 0.024538 0.005639 0.002499 0.113173 0.029964 0.052233 0.004051 0.006636 0.004272 0.013980 0.017400 0.031058 0.013749 0.049917 0.125837 0.006465
0.327674 0.009247 0.004751 0.027891 0.074694 0.011974 0.006400 0.002626 0.004251 0.025700 0.043107 0.003552 0.001715 0.004889 0.035657 0.002087 0.018076 0.003860 0.002136 0.057021 0.035823 0.035966 0.012669 0.010464 0.005114 0.011685 0.020161 0.023085 0.013859 0.036179 0.122874 0.004815
0.097512 0.008451 0.003819 0.009823 0.035902 0.007055 0.011522 0.007214 0.011634 0.062432 0.021224 0.006786 0.004927 0.010887 0.026508 0.003707 0.024110 0.012754 0.004210 0.171781 0.050789 0.078728 0.020412 0.014871 0.007150 0.023328 0.013302 0.040772 0.019215 0.057871 0.121458 0.009844
0.604701 0.033298 0.001087 0.004637 0.001956 0.004829 0.016517 0.002324 0.002795 0.005766 0.008162 0.002422 0.002151 0.014083 0.002088 0.003856 0.014587 0.015633 0.011971 0.011739 0.026226 0.017474 0.004127 0.001279 0.004973 0.013572 0.008719 0.003784 0.006496 0.025347 0.120236 0.003166
0.107516 0.012920 0.004485 0.009545 0.042650 0.008841 0.017605 0.009358 0.013517 0.069911 0.022785 0.009284 0.004412 0.010103 0.020275 0.005509 0.026321 0.014227 0.008551 0.172166 0.051831 0.080680 0.022593 0.012132 0.006979 0.015337 0.010182 0.031209 0.016573 0.040031 0.110757 0.011717
0.508539 0.002948 0.002414 0.003604 0.009425 0.015216 0.002115 0.001114 0.004725 0.016394 0.013587 0.000953 0.011271 0.005060 0.007518 0.001069 0.011180 0.006162 0.006082 0.123650 0.016625 0.060208 0.000898 0.001676 0.006544 0.002862 0.003407 0.016733 0.005144 0.020689 0.108807 0.003378
0.114228 0.005883 0.002752 0.008295 0.061850 0.007142 0.006608 0.005114 0.011241 0.051910 0.033659 0.004810 0.002939 0.005429 0.023307 0.002408 0.022031 0.006818 0.003114 0.188797 0.039927 0.088745 0.016133 0.018271 0.004100 0.015172 0.019983 0.042973 0.020806 0.049963 0.106837 0.008756
0.439416 0.002160 0.006209 0.006888 0.050391 0.010701 0.004338 0.003844 0.005807 0.020372 0.025404 0.002885 0.001846 0.004534 0.018936 0.001096 0.012709 0.010653 0.001947 0.087630 0.013322 0.032047 0.003096 0.008292 0.002554 0.026602 0.017723 0.017984 0.019418 0.029649 0.105814 0.005734
0.363441 0.003407 0.005914 0.009238 0.051433 0.011806 0.006383 0.005053 0.006457 0.030495 0.018284 0.004262 0.002319 0.006474 0.023357 0.001717 0.015686 0.014341 0.002487 0.101490 0.018206 0.039001 0.005430 0.011243 0.003435 0.028496 0.015670 0.027380 0.020304 0.036048 0.104230 0.006511
0.336211 0.003189 0.009478 0.012743 0.051671 0.014743 0.006399 0.003966 0.003959 0.023172 0.017623 0.003637 0.001924 0.006987 0.033080 0.001531 0.015571 0.010588 0.003349 0.125385 0.017337 0.060153 0.004786 0.011237 0.004337 0.016300 0.009039 0.018981 0.025070 0.036593 0.103309 0.007651
0.815159 0.000102 0.000060 0.000107 0.000076 0.000268 0.000057 0.000040 0.000160 0.000809 0.000872 0.000007 0.000085 0.000189 0.001876 0.000029 0.001594 0.000510 0.000126 0.029106 0.001861 0.038156 0.000014 0.000257 0.001594 0.000567 0.000481 0.000487 0.000136 0.004646 0.100049 0.000520
