chair 216 0 307 68 0.923853 0.063769
chair 339 334 546 440 0.561396 0.373766
chair 377 323 484 342 0.531274 0.422199
chair 277 51 495 405 0.370308 0.478658
chair 447 323 469 338 0.280219 0.622890
chair 514 435 521 440 0.276159 0.237658
chair 367 321 387 344 0.204551 0.758583
chair 379 325 383 328 0.174109 0.823125
chair 363 409 535 440 0.163112 0.293751
chair 378 325 398 328 0.113683 0.885392
chair 374 331 376 335 0.112581 0.879182
sofa 247 51 521 435 0.252694 0.671823
sofa 273 227 477 368 0.107088 0.478336
table 298 5 489 122 0.94938 0.019883
table 56 31 293 423 0.229448 0.609789
table 324 0 425 72 0.121633 0.852400
picture 334 1 384 16 0.235969 0.723049
picture 346 0 369 10 0.148705 0.809102
picture 367 1 383 6 0.146728 0.812216
picture 366 5 382 16 0.110129 0.768237
desk 300 6 488 92 0.131522 0.154382
tv 87 0 95 2 0.365383 0.566201
paper 181 81 231 117 0.827915 0.125344
paper 206 78 224 89 0.705359 0.271609
paper 414 39 443 44 0.688638 0.285418
paper 412 16 439 24 0.479821 0.504297
paper 411 17 420 21 0.406771 0.582866
paper 406 8 412 18 0.256443 0.736129
paper 397 3 439 24 0.229146 0.745323
paper 113 336 124 352 0.211142 0.213944
paper 4 366 31 385 0.202455 0.206310
paper 288 396 304 440 0.193644 0.201051
paper 216 366 223 383 0.175994 0.125018
paper 294 368 336 421 0.172053 0.346510
paper 2 414 63 440 0.155233 0.149205
paper 5 351 95 401 0.152589 0.301863
paper 305 397 353 431 0.135998 0.472626
paper 188 18 193 28 0.114781 0.675940
box 511 410 514 412 0.158858 0.587474
box 302 407 354 439 0.154566 0.262445
box 348 432 352 436 0.13143 0.727878
box 2 413 64 440 0.120103 0.149205
box 363 431 366 440 0.115572 0.662783
box 4 365 32 384 0.113465 0.206310
box 188 18 194 28 0.102894 0.675940
lamp 306 4 333 46 0.148104 0.837245
bag 379 412 518 440 0.113779 0.293751
bag 492 419 520 440 0.108457 0.518669
bag 504 428 514 440 0.107005 0.373836
garbage_bin 510 410 515 413 0.19864 0.587474
garbage_bin 291 363 337 420 0.19281 0.346510
garbage_bin 300 397 355 430 0.152208 0.472626
garbage_bin 7 347 96 402 0.141841 0.301863
garbage_bin 503 384 513 418 0.129821 0.802860
garbage_bin 287 395 304 440 0.116404 0.201051
garbage_bin 5 41 134 339 0.11631 0.190816
garbage_bin 113 335 124 352 0.114959 0.213944
garbage_bin 216 365 224 383 0.11479 0.125018
