0.615959 0.193010 0.000084 0.002890 0.002120 0.000253 0.013258 0.003448 0.005936 0.041378 0.009314 0.006892 0.000562 0.004079 0.001567 0.002614 0.002618 0.006110 0.004556 0.005993 0.002499 0.015722 0.026032 0.001542 0.004728 0.005903 0.000890 0.005765 0.002308 0.004582 0.005191 0.002200
0.659199 0.181178 0.000901 0.003940 0.002868 0.001553 0.006359 0.002027 0.012214 0.030090 0.004836 0.007085 0.001799 0.013607 0.005309 0.001004 0.002216 0.002814 0.002434 0.004036 0.000685 0.014824 0.010487 0.003173 0.005624 0.001344 0.000486 0.007830 0.001164 0.002694 0.004199 0.002020
0.729586 0.177894 0.000173 0.001481 0.001340 0.003320 0.008589 0.000983 0.040956 0.003549 0.007914 0.003888 0.000606 0.001486 0.000287 0.000662 0.001456 0.002700 0.000606 0.000609 0.000231 0.001904 0.001712 0.000743 0.001136 0.000720 0.000627 0.001284 0.000169 0.000489 0.002418 0.000480
0.377978 0.101014 0.000430 0.000798 0.033373 0.001422 0.004908 0.002292 0.041058 0.007071 0.354098 0.002184 0.000150 0.001140 0.001374 0.000987 0.001741 0.005770 0.000948 0.003402 0.000881 0.002509 0.004290 0.001011 0.001189 0.010850 0.014322 0.003497 0.002891 0.000744 0.014635 0.001041
0.070890 0.000382 0.000209 0.824629 0.074911 0.012815 0.000166 0.000069 0.000300 0.000117 0.003017 0.000044 0.000834 0.000280 0.000882 0.000053 0.000444 0.000278 0.000277 0.000233 0.000357 0.000548 0.000060 0.000112 0.000276 0.001332 0.000975 0.000319 0.000190 0.000239 0.004502 0.000261
0.174875 0.000391 0.000030 0.758301 0.056345 0.002376 0.000070 0.000028 0.000611 0.000037 0.003726 0.000018 0.000184 0.000071 0.000138 0.000017 0.000096 0.000187 0.000062 0.000050 0.000082 0.000277 0.000025 0.000058 0.000041 0.000382 0.000239 0.000033 0.000052 0.000076 0.001055 0.000068
0.388603 0.000643 0.000031 0.534619 0.020235 0.006845 0.000246 0.000177 0.001005 0.000385 0.004667 0.000112 0.002730 0.000351 0.001659 0.000098 0.001642 0.000884 0.000601 0.000985 0.000831 0.019542 0.000128 0.000450 0.000606 0.000459 0.001020 0.000910 0.000142 0.001773 0.006295 0.001327
0.437622 0.001163 0.001008 0.439536 0.018288 0.001922 0.000754 0.000367 0.000740 0.001935 0.007898 0.000341 0.001536 0.001730 0.023446 0.000499 0.012010 0.001071 0.000867 0.000837 0.003324 0.007636 0.000390 0.003709 0.003257 0.000537 0.001908 0.002647 0.000337 0.008885 0.011035 0.002764
0.508726 0.000189 0.000100 0.436641 0.016064 0.003606 0.000195 0.000124 0.000323 0.000703 0.000988 0.000165 0.000277 0.000155 0.012576 0.000142 0.001622 0.000260 0.000292 0.001353 0.001843 0.003382 0.000089 0.000569 0.000224 0.000723 0.001051 0.002246 0.000133 0.002017 0.001997 0.001221
0.587215 0.000485 0.000423 0.247621 0.021786 0.008531 0.000297 0.000305 0.001698 0.003035 0.000396 0.000297 0.001549 0.001083 0.005934 0.000125 0.003865 0.000517 0.000423 0.008238 0.000847 0.083571 0.000159 0.002603 0.000892 0.000172 0.000362 0.006072 0.000132 0.005861 0.002954 0.002551
0.418005 0.001787 0.001147 0.223798 0.026780 0.026263 0.001141 0.001034 0.004524 0.002711 0.005055 0.000831 0.009703 0.003247 0.007154 0.000405 0.006952 0.004521 0.002057 0.008074 0.002777 0.202480 0.000634 0.003346 0.004194 0.001107 0.002462 0.003130 0.000784 0.008820 0.011434 0.003643
0.699366 0.001523 0.000311 0.182705 0.005835 0.009139 0.000709 0.000547 0.003887 0.001631 0.002059 0.000450 0.003278 0.000921 0.004463 0.000435 0.003033 0.002921 0.001466 0.004712 0.002134 0.044380 0.000467 0.000999 0.001275 0.000801 0.003167 0.003012 0.000481 0.005521 0.005315 0.003058
0.806774 0.000225 0.000004 0.178547 0.001640 0.000718 0.000099 0.000048 0.000158 0.000101 0.003006 0.000040 0.000025 0.000048 0.002272 0.000033 0.000525 0.000044 0.000059 0.000314 0.000342 0.000944 0.000017 0.000094 0.000062 0.000373 0.000597 0.000161 0.000025 0.000396 0.002106 0.000202
0.674611 0.000124 0.000006 0.155743 0.161288 0.000647 0.000030 0.000026 0.000249 0.000055 0.004282 0.000016 0.000066 0.000022 0.000527 0.000012 0.000229 0.000034 0.000021 0.000066 0.000069 0.000167 0.000017 0.000119 0.000024 0.000203 0.000318 0.000064 0.000042 0.000075 0.000777 0.000070
0.583208 0.001191 0.000197 0.150784 0.002883 0.006222 0.000389 0.000296 0.000993 0.005850 0.002960 0.000330 0.000843 0.001440 0.010082 0.000246 0.002857 0.000670 0.000818 0.015627 0.002483 0.180883 0.000277 0.003860 0.001436 0.000204 0.000761 0.003749 0.000371 0.008694 0.006775 0.002621
0.602382 0.001405 0.000436 0.140603 0.023055 0.008000 0.000706 0.000370 0.001437 0.001519 0.002764 0.000374 0.000755 0.001414 0.016082 0.000156 0.008033 0.000699 0.000655 0.003398 0.001498 0.147003 0.000147 0.002146 0.002560 0.000617 0.001313 0.002195 0.000263 0.008815 0.017610 0.001593
0.585007 0.000141 0.001733 0.134580 0.178258 0.001038 0.000298 0.000194 0.000282 0.002069 0.001672 0.000186 0.000135 0.000464 0.044711 0.000145 0.005723 0.000397 0.000404 0.004130 0.002306 0.016822 0.000124 0.002275 0.000546 0.000743 0.000481 0.001328 0.000269 0.006888 0.005650 0.001000
0.652168 0.008373 0.000624 0.114047 0.016225 0.013587 0.003947 0.002060 0.005231 0.004664 0.089166 0.003986 0.000260 0.001083 0.008879 0.000756 0.003599 0.001562 0.000956 0.010721 0.002414 0.009618 0.002795 0.004818 0.001756 0.003053 0.006281 0.004281 0.001062 0.003886 0.014757 0.003385
0.761973 0.005178 0.000260 0.113088 0.006215 0.026020 0.001144 0.000779 0.002983 0.002169 0.022228 0.001254 0.000569 0.000539 0.002901 0.000343 0.001221 0.001124 0.000414 0.009238 0.001089 0.013984 0.001996 0.001620 0.001331 0.001222 0.002782 0.002818 0.000811 0.001820 0.009254 0.001634
0.605558 0.001724 0.000261 0.100151 0.056667 0.011468 0.002190 0.001633 0.006839 0.021090 0.028993 0.001491 0.002448 0.000765 0.005924 0.002451 0.006528 0.005432 0.005810 0.021100 0.010250 0.021725 0.003595 0.006772 0.000532 0.007211 0.007797 0.009369 0.010242 0.008477 0.016198 0.009308
0.365744 0.000307 0.003732 0.080284 0.422399 0.001852 0.000344 0.000234 0.000341 0.001124 0.004994 0.000149 0.000219 0.000832 0.034872 0.000132 0.005038 0.000474 0.000496 0.002974 0.001624 0.048501 0.000110 0.001405 0.001069 0.001942 0.002276 0.001029 0.000569 0.003759 0.010208 0.000966
0.188719 0.001165 0.000816 0.360524 0.348220 0.016097 0.000475 0.000166 0.001054 0.000185 0.040438 0.000103 0.001070 0.000568 0.001175 0.000093 0.000651 0.000621 0.000399 0.000529 0.000533 0.000609 0.000176 0.000202 0.000691 0.007381 0.009924 0.000489 0.001089 0.000293 0.015131 0.000415
0.552316 0.001260 0.000571 0.024451 0.321155 0.010041 0.000333 0.000183 0.002848 0.000185 0.067595 0.000122 0.001917 0.000365 0.000522 0.000055 0.000505 0.000744 0.000216 0.000520 0.000206 0.001281 0.000224 0.000199 0.000477 0.001375 0.005485 0.000330 0.000438 0.000214 0.003465 0.000401
0.474785 0.000184 0.000479 0.264203 0.246284 0.000831 0.000034 0.000013 0.000149 0.000017 0.009124 0.000008 0.000217 0.000076 0.000107 0.000008 0.000121 0.000140 0.000033 0.000042 0.000117 0.000181 0.000014 0.000041 0.000084 0.000334 0.000552 0.000018 0.000074 0.000055 0.001633 0.000042
0.674611 0.000124 0.000006 0.155743 0.161288 0.000647 0.000030 0.000026 0.000249 0.000055 0.004282 0.000016 0.000066 0.000022 0.000527 0.000012 0.000229 0.000034 0.000021 0.000066 0.000069 0.000167 0.000017 0.000119 0.000024 0.000203 0.000318 0.000064 0.000042 0.000075 0.000777 0.000070
0.575381 0.008754 0.001377 0.009301 0.135302 0.001541 0.002843 0.002145 0.011707 0.007368 0.019698 0.002457 0.000487 0.004812 0.035568 0.000895 0.008324 0.004549 0.004761 0.005785 0.004324 0.057326 0.002084 0.003599 0.007524 0.002519 0.006336 0.004825 0.002142 0.012130 0.047953 0.006183
0.601858 0.006260 0.000556 0.053121 0.118243 0.005793 0.002184 0.001469 0.006650 0.010843 0.051248 0.001133 0.001255 0.001869 0.016565 0.002030 0.006258 0.003767 0.003885 0.007886 0.006947 0.021604 0.000958 0.006111 0.000993 0.005534 0.015358 0.010967 0.003357 0.004421 0.012839 0.008040
0.276238 0.005537 0.014359 0.238996 0.080631 0.111296 0.001051 0.000493 0.000632 0.001522 0.012900 0.000251 0.004187 0.008547 0.017226 0.000458 0.005860 0.002488 0.002826 0.006728 0.012625 0.021130 0.000366 0.000655 0.023258 0.011176 0.019434 0.007516 0.003939 0.006005 0.099675 0.001997
0.710103 0.139184 0.000251 0.001042 0.001016 0.000683 0.009246 0.000870 0.106798 0.004875 0.002853 0.004282 0.000674 0.002063 0.000210 0.000660 0.001085 0.002270 0.000635 0.000373 0.000135 0.001946 0.003327 0.000760 0.000847 0.000423 0.000219 0.001268 0.000098 0.000366 0.000948 0.000490
0.282092 0.003504 0.000137 0.000355 0.002719 0.000070 0.003504 0.001362 0.001793 0.575893 0.000244 0.003078 0.000020 0.000615 0.006020 0.009137 0.005302 0.000343 0.030357 0.028516 0.001291 0.012958 0.004774 0.005812 0.001180 0.000220 0.000035 0.007625 0.000134 0.006532 0.000547 0.003830
0.337391 0.010188 0.000094 0.000237 0.002934 0.000043 0.006049 0.002192 0.003348 0.515334 0.000425 0.002681 0.000027 0.000841 0.003485 0.008760 0.005699 0.001034 0.035954 0.018471 0.001343 0.017297 0.007181 0.002934 0.001427 0.000538 0.000038 0.004001 0.000211 0.005687 0.000765 0.003390
0.513083 0.000100 0.000001 0.000033 0.000003 0.000007 0.000224 0.000043 0.000470 0.447812 0.000038 0.000019 0.000001 0.000053 0.000040 0.001045 0.000039 0.004591 0.000348 0.010396 0.000132 0.020397 0.000034 0.000125 0.000044 0.000022 0.000004 0.000333 0.000008 0.000190 0.000024 0.000340
0.400400 0.000207 0.000035 0.001061 0.000148 0.000335 0.001758 0.000978 0.000970 0.327611 0.000311 0.000481 0.000065 0.000202 0.002129 0.002555 0.001375 0.006544 0.001422 0.156643 0.007375 0.053812 0.005695 0.003259 0.000421 0.001389 0.000278 0.008470 0.000393 0.009013 0.002322 0.002343
0.500571 0.000409 0.000264 0.000156 0.000400 0.000102 0.004177 0.001470 0.001578 0.320070 0.000299 0.003474 0.000009 0.000288 0.004478 0.020159 0.013911 0.000243 0.021477 0.055174 0.004377 0.017209 0.000866 0.005354 0.000950 0.000215 0.000098 0.005996 0.000120 0.010532 0.000791 0.004783
0.663193 0.000451 0.000025 0.000415 0.000123 0.000024 0.001796 0.000320 0.001413 0.193399 0.000117 0.000812 0.000011 0.000203 0.002370 0.005868 0.001114 0.001398 0.000351 0.050274 0.003147 0.011761 0.000896 0.002793 0.000375 0.000313 0.000061 0.049690 0.000076 0.005177 0.000537 0.001495
0.624220 0.005432 0.000161 0.000174 0.000922 0.000060 0.015929 0.002440 0.004217 0.191851 0.000647 0.002487 0.000026 0.000664 0.002100 0.010916 0.008800 0.004326 0.005099 0.039749 0.004703 0.051319 0.002741 0.001172 0.001059 0.002957 0.000151 0.003462 0.000583 0.007793 0.001913 0.001927
0.470778 0.000381 0.000032 0.004613 0.001304 0.000903 0.002024 0.001474 0.001214 0.173982 0.001715 0.000450 0.000096 0.000565 0.001594 0.007199 0.001131 0.015265 0.007896 0.161372 0.007175 0.096993 0.002331 0.001463 0.000560 0.002265 0.002773 0.010598 0.001225 0.006265 0.001401 0.012961
0.675721 0.000778 0.000278 0.000204 0.000498 0.000226 0.006032 0.002119 0.003232 0.170163 0.000555 0.003538 0.000023 0.000387 0.003485 0.019836 0.020730 0.000370 0.011246 0.034802 0.006410 0.012266 0.000841 0.005021 0.000973 0.000341 0.000189 0.005494 0.000174 0.009769 0.001074 0.003221
0.706912 0.000304 0.000020 0.002357 0.000351 0.000044 0.005285 0.000550 0.000384 0.134267 0.000057 0.002203 0.000012 0.000203 0.003042 0.005683 0.002902 0.000454 0.000842 0.044811 0.002989 0.017190 0.012012 0.001920 0.000504 0.000588 0.000048 0.045674 0.000083 0.005449 0.000964 0.001896
0.859694 0.000136 0.000002 0.000004 0.000018 0.000000 0.000140 0.000039 0.000149 0.127565 0.000013 0.000217 0.000000 0.000004 0.000266 0.000306 0.000104 0.000030 0.000002 0.008865 0.000129 0.000589 0.000041 0.000049 0.000005 0.000011 0.000004 0.001390 0.000004 0.000175 0.000020 0.000025
0.803446 0.000107 0.000116 0.000032 0.000071 0.000023 0.003064 0.001200 0.000496 0.100627 0.000103 0.005703 0.000001 0.000058 0.001933 0.007410 0.008319 0.000080 0.001537 0.045207 0.003829 0.004465 0.000199 0.001323 0.000148 0.000151 0.000052 0.003761 0.000042 0.005203 0.000393 0.000901
0.393384 0.034005 0.000151 0.001092 0.028321 0.001873 0.002232 0.001218 0.024933 0.003273 0.456811 0.001144 0.000166 0.000307 0.000589 0.000644 0.000736 0.002835 0.000529 0.001664 0.000532 0.001039 0.003382 0.000728 0.000598 0.008084 0.018799 0.001849 0.001878 0.000426 0.006073 0.000702
0.476655 0.017369 0.000669 0.022915 0.054239 0.000938 0.004080 0.002198 0.026344 0.006028 0.295500 0.001304 0.001642 0.003853 0.010926 0.001564 0.005465 0.004549 0.002274 0.002733 0.002258 0.008512 0.002013 0.001939 0.004300 0.003121 0.015027 0.002542 0.002152 0.003284 0.009370 0.004235
0.499200 0.019695 0.000395 0.050453 0.015276 0.002687 0.007492 0.003629 0.011152 0.011276 0.214299 0.005912 0.000197 0.002288 0.015979 0.001153 0.007203 0.003211 0.002174 0.014723 0.005175 0.017020 0.003874 0.004791 0.003846 0.007963 0.009286 0.005585 0.002350 0.008488 0.038366 0.004860
0.723556 0.017531 0.000061 0.004362 0.019307 0.000526 0.001488 0.000628 0.014568 0.001984 0.197675 0.000645 0.000391 0.000330 0.000430 0.000541 0.000472 0.001740 0.000514 0.000402 0.000250 0.001471 0.003784 0.000515 0.000193 0.000550 0.003243 0.000664 0.000569 0.000233 0.000750 0.000625
0.733126 0.007441 0.000110 0.001760 0.014885 0.013372 0.001503 0.000561 0.006977 0.001306 0.165237 0.000618 0.001662 0.000273 0.000308 0.000344 0.000480 0.001825 0.000280 0.003459 0.000620 0.002429 0.001962 0.000437 0.000823 0.005302 0.015784 0.000713 0.001324 0.000402 0.014153 0.000526
0.724832 0.012987 0.000092 0.006006 0.015249 0.000887 0.002245 0.000470 0.010232 0.001458 0.160274 0.000375 0.000494 0.000853 0.000752 0.000400 0.001578 0.002034 0.000633 0.002314 0.000967 0.004076 0.000788 0.000428 0.001127 0.006929 0.017219 0.000773 0.001467 0.000562 0.020707 0.000792
0.770521 0.003068 0.000210 0.000867 0.021341 0.003460 0.000549 0.000207 0.002528 0.000358 0.149853 0.000252 0.001106 0.000207 0.000288 0.000131 0.000437 0.000958 0.000143 0.002879 0.000397 0.001369 0.000769 0.000129 0.000793 0.003391 0.017430 0.000445 0.001310 0.000216 0.014136 0.000252
0.724660 0.001018 0.002541 0.006750 0.042109 0.005664 0.000438 0.000263 0.001535 0.001296 0.128928 0.000190 0.002034 0.000602 0.003941 0.000186 0.002814 0.001063 0.000599 0.006436 0.002374 0.004498 0.000513 0.000340 0.001592 0.003350 0.021082 0.002061 0.004010 0.001019 0.025147 0.000943
0.576133 0.002124 0.000322 0.097883 0.177012 0.003438 0.000253 0.000061 0.002846 0.000044 0.128754 0.000039 0.000472 0.000198 0.000093 0.000029 0.000136 0.000694 0.000079 0.000067 0.000071 0.000144 0.000129 0.000029 0.000133 0.002414 0.003822 0.000050 0.000413 0.000028 0.002019 0.000071
0.838391 0.000887 0.000021 0.000097 0.001925 0.000069 0.000151 0.000178 0.001595 0.001318 0.126626 0.000088 0.000037 0.000105 0.000732 0.000117 0.000711 0.000065 0.000151 0.013703 0.000639 0.002892 0.000183 0.001034 0.000318 0.000241 0.002138 0.000345 0.000307 0.001259 0.003298 0.000379
0.700748 0.002745 0.000884 0.009196 0.003492 0.000140 0.001591 0.000522 0.001711 0.010464 0.010959 0.000822 0.000166 0.001625 0.182208 0.001374 0.013812 0.000898 0.001173 0.005457 0.011208 0.007795 0.000300 0.000759 0.002880 0.000959 0.004350 0.005776 0.000406 0.008328 0.004623 0.002629
0.567122 0.002557 0.001293 0.079491 0.004391 0.000441 0.002133 0.000924 0.001897 0.014633 0.007666 0.000878 0.000818 0.003917 0.179938 0.002363 0.023423 0.001807 0.002038 0.005265 0.015269 0.021706 0.000470 0.003600 0.004827 0.001066 0.002886 0.008037 0.000632 0.025726 0.006616 0.006168
0.666264 0.002196 0.000575 0.006387 0.004888 0.000125 0.003808 0.000940 0.002184 0.026977 0.018139 0.000775 0.000014 0.002794 0.152215 0.001035 0.007748 0.002293 0.003155 0.013432 0.006766 0.026334 0.000265 0.000448 0.004611 0.001125 0.001006 0.005061 0.000451 0.012366 0.022071 0.003552
0.808247 0.000053 0.000676 0.007354 0.026079 0.000098 0.000042 0.000035 0.000085 0.000573 0.000296 0.000045 0.000007 0.000131 0.139995 0.000018 0.002339 0.000020 0.000048 0.001102 0.000219 0.008299 0.000015 0.000285 0.000201 0.000069 0.000115 0.000525 0.000020 0.002192 0.000644 0.000175
0.688713 0.001604 0.000711 0.004525 0.007525 0.000263 0.002375 0.001014 0.004010 0.022160 0.017491 0.000976 0.000128 0.001789 0.117664 0.001155 0.014059 0.002196 0.001745 0.013154 0.014248 0.040034 0.000473 0.000838 0.003546 0.000947 0.003190 0.005780 0.000819 0.009828 0.012748 0.004295
0.768694 0.000135 0.000707 0.002993 0.026263 0.000310 0.000096 0.000073 0.000149 0.000725 0.001145 0.000057 0.000033 0.000425 0.112330 0.000023 0.005794 0.000100 0.000088 0.003672 0.000426 0.062120 0.000019 0.000379 0.001110 0.000318 0.000671 0.000612 0.000076 0.004953 0.005149 0.000354
0.440952 0.000730 0.000622 0.066840 0.002114 0.000371 0.002045 0.000615 0.000922 0.022570 0.003518 0.000426 0.000648 0.004956 0.074357 0.003262 0.115647 0.003985 0.002773 0.003587 0.059187 0.035566 0.000268 0.005639 0.005020 0.001455 0.002362 0.010973 0.000913 0.101471 0.016711 0.009496
0.195582 0.009078 0.000950 0.002410 0.003530 0.002398 0.020939 0.004227 0.003802 0.037528 0.007546 0.010922 0.000579 0.005201 0.007209 0.006975 0.022001 0.006646 0.002278 0.184964 0.139353 0.087451 0.015297 0.007933 0.001784 0.012270 0.013972 0.034575 0.010859 0.060840 0.076018 0.004883
0.393337 0.003703 0.000053 0.015002 0.001304 0.000244 0.015143 0.002518 0.002671 0.090777 0.003588 0.001956 0.000343 0.000881 0.004274 0.008606 0.002529 0.012804 0.004637 0.182556 0.014906 0.089621 0.031218 0.006442 0.000914 0.016913 0.007160 0.035085 0.005592 0.023183 0.006742 0.015298
0.554434 0.000112 0.000016 0.000525 0.000073 0.000254 0.000817 0.000588 0.000433 0.185357 0.000257 0.000309 0.000041 0.000111 0.001657 0.000873 0.000980 0.003708 0.000727 0.171855 0.006153 0.044105 0.004420 0.002066 0.000299 0.001073 0.000194 0.007581 0.000301 0.007441 0.002095 0.001144
0.470778 0.000381 0.000032 0.004613 0.001304 0.000903 0.002024 0.001474 0.001214 0.173982 0.001715 0.000450 0.000096 0.000565 0.001594 0.007199 0.001131 0.015265 0.007896 0.161372 0.007175 0.096993 0.002331 0.001463 0.000560 0.002265 0.002773 0.010598 0.001225 0.006265 0.001401 0.012961
0.445355 0.003905 0.004693 0.005784 0.038402 0.007678 0.004667 0.002102 0.005985 0.012905 0.026931 0.001608 0.000644 0.002451 0.008783 0.001077 0.006084 0.008393 0.001404 0.122930 0.013298 0.082149 0.002044 0.005165 0.001889 0.008339 0.006065 0.012570 0.008297 0.015075 0.130427 0.002900
0.384999 0.007791 0.002537 0.030603 0.034518 0.012029 0.009619 0.003435 0.007735 0.027340 0.025377 0.004957 0.002928 0.006478 0.014048 0.002151 0.012674 0.007769 0.003348 0.107785 0.010683 0.072897 0.007354 0.014833 0.002303 0.014518 0.004280 0.020488 0.017375 0.021624 0.093127 0.012395
0.195582 0.009078 0.000950 0.002410 0.003530 0.002398 0.020939 0.004227 0.003802 0.037528 0.007546 0.010922 0.000579 0.005201 0.007209 0.006975 0.022001 0.006646 0.002278 0.184964 0.139353 0.087451 0.015297 0.007933 0.001784 0.012270 0.013972 0.034575 0.010859 0.060840 0.076018 0.004883
0.281429 0.000930 0.000017 0.001056 0.000295 0.000373 0.000172 0.000046 0.001317 0.000596 0.000222 0.000037 0.000114 0.000267 0.000117 0.000040 0.000256 0.000374 0.000188 0.008876 0.000612 0.696413 0.000202 0.000097 0.000517 0.000138 0.000269 0.000681 0.000039 0.000847 0.003162 0.000302
0.257745 0.000807 0.000158 0.001360 0.000824 0.000770 0.000279 0.000096 0.000944 0.002385 0.000807 0.000156 0.000484 0.000971 0.001398 0.000065 0.001502 0.000578 0.000414 0.027356 0.001497 0.675887 0.000170 0.000838 0.001631 0.000341 0.000466 0.002456 0.000331 0.004945 0.011653 0.000685
0.356311 0.001002 0.000040 0.000299 0.000161 0.000303 0.000058 0.000031 0.000676 0.001155 0.001378 0.000058 0.000143 0.000361 0.000721 0.000013 0.000465 0.000144 0.000096 0.017077 0.000460 0.611173 0.000037 0.000261 0.001168 0.000110 0.000319 0.000414 0.000114 0.001461 0.003758 0.000233
0.366495 0.000607 0.000039 0.000573 0.000366 0.000244 0.000358 0.000082 0.000788 0.004170 0.000290 0.000137 0.000130 0.000503 0.001143 0.000064 0.000825 0.000455 0.000201 0.016052 0.000542 0.594261 0.000142 0.000632 0.000759 0.000122 0.000164 0.002762 0.000093 0.002626 0.003823 0.000550
0.286763 0.003607 0.000351 0.058120 0.021046 0.009447 0.000573 0.000355 0.003055 0.001704 0.002753 0.000300 0.001843 0.003167 0.011059 0.000135 0.007630 0.000988 0.001011 0.003285 0.001285 0.540028 0.000095 0.002019 0.005454 0.000571 0.001134 0.002285 0.000261 0.009484 0.018363 0.001829
0.475692 0.008511 0.000111 0.001846 0.006728 0.000931 0.000636 0.000175 0.005804 0.001244 0.001387 0.000168 0.000471 0.001555 0.000368 0.000066 0.000485 0.002794 0.001278 0.005601 0.000666 0.455259 0.000439 0.000259 0.002461 0.000567 0.000382 0.000499 0.000223 0.001625 0.020734 0.001036
0.511408 0.000908 0.000132 0.013742 0.001941 0.002087 0.000424 0.000271 0.002530 0.003638 0.001137 0.000264 0.000927 0.001035 0.001917 0.000126 0.001793 0.000818 0.000341 0.008064 0.000772 0.434931 0.000280 0.001297 0.000654 0.000131 0.000397 0.001910 0.000213 0.002671 0.002019 0.001221
0.555051 0.000393 0.000045 0.000904 0.000219 0.000390 0.000078 0.000031 0.000785 0.000653 0.000307 0.000049 0.000293 0.000397 0.000718 0.000010 0.000831 0.000128 0.000070 0.007880 0.000170 0.425985 0.000016 0.000321 0.000491 0.000031 0.000087 0.000731 0.000029 0.001275 0.001418 0.000213
0.432166 0.019545 0.000191 0.007097 0.002704 0.008814 0.000851 0.000444 0.019567 0.007229 0.006832 0.000470 0.003072 0.004390 0.002031 0.000283 0.001604 0.001439 0.000895 0.022540 0.001386 0.412013 0.000650 0.001593 0.005672 0.000500 0.000992 0.002838 0.000903 0.004667 0.024924 0.001699
0.538020 0.000724 0.000131 0.003253 0.000439 0.001547 0.000159 0.000077 0.000999 0.001830 0.000323 0.000136 0.000500 0.000738 0.002260 0.000031 0.001000 0.000297 0.000142 0.024815 0.000446 0.410803 0.000051 0.000492 0.001424 0.000076 0.000111 0.003265 0.000073 0.002314 0.003029 0.000495
0.600405 0.000004 0.000000 0.000070 0.000003 0.000018 0.000002 0.000001 0.000058 0.000023 0.000006 0.000001 0.000007 0.000006 0.000004 0.000000 0.000025 0.000008 0.000002 0.001179 0.000015 0.397854 0.000001 0.000008 0.000006 0.000002 0.000005 0.000069 0.000000 0.000091 0.000120 0.000007
0.608468 0.000030 0.000001 0.000659 0.000045 0.000214 0.000012 0.000004 0.000231 0.000118 0.000039 0.000006 0.000057 0.000047 0.000067 0.000002 0.000249 0.000080 0.000019 0.001541 0.000114 0.386599 0.000003 0.000033 0.000045 0.000023 0.000040 0.000234 0.000004 0.000382 0.000582 0.000049
0.509668 0.000986 0.000033 0.000569 0.000507 0.000456 0.000111 0.000048 0.000190 0.000314 0.000991 0.000053 0.000115 0.000130 0.000366 0.000015 0.000242 0.000735 0.000110 0.029154 0.000678 0.378135 0.000128 0.000118 0.000732 0.000430 0.000488 0.000303 0.000409 0.001257 0.072149 0.000377
0.474272 0.001393 0.001146 0.001010 0.001866 0.000361 0.000679 0.000515 0.001596 0.012655 0.002339 0.000194 0.000505 0.002129 0.004405 0.000328 0.013612 0.001374 0.002102 0.061685 0.006742 0.372433 0.000308 0.001958 0.002552 0.000311 0.000916 0.002880 0.000968 0.017447 0.005838 0.003479
0.632302 0.000788 0.000083 0.004115 0.000721 0.001574 0.000129 0.000068 0.001733 0.000760 0.000565 0.000085 0.000964 0.000841 0.000868 0.000022 0.001524 0.000269 0.000163 0.005126 0.000226 0.340405 0.000021 0.000596 0.000800 0.000058 0.000231 0.001052 0.000051 0.001658 0.001820 0.000378
0.426753 0.007632 0.000111 0.001471 0.001420 0.002944 0.000806 0.000234 0.001628 0.012014 0.006387 0.000062 0.001540 0.003474 0.001924 0.000442 0.002511 0.012912 0.006278 0.013682 0.005092 0.302368 0.000342 0.000531 0.031168 0.002032 0.001419 0.001350 0.000760 0.010849 0.136256 0.003606
0.672258 0.000069 0.000009 0.002716 0.000059 0.000221 0.000099 0.000034 0.000242 0.002741 0.000160 0.000025 0.000105 0.000130 0.000435 0.000066 0.000576 0.000218 0.000068 0.012350 0.001358 0.301780 0.000104 0.000296 0.000128 0.000078 0.000277 0.000546 0.000069 0.001466 0.000939 0.000377
0.454314 0.002949 0.000395 0.019198 0.012461 0.007615 0.001626 0.002556 0.004176 0.023375 0.005640 0.001477 0.000702 0.003713 0.014980 0.002299 0.007601 0.004695 0.002346 0.043047 0.008737 0.289905 0.001003 0.003186 0.004153 0.002129 0.006641 0.013931 0.002220 0.025495 0.019934 0.007504
0.529239 0.001184 0.000257 0.013053 0.002300 0.006985 0.001537 0.000524 0.002925 0.004394 0.005276 0.000613 0.000564 0.000754 0.001348 0.000296 0.001962 0.002326 0.000684 0.087916 0.004880 0.250614 0.000382 0.001532 0.000703 0.001500 0.001178 0.016601 0.000543 0.008831 0.047031 0.002067
0.666658 0.004234 0.000127 0.018209 0.018833 0.001329 0.000992 0.000391 0.011322 0.003619 0.001500 0.000767 0.000697 0.002236 0.002424 0.000150 0.003397 0.000808 0.000584 0.002793 0.000452 0.236375 0.000288 0.002833 0.001149 0.000289 0.000635 0.006129 0.000121 0.005045 0.003998 0.001616
0.728509 0.000352 0.000058 0.009944 0.003603 0.002961 0.000217 0.000133 0.001333 0.000975 0.000553 0.000105 0.000559 0.000527 0.002360 0.000043 0.004150 0.000393 0.000302 0.003559 0.000508 0.229503 0.000036 0.000273 0.000574 0.000157 0.000565 0.001015 0.000088 0.002776 0.003377 0.000494
0.770084 0.000025 0.000001 0.001471 0.000082 0.000196 0.000013 0.000006 0.000337 0.000083 0.000043 0.000005 0.000059 0.000028 0.000039 0.000002 0.000133 0.000076 0.000017 0.000955 0.000066 0.225020 0.000003 0.000027 0.000029 0.000018 0.000055 0.000162 0.000004 0.000336 0.000583 0.000045
0.705603 0.000649 0.000057 0.042819 0.001041 0.006652 0.000279 0.000183 0.003199 0.001104 0.000583 0.000161 0.003309 0.000495 0.000593 0.000121 0.001483 0.001655 0.000496 0.005104 0.000901 0.211762 0.000210 0.000673 0.000536 0.000279 0.000769 0.002425 0.000130 0.002750 0.002904 0.001074
0.653347 0.000590 0.000299 0.002220 0.007066 0.002415 0.000152 0.000077 0.000137 0.000586 0.004286 0.000049 0.000317 0.000709 0.016340 0.000036 0.003501 0.000489 0.000158 0.015012 0.001116 0.210960 0.000036 0.000208 0.005689 0.002046 0.002117 0.000653 0.000730 0.004651 0.063354 0.000655
0.418005 0.001787 0.001147 0.223798 0.026780 0.026263 0.001141 0.001034 0.004524 0.002711 0.005055 0.000831 0.009703 0.003247 0.007154 0.000405 0.006952 0.004521 0.002057 0.008074 0.002777 0.202480 0.000634 0.003346 0.004194 0.001107 0.002462 0.003130 0.000784 0.008820 0.011434 0.003643
0.677952 0.002500 0.000259 0.001465 0.002864 0.003090 0.000170 0.000087 0.001148 0.001933 0.010397 0.000119 0.000722 0.000890 0.001934 0.000041 0.000959 0.000561 0.000185 0.024971 0.001085 0.202386 0.000123 0.000308 0.004967 0.000747 0.002732 0.000601 0.001112 0.002169 0.051030 0.000494
0.690074 0.001377 0.000117 0.011254 0.000684 0.004517 0.001412 0.000674 0.004363 0.006822 0.002717 0.000813 0.000413 0.000784 0.000534 0.000352 0.001797 0.001313 0.000486 0.041716 0.002410 0.189389 0.000555 0.002419 0.000479 0.000485 0.000638 0.017208 0.000210 0.005659 0.006158 0.002173
0.583208 0.001191 0.000197 0.150784 0.002883 0.006222 0.000389 0.000296 0.000993 0.005850 0.002960 0.000330 0.000843 0.001440 0.010082 0.000246 0.002857 0.000670 0.000818 0.015627 0.002483 0.180883 0.000277 0.003860 0.001436 0.000204 0.000761 0.003749 0.000371 0.008694 0.006775 0.002621
0.793131 0.000475 0.000076 0.017631 0.000803 0.002864 0.000111 0.000060 0.001476 0.000595 0.000352 0.000107 0.000915 0.000458 0.000878 0.000026 0.001074 0.000254 0.000129 0.003038 0.000188 0.171159 0.000029 0.000639 0.000373 0.000050 0.000199 0.000833 0.000032 0.001188 0.000587 0.000273
0.690645 0.000272 0.000108 0.004280 0.000955 0.000511 0.001556 0.000504 0.000655 0.015817 0.001749 0.000955 0.000090 0.000246 0.002804 0.000623 0.003636 0.001320 0.000450 0.062256 0.011892 0.164144 0.001001 0.001743 0.000297 0.001565 0.000980 0.003513 0.000795 0.008512 0.014758 0.001368
0.651188 0.000812 0.000251 0.003440 0.008996 0.000184 0.001382 0.000504 0.001080 0.015533 0.008295 0.000325 0.000081 0.001116 0.027482 0.000666 0.007513 0.001646 0.003471 0.034918 0.012653 0.163308 0.000138 0.002739 0.001494 0.001650 0.004682 0.006660 0.001306 0.010923 0.020006 0.005560
0.577986 0.001182 0.000220 0.011381 0.014772 0.023419 0.000335 0.000183 0.001560 0.000690 0.009977 0.000112 0.002412 0.001373 0.004510 0.000081 0.003844 0.001964 0.000502 0.008304 0.001598 0.160974 0.000082 0.000227 0.009576 0.001630 0.005398 0.001230 0.000832 0.004329 0.148343 0.000971
0.665684 0.000676 0.000208 0.005588 0.001607 0.004915 0.000629 0.000298 0.001336 0.003356 0.003463 0.000286 0.000382 0.000372 0.001804 0.000159 0.001621 0.001169 0.000402 0.081618 0.004441 0.159171 0.000222 0.000791 0.000448 0.000763 0.001053 0.010089 0.000548 0.008230 0.037831 0.000839
0.734047 0.007233 0.000148 0.003114 0.000454 0.001595 0.000596 0.000240 0.041349 0.021283 0.004124 0.000176 0.001461 0.002453 0.000509 0.000414 0.000810 0.002082 0.000760 0.014328 0.001102 0.152405 0.000205 0.000889 0.001369 0.000229 0.000338 0.001817 0.000234 0.001741 0.001334 0.001159
0.701147 0.003429 0.000284 0.018154 0.007947 0.002757 0.001576 0.001629 0.006076 0.017550 0.004148 0.001788 0.000621 0.003711 0.007821 0.001040 0.005679 0.001875 0.001102 0.016836 0.002824 0.144085 0.000675 0.004686 0.002163 0.000840 0.002187 0.009243 0.000871 0.013122 0.009870 0.004264
0.763734 0.000451 0.000641 0.035765 0.006092 0.005197 0.000309 0.000580 0.002731 0.002181 0.001525 0.000396 0.001304 0.000737 0.003414 0.000232 0.002898 0.000571 0.000353 0.013983 0.001556 0.133866 0.000260 0.002214 0.000493 0.000370 0.000802 0.004703 0.000309 0.004398 0.005783 0.002151
0.842958 0.000056 0.000038 0.009403 0.000261 0.001082 0.000045 0.000062 0.000376 0.000499 0.000212 0.000029 0.000347 0.000119 0.000497 0.000028 0.000495 0.000159 0.000049 0.006601 0.000395 0.131020 0.000024 0.000433 0.000078 0.000044 0.000122 0.000998 0.000032 0.001486 0.001573 0.000480
0.784618 0.006403 0.000026 0.001350 0.000715 0.000422 0.006477 0.000650 0.010934 0.018174 0.000533 0.001045 0.000063 0.000776 0.000257 0.001029 0.001202 0.001661 0.000792 0.020914 0.001343 0.120156 0.001934 0.000984 0.000350 0.000626 0.000207 0.007705 0.000161 0.002640 0.004760 0.001093
0.749834 0.000601 0.000346 0.001242 0.001638 0.000405 0.000346 0.000141 0.000494 0.001545 0.008385 0.000112 0.000261 0.000556 0.001992 0.000103 0.004165 0.000357 0.000448 0.065326 0.003925 0.117580 0.000101 0.000663 0.001944 0.000711 0.003264 0.002250 0.000835 0.008270 0.020589 0.001568
0.844446 0.000277 0.000013 0.010306 0.000516 0.002149 0.000157 0.000165 0.001029 0.002475 0.000961 0.000131 0.000190 0.000358 0.000242 0.000072 0.000665 0.000150 0.000153 0.008996 0.000648 0.116010 0.000073 0.001000 0.000215 0.000086 0.000488 0.001817 0.000092 0.002698 0.002470 0.000951
0.568571 0.001782 0.000728 0.048665 0.004880 0.003090 0.001559 0.000817 0.002285 0.024961 0.004369 0.001537 0.000519 0.001417 0.010913 0.001193 0.011581 0.001339 0.004408 0.062186 0.009161 0.111006 0.001199 0.014745 0.001750 0.000715 0.001029 0.029821 0.000560 0.043104 0.021480 0.008630
0.445321 0.002270 0.004568 0.055035 0.022358 0.048913 0.004042 0.002011 0.004407 0.015855 0.008413 0.002499 0.004666 0.008003 0.009108 0.003419 0.010695 0.011242 0.024190 0.048387 0.021513 0.100315 0.001628 0.016942 0.007356 0.003121 0.002013 0.013249 0.002398 0.034604 0.052065 0.009393
0.744721 0.000372 0.000301 0.007937 0.002481 0.002057 0.000395 0.000395 0.001268 0.006241 0.001077 0.000622 0.001153 0.000366 0.002623 0.001015 0.036341 0.000657 0.000827 0.006763 0.005417 0.016866 0.001201 0.111925 0.000496 0.000229 0.001549 0.013688 0.000259 0.024451 0.002395 0.003913
0.440952 0.000730 0.000622 0.066840 0.002114 0.000371 0.002045 0.000615 0.000922 0.022570 0.003518 0.000426 0.000648 0.004956 0.074357 0.003262 0.115647 0.003985 0.002773 0.003587 0.059187 0.035566 0.000268 0.005639 0.005020 0.001455 0.002362 0.010973 0.000913 0.101471 0.016711 0.009496
0.286162 0.011380 0.008752 0.156212 0.057576 0.075967 0.001843 0.000627 0.001000 0.001320 0.033674 0.000334 0.003381 0.010575 0.010561 0.000509 0.005022 0.004181 0.002943 0.007404 0.009551 0.015387 0.000466 0.000607 0.028675 0.022682 0.035150 0.006029 0.005947 0.004545 0.189533 0.002005
0.430095 0.009062 0.000123 0.002224 0.002732 0.004698 0.001266 0.000384 0.002649 0.009623 0.010012 0.000079 0.001741 0.003671 0.001446 0.000576 0.002088 0.032994 0.008545 0.010096 0.003967 0.244335 0.000544 0.000555 0.031792 0.003199 0.002601 0.001260 0.001083 0.007579 0.164477 0.004501
0.794789 0.000091 0.000023 0.000305 0.000959 0.002861 0.000025 0.000007 0.000072 0.000050 0.020978 0.000006 0.000085 0.000035 0.000403 0.000004 0.000216 0.000065 0.000014 0.010852 0.000259 0.006244 0.000004 0.000021 0.000932 0.000408 0.001813 0.000081 0.000143 0.000473 0.157712 0.000069
0.577986 0.001182 0.000220 0.011381 0.014772 0.023419 0.000335 0.000183 0.001560 0.000690 0.009977 0.000112 0.002412 0.001373 0.004510 0.000081 0.003844 0.001964 0.000502 0.008304 0.001598 0.160974 0.000082 0.000227 0.009576 0.001630 0.005398 0.001230 0.000832 0.004329 0.148343 0.000971
0.445355 0.003905 0.004693 0.005784 0.038402 0.007678 0.004667 0.002102 0.005985 0.012905 0.026931 0.001608 0.000644 0.002451 0.008783 0.001077 0.006084 0.008393 0.001404 0.122930 0.013298 0.082149 0.002044 0.005165 0.001889 0.008339 0.006065 0.012570 0.008297 0.015075 0.130427 0.002900
0.593108 0.006331 0.000760 0.014809 0.056936 0.001756 0.002367 0.001178 0.004098 0.003970 0.013868 0.001403 0.000364 0.003341 0.015218 0.000535 0.005464 0.004464 0.004965 0.011486 0.005465 0.082737 0.002128 0.002049 0.009025 0.003734 0.005645 0.004364 0.002207 0.012095 0.117092 0.007040
