cabinet 225 64 484 348 0.789336 0.111952
cabinet 266 49 334 159 0.166969 0.689286
cabinet 485 66 590 177 0.109577 0.464016
cabinet 348 222 401 257 0.106229 0.610277
chair 6 112 84 192 0.715898 0.252874
chair 38 102 89 152 0.290493 0.682548
chair 39 118 46 125 0.268515 0.717533
chair 44 100 183 150 0.193905 0.773192
chair 69 101 119 139 0.166672 0.782973
chair 177 129 182 135 0.164909 0.800997
chair 33 112 42 118 0.142082 0.845655
chair 25 143 82 165 0.132113 0.830780
chair 3 120 35 176 0.114741 0.865151
sofa 20 84 133 240 0.347956 0.560523
sofa 460 166 590 376 0.268755 0.514847
door 477 3 501 104 0.398599 0.507226
door 487 1 586 92 0.22486 0.531220
door 226 175 227 183 0.142954 0.436257
door 493 11 502 64 0.131021 0.676541
picture 321 83 324 120 0.205732 0.522534
picture 336 78 353 112 0.137926 0.775793
picture 500 0 590 71 0.124506 0.420167
counter 0 119 554 422 0.119776 0.770114
counter 322 58 367 80 0.100668 0.770981
desk 322 63 482 364 0.25027 0.075992
dresser 323 65 476 360 0.444794 0.068319
pillow 418 256 466 307 0.126541 0.790227
fridge 184 43 330 351 0.127851 0.440851
tv 497 3 588 75 0.231613 0.420167
paper 128 176 182 197 0.152075 0.547245
box 336 31 340 38 0.272185 0.592008
box 417 26 425 36 0.224828 0.695185
box 287 3 354 48 0.153638 0.553933
box 421 33 424 36 0.129303 0.825155
whiteboard 1 1 64 68 0.769781 0.024750
whiteboard 22 2 270 85 0.591023 0.359123
whiteboard 221 1 284 64 0.366487 0.426943
whiteboard 237 2 440 56 0.121478 0.827421
person 3 219 44 275 0.119561 0.728049
night_stand 322 99 475 355 0.332023 0.197274
