0.111952 0.789336 0.000015 0.000027 0.000023 0.000025 0.000829 0.000015 0.000711 0.000100 0.001390 0.000022 0.000973 0.082927 0.000003 0.000021 0.000010 0.003174 0.000238 0.000022 0.000020 0.000177 0.000009 0.000006 0.005465 0.000363 0.000103 0.000015 0.000041 0.000028 0.001928 0.000029
0.689286 0.166969 0.000115 0.003064 0.000766 0.003046 0.004244 0.000754 0.004052 0.012077 0.035815 0.001430 0.001907 0.004291 0.000539 0.001495 0.001344 0.007180 0.001380 0.005871 0.002818 0.023944 0.004324 0.001102 0.002812 0.001798 0.002731 0.003505 0.000885 0.002562 0.006557 0.001337
0.464016 0.109577 0.004585 0.006194 0.004849 0.003440 0.018934 0.002178 0.019355 0.013352 0.019571 0.001695 0.009265 0.082446 0.002309 0.006558 0.002851 0.033195 0.010481 0.006710 0.004893 0.030177 0.005902 0.001016 0.045405 0.026091 0.005713 0.002293 0.007637 0.003951 0.042339 0.003023
0.610277 0.106229 0.001730 0.001463 0.012072 0.000197 0.014257 0.002059 0.004254 0.010959 0.015983 0.005167 0.001266 0.080160 0.003606 0.001282 0.004556 0.004821 0.001225 0.009330 0.007891 0.003982 0.005095 0.003031 0.012506 0.009547 0.007322 0.006255 0.008488 0.011631 0.031884 0.001473
0.252874 0.000075 0.000110 0.715898 0.011733 0.004027 0.000108 0.000084 0.000254 0.000281 0.000276 0.000108 0.001478 0.000064 0.001429 0.000126 0.000812 0.000102 0.000293 0.001548 0.000537 0.001164 0.000155 0.001183 0.000206 0.000204 0.000458 0.001658 0.000080 0.001290 0.000365 0.001020
0.682548 0.000103 0.000254 0.290493 0.009241 0.002465 0.000175 0.000143 0.000307 0.000387 0.000452 0.000154 0.000438 0.000083 0.001377 0.000096 0.000748 0.000181 0.000161 0.003052 0.000632 0.001657 0.000276 0.000685 0.000187 0.000426 0.000517 0.000760 0.000127 0.000691 0.000736 0.000447
0.717533 0.000035 0.000027 0.268515 0.001703 0.001886 0.000078 0.000062 0.000104 0.000302 0.000247 0.000075 0.000175 0.000019 0.000505 0.000050 0.000241 0.000096 0.000064 0.003365 0.000455 0.001475 0.000127 0.000192 0.000054 0.000397 0.000254 0.000908 0.000075 0.000421 0.000353 0.000207
0.773192 0.000059 0.000646 0.193905 0.016779 0.001225 0.000061 0.000069 0.000229 0.000279 0.000471 0.000078 0.001842 0.000068 0.001031 0.000031 0.001116 0.000047 0.000075 0.001458 0.000384 0.000835 0.000160 0.002575 0.000119 0.000108 0.000240 0.000603 0.000071 0.001303 0.000448 0.000494
0.782973 0.000226 0.001026 0.166672 0.012921 0.002959 0.000362 0.000266 0.001002 0.000752 0.000854 0.000359 0.000953 0.000248 0.002924 0.000167 0.001884 0.000460 0.000290 0.006623 0.001582 0.005116 0.000324 0.001145 0.000578 0.000551 0.000857 0.000891 0.000327 0.002019 0.002048 0.000640
0.800997 0.000447 0.000093 0.164909 0.000364 0.002488 0.000137 0.000123 0.000137 0.001156 0.000626 0.000098 0.000783 0.000239 0.001275 0.000214 0.001542 0.000096 0.000083 0.002882 0.000826 0.005869 0.000124 0.003562 0.000208 0.000046 0.000540 0.003685 0.000081 0.004595 0.000556 0.001218
0.845655 0.000020 0.000026 0.142082 0.002408 0.001153 0.000067 0.000045 0.000074 0.000227 0.000442 0.000043 0.000099 0.000014 0.000305 0.000031 0.000329 0.000080 0.000040 0.002919 0.000436 0.001191 0.000061 0.000100 0.000038 0.000507 0.000275 0.000434 0.000072 0.000306 0.000432 0.000091
0.830780 0.000094 0.000093 0.132113 0.001767 0.001470 0.000109 0.000069 0.000408 0.000989 0.000110 0.000110 0.001818 0.000114 0.002111 0.000088 0.000659 0.000127 0.000266 0.009277 0.000517 0.005812 0.000141 0.004265 0.000277 0.000124 0.000161 0.001574 0.000067 0.002642 0.000420 0.001429
0.865151 0.000019 0.000003 0.114741 0.000292 0.000850 0.000043 0.000022 0.000125 0.000338 0.000059 0.000025 0.000641 0.000009 0.000229 0.000040 0.000143 0.000065 0.000164 0.008346 0.000200 0.004252 0.000078 0.000338 0.000069 0.000051 0.000120 0.001875 0.000018 0.000558 0.000115 0.001021
0.560523 0.000043 0.003190 0.076937 0.347956 0.002271 0.000056 0.000046 0.000234 0.000124 0.001002 0.000043 0.002189 0.000060 0.000377 0.000034 0.001092 0.000047 0.000060 0.000217 0.000222 0.000154 0.000135 0.000599 0.000081 0.000209 0.000456 0.000270 0.000084 0.000476 0.000593 0.000219
0.514847 0.002574 0.015430 0.031918 0.268755 0.013239 0.000458 0.000319 0.001075 0.008815 0.008240 0.000181 0.013986 0.003436 0.048570 0.000315 0.002462 0.001337 0.003054 0.003994 0.007114 0.010695 0.000710 0.001529 0.003304 0.001981 0.001705 0.003393 0.008411 0.005463 0.010571 0.002117
0.507226 0.011289 0.000041 0.000524 0.000209 0.000094 0.398599 0.001719 0.005792 0.008157 0.000467 0.001893 0.000005 0.000482 0.000073 0.024506 0.001002 0.020753 0.000781 0.001902 0.000480 0.003610 0.000480 0.000107 0.000263 0.005660 0.000198 0.000429 0.000087 0.000482 0.002356 0.000337
0.531220 0.006274 0.000194 0.005004 0.007920 0.000283 0.224860 0.006324 0.009779 0.032755 0.000779 0.009749 0.000013 0.001584 0.000441 0.069054 0.006659 0.018044 0.033463 0.002175 0.001929 0.008185 0.003762 0.000954 0.000615 0.005937 0.000246 0.001088 0.000389 0.003163 0.005060 0.002096
0.436257 0.033866 0.001049 0.002243 0.001590 0.004242 0.142954 0.007841 0.007473 0.023980 0.016729 0.009063 0.000598 0.007728 0.002325 0.016356 0.006501 0.015758 0.002578 0.087166 0.027480 0.030492 0.007522 0.002241 0.002657 0.011736 0.006567 0.009610 0.002973 0.016886 0.050327 0.005213
0.676541 0.003181 0.000072 0.002015 0.000265 0.000645 0.131021 0.004472 0.003549 0.027396 0.000817 0.002488 0.000014 0.000634 0.000378 0.055957 0.002288 0.025578 0.009544 0.009875 0.003366 0.013557 0.001043 0.000437 0.000469 0.004176 0.000579 0.001411 0.000195 0.003240 0.012265 0.002531
0.522534 0.004835 0.000315 0.004040 0.001249 0.000564 0.011436 0.001668 0.013431 0.205732 0.001947 0.000827 0.000195 0.002639 0.005215 0.016680 0.003681 0.014933 0.003599 0.076128 0.005906 0.062131 0.001680 0.002581 0.001876 0.001781 0.000711 0.007006 0.000505 0.010699 0.006887 0.006588
0.775793 0.000279 0.000021 0.000724 0.000107 0.000062 0.000293 0.000095 0.000573 0.137926 0.000245 0.000104 0.000130 0.000856 0.002164 0.000182 0.000897 0.001147 0.000200 0.027745 0.001217 0.040545 0.000126 0.000926 0.000749 0.000191 0.000078 0.001150 0.000151 0.004143 0.000472 0.000709
0.420167 0.006694 0.000361 0.007603 0.023951 0.000619 0.027621 0.004841 0.006959 0.124506 0.001147 0.017289 0.000033 0.001207 0.002928 0.036741 0.012821 0.003328 0.231613 0.006314 0.003466 0.013626 0.010044 0.004561 0.000947 0.001790 0.000470 0.003458 0.000752 0.010823 0.006246 0.007073
0.770114 0.067361 0.000636 0.000836 0.003722 0.007069 0.000534 0.000090 0.000413 0.000215 0.119776 0.000054 0.004012 0.002874 0.000037 0.000079 0.000073 0.003985 0.000116 0.000257 0.000168 0.000142 0.000582 0.000148 0.000597 0.001301 0.008492 0.000146 0.003571 0.000105 0.002399 0.000093
0.770981 0.008086 0.000233 0.023551 0.005016 0.013619 0.000799 0.000589 0.001845 0.007747 0.100668 0.000608 0.001981 0.001286 0.001666 0.000629 0.001373 0.001397 0.001251 0.008718 0.002827 0.021618 0.000628 0.004704 0.001172 0.000800 0.004760 0.002526 0.001584 0.002798 0.002860 0.001682
0.075992 0.135319 0.000043 0.000071 0.000021 0.000096 0.000045 0.000004 0.000353 0.000022 0.000776 0.000003 0.250270 0.390928 0.000005 0.000002 0.000009 0.000374 0.000385 0.000008 0.000009 0.000108 0.000002 0.000010 0.143268 0.000063 0.000035 0.000006 0.000021 0.000035 0.001691 0.000027
0.068319 0.155057 0.000038 0.000114 0.000016 0.000052 0.000076 0.000007 0.000096 0.000025 0.000353 0.000003 0.025241 0.444794 0.000013 0.000003 0.000015 0.000509 0.000307 0.000013 0.000025 0.000087 0.000002 0.000010 0.297630 0.000174 0.000083 0.000008 0.000039 0.000133 0.006736 0.000022
0.790227 0.000514 0.000185 0.000650 0.001357 0.000123 0.000338 0.000210 0.000137 0.003770 0.000714 0.000241 0.000025 0.000526 0.126541 0.000153 0.004084 0.000306 0.000381 0.010789 0.003382 0.027778 0.000432 0.000870 0.001061 0.001033 0.001028 0.003530 0.001066 0.008748 0.008346 0.001455
0.440851 0.288875 0.000096 0.002574 0.000668 0.002944 0.025115 0.000835 0.003013 0.010733 0.026390 0.000584 0.001165 0.012678 0.000100 0.004030 0.000398 0.127851 0.001915 0.003161 0.001181 0.007591 0.004165 0.000463 0.002601 0.005739 0.004076 0.001731 0.002045 0.001127 0.013712 0.001594
0.420167 0.006694 0.000361 0.007603 0.023951 0.000619 0.027621 0.004841 0.006959 0.124506 0.001147 0.017289 0.000033 0.001207 0.002928 0.036741 0.012821 0.003328 0.231613 0.006314 0.003466 0.013626 0.010044 0.004561 0.000947 0.001790 0.000470 0.003458 0.000752 0.010823 0.006246 0.007073
0.547245 0.001859 0.000797 0.005552 0.011948 0.002216 0.001335 0.003124 0.004387 0.026425 0.059518 0.001483 0.002470 0.001154 0.011406 0.001013 0.011385 0.001425 0.002601 0.152075 0.012209 0.041488 0.011249 0.025502 0.002462 0.001102 0.009712 0.005391 0.005471 0.015596 0.011988 0.008412
0.592008 0.000196 0.000074 0.011532 0.001839 0.004970 0.000424 0.000375 0.001954 0.006536 0.004199 0.000332 0.000457 0.000227 0.000663 0.000069 0.000678 0.001013 0.000225 0.072336 0.002585 0.272185 0.001251 0.001825 0.000189 0.000357 0.000402 0.003621 0.000386 0.006379 0.009582 0.001132
0.695185 0.000738 0.000014 0.000313 0.000217 0.000031 0.000226 0.000094 0.000574 0.016812 0.000358 0.000166 0.000056 0.000374 0.000502 0.000093 0.000566 0.000344 0.000172 0.047148 0.001359 0.224828 0.001363 0.000849 0.000570 0.000083 0.000113 0.001066 0.000104 0.004155 0.001098 0.000430
0.553933 0.009047 0.000435 0.051431 0.003663 0.010720 0.010303 0.002471 0.005514 0.021076 0.002833 0.012078 0.001933 0.002642 0.002447 0.002035 0.004003 0.003831 0.003090 0.024953 0.004335 0.153638 0.053319 0.010949 0.001243 0.003047 0.001890 0.021966 0.001132 0.010083 0.005779 0.004178
0.825155 0.000042 0.000007 0.000042 0.000023 0.000005 0.000027 0.000015 0.000457 0.010598 0.000044 0.000010 0.000003 0.000030 0.000269 0.000028 0.000186 0.000040 0.000014 0.031966 0.000321 0.129303 0.000040 0.000076 0.000113 0.000008 0.000013 0.000229 0.000010 0.000743 0.000098 0.000087
0.024750 0.017989 0.000123 0.003320 0.006052 0.000151 0.040274 0.006442 0.000931 0.013868 0.000927 0.023086 0.000032 0.000652 0.000975 0.009956 0.003042 0.010825 0.001375 0.011775 0.005479 0.018866 0.769781 0.002376 0.000349 0.005936 0.000942 0.005644 0.002712 0.005980 0.003407 0.001984
0.359123 0.001413 0.000263 0.002199 0.004183 0.000675 0.003969 0.002840 0.002267 0.004615 0.001188 0.006170 0.000097 0.000126 0.000180 0.001814 0.001036 0.001588 0.001308 0.001633 0.000611 0.002686 0.591023 0.000499 0.000150 0.000638 0.000339 0.003993 0.000384 0.000634 0.001500 0.000854
0.426943 0.005511 0.000113 0.007015 0.002495 0.000585 0.008798 0.004461 0.004180 0.031912 0.001319 0.012380 0.000137 0.000639 0.001479 0.005465 0.002445 0.002423 0.005799 0.028813 0.003430 0.027782 0.366487 0.003822 0.001137 0.001288 0.000288 0.027004 0.000605 0.007011 0.002696 0.005536
0.827421 0.004977 0.000028 0.000969 0.000727 0.000166 0.008836 0.000921 0.001325 0.002104 0.000731 0.019191 0.000013 0.000063 0.000052 0.001607 0.000341 0.000335 0.000259 0.001598 0.000182 0.002599 0.121478 0.000375 0.000038 0.000530 0.000706 0.001494 0.000152 0.000329 0.000230 0.000222
0.728049 0.000997 0.000422 0.015770 0.005803 0.000704 0.000482 0.000521 0.000414 0.011144 0.003436 0.000487 0.007056 0.000566 0.003795 0.000553 0.032488 0.000256 0.000673 0.005880 0.003777 0.003379 0.003980 0.119561 0.000572 0.000115 0.001068 0.005795 0.000410 0.035300 0.002383 0.004167
0.197274 0.119392 0.000101 0.000500 0.000070 0.000187 0.000388 0.000044 0.000220 0.000256 0.000895 0.000017 0.012976 0.298127 0.000111 0.000027 0.000091 0.001368 0.000969 0.000180 0.000238 0.000590 0.000014 0.000053 0.332023 0.000908 0.000339 0.000062 0.000196 0.001004 0.031269 0.000111
