0.009009 0.000005 0.000010 0.989954 0.000028 0.000389 0.000003 0.000001 0.000001 0.000003 0.000034 0.000001 0.000117 0.000004 0.000012 0.000002 0.000020 0.000011 0.000003 0.000012 0.000036 0.000063 0.000005 0.000005 0.000008 0.000093 0.000045 0.000028 0.000014 0.000020 0.000045 0.000017
0.017939 0.000000 0.000000 0.981990 0.000005 0.000019 0.000000 0.000000 0.000000 0.000000 0.000002 0.000000 0.000002 0.000000 0.000001 0.000000 0.000003 0.000000 0.000000 0.000001 0.000002 0.000004 0.000001 0.000000 0.000000 0.000012 0.000004 0.000007 0.000000 0.000001 0.000003 0.000001
0.146908 0.000145 0.000097 0.841143 0.000450 0.002283 0.000107 0.000047 0.000101 0.000357 0.000241 0.000064 0.000286 0.000052 0.000540 0.000151 0.000725 0.000054 0.000076 0.000484 0.000596 0.000815 0.000293 0.000360 0.000110 0.000144 0.000262 0.001400 0.000091 0.000775 0.000468 0.000375
0.655539 0.000079 0.000006 0.340619 0.000014 0.000942 0.000039 0.000010 0.000020 0.000053 0.000134 0.000018 0.000354 0.000011 0.000060 0.000049 0.000158 0.000036 0.000016 0.000130 0.000125 0.000117 0.000203 0.000040 0.000019 0.000139 0.000114 0.000659 0.000022 0.000094 0.000089 0.000091
0.672417 0.000001 0.000000 0.327303 0.000008 0.000019 0.000001 0.000001 0.000001 0.000004 0.000004 0.000001 0.000011 0.000000 0.000017 0.000001 0.000023 0.000003 0.000001 0.000020 0.000022 0.000054 0.000002 0.000006 0.000001 0.000003 0.000005 0.000012 0.000001 0.000030 0.000018 0.000011
0.665745 0.000089 0.000019 0.296963 0.004880 0.008150 0.000125 0.000042 0.000099 0.000461 0.000408 0.000123 0.000120 0.000044 0.001349 0.000072 0.000670 0.000107 0.000093 0.001848 0.000926 0.001598 0.000312 0.001091 0.000050 0.000950 0.000337 0.010881 0.000085 0.000762 0.001042 0.000559
0.841098 0.000094 0.000004 0.155675 0.000008 0.000785 0.000024 0.000007 0.000021 0.000050 0.000035 0.000010 0.000055 0.000008 0.000150 0.000016 0.000058 0.000014 0.000012 0.000610 0.000075 0.000193 0.000036 0.000017 0.000029 0.000080 0.000057 0.000494 0.000012 0.000113 0.000061 0.000097
0.414211 0.003992 0.003856 0.049715 0.151639 0.024433 0.005539 0.003446 0.006125 0.014852 0.006312 0.003436 0.002299 0.006565 0.018624 0.003371 0.015839 0.006445 0.008328 0.019873 0.008950 0.027479 0.004320 0.111352 0.004449 0.005223 0.002191 0.028790 0.003155 0.016456 0.010294 0.008442
0.313511 0.005293 0.016294 0.023104 0.028155 0.026042 0.008782 0.005186 0.006784 0.028076 0.032130 0.004919 0.009063 0.010306 0.029672 0.002483 0.014614 0.008009 0.006833 0.127142 0.016809 0.091100 0.005995 0.012836 0.007598 0.010237 0.003167 0.017852 0.021698 0.034899 0.063023 0.008389
0.668179 0.001091 0.000602 0.000564 0.015855 0.001039 0.001690 0.001164 0.012378 0.023884 0.027734 0.001291 0.000280 0.000421 0.002551 0.001307 0.006363 0.000877 0.001695 0.114667 0.010003 0.049165 0.003044 0.003624 0.000772 0.001089 0.010796 0.005347 0.002289 0.008014 0.019146 0.003077
0.414211 0.003992 0.003856 0.049715 0.151639 0.024433 0.005539 0.003446 0.006125 0.014852 0.006312 0.003436 0.002299 0.006565 0.018624 0.003371 0.015839 0.006445 0.008328 0.019873 0.008950 0.027479 0.004320 0.111352 0.004449 0.005223 0.002191 0.028790 0.003155 0.016456 0.010294 0.008442
