chair 0 195 192 433 0.966941 0.026440
chair 461 3 587 143 0.91422 0.084024
chair 495 48 588 434 0.900273 0.099420
chair 355 27 469 138 0.768959 0.218897
chair 239 10 344 121 0.450704 0.534072
chair 478 33 524 142 0.406466 0.560859
chair 344 27 401 86 0.328782 0.638926
chair 15 125 151 300 0.327053 0.623107
chair 101 334 226 407 0.309223 0.648421
chair 318 1 359 14 0.308744 0.587133
chair 113 131 273 363 0.298195 0.583402
chair 328 1 332 14 0.275794 0.651783
chair 403 431 411 434 0.261567 0.444820
chair 230 9 267 123 0.246947 0.745682
chair 332 31 362 80 0.238579 0.740326
chair 288 65 360 127 0.236198 0.763406
chair 262 29 313 58 0.227091 0.739805
chair 346 31 363 46 0.20159 0.785978
chair 343 41 352 74 0.175471 0.819940
chair 288 0 320 19 0.174302 0.781701
chair 290 1 383 25 0.166436 0.784743
chair 237 163 528 421 0.156621 0.590007
chair 438 435 449 440 0.152573 0.445801
chair 392 0 516 11 0.146046 0.599643
chair 509 0 589 60 0.145109 0.772916
chair 257 0 321 33 0.14452 0.827105
chair 309 103 362 133 0.139369 0.859144
chair 307 434 317 440 0.128919 0.370200
chair 436 419 498 439 0.128242 0.333733
chair 349 52 363 80 0.121403 0.875366
chair 348 106 354 124 0.119108 0.869754
chair 472 326 590 432 0.116689 0.864234
chair 266 7 391 54 0.116504 0.853468
chair 381 316 454 408 0.113824 0.799281
chair 44 106 132 162 0.113777 0.830414
chair 423 79 453 140 0.112026 0.865605
chair 342 44 352 53 0.106216 0.889565
chair 563 0 586 261 0.105112 0.847338
chair 279 70 295 102 0.102459 0.893370
table 143 122 582 420 0.997728 0.001360
table 67 100 307 398 0.74396 0.171078
table 378 21 536 141 0.421009 0.573306
table 280 13 401 106 0.10796 0.703200
picture 118 1 133 44 0.102366 0.194223
paper 1 9 18 56 0.848941 0.137471
paper 0 18 9 35 0.719823 0.260944
paper 0 45 19 55 0.67149 0.326044
paper 1 44 40 70 0.465736 0.517567
paper 214 399 271 440 0.303959 0.319199
paper 219 416 229 426 0.250868 0.644151
paper 232 425 239 434 0.239473 0.696585
paper 4 15 44 125 0.178771 0.364623
paper 578 428 590 440 0.162683 0.376342
paper 79 410 138 440 0.158394 0.128683
paper 77 372 276 438 0.134548 0.411695
paper 264 419 267 426 0.121186 0.541683
paper 510 405 590 440 0.116666 0.354756
paper 573 267 574 268 0.116289 0.316311
paper 442 425 446 431 0.115474 0.423266
paper 41 413 88 440 0.107678 0.587429
paper 245 428 275 440 0.106179 0.208396
box 123 1 168 38 0.545453 0.244102
box 0 14 45 111 0.456057 0.329612
box 45 2 136 60 0.412265 0.172843
box 117 1 133 42 0.331993 0.194223
box 442 425 447 431 0.189953 0.423266
box 509 403 590 440 0.181761 0.354756
box 441 420 497 439 0.150634 0.240334
box 43 139 55 159 0.133707 0.743516
box 1 59 42 86 0.133472 0.811691
box 79 408 137 440 0.127204 0.128683
box 386 1 422 10 0.122291 0.475479
box 40 411 89 440 0.116362 0.587429
box 217 395 290 439 0.108088 0.303378
person 162 0 179 10 0.151216 0.779457
lamp 74 384 249 440 0.14203 0.402956
lamp 79 410 137 440 0.100014 0.128683
