0.815475 0.000553 0.121237 0.000244 0.002725 0.004359 0.000076 0.000074 0.008774 0.000052 0.042566 0.000286 0.000692 0.000111 0.000051 0.000018 0.000116 0.000107 0.000047 0.000132 0.000107 0.000442 0.000022 0.000027 0.000082 0.000093 0.000965 0.000025 0.000228 0.000038 0.000241 0.000035
0.680936 0.000994 0.001127 0.161793 0.006323 0.007279 0.000539 0.000540 0.006271 0.002865 0.004504 0.001496 0.002004 0.000572 0.002308 0.000208 0.001460 0.000915 0.000614 0.025680 0.001040 0.071570 0.000474 0.002708 0.001074 0.000421 0.000583 0.005974 0.000222 0.002945 0.002523 0.002038
0.694941 0.007137 0.002907 0.000251 0.000923 0.000400 0.001551 0.001436 0.013861 0.001655 0.221053 0.006442 0.000132 0.000544 0.000938 0.000300 0.001609 0.000670 0.000354 0.009113 0.001843 0.016341 0.000656 0.000583 0.001094 0.000968 0.005663 0.001253 0.001244 0.001418 0.002090 0.000629
0.672665 0.004454 0.001767 0.000306 0.000734 0.000502 0.000978 0.001313 0.006770 0.006762 0.195581 0.003043 0.000135 0.000555 0.001766 0.000452 0.002098 0.000752 0.000480 0.025374 0.003708 0.049862 0.001275 0.001200 0.001307 0.000841 0.003810 0.003119 0.001448 0.003146 0.002809 0.000990
0.732318 0.005129 0.002915 0.000447 0.000601 0.000695 0.001214 0.000913 0.005873 0.002748 0.191940 0.004323 0.000135 0.000800 0.001448 0.000347 0.002104 0.000512 0.000363 0.010161 0.002127 0.018387 0.000655 0.000841 0.001598 0.000651 0.003367 0.002038 0.000963 0.001870 0.001692 0.000826
0.693579 0.004451 0.001932 0.000381 0.000750 0.000777 0.000840 0.001285 0.007374 0.005778 0.189377 0.002697 0.000131 0.000515 0.001445 0.000468 0.001733 0.000829 0.000449 0.019898 0.003254 0.043633 0.001162 0.000963 0.001259 0.000816 0.003949 0.002687 0.001415 0.002639 0.002682 0.000852
0.703299 0.005855 0.002968 0.000416 0.001353 0.000823 0.001180 0.001694 0.008651 0.007950 0.165046 0.003367 0.000214 0.000707 0.001814 0.000708 0.002241 0.001031 0.000611 0.021938 0.003900 0.041522 0.001996 0.001358 0.001525 0.001246 0.004613 0.002819 0.002365 0.002770 0.002894 0.001123
0.660705 0.011157 0.004471 0.000648 0.001802 0.000791 0.003181 0.002896 0.019729 0.006926 0.162175 0.009201 0.000364 0.001312 0.002422 0.000821 0.003546 0.002283 0.001013 0.026917 0.004923 0.042608 0.001704 0.001805 0.002049 0.002139 0.006419 0.003234 0.002650 0.004352 0.004349 0.001409
0.739242 0.003679 0.003316 0.000239 0.000705 0.000534 0.000909 0.001106 0.009171 0.004832 0.156380 0.003290 0.000104 0.000477 0.001319 0.000389 0.001733 0.000708 0.000385 0.017554 0.002645 0.036103 0.000752 0.000899 0.001038 0.000720 0.003276 0.002369 0.001273 0.002127 0.002020 0.000709
0.725628 0.003505 0.001934 0.000354 0.000400 0.000480 0.000791 0.000882 0.007592 0.004969 0.155602 0.002726 0.000088 0.000511 0.001898 0.000342 0.002085 0.000642 0.000421 0.020685 0.002878 0.048221 0.000595 0.000921 0.001329 0.000538 0.003225 0.003468 0.000932 0.002978 0.002596 0.000786
0.740566 0.004908 0.003753 0.000239 0.001052 0.000598 0.001042 0.001426 0.009409 0.005629 0.153478 0.003520 0.000146 0.000597 0.001209 0.000484 0.001798 0.000947 0.000433 0.017049 0.002810 0.032102 0.001173 0.000945 0.001173 0.000996 0.003691 0.002149 0.001683 0.001964 0.002253 0.000777
0.732698 0.003826 0.002401 0.000400 0.000585 0.000718 0.000861 0.001051 0.007462 0.005439 0.153418 0.002815 0.000099 0.000531 0.001719 0.000454 0.001922 0.000713 0.000426 0.018439 0.003021 0.043266 0.000811 0.000990 0.001290 0.000682 0.003596 0.003118 0.001199 0.002668 0.002531 0.000853
0.754483 0.002705 0.005262 0.000529 0.000768 0.000739 0.001160 0.001022 0.006320 0.003414 0.146839 0.004501 0.000146 0.000660 0.002119 0.000354 0.002445 0.000583 0.000458 0.015476 0.003708 0.026286 0.000540 0.001051 0.001766 0.000679 0.005089 0.002753 0.001195 0.003055 0.002929 0.000968
0.782415 0.003517 0.005012 0.000151 0.001071 0.000365 0.001016 0.001157 0.016520 0.001872 0.142706 0.005002 0.000072 0.000290 0.000783 0.000273 0.001452 0.000416 0.000339 0.007847 0.001450 0.015810 0.000607 0.000462 0.000713 0.000516 0.003393 0.001183 0.000814 0.001036 0.001287 0.000453
0.667211 0.025614 0.004006 0.001547 0.002700 0.001367 0.006139 0.003891 0.020223 0.003840 0.142700 0.012461 0.000633 0.002522 0.002780 0.001034 0.005297 0.002693 0.000972 0.017275 0.005023 0.028501 0.001894 0.001430 0.004078 0.003778 0.009453 0.002937 0.003533 0.004658 0.008031 0.001779
0.718671 0.004758 0.002864 0.000559 0.000780 0.000885 0.001122 0.001238 0.008524 0.007866 0.138553 0.002932 0.000175 0.000868 0.002447 0.000670 0.002566 0.001054 0.000646 0.023785 0.003866 0.052653 0.001109 0.001570 0.001865 0.000867 0.003835 0.004204 0.001464 0.003383 0.002864 0.001355
0.729723 0.004032 0.002726 0.000603 0.000550 0.000770 0.001132 0.001074 0.007702 0.005891 0.138483 0.003618 0.000131 0.000775 0.002630 0.000472 0.002572 0.000908 0.000540 0.019782 0.003681 0.049950 0.000681 0.001282 0.002064 0.000758 0.003943 0.004487 0.001120 0.003563 0.003201 0.001153
0.715602 0.004740 0.004306 0.000465 0.001073 0.000725 0.001375 0.001541 0.015309 0.006956 0.130695 0.004525 0.000212 0.000800 0.002100 0.000545 0.002684 0.001313 0.000633 0.027714 0.003946 0.051039 0.001044 0.001417 0.001416 0.000976 0.004292 0.003389 0.001667 0.003603 0.002948 0.000949
0.769799 0.003881 0.004078 0.001051 0.000736 0.000713 0.002154 0.001207 0.004686 0.003778 0.122367 0.010385 0.000180 0.000822 0.002883 0.000454 0.003470 0.000726 0.000611 0.015469 0.004672 0.022438 0.000924 0.001700 0.002178 0.000816 0.005392 0.003069 0.001342 0.004325 0.002432 0.001263
0.658139 0.009999 0.004829 0.001295 0.001830 0.000882 0.004600 0.003924 0.022103 0.007294 0.122210 0.012972 0.000536 0.001751 0.003714 0.000897 0.004827 0.003049 0.001467 0.035361 0.006803 0.051755 0.001493 0.002240 0.002914 0.002814 0.007898 0.004170 0.002499 0.006825 0.007069 0.001840
0.748680 0.003573 0.053732 0.000135 0.006031 0.007793 0.000371 0.000378 0.053882 0.000163 0.115123 0.001630 0.001882 0.000102 0.000031 0.000089 0.000117 0.000256 0.000114 0.000141 0.000101 0.000322 0.000465 0.000104 0.000087 0.000481 0.002991 0.000065 0.000875 0.000027 0.000181 0.000081
0.692528 0.004173 0.003733 0.000583 0.001177 0.000895 0.000973 0.001472 0.012119 0.010403 0.114290 0.002490 0.000162 0.000881 0.002966 0.000761 0.003279 0.001191 0.000760 0.033888 0.004844 0.079098 0.001143 0.001521 0.001756 0.000908 0.004410 0.005364 0.001706 0.005060 0.004242 0.001223
0.732114 0.003647 0.003156 0.000921 0.000732 0.001134 0.001128 0.001198 0.007916 0.006186 0.113386 0.002553 0.000198 0.000908 0.003989 0.000629 0.003121 0.001112 0.000618 0.025999 0.005329 0.055812 0.000916 0.001640 0.002425 0.001024 0.005426 0.004884 0.001847 0.004458 0.004067 0.001526
0.781340 0.005524 0.002588 0.001611 0.000913 0.001435 0.001707 0.001420 0.004451 0.005470 0.112355 0.008017 0.000310 0.001166 0.002292 0.000531 0.004246 0.000695 0.001002 0.014571 0.003964 0.022851 0.001410 0.001740 0.002004 0.000694 0.002729 0.003254 0.001061 0.005058 0.002210 0.001383
0.798952 0.006282 0.001631 0.002384 0.001884 0.003324 0.001638 0.001777 0.004886 0.005112 0.110960 0.005802 0.000759 0.001035 0.001029 0.000575 0.003959 0.000641 0.001863 0.011053 0.002729 0.014379 0.001698 0.002074 0.001272 0.000497 0.002098 0.001788 0.000934 0.003910 0.001695 0.001379
0.736539 0.003375 0.003411 0.000415 0.001001 0.000809 0.000771 0.001119 0.009078 0.008132 0.110948 0.001936 0.000133 0.000586 0.002632 0.000624 0.002424 0.000752 0.000554 0.029045 0.003462 0.061127 0.000880 0.001201 0.001296 0.000871 0.003872 0.004201 0.001495 0.003192 0.003209 0.000912
0.710386 0.003890 0.003130 0.001203 0.000936 0.001372 0.001307 0.001400 0.008626 0.007247 0.110388 0.002798 0.000273 0.001076 0.004995 0.000779 0.003736 0.001328 0.000748 0.029972 0.006144 0.064534 0.001064 0.002024 0.002741 0.001280 0.006348 0.006033 0.002124 0.005473 0.004840 0.001806
0.732879 0.004051 0.003769 0.000776 0.000874 0.001169 0.001109 0.001277 0.008564 0.007544 0.109799 0.002323 0.000211 0.001020 0.003970 0.000752 0.003030 0.001156 0.000701 0.028053 0.005151 0.053956 0.001031 0.001821 0.002327 0.001035 0.005100 0.004816 0.002106 0.004234 0.003808 0.001588
0.770276 0.004687 0.005284 0.000367 0.001350 0.000824 0.001105 0.001391 0.011990 0.006199 0.108150 0.003551 0.000161 0.000564 0.001729 0.000616 0.002165 0.000864 0.000492 0.019392 0.002861 0.037730 0.001249 0.001161 0.001125 0.001009 0.003899 0.002790 0.001859 0.002218 0.002158 0.000783
0.679121 0.004394 0.003239 0.000627 0.001137 0.000863 0.001033 0.001535 0.013424 0.011291 0.106395 0.002553 0.000162 0.000984 0.002940 0.000789 0.003634 0.001325 0.000829 0.037369 0.005399 0.091399 0.001231 0.001585 0.001845 0.000871 0.004601 0.005762 0.001656 0.006003 0.004652 0.001354
0.693204 0.010388 0.004134 0.000906 0.001560 0.001006 0.002413 0.002144 0.010713 0.008826 0.106283 0.004744 0.000337 0.001799 0.003570 0.000882 0.004069 0.002540 0.001052 0.036100 0.005586 0.061559 0.001803 0.001884 0.002428 0.002003 0.006087 0.004479 0.003017 0.006684 0.006166 0.001634
0.667836 0.008601 0.005003 0.001200 0.002267 0.001780 0.001896 0.002099 0.010327 0.012629 0.104934 0.003975 0.000493 0.002162 0.003663 0.001103 0.004151 0.002396 0.001280 0.034418 0.006288 0.080391 0.002576 0.002447 0.002933 0.001870 0.005327 0.007674 0.003140 0.006706 0.006353 0.002081
0.821065 0.001874 0.002328 0.000288 0.000431 0.000702 0.000382 0.000599 0.004398 0.003620 0.101549 0.001143 0.000065 0.000293 0.001259 0.000253 0.001177 0.000492 0.000230 0.015157 0.002110 0.029345 0.000530 0.000586 0.000654 0.000471 0.002303 0.001699 0.000915 0.001856 0.001795 0.000430
0.789215 0.002424 0.005506 0.000330 0.000817 0.000676 0.000768 0.000973 0.009286 0.004717 0.101008 0.002645 0.000100 0.000446 0.001536 0.000381 0.001807 0.000698 0.000395 0.018161 0.002796 0.040484 0.000623 0.000909 0.000983 0.000643 0.003057 0.002402 0.001174 0.002198 0.002166 0.000674
0.231180 0.003601 0.007315 0.039218 0.029055 0.041790 0.004583 0.003334 0.004879 0.021675 0.021700 0.002721 0.003640 0.006491 0.017778 0.002257 0.009951 0.009769 0.004909 0.214698 0.014028 0.148600 0.004805 0.009270 0.007868 0.004632 0.004131 0.015407 0.011813 0.022324 0.066649 0.009929
0.285359 0.003556 0.015068 0.007164 0.036700 0.019644 0.005895 0.003469 0.003581 0.020515 0.020690 0.003846 0.001750 0.005103 0.025960 0.001137 0.020701 0.005516 0.002558 0.182002 0.021776 0.090496 0.005499 0.008623 0.004917 0.007628 0.007017 0.025458 0.017763 0.036073 0.097806 0.006732
0.575021 0.000187 0.002044 0.000619 0.000155 0.006117 0.000290 0.000262 0.000367 0.003036 0.002461 0.000150 0.000309 0.000491 0.002304 0.000161 0.002278 0.000733 0.000512 0.174490 0.011273 0.178353 0.000404 0.000191 0.002059 0.000366 0.001907 0.001116 0.001045 0.005581 0.025042 0.000679
0.680435 0.000609 0.003603 0.002259 0.004922 0.006619 0.005367 0.002670 0.002328 0.028321 0.014360 0.009030 0.000539 0.000673 0.010000 0.000895 0.006854 0.002475 0.004744 0.129466 0.005189 0.013401 0.001234 0.006494 0.001789 0.003309 0.001110 0.004495 0.002111 0.009798 0.032367 0.002535
0.827101 0.000049 0.000149 0.000410 0.000687 0.000125 0.000166 0.000118 0.003188 0.003125 0.001106 0.000078 0.000153 0.000128 0.002520 0.000077 0.001326 0.000206 0.000238 0.127913 0.001976 0.021255 0.000169 0.000302 0.000340 0.000153 0.000960 0.000462 0.000132 0.003069 0.001742 0.000576
0.575021 0.000187 0.002044 0.000619 0.000155 0.006117 0.000290 0.000262 0.000367 0.003036 0.002461 0.000150 0.000309 0.000491 0.002304 0.000161 0.002278 0.000733 0.000512 0.174490 0.011273 0.178353 0.000404 0.000191 0.002059 0.000366 0.001907 0.001116 0.001045 0.005581 0.025042 0.000679
0.231180 0.003601 0.007315 0.039218 0.029055 0.041790 0.004583 0.003334 0.004879 0.021675 0.021700 0.002721 0.003640 0.006491 0.017778 0.002257 0.009951 0.009769 0.004909 0.214698 0.014028 0.148600 0.004805 0.009270 0.007868 0.004632 0.004131 0.015407 0.011813 0.022324 0.066649 0.009929
0.830212 0.000087 0.000125 0.000577 0.000212 0.000309 0.000205 0.000237 0.000766 0.007055 0.000741 0.000258 0.000022 0.000090 0.001029 0.000170 0.000684 0.000942 0.000679 0.027149 0.002853 0.115356 0.000255 0.000783 0.000164 0.000271 0.000302 0.001040 0.000176 0.003420 0.003025 0.000808
0.668615 0.005118 0.003267 0.000803 0.001295 0.000925 0.001036 0.001543 0.015930 0.013399 0.086393 0.002161 0.000234 0.001292 0.003603 0.000862 0.004316 0.001360 0.000929 0.043025 0.005779 0.105035 0.001360 0.001888 0.002266 0.000925 0.004117 0.006969 0.001671 0.007071 0.005227 0.001586
0.783736 0.000494 0.002347 0.000483 0.000301 0.000441 0.000390 0.000410 0.002920 0.006159 0.025357 0.000697 0.000037 0.000291 0.003658 0.000250 0.002747 0.000415 0.000335 0.040299 0.004852 0.103122 0.000195 0.000865 0.000980 0.000312 0.002659 0.003944 0.000753 0.005770 0.003935 0.000846
0.497995 0.001873 0.002058 0.020527 0.007751 0.008022 0.004316 0.002123 0.001453 0.033515 0.007094 0.001761 0.005079 0.007974 0.025480 0.002187 0.033658 0.004476 0.008050 0.044703 0.030883 0.059486 0.002137 0.014050 0.010827 0.002634 0.001472 0.005617 0.004361 0.101094 0.040508 0.006836
