chair 34 117 233 513 0.494347 0.360034
chair 323 95 650 491 0.435231 0.232816
chair 24 122 217 227 0.206428 0.780293
sofa 220 79 667 498 0.481567 0.261453
sofa 22 19 263 192 0.34004 0.541284
sofa 5 192 252 530 0.180236 0.395679
sofa 526 148 679 211 0.176217 0.347889
table 251 205 680 515 0.941291 0.040635
table 25 141 203 326 0.402323 0.505174
picture 635 1 680 22 0.175956 0.600456
picture 354 1 408 7 0.14332 0.697778
picture 623 7 636 16 0.119139 0.705515
picture 381 3 400 18 0.112829 0.662000
picture 533 0 680 22 0.104418 0.858956
picture 353 3 386 15 0.10318 0.774153
counter 0 42 300 178 0.150503 0.548382
pillow 5 0 78 34 0.364745 0.415751
pillow 33 0 57 11 0.191361 0.540177
pillow 15 39 35 50 0.162899 0.720750
pillow 4 21 80 56 0.159973 0.697633
pillow 16 2 201 70 0.129382 0.526321
pillow 2 43 62 71 0.110029 0.549247
pillow 1 44 13 63 0.107783 0.512383
clothes 214 0 299 32 0.150734 0.633839
tv 461 518 482 530 0.121859 0.720459
paper 191 502 202 508 0.294769 0.388664
paper 157 495 170 498 0.189051 0.442582
paper 631 497 680 530 0.188044 0.404810
paper 658 505 667 509 0.16277 0.420563
paper 289 41 303 50 0.161846 0.434576
paper 304 496 316 509 0.161626 0.537499
paper 121 464 255 530 0.150776 0.428135
paper 673 196 680 204 0.146907 0.219929
paper 673 205 680 242 0.143639 0.279401
paper 312 491 341 530 0.132338 0.338570
paper 636 503 666 512 0.130837 0.704424
paper 631 516 646 527 0.121738 0.828948
paper 77 512 112 530 0.121642 0.250930
paper 252 494 306 530 0.115924 0.266096
paper 652 510 680 522 0.111663 0.656449
paper 656 380 659 385 0.110744 0.408153
paper 389 512 398 517 0.110484 0.332944
paper 3 79 48 113 0.108758 0.586850
paper 659 496 666 500 0.107719 0.510246
paper 666 32 680 45 0.104504 0.491597
paper 635 12 639 17 0.103485 0.777407
paper 290 6 345 52 0.103154 0.605201
box 66 0 204 71 0.20745 0.231235
box 157 495 171 498 0.156779 0.442582
box 658 505 667 509 0.1323 0.420563
box 303 495 317 509 0.129156 0.537499
box 659 496 667 500 0.125484 0.510246
box 660 49 670 67 0.119334 0.669430
box 251 491 305 530 0.117393 0.266096
box 76 511 112 530 0.116049 0.250930
box 629 493 680 529 0.10776 0.404810
box 311 489 340 530 0.104437 0.338570
box 381 3 400 17 0.101396 0.662000
lamp 395 323 406 339 0.125401 0.857646
garbage_bin 668 102 673 109 0.210233 0.288918
garbage_bin 70 0 197 78 0.165791 0.231235
garbage_bin 190 501 202 508 0.104102 0.388664
