cabinet 472 113 680 387 0.352217 0.467587
sofa 5 0 106 59 0.217273 0.624534
table 13 99 459 437 0.771156 0.199458
table 250 144 672 510 0.174194 0.787929
picture 143 2 207 41 0.581296 0.075102
picture 128 2 148 48 0.190625 0.325807
picture 16 1 51 32 0.128476 0.395780
counter 405 131 680 513 0.143904 0.536191
desk 199 150 657 511 0.26863 0.501008
tv 500 110 680 339 0.152446 0.626014
paper 296 148 320 155 0.429947 0.567151
paper 325 113 392 151 0.36563 0.531193
paper 278 100 432 193 0.274395 0.603790
paper 345 102 391 130 0.243632 0.698364
paper 303 485 336 530 0.199587 0.295068
paper 159 11 180 17 0.188891 0.565884
paper 320 447 624 530 0.168143 0.576804
paper 596 499 603 506 0.164297 0.632760
paper 280 144 299 162 0.164162 0.830648
paper 524 478 587 516 0.151857 0.686200
paper 422 163 454 206 0.149573 0.546374
paper 432 159 455 173 0.148563 0.579725
paper 279 114 309 164 0.144206 0.842305
paper 272 156 385 188 0.131451 0.803828
paper 672 494 680 530 0.126953 0.268915
paper 365 102 373 113 0.125858 0.813657
paper 633 520 643 527 0.117893 0.603469
paper 571 287 641 316 0.117514 0.647439
paper 615 493 680 530 0.115988 0.375862
paper 145 0 208 42 0.107221 0.075102
paper 366 89 453 131 0.107047 0.487744
paper 667 183 680 189 0.106674 0.501820
paper 299 149 380 167 0.101721 0.784208
box 269 106 440 241 0.897071 0.061323
box 295 189 344 206 0.642068 0.330332
box 168 129 210 170 0.485956 0.473380
box 160 61 305 185 0.453137 0.388307
box 337 206 340 210 0.446825 0.546358
box 418 155 494 215 0.291809 0.558860
box 267 170 358 206 0.26748 0.682284
box 89 66 167 77 0.213151 0.590380
box 142 1 208 40 0.186225 0.075102
box 141 84 212 182 0.183145 0.709893
box 612 491 680 530 0.17649 0.375862
box 158 11 180 17 0.170686 0.565884
box 128 2 148 47 0.169859 0.325807
box 415 164 429 205 0.162317 0.723806
box 672 492 680 529 0.159221 0.268915
box 227 73 289 148 0.152386 0.555517
box 421 167 429 188 0.148125 0.457320
box 125 219 171 329 0.145822 0.818257
box 2 114 100 196 0.143616 0.833877
box 303 91 422 167 0.141985 0.577240
box 24 176 58 191 0.139262 0.846028
box 73 130 89 158 0.130816 0.849378
box 302 482 336 530 0.128061 0.295068
box 366 89 446 132 0.126689 0.487744
box 14 116 201 335 0.119331 0.781970
box 295 146 383 169 0.111936 0.784208
box 596 498 604 506 0.104705 0.632760
box 67 527 75 530 0.104433 0.201103
box 111 75 123 81 0.10422 0.763305
box 92 66 222 125 0.103821 0.779365
box 92 75 129 96 0.102906 0.796910
box 415 352 429 367 0.101626 0.738357
box 315 438 641 529 0.100235 0.576804
sink 117 124 572 429 0.166981 0.555818
sink 245 118 448 288 0.127726 0.193539
bathtub 436 62 680 515 0.117853 0.408813
garbage_bin 248 276 352 436 0.694241 0.237219
garbage_bin 183 282 193 287 0.3242 0.669587
garbage_bin 183 286 193 295 0.322368 0.672762
garbage_bin 184 235 261 407 0.303534 0.679200
garbage_bin 214 287 222 290 0.299039 0.697062
garbage_bin 421 166 428 189 0.281491 0.457320
garbage_bin 218 288 231 298 0.255695 0.742278
garbage_bin 182 282 214 298 0.243505 0.753802
garbage_bin 183 292 198 304 0.169391 0.827514
garbage_bin 261 282 265 286 0.127729 0.835953
garbage_bin 270 303 277 308 0.113591 0.862885
garbage_bin 162 253 234 301 0.103366 0.863582
garbage_bin 280 278 307 291 0.103046 0.894231
