chair 60 239 629 530 0.773393 0.124704
chair 43 53 242 499 0.534275 0.446699
chair 346 516 353 517 0.184894 0.695432
chair 527 114 532 139 0.142363 0.834071
chair 452 235 680 530 0.142241 0.857026
sofa 0 3 168 66 0.273598 0.471310
sofa 118 0 203 65 0.202739 0.377207
sofa 245 0 355 44 0.188369 0.361298
sofa 41 1 126 29 0.103107 0.374871
table 62 73 672 530 0.998341 0.000445
bookshelf 1 3 339 89 0.10314 0.607328
picture 348 4 388 69 0.176788 0.265149
picture 259 1 264 8 0.12905 0.309949
picture 240 1 260 33 0.125198 0.358673
picture 52 1 131 32 0.120252 0.374871
picture 256 1 290 16 0.115106 0.339834
picture 379 4 400 59 0.103784 0.281269
tv 345 1 384 16 0.129435 0.548143
tv 340 1 343 8 0.11078 0.541394
tv 0 1 44 19 0.103267 0.697046
paper 603 112 609 115 0.188583 0.336457
paper 339 29 370 65 0.184553 0.226179
paper 369 29 382 62 0.179654 0.246338
paper 628 476 680 530 0.128017 0.682628
paper 379 1 400 59 0.126446 0.281269
paper 80 32 95 47 0.105284 0.538442
paper 89 38 92 40 0.104971 0.485087
box 339 28 370 65 0.263388 0.226179
box 356 15 386 68 0.234279 0.173553
box 379 4 399 60 0.184821 0.281269
box 363 52 373 67 0.153434 0.217247
box 128 526 134 530 0.123907 0.390152
box 367 59 382 69 0.11224 0.307862
box 224 1 239 16 0.108676 0.307739
box 258 1 264 8 0.108638 0.309949
garbage_bin 368 29 383 62 0.116189 0.246338
