door 318 2 360 349 0.148565 0.756324
door 1 395 22 485 0.134184 0.367073
door 5 327 67 530 0.108869 0.512515
picture 640 1 646 3 0.254396 0.328993
picture 174 175 178 179 0.109978 0.074611
pillow 376 505 384 512 0.193843 0.748965
pillow 383 511 400 520 0.188848 0.674308
pillow 377 514 382 518 0.13555 0.780605
pillow 380 511 429 530 0.134895 0.527999
pillow 399 512 406 519 0.11853 0.638001
pillow 393 499 398 511 0.108435 0.680732
pillow 382 525 391 530 0.100376 0.538208
tv 46 383 342 513 0.391511 0.554370
tv 254 408 272 427 0.261975 0.635695
paper 476 82 511 130 0.530499 0.285602
paper 268 505 269 509 0.288844 0.379214
paper 182 510 190 514 0.279256 0.479587
paper 191 510 193 510 0.272286 0.481971
paper 254 506 254 511 0.265703 0.443826
paper 190 504 199 508 0.265217 0.495945
paper 191 508 215 512 0.261554 0.491161
paper 208 508 214 510 0.258767 0.469333
paper 225 503 240 508 0.248559 0.486190
paper 174 511 181 514 0.23269 0.565369
paper 460 494 464 510 0.215487 0.499052
paper 472 501 481 512 0.20738 0.501816
paper 433 499 450 503 0.194369 0.513645
paper 663 511 669 522 0.190828 0.297683
paper 174 175 177 179 0.18914 0.074611
paper 582 496 668 530 0.187868 0.235793
paper 625 0 646 3 0.187497 0.346940
paper 165 513 173 516 0.186119 0.478259
paper 512 80 524 99 0.185648 0.635390
paper 439 5 451 8 0.183898 0.729750
paper 461 494 464 498 0.183752 0.527301
paper 657 496 663 496 0.179955 0.353142
paper 667 499 680 512 0.179268 0.314804
paper 426 475 625 530 0.173857 0.359553
paper 247 501 253 504 0.17367 0.578316
paper 576 512 605 528 0.171622 0.406706
paper 257 495 277 503 0.171171 0.539884
paper 480 514 486 518 0.167839 0.410870
paper 255 502 316 530 0.165539 0.361546
paper 443 498 447 501 0.165358 0.547696
paper 480 495 498 513 0.165225 0.550293
paper 192 506 255 530 0.161785 0.210720
paper 485 512 497 518 0.159044 0.394240
paper 419 496 433 502 0.156804 0.507935
paper 240 501 246 505 0.155283 0.637579
paper 206 499 223 508 0.153307 0.653803
paper 571 511 575 514 0.152216 0.423466
paper 426 479 480 530 0.146054 0.547317
paper 576 498 586 510 0.144282 0.623507
paper 629 511 655 530 0.14265 0.182138
paper 527 502 544 510 0.14145 0.316842
paper 471 512 528 530 0.14067 0.183390
paper 656 512 668 530 0.140083 0.164734
paper 498 513 512 519 0.139129 0.377317
paper 670 394 680 398 0.137954 0.395687
paper 11 486 30 518 0.137699 0.558792
paper 497 500 502 507 0.136155 0.567356
paper 127 206 130 210 0.13553 0.047751
paper 278 501 302 518 0.133278 0.600793
paper 188 32 190 41 0.131922 0.042408
paper 520 512 523 519 0.131529 0.308044
paper 634 165 636 167 0.130931 0.698800
paper 664 460 680 469 0.129963 0.351113
paper 626 431 631 435 0.126418 0.482635
paper 498 495 520 511 0.125315 0.600934
paper 619 414 640 431 0.123433 0.532767
paper 669 512 680 530 0.12343 0.135876
paper 512 495 528 511 0.122106 0.572993
paper 416 309 429 315 0.121179 0.813689
paper 472 479 528 518 0.120006 0.656374
paper 144 511 217 530 0.118601 0.434063
paper 254 479 286 503 0.11813 0.692452
paper 181 491 186 496 0.115816 0.745111
paper 164 496 175 513 0.110918 0.781158
paper 548 354 558 360 0.110328 0.742295
paper 11 477 25 488 0.109883 0.516995
paper 1 481 11 488 0.108956 0.127517
paper 666 216 672 219 0.10762 0.425784
paper 486 495 492 500 0.10754 0.649193
paper 452 0 483 16 0.105913 0.744456
paper 269 495 277 497 0.105226 0.722860
paper 673 131 680 134 0.103302 0.413940
paper 577 529 578 530 0.102931 0.276901
paper 262 479 270 494 0.100079 0.774808
box 515 436 527 447 0.276286 0.712796
box 509 439 528 468 0.267339 0.713717
box 576 528 578 530 0.236405 0.276901
box 527 502 544 510 0.215006 0.316842
box 510 509 575 530 0.211723 0.207952
box 494 515 527 530 0.206126 0.241435
box 581 494 668 529 0.192286 0.235793
box 519 512 522 519 0.189825 0.308044
box 656 495 663 496 0.184658 0.353142
box 629 510 655 530 0.173388 0.182138
box 575 511 605 528 0.167057 0.406706
box 572 510 575 514 0.163251 0.423466
box 1 488 32 529 0.160025 0.183631
box 497 512 512 519 0.158513 0.377317
box 656 511 668 530 0.15213 0.164734
box 543 513 560 526 0.149232 0.448482
box 268 505 270 509 0.146588 0.379214
box 663 510 670 522 0.144753 0.297683
box 388 490 407 496 0.140375 0.682828
box 650 526 656 530 0.140171 0.244736
box 419 496 432 502 0.132162 0.507935
box 484 511 496 518 0.130696 0.394240
box 433 498 442 503 0.123676 0.507437
box 472 501 481 512 0.120209 0.501816
box 460 493 464 510 0.11999 0.499052
box 480 494 499 513 0.119142 0.550293
box 479 513 485 518 0.118504 0.410870
box 498 500 503 507 0.116608 0.567356
box 254 506 255 511 0.116333 0.443826
box 423 469 621 530 0.115163 0.359553
box 479 525 494 530 0.114408 0.375129
box 669 511 680 530 0.114097 0.135876
box 665 215 671 219 0.112869 0.425784
box 447 524 463 530 0.111581 0.371270
box 463 522 467 530 0.109633 0.372930
box 512 494 528 511 0.109378 0.572993
box 461 494 464 498 0.107377 0.527301
box 208 507 215 510 0.106032 0.469333
box 498 494 520 511 0.10429 0.600934
box 470 526 480 530 0.103799 0.386048
box 225 502 241 508 0.103088 0.486190
box 1 481 12 487 0.10284 0.127517
box 192 509 194 510 0.10114 0.481971
box 183 510 191 514 0.100582 0.479587
whiteboard 188 31 191 41 0.147064 0.042408
garbage_bin 467 24 613 200 0.243629 0.609817
garbage_bin 457 381 610 497 0.225938 0.717810
garbage_bin 127 206 130 210 0.144733 0.047751
garbage_bin 526 502 544 510 0.139801 0.316842
garbage_bin 554 397 609 479 0.138517 0.825634
garbage_bin 543 404 560 413 0.135519 0.842156
garbage_bin 0 481 12 488 0.126872 0.127517
garbage_bin 458 74 525 186 0.123837 0.657900
garbage_bin 511 494 528 512 0.112931 0.572993
garbage_bin 174 175 178 179 0.112 0.074611
garbage_bin 82 354 93 360 0.111844 0.409453
garbage_bin 410 471 624 530 0.110638 0.359553
garbage_bin 519 512 523 519 0.104344 0.308044
