0.008933 0.000002 0.000002 0.989702 0.000052 0.001005 0.000001 0.000001 0.000001 0.000000 0.000012 0.000000 0.000245 0.000001 0.000002 0.000000 0.000003 0.000002 0.000001 0.000001 0.000001 0.000001 0.000001 0.000002 0.000002 0.000006 0.000003 0.000004 0.000001 0.000002 0.000009 0.000003
0.080983 0.000028 0.000009 0.912143 0.000122 0.003803 0.000016 0.000013 0.000049 0.000060 0.000189 0.000013 0.000922 0.000018 0.000090 0.000030 0.000133 0.000041 0.000028 0.000068 0.000092 0.000187 0.000049 0.000116 0.000028 0.000034 0.000112 0.000133 0.000018 0.000201 0.000094 0.000180
0.267761 0.000041 0.000006 0.720248 0.000060 0.008356 0.000015 0.000007 0.000027 0.000043 0.000228 0.000005 0.002463 0.000011 0.000012 0.000007 0.000024 0.000058 0.000013 0.000039 0.000030 0.000093 0.000066 0.000043 0.000010 0.000046 0.000019 0.000078 0.000016 0.000037 0.000099 0.000038
0.451445 0.000001 0.000000 0.548335 0.000008 0.000098 0.000001 0.000000 0.000002 0.000002 0.000008 0.000000 0.000039 0.000000 0.000002 0.000000 0.000002 0.000002 0.000001 0.000010 0.000002 0.000008 0.000002 0.000001 0.000001 0.000005 0.000002 0.000012 0.000000 0.000002 0.000006 0.000004
0.663698 0.000057 0.000016 0.321416 0.001389 0.008868 0.000019 0.000014 0.000277 0.000178 0.000480 0.000012 0.000489 0.000009 0.000155 0.000058 0.000076 0.000017 0.000050 0.000215 0.000086 0.000190 0.000113 0.000088 0.000015 0.000046 0.000746 0.000637 0.000027 0.000126 0.000113 0.000321
0.683367 0.000043 0.000001 0.313673 0.000024 0.000819 0.000023 0.000010 0.000063 0.000170 0.000071 0.000014 0.000023 0.000009 0.000082 0.000023 0.000129 0.000035 0.000008 0.000187 0.000065 0.000375 0.000026 0.000082 0.000014 0.000030 0.000051 0.000135 0.000005 0.000280 0.000092 0.000069
0.890545 0.000002 0.000000 0.107271 0.000006 0.001670 0.000001 0.000001 0.000003 0.000035 0.000006 0.000002 0.000008 0.000001 0.000021 0.000001 0.000023 0.000004 0.000000 0.000099 0.000013 0.000129 0.000001 0.000017 0.000002 0.000003 0.000003 0.000042 0.000001 0.000071 0.000010 0.000009
0.828601 0.000078 0.000617 0.104957 0.004158 0.048757 0.000047 0.000032 0.000076 0.000387 0.000646 0.000025 0.002752 0.000083 0.001179 0.000033 0.000586 0.000101 0.000104 0.001079 0.001030 0.001201 0.000056 0.000079 0.000255 0.000133 0.000377 0.001035 0.000232 0.000500 0.000631 0.000177
0.492958 0.000093 0.000936 0.013664 0.434189 0.001891 0.000190 0.000142 0.000826 0.001094 0.001018 0.000086 0.001487 0.000175 0.022384 0.000097 0.007717 0.000102 0.000324 0.003777 0.001660 0.002956 0.000196 0.001888 0.000610 0.000179 0.000729 0.001604 0.000229 0.004100 0.001883 0.000813
0.704333 0.001925 0.008689 0.033413 0.110115 0.007200 0.002067 0.000745 0.001033 0.004091 0.006629 0.000910 0.002840 0.002343 0.017578 0.000426 0.006126 0.001210 0.001089 0.014485 0.004847 0.015331 0.001224 0.002143 0.002384 0.011859 0.002673 0.004876 0.004865 0.007045 0.013837 0.001670
0.690179 0.000110 0.002166 0.003376 0.107018 0.000817 0.000548 0.000400 0.001068 0.002676 0.000739 0.000189 0.000569 0.000492 0.111559 0.000214 0.028635 0.000133 0.001159 0.015110 0.005215 0.008750 0.000140 0.001603 0.001366 0.000196 0.000555 0.001279 0.000249 0.010455 0.001829 0.001206
0.578104 0.000261 0.004619 0.004229 0.104027 0.001254 0.000918 0.000772 0.001422 0.008068 0.001596 0.000315 0.001112 0.000985 0.123787 0.000501 0.053421 0.000293 0.003937 0.032400 0.012623 0.023578 0.000295 0.004209 0.002029 0.000370 0.000929 0.001978 0.000673 0.023967 0.003934 0.003397
0.001799 0.000004 0.000038 0.000585 0.000013 0.983593 0.000001 0.000000 0.000003 0.000002 0.000026 0.000000 0.013859 0.000005 0.000002 0.000001 0.000002 0.000001 0.000002 0.000004 0.000003 0.000005 0.000001 0.000001 0.000010 0.000002 0.000009 0.000016 0.000003 0.000002 0.000005 0.000003
0.416348 0.000069 0.000095 0.182865 0.000129 0.292399 0.000015 0.000012 0.000026 0.000037 0.001479 0.000006 0.104759 0.000068 0.000059 0.000007 0.000084 0.000055 0.000030 0.000171 0.000081 0.000209 0.000021 0.000031 0.000122 0.000044 0.000118 0.000164 0.000051 0.000136 0.000246 0.000063
0.435055 0.006772 0.000230 0.000561 0.000627 0.000191 0.075785 0.003260 0.005838 0.229163 0.000264 0.007833 0.000010 0.001092 0.002697 0.061040 0.014416 0.001399 0.005521 0.043432 0.015916 0.033732 0.006546 0.003484 0.001149 0.001424 0.000265 0.013387 0.000216 0.022090 0.003484 0.003121
0.576290 0.000205 0.000119 0.000698 0.000965 0.000485 0.001959 0.001355 0.000555 0.162551 0.000140 0.002761 0.000029 0.000136 0.003172 0.012797 0.002905 0.000217 0.147930 0.049817 0.001346 0.008540 0.002013 0.006085 0.000593 0.000195 0.000055 0.005982 0.000052 0.005440 0.000387 0.004225
0.517046 0.004837 0.002394 0.004149 0.033000 0.001783 0.021253 0.003479 0.039746 0.151294 0.002287 0.004694 0.000243 0.002741 0.009795 0.016587 0.020214 0.004062 0.030813 0.027440 0.004956 0.031255 0.004316 0.017490 0.001733 0.002419 0.000884 0.007591 0.001184 0.016450 0.005703 0.008163
0.437070 0.004974 0.005475 0.006799 0.049043 0.007771 0.015672 0.005236 0.017548 0.149655 0.003569 0.005128 0.000777 0.004301 0.015787 0.016435 0.024520 0.005390 0.047519 0.038748 0.007442 0.037921 0.007002 0.027798 0.002709 0.003356 0.001170 0.012530 0.002438 0.018859 0.007942 0.009414
0.097814 0.000158 0.000090 0.053338 0.000122 0.585380 0.000007 0.000003 0.000027 0.000014 0.003104 0.000002 0.259518 0.000027 0.000005 0.000005 0.000010 0.000024 0.000014 0.000012 0.000009 0.000018 0.000027 0.000023 0.000022 0.000032 0.000065 0.000032 0.000036 0.000011 0.000030 0.000024
0.659881 0.000137 0.000728 0.000821 0.010030 0.000141 0.000497 0.000305 0.000298 0.003666 0.000683 0.000433 0.000095 0.000426 0.177911 0.000267 0.042050 0.000089 0.000463 0.024687 0.012854 0.007612 0.000211 0.003907 0.001405 0.000211 0.000414 0.001949 0.000183 0.043408 0.003044 0.001192
0.779960 0.000033 0.000536 0.001544 0.020732 0.000343 0.000153 0.000117 0.000217 0.001122 0.000283 0.000070 0.000159 0.000170 0.144058 0.000062 0.020767 0.000031 0.000183 0.010671 0.002986 0.003517 0.000056 0.000906 0.000522 0.000057 0.000182 0.000837 0.000060 0.008508 0.000713 0.000445
0.578104 0.000261 0.004619 0.004229 0.104027 0.001254 0.000918 0.000772 0.001422 0.008068 0.001596 0.000315 0.001112 0.000985 0.123787 0.000501 0.053421 0.000293 0.003937 0.032400 0.012623 0.023578 0.000295 0.004209 0.002029 0.000370 0.000929 0.001978 0.000673 0.023967 0.003934 0.003397
0.361998 0.001083 0.003408 0.003548 0.025858 0.000864 0.004427 0.002577 0.004468 0.048407 0.002873 0.003009 0.000570 0.002442 0.122805 0.003492 0.066569 0.000767 0.006847 0.063323 0.038153 0.025518 0.002231 0.023555 0.004487 0.000998 0.001349 0.010146 0.001435 0.146378 0.006170 0.010242
0.690179 0.000110 0.002166 0.003376 0.107018 0.000817 0.000548 0.000400 0.001068 0.002676 0.000739 0.000189 0.000569 0.000492 0.111559 0.000214 0.028635 0.000133 0.001159 0.015110 0.005215 0.008750 0.000140 0.001603 0.001366 0.000196 0.000555 0.001279 0.000249 0.010455 0.001829 0.001206
0.764404 0.000077 0.001503 0.006857 0.086551 0.000713 0.000145 0.000126 0.000391 0.000784 0.000490 0.000107 0.000539 0.000207 0.101537 0.000087 0.014945 0.000062 0.000198 0.003262 0.002179 0.002267 0.000116 0.001629 0.000672 0.000095 0.000437 0.001465 0.000104 0.006271 0.001147 0.000632
0.558348 0.002620 0.001334 0.028421 0.009445 0.010547 0.004121 0.002689 0.009752 0.035409 0.003269 0.003098 0.004997 0.003000 0.005328 0.003941 0.007298 0.003834 0.168737 0.032088 0.004886 0.029231 0.002479 0.009504 0.003487 0.001666 0.001019 0.006880 0.001216 0.012210 0.007202 0.021947
0.576290 0.000205 0.000119 0.000698 0.000965 0.000485 0.001959 0.001355 0.000555 0.162551 0.000140 0.002761 0.000029 0.000136 0.003172 0.012797 0.002905 0.000217 0.147930 0.049817 0.001346 0.008540 0.002013 0.006085 0.000593 0.000195 0.000055 0.005982 0.000052 0.005440 0.000387 0.004225
0.429505 0.003104 0.004614 0.006619 0.012892 0.012763 0.003012 0.001173 0.002814 0.024168 0.014877 0.000878 0.003323 0.005680 0.023522 0.000730 0.009766 0.003308 0.002429 0.175693 0.012817 0.130918 0.001965 0.003217 0.005982 0.004285 0.003105 0.015616 0.005013 0.031330 0.040482 0.004401
0.342387 0.006580 0.003808 0.008603 0.017277 0.015219 0.007659 0.002875 0.005324 0.027049 0.031033 0.002636 0.004805 0.009295 0.018291 0.002257 0.010861 0.006974 0.004936 0.168103 0.015563 0.087858 0.004073 0.006918 0.006625 0.012762 0.006629 0.026638 0.015197 0.025956 0.089683 0.006121
0.823764 0.000044 0.000039 0.000858 0.000100 0.002179 0.000034 0.000027 0.000213 0.000705 0.000291 0.000013 0.000362 0.000048 0.000688 0.000011 0.000447 0.000087 0.000031 0.151385 0.000726 0.011200 0.000049 0.000183 0.000422 0.000145 0.000293 0.000343 0.000047 0.002579 0.002477 0.000211
0.482147 0.005102 0.003476 0.009536 0.008207 0.009677 0.008211 0.002658 0.004109 0.023929 0.022051 0.002571 0.004115 0.007793 0.015316 0.001489 0.012496 0.004816 0.003144 0.123727 0.015566 0.073055 0.003652 0.004974 0.006958 0.010878 0.003765 0.022241 0.007425 0.030877 0.060676 0.005363
0.548030 0.000677 0.002060 0.004148 0.006131 0.003968 0.000828 0.000330 0.001791 0.020396 0.002894 0.000258 0.000784 0.001945 0.026709 0.000246 0.012709 0.001396 0.001232 0.123313 0.011812 0.132859 0.000528 0.001462 0.003652 0.001553 0.001322 0.011002 0.000886 0.041243 0.031361 0.002476
0.602954 0.000694 0.000865 0.030105 0.008572 0.015959 0.002191 0.000717 0.002570 0.005740 0.007697 0.000827 0.000849 0.001369 0.003539 0.000569 0.003256 0.003710 0.001376 0.119448 0.012960 0.108148 0.000480 0.002686 0.001211 0.000791 0.000698 0.006964 0.000733 0.014530 0.035819 0.001973
0.696123 0.000661 0.000985 0.007499 0.003151 0.011640 0.001331 0.000946 0.001737 0.009952 0.006194 0.001099 0.000456 0.001235 0.004803 0.000594 0.004764 0.003650 0.001206 0.112231 0.011816 0.055239 0.000439 0.003587 0.001388 0.000860 0.001592 0.010185 0.001114 0.011089 0.029660 0.002773
0.546570 0.001628 0.001325 0.027090 0.007159 0.019519 0.003844 0.001430 0.004846 0.012241 0.012459 0.001486 0.002296 0.003147 0.005153 0.001453 0.006600 0.005702 0.002736 0.109795 0.024758 0.109167 0.000957 0.007552 0.002525 0.001241 0.001386 0.009544 0.001393 0.031324 0.030282 0.003395
0.459801 0.005958 0.009647 0.012772 0.015825 0.026415 0.012539 0.006552 0.005816 0.021730 0.038714 0.004496 0.006052 0.007659 0.027443 0.002923 0.014360 0.005950 0.005206 0.108432 0.014411 0.040705 0.005396 0.007514 0.009441 0.013739 0.004939 0.018228 0.019194 0.025669 0.036616 0.005857
0.462512 0.005175 0.008075 0.011646 0.015702 0.022037 0.009363 0.005690 0.006100 0.020831 0.045719 0.003943 0.005472 0.006611 0.031234 0.002594 0.013941 0.004238 0.004808 0.107669 0.014941 0.048270 0.004081 0.007653 0.009208 0.009850 0.006055 0.015846 0.018665 0.029209 0.036790 0.006072
0.808541 0.000036 0.000099 0.001001 0.000064 0.000169 0.000080 0.000043 0.000070 0.001236 0.000088 0.000042 0.000132 0.000173 0.006908 0.000055 0.025920 0.000061 0.000087 0.106547 0.007174 0.015737 0.000081 0.000311 0.000871 0.000051 0.000121 0.001548 0.000046 0.018190 0.003964 0.000553
0.719982 0.000027 0.000017 0.000040 0.000005 0.000332 0.000015 0.000005 0.000042 0.000830 0.000083 0.000006 0.000132 0.000108 0.000284 0.000006 0.000171 0.000108 0.000074 0.011390 0.000804 0.261005 0.000005 0.000049 0.000161 0.000051 0.000359 0.001532 0.000026 0.000960 0.001295 0.000096
0.771979 0.000068 0.000047 0.000136 0.000032 0.000333 0.000046 0.000022 0.000066 0.002436 0.000171 0.000019 0.000152 0.000197 0.001121 0.000031 0.000709 0.000248 0.000222 0.013996 0.002247 0.192542 0.000032 0.000179 0.000241 0.000206 0.001257 0.005616 0.000101 0.002908 0.002216 0.000423
0.823741 0.000001 0.000001 0.000004 0.000000 0.000019 0.000001 0.000000 0.000002 0.000089 0.000004 0.000000 0.000008 0.000006 0.000038 0.000000 0.000020 0.000007 0.000003 0.002445 0.000095 0.172893 0.000000 0.000004 0.000008 0.000003 0.000027 0.000295 0.000001 0.000141 0.000137 0.000007
0.831870 0.000001 0.000000 0.000003 0.000000 0.000020 0.000001 0.000000 0.000002 0.000077 0.000004 0.000000 0.000010 0.000004 0.000020 0.000000 0.000012 0.000006 0.000003 0.002876 0.000092 0.164471 0.000000 0.000003 0.000009 0.000003 0.000031 0.000163 0.000001 0.000134 0.000176 0.000005
0.310989 0.003817 0.003211 0.083795 0.020832 0.020279 0.008182 0.003527 0.007879 0.020356 0.015097 0.004855 0.002858 0.006789 0.013832 0.003898 0.016699 0.007755 0.006780 0.095229 0.027118 0.158435 0.003818 0.014455 0.006234 0.003239 0.003385 0.020919 0.002899 0.036942 0.053427 0.012472
0.409848 0.005445 0.001705 0.033633 0.008856 0.014449 0.006782 0.002499 0.009133 0.024385 0.011691 0.003220 0.003451 0.009435 0.008367 0.003632 0.021761 0.006572 0.007065 0.060371 0.031278 0.141606 0.002502 0.020153 0.007678 0.002297 0.003106 0.020881 0.001911 0.062398 0.042443 0.011445
0.700481 0.001547 0.000115 0.004218 0.000202 0.002493 0.001734 0.000648 0.003575 0.032518 0.001598 0.000360 0.000634 0.001006 0.001277 0.002280 0.002021 0.017927 0.002432 0.036123 0.004881 0.138117 0.000498 0.003427 0.001292 0.000873 0.001409 0.014286 0.000457 0.008586 0.006699 0.006284
0.548030 0.000677 0.002060 0.004148 0.006131 0.003968 0.000828 0.000330 0.001791 0.020396 0.002894 0.000258 0.000784 0.001945 0.026709 0.000246 0.012709 0.001396 0.001232 0.123313 0.011812 0.132859 0.000528 0.001462 0.003652 0.001553 0.001322 0.011002 0.000886 0.041243 0.031361 0.002476
0.332952 0.007159 0.002358 0.052963 0.010435 0.021833 0.007926 0.003114 0.009913 0.025651 0.014426 0.004059 0.006118 0.013191 0.010277 0.004667 0.024649 0.008048 0.008511 0.062114 0.037276 0.132284 0.003350 0.024865 0.011062 0.002784 0.003602 0.021435 0.002584 0.076055 0.041579 0.012761
0.429505 0.003104 0.004614 0.006619 0.012892 0.012763 0.003012 0.001173 0.002814 0.024168 0.014877 0.000878 0.003323 0.005680 0.023522 0.000730 0.009766 0.003308 0.002429 0.175693 0.012817 0.130918 0.001965 0.003217 0.005982 0.004285 0.003105 0.015616 0.005013 0.031330 0.040482 0.004401
0.841403 0.000092 0.000076 0.000222 0.000040 0.000445 0.000052 0.000031 0.000086 0.003205 0.000225 0.000025 0.000188 0.000217 0.000968 0.000043 0.000708 0.000270 0.000313 0.012325 0.002637 0.126638 0.000033 0.000179 0.000309 0.000113 0.000748 0.003501 0.000098 0.002492 0.001925 0.000392
0.345434 0.005636 0.003780 0.052496 0.016135 0.023128 0.011371 0.005089 0.010385 0.022329 0.015481 0.009695 0.002195 0.006587 0.012309 0.006012 0.019529 0.011397 0.007318 0.095474 0.033841 0.114985 0.003905 0.018020 0.005846 0.005213 0.006296 0.027519 0.004010 0.030966 0.055128 0.012491
0.546570 0.001628 0.001325 0.027090 0.007159 0.019519 0.003844 0.001430 0.004846 0.012241 0.012459 0.001486 0.002296 0.003147 0.005153 0.001453 0.006600 0.005702 0.002736 0.109795 0.024758 0.109167 0.000957 0.007552 0.002525 0.001241 0.001386 0.009544 0.001393 0.031324 0.030282 0.003395
0.602954 0.000694 0.000865 0.030105 0.008572 0.015959 0.002191 0.000717 0.002570 0.005740 0.007697 0.000827 0.000849 0.001369 0.003539 0.000569 0.003256 0.003710 0.001376 0.119448 0.012960 0.108148 0.000480 0.002686 0.001211 0.000791 0.000698 0.006964 0.000733 0.014530 0.035819 0.001973
0.776826 0.003662 0.000024 0.000111 0.002880 0.000140 0.000784 0.001306 0.011269 0.039844 0.007722 0.001716 0.000108 0.000039 0.000107 0.000647 0.000377 0.000476 0.000313 0.006821 0.001177 0.002037 0.136538 0.000350 0.000042 0.000677 0.000298 0.001237 0.001508 0.000267 0.000464 0.000233
0.361998 0.001083 0.003408 0.003548 0.025858 0.000864 0.004427 0.002577 0.004468 0.048407 0.002873 0.003009 0.000570 0.002442 0.122805 0.003492 0.066569 0.000767 0.006847 0.063323 0.038153 0.025518 0.002231 0.023555 0.004487 0.000998 0.001349 0.010146 0.001435 0.146378 0.006170 0.010242
0.578449 0.000011 0.000023 0.000392 0.000568 0.000502 0.000045 0.000009 0.000004 0.000016 0.000316 0.000005 0.000003 0.000022 0.000231 0.000006 0.001276 0.000353 0.000021 0.000930 0.001304 0.002175 0.000003 0.000007 0.000258 0.025278 0.003214 0.000664 0.000099 0.000711 0.383066 0.000040
0.780183 0.000418 0.001948 0.003133 0.021530 0.003437 0.000897 0.000204 0.000309 0.000415 0.005995 0.000152 0.000222 0.000526 0.001841 0.000094 0.002256 0.002410 0.000301 0.004757 0.001926 0.004387 0.000153 0.000252 0.001938 0.034039 0.006552 0.001729 0.002363 0.001445 0.113871 0.000317
0.584972 0.002350 0.002396 0.039708 0.011735 0.005253 0.003263 0.000819 0.001240 0.008868 0.004728 0.000998 0.000939 0.002598 0.015086 0.000762 0.010811 0.006261 0.001272 0.048777 0.016665 0.053981 0.001459 0.001841 0.003810 0.019465 0.006075 0.015228 0.003781 0.018156 0.103980 0.002723
0.773713 0.000526 0.001213 0.008523 0.020381 0.008197 0.000869 0.000240 0.000430 0.000814 0.013651 0.000196 0.000534 0.000610 0.001679 0.000135 0.001438 0.003940 0.000275 0.012359 0.002708 0.008088 0.000234 0.000350 0.002075 0.017652 0.010171 0.001941 0.002944 0.001913 0.101676 0.000527
