chair 20 79 642 528 0.982462 0.003166
chair 566 319 676 440 0.104215 0.693430
table 35 0 662 405 0.26634 0.269350
picture 2 2 85 54 0.122228 0.566032
desk 44 0 680 296 0.821177 0.066135
pillow 385 242 412 255 0.225547 0.744075
pillow 394 245 399 254 0.215214 0.766694
pillow 362 249 394 259 0.134216 0.820041
pillow 391 255 398 263 0.115228 0.852364
paper 624 314 652 329 0.522343 0.370528
paper 639 321 652 329 0.510071 0.415631
paper 619 302 659 345 0.490288 0.303976
paper 637 305 656 325 0.488284 0.361516
paper 628 301 645 315 0.384451 0.433004
paper 653 307 660 328 0.377113 0.390622
paper 635 328 650 340 0.373376 0.519616
paper 630 289 663 307 0.246906 0.470530
paper 337 504 346 511 0.214614 0.345828
paper 646 223 654 231 0.211594 0.570522
paper 635 318 680 352 0.20989 0.572725
paper 641 289 680 319 0.1993 0.588822
paper 620 289 641 305 0.193276 0.660827
paper 607 293 680 385 0.177075 0.450530
paper 619 299 628 305 0.169792 0.673295
paper 660 318 666 322 0.165341 0.507071
paper 618 321 623 329 0.144272 0.702001
paper 617 479 631 491 0.140922 0.423398
paper 637 427 647 431 0.129499 0.629100
paper 669 259 672 263 0.127002 0.507354
paper 673 330 680 336 0.114454 0.571200
paper 659 307 667 316 0.113877 0.529414
paper 608 305 626 319 0.112913 0.777818
paper 639 344 663 354 0.112425 0.691190
paper 668 434 669 436 0.10933 0.368926
paper 663 227 677 239 0.107628 0.431158
paper 369 526 373 530 0.107097 0.287287
paper 665 346 673 352 0.106046 0.514162
paper 547 192 568 202 0.105726 0.789867
paper 657 336 680 352 0.100925 0.585416
paper 62 5 67 10 0.10072 0.567524
box 187 77 189 82 0.792536 0.152337
box 187 64 206 105 0.442843 0.520959
box 640 287 663 307 0.250571 0.445263
box 617 284 664 347 0.205742 0.340063
box 187 90 192 101 0.184281 0.756354
box 336 504 347 512 0.181304 0.345828
box 368 525 372 530 0.167103 0.287287
box 616 479 631 491 0.160549 0.423398
box 627 298 645 315 0.153399 0.433004
box 358 524 367 530 0.150911 0.294669
box 636 302 657 326 0.133467 0.361516
box 203 66 248 96 0.133189 0.828663
box 652 305 661 328 0.120028 0.390622
box 592 281 678 406 0.111987 0.589103
box 633 376 670 388 0.108203 0.658729
box 617 320 623 330 0.108047 0.702001
garbage_bin 660 84 663 93 0.409935 0.418070
garbage_bin 615 479 631 491 0.104667 0.423398
