chair 73 2 330 37 0.22246 0.753054
chair 275 1 497 25 0.222126 0.724685
chair 262 0 267 2 0.174578 0.604781
chair 268 1 324 26 0.115632 0.859418
table 21 53 680 465 0.990851 0.007412
table 541 58 674 424 0.344578 0.649856
picture 1 1 15 8 0.147659 0.318380
picture 482 1 487 19 0.118495 0.464425
tv 0 1 14 8 0.132459 0.318380
paper 97 511 106 514 0.250143 0.444292
paper 468 505 472 507 0.245008 0.366171
paper 464 496 466 496 0.243382 0.359594
paper 319 511 323 515 0.240444 0.338271
paper 466 498 476 502 0.238602 0.350538
paper 477 480 512 511 0.236745 0.444066
paper 480 498 486 504 0.230943 0.379438
paper 414 502 417 509 0.224787 0.414679
paper 463 480 576 530 0.223474 0.237804
paper 437 447 463 464 0.221265 0.158980
paper 539 480 560 495 0.208137 0.517070
paper 665 513 668 528 0.205913 0.286804
paper 340 491 341 494 0.205869 0.354693
paper 558 479 576 497 0.197508 0.549236
paper 276 500 287 510 0.196644 0.370517
paper 277 498 287 500 0.179659 0.451996
paper 88 476 161 530 0.178199 0.266575
paper 655 444 671 476 0.17207 0.272707
paper 145 495 161 506 0.172027 0.422170
paper 600 494 680 530 0.167862 0.247501
paper 656 480 661 483 0.164105 0.291772
paper 209 432 345 530 0.162708 0.444573
paper 143 491 150 497 0.160867 0.475516
paper 143 489 145 494 0.160534 0.467940
paper 260 486 268 495 0.157208 0.527799
paper 443 444 447 447 0.157097 0.305555
paper 396 495 466 530 0.156392 0.251973
paper 435 442 442 447 0.155265 0.338397
paper 1 480 12 495 0.152584 0.380320
paper 77 482 96 524 0.148751 0.669108
paper 305 514 319 527 0.147447 0.357337
paper 160 462 244 530 0.144295 0.286713
paper 225 493 305 530 0.129046 0.253652
paper 443 416 464 448 0.126567 0.453341
paper 80 513 89 524 0.11506 0.601223
paper 433 435 459 442 0.114112 0.464328
paper 598 403 680 529 0.113606 0.650470
paper 18 395 28 399 0.112593 0.505488
paper 77 497 82 502 0.111586 0.742575
paper 369 414 371 415 0.106561 0.418034
paper 305 447 306 451 0.100704 0.542627
paper 640 524 667 530 0.100646 0.243589
box 319 511 324 515 0.234361 0.338271
box 468 504 473 507 0.203852 0.366171
box 276 500 288 510 0.200808 0.370517
box 98 511 106 514 0.192253 0.444292
box 144 494 161 506 0.185818 0.422170
box 466 497 477 502 0.185109 0.350538
box 340 491 341 494 0.18308 0.354693
box 480 497 487 504 0.181144 0.379438
box 88 472 162 529 0.174724 0.266575
box 304 514 319 527 0.174272 0.357337
box 414 501 417 509 0.169084 0.414679
box 143 491 150 497 0.165184 0.475516
box 143 489 145 494 0.16465 0.467940
box 462 476 575 530 0.162734 0.237804
box 59 511 80 529 0.162438 0.464763
box 80 513 89 524 0.161623 0.601223
box 599 491 679 530 0.161345 0.247501
box 464 495 467 496 0.15987 0.359594
box 223 491 305 530 0.159817 0.253652
box 278 498 287 500 0.159766 0.451996
box 639 523 667 530 0.156636 0.243589
box 665 512 668 528 0.155142 0.286804
box 85 523 97 530 0.154529 0.273251
box 395 493 466 530 0.153714 0.251973
box 656 479 661 483 0.142893 0.291772
box 31 511 46 530 0.124759 0.402916
box 655 440 671 476 0.122901 0.272707
box 1 479 13 495 0.120579 0.380320
box 67 515 69 519 0.117049 0.669974
box 177 336 300 444 0.115907 0.325425
box 478 477 512 511 0.110079 0.444066
box 435 441 442 446 0.108075 0.338397
box 443 443 447 446 0.1077 0.305555
box 160 457 244 529 0.106669 0.286713
box 437 446 464 463 0.105165 0.158980
box 156 511 178 530 0.103178 0.324696
garbage_bin 437 446 463 464 0.155222 0.158980
garbage_bin 654 442 671 477 0.149226 0.272707
garbage_bin 655 479 661 483 0.147437 0.291772
garbage_bin 83 475 161 530 0.113589 0.266575
garbage_bin 339 491 341 494 0.110574 0.354693
garbage_bin 260 485 268 496 0.110039 0.527799
garbage_bin 200 428 345 530 0.107814 0.444573
garbage_bin 156 461 243 530 0.105723 0.286713
garbage_bin 443 443 447 447 0.105492 0.305555
