chair 330 216 593 511 0.995892 0.004097
table 180 388 409 524 0.184776 0.699646
door 3 3 189 114 0.151451 0.602927
picture 232 2 370 34 0.338468 0.320917
picture 3 3 66 66 0.263509 0.163833
picture 50 2 116 32 0.234571 0.343793
picture 16 6 146 96 0.158861 0.372416
picture 96 6 177 74 0.143979 0.664448
picture 370 7 401 35 0.143056 0.588324
picture 114 12 145 34 0.116786 0.292526
picture 369 6 380 10 0.116759 0.581329
picture 381 0 461 37 0.114558 0.714253
picture 456 1 521 38 0.114095 0.771187
picture 144 1 176 12 0.110237 0.727532
picture 1 55 33 96 0.103517 0.119725
paper 15 335 27 349 0.234476 0.094325
paper 351 493 362 510 0.214177 0.514922
paper 121 28 132 34 0.204867 0.068249
paper 26 343 33 355 0.204096 0.048443
paper 177 512 204 526 0.193864 0.386637
paper 32 274 89 290 0.187665 0.325694
paper 3 304 47 340 0.187615 0.163812
paper 25 287 31 300 0.185978 0.044430
paper 201 508 210 521 0.182921 0.428879
paper 64 509 77 519 0.172133 0.443765
paper 3 204 122 337 0.161228 0.444643
paper 113 12 144 33 0.158061 0.292526
paper 666 275 671 279 0.156126 0.282170
paper 1 56 31 95 0.150325 0.119725
paper 310 498 364 530 0.148738 0.326284
paper 144 318 154 331 0.148562 0.432985
paper 129 61 142 63 0.147828 0.182024
paper 33 416 46 423 0.147598 0.236809
paper 1 271 32 304 0.147338 0.098322
paper 152 491 203 530 0.146124 0.299263
paper 1 35 34 64 0.14196 0.141777
paper 144 288 159 303 0.133657 0.576800
paper 18 476 162 530 0.128885 0.718899
paper 205 515 224 530 0.127334 0.311181
paper 4 273 173 383 0.125289 0.427560
paper 27 515 31 517 0.124216 0.766602
paper 31 511 48 521 0.120657 0.758474
paper 373 492 379 493 0.117368 0.711288
paper 146 221 162 228 0.114127 0.683641
paper 253 0 367 34 0.112233 0.307255
paper 527 496 561 530 0.111821 0.490721
paper 673 253 680 260 0.110852 0.475256
paper 109 88 114 93 0.110544 0.466384
paper 642 31 659 35 0.10921 0.692775
paper 660 268 680 284 0.10837 0.399780
paper 665 280 674 285 0.107026 0.423917
paper 1 303 16 314 0.106357 0.238543
paper 125 226 125 229 0.105174 0.681106
towel 82 46 142 80 0.124786 0.259391
towel 104 43 116 52 0.106335 0.480862
box 542 205 552 212 0.525518 0.449899
box 239 432 255 447 0.22511 0.733657
box 545 38 563 41 0.155047 0.745451
box 542 201 543 208 0.141148 0.702542
box 15 335 27 349 0.13922 0.094325
box 526 493 560 529 0.138512 0.490721
box 25 287 32 300 0.136921 0.044430
box 309 496 363 530 0.135974 0.326284
box 26 342 34 354 0.128871 0.048443
box 204 514 223 530 0.127261 0.311181
box 351 492 362 510 0.125382 0.514922
box 1 303 22 347 0.123359 0.080378
box 150 489 203 529 0.122504 0.299263
box 1 271 33 303 0.121823 0.098322
box 558 212 580 221 0.121335 0.845179
box 176 511 204 526 0.112393 0.386637
box 364 509 393 530 0.106279 0.361483
box 200 507 210 521 0.104302 0.428879
box 256 510 271 530 0.103725 0.322369
box 1 55 32 94 0.102599 0.119725
box 112 12 145 34 0.100423 0.292526
whiteboard 526 20 672 260 0.133151 0.438752
garbage_bin 24 287 32 301 0.153656 0.044430
garbage_bin 33 415 45 423 0.144215 0.236809
garbage_bin 33 421 47 429 0.123978 0.427930
garbage_bin 26 342 34 355 0.111272 0.048443
garbage_bin 120 28 133 34 0.111106 0.068249
garbage_bin 1 303 22 349 0.104282 0.080378
garbage_bin 15 335 28 350 0.101252 0.094325
