chair 2 4 111 59 0.375062 0.494028
chair 145 31 373 312 0.298981 0.698153
table 74 134 675 530 0.990289 0.002476
table 50 139 233 525 0.742467 0.210514
table 515 32 531 48 0.123612 0.749018
bookshelf 410 0 680 179 0.939904 0.059831
bookshelf 513 89 667 174 0.723328 0.268088
bookshelf 520 0 680 60 0.557603 0.437389
bookshelf 403 101 504 178 0.39483 0.564484
bookshelf 413 0 533 49 0.356292 0.625557
bookshelf 516 110 665 130 0.237092 0.755735
bookshelf 415 105 505 127 0.217052 0.748224
bookshelf 612 44 675 172 0.2122 0.777881
bookshelf 496 107 552 178 0.176814 0.783853
bookshelf 516 142 535 175 0.119746 0.710198
bookshelf 608 31 616 38 0.104058 0.808948
picture 546 1 583 28 0.290803 0.645790
picture 672 1 680 14 0.191038 0.687157
picture 663 1 680 35 0.145048 0.666671
picture 0 449 155 530 0.132602 0.615412
picture 573 1 581 30 0.109222 0.814317
picture 521 1 563 41 0.108369 0.697520
picture 343 1 359 16 0.102807 0.617681
counter 2 109 171 352 0.324219 0.627119
counter 0 169 125 263 0.227587 0.490036
counter 54 80 669 361 0.150187 0.706177
counter 495 153 510 168 0.107684 0.621429
desk 104 98 631 530 0.158696 0.019225
paper 669 145 671 152 0.198007 0.321924
paper 0 453 22 475 0.170829 0.712248
paper 662 125 663 125 0.166304 0.269786
paper 431 138 442 162 0.147258 0.695611
paper 1 342 9 350 0.144887 0.747407
paper 671 166 680 171 0.139442 0.419941
paper 671 80 675 90 0.127844 0.526073
paper 672 161 680 167 0.123629 0.374119
paper 437 148 456 175 0.118422 0.705287
paper 663 0 680 34 0.1178 0.666671
paper 5 177 112 258 0.116272 0.490036
paper 580 145 584 153 0.11461 0.780634
paper 673 159 680 161 0.108786 0.446065
paper 655 221 672 225 0.103508 0.798277
paper 672 145 680 159 0.10242 0.382160
box 639 137 670 161 0.220892 0.606790
box 403 12 411 21 0.149624 0.652538
box 0 456 152 530 0.144054 0.570691
box 455 153 474 172 0.132588 0.663452
box 545 20 554 28 0.132022 0.728701
box 669 144 672 152 0.122187 0.321924
box 662 125 664 125 0.115763 0.269786
box 139 496 154 529 0.115665 0.320854
box 635 127 665 136 0.101798 0.704566
box 652 93 659 110 0.101759 0.750573
person 1 62 19 100 0.255482 0.631207
person 2 74 49 129 0.240874 0.672469
person 1 96 28 107 0.135503 0.786658
lamp 673 224 680 229 0.199957 0.449272
garbage_bin 661 125 664 125 0.129696 0.269786
