0.178033 0.000446 0.000013 0.774960 0.001253 0.026984 0.000104 0.000035 0.000104 0.000059 0.002757 0.000016 0.009632 0.000165 0.000026 0.000053 0.000096 0.001121 0.000173 0.000060 0.000122 0.000359 0.000113 0.000148 0.000109 0.000407 0.000212 0.000124 0.000096 0.000165 0.001915 0.000141
0.437795 0.009594 0.000126 0.373881 0.000728 0.105749 0.001380 0.000733 0.002657 0.002179 0.005196 0.000528 0.011207 0.001380 0.000620 0.001021 0.001639 0.003155 0.000866 0.003074 0.001788 0.003536 0.001696 0.004863 0.001008 0.001071 0.003156 0.005102 0.000746 0.003506 0.006934 0.003085
0.747397 0.001143 0.000210 0.129270 0.000982 0.022870 0.001423 0.000536 0.002141 0.001799 0.000164 0.000592 0.000372 0.000182 0.000456 0.007249 0.001385 0.000399 0.000874 0.001100 0.000789 0.000997 0.009512 0.001529 0.000322 0.000532 0.000544 0.061219 0.000164 0.001090 0.000531 0.002228
0.867933 0.000207 0.000036 0.117185 0.000386 0.001414 0.000056 0.000050 0.000147 0.000276 0.000971 0.000042 0.002660 0.000148 0.000461 0.000059 0.000933 0.000127 0.000084 0.000488 0.000463 0.000645 0.000046 0.001100 0.000221 0.000105 0.000426 0.000530 0.000057 0.001522 0.000786 0.000433
0.877067 0.000062 0.000007 0.103288 0.000093 0.000548 0.000088 0.000041 0.000147 0.001243 0.000190 0.000034 0.000123 0.000036 0.000358 0.000091 0.000269 0.000170 0.000103 0.004638 0.000360 0.007427 0.000127 0.000340 0.000067 0.000054 0.000124 0.000934 0.000030 0.000956 0.000288 0.000693
0.006979 0.000152 0.000016 0.003004 0.000015 0.987168 0.000008 0.000004 0.000024 0.000013 0.000358 0.000002 0.001891 0.000013 0.000001 0.000015 0.000003 0.000021 0.000015 0.000006 0.000005 0.000010 0.000088 0.000009 0.000009 0.000017 0.000048 0.000059 0.000015 0.000004 0.000014 0.000013
0.355461 0.000954 0.000492 0.000353 0.000073 0.603327 0.000029 0.000014 0.000179 0.000092 0.001304 0.000007 0.027593 0.000634 0.000041 0.000011 0.000208 0.000273 0.000116 0.000225 0.000187 0.002061 0.000012 0.000033 0.001893 0.000061 0.000380 0.000244 0.000056 0.000184 0.003450 0.000054
0.336009 0.033350 0.000342 0.277614 0.001101 0.154310 0.003631 0.002102 0.010321 0.006566 0.020553 0.001304 0.036650 0.003695 0.001189 0.002203 0.002160 0.010801 0.003890 0.010208 0.004849 0.012681 0.005484 0.004693 0.003164 0.002299 0.006950 0.007723 0.001965 0.005671 0.017210 0.009312
0.494744 0.011533 0.000401 0.291093 0.001302 0.146403 0.001736 0.000448 0.003465 0.001056 0.009801 0.000402 0.014163 0.001372 0.000303 0.001329 0.001074 0.002476 0.000739 0.000563 0.000620 0.001019 0.000859 0.001855 0.000628 0.001411 0.001345 0.002280 0.000403 0.000981 0.002783 0.001412
0.610162 0.007656 0.001718 0.001433 0.011279 0.001468 0.002052 0.000558 0.299795 0.021197 0.001525 0.001396 0.000520 0.000867 0.001014 0.001300 0.001811 0.000411 0.002909 0.004893 0.000415 0.009027 0.001664 0.001930 0.001065 0.000272 0.000223 0.007687 0.000125 0.001286 0.000628 0.001714
0.620427 0.005739 0.000603 0.003036 0.041284 0.001072 0.006312 0.001541 0.203691 0.034349 0.002093 0.003318 0.000336 0.000523 0.001635 0.001880 0.003584 0.000662 0.005376 0.014418 0.001250 0.019938 0.006672 0.003673 0.000767 0.000906 0.000588 0.006072 0.000501 0.004062 0.001850 0.001843
0.373362 0.000326 0.000430 0.000295 0.003452 0.000119 0.001832 0.000726 0.001865 0.360091 0.000116 0.000595 0.000003 0.000165 0.029608 0.012827 0.026801 0.000068 0.005261 0.103396 0.005877 0.035448 0.000227 0.002610 0.000745 0.000083 0.000041 0.008753 0.000078 0.021182 0.000423 0.003194
0.599047 0.000232 0.000046 0.000233 0.000449 0.000112 0.002390 0.000714 0.000542 0.200652 0.000197 0.001247 0.000007 0.000078 0.001476 0.017951 0.001389 0.000566 0.040051 0.096586 0.001851 0.017775 0.002516 0.001413 0.000161 0.000178 0.000054 0.003975 0.000063 0.004459 0.000403 0.003189
0.611044 0.001020 0.000283 0.000493 0.002485 0.000057 0.002707 0.000705 0.015610 0.198077 0.000144 0.001733 0.000003 0.000138 0.004305 0.005607 0.010420 0.000136 0.002155 0.062608 0.002194 0.045448 0.000624 0.001836 0.000485 0.000154 0.000067 0.019039 0.000056 0.007891 0.000563 0.001913
0.417046 0.002505 0.001350 0.005541 0.016673 0.000860 0.004601 0.001804 0.008101 0.183272 0.000614 0.002191 0.000070 0.001406 0.057620 0.010384 0.018641 0.000765 0.004083 0.099815 0.010390 0.054432 0.001459 0.007070 0.003482 0.001095 0.000440 0.040374 0.000390 0.032970 0.002678 0.007879
0.600838 0.006732 0.001098 0.001711 0.003971 0.000268 0.008355 0.001104 0.061832 0.151785 0.000398 0.002928 0.000057 0.001928 0.005966 0.008990 0.008939 0.001257 0.006072 0.028794 0.002029 0.045857 0.001494 0.002930 0.003007 0.000492 0.000164 0.020819 0.000110 0.012026 0.001979 0.006069
0.639691 0.002035 0.000387 0.001458 0.002478 0.000473 0.003125 0.000869 0.005735 0.137188 0.000450 0.000702 0.000036 0.001301 0.034769 0.006121 0.005114 0.000731 0.001366 0.064214 0.004120 0.046457 0.000498 0.002027 0.004193 0.000528 0.000298 0.013330 0.000223 0.014711 0.001567 0.003808
0.794488 0.000943 0.000061 0.000494 0.000352 0.000155 0.005014 0.000912 0.001103 0.103424 0.000240 0.000894 0.000008 0.000139 0.001015 0.022621 0.001075 0.000826 0.009778 0.034435 0.001676 0.007908 0.002327 0.000718 0.000195 0.000261 0.000085 0.003497 0.000084 0.002464 0.000483 0.002323
0.463207 0.008543 0.002352 0.001515 0.004163 0.298313 0.000215 0.000097 0.006082 0.000927 0.028710 0.000126 0.164772 0.003327 0.000320 0.000116 0.000869 0.000476 0.000958 0.000801 0.000268 0.002574 0.000314 0.001047 0.003242 0.000250 0.000927 0.002718 0.000317 0.000673 0.001192 0.000587
0.388925 0.003067 0.001271 0.007753 0.003904 0.004033 0.003840 0.001176 0.004409 0.028026 0.004124 0.002320 0.000923 0.002738 0.009399 0.001492 0.006095 0.006316 0.002077 0.182360 0.017178 0.169607 0.001543 0.003933 0.002436 0.004276 0.002102 0.048526 0.002276 0.023995 0.055894 0.003988
0.384691 0.005075 0.010801 0.013890 0.020573 0.022783 0.011710 0.005950 0.006791 0.023693 0.040771 0.004995 0.005502 0.006981 0.033218 0.002933 0.012891 0.005992 0.006308 0.130704 0.016783 0.064642 0.004955 0.010199 0.008866 0.011922 0.004658 0.019953 0.020049 0.027960 0.046162 0.007598
0.618801 0.000642 0.000475 0.005979 0.004761 0.004755 0.001188 0.000355 0.000589 0.025638 0.003964 0.000438 0.000731 0.002187 0.007651 0.000303 0.002917 0.003138 0.001073 0.124167 0.009215 0.108508 0.000576 0.003428 0.001379 0.001667 0.000925 0.009584 0.002486 0.015023 0.035017 0.002440
0.358345 0.002288 0.005643 0.035261 0.034998 0.020566 0.005536 0.003169 0.002417 0.027696 0.012121 0.002801 0.003070 0.008273 0.042927 0.001954 0.015769 0.007506 0.007847 0.120257 0.019837 0.098506 0.004147 0.012324 0.006831 0.007357 0.002639 0.012250 0.012223 0.037748 0.058199 0.009495
0.373362 0.000326 0.000430 0.000295 0.003452 0.000119 0.001832 0.000726 0.001865 0.360091 0.000116 0.000595 0.000003 0.000165 0.029608 0.012827 0.026801 0.000068 0.005261 0.103396 0.005877 0.035448 0.000227 0.002610 0.000745 0.000083 0.000041 0.008753 0.000078 0.021182 0.000423 0.003194
0.374327 0.006930 0.015020 0.016619 0.031085 0.028287 0.011102 0.006444 0.008220 0.021361 0.051146 0.005396 0.010170 0.009863 0.034941 0.003121 0.017241 0.005433 0.007406 0.101723 0.016328 0.050245 0.005499 0.009594 0.011547 0.012920 0.007286 0.016193 0.025126 0.029511 0.042512 0.007402
0.388925 0.003067 0.001271 0.007753 0.003904 0.004033 0.003840 0.001176 0.004409 0.028026 0.004124 0.002320 0.000923 0.002738 0.009399 0.001492 0.006095 0.006316 0.002077 0.182360 0.017178 0.169607 0.001543 0.003933 0.002436 0.004276 0.002102 0.048526 0.002276 0.023995 0.055894 0.003988
0.549298 0.001273 0.000485 0.004093 0.003068 0.001812 0.000641 0.000310 0.001587 0.045180 0.002941 0.000449 0.000370 0.002899 0.020641 0.000495 0.008383 0.000724 0.001253 0.071861 0.008918 0.168778 0.000204 0.001885 0.003333 0.000803 0.001992 0.015480 0.001129 0.030595 0.045696 0.003426
0.708296 0.001056 0.000141 0.000617 0.001592 0.001339 0.001576 0.000324 0.007779 0.009783 0.000866 0.000254 0.000449 0.000644 0.000472 0.000940 0.003666 0.008075 0.007590 0.019895 0.002173 0.145141 0.000525 0.001995 0.001748 0.000761 0.000562 0.006474 0.000168 0.007365 0.052563 0.005171
0.362693 0.002481 0.006335 0.033747 0.039129 0.020120 0.005896 0.002644 0.001970 0.029912 0.017289 0.002349 0.002269 0.011819 0.044772 0.001799 0.016516 0.006224 0.006016 0.098582 0.018883 0.109769 0.003395 0.014090 0.006093 0.007012 0.002892 0.012543 0.010880 0.039262 0.054287 0.008333
0.228805 0.006312 0.005225 0.033804 0.036978 0.021526 0.016062 0.006742 0.005477 0.045881 0.014148 0.006521 0.004366 0.018548 0.042501 0.006955 0.024931 0.012710 0.029109 0.075091 0.025907 0.109095 0.007950 0.022123 0.014332 0.010455 0.003817 0.014846 0.012553 0.046886 0.071624 0.018720
0.618801 0.000642 0.000475 0.005979 0.004761 0.004755 0.001188 0.000355 0.000589 0.025638 0.003964 0.000438 0.000731 0.002187 0.007651 0.000303 0.002917 0.003138 0.001073 0.124167 0.009215 0.108508 0.000576 0.003428 0.001379 0.001667 0.000925 0.009584 0.002486 0.015023 0.035017 0.002440
0.477484 0.013256 0.001515 0.011722 0.009282 0.013082 0.015813 0.002173 0.002539 0.010318 0.004398 0.002788 0.002460 0.006567 0.003075 0.006815 0.011594 0.034895 0.019191 0.009060 0.014108 0.017230 0.002123 0.004293 0.003427 0.169167 0.013551 0.023435 0.006391 0.011288 0.072062 0.004897
0.392353 0.002014 0.000224 0.001390 0.000279 0.011130 0.001051 0.001064 0.001159 0.017688 0.000807 0.001893 0.000104 0.000533 0.001953 0.005475 0.003807 0.000671 0.000852 0.021460 0.003760 0.003037 0.001014 0.001557 0.000961 0.001074 0.001428 0.513996 0.000279 0.003358 0.001879 0.001749
0.539050 0.000494 0.000108 0.000675 0.000160 0.001420 0.000561 0.000626 0.001081 0.015514 0.000176 0.001349 0.000028 0.000128 0.001754 0.007148 0.002591 0.000187 0.000531 0.015377 0.002425 0.001631 0.000395 0.000877 0.000485 0.000520 0.000494 0.398884 0.000113 0.003082 0.000745 0.001392
0.608613 0.000017 0.000027 0.000073 0.000009 0.000821 0.000016 0.000018 0.000012 0.000407 0.000004 0.000030 0.000000 0.000011 0.000227 0.000192 0.000484 0.000011 0.000011 0.000579 0.000141 0.000096 0.000009 0.000020 0.000038 0.000012 0.000016 0.387940 0.000002 0.000096 0.000045 0.000024
0.621392 0.003827 0.000324 0.004432 0.000389 0.009926 0.002647 0.002363 0.002832 0.036631 0.001232 0.004470 0.000401 0.000844 0.001970 0.008800 0.005051 0.002162 0.001895 0.027426 0.004334 0.005682 0.002145 0.002616 0.001962 0.001344 0.001645 0.229665 0.000438 0.004275 0.002986 0.003891
0.772683 0.002382 0.000561 0.005325 0.001059 0.012966 0.001691 0.000761 0.006176 0.003392 0.000155 0.001505 0.000122 0.000174 0.000404 0.007715 0.001556 0.000401 0.000714 0.001449 0.000661 0.000758 0.008837 0.000710 0.000260 0.000390 0.000600 0.163785 0.000162 0.000862 0.000613 0.001170
0.705418 0.000785 0.000176 0.008511 0.000407 0.005512 0.002859 0.002160 0.001465 0.007562 0.001317 0.000514 0.000104 0.000373 0.004653 0.005594 0.005270 0.001041 0.000741 0.023436 0.014675 0.026694 0.004646 0.001905 0.001113 0.000989 0.001881 0.145926 0.000460 0.014287 0.003511 0.006015
0.465751 0.001556 0.000441 0.001572 0.004869 0.000834 0.000911 0.000423 0.001721 0.015818 0.002046 0.000524 0.001238 0.003287 0.023114 0.000638 0.093214 0.000864 0.003340 0.025086 0.013750 0.064629 0.000542 0.012519 0.008681 0.000389 0.000908 0.021728 0.000335 0.194822 0.024749 0.009702
0.510229 0.005411 0.000462 0.013485 0.011062 0.006496 0.002180 0.000738 0.003171 0.017008 0.006699 0.000968 0.004621 0.004952 0.007302 0.002668 0.078992 0.002102 0.005858 0.011926 0.017860 0.033181 0.001610 0.045857 0.006166 0.000586 0.001629 0.028485 0.000730 0.138769 0.017638 0.011159
0.549063 0.001687 0.000103 0.000584 0.001061 0.009604 0.000430 0.000134 0.000281 0.001895 0.005941 0.000074 0.000203 0.000636 0.000889 0.000174 0.003083 0.003094 0.000999 0.013841 0.003620 0.028847 0.000430 0.000277 0.003764 0.004668 0.002799 0.003163 0.001631 0.005053 0.350724 0.001248
0.588135 0.002188 0.000105 0.001007 0.000445 0.022586 0.000611 0.000156 0.000347 0.003405 0.002999 0.000084 0.000866 0.001425 0.000597 0.000362 0.003090 0.004579 0.002275 0.007524 0.005942 0.028444 0.000243 0.000304 0.002781 0.006088 0.003405 0.004132 0.000667 0.005383 0.298491 0.001336
0.612788 0.000933 0.000083 0.001183 0.002351 0.013108 0.000324 0.000125 0.000306 0.003001 0.004212 0.000064 0.000385 0.000639 0.001210 0.000131 0.003480 0.001773 0.000969 0.014244 0.003424 0.049707 0.000436 0.000452 0.002600 0.001967 0.001532 0.002617 0.001048 0.008734 0.264805 0.001371
0.576463 0.003588 0.000262 0.001409 0.000443 0.069509 0.000417 0.000130 0.000606 0.002117 0.005342 0.000057 0.005577 0.002414 0.000533 0.000268 0.002007 0.005477 0.002621 0.005472 0.006295 0.044483 0.000060 0.000490 0.004989 0.003336 0.006729 0.003746 0.000651 0.004837 0.238780 0.000892
0.671680 0.002282 0.000108 0.001388 0.000373 0.005937 0.001154 0.000269 0.000427 0.004518 0.001542 0.000180 0.000607 0.001771 0.000664 0.000772 0.004121 0.012880 0.003626 0.008431 0.011155 0.019776 0.000342 0.000405 0.002256 0.019867 0.004977 0.009313 0.000899 0.006325 0.199947 0.002008
0.776153 0.001366 0.000028 0.000455 0.000228 0.004425 0.000657 0.000135 0.000156 0.002446 0.000840 0.000098 0.000204 0.000432 0.000271 0.000560 0.001861 0.020462 0.002346 0.006703 0.007146 0.013794 0.000383 0.000195 0.000654 0.026384 0.005484 0.008369 0.001335 0.003326 0.111648 0.001455
