0.561712 0.000088 0.000018 0.000205 0.000120 0.000136 0.000447 0.000093 0.000540 0.400241 0.000047 0.000028 0.000003 0.000058 0.001348 0.001009 0.000592 0.000725 0.000783 0.020005 0.000515 0.007709 0.000032 0.000260 0.000191 0.000070 0.000013 0.000767 0.000044 0.001390 0.000262 0.000550
0.667002 0.000134 0.000160 0.000599 0.000230 0.000664 0.000431 0.000270 0.001472 0.181172 0.000808 0.000109 0.000209 0.000412 0.003399 0.000215 0.000959 0.003752 0.000236 0.100718 0.002596 0.024280 0.000102 0.000489 0.000516 0.000426 0.000188 0.001175 0.000993 0.004617 0.000902 0.000767
0.650806 0.000234 0.000332 0.000757 0.000388 0.001050 0.000642 0.000404 0.002065 0.164513 0.001442 0.000165 0.000434 0.000833 0.004601 0.000295 0.001224 0.005805 0.000406 0.113576 0.003121 0.031666 0.000156 0.000760 0.000816 0.000760 0.000344 0.001730 0.002051 0.006151 0.001411 0.001062
0.754759 0.000544 0.000343 0.000642 0.000401 0.000449 0.000379 0.000234 0.000676 0.154437 0.001188 0.000109 0.000277 0.001124 0.009169 0.000379 0.002156 0.002420 0.000688 0.032407 0.003102 0.021383 0.000119 0.000585 0.001932 0.000236 0.000247 0.001416 0.000611 0.005164 0.001235 0.001190
0.682369 0.004671 0.001054 0.000422 0.004203 0.000782 0.001184 0.002424 0.011634 0.149453 0.001810 0.001706 0.000033 0.000551 0.001818 0.003517 0.001654 0.000822 0.004447 0.053377 0.004423 0.046933 0.004020 0.000866 0.000760 0.000373 0.000202 0.006010 0.000560 0.003492 0.003420 0.001008
0.614806 0.000738 0.000907 0.001515 0.001909 0.003766 0.002446 0.001175 0.003899 0.148346 0.003194 0.000504 0.000499 0.001267 0.009939 0.001438 0.002265 0.007135 0.001204 0.117789 0.005489 0.038740 0.000531 0.002595 0.001534 0.002513 0.000840 0.004950 0.004776 0.007760 0.003604 0.001925
0.397602 0.003383 0.005966 0.003951 0.025525 0.005639 0.013643 0.005318 0.009204 0.144888 0.005428 0.003466 0.000436 0.004261 0.045503 0.012817 0.013644 0.007131 0.007331 0.107286 0.017686 0.049718 0.002294 0.017612 0.004101 0.008562 0.002381 0.021995 0.007266 0.026290 0.013920 0.005752
0.571449 0.000820 0.001253 0.001642 0.001857 0.004602 0.002526 0.001378 0.003644 0.144590 0.005038 0.000626 0.000934 0.001814 0.012149 0.001256 0.002429 0.008113 0.001510 0.133753 0.006578 0.049648 0.000703 0.002940 0.002163 0.003444 0.001101 0.006044 0.007384 0.010745 0.005495 0.002370
0.678974 0.000744 0.000558 0.000771 0.001615 0.001664 0.002102 0.000809 0.004425 0.144300 0.001898 0.000412 0.000170 0.000830 0.007408 0.001693 0.001930 0.003588 0.000973 0.095155 0.003992 0.027030 0.000296 0.002202 0.000920 0.001313 0.000493 0.003324 0.001932 0.005153 0.001999 0.001324
0.702728 0.004143 0.000959 0.003804 0.007999 0.004304 0.001807 0.002849 0.018263 0.143912 0.005025 0.003260 0.000098 0.000445 0.002041 0.005534 0.002714 0.000807 0.004463 0.029406 0.005133 0.018576 0.008114 0.001243 0.000453 0.001258 0.000354 0.009379 0.001339 0.003271 0.004328 0.001989
0.834006 0.000007 0.000004 0.000032 0.000006 0.000027 0.000023 0.000013 0.000271 0.142725 0.000023 0.000003 0.000004 0.000011 0.000207 0.000017 0.000067 0.000562 0.000017 0.018718 0.000123 0.002602 0.000002 0.000022 0.000033 0.000010 0.000004 0.000065 0.000014 0.000274 0.000044 0.000065
0.527588 0.005074 0.001712 0.000576 0.007891 0.000889 0.002574 0.004165 0.013955 0.135356 0.002541 0.003832 0.000078 0.000756 0.003053 0.003543 0.003608 0.002434 0.003502 0.124288 0.012995 0.087001 0.014070 0.001292 0.000912 0.001368 0.000650 0.010969 0.001921 0.008273 0.011358 0.001778
0.267116 0.006546 0.002200 0.005389 0.015026 0.002182 0.009857 0.002349 0.002655 0.135166 0.002326 0.004329 0.000291 0.004135 0.027818 0.010678 0.031728 0.006676 0.001958 0.075669 0.044894 0.047164 0.015128 0.010238 0.003028 0.011824 0.003257 0.143499 0.006149 0.038881 0.057380 0.004466
0.371586 0.003413 0.006510 0.006560 0.021565 0.011262 0.013573 0.005174 0.007618 0.123451 0.009358 0.003416 0.001043 0.004931 0.046844 0.008523 0.011719 0.009383 0.007370 0.126444 0.017506 0.054284 0.002998 0.015224 0.005490 0.012479 0.003318 0.022564 0.012716 0.026988 0.019873 0.006819
0.825761 0.003272 0.000038 0.000681 0.000189 0.000679 0.000576 0.000225 0.001283 0.106954 0.000306 0.000122 0.000085 0.000487 0.003902 0.002045 0.001430 0.000427 0.006325 0.016374 0.000557 0.009888 0.000111 0.000210 0.009436 0.000124 0.000095 0.002466 0.000062 0.002631 0.001035 0.002223
0.061643 0.006098 0.001850 0.010599 0.028077 0.004509 0.008813 0.004737 0.007115 0.105292 0.010930 0.006149 0.002186 0.005683 0.029678 0.003890 0.024613 0.006788 0.003834 0.200964 0.059405 0.095735 0.042047 0.015677 0.004051 0.011574 0.009818 0.061096 0.015119 0.065032 0.076169 0.010830
0.316402 0.004021 0.004371 0.063539 0.021866 0.044453 0.010250 0.005829 0.005948 0.055316 0.010740 0.004942 0.006353 0.008002 0.022090 0.009122 0.013366 0.007559 0.128959 0.071844 0.013610 0.046206 0.007650 0.014514 0.008689 0.004819 0.001618 0.008815 0.006310 0.029011 0.027100 0.016686
0.400095 0.003363 0.003609 0.055124 0.017850 0.038902 0.008407 0.004856 0.005028 0.051102 0.008839 0.003816 0.005018 0.006163 0.018265 0.007739 0.011462 0.006395 0.127475 0.061097 0.011295 0.039039 0.005760 0.012169 0.007129 0.003989 0.001374 0.007233 0.005250 0.025276 0.022326 0.014556
0.460248 0.002731 0.003026 0.047551 0.014783 0.033791 0.006744 0.003981 0.004227 0.047683 0.007369 0.003078 0.004386 0.005082 0.016248 0.006549 0.010297 0.005473 0.125159 0.054708 0.010093 0.034864 0.004517 0.010860 0.006336 0.003337 0.001214 0.006032 0.004372 0.023756 0.018469 0.013034
0.384708 0.003707 0.003794 0.055050 0.017740 0.042742 0.009041 0.005062 0.005138 0.052211 0.010308 0.004042 0.005079 0.006644 0.020131 0.008128 0.011990 0.006645 0.114244 0.067244 0.012353 0.041423 0.006227 0.012422 0.007414 0.004419 0.001457 0.008152 0.005836 0.026942 0.025139 0.014567
0.303350 0.003632 0.005886 0.040043 0.032148 0.022482 0.009897 0.005373 0.005619 0.062545 0.009572 0.006360 0.003919 0.009960 0.031369 0.006441 0.018790 0.008571 0.105732 0.071351 0.015778 0.055872 0.011220 0.024218 0.008651 0.005768 0.001833 0.012951 0.006345 0.036687 0.034914 0.022722
0.641881 0.000148 0.000265 0.002778 0.000156 0.000418 0.000105 0.000215 0.000348 0.010373 0.001195 0.000154 0.000152 0.000197 0.006870 0.000092 0.000915 0.000261 0.000140 0.290120 0.003060 0.022596 0.000382 0.000972 0.000772 0.000112 0.000243 0.004140 0.000260 0.008105 0.001419 0.001155
0.698946 0.000094 0.000248 0.002555 0.000132 0.000363 0.000071 0.000166 0.000246 0.008513 0.000953 0.000110 0.000141 0.000157 0.006552 0.000073 0.000825 0.000180 0.000126 0.241103 0.002572 0.020642 0.000245 0.000879 0.000717 0.000077 0.000187 0.003596 0.000186 0.007167 0.001129 0.001049
0.061643 0.006098 0.001850 0.010599 0.028077 0.004509 0.008813 0.004737 0.007115 0.105292 0.010930 0.006149 0.002186 0.005683 0.029678 0.003890 0.024613 0.006788 0.003834 0.200964 0.059405 0.095735 0.042047 0.015677 0.004051 0.011574 0.009818 0.061096 0.015119 0.065032 0.076169 0.010830
0.735552 0.000134 0.000384 0.002941 0.000200 0.000537 0.000105 0.000221 0.000317 0.008989 0.001499 0.000149 0.000221 0.000228 0.007981 0.000112 0.001096 0.000231 0.000194 0.196415 0.003176 0.021317 0.000315 0.001166 0.000997 0.000117 0.000264 0.004164 0.000274 0.007983 0.001492 0.001228
0.459293 0.000689 0.000605 0.005567 0.005615 0.004139 0.001947 0.000712 0.000820 0.026361 0.002958 0.000816 0.000352 0.001757 0.011724 0.000542 0.003670 0.004900 0.001634 0.194211 0.010194 0.159200 0.000957 0.003800 0.001828 0.003186 0.001272 0.014085 0.003362 0.015155 0.055049 0.003601
0.697132 0.001179 0.000440 0.010666 0.000733 0.003501 0.000551 0.000669 0.001005 0.016422 0.004683 0.000558 0.001305 0.000988 0.008067 0.000411 0.003585 0.000643 0.000490 0.180328 0.009549 0.015738 0.001090 0.002702 0.002394 0.000939 0.001366 0.009268 0.001189 0.014493 0.005383 0.002532
0.270666 0.006359 0.009303 0.014102 0.025483 0.020402 0.011300 0.004712 0.008443 0.027784 0.036859 0.004424 0.005003 0.009924 0.026053 0.002777 0.011588 0.008527 0.006795 0.171591 0.017726 0.110277 0.005454 0.009191 0.007941 0.012062 0.004753 0.022591 0.018296 0.026646 0.073604 0.009364
0.511121 0.003242 0.001292 0.000668 0.006861 0.000738 0.002600 0.003537 0.008628 0.089631 0.001988 0.003696 0.000100 0.000667 0.003404 0.002653 0.004066 0.002617 0.002007 0.168562 0.018438 0.097275 0.016613 0.001328 0.000828 0.001811 0.000928 0.013806 0.002687 0.010079 0.016309 0.001818
0.052370 0.010236 0.001922 0.008369 0.023555 0.003435 0.015719 0.004357 0.003665 0.080412 0.013243 0.008750 0.001225 0.006378 0.025894 0.003718 0.027393 0.006940 0.003974 0.164141 0.087303 0.084975 0.032092 0.013216 0.004548 0.012596 0.009517 0.050478 0.012121 0.071020 0.147838 0.008598
0.216302 0.006882 0.005686 0.012116 0.021098 0.015882 0.012220 0.004739 0.007067 0.052661 0.030434 0.003440 0.002646 0.010102 0.029802 0.005204 0.015743 0.008033 0.010421 0.160109 0.025914 0.104777 0.004759 0.011504 0.007791 0.011976 0.007111 0.026891 0.014786 0.044671 0.098528 0.010706
0.184943 0.003865 0.005434 0.013661 0.039055 0.013563 0.007704 0.006182 0.004483 0.057480 0.014295 0.006647 0.002008 0.006815 0.043174 0.003020 0.032000 0.008203 0.009858 0.144016 0.030037 0.106185 0.009086 0.014699 0.006014 0.009795 0.005274 0.035891 0.015161 0.048332 0.096348 0.016774
0.229290 0.007581 0.001104 0.010527 0.012788 0.006066 0.003931 0.000967 0.001986 0.069014 0.014005 0.001148 0.000710 0.003810 0.011393 0.002704 0.012938 0.003821 0.004131 0.136274 0.045395 0.109045 0.007024 0.005888 0.002371 0.005064 0.007701 0.036014 0.008172 0.049147 0.184654 0.005336
0.830030 0.000024 0.000123 0.002498 0.000062 0.000359 0.000022 0.000049 0.000112 0.002007 0.000250 0.000037 0.000141 0.000046 0.002366 0.000026 0.000332 0.000067 0.000045 0.135511 0.000797 0.019959 0.000072 0.000268 0.000347 0.000021 0.000083 0.001400 0.000050 0.002078 0.000474 0.000342
0.571449 0.000820 0.001253 0.001642 0.001857 0.004602 0.002526 0.001378 0.003644 0.144590 0.005038 0.000626 0.000934 0.001814 0.012149 0.001256 0.002429 0.008113 0.001510 0.133753 0.006578 0.049648 0.000703 0.002940 0.002163 0.003444 0.001101 0.006044 0.007384 0.010745 0.005495 0.002370
0.771777 0.000677 0.000394 0.010035 0.000792 0.002636 0.000444 0.000533 0.000580 0.011707 0.004008 0.000457 0.000751 0.000754 0.009518 0.000318 0.003381 0.000416 0.000349 0.127344 0.007554 0.010217 0.000677 0.002577 0.002026 0.000736 0.001054 0.006912 0.000939 0.014335 0.004064 0.002038
0.285952 0.005493 0.001335 0.010789 0.011079 0.005211 0.004537 0.001075 0.004283 0.085019 0.009723 0.001108 0.000454 0.003877 0.009008 0.004693 0.010818 0.005508 0.006576 0.126863 0.029199 0.136097 0.003201 0.005399 0.002222 0.004219 0.004658 0.035584 0.005053 0.039602 0.135005 0.006358
0.371586 0.003413 0.006510 0.006560 0.021565 0.011262 0.013573 0.005174 0.007618 0.123451 0.009358 0.003416 0.001043 0.004931 0.046844 0.008523 0.011719 0.009383 0.007370 0.126444 0.017506 0.054284 0.002998 0.015224 0.005490 0.012479 0.003318 0.022564 0.012716 0.026988 0.019873 0.006819
0.527588 0.005074 0.001712 0.000576 0.007891 0.000889 0.002574 0.004165 0.013955 0.135356 0.002541 0.003832 0.000078 0.000756 0.003053 0.003543 0.003608 0.002434 0.003502 0.124288 0.012995 0.087001 0.014070 0.001292 0.000912 0.001368 0.000650 0.010969 0.001921 0.008273 0.011358 0.001778
0.549070 0.001679 0.004980 0.003767 0.006480 0.011806 0.004006 0.002568 0.004650 0.079113 0.015059 0.001226 0.002665 0.003848 0.021262 0.001767 0.004453 0.008653 0.003083 0.120982 0.009865 0.055566 0.001453 0.005480 0.004841 0.007337 0.002651 0.010485 0.018016 0.015225 0.014269 0.003696
0.614806 0.000738 0.000907 0.001515 0.001909 0.003766 0.002446 0.001175 0.003899 0.148346 0.003194 0.000504 0.000499 0.001267 0.009939 0.001438 0.002265 0.007135 0.001204 0.117789 0.005489 0.038740 0.000531 0.002595 0.001534 0.002513 0.000840 0.004950 0.004776 0.007760 0.003604 0.001925
0.584506 0.001758 0.004610 0.004069 0.006468 0.012208 0.004116 0.002370 0.003654 0.077596 0.012100 0.001130 0.001785 0.003318 0.019743 0.001993 0.004616 0.008128 0.002669 0.113791 0.009614 0.051520 0.001292 0.004979 0.004367 0.006032 0.002332 0.009133 0.013560 0.012347 0.011109 0.003089
0.650806 0.000234 0.000332 0.000757 0.000388 0.001050 0.000642 0.000404 0.002065 0.164513 0.001442 0.000165 0.000434 0.000833 0.004601 0.000295 0.001224 0.005805 0.000406 0.113576 0.003121 0.031666 0.000156 0.000760 0.000816 0.000760 0.000344 0.001730 0.002051 0.006151 0.001411 0.001062
0.424717 0.003348 0.011516 0.012649 0.020642 0.020692 0.007685 0.004561 0.004900 0.022638 0.036098 0.003469 0.006337 0.006034 0.037548 0.002413 0.011499 0.005256 0.006003 0.108184 0.016595 0.060652 0.004232 0.009635 0.008462 0.011678 0.004747 0.019350 0.025739 0.029003 0.047599 0.006118
0.397602 0.003383 0.005966 0.003951 0.025525 0.005639 0.013643 0.005318 0.009204 0.144888 0.005428 0.003466 0.000436 0.004261 0.045503 0.012817 0.013644 0.007131 0.007331 0.107286 0.017686 0.049718 0.002294 0.017612 0.004101 0.008562 0.002381 0.021995 0.007266 0.026290 0.013920 0.005752
0.554035 0.000992 0.000962 0.006439 0.008535 0.006692 0.001865 0.000974 0.000652 0.018442 0.007950 0.000827 0.000540 0.002122 0.019062 0.000782 0.008279 0.004349 0.001766 0.101808 0.017416 0.084594 0.001452 0.003289 0.003928 0.006062 0.005597 0.014609 0.008249 0.021650 0.081687 0.004394
0.667002 0.000134 0.000160 0.000599 0.000230 0.000664 0.000431 0.000270 0.001472 0.181172 0.000808 0.000109 0.000209 0.000412 0.003399 0.000215 0.000959 0.003752 0.000236 0.100718 0.002596 0.024280 0.000102 0.000489 0.000516 0.000426 0.000188 0.001175 0.000993 0.004617 0.000902 0.000767
0.459293 0.000689 0.000605 0.005567 0.005615 0.004139 0.001947 0.000712 0.000820 0.026361 0.002958 0.000816 0.000352 0.001757 0.011724 0.000542 0.003670 0.004900 0.001634 0.194211 0.010194 0.159200 0.000957 0.003800 0.001828 0.003186 0.001272 0.014085 0.003362 0.015155 0.055049 0.003601
0.285952 0.005493 0.001335 0.010789 0.011079 0.005211 0.004537 0.001075 0.004283 0.085019 0.009723 0.001108 0.000454 0.003877 0.009008 0.004693 0.010818 0.005508 0.006576 0.126863 0.029199 0.136097 0.003201 0.005399 0.002222 0.004219 0.004658 0.035584 0.005053 0.039602 0.135005 0.006358
0.270666 0.006359 0.009303 0.014102 0.025483 0.020402 0.011300 0.004712 0.008443 0.027784 0.036859 0.004424 0.005003 0.009924 0.026053 0.002777 0.011588 0.008527 0.006795 0.171591 0.017726 0.110277 0.005454 0.009191 0.007941 0.012062 0.004753 0.022591 0.018296 0.026646 0.073604 0.009364
0.229290 0.007581 0.001104 0.010527 0.012788 0.006066 0.003931 0.000967 0.001986 0.069014 0.014005 0.001148 0.000710 0.003810 0.011393 0.002704 0.012938 0.003821 0.004131 0.136274 0.045395 0.109045 0.007024 0.005888 0.002371 0.005064 0.007701 0.036014 0.008172 0.049147 0.184654 0.005336
0.184943 0.003865 0.005434 0.013661 0.039055 0.013563 0.007704 0.006182 0.004483 0.057480 0.014295 0.006647 0.002008 0.006815 0.043174 0.003020 0.032000 0.008203 0.009858 0.144016 0.030037 0.106185 0.009086 0.014699 0.006014 0.009795 0.005274 0.035891 0.015161 0.048332 0.096348 0.016774
0.216302 0.006882 0.005686 0.012116 0.021098 0.015882 0.012220 0.004739 0.007067 0.052661 0.030434 0.003440 0.002646 0.010102 0.029802 0.005204 0.015743 0.008033 0.010421 0.160109 0.025914 0.104777 0.004759 0.011504 0.007791 0.011976 0.007111 0.026891 0.014786 0.044671 0.098528 0.010706
0.309791 0.007229 0.005792 0.057429 0.017368 0.033069 0.011161 0.003349 0.012123 0.028395 0.012400 0.006508 0.015381 0.028459 0.007821 0.007987 0.044600 0.013891 0.016927 0.022760 0.029895 0.035789 0.004618 0.142178 0.009246 0.003851 0.004035 0.016511 0.004211 0.052577 0.021990 0.012662
0.216799 0.019193 0.010015 0.041239 0.025037 0.046302 0.027384 0.008869 0.017587 0.025928 0.020550 0.018078 0.015401 0.031080 0.011219 0.016333 0.057475 0.019078 0.019021 0.017454 0.030550 0.024181 0.010519 0.121744 0.010982 0.012065 0.009910 0.022310 0.010888 0.038640 0.028345 0.015826
0.373998 0.010896 0.006143 0.015659 0.024467 0.028270 0.010280 0.004298 0.005527 0.019718 0.014069 0.008373 0.007831 0.016533 0.014102 0.012078 0.069002 0.009028 0.012038 0.016898 0.041632 0.016374 0.004072 0.102898 0.006965 0.009742 0.011528 0.026369 0.011118 0.051414 0.028749 0.009930
0.488819 0.000040 0.000056 0.002303 0.000728 0.000576 0.000116 0.000012 0.000030 0.000019 0.000611 0.000005 0.000020 0.000034 0.000038 0.000016 0.000925 0.000980 0.000020 0.000241 0.000764 0.000587 0.000007 0.000008 0.000046 0.121638 0.002737 0.000063 0.001020 0.000241 0.377268 0.000030
0.267116 0.006546 0.002200 0.005389 0.015026 0.002182 0.009857 0.002349 0.002655 0.135166 0.002326 0.004329 0.000291 0.004135 0.027818 0.010678 0.031728 0.006676 0.001958 0.075669 0.044894 0.047164 0.015128 0.010238 0.003028 0.011824 0.003257 0.143499 0.006149 0.038881 0.057380 0.004466
0.253017 0.000139 0.000065 0.006363 0.000740 0.003922 0.000172 0.000058 0.000060 0.000269 0.002702 0.000022 0.000136 0.000144 0.001058 0.000052 0.001801 0.000780 0.000145 0.002310 0.004591 0.007651 0.000021 0.000098 0.000702 0.035064 0.019436 0.000705 0.001312 0.002325 0.653694 0.000448
0.425937 0.000002 0.000008 0.000165 0.000043 0.000100 0.000008 0.000001 0.000001 0.000006 0.000032 0.000000 0.000001 0.000007 0.000042 0.000002 0.000544 0.000057 0.000004 0.000130 0.000640 0.001647 0.000000 0.000002 0.000020 0.036122 0.000895 0.000068 0.000098 0.000318 0.533090 0.000010
0.489966 0.000000 0.000000 0.000002 0.000000 0.000018 0.000000 0.000000 0.000000 0.000000 0.000012 0.000000 0.000000 0.000000 0.000003 0.000000 0.000018 0.000001 0.000000 0.000272 0.000014 0.000268 0.000000 0.000000 0.000007 0.000012 0.000002 0.000002 0.000000 0.000011 0.509392 0.000000
0.483811 0.000316 0.000464 0.004520 0.002574 0.005462 0.000676 0.000217 0.000218 0.000827 0.004296 0.000177 0.000138 0.000639 0.003603 0.000057 0.005652 0.002826 0.000121 0.012920 0.003507 0.015099 0.000104 0.000239 0.003247 0.014926 0.005003 0.001470 0.001595 0.004870 0.419622 0.000802
0.538726 0.000093 0.000124 0.000954 0.000584 0.005077 0.000249 0.000116 0.000210 0.000531 0.003027 0.000040 0.000111 0.000209 0.001593 0.000021 0.002094 0.001381 0.000068 0.015534 0.001679 0.010571 0.000044 0.000101 0.002067 0.010557 0.005239 0.000624 0.001182 0.002905 0.393841 0.000448
0.499899 0.000287 0.000884 0.005790 0.003629 0.006031 0.000894 0.000317 0.000316 0.001444 0.004580 0.000285 0.000229 0.000797 0.004858 0.000109 0.007736 0.003201 0.000256 0.015265 0.006056 0.018821 0.000181 0.000465 0.003890 0.023750 0.008596 0.003575 0.002087 0.007796 0.366546 0.001430
0.634825 0.000027 0.000013 0.000340 0.000042 0.001613 0.000029 0.000010 0.000016 0.000061 0.001397 0.000004 0.000024 0.000023 0.000096 0.000007 0.000146 0.000393 0.000022 0.002875 0.000544 0.005155 0.000002 0.000010 0.000212 0.004159 0.002397 0.000118 0.000272 0.000340 0.344759 0.000067
0.667960 0.000000 0.000000 0.000004 0.000000 0.000011 0.000000 0.000000 0.000000 0.000001 0.000012 0.000000 0.000000 0.000000 0.000008 0.000000 0.000073 0.000001 0.000000 0.000237 0.000051 0.000229 0.000000 0.000000 0.000010 0.000039 0.000006 0.000002 0.000001 0.000020 0.331334 0.000000
0.685314 0.000110 0.000051 0.000397 0.000369 0.003301 0.000066 0.000019 0.000053 0.000143 0.004407 0.000010 0.000100 0.000097 0.000405 0.000014 0.000495 0.000542 0.000054 0.005297 0.000832 0.008077 0.000013 0.000020 0.001078 0.001451 0.001990 0.000182 0.000235 0.000845 0.283915 0.000117
0.685550 0.000050 0.000061 0.000847 0.000141 0.001957 0.000190 0.000106 0.000162 0.000583 0.001699 0.000021 0.000039 0.000160 0.001094 0.000015 0.002374 0.001250 0.000053 0.011260 0.001221 0.010214 0.000020 0.000076 0.001293 0.007340 0.003830 0.000458 0.000614 0.002759 0.264054 0.000508
0.766752 0.000001 0.000000 0.000004 0.000000 0.000093 0.000001 0.000000 0.000000 0.000002 0.000022 0.000000 0.000000 0.000001 0.000002 0.000000 0.000012 0.000103 0.000001 0.000655 0.000062 0.001334 0.000000 0.000000 0.000015 0.000434 0.000168 0.000005 0.000004 0.000034 0.230288 0.000003
0.774283 0.000000 0.000000 0.000000 0.000000 0.000001 0.000000 0.000000 0.000000 0.000000 0.000000 0.000000 0.000000 0.000000 0.000000 0.000000 0.000006 0.000000 0.000000 0.000019 0.000003 0.000014 0.000000 0.000000 0.000000 0.000005 0.000000 0.000000 0.000000 0.000001 0.225666 0.000000
0.785930 0.000000 0.000000 0.000000 0.000000 0.000002 0.000000 0.000000 0.000000 0.000000 0.000001 0.000000 0.000000 0.000000 0.000000 0.000000 0.000004 0.000000 0.000000 0.000086 0.000002 0.000062 0.000000 0.000000 0.000001 0.000002 0.000000 0.000000 0.000000 0.000002 0.213906 0.000000
0.790830 0.000000 0.000000 0.000002 0.000000 0.000130 0.000001 0.000000 0.000000 0.000001 0.000011 0.000000 0.000000 0.000001 0.000001 0.000000 0.000007 0.000076 0.000000 0.001791 0.000029 0.001534 0.000000 0.000000 0.000013 0.000273 0.000160 0.000003 0.000003 0.000017 0.205114 0.000002
0.779971 0.000023 0.000009 0.000713 0.000050 0.002005 0.000020 0.000006 0.000020 0.000045 0.001994 0.000003 0.000037 0.000017 0.000220 0.000005 0.000280 0.000084 0.000013 0.005318 0.000581 0.004753 0.000002 0.000007 0.000254 0.001380 0.000937 0.000139 0.000150 0.000502 0.200418 0.000042
0.776924 0.000034 0.000010 0.000135 0.000035 0.000626 0.000022 0.000005 0.000016 0.000046 0.001223 0.000003 0.000023 0.000028 0.000338 0.000004 0.000264 0.000128 0.000013 0.008388 0.000527 0.012306 0.000002 0.000008 0.000556 0.000365 0.000418 0.000063 0.000036 0.000714 0.196696 0.000045
0.804498 0.000000 0.000000 0.000000 0.000000 0.000000 0.000000 0.000000 0.000000 0.000000 0.000000 0.000000 0.000000 0.000000 0.000000 0.000000 0.000001 0.000000 0.000000 0.000006 0.000001 0.000014 0.000000 0.000000 0.000000 0.000008 0.000002 0.000000 0.000000 0.000001 0.195469 0.000000
0.707424 0.000504 0.000074 0.000232 0.000127 0.000423 0.000529 0.000132 0.000848 0.000957 0.002837 0.000092 0.000027 0.000282 0.003220 0.000108 0.004944 0.000364 0.000280 0.033388 0.008184 0.025403 0.000030 0.000176 0.001575 0.005180 0.003171 0.003243 0.000412 0.008867 0.186140 0.000827
0.229290 0.007581 0.001104 0.010527 0.012788 0.006066 0.003931 0.000967 0.001986 0.069014 0.014005 0.001148 0.000710 0.003810 0.011393 0.002704 0.012938 0.003821 0.004131 0.136274 0.045395 0.109045 0.007024 0.005888 0.002371 0.005064 0.007701 0.036014 0.008172 0.049147 0.184654 0.005336
0.792264 0.000030 0.000008 0.000210 0.000030 0.000686 0.000020 0.000007 0.000015 0.000112 0.000834 0.000004 0.000046 0.000038 0.000237 0.000011 0.000558 0.000347 0.000035 0.005822 0.001612 0.011632 0.000004 0.000023 0.000227 0.000707 0.001576 0.000146 0.000089 0.001996 0.180602 0.000072
0.822504 0.000000 0.000000 0.000000 0.000000 0.000000 0.000000 0.000000 0.000000 0.000000 0.000001 0.000000 0.000000 0.000000 0.000001 0.000000 0.000013 0.000002 0.000000 0.000019 0.000012 0.000079 0.000000 0.000000 0.000000 0.000874 0.000011 0.000001 0.000001 0.000017 0.176465 0.000000
0.765006 0.000122 0.000090 0.001186 0.000922 0.003405 0.000121 0.000048 0.000097 0.000327 0.003439 0.000030 0.000133 0.000138 0.003520 0.000012 0.001352 0.000352 0.000035 0.020720 0.001403 0.012014 0.000029 0.000078 0.001688 0.002999 0.002026 0.000516 0.000602 0.003709 0.173636 0.000242
0.825184 0.000000 0.000000 0.000001 0.000000 0.000018 0.000000 0.000000 0.000000 0.000001 0.000024 0.000000 0.000000 0.000000 0.000003 0.000000 0.000005 0.000001 0.000000 0.001031 0.000011 0.001592 0.000000 0.000000 0.000012 0.000004 0.000001 0.000003 0.000000 0.000019 0.172087 0.000001
0.708013 0.000886 0.000138 0.003049 0.000954 0.002836 0.000934 0.000253 0.001222 0.001401 0.013520 0.000254 0.000078 0.000323 0.003593 0.000259 0.004874 0.000637 0.000621 0.017742 0.010131 0.012969 0.000080 0.000319 0.001558 0.008731 0.015507 0.006016 0.001090 0.011190 0.169248 0.001572
0.052370 0.010236 0.001922 0.008369 0.023555 0.003435 0.015719 0.004357 0.003665 0.080412 0.013243 0.008750 0.001225 0.006378 0.025894 0.003718 0.027393 0.006940 0.003974 0.164141 0.087303 0.084975 0.032092 0.013216 0.004548 0.012596 0.009517 0.050478 0.012121 0.071020 0.147838 0.008598
0.828217 0.000025 0.000009 0.000716 0.000109 0.002980 0.000047 0.000023 0.000099 0.000157 0.001345 0.000008 0.000094 0.000043 0.000164 0.000006 0.000262 0.000436 0.000027 0.009655 0.000617 0.005453 0.000009 0.000024 0.000587 0.002749 0.002786 0.000277 0.000233 0.000698 0.141985 0.000160
0.285952 0.005493 0.001335 0.010789 0.011079 0.005211 0.004537 0.001075 0.004283 0.085019 0.009723 0.001108 0.000454 0.003877 0.009008 0.004693 0.010818 0.005508 0.006576 0.126863 0.029199 0.136097 0.003201 0.005399 0.002222 0.004219 0.004658 0.035584 0.005053 0.039602 0.135005 0.006358
0.876787 0.000000 0.000000 0.000000 0.000000 0.000000 0.000000 0.000000 0.000000 0.000000 0.000000 0.000000 0.000000 0.000000 0.000000 0.000000 0.000001 0.000000 0.000000 0.000016 0.000001 0.000015 0.000000 0.000000 0.000000 0.000032 0.000001 0.000000 0.000000 0.000001 0.123146 0.000000
0.841672 0.000023 0.000009 0.000402 0.000029 0.000884 0.000031 0.000011 0.000024 0.000247 0.000881 0.000005 0.000131 0.000047 0.000345 0.000015 0.000760 0.000474 0.000057 0.009742 0.002391 0.011720 0.000006 0.000035 0.000208 0.000739 0.001978 0.000278 0.000115 0.003516 0.123090 0.000136
0.751655 0.001513 0.000117 0.000591 0.000394 0.000472 0.001272 0.000328 0.001996 0.002142 0.005701 0.000273 0.000017 0.000416 0.006536 0.000257 0.005014 0.000494 0.000603 0.030628 0.010340 0.027821 0.000064 0.000371 0.001588 0.006282 0.003430 0.005052 0.000442 0.009867 0.122948 0.001376
0.828284 0.000079 0.000060 0.002024 0.000279 0.001751 0.000099 0.000024 0.000039 0.000168 0.001773 0.000022 0.000065 0.000090 0.002181 0.000016 0.001432 0.000255 0.000030 0.013853 0.001819 0.018316 0.000014 0.000060 0.000919 0.001186 0.001490 0.000280 0.000192 0.002993 0.120043 0.000167
0.835295 0.000083 0.000051 0.001718 0.000329 0.001715 0.000091 0.000022 0.000040 0.000171 0.002298 0.000019 0.000068 0.000088 0.001882 0.000015 0.001105 0.000245 0.000032 0.014324 0.001580 0.016767 0.000013 0.000054 0.001006 0.000945 0.001488 0.000247 0.000185 0.002429 0.115538 0.000158
