0.045738 0.000009 0.000093 0.940519 0.002997 0.008785 0.000005 0.000004 0.000016 0.000036 0.000241 0.000003 0.000595 0.000010 0.000187 0.000007 0.000056 0.000009 0.000015 0.000041 0.000071 0.000133 0.000005 0.000035 0.000020 0.000015 0.000103 0.000057 0.000015 0.000078 0.000041 0.000059
0.114770 0.000369 0.000045 0.866016 0.002974 0.001731 0.000359 0.000174 0.000431 0.000810 0.000442 0.000407 0.000167 0.000095 0.001310 0.000279 0.000530 0.000182 0.000226 0.000660 0.000308 0.001142 0.000802 0.000788 0.000178 0.000241 0.000292 0.002326 0.000089 0.000702 0.000331 0.000824
0.415722 0.000031 0.000384 0.567009 0.001605 0.010079 0.000013 0.000010 0.000026 0.000149 0.001389 0.000009 0.000595 0.000040 0.000421 0.000017 0.000122 0.000044 0.000042 0.000142 0.000276 0.000477 0.000006 0.000043 0.000042 0.000094 0.000540 0.000129 0.000061 0.000226 0.000187 0.000069
0.548961 0.000927 0.010015 0.230007 0.014951 0.067933 0.001173 0.000589 0.001142 0.004277 0.003143 0.000743 0.004716 0.002485 0.021603 0.000701 0.013529 0.001055 0.002507 0.004418 0.005004 0.017912 0.000894 0.001323 0.004920 0.001810 0.004034 0.010533 0.000984 0.006200 0.008514 0.002997
0.798591 0.000002 0.000005 0.198435 0.000049 0.001181 0.000003 0.000003 0.000005 0.000086 0.000063 0.000001 0.000287 0.000005 0.000098 0.000002 0.000099 0.000018 0.000006 0.000228 0.000145 0.000252 0.000003 0.000019 0.000018 0.000005 0.000016 0.000030 0.000004 0.000234 0.000073 0.000032
0.778248 0.000511 0.000446 0.153195 0.015520 0.000606 0.000280 0.000262 0.003761 0.004192 0.001726 0.000250 0.000236 0.000169 0.012622 0.000757 0.001760 0.000304 0.000508 0.002892 0.003538 0.005744 0.000268 0.001053 0.000443 0.000325 0.001720 0.001989 0.000398 0.003695 0.000865 0.001714
0.869228 0.000013 0.000006 0.123242 0.000105 0.000845 0.000013 0.000009 0.000073 0.000252 0.000028 0.000017 0.000069 0.000010 0.000215 0.000018 0.000093 0.000019 0.000016 0.001866 0.000067 0.002784 0.000018 0.000205 0.000018 0.000008 0.000035 0.000281 0.000006 0.000286 0.000055 0.000103
0.871606 0.000061 0.000080 0.108006 0.000978 0.012213 0.000031 0.000033 0.000104 0.000293 0.000415 0.000046 0.000135 0.000030 0.001448 0.000039 0.000217 0.000044 0.000030 0.000664 0.000208 0.001408 0.000026 0.000106 0.000063 0.000055 0.000203 0.000575 0.000030 0.000447 0.000263 0.000146
0.131308 0.000020 0.000017 0.006112 0.000148 0.856487 0.000007 0.000007 0.000050 0.000018 0.001305 0.000005 0.003903 0.000005 0.000022 0.000003 0.000009 0.000010 0.000005 0.000047 0.000010 0.000030 0.000010 0.000008 0.000023 0.000029 0.000289 0.000052 0.000013 0.000008 0.000025 0.000015
0.349431 0.000040 0.000912 0.077798 0.005729 0.547123 0.000005 0.000003 0.000045 0.000029 0.005949 0.000002 0.012370 0.000028 0.000031 0.000005 0.000021 0.000011 0.000009 0.000017 0.000015 0.000037 0.000005 0.000016 0.000020 0.000022 0.000199 0.000030 0.000041 0.000012 0.000028 0.000019
0.041052 0.000279 0.000002 0.000008 0.000012 0.000003 0.000013 0.000002 0.958510 0.000028 0.000011 0.000002 0.000011 0.000002 0.000001 0.000001 0.000001 0.000008 0.000004 0.000010 0.000001 0.000016 0.000002 0.000001 0.000003 0.000004 0.000002 0.000003 0.000001 0.000001 0.000002 0.000003
0.561250 0.003826 0.000405 0.001564 0.009243 0.000173 0.003546 0.000604 0.378990 0.012762 0.000327 0.000921 0.000068 0.000397 0.000783 0.001066 0.001698 0.000677 0.001654 0.004535 0.000538 0.006828 0.000936 0.001431 0.000618 0.000504 0.000159 0.001611 0.000082 0.001232 0.000530 0.001041
0.640638 0.000030 0.000003 0.000011 0.000013 0.000001 0.000022 0.000004 0.355845 0.000810 0.000010 0.000007 0.000002 0.000003 0.000031 0.000006 0.000017 0.000011 0.000025 0.001402 0.000016 0.000903 0.000001 0.000018 0.000010 0.000006 0.000004 0.000048 0.000001 0.000042 0.000015 0.000044
0.804619 0.001277 0.000002 0.004013 0.000760 0.000067 0.000094 0.000020 0.187117 0.000093 0.001010 0.000029 0.000138 0.000008 0.000004 0.000015 0.000007 0.000083 0.000018 0.000035 0.000003 0.000078 0.000305 0.000017 0.000009 0.000038 0.000057 0.000027 0.000011 0.000005 0.000014 0.000029
0.839180 0.001136 0.000033 0.000422 0.000197 0.000200 0.000222 0.000126 0.128365 0.001776 0.000697 0.000080 0.000269 0.000117 0.000556 0.000077 0.000153 0.000331 0.000201 0.010866 0.000244 0.011604 0.000061 0.000220 0.000344 0.000176 0.000263 0.000425 0.000094 0.000466 0.000567 0.000533
0.397350 0.000304 0.000060 0.001660 0.000292 0.000951 0.001679 0.001718 0.001463 0.273257 0.000674 0.000568 0.000185 0.000304 0.001977 0.003423 0.001713 0.012962 0.001629 0.148273 0.007652 0.100922 0.004414 0.004401 0.000436 0.001136 0.000653 0.010980 0.000914 0.009483 0.003030 0.005537
0.729386 0.000642 0.000110 0.001538 0.001089 0.000369 0.001094 0.000587 0.054664 0.105275 0.001032 0.000495 0.000275 0.000267 0.001849 0.000587 0.001866 0.001699 0.002054 0.042056 0.003586 0.039242 0.000312 0.000747 0.000453 0.000569 0.000330 0.001300 0.000339 0.003179 0.000796 0.002213
0.248365 0.000012 0.000054 0.000358 0.000043 0.000144 0.000028 0.000021 0.000205 0.000859 0.000084 0.000026 0.000215 0.000133 0.002882 0.000015 0.001189 0.000021 0.000047 0.729239 0.000639 0.009229 0.000012 0.000161 0.000806 0.000028 0.000101 0.000648 0.000012 0.003370 0.000455 0.000598
0.395705 0.000001 0.000005 0.000224 0.000006 0.000023 0.000006 0.000003 0.000023 0.000159 0.000012 0.000005 0.000034 0.000013 0.000884 0.000002 0.000175 0.000004 0.000011 0.598119 0.000181 0.002799 0.000001 0.000032 0.000142 0.000007 0.000022 0.000097 0.000001 0.001028 0.000084 0.000193
0.392885 0.000071 0.000042 0.004146 0.000070 0.001192 0.000083 0.000070 0.000285 0.001794 0.000260 0.000085 0.000970 0.000188 0.002495 0.000066 0.001391 0.000073 0.000198 0.563085 0.001625 0.015921 0.000074 0.000395 0.001370 0.000135 0.000372 0.003197 0.000054 0.004684 0.000847 0.001878
0.397350 0.000304 0.000060 0.001660 0.000292 0.000951 0.001679 0.001718 0.001463 0.273257 0.000674 0.000568 0.000185 0.000304 0.001977 0.003423 0.001713 0.012962 0.001629 0.148273 0.007652 0.100922 0.004414 0.004401 0.000436 0.001136 0.000653 0.010980 0.000914 0.009483 0.003030 0.005537
0.415428 0.004524 0.003211 0.028549 0.010576 0.025883 0.007992 0.003136 0.004921 0.022008 0.035092 0.002462 0.004379 0.006728 0.014002 0.002767 0.009897 0.008362 0.006049 0.119206 0.020942 0.107713 0.005907 0.010203 0.007139 0.007010 0.008243 0.015222 0.008711 0.018711 0.048152 0.006873
0.314549 0.001061 0.001761 0.017090 0.001636 0.005678 0.001103 0.000447 0.002391 0.013832 0.000662 0.000782 0.001535 0.005493 0.020680 0.000684 0.003761 0.001406 0.002028 0.089652 0.003893 0.463552 0.000422 0.002927 0.009922 0.000612 0.001034 0.007325 0.000378 0.015209 0.002891 0.005607
0.685832 0.000076 0.000425 0.001349 0.000617 0.000825 0.000082 0.000065 0.000824 0.003943 0.000205 0.000075 0.000053 0.000512 0.013569 0.000050 0.000893 0.000147 0.000097 0.041088 0.000784 0.240696 0.000033 0.000814 0.000737 0.000050 0.000143 0.000562 0.000055 0.004585 0.000293 0.000520
0.415428 0.004524 0.003211 0.028549 0.010576 0.025883 0.007992 0.003136 0.004921 0.022008 0.035092 0.002462 0.004379 0.006728 0.014002 0.002767 0.009897 0.008362 0.006049 0.119206 0.020942 0.107713 0.005907 0.010203 0.007139 0.007010 0.008243 0.015222 0.008711 0.018711 0.048152 0.006873
0.397350 0.000304 0.000060 0.001660 0.000292 0.000951 0.001679 0.001718 0.001463 0.273257 0.000674 0.000568 0.000185 0.000304 0.001977 0.003423 0.001713 0.012962 0.001629 0.148273 0.007652 0.100922 0.004414 0.004401 0.000436 0.001136 0.000653 0.010980 0.000914 0.009483 0.003030 0.005537
