chair 6 240 221 524 0.934515 0.034823
chair 420 1 449 19 0.335445 0.495294
chair 240 5 283 68 0.29092 0.702678
chair 14 200 184 328 0.231523 0.762575
chair 224 12 569 234 0.124549 0.828339
sofa 119 33 468 378 0.41767 0.579062
sofa 21 116 325 515 0.337329 0.587695
sofa 677 524 680 530 0.132212 0.180959
table 347 196 680 530 0.28593 0.434977
table 5 107 205 507 0.106659 0.372813
pillow 235 9 471 175 0.219209 0.672046
pillow 35 207 95 300 0.181167 0.686758
paper 1 207 20 237 0.532102 0.253708
paper 4 161 87 192 0.310469 0.497561
paper 478 187 478 189 0.252955 0.555482
paper 633 216 650 226 0.216745 0.396765
paper 633 509 638 517 0.182871 0.587209
paper 0 257 4 262 0.173689 0.652559
paper 9 212 43 240 0.133651 0.651463
paper 543 519 545 525 0.131631 0.692870
paper 640 524 658 530 0.129436 0.189065
paper 238 383 248 390 0.120032 0.828788
paper 531 1 540 18 0.108874 0.576088
paper 249 382 259 399 0.107761 0.866830
box 632 215 651 225 0.158672 0.396765
box 639 523 657 530 0.104523 0.189065
box 531 0 541 17 0.100925 0.576088
person 477 0 509 14 0.236793 0.677281
person 464 0 507 39 0.231212 0.687233
person 497 0 505 14 0.143125 0.734007
person 486 11 495 14 0.131983 0.839083
person 678 523 680 530 0.104567 0.180959
toilet 426 174 680 530 0.265065 0.401474
sink 314 240 680 496 0.159435 0.535162
lamp 452 3 669 319 0.9378 0.049422
lamp 557 67 630 281 0.713393 0.277431
lamp 557 229 623 282 0.488301 0.480434
lamp 527 4 665 76 0.206048 0.731162
lamp 463 191 618 290 0.18472 0.792985
bag 379 468 482 530 0.12276 0.556826
garbage_bin 393 229 678 530 0.13792 0.589043
garbage_bin 189 348 205 352 0.134475 0.855494
garbage_bin 192 341 205 347 0.129424 0.850595
