door 2 3 45 305 0.367553 0.257356
door 28 177 46 255 0.136527 0.239986
picture 6 2 53 69 0.19019 0.385194
picture 1 1 6 32 0.129807 0.557282
tv 361 521 372 530 0.110558 0.504573
tv 374 528 379 530 0.110484 0.522111
tv 380 527 388 530 0.102902 0.522436
paper 11 86 14 98 0.245419 0.211397
paper 228 516 229 518 0.233247 0.228677
paper 7 68 12 79 0.18329 0.160262
paper 1 320 125 529 0.182276 0.419447
paper 35 209 41 215 0.181206 0.178700
paper 28 179 39 207 0.178948 0.191301
paper 30 187 36 195 0.178591 0.196618
paper 28 179 36 185 0.174355 0.195470
paper 339 505 345 519 0.172857 0.510921
paper 523 505 525 510 0.172509 0.347301
paper 1 61 9 82 0.172226 0.203796
paper 318 517 319 519 0.172179 0.385635
paper 18 118 27 133 0.171605 0.142040
paper 306 518 317 526 0.171105 0.401325
paper 525 515 532 521 0.170093 0.458733
paper 669 519 670 519 0.169209 0.276610
paper 35 208 43 234 0.166413 0.197523
paper 42 210 46 215 0.163606 0.367272
paper 6 58 9 68 0.161481 0.245851
paper 37 192 47 202 0.159484 0.361393
paper 26 164 30 171 0.156497 0.162446
paper 1 31 5 34 0.154749 0.275799
paper 25 130 27 131 0.15358 0.164300
paper 1 34 6 48 0.150762 0.345484
paper 1 56 6 60 0.146346 0.297649
paper 139 347 155 365 0.144097 0.199360
paper 340 518 345 521 0.142466 0.561703
paper 129 523 135 524 0.140765 0.494288
paper 549 516 551 519 0.138888 0.419403
paper 516 498 521 504 0.137623 0.468826
paper 527 521 531 524 0.134716 0.580111
paper 337 505 339 510 0.132256 0.464884
paper 490 497 532 530 0.130827 0.344215
paper 338 523 344 530 0.130226 0.359489
paper 20 128 49 159 0.130071 0.209466
paper 201 441 204 451 0.128789 0.544734
paper 13 96 56 127 0.127345 0.313551
paper 27 159 75 224 0.127176 0.370266
paper 532 478 538 481 0.12163 0.336731
paper 201 452 209 464 0.1208 0.609500
paper 344 515 350 530 0.117421 0.467562
paper 45 232 47 234 0.116315 0.559714
paper 5 0 51 66 0.112923 0.385194
paper 356 516 357 519 0.111829 0.686907
paper 523 525 527 527 0.111004 0.648257
paper 533 315 537 318 0.110812 0.673651
paper 1 14 6 31 0.110255 0.456227
paper 28 178 46 250 0.108779 0.239986
paper 536 318 544 323 0.10866 0.679570
paper 532 523 536 530 0.104981 0.290618
paper 513 509 532 530 0.100384 0.297313
towel 28 158 76 224 0.114454 0.370266
towel 37 191 47 202 0.107978 0.361393
box 528 469 530 477 0.234445 0.497579
box 522 505 526 510 0.232528 0.347301
box 488 450 545 530 0.229729 0.317171
box 531 522 536 530 0.188987 0.290618
box 358 351 365 355 0.183766 0.722437
box 516 498 522 504 0.18122 0.468826
box 532 478 538 482 0.177811 0.336731
box 358 346 388 361 0.173423 0.726937
box 129 523 135 524 0.172667 0.494288
box 669 518 670 519 0.168729 0.276610
box 530 460 542 475 0.166673 0.509485
box 374 351 379 360 0.145298 0.741155
box 548 515 551 519 0.143577 0.419403
box 524 515 532 521 0.134321 0.458733
box 376 349 380 351 0.118772 0.767828
box 337 522 344 530 0.11811 0.359489
box 512 509 532 530 0.116394 0.297313
box 268 523 276 530 0.115147 0.575916
box 356 355 370 370 0.114934 0.822060
box 386 348 395 358 0.112296 0.772765
box 379 345 390 353 0.108004 0.781668
box 526 526 533 530 0.105403 0.497433
box 383 329 400 349 0.105144 0.812453
box 336 505 339 510 0.104349 0.464884
box 373 344 382 349 0.100143 0.794493
whiteboard 2 81 45 306 0.194583 0.113346
sink 174 259 628 517 0.391295 0.427989
bathtub 212 246 628 530 0.133828 0.393590
garbage_bin 612 357 618 364 0.288577 0.700782
garbage_bin 622 345 629 352 0.252285 0.689486
garbage_bin 0 273 130 530 0.202067 0.408004
garbage_bin 138 347 156 365 0.173531 0.199360
garbage_bin 6 68 13 79 0.148237 0.160262
garbage_bin 10 85 15 98 0.145679 0.211397
garbage_bin 0 61 10 82 0.14459 0.203796
garbage_bin 5 58 10 68 0.136468 0.245851
garbage_bin 513 307 629 524 0.135846 0.831660
garbage_bin 0 56 6 59 0.119957 0.297649
garbage_bin 108 130 112 138 0.117803 0.635079
garbage_bin 17 118 28 133 0.115405 0.142040
