table 0 276 442 508 0.133988 0.741831
bookshelf 374 0 680 481 0.972003 0.027738
bookshelf 127 12 339 379 0.927008 0.070909
bookshelf 405 160 680 254 0.337736 0.657584
bookshelf 9 47 135 293 0.336328 0.615118
bookshelf 370 245 528 478 0.334437 0.616919
bookshelf 156 76 334 167 0.328758 0.651722
bookshelf 431 3 680 154 0.276098 0.723100
bookshelf 636 124 679 233 0.221668 0.760058
bookshelf 432 0 518 403 0.182821 0.813639
bookshelf 300 25 439 402 0.162416 0.822636
bookshelf 659 0 679 104 0.150546 0.723211
bookshelf 269 189 328 305 0.127639 0.838388
bookshelf 177 163 186 198 0.105778 0.781980
bookshelf 598 0 679 26 0.103711 0.798666
bookshelf 158 181 307 330 0.102112 0.873375
bookshelf 6 73 138 126 0.101058 0.882055
picture 359 3 418 65 0.257142 0.099999
picture 633 1 647 19 0.184948 0.747953
picture 187 2 321 32 0.180284 0.740969
picture 316 266 320 282 0.152659 0.711383
picture 272 1 288 17 0.140481 0.814225
picture 282 1 338 33 0.138845 0.807828
picture 659 284 680 328 0.126827 0.508458
counter 48 290 644 508 0.149546 0.647327
pillow 37 262 38 265 0.15506 0.839939
paper 358 0 418 64 0.598932 0.099999
paper 366 480 456 530 0.157277 0.518409
paper 320 161 330 190 0.147283 0.500118
paper 365 510 382 520 0.137669 0.666836
paper 207 286 227 312 0.126967 0.741668
paper 0 211 40 222 0.123251 0.420233
paper 496 492 507 505 0.108275 0.681969
paper 507 282 528 344 0.106345 0.733093
box 5 224 127 274 0.277874 0.203209
box 1 222 36 274 0.226245 0.091027
box 320 160 331 190 0.163972 0.500118
box 462 258 479 276 0.157023 0.742337
box 578 192 597 242 0.135831 0.770068
box 180 22 320 88 0.133636 0.807265
box 470 269 481 276 0.127922 0.767420
box 524 317 527 321 0.117067 0.724182
box 67 244 132 261 0.115008 0.747011
box 1 210 34 223 0.108542 0.420233
box 83 126 96 129 0.106178 0.804520
box 52 221 113 252 0.101611 0.797647
garbage_bin 287 345 397 487 0.998925 0.001046
garbage_bin 383 418 389 455 0.764536 0.215043
garbage_bin 374 355 421 485 0.684977 0.312191
garbage_bin 349 389 382 397 0.650364 0.349635
garbage_bin 296 377 303 455 0.61348 0.382208
garbage_bin 309 388 391 405 0.59747 0.402525
garbage_bin 381 387 393 396 0.582862 0.414512
garbage_bin 1 223 39 275 0.541968 0.091027
garbage_bin 294 366 321 459 0.500038 0.495081
garbage_bin 369 383 385 392 0.428606 0.571320
garbage_bin 6 203 125 275 0.38828 0.172497
garbage_bin 306 394 330 448 0.264 0.734050
garbage_bin 294 357 393 400 0.223514 0.770520
garbage_bin 1 210 37 223 0.175663 0.420233
garbage_bin 386 391 393 417 0.159237 0.839101
garbage_bin 392 375 397 381 0.101576 0.840390
