chair 105 99 458 512 0.80815 0.174506
chair 155 59 307 356 0.137674 0.855600
table 262 33 660 519 0.271243 0.588099
bookshelf 0 0 226 324 0.896536 0.101389
bookshelf 0 104 111 198 0.713588 0.279125
bookshelf 0 0 208 88 0.645942 0.329635
bookshelf 149 0 228 109 0.193716 0.777782
bookshelf 186 0 210 60 0.131577 0.809126
bookshelf 156 0 184 81 0.125575 0.790936
bookshelf 60 0 118 94 0.121837 0.833670
bookshelf 0 167 76 205 0.11 0.695990
picture 293 4 301 15 0.102535 0.321928
picture 202 0 208 3 0.101407 0.650607
counter 196 25 679 381 0.877087 0.070801
counter 0 205 330 530 0.14328 0.804491
pillow 512 85 527 111 0.167361 0.819896
pillow 477 6 532 104 0.159067 0.559417
tv 345 0 493 74 0.9668 0.029629
tv 369 0 420 59 0.808963 0.182834
tv 202 1 208 3 0.177102 0.650607
tv 417 55 431 61 0.149541 0.829291
paper 506 121 554 139 0.22834 0.744994
paper 496 111 538 129 0.198419 0.755039
paper 294 4 301 14 0.161539 0.321928
paper 496 110 514 121 0.158518 0.827304
paper 671 88 680 96 0.139134 0.406576
paper 661 350 676 355 0.115457 0.414623
paper 669 222 680 242 0.112329 0.443407
paper 676 240 680 242 0.106521 0.406628
paper 657 18 659 22 0.103114 0.653356
box 293 4 300 15 0.132138 0.321928
lamp 480 0 529 99 0.110821 0.559417
