chair 1 167 301 530 0.994126 0.004818
chair 544 34 680 434 0.730388 0.267502
chair 558 343 680 502 0.607145 0.379243
chair 190 45 466 364 0.429995 0.565497
table 295 130 610 503 0.964009 0.030967
paper 305 495 311 510 0.294789 0.500604
paper 303 488 307 494 0.22836 0.594369
paper 319 507 331 530 0.213793 0.164810
paper 291 485 300 489 0.197949 0.654789
paper 315 516 324 530 0.187692 0.149155
paper 286 475 292 488 0.184666 0.626105
paper 408 478 415 499 0.177496 0.308760
paper 401 466 404 471 0.168274 0.310822
paper 279 475 285 479 0.16599 0.622518
paper 5 475 15 479 0.147913 0.635392
paper 279 466 289 479 0.143346 0.602473
paper 257 479 318 529 0.139607 0.555746
paper 280 507 286 513 0.137693 0.642643
paper 400 474 413 479 0.13731 0.390278
paper 290 482 295 485 0.123829 0.717723
paper 650 432 680 461 0.122439 0.527832
paper 258 440 265 444 0.122058 0.721844
paper 269 456 275 458 0.11544 0.703260
paper 276 455 285 465 0.109131 0.588983
paper 604 457 680 530 0.106357 0.486218
paper 672 480 680 498 0.105435 0.464824
box 320 507 335 529 0.197948 0.149128
box 315 515 325 530 0.187493 0.149155
box 279 507 287 513 0.156252 0.642643
box 257 476 319 528 0.126241 0.555746
box 401 465 404 470 0.125347 0.310822
box 305 494 320 510 0.111793 0.516394
box 276 505 283 517 0.101592 0.759224
garbage_bin 407 477 415 499 0.156191 0.308760
garbage_bin 399 473 413 479 0.125859 0.390278
garbage_bin 400 465 405 471 0.118355 0.310822
