chair 439 128 680 518 0.741084 0.050678
chair 7 218 219 442 0.204867 0.629221
chair 24 175 464 510 0.160491 0.749085
table 401 218 680 510 0.97665 0.011854
table 56 200 595 503 0.428227 0.406173
table 424 47 575 390 0.123112 0.766364
picture 203 1 285 10 0.273952 0.209685
picture 476 0 508 11 0.168403 0.431475
picture 428 1 512 59 0.111592 0.530539
picture 13 0 139 36 0.110497 0.694583
counter 18 48 621 308 0.235914 0.737936
desk 410 54 649 341 0.529038 0.318128
desk 8 89 597 524 0.132673 0.703925
tv 463 0 479 15 0.280251 0.434444
tv 3 1 133 18 0.101231 0.545038
paper 212 483 242 530 0.749505 0.197303
paper 158 475 248 530 0.528148 0.341878
paper 175 499 216 530 0.456732 0.399895
paper 208 491 211 491 0.42213 0.505150
paper 526 79 574 94 0.319343 0.662710
paper 236 488 279 530 0.319216 0.432447
paper 532 88 557 102 0.237783 0.751446
paper 158 511 192 530 0.232251 0.492784
paper 466 78 599 101 0.188738 0.790569
paper 1 136 20 158 0.188221 0.577482
paper 207 475 248 497 0.18741 0.680068
paper 212 438 338 530 0.182137 0.765106
paper 425 434 429 444 0.180813 0.246380
paper 1 136 12 143 0.176222 0.613674
paper 201 1 288 10 0.154825 0.209685
paper 558 90 596 100 0.151461 0.840938
paper 295 514 327 530 0.15105 0.574814
paper 358 410 365 416 0.148509 0.753166
paper 235 493 239 498 0.146037 0.716888
paper 662 254 671 260 0.144171 0.360601
paper 192 258 200 265 0.128665 0.835264
paper 330 427 338 437 0.118613 0.696290
paper 336 84 364 97 0.10983 0.499380
paper 320 521 332 527 0.109155 0.831467
paper 320 415 382 479 0.108783 0.777082
paper 328 405 341 411 0.10875 0.548740
paper 322 476 332 479 0.108002 0.806736
paper 479 494 483 494 0.106619 0.687703
paper 303 459 339 485 0.10021 0.808255
box 425 433 430 444 0.410063 0.246380
box 423 412 439 473 0.336653 0.485602
box 433 421 436 427 0.299348 0.639019
box 294 343 439 480 0.253883 0.654690
box 435 422 465 464 0.237455 0.699339
box 186 491 189 495 0.180973 0.662673
box 372 399 377 405 0.180561 0.764589
box 345 372 405 424 0.169562 0.782081
box 207 471 218 480 0.158569 0.751780
box 206 460 224 480 0.156077 0.777974
box 158 510 191 530 0.148945 0.492784
box 144 322 329 432 0.143845 0.563209
box 154 475 217 530 0.138751 0.447853
box 105 199 407 529 0.13368 0.672771
box 478 493 484 494 0.11281 0.687703
box 330 427 339 438 0.101599 0.696290
whiteboard 372 1 541 63 0.179767 0.612172
sink 278 40 405 103 0.372559 0.578021
sink 308 33 361 74 0.152238 0.819010
sink 66 254 362 480 0.143543 0.648221
sink 316 63 371 86 0.123087 0.803563
lamp 205 0 282 10 0.117656 0.209685
lamp 201 0 206 10 0.100323 0.659194
garbage_bin 666 338 676 354 0.113994 0.855821
garbage_bin 401 356 426 414 0.102405 0.856398
