0.249202 0.000308 0.000064 0.605332 0.000265 0.098264 0.000062 0.000068 0.000263 0.000109 0.000893 0.000040 0.039496 0.000052 0.000152 0.000063 0.000246 0.000097 0.000156 0.000329 0.000247 0.000661 0.000051 0.000267 0.000336 0.000107 0.000930 0.000816 0.000071 0.000265 0.000275 0.000511
0.569409 0.000044 0.000023 0.421020 0.000162 0.006737 0.000010 0.000015 0.000049 0.000110 0.000060 0.000018 0.000241 0.000016 0.000462 0.000015 0.000070 0.000018 0.000016 0.000282 0.000040 0.000332 0.000026 0.000196 0.000029 0.000006 0.000036 0.000230 0.000008 0.000119 0.000036 0.000163
0.569825 0.000110 0.000005 0.405489 0.000046 0.022931 0.000010 0.000008 0.000052 0.000031 0.000156 0.000008 0.000522 0.000011 0.000084 0.000007 0.000017 0.000016 0.000007 0.000117 0.000016 0.000078 0.000010 0.000042 0.000032 0.000016 0.000041 0.000156 0.000010 0.000024 0.000048 0.000075
0.613485 0.000148 0.000024 0.365935 0.000402 0.009962 0.000084 0.000085 0.000460 0.000395 0.000246 0.000071 0.001491 0.000070 0.000559 0.000075 0.000321 0.000112 0.000118 0.001480 0.000173 0.001427 0.000085 0.000557 0.000114 0.000074 0.000121 0.000786 0.000032 0.000479 0.000217 0.000414
0.695379 0.000006 0.000002 0.294983 0.000013 0.008618 0.000002 0.000003 0.000010 0.000015 0.000011 0.000002 0.000318 0.000003 0.000059 0.000002 0.000011 0.000006 0.000002 0.000119 0.000010 0.000119 0.000003 0.000040 0.000007 0.000004 0.000026 0.000102 0.000003 0.000039 0.000037 0.000049
0.706790 0.000014 0.000002 0.285104 0.000025 0.006808 0.000005 0.000006 0.000036 0.000028 0.000018 0.000006 0.000339 0.000004 0.000063 0.000005 0.000020 0.000010 0.000007 0.000205 0.000017 0.000154 0.000009 0.000078 0.000008 0.000005 0.000010 0.000111 0.000003 0.000053 0.000015 0.000043
0.708670 0.000047 0.000001 0.283127 0.000028 0.007532 0.000002 0.000002 0.000026 0.000006 0.000155 0.000002 0.000260 0.000001 0.000012 0.000002 0.000004 0.000005 0.000002 0.000024 0.000003 0.000011 0.000003 0.000007 0.000005 0.000002 0.000011 0.000022 0.000002 0.000004 0.000008 0.000016
0.721002 0.000013 0.000006 0.269709 0.000079 0.007314 0.000007 0.000009 0.000079 0.000044 0.000043 0.000007 0.000447 0.000005 0.000071 0.000004 0.000026 0.000017 0.000006 0.000424 0.000017 0.000217 0.000024 0.000185 0.000010 0.000003 0.000016 0.000081 0.000004 0.000055 0.000015 0.000061
0.407582 0.000358 0.000080 0.267513 0.000132 0.253969 0.000045 0.000060 0.000156 0.000304 0.001202 0.000043 0.061249 0.000118 0.000272 0.000080 0.000378 0.000061 0.000173 0.000660 0.000455 0.000717 0.000114 0.000711 0.000314 0.000051 0.000613 0.001164 0.000128 0.000643 0.000215 0.000442
0.791862 0.000003 0.000000 0.205062 0.000008 0.002686 0.000001 0.000001 0.000013 0.000005 0.000006 0.000001 0.000093 0.000001 0.000012 0.000000 0.000003 0.000002 0.000001 0.000087 0.000002 0.000076 0.000003 0.000024 0.000001 0.000001 0.000002 0.000019 0.000001 0.000008 0.000002 0.000011
0.630815 0.000087 0.000004 0.202339 0.000001 0.074841 0.000011 0.000008 0.000023 0.000045 0.000126 0.000002 0.089285 0.000027 0.000018 0.000013 0.000031 0.000105 0.000063 0.000173 0.000171 0.000762 0.000008 0.000015 0.000206 0.000019 0.000176 0.000092 0.000018 0.000141 0.000282 0.000093
0.808833 0.000002 0.000001 0.190241 0.000008 0.000531 0.000001 0.000001 0.000010 0.000007 0.000003 0.000001 0.000009 0.000001 0.000069 0.000001 0.000009 0.000001 0.000001 0.000095 0.000005 0.000075 0.000001 0.000015 0.000001 0.000001 0.000004 0.000031 0.000000 0.000022 0.000006 0.000015
0.796845 0.000110 0.000032 0.184974 0.000406 0.011374 0.000034 0.000026 0.000141 0.000094 0.000412 0.000023 0.002205 0.000035 0.000285 0.000013 0.000090 0.000083 0.000025 0.000745 0.000062 0.000512 0.000062 0.000229 0.000097 0.000066 0.000145 0.000153 0.000051 0.000163 0.000277 0.000231
0.814761 0.000000 0.000000 0.184758 0.000001 0.000407 0.000000 0.000000 0.000002 0.000001 0.000000 0.000000 0.000007 0.000000 0.000006 0.000000 0.000001 0.000000 0.000000 0.000020 0.000000 0.000021 0.000000 0.000003 0.000000 0.000000 0.000000 0.000004 0.000000 0.000002 0.000001 0.000003
0.820520 0.000000 0.000000 0.178730 0.000016 0.000653 0.000000 0.000000 0.000001 0.000001 0.000002 0.000000 0.000006 0.000000 0.000013 0.000000 0.000003 0.000000 0.000000 0.000027 0.000001 0.000007 0.000001 0.000005 0.000000 0.000000 0.000001 0.000004 0.000000 0.000003 0.000001 0.000002
0.427340 0.001638 0.000039 0.171863 0.006684 0.008818 0.001959 0.001267 0.000870 0.076769 0.006456 0.001935 0.000712 0.000931 0.004341 0.007580 0.007208 0.004757 0.005938 0.062804 0.031083 0.030980 0.004170 0.016508 0.000579 0.002727 0.005204 0.048214 0.002221 0.032802 0.006860 0.018746
0.165874 0.005077 0.000434 0.167888 0.012125 0.010741 0.003922 0.004935 0.003124 0.106470 0.006632 0.003886 0.001280 0.003328 0.023488 0.016453 0.009700 0.007586 0.014708 0.039676 0.020013 0.076279 0.007293 0.032142 0.003463 0.003140 0.017144 0.138231 0.003097 0.034637 0.005073 0.052158
0.849364 0.000000 0.000000 0.150503 0.000000 0.000103 0.000000 0.000000 0.000000 0.000000 0.000000 0.000000 0.000002 0.000000 0.000001 0.000000 0.000000 0.000000 0.000000 0.000009 0.000000 0.000013 0.000000 0.000001 0.000000 0.000000 0.000000 0.000001 0.000000 0.000000 0.000000 0.000000
0.806705 0.000025 0.000001 0.148754 0.000009 0.037392 0.000006 0.000005 0.000055 0.000053 0.000085 0.000005 0.005275 0.000006 0.000028 0.000005 0.000024 0.000013 0.000018 0.000620 0.000030 0.000428 0.000010 0.000060 0.000030 0.000005 0.000020 0.000158 0.000003 0.000072 0.000026 0.000072
0.853974 0.000011 0.000001 0.138553 0.000014 0.006076 0.000004 0.000005 0.000031 0.000026 0.000014 0.000004 0.000364 0.000004 0.000049 0.000003 0.000019 0.000009 0.000006 0.000246 0.000016 0.000239 0.000008 0.000065 0.000006 0.000005 0.000011 0.000116 0.000002 0.000061 0.000016 0.000040
0.865011 0.000000 0.000000 0.134374 0.000001 0.000480 0.000000 0.000000 0.000003 0.000002 0.000000 0.000000 0.000005 0.000000 0.000014 0.000000 0.000001 0.000000 0.000000 0.000045 0.000001 0.000034 0.000000 0.000005 0.000000 0.000000 0.000001 0.000009 0.000000 0.000005 0.000001 0.000004
0.855167 0.000011 0.000012 0.133508 0.000202 0.008714 0.000007 0.000011 0.000050 0.000038 0.000182 0.000012 0.000707 0.000005 0.000079 0.000005 0.000045 0.000017 0.000007 0.000534 0.000028 0.000168 0.000038 0.000137 0.000014 0.000006 0.000069 0.000076 0.000010 0.000059 0.000026 0.000057
0.842517 0.000315 0.000007 0.130620 0.000247 0.013907 0.000042 0.000046 0.000287 0.000080 0.000560 0.000028 0.008442 0.000011 0.000145 0.000028 0.000072 0.000057 0.000071 0.000278 0.000063 0.000294 0.000067 0.000076 0.000091 0.000042 0.000743 0.000312 0.000047 0.000088 0.000119 0.000301
0.872325 0.000000 0.000000 0.127516 0.000000 0.000109 0.000000 0.000000 0.000000 0.000000 0.000000 0.000000 0.000003 0.000000 0.000002 0.000000 0.000000 0.000000 0.000000 0.000013 0.000000 0.000026 0.000000 0.000001 0.000000 0.000000 0.000000 0.000002 0.000000 0.000001 0.000000 0.000001
0.868937 0.000020 0.000002 0.127012 0.000050 0.000936 0.000010 0.000007 0.000044 0.000082 0.000105 0.000008 0.000331 0.000009 0.000075 0.000018 0.000116 0.000009 0.000022 0.000373 0.000099 0.000479 0.000011 0.000324 0.000017 0.000005 0.000088 0.000178 0.000009 0.000457 0.000086 0.000081
0.872556 0.000040 0.000020 0.121552 0.000126 0.002857 0.000013 0.000019 0.000101 0.000107 0.000113 0.000023 0.000096 0.000012 0.000382 0.000016 0.000070 0.000016 0.000017 0.000611 0.000042 0.000327 0.000020 0.000187 0.000022 0.000010 0.000099 0.000210 0.000012 0.000133 0.000062 0.000130
0.855854 0.000223 0.000056 0.118485 0.000561 0.005217 0.000116 0.000098 0.000456 0.000303 0.000426 0.000077 0.001914 0.000084 0.001118 0.000040 0.000404 0.000213 0.000096 0.003854 0.000274 0.004793 0.000164 0.000637 0.000141 0.000201 0.000298 0.000767 0.000100 0.001198 0.000955 0.000876
0.884463 0.000006 0.000009 0.108311 0.000335 0.005291 0.000007 0.000006 0.000016 0.000033 0.000050 0.000012 0.000290 0.000004 0.000053 0.000004 0.000052 0.000009 0.000002 0.000545 0.000033 0.000117 0.000028 0.000055 0.000008 0.000007 0.000036 0.000095 0.000004 0.000044 0.000053 0.000024
0.823890 0.000574 0.000067 0.106749 0.000208 0.013446 0.000150 0.000181 0.000740 0.001690 0.002036 0.000134 0.014022 0.000212 0.000801 0.000154 0.000614 0.000269 0.000397 0.018941 0.001001 0.005135 0.000255 0.001250 0.001006 0.000145 0.000398 0.001560 0.000151 0.002173 0.000544 0.001104
0.877966 0.000019 0.000001 0.105017 0.000007 0.013573 0.000004 0.000006 0.000040 0.000056 0.000037 0.000006 0.002096 0.000004 0.000028 0.000006 0.000020 0.000008 0.000009 0.000487 0.000020 0.000182 0.000012 0.000076 0.000015 0.000003 0.000012 0.000159 0.000002 0.000070 0.000010 0.000046
0.878699 0.000030 0.000031 0.103085 0.000309 0.005303 0.000032 0.000031 0.000080 0.000406 0.000139 0.000043 0.000392 0.000029 0.001089 0.000030 0.000579 0.000043 0.000031 0.003525 0.000435 0.002484 0.000069 0.000520 0.000074 0.000031 0.000261 0.000678 0.000039 0.000901 0.000355 0.000248
0.183018 0.000356 0.000116 0.139973 0.000496 0.537498 0.000038 0.000040 0.000416 0.000075 0.001003 0.000034 0.134603 0.000055 0.000067 0.000034 0.000070 0.000084 0.000111 0.000107 0.000063 0.000152 0.000046 0.000173 0.000227 0.000062 0.000346 0.000237 0.000052 0.000074 0.000108 0.000267
0.140479 0.000276 0.000013 0.019326 0.000014 0.461190 0.000013 0.000012 0.000064 0.000042 0.000488 0.000009 0.376561 0.000025 0.000029 0.000015 0.000037 0.000015 0.000073 0.000127 0.000057 0.000124 0.000024 0.000082 0.000136 0.000016 0.000259 0.000236 0.000036 0.000068 0.000040 0.000115
0.736035 0.000084 0.000011 0.112412 0.000042 0.138426 0.000012 0.000016 0.000137 0.000103 0.000244 0.000015 0.010302 0.000018 0.000070 0.000012 0.000045 0.000030 0.000026 0.000565 0.000038 0.000368 0.000025 0.000167 0.000053 0.000015 0.000071 0.000355 0.000012 0.000096 0.000050 0.000144
0.759819 0.000882 0.000043 0.062140 0.000294 0.132155 0.000042 0.000061 0.000554 0.000176 0.006134 0.000039 0.034094 0.000071 0.000133 0.000032 0.000097 0.000159 0.000089 0.000713 0.000136 0.000495 0.000077 0.000218 0.000209 0.000048 0.000283 0.000164 0.000091 0.000162 0.000182 0.000210
0.813408 0.000350 0.000021 0.024390 0.000199 0.104204 0.000023 0.000047 0.000457 0.000180 0.014100 0.000031 0.038248 0.000036 0.000084 0.000023 0.000085 0.000070 0.000056 0.002154 0.000102 0.000424 0.000102 0.000274 0.000135 0.000017 0.000241 0.000106 0.000054 0.000140 0.000099 0.000140
0.312231 0.000683 0.000280 0.000195 0.003479 0.000121 0.003481 0.001690 0.002499 0.428513 0.000415 0.003216 0.000014 0.000165 0.006286 0.029571 0.009766 0.000283 0.015307 0.113452 0.007427 0.033148 0.004720 0.003415 0.000385 0.000261 0.000129 0.005956 0.000241 0.009037 0.000586 0.003048
0.444486 0.003203 0.000356 0.023870 0.002513 0.004513 0.012331 0.004388 0.003035 0.139434 0.004796 0.002007 0.000619 0.002442 0.009827 0.025529 0.016361 0.008660 0.008138 0.082957 0.025368 0.051774 0.016409 0.007913 0.004588 0.002501 0.001796 0.029300 0.002277 0.031323 0.009155 0.018129
0.165874 0.005077 0.000434 0.167888 0.012125 0.010741 0.003922 0.004935 0.003124 0.106470 0.006632 0.003886 0.001280 0.003328 0.023488 0.016453 0.009700 0.007586 0.014708 0.039676 0.020013 0.076279 0.007293 0.032142 0.003463 0.003140 0.017144 0.138231 0.003097 0.034637 0.005073 0.052158
0.053942 0.000166 0.000048 0.002533 0.000025 0.121711 0.000007 0.000003 0.000082 0.000006 0.000210 0.000003 0.821017 0.000044 0.000002 0.000003 0.000003 0.000029 0.000013 0.000005 0.000002 0.000009 0.000009 0.000012 0.000043 0.000009 0.000014 0.000012 0.000008 0.000004 0.000008 0.000016
0.281163 0.000307 0.000066 0.103095 0.000185 0.174543 0.000052 0.000042 0.000344 0.000064 0.001512 0.000024 0.436078 0.000057 0.000039 0.000033 0.000071 0.000164 0.000098 0.000111 0.000053 0.000231 0.000066 0.000125 0.000224 0.000078 0.000517 0.000155 0.000060 0.000081 0.000121 0.000240
0.557473 0.002535 0.005680 0.041664 0.000630 0.039708 0.002694 0.001325 0.003390 0.004125 0.001149 0.001081 0.004403 0.005491 0.002940 0.006578 0.125084 0.004195 0.005332 0.003098 0.034688 0.007272 0.002925 0.038887 0.008019 0.000969 0.001455 0.031711 0.000399 0.045208 0.002597 0.007296
0.606688 0.000816 0.000086 0.002692 0.000206 0.000986 0.001218 0.000558 0.004710 0.077720 0.000741 0.000816 0.000471 0.000615 0.003059 0.003022 0.004357 0.000541 0.026970 0.150527 0.002352 0.065339 0.000934 0.003680 0.001819 0.000196 0.000267 0.008610 0.000132 0.009589 0.002279 0.018005
0.416406 0.003649 0.006877 0.012018 0.013248 0.018007 0.010415 0.006267 0.004984 0.031124 0.032485 0.004343 0.003961 0.006138 0.042421 0.003125 0.018425 0.004237 0.005496 0.123156 0.021915 0.050269 0.004185 0.008786 0.009759 0.010063 0.004915 0.022274 0.015131 0.043068 0.035775 0.007078
0.312231 0.000683 0.000280 0.000195 0.003479 0.000121 0.003481 0.001690 0.002499 0.428513 0.000415 0.003216 0.000014 0.000165 0.006286 0.029571 0.009766 0.000283 0.015307 0.113452 0.007427 0.033148 0.004720 0.003415 0.000385 0.000261 0.000129 0.005956 0.000241 0.009037 0.000586 0.003048
0.718346 0.000299 0.000522 0.009605 0.002188 0.003605 0.000333 0.000211 0.000462 0.008973 0.003853 0.000256 0.000242 0.000341 0.009792 0.000336 0.003280 0.000740 0.000817 0.109729 0.007100 0.081945 0.000562 0.001752 0.000928 0.000545 0.004015 0.008097 0.000665 0.009468 0.008403 0.002588
0.432536 0.006952 0.004020 0.011792 0.007974 0.019207 0.035636 0.007061 0.007890 0.028725 0.022940 0.005783 0.004346 0.006247 0.010950 0.008488 0.015209 0.016528 0.006877 0.109588 0.027141 0.042503 0.017338 0.014993 0.005898 0.009543 0.005753 0.026884 0.008348 0.031497 0.029409 0.011945
0.417401 0.002674 0.000630 0.006106 0.000576 0.003942 0.014790 0.006607 0.004819 0.065392 0.004762 0.003094 0.000338 0.002169 0.007957 0.024724 0.022975 0.004757 0.006996 0.100927 0.101553 0.041390 0.007795 0.011751 0.004622 0.001876 0.002421 0.042118 0.001280 0.058244 0.010427 0.014886
0.467464 0.002132 0.000590 0.004163 0.000316 0.005724 0.014662 0.006375 0.003307 0.040628 0.003197 0.002640 0.000299 0.002308 0.004335 0.022967 0.033791 0.004158 0.004581 0.062578 0.131689 0.029092 0.006932 0.011063 0.004118 0.001479 0.002275 0.053919 0.000963 0.054424 0.006295 0.011535
0.417401 0.002674 0.000630 0.006106 0.000576 0.003942 0.014790 0.006607 0.004819 0.065392 0.004762 0.003094 0.000338 0.002169 0.007957 0.024724 0.022975 0.004757 0.006996 0.100927 0.101553 0.041390 0.007795 0.011751 0.004622 0.001876 0.002421 0.042118 0.001280 0.058244 0.010427 0.014886
0.472348 0.015476 0.001012 0.038831 0.000869 0.004940 0.005326 0.007367 0.003457 0.082526 0.018823 0.003304 0.001156 0.004003 0.008896 0.013158 0.006387 0.018759 0.008136 0.034273 0.008306 0.138721 0.005827 0.010149 0.007407 0.003159 0.010491 0.033813 0.004128 0.010266 0.003275 0.015410
0.754380 0.000600 0.000245 0.011207 0.001077 0.005687 0.000257 0.000304 0.001074 0.007419 0.000304 0.000892 0.000424 0.000149 0.002531 0.000732 0.002721 0.000196 0.000386 0.011181 0.001219 0.008145 0.000858 0.002686 0.000324 0.000128 0.000269 0.180427 0.000119 0.002393 0.000707 0.000961
0.165874 0.005077 0.000434 0.167888 0.012125 0.010741 0.003922 0.004935 0.003124 0.106470 0.006632 0.003886 0.001280 0.003328 0.023488 0.016453 0.009700 0.007586 0.014708 0.039676 0.020013 0.076279 0.007293 0.032142 0.003463 0.003140 0.017144 0.138231 0.003097 0.034637 0.005073 0.052158
