0.027963 0.000036 0.000019 0.959213 0.000228 0.009149 0.000015 0.000009 0.000037 0.000029 0.000097 0.000005 0.001246 0.000043 0.000070 0.000023 0.000134 0.000034 0.000074 0.000054 0.000066 0.000449 0.000016 0.000128 0.000087 0.000016 0.000018 0.000131 0.000008 0.000232 0.000151 0.000220
0.646907 0.000504 0.000246 0.221241 0.002601 0.100593 0.000169 0.000117 0.000438 0.001172 0.000876 0.000068 0.002432 0.000572 0.004586 0.000083 0.001430 0.000204 0.000106 0.001568 0.000393 0.006157 0.000058 0.001102 0.000629 0.000215 0.000174 0.001001 0.000124 0.002511 0.001214 0.000511
0.647360 0.000150 0.000042 0.218196 0.000309 0.114426 0.000028 0.000034 0.000058 0.000565 0.000242 0.000016 0.007588 0.000191 0.000784 0.000011 0.000647 0.000075 0.000059 0.000883 0.000258 0.000891 0.000031 0.000265 0.000493 0.000053 0.000021 0.001650 0.000034 0.003146 0.001384 0.000110
0.790085 0.000002 0.000001 0.205522 0.000024 0.003075 0.000001 0.000000 0.000002 0.000058 0.000014 0.000000 0.000141 0.000004 0.000149 0.000000 0.000053 0.000001 0.000001 0.000063 0.000009 0.000033 0.000000 0.000012 0.000009 0.000001 0.000001 0.000016 0.000001 0.000621 0.000094 0.000004
0.678520 0.000365 0.001152 0.142022 0.011823 0.029292 0.000197 0.000203 0.000289 0.005991 0.001355 0.000112 0.006604 0.001171 0.024737 0.000050 0.007582 0.000335 0.000574 0.014107 0.006447 0.018378 0.000126 0.002749 0.002137 0.000240 0.000224 0.003117 0.000368 0.027321 0.011474 0.000939
0.818707 0.000109 0.000016 0.135583 0.000099 0.020926 0.000028 0.000031 0.000166 0.000290 0.000514 0.000011 0.009635 0.000098 0.000261 0.000037 0.000523 0.000044 0.000220 0.002407 0.000553 0.005495 0.000020 0.000388 0.000518 0.000075 0.000064 0.000585 0.000019 0.001594 0.000585 0.000396
0.752152 0.000435 0.001460 0.130900 0.043178 0.056205 0.000152 0.000064 0.000186 0.000197 0.000842 0.000041 0.004683 0.000435 0.002290 0.000039 0.000811 0.000210 0.000070 0.000595 0.000177 0.000245 0.000045 0.000125 0.000932 0.000513 0.000418 0.000310 0.000372 0.000367 0.001403 0.000147
0.008042 0.000000 0.000031 0.000038 0.991789 0.000053 0.000000 0.000000 0.000002 0.000000 0.000029 0.000000 0.000008 0.000000 0.000000 0.000000 0.000000 0.000000 0.000000 0.000000 0.000000 0.000000 0.000000 0.000000 0.000000 0.000002 0.000003 0.000000 0.000001 0.000000 0.000001 0.000000
0.583470 0.001071 0.001141 0.004313 0.304451 0.002451 0.000885 0.000631 0.001298 0.005912 0.002608 0.000451 0.000554 0.000821 0.018539 0.000341 0.006315 0.001232 0.000670 0.011926 0.006425 0.004026 0.001100 0.001249 0.001465 0.002278 0.001232 0.004924 0.003504 0.005294 0.018539 0.000881
0.705804 0.000248 0.000356 0.001721 0.256938 0.001672 0.000210 0.000132 0.000474 0.001700 0.001264 0.000090 0.000547 0.000425 0.007281 0.000059 0.002332 0.000321 0.000263 0.002651 0.001051 0.002268 0.000172 0.000609 0.000719 0.000500 0.000615 0.000988 0.000791 0.001590 0.005888 0.000322
0.677891 0.000314 0.004343 0.024252 0.176378 0.087137 0.000128 0.000056 0.000216 0.000195 0.001761 0.000023 0.011294 0.000841 0.001854 0.000025 0.000923 0.000346 0.000072 0.001180 0.000251 0.000601 0.000022 0.000124 0.001558 0.001191 0.001136 0.000307 0.000608 0.000479 0.004330 0.000163
0.055251 0.000811 0.000486 0.016185 0.000207 0.842703 0.000088 0.000130 0.000778 0.001462 0.000820 0.000059 0.070561 0.000541 0.000295 0.000076 0.000196 0.000579 0.000264 0.002167 0.000285 0.001741 0.000146 0.000246 0.000769 0.000244 0.000153 0.001012 0.000160 0.000568 0.000560 0.000459
0.182462 0.005225 0.001506 0.020777 0.003979 0.269904 0.000341 0.000498 0.000789 0.002487 0.026642 0.000082 0.082534 0.012119 0.002940 0.000207 0.001429 0.010179 0.001650 0.016599 0.005783 0.151852 0.000108 0.001217 0.023112 0.007050 0.015224 0.002395 0.005234 0.008798 0.134411 0.002466
0.647360 0.000150 0.000042 0.218196 0.000309 0.114426 0.000028 0.000034 0.000058 0.000565 0.000242 0.000016 0.007588 0.000191 0.000784 0.000011 0.000647 0.000075 0.000059 0.000883 0.000258 0.000891 0.000031 0.000265 0.000493 0.000053 0.000021 0.001650 0.000034 0.003146 0.001384 0.000110
0.646907 0.000504 0.000246 0.221241 0.002601 0.100593 0.000169 0.000117 0.000438 0.001172 0.000876 0.000068 0.002432 0.000572 0.004586 0.000083 0.001430 0.000204 0.000106 0.001568 0.000393 0.006157 0.000058 0.001102 0.000629 0.000215 0.000174 0.001001 0.000124 0.002511 0.001214 0.000511
0.181760 0.000148 0.000012 0.000087 0.000019 0.000013 0.020467 0.000275 0.000023 0.000520 0.000029 0.792799 0.000004 0.000017 0.000048 0.000037 0.000259 0.000157 0.000034 0.000868 0.000229 0.000199 0.000038 0.000322 0.000057 0.000439 0.000044 0.000167 0.000008 0.000546 0.000337 0.000036
0.413552 0.000527 0.000097 0.000361 0.000112 0.000163 0.020810 0.000812 0.000089 0.002077 0.000261 0.548049 0.000031 0.000085 0.000288 0.000141 0.000800 0.000432 0.000103 0.003270 0.000553 0.000636 0.000258 0.001279 0.000245 0.001574 0.000260 0.000706 0.000066 0.001356 0.000884 0.000122
0.477799 0.000023 0.000004 0.000053 0.000004 0.000006 0.006726 0.000136 0.000007 0.000508 0.000016 0.511306 0.000001 0.000003 0.000047 0.000014 0.000187 0.000032 0.000054 0.001456 0.000093 0.000186 0.000007 0.000430 0.000035 0.000044 0.000009 0.000073 0.000001 0.000598 0.000106 0.000038
0.458285 0.000979 0.000215 0.000610 0.000337 0.000267 0.054043 0.001209 0.000204 0.003712 0.000540 0.448557 0.000054 0.000165 0.000595 0.000307 0.001431 0.001134 0.000173 0.007606 0.001389 0.001307 0.000314 0.002016 0.000430 0.005563 0.000422 0.001523 0.000188 0.002651 0.003601 0.000174
0.550922 0.000025 0.000007 0.000097 0.000007 0.000015 0.004671 0.000190 0.000006 0.000915 0.000027 0.437909 0.000001 0.000004 0.000116 0.000021 0.000249 0.000031 0.000172 0.001997 0.000097 0.000239 0.000010 0.001010 0.000062 0.000035 0.000009 0.000091 0.000002 0.000857 0.000126 0.000077
0.554388 0.000202 0.000083 0.000615 0.000140 0.000146 0.020967 0.001066 0.000108 0.006948 0.000345 0.369358 0.000025 0.000073 0.001076 0.000276 0.001990 0.000428 0.000390 0.021361 0.002270 0.002305 0.000210 0.004386 0.000444 0.001109 0.000236 0.001299 0.000081 0.005399 0.001756 0.000521
0.592547 0.040228 0.000279 0.001918 0.000316 0.000868 0.036703 0.003207 0.002926 0.002903 0.001660 0.282831 0.000601 0.000769 0.000330 0.000709 0.001744 0.002305 0.000656 0.001761 0.001057 0.001414 0.011092 0.001091 0.000605 0.002594 0.000591 0.002247 0.000240 0.001084 0.002012 0.000710
0.745380 0.000028 0.000007 0.000109 0.000008 0.000014 0.006276 0.000134 0.000014 0.000388 0.000039 0.238390 0.000002 0.000009 0.000089 0.000015 0.000313 0.000066 0.000022 0.005316 0.000379 0.000407 0.000015 0.000217 0.000053 0.000185 0.000057 0.000208 0.000007 0.001310 0.000509 0.000034
0.726604 0.000080 0.000026 0.000247 0.000051 0.000044 0.010719 0.000412 0.000056 0.005697 0.000218 0.221504 0.000008 0.000024 0.000667 0.000091 0.000959 0.000144 0.000097 0.020223 0.001600 0.001698 0.000068 0.001924 0.000168 0.000441 0.000091 0.000794 0.000030 0.004152 0.000924 0.000236
0.773710 0.000039 0.000011 0.000160 0.000010 0.000020 0.007051 0.000174 0.000024 0.000546 0.000055 0.205238 0.000005 0.000015 0.000123 0.000019 0.000436 0.000105 0.000038 0.007407 0.000533 0.000594 0.000021 0.000306 0.000100 0.000278 0.000077 0.000244 0.000009 0.001879 0.000716 0.000057
0.671164 0.000195 0.000126 0.000664 0.000302 0.000288 0.010750 0.001471 0.000168 0.024991 0.000890 0.195918 0.000053 0.000094 0.002360 0.000618 0.003035 0.000447 0.001926 0.047932 0.002560 0.003947 0.000294 0.013272 0.000489 0.000539 0.000201 0.002198 0.000102 0.009127 0.001599 0.002277
0.787751 0.000040 0.000010 0.000165 0.000008 0.000019 0.007128 0.000170 0.000023 0.000663 0.000049 0.188322 0.000005 0.000020 0.000138 0.000015 0.000459 0.000107 0.000040 0.009301 0.000581 0.000640 0.000020 0.000318 0.000159 0.000339 0.000060 0.000269 0.000009 0.002231 0.000873 0.000068
0.793667 0.000042 0.000011 0.000180 0.000009 0.000021 0.007172 0.000179 0.000025 0.000690 0.000052 0.181807 0.000006 0.000021 0.000144 0.000017 0.000492 0.000115 0.000043 0.009549 0.000607 0.000685 0.000021 0.000341 0.000162 0.000353 0.000068 0.000277 0.000009 0.002262 0.000901 0.000074
0.849788 0.000018 0.000003 0.000050 0.000005 0.000008 0.005475 0.000072 0.000007 0.000306 0.000032 0.133755 0.000001 0.000003 0.000080 0.000009 0.000225 0.000043 0.000009 0.006315 0.000430 0.000555 0.000007 0.000137 0.000041 0.000219 0.000066 0.000226 0.000006 0.001335 0.000750 0.000024
0.736873 0.000437 0.000088 0.001831 0.000271 0.000316 0.022216 0.001405 0.000346 0.007113 0.000694 0.116723 0.000073 0.000189 0.002156 0.000524 0.004171 0.001114 0.000299 0.049106 0.007396 0.009909 0.000409 0.002953 0.000835 0.002376 0.000918 0.004089 0.000205 0.015619 0.008235 0.001110
0.115501 0.002388 0.002166 0.040465 0.005113 0.536095 0.000405 0.000578 0.001224 0.006996 0.006087 0.000164 0.117768 0.003871 0.005741 0.000269 0.001846 0.003071 0.001404 0.043434 0.003761 0.045861 0.000303 0.002161 0.009078 0.001596 0.002968 0.005556 0.002422 0.011839 0.017209 0.002657
0.829371 0.000472 0.000163 0.000579 0.000740 0.000109 0.000123 0.000074 0.000131 0.000699 0.000795 0.000083 0.000032 0.000182 0.156308 0.000046 0.001621 0.000054 0.000054 0.001532 0.000654 0.001331 0.000048 0.000150 0.000889 0.000245 0.000405 0.000489 0.000175 0.001210 0.001052 0.000184
0.877910 0.000018 0.000249 0.000067 0.002970 0.000087 0.000091 0.000057 0.000139 0.000438 0.000395 0.000046 0.000006 0.000091 0.106899 0.000015 0.002575 0.000027 0.000021 0.002573 0.000759 0.000986 0.000018 0.000117 0.000427 0.000075 0.000172 0.000346 0.000048 0.001214 0.001072 0.000089
0.333886 0.001793 0.000780 0.009150 0.001962 0.061458 0.000445 0.000718 0.001744 0.026781 0.004007 0.000365 0.010549 0.001609 0.013447 0.000443 0.002459 0.002114 0.000937 0.387090 0.005335 0.056373 0.000581 0.002285 0.007033 0.001915 0.005630 0.017835 0.001916 0.019805 0.014674 0.004880
0.397514 0.003702 0.001039 0.001478 0.004641 0.011130 0.005026 0.001821 0.008262 0.013808 0.026426 0.001802 0.001279 0.001387 0.004200 0.000925 0.003584 0.003310 0.001939 0.270485 0.015819 0.080327 0.001079 0.001951 0.003665 0.005859 0.007403 0.010901 0.004632 0.008629 0.092715 0.003260
0.474638 0.002477 0.000675 0.001580 0.004065 0.004926 0.004572 0.001256 0.009862 0.021509 0.009068 0.001402 0.000861 0.001724 0.003038 0.001547 0.002249 0.003498 0.002403 0.252289 0.012294 0.106095 0.001462 0.001466 0.001611 0.002773 0.002709 0.008517 0.004044 0.008358 0.044347 0.002686
0.501700 0.002219 0.000546 0.001352 0.003364 0.004311 0.004057 0.001063 0.009244 0.019179 0.008289 0.001186 0.000707 0.001444 0.002528 0.001389 0.001899 0.002995 0.002059 0.249317 0.011126 0.100690 0.001189 0.001253 0.001361 0.002406 0.002546 0.007457 0.003285 0.007450 0.040025 0.002364
0.538604 0.002077 0.000464 0.001259 0.002931 0.003923 0.003700 0.000939 0.008759 0.017078 0.007610 0.001038 0.000617 0.001236 0.002142 0.001274 0.001667 0.002619 0.001772 0.235189 0.010093 0.092911 0.001003 0.001098 0.001189 0.002128 0.002421 0.006667 0.002730 0.006673 0.036052 0.002137
0.639467 0.000584 0.000398 0.000330 0.001156 0.003556 0.001277 0.000294 0.003268 0.004900 0.006378 0.000328 0.000358 0.000251 0.000930 0.000189 0.000696 0.001097 0.000346 0.226268 0.006239 0.040508 0.000177 0.000375 0.000588 0.002022 0.001652 0.004024 0.001510 0.003016 0.047146 0.000671
0.345984 0.002543 0.000878 0.006995 0.003403 0.002575 0.003210 0.000900 0.003336 0.024508 0.004015 0.001454 0.000778 0.001802 0.009368 0.001006 0.004481 0.004687 0.001793 0.215288 0.014001 0.221038 0.001583 0.002535 0.002058 0.003272 0.001820 0.034876 0.002534 0.019442 0.053903 0.003934
0.679173 0.001165 0.000338 0.000651 0.001290 0.004406 0.001928 0.000656 0.004565 0.013685 0.006224 0.000647 0.000584 0.000445 0.001349 0.000605 0.001106 0.001139 0.000901 0.200800 0.006777 0.034530 0.000615 0.000826 0.000702 0.001379 0.001614 0.004683 0.002002 0.004633 0.019364 0.001217
0.650238 0.001942 0.000420 0.001291 0.002515 0.004636 0.003530 0.000859 0.007029 0.016429 0.008016 0.000976 0.000651 0.001017 0.002029 0.001302 0.001587 0.001807 0.001513 0.185306 0.008346 0.053173 0.000865 0.001074 0.001137 0.001761 0.002743 0.005328 0.002716 0.005168 0.022574 0.002024
0.793838 0.000055 0.000089 0.002972 0.001343 0.000150 0.000073 0.000080 0.000764 0.002644 0.000242 0.000113 0.000571 0.000102 0.003769 0.000073 0.000504 0.000081 0.000176 0.176646 0.000470 0.008170 0.000298 0.001395 0.000333 0.000073 0.000180 0.000907 0.000035 0.001615 0.000239 0.002000
0.310389 0.006100 0.010519 0.014338 0.018279 0.020859 0.012359 0.005144 0.006766 0.025906 0.031346 0.005395 0.005707 0.007794 0.030734 0.003282 0.012514 0.008540 0.007783 0.169418 0.018639 0.083154 0.005964 0.010160 0.008281 0.013504 0.004778 0.024719 0.020949 0.028108 0.060040 0.008533
0.389876 0.002776 0.007181 0.032378 0.026641 0.044353 0.009438 0.003446 0.003526 0.020491 0.024224 0.003394 0.004120 0.006308 0.029694 0.002694 0.009813 0.006596 0.006688 0.157399 0.018232 0.065191 0.003537 0.006331 0.007929 0.007949 0.002386 0.011937 0.012670 0.023833 0.042916 0.006052
0.547952 0.002644 0.003363 0.016011 0.014425 0.039346 0.007809 0.002873 0.004647 0.015936 0.016825 0.003675 0.001923 0.002772 0.011067 0.002217 0.004974 0.004618 0.003393 0.154629 0.012027 0.044024 0.002347 0.003435 0.004181 0.005056 0.002353 0.010400 0.006084 0.011835 0.033674 0.003486
0.442263 0.002989 0.005691 0.024282 0.025144 0.043399 0.009845 0.003702 0.003725 0.021121 0.021211 0.004009 0.003217 0.005273 0.023113 0.002951 0.008274 0.006810 0.005716 0.152901 0.016995 0.056224 0.003631 0.005988 0.006670 0.007582 0.002500 0.011753 0.011612 0.018167 0.037879 0.005363
0.540401 0.003506 0.003381 0.007194 0.011488 0.022728 0.008296 0.003888 0.006489 0.025458 0.020865 0.005468 0.002608 0.003394 0.011670 0.002793 0.007342 0.002947 0.004901 0.150845 0.015184 0.050285 0.002603 0.005366 0.004765 0.004627 0.003885 0.011640 0.006723 0.013117 0.031521 0.004623
0.475754 0.001375 0.002296 0.013852 0.008918 0.012034 0.002902 0.001098 0.002008 0.015791 0.012735 0.001032 0.001111 0.003134 0.015759 0.001038 0.004336 0.005706 0.003013 0.150494 0.013213 0.140373 0.001038 0.004211 0.003536 0.002696 0.001836 0.014849 0.003733 0.026812 0.049972 0.003347
0.505324 0.001928 0.000603 0.005099 0.001678 0.005767 0.001424 0.000433 0.002143 0.009984 0.004004 0.000533 0.001858 0.001319 0.006376 0.000345 0.003423 0.002771 0.001089 0.149088 0.011577 0.197078 0.000565 0.001063 0.001732 0.002321 0.001647 0.017713 0.001659 0.014300 0.043208 0.001949
0.723975 0.001002 0.000748 0.000455 0.001900 0.003976 0.001746 0.000531 0.005279 0.007251 0.007228 0.000542 0.000521 0.000518 0.001335 0.000369 0.001314 0.001479 0.000754 0.141756 0.007033 0.034685 0.000277 0.000698 0.001086 0.002900 0.002511 0.004768 0.002203 0.003607 0.036192 0.001363
0.737780 0.001234 0.000597 0.000746 0.002967 0.003901 0.002284 0.000614 0.004530 0.011772 0.008370 0.000703 0.000457 0.000760 0.001944 0.000678 0.001354 0.001506 0.001114 0.134337 0.007826 0.034178 0.000413 0.000934 0.001233 0.002011 0.002678 0.004534 0.002672 0.003581 0.020632 0.001661
0.583988 0.001156 0.000401 0.004985 0.001417 0.004572 0.000688 0.000301 0.001131 0.010799 0.004170 0.000302 0.001526 0.000822 0.006398 0.000268 0.002744 0.001868 0.000773 0.132650 0.013287 0.160672 0.000366 0.000877 0.001070 0.001597 0.001511 0.011860 0.002111 0.014884 0.029428 0.001377
0.424573 0.001375 0.004744 0.053854 0.030046 0.043719 0.006859 0.002736 0.002530 0.017375 0.020223 0.001972 0.003139 0.004972 0.030473 0.002093 0.008539 0.004864 0.005513 0.130852 0.018729 0.067380 0.002459 0.005989 0.007517 0.004500 0.001401 0.007506 0.007532 0.030558 0.041201 0.004777
0.380799 0.003802 0.002332 0.011341 0.009128 0.011438 0.004581 0.001428 0.002022 0.027559 0.011560 0.001547 0.000894 0.003644 0.017860 0.001693 0.009373 0.004657 0.002363 0.130342 0.018453 0.149141 0.002063 0.003818 0.003564 0.007965 0.003672 0.042744 0.006513 0.028216 0.091709 0.003778
0.784575 0.000101 0.000264 0.003237 0.008921 0.000377 0.000255 0.000288 0.001379 0.005503 0.000623 0.000279 0.000753 0.000195 0.004779 0.000233 0.002048 0.000708 0.000958 0.127168 0.001522 0.031856 0.001011 0.004173 0.000664 0.000340 0.001422 0.003559 0.000183 0.003483 0.001465 0.007678
0.771675 0.000944 0.000402 0.000568 0.001967 0.002983 0.001733 0.000453 0.003711 0.009759 0.006470 0.000515 0.000310 0.000520 0.001412 0.000530 0.000979 0.001050 0.000818 0.126087 0.006383 0.029417 0.000302 0.000673 0.000869 0.001456 0.002163 0.003437 0.001938 0.002841 0.016381 0.001253
0.487980 0.003733 0.006581 0.015544 0.015285 0.026946 0.009145 0.004776 0.002585 0.024704 0.024844 0.002850 0.005297 0.005306 0.031975 0.002637 0.015483 0.004267 0.004753 0.113049 0.015990 0.035651 0.002714 0.007797 0.008768 0.014314 0.003253 0.020390 0.014403 0.027493 0.036201 0.005285
0.806353 0.000757 0.000280 0.000473 0.001381 0.002477 0.001346 0.000346 0.002938 0.008169 0.005136 0.000397 0.000229 0.000375 0.001077 0.000432 0.000740 0.000746 0.000627 0.111610 0.005224 0.024526 0.000235 0.000523 0.000637 0.001049 0.001716 0.002698 0.001410 0.002300 0.012820 0.000973
0.804273 0.000184 0.000236 0.005875 0.004896 0.000333 0.000137 0.000205 0.000586 0.002317 0.002262 0.000196 0.002287 0.000239 0.010176 0.000107 0.005906 0.000101 0.000260 0.109627 0.003634 0.030095 0.000403 0.003461 0.001025 0.000179 0.000823 0.001385 0.000163 0.004943 0.001634 0.002053
0.844705 0.000390 0.000151 0.000119 0.000308 0.001101 0.000719 0.000274 0.002185 0.006346 0.003031 0.000273 0.000110 0.000087 0.000454 0.000185 0.000430 0.000288 0.000257 0.107289 0.003946 0.013899 0.000196 0.000246 0.000264 0.000431 0.000542 0.001522 0.000450 0.002148 0.007306 0.000348
0.452653 0.003817 0.015290 0.016463 0.027045 0.035981 0.012935 0.004824 0.004459 0.015866 0.026891 0.004445 0.005724 0.005599 0.019622 0.001348 0.013548 0.007641 0.003818 0.105216 0.012181 0.050978 0.004176 0.007031 0.007356 0.016671 0.002492 0.023171 0.012929 0.016533 0.056264 0.007031
0.857487 0.000211 0.000073 0.000072 0.000218 0.000487 0.000386 0.000114 0.001609 0.004928 0.001443 0.000132 0.000045 0.000065 0.000332 0.000105 0.000241 0.000155 0.000126 0.105123 0.002732 0.014987 0.000095 0.000110 0.000146 0.000233 0.000430 0.000707 0.000308 0.001187 0.005520 0.000193
0.470047 0.001443 0.005477 0.048616 0.033843 0.039286 0.007144 0.002837 0.002468 0.015818 0.022004 0.002040 0.003487 0.005294 0.031629 0.001937 0.009018 0.004578 0.005246 0.103617 0.015035 0.057989 0.002652 0.005993 0.006983 0.005406 0.001491 0.007452 0.009459 0.026223 0.041137 0.004349
0.261343 0.001808 0.000251 0.001245 0.000970 0.005939 0.000679 0.000395 0.000751 0.003830 0.016540 0.000081 0.000823 0.004802 0.001166 0.000201 0.000492 0.029536 0.001573 0.027943 0.007863 0.418972 0.000048 0.000583 0.005026 0.020572 0.023242 0.001025 0.004349 0.005616 0.150376 0.001961
0.345984 0.002543 0.000878 0.006995 0.003403 0.002575 0.003210 0.000900 0.003336 0.024508 0.004015 0.001454 0.000778 0.001802 0.009368 0.001006 0.004481 0.004687 0.001793 0.215288 0.014001 0.221038 0.001583 0.002535 0.002058 0.003272 0.001820 0.034876 0.002534 0.019442 0.053903 0.003934
0.505324 0.001928 0.000603 0.005099 0.001678 0.005767 0.001424 0.000433 0.002143 0.009984 0.004004 0.000533 0.001858 0.001319 0.006376 0.000345 0.003423 0.002771 0.001089 0.149088 0.011577 0.197078 0.000565 0.001063 0.001732 0.002321 0.001647 0.017713 0.001659 0.014300 0.043208 0.001949
0.583988 0.001156 0.000401 0.004985 0.001417 0.004572 0.000688 0.000301 0.001131 0.010799 0.004170 0.000302 0.001526 0.000822 0.006398 0.000268 0.002744 0.001868 0.000773 0.132650 0.013287 0.160672 0.000366 0.000877 0.001070 0.001597 0.001511 0.011860 0.002111 0.014884 0.029428 0.001377
0.745760 0.000416 0.000031 0.001018 0.000112 0.007822 0.000056 0.000088 0.000277 0.000868 0.016104 0.000019 0.000343 0.000393 0.000228 0.000037 0.000067 0.002615 0.000363 0.018635 0.000905 0.158427 0.000008 0.000108 0.001186 0.001171 0.006573 0.000349 0.000425 0.001071 0.033788 0.000740
0.380799 0.003802 0.002332 0.011341 0.009128 0.011438 0.004581 0.001428 0.002022 0.027559 0.011560 0.001547 0.000894 0.003644 0.017860 0.001693 0.009373 0.004657 0.002363 0.130342 0.018453 0.149141 0.002063 0.003818 0.003564 0.007965 0.003672 0.042744 0.006513 0.028216 0.091709 0.003778
0.475754 0.001375 0.002296 0.013852 0.008918 0.012034 0.002902 0.001098 0.002008 0.015791 0.012735 0.001032 0.001111 0.003134 0.015759 0.001038 0.004336 0.005706 0.003013 0.150494 0.013213 0.140373 0.001038 0.004211 0.003536 0.002696 0.001836 0.014849 0.003733 0.026812 0.049972 0.003347
0.682446 0.002301 0.000908 0.002500 0.003639 0.008741 0.000932 0.000992 0.002928 0.009617 0.008026 0.000311 0.004250 0.004328 0.007756 0.000519 0.002277 0.013348 0.001133 0.036252 0.003564 0.125364 0.000253 0.001751 0.008362 0.006305 0.018166 0.003159 0.003752 0.007266 0.024623 0.004230
0.329188 0.006989 0.005385 0.033051 0.018221 0.023020 0.009445 0.003980 0.007140 0.030797 0.034796 0.003712 0.002987 0.011935 0.021370 0.003812 0.013814 0.016221 0.008753 0.047983 0.017203 0.123510 0.003547 0.023168 0.014231 0.005370 0.005924 0.035711 0.008636 0.035780 0.083468 0.010852
0.474638 0.002477 0.000675 0.001580 0.004065 0.004926 0.004572 0.001256 0.009862 0.021509 0.009068 0.001402 0.000861 0.001724 0.003038 0.001547 0.002249 0.003498 0.002403 0.252289 0.012294 0.106095 0.001462 0.001466 0.001611 0.002773 0.002709 0.008517 0.004044 0.008358 0.044347 0.002686
0.501700 0.002219 0.000546 0.001352 0.003364 0.004311 0.004057 0.001063 0.009244 0.019179 0.008289 0.001186 0.000707 0.001444 0.002528 0.001389 0.001899 0.002995 0.002059 0.249317 0.011126 0.100690 0.001189 0.001253 0.001361 0.002406 0.002546 0.007457 0.003285 0.007450 0.040025 0.002364
0.119153 0.021586 0.000240 0.022911 0.004186 0.001300 0.036529 0.006995 0.007330 0.019435 0.003682 0.008862 0.000903 0.002279 0.001292 0.020657 0.006062 0.021994 0.006869 0.026374 0.012737 0.021153 0.552518 0.005544 0.001232 0.007973 0.004178 0.018788 0.004496 0.011472 0.013608 0.007663
0.869829 0.003874 0.000001 0.001089 0.000386 0.000037 0.003971 0.000351 0.001515 0.000847 0.000331 0.000984 0.000083 0.000039 0.000012 0.000564 0.000114 0.001895 0.000335 0.000490 0.000077 0.000376 0.110112 0.000195 0.000020 0.000491 0.000245 0.000958 0.000083 0.000110 0.000186 0.000398
0.699104 0.000086 0.000188 0.006818 0.000821 0.000371 0.000198 0.000195 0.000345 0.004136 0.000476 0.000229 0.000599 0.000485 0.003193 0.000262 0.053673 0.000335 0.000303 0.007613 0.004398 0.006901 0.000206 0.037748 0.000323 0.000125 0.000166 0.002918 0.000085 0.162952 0.003075 0.001671
0.584344 0.000075 0.000024 0.000195 0.000595 0.000152 0.000110 0.000026 0.000038 0.000293 0.003222 0.000013 0.000003 0.000085 0.001238 0.000004 0.001317 0.000187 0.000016 0.002458 0.000532 0.004370 0.000004 0.000043 0.000869 0.004062 0.000923 0.000213 0.000204 0.001495 0.392800 0.000087
0.562828 0.000862 0.000364 0.001018 0.008934 0.000855 0.001103 0.000299 0.000423 0.002447 0.012391 0.000210 0.000057 0.000757 0.006083 0.000073 0.005969 0.001278 0.000223 0.007140 0.002565 0.014173 0.000113 0.000566 0.003622 0.010568 0.003894 0.001987 0.001771 0.006064 0.340673 0.000690
0.652394 0.000036 0.000046 0.000173 0.001493 0.000469 0.000056 0.000014 0.000059 0.000062 0.002173 0.000007 0.000009 0.000054 0.000493 0.000003 0.000529 0.000187 0.000009 0.002492 0.000236 0.003286 0.000002 0.000018 0.000569 0.002495 0.000859 0.000195 0.000115 0.000422 0.330980 0.000065
0.647841 0.000126 0.000131 0.000147 0.002895 0.000909 0.000180 0.000044 0.000279 0.000198 0.004047 0.000022 0.000025 0.000190 0.000772 0.000012 0.000779 0.000435 0.000036 0.006513 0.000588 0.006402 0.000006 0.000033 0.001371 0.004712 0.002072 0.000348 0.000396 0.000628 0.317718 0.000143
0.681891 0.000092 0.000058 0.000181 0.001405 0.000559 0.000118 0.000034 0.000133 0.000160 0.003817 0.000015 0.000012 0.000089 0.000660 0.000007 0.000780 0.000302 0.000017 0.003702 0.000388 0.004382 0.000006 0.000035 0.000777 0.002615 0.001269 0.000289 0.000224 0.000698 0.295180 0.000106
0.702446 0.000444 0.000179 0.000384 0.002420 0.001167 0.000399 0.000142 0.000538 0.000668 0.010639 0.000054 0.000034 0.000384 0.001527 0.000039 0.001639 0.000803 0.000060 0.007568 0.000881 0.007085 0.000023 0.000110 0.002355 0.004098 0.002460 0.000534 0.000583 0.001537 0.248530 0.000272
0.717827 0.001481 0.000768 0.000741 0.011768 0.002916 0.001313 0.000515 0.001986 0.002254 0.020952 0.000246 0.000138 0.001078 0.003348 0.000188 0.003655 0.001795 0.000257 0.011585 0.002067 0.011669 0.000127 0.000441 0.003897 0.007549 0.006475 0.001919 0.002068 0.002641 0.175584 0.000751
0.324214 0.001442 0.000170 0.000732 0.000676 0.004217 0.000430 0.000219 0.000349 0.002216 0.017118 0.000039 0.000382 0.003067 0.000599 0.000083 0.000215 0.033943 0.000695 0.019698 0.004722 0.350452 0.000021 0.000318 0.003371 0.022890 0.025180 0.000584 0.003042 0.002494 0.175308 0.001112
0.784857 0.000167 0.000060 0.000277 0.000978 0.000481 0.000257 0.000077 0.000178 0.001473 0.001771 0.000032 0.000084 0.000523 0.001585 0.000012 0.001771 0.000892 0.000089 0.006163 0.000701 0.032923 0.000025 0.000186 0.003119 0.003402 0.001081 0.000599 0.000496 0.003012 0.152366 0.000362
0.228488 0.006090 0.003213 0.030363 0.028947 0.157284 0.000817 0.000971 0.001385 0.005190 0.018446 0.000186 0.060208 0.016323 0.008605 0.000374 0.003448 0.014521 0.002512 0.024595 0.007898 0.146790 0.000332 0.002986 0.023593 0.011590 0.012046 0.003573 0.009708 0.016849 0.148744 0.003925
