chair 77 117 353 509 0.857222 0.139288
chair 570 68 680 361 0.249515 0.710598
chair 22 155 157 345 0.215411 0.783408
chair 123 80 312 215 0.215103 0.782362
chair 137 343 217 484 0.207219 0.780174
chair 267 517 273 521 0.145231 0.792508
chair 181 26 270 172 0.129806 0.802466
chair 268 520 289 526 0.123932 0.821285
table 207 170 662 512 0.971949 0.007953
picture 288 1 336 24 0.849752 0.042159
picture 430 314 467 371 0.246062 0.745650
picture 168 3 242 85 0.219718 0.422905
picture 34 8 282 165 0.179229 0.589187
picture 447 322 496 376 0.172629 0.780090
picture 472 11 631 377 0.141034 0.485953
picture 419 262 586 401 0.103377 0.869838
desk 173 161 630 526 0.485995 0.002791
pillow 377 129 420 156 0.10501 0.865591
mirror 161 1 245 92 0.10133 0.422905
fridge 404 12 677 445 0.124624 0.425021
tv 470 20 615 272 0.434658 0.385023
tv 478 0 589 11 0.219662 0.668755
tv 541 14 672 202 0.113088 0.782841
paper 406 127 487 166 0.433443 0.543979
paper 431 145 468 159 0.411038 0.573770
paper 432 125 455 138 0.291799 0.700928
paper 419 156 436 165 0.265918 0.718822
paper 411 159 422 166 0.255449 0.726929
paper 409 156 413 164 0.210803 0.767514
paper 394 133 511 243 0.203653 0.722446
paper 451 128 484 149 0.199139 0.759401
paper 439 159 442 162 0.197301 0.791456
paper 411 165 453 187 0.169701 0.785441
paper 197 469 206 479 0.164541 0.787074
paper 662 324 665 327 0.150875 0.357189
paper 414 226 460 247 0.12947 0.780926
paper 468 141 485 150 0.128097 0.797741
paper 673 255 680 264 0.121719 0.451485
paper 656 512 680 516 0.120405 0.633895
paper 667 257 673 264 0.10971 0.544269
paper 30 32 64 127 0.10712 0.462634
paper 411 155 473 213 0.105434 0.866861
towel 21 6 62 127 0.135905 0.440196
towel 168 208 176 213 0.110784 0.447335
box 402 51 657 400 0.147842 0.252010
