chair 370 301 511 449 0.603764 0.386132
sofa 507 302 680 428 0.123879 0.530417
table 135 279 420 489 0.361774 0.591257
table 396 262 656 447 0.324376 0.543189
door 615 2 634 201 0.232213 0.567505
door 0 0 159 307 0.11699 0.399328
picture 634 5 680 197 0.195692 0.572226
picture 158 369 162 372 0.105727 0.051839
counter 477 320 680 427 0.141668 0.530417
desk 369 311 678 455 0.307148 0.565891
mirror 0 0 164 323 0.10033 0.399328
fridge 213 117 388 349 0.182395 0.262346
fridge 37 0 341 530 0.12256 0.840082
tv 241 130 339 324 0.887316 0.062949
tv 230 252 341 297 0.256002 0.740088
tv 295 142 304 152 0.162664 0.702258
tv 247 255 255 270 0.152521 0.776582
tv 4 18 144 308 0.112585 0.467045
paper 491 184 502 191 0.337783 0.475777
paper 559 203 566 209 0.281299 0.339475
paper 581 503 591 515 0.262131 0.293623
paper 538 198 592 232 0.198112 0.631832
paper 549 193 558 200 0.191703 0.321696
paper 567 229 576 232 0.190789 0.754176
paper 160 511 173 527 0.181491 0.630803
paper 194 507 194 510 0.181059 0.694609
paper 158 369 161 372 0.180346 0.051839
paper 190 504 193 511 0.150362 0.744407
paper 522 515 526 530 0.143625 0.106834
paper 182 514 193 530 0.142914 0.278051
paper 660 416 664 422 0.139182 0.295450
paper 215 495 218 505 0.131696 0.805237
paper 647 414 659 422 0.130032 0.407544
paper 122 506 191 530 0.123175 0.324292
paper 660 321 680 328 0.116978 0.424178
paper 674 330 680 333 0.116624 0.420923
paper 162 528 170 530 0.114831 0.318908
paper 523 177 550 230 0.112741 0.579723
paper 495 185 512 195 0.110934 0.646226
paper 390 219 395 224 0.110497 0.775946
paper 649 420 654 422 0.109263 0.572556
paper 24 272 60 285 0.108214 0.798196
paper 477 177 484 190 0.104481 0.641697
box 478 178 528 273 0.806832 0.176836
box 462 149 503 192 0.684439 0.243711
box 462 153 480 164 0.464566 0.332459
box 514 217 520 221 0.452029 0.526078
box 488 147 503 154 0.382518 0.541101
box 489 195 498 201 0.366988 0.606006
box 512 216 520 244 0.359476 0.617111
box 481 191 494 204 0.350197 0.559502
box 514 220 520 224 0.295356 0.677075
box 480 154 483 158 0.285635 0.603808
box 476 177 484 190 0.247985 0.641697
box 475 192 477 193 0.24496 0.710038
box 494 185 512 196 0.238998 0.646226
box 418 149 498 218 0.224707 0.686275
box 523 178 550 231 0.214579 0.579723
box 581 502 592 515 0.194677 0.293623
box 512 230 514 237 0.192915 0.772727
box 490 183 502 190 0.175002 0.475777
box 522 514 526 530 0.154035 0.106834
box 411 32 515 190 0.101033 0.798743
whiteboard 384 1 625 261 0.195043 0.439044
