chair 295 326 426 530 0.350617 0.512539
chair 337 521 356 526 0.26592 0.635238
chair 427 181 643 498 0.154169 0.710779
chair 178 0 283 102 0.128183 0.708290
chair 304 521 356 530 0.10082 0.364081
table 3 274 274 530 0.107411 0.570497
desk 248 191 649 505 0.133286 0.814467
paper 632 79 680 201 0.229739 0.551743
paper 648 480 667 493 0.140768 0.658811
paper 672 228 680 240 0.120694 0.409162
paper 671 303 680 319 0.108163 0.414730
paper 647 364 656 367 0.107316 0.453719
paper 659 320 680 342 0.107224 0.424605
box 332 294 374 366 0.575023 0.407340
box 194 236 207 248 0.328953 0.669239
box 302 352 420 526 0.197485 0.459894
box 137 227 144 235 0.182627 0.738149
box 152 165 340 258 0.15798 0.772984
box 139 216 214 257 0.150799 0.841064
box 278 250 387 371 0.14949 0.843455
box 271 525 275 530 0.138628 0.573837
box 133 226 137 233 0.13016 0.827291
box 171 237 174 245 0.125763 0.850105
box 174 239 197 251 0.123789 0.875195
box 200 225 209 231 0.122463 0.870246
box 307 526 326 530 0.107743 0.293019
box 333 365 368 376 0.10592 0.890352
box 122 230 135 242 0.102219 0.820962
whiteboard 578 0 663 64 0.56616 0.195042
bag 185 3 247 46 0.105326 0.583595
garbage_bin 313 161 319 164 0.364099 0.524365
garbage_bin 303 155 336 171 0.340528 0.531274
garbage_bin 321 157 336 164 0.297121 0.584305
garbage_bin 317 155 330 160 0.155782 0.731284
garbage_bin 265 155 337 180 0.119062 0.540903
