chair 73 223 377 527 0.874087 0.102299
chair 298 184 464 499 0.150401 0.826726
sofa 14 96 354 530 0.846313 0.056259
table 384 177 675 502 0.743838 0.023362
picture 620 457 680 530 0.175687 0.679275
picture 156 522 332 530 0.140774 0.334983
counter 49 9 680 157 0.322202 0.659185
counter 0 22 197 155 0.173875 0.728012
desk 362 232 680 452 0.438893 0.258025
pillow 150 511 157 515 0.184977 0.727000
pillow 146 504 160 518 0.130972 0.712410
pillow 137 509 146 517 0.104734 0.714897
pillow 11 84 238 438 0.102785 0.370818
paper 1 480 13 495 0.150554 0.281448
paper 448 514 468 530 0.139595 0.405918
paper 1 386 79 530 0.138088 0.682235
paper 82 397 91 400 0.136822 0.687506
paper 661 434 680 442 0.135175 0.352816
paper 660 327 680 338 0.1182 0.399367
paper 386 512 447 530 0.114724 0.385797
paper 1 464 32 485 0.114077 0.132113
paper 468 462 528 530 0.113467 0.639147
paper 464 525 508 530 0.108887 0.298490
paper 442 521 459 530 0.106641 0.400476
paper 438 523 446 529 0.105465 0.607061
paper 451 521 459 525 0.104587 0.714254
paper 463 518 469 524 0.104418 0.678856
paper 384 512 398 528 0.103736 0.757333
towel 0 67 239 460 0.278316 0.370818
box 1 479 13 495 0.13834 0.281448
garbage_bin 368 420 379 432 0.241627 0.656303
garbage_bin 367 432 377 459 0.154117 0.800783
garbage_bin 351 432 366 456 0.142547 0.772369
garbage_bin 379 419 382 432 0.120848 0.801221
garbage_bin 347 406 380 432 0.119917 0.771317
garbage_bin 372 406 381 420 0.119032 0.741855
