bed 366 216 679 527 0.557156 0.196342
chair 0 60 118 277 0.352641 0.464901
chair 47 74 71 80 0.173187 0.805174
chair 557 106 661 345 0.13469 0.646329
chair 117 121 138 138 0.124644 0.870892
sofa 216 34 678 521 0.824128 0.076197
sofa 502 33 673 135 0.560671 0.433820
sofa 306 35 651 228 0.390526 0.597242
sofa 411 8 506 79 0.162509 0.482155
sofa 552 108 667 345 0.14521 0.646329
picture 505 1 507 6 0.442037 0.327194
picture 481 1 509 7 0.385614 0.412133
picture 448 1 478 4 0.258461 0.431253
picture 439 1 447 6 0.220104 0.466891
picture 507 2 592 36 0.132712 0.430308
picture 481 2 529 32 0.122676 0.571683
picture 477 1 480 10 0.116887 0.658056
picture 409 1 420 5 0.106004 0.726058
picture 465 4 473 12 0.104955 0.705799
pillow 332 65 349 73 0.258348 0.644473
pillow 332 58 379 80 0.16838 0.692767
pillow 321 82 522 197 0.143966 0.708184
pillow 500 121 547 170 0.130255 0.845294
pillow 387 72 392 82 0.116026 0.738866
pillow 368 64 375 65 0.112403 0.347511
pillow 401 75 409 81 0.10989 0.738980
clothes 507 0 553 30 0.136328 0.501913
paper 431 507 448 527 0.240511 0.367978
paper 266 403 271 408 0.194688 0.107289
paper 495 442 500 450 0.192984 0.290656
paper 273 392 283 401 0.185624 0.388948
paper 463 64 478 76 0.169196 0.593263
paper 14 305 19 311 0.164359 0.501797
paper 660 372 665 374 0.162714 0.287944
paper 439 0 447 6 0.161878 0.466891
paper 492 506 495 511 0.159824 0.679133
paper 489 500 494 504 0.157647 0.681553
paper 448 0 476 4 0.140244 0.431253
paper 421 480 494 530 0.13294 0.675479
paper 455 512 459 515 0.125608 0.724148
paper 475 503 488 514 0.123759 0.775354
paper 151 482 156 493 0.119425 0.556957
paper 487 499 500 512 0.108296 0.802019
paper 1 165 91 218 0.107034 0.541983
paper 376 57 381 70 0.107002 0.282211
paper 655 371 667 382 0.10576 0.517053
paper 489 523 490 529 0.104128 0.616303
paper 480 511 515 530 0.102775 0.401565
box 365 57 381 69 0.198015 0.338196
box 351 376 360 394 0.188793 0.565705
box 550 27 564 31 0.146341 0.516640
box 93 211 116 223 0.1351 0.685775
box 360 386 368 392 0.133194 0.807472
box 354 392 363 397 0.123571 0.825102
box 365 389 369 391 0.11649 0.838208
box 508 3 528 31 0.111646 0.479875
box 368 75 372 80 0.111358 0.479334
garbage_bin 112 207 119 212 0.162585 0.661787
garbage_bin 265 403 272 408 0.141448 0.107289
