chair 206 118 459 515 0.866254 0.066920
chair 2 215 179 511 0.786327 0.210402
chair 523 58 666 226 0.666794 0.293723
chair 610 49 676 112 0.651444 0.344468
chair 8 73 173 152 0.397211 0.548683
chair 375 56 478 411 0.261958 0.631633
chair 618 89 672 108 0.222498 0.771739
chair 357 5 634 38 0.206257 0.766244
chair 489 40 663 119 0.180408 0.611289
chair 356 0 473 66 0.168088 0.805312
chair 516 1 563 17 0.14086 0.798994
chair 623 81 678 139 0.130803 0.859444
chair 15 48 43 58 0.126007 0.824360
chair 78 60 163 101 0.122857 0.868519
chair 323 54 476 130 0.114357 0.800546
chair 607 59 650 83 0.101898 0.892790
sofa 239 3 340 41 0.115909 0.742507
table 7 114 422 530 0.995749 0.001678
table 356 46 649 295 0.958638 0.029795
table 1 80 89 152 0.316309 0.595989
table 468 42 655 129 0.192 0.611289
table 348 56 493 130 0.155969 0.729235
picture 295 7 312 15 0.330165 0.608140
picture 296 1 333 14 0.265431 0.638404
picture 247 1 333 23 0.152015 0.709703
picture 56 3 237 75 0.117441 0.495431
picture 674 34 680 42 0.115327 0.389726
desk 447 36 651 278 0.11434 0.073951
paper 274 519 276 521 0.110048 0.584073
box 118 33 135 60 0.276184 0.594199
box 135 48 140 58 0.183863 0.671463
box 227 23 241 66 0.165347 0.549913
box 161 5 236 77 0.149787 0.607342
box 46 3 100 37 0.130437 0.552404
person 3 0 53 58 0.105279 0.695419
lamp 633 12 637 16 0.138044 0.739976
garbage_bin 202 52 204 65 0.338391 0.555206
garbage_bin 227 23 240 70 0.238555 0.549913
garbage_bin 193 64 205 76 0.133868 0.814623
